frequency,power
0.007871020393665494,0.27130572127791835
0.015742040787330987,0.5932799711945252
0.02361306118099648,2.7481861982902824
0.031484081574661975,3.6485908662510047
0.03935510196832747,17.88709214116984
0.047226122361992966,4.997161005827743
0.055097142755658454,59.308457943356345
0.06296816314932395,1470.1493895828341
0.07083918354298945,141.02601120264057
0.07871020393665494,84.79064025080211
0.08658122433032044,941.010805965038
0.09445224472398593,10249.735232778736
0.10232326511765141,3104.5599346056383
0.11019428551131691,2562.662423096566
0.1180653059049824,8952.67765945772
0.1259363262986479,83383.83509030733
0.1338073466923134,1217.3846990149723
0.1416783670859789,3.615973869396791
0.14954938747964439,1999.4143459989655
0.15742040787330988,7981.996628105387
0.16529142826697538,18939.47702223719
0.17316244866064087,13559.755787308268
0.18103346905430637,19789.579998702207
0.18890448944797186,94.83645649583428
0.19677550984163733,1905.6323283229385
0.20464653023530283,5333.547627306563
0.21251755062896832,5227.855426587568
0.22038857102263382,16295.356863248091
0.2282595914162993,4105.593485548692
0.2361306118099648,317.82198756407524
0.2440016322036303,25450.548414966946
0.2518726525972958,19046.81100150064
0.2597436729909613,1610.6475628774172
0.2676146933846268,17176.726469931702
0.2754857137782923,38128.72065185897
0.2833567341719578,6117.8243697661355
0.2912277545656233,10123.217743994139
0.29909877495928877,5978.437824963212
0.30696979535295427,8179.555987534498
0.31484081574661976,28156.354232729318
0.32271183614028526,3107.322423720507
0.33058285653395075,624.0126003152121
0.33845387692761625,22025.61549847321
0.34632489732128174,48096.64457255066
0.35419591771494724,10435.814928255068
0.36206693810861273,954.5747422707107
0.36993795850227823,998.0995140940852
0.3778089788959437,10834.755677052704
0.38567999928960917,8091.973431628085
0.39355101968327466,15339.836339284753
0.40142204007694016,719.4826343080731
0.40929306047060565,12767.608464709254
0.41716408086427115,1891.8781655931537
0.42503510125793664,3950.984721358939
0.43290612165160214,44644.049755456166
0.44077714204526763,11470.332529317338
0.44864816243893313,1514.587326846624
0.4565191828325986,8878.146739151656
0.4643902032262641,8601.902496255325
0.4722612236199296,4898.345828461538
0.4801322440135951,4144.11372043518
0.4880032644072606,4125.751304832401
0.4958742848009261,2918.95864066662
0.5037453051945916,2547.3157049307024
0.5116163255882571,2553.3622740945348
0.5194873459819226,2011.7929212948336
0.5273583663755881,10020.667673615948
0.5352293867692536,23446.838147004593
0.5431004071629191,5547.564212133239
0.5509714275565846,13047.626249252771
0.5588424479502501,8691.39404272604
0.5667134683439156,2799.4365074674356
0.5745844887375811,1990.6837934533605
0.5824555091312466,6474.20510191951
0.590326529524912,2549.431551700824
0.5981975499185775,2351.1868320656567
0.606068570312243,4.9938436313736405
0.6139395907059085,23070.87176779615
0.621810611099574,542.4487284920483
0.6296816314932395,4688.870746227497
0.637552651886905,1412.0058422614804
0.6454236722805705,20999.559695932356
0.653294692674236,6746.408330350185
0.6611657130679015,327.3195687184392
0.669036733461567,3197.1484178079095
0.6769077538552325,2209.3883013618765
0.684778774248898,3379.0654285211413
0.6926497946425635,4132.582661781705
0.700520815036229,2680.5099197068234
0.7083918354298945,18000.397954177315
0.71626285582356,8252.758978300513
0.7241338762172255,6118.730362776411
0.732004896610891,491.372117669782
0.7398759170045565,182.05047785517715
0.747746937398222,2187.7061744032017
0.7556179577918875,1676.5249833184162
0.7634889781855528,313.371971240105
0.7713599985792183,313.2100452205628
0.7792310189728838,603.0419215061526
0.7871020393665493,1136.5828922980882
0.7949730597602148,204.39500792139776
0.8028440801538803,1846.7799299370172
0.8107151005475458,4144.906960027455
0.8185861209412113,202.8264031068515
0.8264571413348768,477.28383550366226
0.8343281617285423,2043.2575064409
0.8421991821222078,290.5519634970788
0.8500702025158733,1230.8167310703775
0.8579412229095388,939.0402150545547
0.8658122433032043,863.5059283574765
0.8736832636968698,8340.558395519556
0.8815542840905353,961.7168684520719
0.8894253044842008,2970.42502777372
0.8972963248778663,1626.7379337234652
0.9051673452715318,2637.0725058475346
0.9130383656651972,2783.907595245404
0.9209093860588627,749.6257905476838
0.9287804064525282,2574.0122991882013
0.9366514268461937,969.7952822054029
0.9445224472398592,890.962567865536
0.9523934676335247,478.9760062555086
0.9602644880271902,5915.393618799295
0.9681355084208557,3930.6058408190297
0.9760065288145212,12.899997234081757
0.9838775492081867,398.5221684200074
0.9917485696018522,280.71774852720546
0.9996195899955177,3197.0439170638297
1.0074906103891832,3939.4955069219445
1.0153616307828486,980.3708861850387
1.023232651176514,3285.326622893452
1.0311036715701796,1002.7565703602634
1.038974691963845,1615.2500046251262
1.0468457123575106,433.4676386007002
1.054716732751176,7449.6827684488335
1.0625877531448416,1988.3226344445038
1.070458773538507,1890.8305578702698
1.0783297939321725,405.3066444418537
1.086200814325838,14.86370368905176
1.0940718347195035,7142.506707387606
1.101942855113169,4088.995465009077
1.1098138755068345,252.1897537935221
1.1176848959005,11.84997744394945
1.1255559162941655,3288.5031135590957
1.133426936687831,3841.585118696078
1.1412979570814965,2775.0548919931066
1.149168977475162,6517.766777379759
1.1570399978688275,1623.1751584857536
1.1649110182624929,539.0873333745034
1.1727820386561585,1138.6644466396467
1.1806530590498239,2558.980215588864
1.1885240794434895,291.35062280911956
1.1963950998371549,2693.557217218686
1.2042661202308205,249.73038170713562
1.2121371406244859,864.2033935272293
1.2200081610181515,4691.245767850195
1.2278791814118168,3022.3440938772865
1.2357502018054825,1996.279126567794
1.2436212221991478,2462.1198378454887
1.2514922425928134,942.4145048605988
1.2593632629864788,1108.6971062136433
1.2672342833801444,584.9482964954673
1.2751053037738098,3132.5285414050454
1.2829763241674754,391.0468880067112
1.2908473445611408,1557.1219001651389
1.2987183649548064,10007.370393159317
1.3065893853484718,1715.7753682376665
1.3144604057421374,1765.6753314417138
1.3223314261358028,90.09184885684851
1.3302024465294684,4677.629626513811
1.3380734669231338,196.9581790509936
1.3459444873167994,739.5188021113381
1.3538155077104648,6326.8503339115305
1.3616865281041304,3845.012555301841
1.3695575484977958,998.5766004465133
1.3774285688914614,788.1870345876197
1.3852995892851268,443.1021803247306
1.3931706096787924,373.32298569387257
1.4010416300724577,9081.984358594878
1.4089126504661234,668.4595105233598
1.4167836708597887,698.032637553143
1.4246546912534543,17.904109907992773
1.4325257116471197,3231.6886088712745
1.4403967320407853,8595.32808678904
1.4482677524344507,1169.0167698654884
1.4561387728281163,2427.23309407426
1.4640097932217817,7962.27098217842
1.4718808136154473,1523.2844768940479
1.4797518340091127,1807.527757766693
1.4876228544027783,7549.081439918553
1.4954938747964437,1364.8336761771484
1.5033648951901093,2083.7151988713304
1.5112359155837747,1612.7594539138497
1.51910693597744,419.0953900602159
1.5269779563711057,378.92022732417786
1.534848976764771,8761.029903313927
1.5427199971584367,2448.969199425286
1.550591017552102,1346.82843968618
1.5584620379457677,231.91657128487557
1.566333058339433,2027.2243636839405
1.5742040787330986,2542.6543283384303
1.582075099126764,668.2917673224699
1.5899461195204296,2360.7773545088826
1.597817139914095,514.4480392125532
1.6056881603077606,1160.6581556181868
1.613559180701426,1632.7288950690597
1.6214302010950916,1689.2329456572256
1.629301221488757,2811.867894495799
1.6371722418824226,217.85210655119744
1.645043262276088,2805.0172441489576
1.6529142826697536,2269.26902699668
1.660785303063419,608.5233924330352
1.6686563234570846,2006.890161017141
1.67652734385075,3702.7362870454203
1.6843983642444156,2824.42937055843
1.692269384638081,1379.3113778314844
1.7001404050317466,1236.6301192164972
1.708011425425412,219.74074810085088
1.7158824458190776,2727.8656563220457
1.723753466212743,1177.3582304513966
1.7316244866064086,1601.4699364717812
1.739495507000074,2634.8955018449656
1.7473665273937395,3484.571410293165
1.755237547787405,7904.895348790658
1.7631085681810705,665.4258068888847
1.770979588574736,749.1399121794622
1.7788506089684015,804.8415799085419
1.786721629362067,165.51726527922904
1.7945926497557325,1440.98780838513
1.802463670149398,1017.8909457946851
1.8103346905430635,2816.513968286442
1.818205710936729,636.6046557490342
1.8260767313303945,169.47491515217357
1.8339477517240599,331.09434011415243
1.8418187721177255,255.02788438605356
1.8496897925113909,1805.0694417595894
1.8575608129050565,919.6705156778767
1.8654318332987219,421.8507674856975
1.8733028536923875,1411.2034819364992
1.8811738740860529,9260.562511190787
1.8890448944797185,2426.074251239544
1.8969159148733838,1397.254728162366
1.9047869352670495,220.8631780349298
1.9126579556607148,1556.6924891232825
1.9205289760543804,740.8302669957039
1.9283999964480458,1316.312037743427
1.9362710168417114,1464.4368860842615
1.9441420372353768,1982.8558180994676
1.9520130576290424,563.1531693859052
1.9598840780227078,1121.2529938825971
1.9677550984163734,163.68948469849036
1.9756261188100388,1475.6332650869804
1.9834971392037044,11.999885350011319
1.9913681595973698,982.5139726523786
1.9992391799910354,469.80892467810855
2.007110200384701,663.2744509657208
2.0149812207783664,943.2705929729659
2.022852241172032,4855.740119288129
2.0307232615656976,627.7547048875834
2.0385942819593628,853.876608478167
2.0464653023530284,1638.221244857709
2.054336322746694,912.0223537263478
2.0622073431403596,3218.127582081558
2.0700783635340247,369.5349291194928
2.0779493839276904,906.7020891093202
2.085820404321356,3107.6510550581725
2.0936914247150216,1454.3580080967508
2.1015624451086867,1344.9549765633142
2.1094334655023523,493.4509563244491
2.117304485896018,75.78627487886382
2.1251755062896835,14.47370739740621
2.1330465266833487,644.9111040096752
2.1409175470770143,626.8817846851017
2.14878856747068,2172.914983054705
2.1566595878643455,1893.9786602929705
2.1645306082580107,762.3519074133582
2.1724016286516763,156.5505920064713
2.180272649045342,1328.1891143162466
2.1881436694390075,95.11168499327901
2.1960146898326727,1580.225280864223
2.2038857102263383,1144.1373574388606
2.211756730620004,342.58483747144203
2.2196277510136695,115.40276262121105
2.2274987714073347,825.6624000552307
2.2353697918010003,751.4003482235829
2.243240812194666,713.7076245761612
2.2511118325883315,2101.3495197072134
2.2589828529819966,158.7206630608227
2.2668538733756622,601.9127410133566
2.274724893769328,985.3184376180561
2.2825959141629935,4200.534972411853
2.2904669345566586,579.5293526640745
2.2983379549503242,1370.2641833337975
2.30620897534399,661.353615844054
2.3140799957376554,41.19408665774805
2.3219510161313206,245.05347719063903
2.329822036524986,10.492343355555848
2.337693056918652,686.6219602044414
2.3455640773123174,1719.356385601047
2.3534350977059826,3232.6134932966124
2.361306118099648,999.5190268750847
2.369177138493314,96.58505354908041
2.3770481588869794,3481.3897849267346
2.3849191792806446,146.7026556046542
2.39279019967431,118.4644094768192
2.4006612200679758,1580.469635173044
2.4085322404616414,2983.190113458822
2.4164032608553065,4002.3723246143863
2.424274281248972,533.659674946313
2.4321453016426378,1000.826451689617
2.4400163220363034,287.73646188621296
2.4478873424299685,5491.298545995414
2.455758362823634,815.8777032048545
2.4636293832172997,2869.928432235016
2.4715004036109653,734.7018152074315
2.4793714240046305,218.0457938037096
2.487242444398296,1161.9104604710787
2.4951134647919617,2465.4277224253747
2.5029844851856273,295.40674949242174
2.5108555055792925,955.3348017004689
2.518726525972958,989.3437773231555
2.5265975463666237,2129.6744723800057
2.534468566760289,1329.5094825523124
2.5423395871539545,292.79614350671824
2.55021060754762,264.329345648181
2.5580816279412857,455.87224931685967
2.565952648334951,2857.3261373563673
2.5738236687286165,6879.103417838161
2.581694689122282,6928.295547366351
2.5895657095159477,758.6665125404558
2.597436729909613,673.4841532877008
2.6053077503032784,534.9107847395154
2.613178770696944,2817.5927071128713
2.6210497910906096,2251.657202805103
2.628920811484275,1287.0777126351995
2.6367918318779404,320.7877573851389
2.644662852271606,184.23018443376202
2.6525338726652716,335.45786710684143
2.660404893058937,1722.5735121658952
2.6682759134526024,338.2188852456924
2.676146933846268,4244.693094834016
2.6840179542399336,1271.8828676706114
2.6918889746335988,397.7429757514986
2.6997599950272644,1882.9028245100978
2.70763101542093,292.2959637166596
2.7155020358145956,32.97181765479322
2.7233730562082608,685.1071385649566
2.7312440766019264,809.4350581665907
2.739115096995592,879.8914924412127
2.7469861173892576,2916.3312467812298
2.7548571377829227,281.99295180763045
2.7627281581765883,356.7015832715121
2.770599178570254,49.6479208856026
2.7784701989639196,1246.6640991394095
2.7863412193575847,2060.7985952965
2.7942122397512503,884.4947685896261
2.802083260144916,2081.7673771354353
2.8099542805385815,779.4445712607717
2.8178253009322467,1215.2662478941102
2.8256963213259123,109.7264160904898
2.833567341719578,30.849624728655574
2.8414383621132435,1083.4821096078272
2.8493093825069087,265.8054046020086
2.8571804029005743,472.5519821836118
2.86505142329424,322.3593220369872
2.8729224436879055,1354.8675283798407
2.8807934640815707,132.92019125074776
2.8886644844752363,520.9605837161803
2.896535504868902,593.0102982771203
2.9044065252625675,607.7161753416938
2.9122775456562326,1618.6989700669503
2.9201485660498983,1848.6097206877926
2.928019586443564,659.6092072264746
2.9358906068372295,1280.5052504723326
2.9437616272308946,1075.7372254803015
2.9516326476245602,602.5021263255612
2.959503668018226,202.86364075614665
2.9673746884118914,814.2013245793755
2.9752457088055566,2089.226285079472
2.983116729199222,334.2792448750747
2.990987749592888,3654.270831129859
2.9988587699865534,133.93426416036115
3.0067297903802186,3318.3355318318986
3.014600810773884,3409.7458571416796
3.02247183116755,1768.1116732448613
3.030342851561215,699.3284263920272
3.0382138719548806,597.7724295458222
3.046084892348546,2871.6457373295198
3.053955912742212,127.55464852916019
3.061826933135877,2623.043437646938
3.0696979535295426,455.5136746109793
3.077568973923208,1298.63316872248
3.0854399943168738,1114.6491431627492
3.093311014710539,1299.99387780636
3.1011820351042045,52.77349959493075
3.10905305549787,1798.1908903048504
3.1169240758915358,315.89190254606615
3.124795096285201,1758.2099374661357
3.1326661166788665,1068.1463590375631
3.140537137072532,1235.4395173602716
3.1484081574661977,40.174327463097185
3.156279177859863,622.9933223802341
3.1641501982535285,3206.1515881014807
3.172021218647194,1406.8811862266614
3.1798922390408597,1520.4542332520202
3.187763259434525,378.8825184035076
3.1956342798281905,1821.5686654324757
3.203505300221856,2265.277959973735
3.2113763206155217,1966.6363718613936
3.219247341009187,1921.374449792182
3.2271183614028525,602.5611271188468
3.234989381796518,3116.4508534056663
3.2428604021901837,1558.8598991154824
3.250731422583849,1387.140890406227
3.2586024429775144,1468.0685050980037
3.26647346337118,511.2714877150476
3.2743444837648457,1325.3435858181706
3.282215504158511,2831.4040307652976
3.2900865245521764,1935.7438782709487
3.297957544945842,2809.0107688583876
3.3058285653395076,902.6266634280486
3.313699585733173,561.5099322917633
3.3215706061268384,440.71912277884405
3.329441626520504,1667.1073043829301
3.3373126469141696,744.3090256683791
3.345183667307835,2476.840420139009
3.3530546877015004,139.87658925211642
3.360925708095166,2190.03525900892
3.3687967284888316,680.0305695328484
3.3766677488824968,1.0714690286280433
3.3845387692761624,2953.4429906526148
3.392409789669828,1800.734409588135
3.4002808100634936,206.16431153027423
3.4081518304571587,1768.8661988726587
3.4160228508508244,4254.050167133065
3.42389387124449,215.98083927256013
3.4317648916381556,748.7563696176468
3.4396359120318207,650.4778416890279
3.4475069324254863,146.03234612772957
3.455377952819152,1719.9990052597973
3.4632489732128175,1551.7197452178343
3.4711199936064827,1891.6046132746496
3.4789910140001483,38.230549285797316
3.486862034393814,195.9054383405576
3.4947330547874795,2079.351478120991
3.5026040751811447,307.1914996932868
3.5104750955748103,1204.891815072997
3.518346115968476,5383.781974108207
3.5262171363621415,1106.9348083976288
3.5340881567558067,1727.6678118332027
3.5419591771494723,17.728691148823224
3.549830197543138,423.03912802788597
3.557701217936803,477.29793167564475
3.5655722383304687,909.6042187338413
3.5734432587241343,281.54685233773836
3.5813142791178,834.8886370724289
3.589185299511465,456.50375066424647
3.5970563199051306,869.8280351238596
3.6049273402987962,2446.5909524273175
3.612798360692462,3236.8990787656285
3.620669381086127,969.9826020539894
3.6285404014797926,819.8806410977611
3.6364114218734582,1672.1496330319753
3.644282442267124,1215.9738001426829
3.652153462660789,1668.6123128445734
3.6600244830544546,1582.2807125741679
3.66789550344812,4100.818796803215
3.675766523841786,1213.5951539022033
3.683637544235451,1464.9717116332088
3.6915085646291166,2394.02448739034
3.699379585022782,846.7906942738556
3.707250605416448,194.02935171465433
3.715121625810113,285.4059487662902
3.7229926462037786,997.4973722295956
3.730863666597444,120.76493048740133
3.73873468699111,480.09355386806834
3.746605707384775,48.65566844747828
3.7544767277784405,468.28647356490274
3.762347748172106,5447.791703949969
3.7702187685657718,726.1949699768697
3.778089788959437,1371.2190595424295
3.7859608093531025,2644.4675290476266
3.793831829746768,3613.5591934211384
3.8017028501404337,220.25426230738765
3.809573870534099,3138.3474165666935
3.8174448909277645,1628.515660630395
3.82531591132143,4054.5183559183624
3.8331869317150957,581.955889861577
3.841057952108761,3477.5884428127165
3.8489289725024265,1455.438407189081
3.856799992896092,3242.3827120356295
3.8646710132897577,3524.584529068269
3.872542033683423,848.9644160431029
3.8804130540770885,4289.55490095192
3.888284074470754,180.35050158364123
3.8961550948644197,1186.705911990758
3.904026115258085,1.2207812254005828
3.9118971356517505,522.911994022539
3.919768156045416,1223.034243363115
3.9276391764390817,2856.7694361285157
3.935510196832747,1073.9222034650643
3.9433812172264124,1036.229750389948
3.951252237620078,34.53484744306268
3.9591232580137437,790.3488192640667
3.966994278407409,40.20892943320434
3.9748652988010744,1909.514884616087
3.98273631919474,4.953599026181629
3.9906073395884056,556.4253859097744
3.998478359982071,1011.5437421729217
4.006349380375736,809.5376158396931
4.014220400769402,592.6290866500549
4.022091421163067,2458.505822067944
4.029962441556733,918.9765608561194
4.037833461950398,245.14848578758802
4.045704482344063,1685.7948638969426
4.053575502737729,2762.872377405896
4.061446523131394,175.7010054840873
4.0693175435250595,1206.644092818754
4.0771885639187255,1441.385882118816
4.085059584312391,937.759101687801
4.092930604706057,2594.6084029458884
4.100801625099722,2384.6358202785855
4.108672645493387,889.5206410249856
4.116543665887053,334.4533790077148
4.124414686280718,184.67273360465796
4.132285706674383,668.7987674691192
4.1401567270680495,49.43351917140079
4.148027747461715,759.9333327866053
4.155898767855381,1566.1170533675838
4.163769788249046,2410.2398244519773
4.171640808642711,1941.9063120294672
4.179511829036377,449.38416027879083
4.187382849430042,956.394422077558
4.195253869823707,2968.6827662922337
4.2031248902173735,403.54158900024146
4.210995910611039,4867.483650506839
4.218866931004705,297.26087277332215
4.22673795139837,1046.8303972223307
4.234608971792035,848.5398936535053
4.242479992185701,175.8438521131543
4.250351012579366,957.9445920985222
4.258222032973031,1559.6069785695208
4.266093053366697,284.03828685911174
4.273964073760363,1480.5290695482051
4.281835094154029,1380.188079779142
4.289706114547694,192.06267753908367
4.297577134941359,410.7126323255521
4.305448155335025,2493.8694776644097
4.31331917572869,578.446979424987
4.321190196122355,257.8801064764408
4.329061216516021,387.9752720424906
4.3369322369096865,347.87300850942813
4.344803257303353,2200.745216050975
4.352674277697018,2508.0471137716663
4.360545298090683,774.6935662771688
4.368416318484349,468.01252922899926
4.376287338878014,435.92836486361216
4.384158359271679,1563.8771886617003
4.392029379665345,1105.517778785819
4.3999004000590105,1077.2380139666232
4.407771420452677,1793.2814797355577
4.415642440846342,2044.1168678475626
4.423513461240007,1020.9012191493819
4.431384481633673,379.4879356485653
4.439255502027338,1316.070824642041
4.447126522421003,22.700821396138913
4.454997542814669,603.4363095270837
4.4628685632083345,462.7759803574439
4.4707395836020005,5452.474162221893
4.478610603995666,520.4784973540608
4.486481624389331,496.3610612460989
4.494352644782997,773.0085679444464
4.502223665176662,112.54793110400426
4.510094685570327,880.8509705120757
4.517965705963993,314.2514029372978
4.525836726357658,1092.312456165089
4.5337077467513245,807.0640347633845
4.54157876714499,90.07337982007465
4.549449787538655,8.987396287025769
4.557320807932321,82.3009851792548
4.565191828325986,91.10252597013742
4.573062848719651,1594.418983737957
4.580933869113317,620.703767798548
4.588804889506982,1709.4411146709012
4.596675909900648,641.1273206877333
4.604546930294314,1066.0098505331473
4.612417950687979,514.5198589603036
4.620288971081645,187.76384644723285
4.62815999147531,382.8874228052033
4.636031011868975,580.2754640539813
4.643902032262641,1276.0794459839149
4.651773052656306,1634.5900035526818
4.6596440730499715,117.347961801546
4.667515093443638,216.5540656023585
4.675386113837303,850.1690050665068
4.683257134230969,4516.438206200869
4.691128154624634,131.6337641479738
4.698999175018299,40.42713608084762
4.706870195411965,153.6666974702051
4.71474121580563,1390.8894443139518
4.7226122361992955,830.0755578904602
4.7304832565929615,236.78088229926522
4.738354276986627,249.75400236643327
4.746225297380293,1166.4509985314767
4.754096317773958,1353.1966454742872
4.761967338167623,470.63665125252595
4.769838358561289,1228.3158423491066
4.777709378954954,949.3838988843773
4.7855803993486195,872.0295327767187
4.7934514197422855,2057.3006839072164
4.801322440135951,1342.5426093416236
4.809193460529617,473.9036980265392
4.817064480923282,164.17823713622687
4.824935501316947,940.754155257462
4.832806521710613,72.9357951071689
4.840677542104278,340.2477351986956
4.848548562497943,470.43941585763974
4.8564195828916095,32.84225944114381
4.864290603285275,358.02600083381225
4.872161623678941,137.2492990773789
4.880032644072606,141.47559613219335
4.887903664466271,330.8511397535413
4.895774684859937,146.85615651518643
4.903645705253602,59.862788039434
4.911516725647267,526.1736241464116
4.919387746040933,163.54782856397307
4.927258766434599,1382.9804394222092
4.935129786828265,553.4128908195717
4.94300080722193,549.8940776010442
4.950871827615595,2122.7431228675405
4.958742848009261,223.16460193589688
4.966613868402926,242.67877637163642
4.974484888796591,12.146633357592208
4.982355909190257,671.9035266771895
4.9902269295839226,528.4587067687927
4.998097949977589,105.43831125936036
5.005968970371254,62.89045882936075
5.013839990764919,1943.4634488735342
5.021711011158585,458.00926981823187
5.02958203155225,2146.7758975623633
5.037453051945915,261.1496701793496
5.045324072339581,883.3599127137712
5.0531950927332465,2860.0840328242384
5.061066113126912,2522.123112726936
5.068937133520578,2271.1340905865736
5.076808153914243,2042.7034015024162
5.084679174307909,959.4119296883076
5.092550194701574,986.6492418563412
5.100421215095239,610.625503196993
5.108292235488905,586.38807386247
5.1161632558825705,2393.2341968741025
5.124034276276236,1622.2053913103935
5.131905296669902,2613.038944588622
5.139776317063567,1563.8110633917765
5.147647337457233,249.81144034312845
5.155518357850898,708.0489116949158
5.163389378244563,185.77746137857173
5.171260398638229,224.80648364880506
5.1791314190318944,358.9312907785722
5.18700243942556,1905.2103538043145
5.194873459819226,1132.8682154933797
5.202744480212891,219.00229864879987
5.210615500606557,518.1319777559031
5.218486521000222,373.88526156612625
5.226357541393887,242.80453796493865
5.234228561787553,1067.9729545046907
5.242099582181218,812.0351648841302
5.249970602574884,374.30005333672483
5.25784162296855,505.4298762572955
5.265712643362215,172.18462064753572
5.273583663755881,3243.3170438699744
5.281454684149546,1690.6760724014953
5.289325704543211,226.65789754515765
5.297196724936877,3869.0104461762903
5.305067745330542,383.0727157336122
5.3129387657242075,225.2252790803743
5.320809786117874,939.1893758128804
5.328680806511539,1701.8384523781413
5.336551826905205,198.71188624748422
5.34442284729887,63.19518646956612
5.352293867692535,413.6491422171979
5.360164888086201,60.969867326006494
5.368035908479866,1127.1004898267608
5.3759069288735315,474.78046730172963
5.3837779492671975,82.32945077056725
5.391648969660863,1089.2120910606282
5.399519990054529,751.2485944793021
5.407391010448194,329.4879839897824
5.415262030841859,1349.7862534164176
5.423133051235525,1584.5941948900513
5.43100407162919,169.40294520330698
5.4388750920228555,763.3732016048594
5.4467461124165215,923.9578007193153
5.454617132810187,1627.1930343873832
5.462488153203853,355.3999508507771
5.470359173597518,173.69899202903457
5.478230193991183,740.1497258670511
5.486101214384849,370.47865788111216
5.493972234778514,614.4692051368627
5.501843255172179,301.9368523642811
5.5097142755658455,705.4764756503266
5.517585295959511,3049.1291681854177
5.525456316353177,272.2394497156145
5.533327336746842,60.67434622986438
5.541198357140507,976.2387102579439
5.549069377534173,459.2410170526938
5.556940397927838,561.6707045892741
5.564811418321503,55.45447083892983
5.572682438715169,108.6927324062199
5.580553459108835,504.993019731501
5.5884244795025,272.68266314705687
5.596295499896166,1281.555984412865
5.604166520289831,432.1868372369675
5.612037540683497,1330.6026753146418
5.619908561077162,255.07074071965945
5.627779581470827,867.6511261655498
5.635650601864493,3043.3350535868453
5.643521622258159,2041.9524412874318
5.651392642651824,1875.777106994743
5.65926366304549,2574.911086347556
5.667134683439155,407.5318598494138
5.675005703832821,935.6417436844823
5.682876724226486,994.5421700492764
5.690747744620151,1078.1994266081906
5.698618765013817,1105.405770932317
5.7064897854074825,694.7153874832796
5.714360805801148,1233.7321409381263
5.722231826194814,215.71722588303686
5.730102846588479,146.49692679396233
5.737973866982145,161.16272959014776
5.74584488737581,1514.3279404917425
5.753715907769475,379.9744155578273
5.761586928163141,466.96496622779364
5.7694579485568065,2247.036076008252
5.777328968950472,194.93184417489962
5.785199989344138,771.213881633151
5.793071009737803,174.5630045926012
5.800942030131469,1497.7670969076185
5.808813050525134,745.223680604221
5.816684070918799,1250.779521126051
5.824555091312465,156.2613442974164
5.8324261117061305,64.4890399845831
5.840297132099796,1183.579294539935
5.848168152493462,37.15713372587808
5.856039172887127,819.39879636124
5.863910193280793,117.31978325056781
5.871781213674458,1327.830814307938
5.879652234068123,350.80653170490444
5.887523254461789,1003.5062970228661
5.895394274855454,85.92805018412966
5.90326529524912,1251.8806994439863
5.911136315642786,504.2931941790548
5.919007336036451,104.38406880959224
5.926878356430117,19.001352744704253
5.934749376823782,185.83465864550124
5.942620397217447,3747.353263642051
5.950491417611113,156.87156638360614
5.958362438004778,210.99071068057347
5.9662334583984435,992.4162948203239
5.97410447879211,781.015273686255
5.981975499185775,145.58015821901583
5.989846519579441,1108.0075410638735
5.997717539973106,903.1998323951061
6.005588560366771,627.6114825243309
6.013459580760437,972.696454975185
6.021330601154102,43.892324549858564
6.0292016215477675,294.0537381173802
6.037072641941434,112.45270609491466
6.044943662335099,556.9057564419682
6.052814682728764,484.92814148324203
6.06068570312243,3578.228113461208
6.068556723516095,195.45006348862637
6.076427743909761,408.166327898908
6.084298764303426,238.4860440241855
6.0921697846970915,10.472764705574882
6.1000408050907575,234.2762612347991
6.107911825484423,2675.2637190018486
6.115782845878088,1214.822386290442
6.123653866271754,691.0168799205035
6.131524886665419,595.190896403331
6.139395907059085,263.39016114096705
6.14726692745275,262.05467000189367
6.155137947846415,70.65000554711146
6.1630089682400815,1045.8719809175548
6.170879988633747,1214.5107327555197
6.178751009027412,3.8320551119843675
6.186622029421078,331.39859810857683
6.194493049814743,54.71113910094999
6.202364070208409,753.529918872585
6.210235090602074,839.2807670995037
6.218106110995739,56.117221070417614
6.2259771313894055,808.3732291252957
6.233848151783071,404.39226943588415
6.241719172176736,1817.9052453885986
6.249590192570402,133.4201594406644
6.257461212964067,185.6873633956752
6.265332233357733,385.8529446552297
6.273203253751398,1451.5520009178613
6.281074274145063,1188.361506289925
6.288945294538729,1075.019229416997
6.296816314932395,88.02391598131597
6.30468733532606,300.9265739987335
6.312558355719726,1965.1735919875834
6.320429376113391,1471.942637744734
6.328300396507057,2475.4162888766473
6.336171416900722,624.3517732786011
6.344042437294387,1732.9863237097852
6.351913457688053,215.03997707537405
6.3597844780817185,518.5990308049846
6.367655498475384,1539.706454201604
6.37552651886905,1737.0640919475643
6.383397539262715,3702.7463413087057
6.391268559656381,1815.0662113879641
6.399139580050046,2164.2772349478537
6.407010600443711,589.8444942578251
6.414881620837377,1433.1838199017266
6.4227526412310425,1190.8068992591907
6.430623661624708,1562.6034084181126
6.438494682018374,1097.8190859190418
6.446365702412039,794.6825096217667
6.454236722805705,175.0163059651809
6.46210774319937,567.7668669867863
6.469978763593035,690.6821769248693
6.477849783986701,300.38759998549517
6.4857208043803665,206.42778696060927
6.493591824774032,64.28609853781019
6.501462845167698,131.99236164044393
6.509333865561363,523.63580762522
6.517204885955029,51.62176372419974
6.525075906348694,1430.1778382241023
6.532946926742359,229.25685232492987
6.540817947136025,1161.6985767241342
6.54868896752969,103.91814914534743
6.556559987923356,0.7444593762427772
6.564431008317022,197.537083688716
6.572302028710687,180.71240954671788
6.580173049104352,456.10627990879885
6.588044069498018,116.54752551008798
6.595915089891683,284.7848486440042
6.603786110285349,9.621447247408387
6.611657130679014,357.35836776039787
6.61952815107268,4.818825400562297
6.627399171466346,484.82635158607405
6.635270191860011,927.9387142108006
6.643141212253676,1026.7686637717857
6.651012232647342,1212.5565818946957
6.658883253041007,142.036458946983
6.666754273434673,380.1551309021194
6.674625293828338,2002.6093277527357
6.6824963142220035,520.446287679043
6.69036733461567,4345.046762793891
6.698238355009335,1910.609996625992
6.706109375403,326.2322455078554
6.713980395796666,1059.7313124193279
6.721851416190331,2225.306510009537
6.729722436583997,1090.7969520329298
6.737593456977662,2826.985862100126
6.7454644773713275,271.43263935727515
6.7533354977649935,443.1341457531126
6.761206518158659,101.89840408111667
6.769077538552324,969.2825494196555
6.77694855894599,206.2428294811287
6.784819579339655,1476.482354240828
6.792690599733321,544.4294999548448
6.800561620126986,23.67952106601437
6.8084326405206514,2777.519280727433
6.8163036609143175,265.3541184344111
6.824174681307983,65.95326646286128
6.832045701701648,379.27867758866694
6.839916722095314,1086.7779383348363
6.847787742488979,97.69066768270521
6.855658762882645,300.3615987608785
6.86352978327631,996.4829464223825
6.871400803669975,429.54273082442927
6.8792718240636415,308.6312343823375
6.887142844457307,215.53245077519145
6.895013864850972,443.8338414869034
6.902884885244638,2000.121504464245
6.910755905638303,853.6828593490724
6.918626926031969,599.8520205162736
6.926497946425634,706.3985388507949
6.934368966819299,487.5470085072378
6.942239987212965,2460.627535950754
6.950111007606631,339.88466218756537
6.957982028000296,176.2196858904753
6.965853048393962,138.3454479790779
6.973724068787627,82.06710180883005
6.981595089181293,145.02881599900923
6.989466109574958,240.95614974338685
6.997337129968623,1240.2792861049206
7.005208150362289,242.84832888106985
7.0130791707559546,123.11769115616582
7.02095019114962,956.7025440748203
7.028821211543286,600.1464897043606
7.036692231936951,195.497243303797
7.044563252330617,222.58244508547008
7.052434272724282,698.5597198050664
7.060305293117947,1190.2475862835736
7.068176313511613,272.0413464572493
7.0760473339052785,595.4688029935754
7.083918354298944,758.4373061721607
7.09178937469261,860.8038914205239
7.099660395086275,56.34316085863286
7.10753141547994,789.0734199476874
7.115402435873606,2638.3980488863563
7.123273456267271,2313.687248668336
7.131144476660937,1009.5178067553234
7.1390154970546025,193.71831590187188
7.146886517448268,541.3552340445361
7.154757537841934,464.9160639100702
7.162628558235599,214.0851767487227
7.170499578629264,907.1473592854803
7.17837059902293,159.65714665609642
7.186241619416595,305.7727316901674
7.194112639810261,429.9323631154499
7.201983660203926,450.22616856406466
7.209854680597592,844.528807746994
7.217725700991258,72.92062642591841
7.225596721384923,279.0845480193286
7.233467741778588,100.57845849318075
7.241338762172254,2066.865496033275
7.249209782565919,4880.40739925698
7.257080802959585,368.57933136570085
7.26495182335325,278.06889820371356
7.272822843746916,400.2405858341018
7.280693864140582,219.84220163213044
7.288564884534247,822.5378461179264
7.296435904927912,1477.5493566764687
7.304306925321578,942.5239363263255
7.312177945715243,376.81237089176534
7.320048966108909,187.2349621348216
7.327919986502574,1789.5964301863924
7.3357910068962395,204.98293674728268
7.343662027289906,538.4953623770944
7.351533047683571,860.386462361002
7.359404068077236,1780.2775299850186
7.367275088470902,762.7894210142117
7.375146108864567,575.9406750642489
7.383017129258233,1217.3043684385868
7.390888149651898,508.82063190864704
7.3987591700455635,747.4767259049452
7.4066301904392295,628.0836513294015
7.414501210832895,1130.79088769818
7.42237223122656,311.6323748601133
7.430243251620226,403.02709637775007
7.438114272013891,114.59003246760149
7.445985292407557,205.16281132416455
7.453856312801222,938.3260272984706
7.4617273331948875,177.9924948567483
7.4695983535885535,708.2409390751689
7.477469373982219,1428.5821486074358
7.485340394375884,565.9563696057068
7.49321141476955,1728.599403800297
7.501082435163215,2319.046151599525
7.508953455556881,340.6895118387163
7.516824475950546,1267.4513170088892
7.524695496344211,2778.3194706132645
7.5325665167378775,222.47618732076862
7.540437537131543,173.38984076942413
7.548308557525208,480.65336599687924
7.556179577918874,838.9445788628701
7.564050598312539,126.18237111009483
7.571921618706204,2142.3897404794493
7.57979263909987,111.4992478281732
7.587663659493535,72.29807814956526
7.595534679887201,104.50423502512267
7.603405700280867,681.9144130071714
7.611276720674532,1662.1302238845092
7.619147741068198,127.27491192108239
7.627018761461863,343.2546061264485
7.634889781855528,69.65767014376281
7.642760802249194,1128.1223171164897
7.650631822642859,1342.4376089816508
7.658502843036525,489.81273993624666
7.666373863430191,157.35883558198805
7.674244883823856,5.945534145648038
7.682115904217522,265.317756084037
7.689986924611187,959.7595456439093
7.697857945004852,3.205767992978983
7.705728965398518,55.20029702397501
7.713599985792183,470.1755604355724
7.721471006185849,1491.6166542739559
7.7293420265795145,999.5404158801031
7.73721304697318,173.2209800534855
7.745084067366846,1022.053139831809
7.752955087760511,806.8370972621639
7.760826108154176,760.7383600556147
7.768697128547842,1985.5060420366965
7.776568148941507,536.0343963954089
7.784439169335173,772.5404922897263
7.7923101897288385,233.69831033517406
7.800181210122504,176.00820728140476
7.80805223051617,3231.2623243785783
7.815923250909835,166.02561143418552
7.8237942713035,262.0967941203161
7.831665291697166,1781.0473957410643
7.839536312090831,61.4325352827929
7.847407332484497,1481.7697987263077
7.8552783528781625,907.3595293653873
7.863149373271828,3934.1384674115425
7.871020393665494,1496.7060504858514
7.878891414059159,147.66905103598043
7.886762434452824,70.48763658238624
7.89463345484649,1353.1829086897276
7.902504475240155,670.3575820238955
7.910375495633821,188.9540044067155
7.918246516027486,226.73748648199503
7.926117536421152,70.72245301158381
7.933988556814818,626.658107633982
7.941859577208483,257.30206187114663
7.949730597602148,34.400684597981126
7.957601617995814,1105.0948118088252
7.965472638389479,1069.0834155665532
7.973343658783145,1175.9716315536352
7.98121467917681,786.9936645443619
7.9890856995704755,119.50057913158058
7.996956719964142,496.50497236237015
8.004827740357808,1021.3616760924709
8.012698760751473,819.4884961977244
8.020569781145138,1002.9400387556726
8.028440801538803,91.98131507114238
8.036311821932468,12.39101263263935
8.044182842326133,136.02022737294757
8.0520538627198,331.4685524306141
8.059924883113466,231.67765816215052
8.06779590350713,315.17097045518085
8.075666923900796,11.747005295789217
8.083537944294461,56.74185942153837
8.091408964688128,428.2770104547912
8.099279985081793,866.7154986009177
8.107151005475458,380.72429013451546
8.115022025869123,707.4710224076289
8.122893046262789,740.3250869732808
8.130764066656454,2385.406303819696
8.13863508705012,248.21272490495645
8.146506107443786,95.94527685390597
8.154377127837451,634.0540293852362
8.162248148231116,100.45140920383795
8.170119168624781,109.57881064847383
8.177990189018448,340.1911785666306
8.185861209412113,323.4195154054417
8.193732229805779,650.3817657731714
8.201603250199444,75.44855855878673
8.209474270593109,197.70153901308157
8.217345290986776,627.7486120891609
8.225216311380441,412.1359106137406
8.233087331774106,455.96521173909014
8.240958352167771,104.18954378652741
8.248829372561437,697.7855152144208
8.256700392955102,685.0013625291539
8.264571413348769,74.66273862985412
8.272442433742434,449.4352027074756
8.280313454136099,551.8353014631942
8.288184474529764,1060.5799292512866
8.29605549492343,54.90600716039131
8.303926515317096,62.76675651805032
8.311797535710761,776.1185977011855
8.319668556104427,48.2775549017587
8.327539576498092,214.5470567414594
8.335410596891757,245.01638879660547
8.343281617285424,935.1212983066187
8.351152637679089,1647.7353519125813
8.359023658072754,155.3270544138365
8.36689467846642,431.17355824712627
8.374765698860084,1228.7811008548201
8.38263671925375,12.679475436669481
8.390507739647417,53.149844122499324
8.398378760041082,74.265199050845
8.406249780434747,3194.631045761277
8.414120800828412,194.69166783015135
8.421991821222077,307.85065024447965
8.429862841615744,129.47418907721288
8.43773386200941,245.56597527830266
8.445604882403074,1621.3630048006232
8.45347590279674,34.545070159080744
8.461346923190405,1184.5146882304825
8.469217943584072,117.83194742761856
8.477088963977737,296.6983405285057
8.484959984371402,415.00886976474123
8.492831004765067,779.8290825819432
8.500702025158732,154.04353605997582
8.508573045552398,1467.986118515675
8.516444065946065,791.4904994612556
8.52431508633973,665.2711317049683
8.532186106733395,1063.5242970472516
8.54005712712706,433.0854694199103
8.547928147520725,325.0106278659382
8.555799167914392,518.245889512403
8.563670188308057,1319.837653230724
8.571541208701722,1289.5145874353295
8.579412229095388,1312.3473436115903
8.587283249489053,15.007618776764236
8.595154269882718,348.02394051542376
8.603025290276385,2112.260347747108
8.61089631067005,140.51824081502275
8.618767331063715,698.4358032281234
8.62663835145738,161.97070664260988
8.634509371851046,1583.2001292892908
8.642380392244712,358.7598993145712
8.650251412638378,333.57610855039553
8.658122433032043,110.97950030330799
8.665993453425708,263.40536820421977
8.673864473819373,475.8452896826691
8.68173549421304,20.453496237080003
8.689606514606705,741.9710301605991
8.69747753500037,469.23002055551075
8.705348555394036,1806.7793941290404
8.7132195757877,310.6101541023171
8.721090596181366,378.49585175695125
8.728961616575033,60.29321808155005
8.736832636968698,289.1111119949671
8.744703657362363,485.9171322534196
8.752574677756028,790.3505387086906
8.760445698149693,130.54432689141768
8.76831671854336,124.51069273774235
8.776187738937026,1665.9691225088195
8.78405875933069,1587.591440795336
8.791929779724356,216.3974684052236
8.799800800118021,412.91609895615125
8.807671820511688,553.1782568821411
8.815542840905353,298.78549413309537
8.823413861299018,707.6017459228938
8.831284881692683,1704.8503966620297
8.839155902086349,2131.0812214596795
8.847026922480014,841.0654753339277
8.85489794287368,1207.0697490234163
8.862768963267346,150.20305790868508
8.870639983661011,66.5621024465105
8.878511004054676,543.9068263202631
8.886382024448341,164.91519927256775
8.894253044842008,1894.032197218876
8.902124065235673,598.9737831980726
8.909995085629339,895.0481161685838
8.917866106023004,1684.4073766936253
8.925737126416669,2289.5671403947013
8.933608146810336,147.24216276554185
8.941479167204001,646.3684226824415
8.949350187597666,2729.444259471249
8.957221207991331,716.9336056703098
8.965092228384997,2080.8168015127553
8.972963248778662,1748.8240395983985
8.980834269172329,90.63104371355087
8.988705289565994,1262.2407650466973
8.996576309959659,483.4223026968504
9.004447330353324,482.03848427696556
9.01231835074699,2250.170141961569
9.020189371140656,1524.868740273186
9.028060391534321,298.76994944495317
9.035931411927987,1605.2155226329194
9.043802432321652,127.26620840582422
9.051673452715317,1411.1819353107853
9.059544473108984,48.872290365139975
9.067415493502649,881.105430907403
9.075286513896314,1554.5809402717623
9.08315753428998,2281.0855196349703
9.091028554683644,140.42529143293297
9.09889957507731,2061.7148639748325
9.106770595470977,1179.1369789320443
9.114641615864642,5796.156534173971
9.122512636258307,879.2017090855828
9.130383656651972,452.950266099954
9.138254677045637,1521.4039476329367
9.146125697439304,823.1486725971582
9.15399671783297,958.8316237055752
9.161867738226634,3153.0224755569384
9.1697387586203,591.9286216264561
9.177609779013965,1584.4954703274198
9.18548079940763,699.6102369468604
9.193351819801297,194.14328773032037
9.201222840194962,424.4032309749351
9.209093860588627,2365.6784257618338
9.216964880982292,167.02838776528822
9.224835901375958,295.8262381441536
9.232706921769624,242.70458266810846
9.24057794216329,282.7670530763185
9.248448962556955,449.7699231543782
9.25631998295062,1228.8833151905988
9.264191003344285,310.27199865560743
9.272062023737952,1142.999124986922
9.279933044131617,454.78047756154496
9.287804064525282,408.5331583622727
9.295675084918948,354.3303480763263
9.303546105312613,1290.7186387878148
9.311417125706278,155.4509909340129
9.319288146099945,359.2421065305805
9.32715916649361,1045.7534152411183
9.335030186887275,833.5548289828096
9.34290120728094,593.1657242092593
9.350772227674605,828.1358848209806
9.358643248068272,237.54567725221315
9.366514268461938,470.5234666857944
9.374385288855603,1514.1456877752107
9.382256309249268,1357.816522019448
9.390127329642933,503.6245815914342
9.3979983500366,1702.8489723651262
9.405869370430265,95.65670634564886
9.41374039082393,245.98679499032673
9.421611411217595,1714.0487904626289
9.42948243161126,3276.442044203047
9.437353452004926,1219.6383770325658
9.445224472398593,2826.1130891063235
9.453095492792258,1002.1141918691993
9.460966513185923,126.02546305481657
9.468837533579588,281.18062743085227
9.476708553973253,1560.6151607419192
9.48457957436692,2392.098426931562
9.492450594760586,1130.2578492153439
9.50032161515425,465.60009102878763
9.508192635547916,2098.1718443713225
9.516063655941581,1315.5391267476336
9.523934676335248,329.55844628729506
9.531805696728913,572.1298963322535
9.539676717122578,177.5572828020693
9.547547737516243,18.297955958458964
9.555418757909909,62.53435744204411
9.563289778303574,713.4857632686414
9.57116079869724,1807.1332438085851
9.579031819090906,1469.4961391359254
9.586902839484571,1891.747467727625
9.594773859878236,739.3047386601135
9.602644880271901,284.8376731983204
9.610515900665568,1415.717030310119
9.618386921059233,3613.347386198955
9.626257941452899,721.9458015651187
9.634128961846564,580.176233487247
9.641999982240229,386.09640876079334
9.649871002633894,1258.3852398630117
9.657742023027561,4.904510849487731
9.665613043421226,2194.2411363903793
9.673484063814891,1336.7531891120855
9.681355084208557,603.4754909518376
9.689226104602222,459.06639817658737
9.697097124995889,1569.5837789065422
9.704968145389554,1435.2762566431936
9.712839165783219,469.2847299929111
9.720710186176884,518.1784608951597
9.72858120657055,474.95651355856165
9.736452226964216,1630.2134590362336
9.744323247357881,30.259765006351444
9.752194267751547,302.0893709834246
9.760065288145212,108.97890234821158
9.767936308538877,2691.2556611649557
9.775807328932542,2168.76404486893
9.783678349326209,177.98880642612025
9.791549369719874,369.37983600982614
9.79942039011354,78.4613083774205
9.807291410507204,341.23657505083673
9.81516243090087,213.77432968997877
9.823033451294537,2436.4697124683207
9.830904471688202,864.8641328644442
9.838775492081867,483.4143385945036
9.846646512475532,248.73135967161
9.854517532869197,394.47137922287385
9.862388553262864,1266.716133153359
9.87025957365653,344.2261376176158
9.878130594050194,16.83225979437034
9.88600161444386,600.5496312886155
9.893872634837525,964.2222985831648
9.90174365523119,731.9056980056641
9.909614675624857,200.36312634755978
9.917485696018522,228.2472243294009
9.925356716412187,529.629219620348
9.933227736805852,1266.2661231782345
9.941098757199518,345.4705888383323
9.948969777593184,71.76960883285372
9.95684079798685,13.541561552342726
9.964711818380515,2115.115896865936
9.97258283877418,88.71631594258591
9.980453859167845,233.65325826234695
9.988324879561512,530.8489007440841
9.996195899955177,67.01514448651984
10.004066920348842,187.1236007866048
10.011937940742508,564.7068015563505
10.019808961136173,345.3918863551399
10.027679981529838,512.5101337510874
10.035551001923505,656.5412214504398
10.04342202231717,359.18628923901696
10.051293042710835,1652.6571285122154
10.0591640631045,1225.9858996976943
10.067035083498165,430.730935363525
10.074906103891832,222.65655756594143
10.082777124285498,222.01505469693504
10.090648144679163,117.46555561629812
10.098519165072828,98.0601473622949
10.106390185466493,1036.5375826659383
10.114261205860158,2330.435462493247
10.122132226253825,754.8286514372271
10.13000324664749,3478.2373996433016
10.137874267041155,49.16641911626199
10.14574528743482,379.24595118233754
10.153616307828486,1346.1961004231605
10.161487328222153,357.51425408075846
10.169358348615818,96.02553011815968
10.177229369009483,288.7402365796314
10.185100389403148,155.43697428136167
10.192971409796813,276.5788647613307
10.20084243019048,327.91588966316266
10.208713450584145,1483.209457068032
10.21658447097781,328.6170208413635
10.224455491371476,118.60841499043423
10.232326511765141,1583.5237330163154
10.240197532158806,379.5739244146606
10.248068552552473,37.32231790086445
10.255939572946138,1344.0735281237542
10.263810593339803,177.34204375236482
10.271681613733469,1164.6767829656094
10.279552634127134,377.4523963766934
10.2874236545208,63.85400179056996
10.295294674914466,478.97441616764667
10.303165695308131,187.1482364850021
10.311036715701796,659.9401521178982
10.318907736095461,1240.9474559237642
10.326778756489128,414.8191592470906
10.334649776882793,503.32243365905066
10.342520797276459,2592.4556165863314
10.350391817670124,738.0698971150763
10.358262838063789,415.8681536305171
10.366133858457454,2781.657566370491
10.374004878851121,882.7528655561953
10.381875899244786,3617.8107466273227
10.389746919638451,1567.7041417860569
10.397617940032116,1174.0494545089093
10.405488960425782,1307.7158947215762
10.413359980819449,2770.6394250324447
10.421231001213114,814.5955641701406
10.429102021606779,1134.1672582003641
10.436973042000444,719.669063322339
10.44484406239411,155.66950649945528
10.452715082787776,1241.0510683717798
10.460586103181441,1276.0709587606812
10.468457123575106,159.9766172029334
10.476328143968772,1735.598734010696
10.484199164362437,698.0486514093318
10.492070184756102,1119.5703568800845
10.499941205149769,715.1836951398765
10.507812225543434,812.0910749713825
10.5156832459371,747.8152392285953
10.523554266330764,2209.401510631945
10.53142528672443,92.05818119294517
10.539296307118097,566.4011404016552
10.547167327511762,865.4932490541985
10.555038347905427,4512.772015475113
10.562909368299092,216.16559744647714
10.570780388692757,778.9304089166977
10.578651409086424,200.25756864943602
10.58652242948009,402.59359718175125
10.594393449873754,2283.9821714627265
10.60226447026742,1127.3745345499653
10.610135490661085,365.73922589212737
10.61800651105475,680.1543152759925
10.625877531448417,157.2744999746358
10.633748551842082,297.8257998350599
10.641619572235747,115.79991298986445
10.649490592629412,775.4674170462982
10.657361613023077,278.93366026718024
10.665232633416744,571.0444452339029
10.67310365381041,67.39290821226972
10.680974674204075,1581.5319870387038
10.68884569459774,696.1978332435103
10.696716714991405,133.1331039169093
10.70458773538507,1177.008623743731
10.712458755778737,148.14999330958923
10.720329776172402,276.6077964132725
10.728200796566068,276.97029888463305
10.736071816959733,2333.738148212927
10.743942837353398,166.2664569268859
10.751813857747065,1218.3367935242911
10.75968487814073,154.00026250418796
10.767555898534395,271.3509563722832
10.77542691892806,100.96447931387489
10.783297939321725,477.9837388040416
10.791168959715392,1089.9153340491698
10.799039980109058,74.89269801865416
10.806911000502723,74.6763819156949
10.814782020896388,374.57930311804984
10.822653041290053,148.14954855927536
10.830524061683718,99.87939108322676
10.838395082077385,1074.274665169442
10.84626610247105,49.634613041103364
10.854137122864715,240.4912067480684
10.86200814325838,2185.7818665159493
10.869879163652046,3308.568042275265
10.877750184045713,85.49570222039928
10.885621204439378,319.0067530398685
10.893492224833043,825.7156272472982
10.901363245226708,173.30701962402858
10.909234265620373,48.77301302335276
10.91710528601404,124.3178274150457
10.924976306407705,827.9338787928081
10.93284732680137,46.13815820272953
10.940718347195036,276.8752407637041
10.948589367588701,548.5312898171215
10.956460387982366,185.06086462627695
10.964331408376033,49.00496452008458
10.972202428769698,326.5505204637695
10.980073449163363,194.48690053282525
10.987944469557029,804.8634685047789
10.995815489950694,50.06252353098148
11.00368651034436,510.52716437629715
11.011557530738026,388.74327114733694
11.019428551131691,185.50384508378943
11.027299571525356,214.64333609102243
11.035170591919021,476.36444303108885
11.043041612312688,238.822971111794
11.050912632706353,280.47464709554254
11.058783653100019,365.44818558713496
11.066654673493684,141.5643504193065
11.074525693887349,92.37623599266206
11.082396714281014,1085.7455288796875
11.090267734674681,404.24007820724813
11.098138755068346,1772.314529715394
11.106009775462011,482.34232663057054
11.113880795855676,144.50893827740512
11.121751816249342,46.00715249124516
11.129622836643009,242.69392468866428
11.137493857036674,837.1332440563143
11.145364877430339,28.17291028117103
11.153235897824004,383.32228179114526
11.16110691821767,1115.1981161654337
11.168977938611334,1129.2398242368351
11.176848959005001,1240.2740081944967
11.184719979398666,495.3725920827768
11.192590999792332,305.9302747642341
11.200462020185997,915.1143433741946
11.208333040579662,199.92502011734177
11.216204060973329,2200.7028542505564
11.224075081366994,129.69208258272803
11.23194610176066,862.8454382311154
11.239817122154324,10.415096577417277
11.24768814254799,606.8100771055223
11.255559162941656,418.3797593118096
11.263430183335322,1880.6079811235152
11.271301203728987,66.8612135520721
11.279172224122652,852.9048178981377
11.287043244516317,694.1666098945699
11.294914264909982,240.53179184177438
11.30278528530365,165.21980613920235
11.310656305697314,23.259764165727898
11.31852732609098,142.19947815295532
11.326398346484645,98.35359637735641
11.33426936687831,161.41006129832232
11.342140387271977,906.2977608995654
11.350011407665642,1197.0159679751453
11.357882428059307,350.4720971307849
11.365753448452972,1160.468906061967
11.373624468846637,3666.6121476738986
11.381495489240304,779.384273687937
11.38936650963397,357.8282262086237
11.397237530027635,1786.6675525533417
11.4051085504213,527.5110393541933
11.412979570814965,2133.3770759542376
11.42085059120863,975.7753962829485
11.428721611602297,8.395355166743975
11.436592631995962,1844.1395019443903
11.444463652389627,955.2675777845692
11.452334672783293,1818.6505008963907
11.460205693176958,871.8086531362311
11.468076713570625,693.1134605348051
11.47594773396429,94.6480556861811
11.483818754357955,1038.7014610357487
11.49168977475162,19.129982579914234
11.499560795145285,328.9226806121722
11.507431815538952,10.709555650549635
11.515302835932617,432.4363865829993
11.523173856326283,237.14309140648564
11.531044876719948,1538.478532722911
11.538915897113613,229.570797768777
11.546786917507278,433.9146706069643
11.554657937900945,2224.6806102551877
11.56252895829461,291.02627213808915
11.570399978688275,234.14326682268543
11.57827099908194,334.2699730458544
11.586142019475606,512.3933512300257
11.594013039869273,2930.1895331167457
11.601884060262938,524.4692775799099
11.609755080656603,1183.7441676690482
11.617626101050268,63.7642264238179
11.625497121443933,42.13557078620604
11.633368141837598,89.68424282273244
11.641239162231265,23.901820697151592
11.64911018262493,1055.4455774683502
11.656981203018596,187.7858705379267
11.664852223412261,1704.776026832441
11.672723243805926,310.842159455153
11.680594264199593,138.45062119729428
11.688465284593258,639.2092323698583
11.696336304986923,5001.834647643966
11.704207325380589,634.2794677875094
11.712078345774254,863.8809416527981
11.71994936616792,788.4535885863245
11.727820386561586,186.07982540814427
11.735691406955251,235.08552792081773
11.743562427348916,667.7620924568573
11.751433447742581,2455.945535169444
11.759304468136246,329.33338234339755
11.767175488529913,1832.374629606112
11.775046508923579,1974.261972831648
11.782917529317244,779.3468280782369
11.790788549710909,2.009806774006695
11.798659570104574,689.8792621694208
11.806530590498241,381.92598414403125
11.814401610891906,373.3693587024141
11.822272631285571,127.80892262925902
11.830143651679236,180.40084011419574
11.838014672072902,352.5008171144935
11.845885692466569,100.81275870358697
11.853756712860234,892.3713543140284
11.861627733253899,1268.0445872606876
11.869498753647564,2473.8101069993363
11.87736977404123,381.7571602978709
11.885240794434894,900.7765579944155
11.893111814828561,977.8077176853386
11.900982835222226,360.1443389547915
11.908853855615892,1457.5157473787135
11.916724876009557,433.6332074421249
11.924595896403222,1409.1253945407936
11.932466916796889,10.194834815532902
11.940337937190554,533.2674585952504
11.94820895758422,319.99845150590136
11.956079977977884,329.466099756193
11.96395099837155,56.64259489425818
11.971822018765216,1267.0810274430257
11.979693039158882,38.24908284469023
11.987564059552547,819.4458202781732
11.995435079946212,297.7641675668296
12.003306100339877,1107.4611455997829
12.011177120733542,679.505177271668
12.01904814112721,1241.4670164733338
12.026919161520874,543.3207822862898
12.03479018191454,3311.6810896832812
12.042661202308205,214.83195038659673
12.05053222270187,44.3238158449162
12.058403243095537,81.94914625567539
12.066274263489202,68.49748450323837
12.074145283882867,449.496142705044
12.082016304276532,499.17755938225145
12.089887324670197,1196.2957387680503
12.097758345063863,1112.4118926009
12.10562936545753,248.24440397816414
12.113500385851195,280.5446454138177
12.12137140624486,1076.279648687194
12.129242426638525,201.89884412872632
12.13711344703219,1614.4575937886434
12.144984467425857,294.14654762142357
12.152855487819522,1324.4790801257466
12.160726508213187,394.7456310247599
12.168597528606853,525.335481043573
12.176468549000518,593.3835009304247
12.184339569394185,886.8351969486584
12.19221058978785,2252.6405942625897
12.200081610181515,284.70775028212347
12.20795263057518,344.43440398719815
12.215823650968845,338.3895673546155
12.22369467136251,408.33506422616523
12.231565691756177,55.970634442932784
12.239436712149843,375.2545415500558
12.247307732543508,74.07872841652927
12.255178752937173,342.30948742517523
12.263049773330838,124.01772647509065
12.270920793724505,1778.6765894886637
12.27879181411817,524.7776824754407
12.286662834511835,959.9222154714537
12.2945338549055,324.24799366473
12.302404875299166,34.52522036522927
12.310275895692833,366.1425103840306
12.318146916086498,369.4125357962821
12.326017936480163,452.5675375486565
12.333888956873828,1247.3476518523548
12.341759977267493,782.4609386392177
12.349630997661158,55.953009087824974
12.357502018054825,10.491217110996702
12.36537303844849,2476.591521274533
12.373244058842156,1684.9473629373447
12.38111507923582,823.7596786948068
12.388986099629486,1360.8992594729305
12.396857120023153,80.44746663509656
12.404728140416818,758.566021475814
12.412599160810483,398.76994258492084
12.420470181204148,1531.0824391019237
12.428341201597814,680.1742418737344
12.43621222199148,893.309050955706
12.444083242385146,36.11288580069981
12.451954262778811,213.401363580338
12.459825283172476,467.23840537336844
12.467696303566141,589.3107620377222
12.475567323959806,896.8101031867519
12.483438344353473,1658.1439333943072
12.491309364747138,1.3687830254360807
12.499180385140804,484.8756558241445
12.507051405534469,623.9189356661485
12.514922425928134,814.7882947092569
12.522793446321801,2730.0264386013123
12.530664466715466,1737.4341125235371
12.538535487109131,2303.4820381827108
12.546406507502796,1231.4396646225757
12.554277527896462,228.53393987511672
12.562148548290129,10.097046053923219
12.570019568683794,4850.369509365414
12.577890589077459,463.54573144732854
12.585761609471124,1420.1154327092802
12.59363262986479,94.17579501293682
12.601503650258454,2779.676218278623
12.609374670652121,232.29833558139163
12.617245691045786,121.46870697760454
12.625116711439452,366.60030596893006
12.632987731833117,1719.7565493671732
12.640858752226782,1126.7505581383705
12.648729772620449,159.31767049295686
12.656600793014114,130.97879541643397
12.66447181340778,71.01831691369269
12.672342833801444,569.8459184313501
12.68021385419511,3.944895208358387
12.688084874588775,783.7972884751514
12.695955894982442,333.2302510025352
12.703826915376107,280.9021536477297
12.711697935769772,1014.8298336929934
12.719568956163437,623.1042513594513
12.727439976557102,1489.5315039708194
12.73531099695077,627.4283551985844
12.743182017344434,626.7358874691555
12.7510530377381,1023.5088529714543
12.758924058131765,1545.7207507767996
12.76679507852543,497.09140540076464
12.774666098919097,765.873733049419
12.782537119312762,104.39002234712578
12.790408139706427,268.3859406172264
12.798279160100092,1553.349910277727
12.806150180493757,1301.6538934335542
12.814021200887423,902.1470579871041
12.82189222128109,888.9139954316016
12.829763241674755,19.911477450936385
12.83763426206842,272.84932041117975
12.845505282462085,222.57399342054202
12.85337630285575,2085.490876854892
12.861247323249417,406.7434727059273
12.869118343643082,491.64683776615186
12.876989364036747,296.1046110458524
12.884860384430413,292.2923772766283
12.892731404824078,167.76907483423147
12.900602425217745,352.16966454817225
12.90847344561141,253.39006617938796
12.916344466005075,441.9674539540408
12.92421548639874,1494.8126166846212
12.932086506792405,346.8698383242474
12.93995752718607,248.31810387469454
12.947828547579737,637.1456569057775
12.955699567973403,4493.425096859969
12.963570588367068,263.4252001805148
12.971441608760733,566.7445563644343
12.979312629154398,599.7541713614772
12.987183649548065,1017.5059051903676
12.99505466994173,545.1603671440826
13.002925690335395,303.35788690902825
13.01079671072906,104.04002914544186
13.018667731122726,1555.5392027229707
13.026538751516393,180.73326106023237
13.034409771910058,1303.2333032846113
13.042280792303723,584.3045352252108
13.050151812697388,41.075971767213346
13.058022833091053,429.09118215179933
13.065893853484718,80.74797100898955
13.073764873878385,328.37075102258956
13.08163589427205,234.92836721114102
13.089506914665716,806.0933029057709
13.09737793505938,1746.9101396972187
13.105248955453046,546.8772289307295
13.113119975846713,193.08219217099082
13.120990996240378,582.4795559269274
13.128862016634043,1174.6614158403584
13.136733037027708,664.4283142082007
13.144604057421374,284.3047910735388
13.152475077815039,1641.4725998029685
13.160346098208706,2613.6248943616442
13.16821711860237,401.97242339916863
13.176088138996036,57.13396128908512
13.183959159389701,708.974294171091
13.191830179783366,84.34652148934963
13.199701200177033,452.1429681376835
13.207572220570698,1094.7300922075701
13.215443240964364,484.0045425202757
13.223314261358029,1861.2818256157689
13.231185281751694,2384.546572373405
13.239056302145361,920.484240029189
13.246927322539026,1363.7452493112332
13.254798342932691,184.00373885205744
13.262669363326356,957.3918399718194
13.270540383720022,105.15191032462236
13.278411404113687,692.6915095781235
13.286282424507354,1026.9818320304598
13.294153444901019,1075.8168050589995
13.302024465294684,153.08511857977592
13.30989548568835,97.50098975433336
13.317766506082014,623.3979103519227
13.325637526475681,190.0149244074678
13.333508546869346,326.9146528059104
13.341379567263012,1077.170120788509
13.349250587656677,37.603650256573644
13.357121608050342,1281.9693200384077
13.364992628444009,291.00215907564484
13.372863648837674,143.45569980159596
13.38073466923134,314.328187110208
13.388605689625004,115.42135426370172
13.39647671001867,191.26045992941548
13.404347730412335,441.29485873198894
13.412218750806002,655.274075331158
13.420089771199667,1309.5300171294957
13.427960791593332,66.71181938181823
13.435831811986997,59.835093205071075
13.443702832380662,1792.1904479005802
13.45157385277433,28.88570749479858
13.459444873167994,148.7654248822452
13.46731589356166,53.89138337874303
13.475186913955325,652.6466520031539
13.48305793434899,836.3312756736141
13.490928954742657,107.41735307142511
13.498799975136322,18.544413759979616
13.506670995529987,206.26424058731465
13.514542015923652,255.6691750746133
13.522413036317317,158.802708107953
13.530284056710983,39.33734335404566
13.53815507710465,1231.4801625743116
13.546026097498315,264.7207388437687
13.55389711789198,995.6904081363763
13.561768138285645,223.43791958720053
13.56963915867931,556.2006080148302
13.577510179072977,22.758428496034448
13.585381199466642,536.3933319662335
13.593252219860307,879.9557274883257
13.601123240253973,69.81201902076961
13.608994260647638,489.77704730324575
13.616865281041303,263.019709089879
13.62473630143497,110.44038871647922
13.632607321828635,122.96075285540273
13.6404783422223,1753.2544825087086
13.648349362615965,439.2640429390295
13.65622038300963,55.046595099016606
13.664091403403297,425.5392235410103
13.671962423796963,460.46162592016293
13.679833444190628,50.78516299819923
13.687704464584293,401.4831457240275
13.695575484977958,47.34384393055964
13.703446505371625,1192.756084363828
13.71131752576529,454.5493196302386
13.719188546158955,144.49734827605997
13.72705956655262,103.552680453571
13.734930586946286,1678.9138908377827
13.74280160733995,416.89433620779766
13.750672627733618,271.3717861242694
13.758543648127283,377.75360797414726
13.766414668520948,227.3995391076013
13.774285688914613,248.3052690364107
13.782156709308278,1489.8553461259962
13.790027729701945,179.36322210621515
13.79789875009561,203.31905988879123
13.805769770489276,182.86983259528407
13.81364079088294,764.5039117866677
13.821511811276606,495.7367945569143
13.829382831670273,813.4545942401586
13.837253852063938,768.4394211924542
13.845124872457603,470.6174729940259
13.852995892851268,1001.7102658109153
13.860866913244934,349.49758951078377
13.868737933638599,739.0373431306451
13.876608954032266,499.6067618102943
13.88447997442593,416.95656796256577
13.892350994819596,1053.9448085517668
13.900222015213261,665.9465502716615
13.908093035606926,994.371087982151
13.915964056000593,469.0684596955571
13.923835076394258,2.273224260206929
13.931706096787924,176.90061150013136
13.939577117181589,25.72263673576257
13.947448137575254,92.41073655716056
13.95531915796892,183.86670251474914
13.963190178362586,329.15054987725006
13.971061198756251,738.5039234436919
13.978932219149916,238.90018384854196
13.986803239543582,544.8166077555347
13.994674259937247,39.243366197575554
14.002545280330914,616.8601460342643
14.010416300724579,282.6236539279416
14.018287321118244,198.3985559173091
14.026158341511909,3591.586964095459
14.034029361905574,1221.5274608515317
14.041900382299241,1076.5039836218837
14.049771402692906,444.00002557367003
14.057642423086572,874.1934141093009
14.065513443480237,307.0158558369791
14.073384463873902,457.69553069481384
14.081255484267569,1257.8051490818214
14.089126504661234,184.31662988394143
14.0969975250549,319.13756052233225
14.104868545448564,776.035296365416
14.11273956584223,171.03359814152475
14.120610586235895,417.4994852388225
14.128481606629562,42.75177239398672
14.136352627023227,1845.020329699811
14.144223647416892,342.88346415679337
14.152094667810557,457.7411016812457
14.159965688204222,1063.3433691967837
14.16783670859789,3796.029692844312
14.175707728991554,293.7114561822587
14.18357874938522,289.88448918931203
14.191449769778885,1255.9600767325553
14.19932079017255,372.5760224734557
14.207191810566215,374.15680716423395
14.215062830959882,323.0235223282573
14.222933851353547,646.8810458098403
14.230804871747212,541.9243623063668
14.238675892140877,249.97860931369937
14.246546912534543,445.6436563699561
14.25441793292821,411.12220075948625
14.262288953321875,240.99852943362487
14.27015997371554,469.29180332846425
14.278030994109205,2600.4448247216733
14.28590201450287,568.3312296692579
14.293773034896537,358.500889696634
14.301644055290202,132.00674048106828
14.309515075683867,163.055631998345
14.317386096077533,15.570455250119636
14.325257116471198,1483.0456965500052
14.333128136864863,226.674581881699
14.34099915725853,650.0031963009185
14.348870177652195,1061.0323974931023
14.35674119804586,1811.8029704614896
14.364612218439525,724.1506347674716
14.37248323883319,23.10033503391408
14.380354259226857,841.0363530485204
14.388225279620523,756.8539627470577
14.396096300014188,322.09722423561794
14.403967320407853,339.4806650539515
14.411838340801518,206.01134287369243
14.419709361195185,215.3378448463786
14.42758038158885,262.25491226807253
14.435451401982515,1040.3166101385327
14.44332242237618,262.41930670672076
14.451193442769846,610.3747933109645
14.45906446316351,2058.356204699249
14.466935483557178,1506.1025369811157
14.474806503950843,188.79413047773443
14.482677524344508,343.284808788815
14.490548544738173,441.40250180336204
14.498419565131838,1139.9552706880033
14.506290585525505,850.9514877294979
14.51416160591917,50.49310837664794
14.522032626312836,390.9375994123227
14.5299036467065,1316.6854495198074
14.537774667100166,371.0680928963366
14.545645687493833,2718.265529812106
14.553516707887498,2175.130802991775
14.561387728281163,129.59219813628732
14.569258748674828,1266.4370360714036
14.577129769068494,2529.161869083321
14.585000789462159,801.9471595071007
14.592871809855826,716.0936744290503
14.60074283024949,521.5143361671653
14.608613850643156,165.67608950451458
14.616484871036821,1060.397768802595
14.624355891430486,890.4778198391713
14.632226911824153,1552.0735044448186
14.640097932217818,331.0609057568419
14.647968952611484,60.45306538534616
14.655839973005149,1358.7910735966102
14.663710993398814,1474.966539036732
14.671582013792479,37.39803921259934
14.679453034186146,23.562075598670702
14.687324054579811,661.9044257152702
14.695195074973476,565.682286487169
14.703066095367141,935.6312920907446
14.710937115760807,935.9855180951806
14.718808136154474,102.76532435669694
14.726679156548139,154.58018151761297
14.734550176941804,762.3253053750772
14.742421197335469,2975.3266392040296
14.750292217729134,3081.8350568711285
14.758163238122801,323.80457445057596
14.766034258516466,112.95024128980481
14.773905278910131,935.7014128852946
14.781776299303797,238.04468724602276
14.789647319697462,202.2866792889348
14.797518340091127,219.2350949113141
14.805389360484794,553.6193794278105
14.813260380878459,2209.3156954468764
14.821131401272124,62.521929573000186
14.82900242166579,200.51008967772694
14.836873442059455,596.0615794237962
14.844744462453122,2429.188656262493
14.852615482846787,271.22051206791076
14.860486503240452,708.5093002709175
14.868357523634117,1895.3529201969939
14.876228544027782,1673.422391299294
14.884099564421449,1270.5117749172
14.891970584815114,1567.6772372073356
14.89984160520878,121.25579094178555
14.907712625602445,83.22322946869828
14.91558364599611,254.65253696319718
14.923454666389775,325.05610331205577
14.931325686783442,484.87204515041975
14.939196707177107,829.8322062147505
14.947067727570772,93.04559248794821
14.954938747964437,676.9106500182891
14.962809768358103,2926.789102113771
14.97068078875177,422.78999800267184
14.978551809145435,2.4697417668567603
14.9864228295391,13.706664308936823
14.994293849932765,106.25217736929122
15.00216487032643,173.4956603169992
15.010035890720097,52.65889112841345
15.017906911113762,368.02313896668727
15.025777931507427,1288.8110904511032
15.033648951901093,697.9563654359016
15.041519972294758,211.79891890837177
15.049390992688423,713.0432798774114
15.05726201308209,149.67139097892172
15.065133033475755,1668.6425031620718
15.07300405386942,889.383986161422
15.080875074263085,178.02662038386188
15.08874609465675,649.1279817970791
15.096617115050417,2884.9547558677828
15.104488135444083,4.36932596390819
15.112359155837748,905.1128903505554
15.120230176231413,125.23297506792318
15.128101196625078,21.532947509927496
15.135972217018743,1452.5979025411993
15.14384323741241,950.2063144836058
15.151714257806075,1925.241113508799
15.15958527819974,262.76953511914786
15.167456298593406,287.8472256183237
15.17532731898707,132.48802998687128
15.183198339380738,658.8569496069164
15.191069359774403,65.99711072341182
15.198940380168068,893.4726265632199
15.206811400561733,221.26988898214609
15.214682420955398,46.85417538267882
15.222553441349065,32.05823812037704
15.23042446174273,106.83454521510053
15.238295482136396,99.01952314276876
15.24616650253006,899.540624627222
15.254037522923726,516.4683651602908
15.261908543317391,44.20769822275537
15.269779563711058,370.5178298915263
15.277650584104723,3524.1776788320385
15.285521604498388,1813.425799564059
15.293392624892054,692.7819740770855
15.301263645285719,263.5045170438297
15.309134665679386,321.9594219684778
15.31700568607305,168.50327928705437
15.324876706466716,722.7775452683143
15.332747726860381,592.6911493856283
15.340618747254046,1370.7571034132084
15.348489767647713,399.9323385779829
15.356360788041378,782.6351659240916
15.364231808435044,679.9394277127367
15.372102828828709,556.2865910253985
15.379973849222374,155.28836417947295
15.387844869616039,588.8980782636964
15.395715890009706,704.9244000499758
15.403586910403371,1371.6823043404595
15.411457930797036,23.366768424512212
15.419328951190701,1731.8232745645446
15.427199971584367,2125.60162373444
15.435070991978034,2285.1158542681296
15.442942012371699,126.49314529625977
15.450813032765364,1081.1864308228037
15.458684053159029,1.346700147269478
15.466555073552694,1909.2851834747107
15.474426093946361,274.46876640751356
15.482297114340026,58.32609400349242
15.490168134733691,1163.327891486707
15.498039155127357,1701.4602621733416
15.505910175521022,1224.6482874991152
15.513781195914687,20.276177830092056
15.521652216308354,294.2857422883643
15.529523236702019,21.979597335664785
15.537394257095684,28.771351829197254
15.54526527748935,366.3978626204501
15.553136297883015,756.0052618003651
15.561007318276681,390.14661393973
15.568878338670347,28.833829153253024
15.576749359064012,143.17509679722608
15.584620379457677,400.5278230268793
15.592491399851342,746.577435220609
15.600362420245009,93.08004293008082
15.608233440638674,752.2058882508817
15.61610446103234,163.00235003445783
15.623975481426005,224.74257176541678
15.63184650181967,463.3113676329932
15.639717522213335,675.5313451367819
15.647588542607002,877.161406887411
15.655459563000667,82.32044131648375
15.663330583394332,55.60427534200717
15.671201603787997,247.08972341451255
15.679072624181662,230.84265856509182
15.68694364457533,292.61967348589747
15.694814664968995,485.7522534979182
15.70268568536266,749.713732207026
15.710556705756325,389.6073821205629
15.71842772614999,54.83876725213976
15.726298746543655,60.1831187002487
15.734169766937322,596.2175445979208
15.742040787330987,2569.8535001552505
15.749911807724652,343.434374449362
15.757782828118318,1356.6143976070905
15.765653848511983,83.38947672258804
15.77352486890565,38.40180999125046
15.781395889299315,64.07245614713145
15.78926690969298,768.2961821094744
15.797137930086645,90.87467275910564
15.80500895048031,404.0432016536308
15.812879970873977,218.6748292693421
15.820750991267643,152.3980672527683
15.828622011661308,81.11893398528485
15.836493032054973,936.0003411961687
15.844364052448638,99.42230425183303
15.852235072842303,969.4179973503301
15.86010609323597,1248.2337477008155
15.867977113629635,255.48551778465853
15.8758481340233,232.43625971858737
15.883719154416966,55.196479644445084
15.89159017481063,1104.5552764517488
15.899461195204298,1462.7476507662982
15.907332215597963,778.7579361108246
15.915203235991628,1374.5607191458519
15.923074256385293,139.26331206169846
15.930945276778958,1434.3186237100922
15.938816297172625,329.4037129649418
15.94668731756629,181.4228465239366
15.954558337959956,207.08187513151103
15.96242935835362,998.0488764613104
15.970300378747286,1582.1807373256238
15.978171399140951,499.9741391406687
15.986042419534618,933.8138847161148
15.993913439928283,1088.9891683200292
16.00178446032195,800.0559196734654
16.009655480715615,1440.3553969480306
16.01752650110928,1197.4004301233558
16.025397521502946,93.47206755405776
16.03326854189661,727.4408820231715
16.041139562290276,275.319792233582
16.04901058268394,24.73136775543948
16.056881603077606,386.3181221077546
16.06475262347127,1140.0802399954318
16.072623643864937,901.3645295648986
16.0804946642586,2196.4751700644456
16.08836568465227,26.47509275415047
16.096236705045936,1644.431208191195
16.1041077254396,321.5275808783574
16.111978745833266,106.03925746661054
16.11984976622693,71.55458252295901
16.127720786620596,266.76831085435396
16.13559180701426,250.0089084438013
16.143462827407927,930.0071506310082
16.15133384780159,84.7436805740679
16.159204868195257,232.15127407088096
16.167075888588922,2102.994057653624
16.17494690898259,1283.406614553305
16.182817929376256,1168.0476495293724
16.19068894976992,1297.5230066248082
16.198559970163586,493.4360731596585
16.20643099055725,332.16016876401585
16.214302010950917,374.1283529685261
16.22217303134458,2592.0264381753595
16.230044051738247,20.36977396400571
16.237915072131912,1092.373051349408
16.245786092525577,58.811967639986484
16.253657112919242,585.896487310628
16.26152813331291,91.27361074412323
16.269399153706576,407.4454370990182
16.27727017410024,481.16324018544924
16.285141194493907,580.1452349301992
16.293012214887572,1816.830256718401
16.300883235281237,860.7925583978143
16.308754255674902,116.51626794849304
16.316625276068567,488.66666866802296
16.324496296462232,47.82436428639263
16.332367316855898,14.95973100404856
16.340238337249566,341.5985915071978
16.34810935764323,180.38739344109166
16.355980378036897,2204.409626670601
16.363851398430562,93.00916915360037
16.371722418824227,75.22115153277993
16.379593439217892,18.824670327463327
16.387464459611557,516.2169902322298
16.395335480005222,712.4936150061759
16.403206500398888,19.189037653128363
16.411077520792553,151.18029558428532
16.418948541186218,89.40776612987683
16.426819561579887,665.1848746860115
16.434690581973552,95.5333965371647
16.442561602367217,265.1076152424658
16.450432622760882,74.83543651333252
16.458303643154547,875.3250218984858
16.466174663548212,34.74146731857651
16.474045683941878,12.850577414349155
16.481916704335543,478.4469896033545
16.489787724729208,459.531912608081
16.497658745122873,23.898479412244672
16.50552976551654,601.0823615559235
16.513400785910207,543.0991541323474
16.521271806303872,1417.0809695942448
16.529142826697537,219.78079474559405
16.537013847091202,116.42712839488868
16.544884867484868,1660.0246772970959
16.552755887878533,1055.5343253041144
16.560626908272198,984.8281409956533
16.568497928665863,1345.8363277782541
16.57636894905953,532.1943599951815
16.584239969453193,915.12916787865
16.592110989846862,323.26964073002836
16.599982010240527,536.9374648008592
16.607853030634192,961.2259309104847
16.615724051027858,300.5396164432754
16.623595071421523,32.48894964349661
16.631466091815188,9.214412161367365
16.639337112208853,475.83638847531466
16.64720813260252,275.444799468198
16.655079152996183,245.9549164930832
16.66295017338985,77.47108363743239
16.670821193783514,213.0755382250695
16.678692214177183,1224.0750180042673
16.686563234570848,1083.8650280979643
16.694434254964513,179.24337291522937
16.702305275358178,376.07600786444635
16.710176295751843,2687.0203450022436
16.71804731614551,1902.20511220948
16.725918336539173,809.540646087362
16.73378935693284,1440.859405998808
16.741660377326504,686.3108299400232
16.74953139772017,47.95664022523546
16.757402418113834,330.48982081916256
16.765273438507503,324.62570824270176
16.773144458901168,923.324916072849
16.781015479294833,772.7075727312302
16.7888864996885,37.67376587788246
16.796757520082163,73.40831674553256
16.80462854047583,655.899430319062
16.812499560869494,260.4460924869056
16.82037058126316,504.80136173254317
16.828241601656824,966.9732060136103
16.83611262205049,332.61844708455834
16.843983642444154,21.854989141385083
16.851854662837823,782.6336295119621
16.85972568323149,167.9713173848668
16.867596703625154,876.4352857113856
16.87546772401882,1764.0206351529841
16.883338744412484,938.6151982917556
16.89120976480615,503.18074804338937
16.899080785199814,422.16766657292595
16.90695180559348,134.29476986413582
16.914822825987144,278.5944832118157
16.92269384638081,47.287811221046326
16.93056486677448,870.6336677165305
16.938435887168144,23.69116710368404
16.94630690756181,161.36918941372554
16.954177927955474,1503.134665527335
16.96204894834914,913.5349676677912
16.969919968742804,355.31658180257745
16.97779098913647,509.45106412552803
16.985662009530134,360.4742297455225
16.9935330299238,243.36996991745167
17.001404050317465,366.69446749083676
17.00927507071113,794.598480504552
17.0171460911048,1607.383127626931
17.025017111498464,193.30887958086961
17.03288813189213,514.7444796347921
17.040759152285794,237.4483971631688
17.04863017267946,104.6743278935122
17.056501193073125,212.28599814768938
17.06437221346679,605.9163595858356
17.072243233860455,2272.3929987315637
17.08011425425412,150.2932488111345
17.087985274647785,616.3505700556285
17.09585629504145,352.53044869927436
17.10372731543512,596.2616544695462
17.111598335828784,449.6322248813159
17.11946935622245,526.3022293554963
17.127340376616115,81.19646925893142
17.13521139700978,1140.611642050223
17.143082417403445,294.13939462303415
17.15095343779711,157.41956784866642
17.158824458190775,235.96234500672404
17.16669547858444,384.6782709917825
17.174566498978105,1967.109428417771
17.18243751937177,1511.0281898274018
17.19030853976544,114.79305155593268
17.198179560159105,269.80170136702134
17.20605058055277,2173.9597256320008
17.213921600946435,1700.8976692329825
17.2217926213401,231.0844591168308
17.229663641733765,27.148555975915038
17.23753466212743,1456.8912730678899
17.245405682521096,748.887533420947
17.25327670291476,232.55257501963538
17.261147723308426,41.115382237435384
17.269018743702095,426.1312489321725
17.27688976409576,1704.6526588401853
17.284760784489425,704.7143192123704
17.29263180488309,559.5446929277333
17.300502825276755,103.3288738204968
17.30837384567042,757.0446357636409
17.316244866064086,54.66658560841446
17.32411588645775,266.9650171883066
17.331986906851416,217.7253326186613
17.33985792724508,1400.369748827557
17.347728947638746,495.6595511127362
17.355599968032415,1379.1102675719376
17.36347098842608,909.9964323755734
17.371342008819745,297.53212094508325
17.37921302921341,376.0731396548155
17.387084049607076,452.35805379832937
17.39495507000074,88.44246215391067
17.402826090394406,1714.7689562680694
17.41069711078807,230.26993372361434
17.418568131181736,456.21752188066466
17.4264391515754,664.080462318233
17.434310171969067,4316.825816859819
17.442181192362735,1131.0846815710065
17.4500522127564,663.8002771080822
17.457923233150066,285.4345413321929
17.46579425354373,334.2205345355316
17.473665273937396,171.21876452274586
17.48153629433106,1498.480123119207
17.489407314724726,430.38176357452556
17.49727833511839,205.614940780807
17.505149355512057,2194.74187220568
17.51302037590572,1139.2557107260445
17.52089139629939,23.251042850710917
17.528762416693056,441.3845057920359
17.53663343708672,156.31752254785533
17.544504457480386,278.0102875877243
17.55237547787405,490.75365824396044
17.560246498267716,83.92118268943409
17.56811751866138,739.067477486358
17.575988539055047,544.9878793142022
17.58385955944871,1810.8712306300251
17.591730579842377,525.9732145592484
17.599601600236042,170.0854289103717
17.60747262062971,16.246954924935615
17.615343641023376,688.5920069636016
17.62321466141704,1153.2902396908614
17.631085681810706,82.48158363539099
17.63895670220437,1326.7437924728845
17.646827722598037,859.8199355939879
17.6546987429917,1270.4359761100595
17.662569763385367,226.72082713872385
17.670440783779032,249.46432265215316
17.678311804172697,579.6140976539796
17.686182824566362,975.8852176402945
17.69405384496003,1019.480142914418
17.701924865353696,978.0973081581656
17.70979588574736,26.049014948427228
17.717666906141027,236.72047781552905
17.72553792653469,568.2580999189005
17.733408946928357,95.69159999062381
17.741279967322022,598.2739137865705
17.749150987715687,18.913782373836206
17.757022008109352,565.1994759237051
17.764893028503018,149.12387868526883
17.772764048896683,729.9962596020729
17.78063506929035,624.0395486481509
17.788506089684017,762.6867256833661
17.79637711007768,1628.3681447771146
17.804248130471347,145.89644592461664
17.812119150865012,1627.0364355159593
17.819990171258677,1953.0185094224137
17.827861191652342,2336.054962666945
17.835732212046008,502.7052616495701
17.843603232439673,447.77080462252303
17.851474252833338,734.8333735300077
17.859345273227007,102.93283584502296
17.86721629362067,261.8730456246789
17.875087314014337,183.0110699387102
17.882958334408002,1434.7271674354797
17.890829354801667,681.4744876234178
17.898700375195332,75.83816456780227
17.906571395588998,135.95039657452702
17.914442415982663,4694.568332865848
17.922313436376328,52.594744732758635
17.930184456769993,463.3079618542494
17.93805547716366,249.19339411953837
17.945926497557327,997.9584059085036
17.953797517950992,847.5716616241031
17.961668538344657,198.32550626533876
17.969539558738322,607.0675864529164
17.977410579131988,1210.9866142108992
17.985281599525653,1879.2569671073363
17.993152619919318,148.0136444607264
18.001023640312983,350.2454359687479
18.00889466070665,2991.3324628990713
18.016765681100313,1275.1775309546065
18.02463670149398,534.2557098528789
18.032507721887647,1579.2407104883223
18.040378742281312,934.0794143305337
18.048249762674978,742.9574033215721
18.056120783068643,378.23093787314167
18.063991803462308,1090.3701342670759
18.071862823855973,1828.7887335149803
18.07973384424964,411.3121415324128
18.087604864643303,526.3390706327382
18.09547588503697,3075.0480224378584
18.103346905430634,2285.2483453744344
18.111217925824302,1713.3217805401346
18.119088946217968,872.7659655512077
18.126959966611633,379.28475102813655
18.134830987005298,251.7357814614185
18.142702007398963,187.94342681343116
18.15057302779263,103.03271531630891
18.158444048186293,597.795764329127
18.16631506857996,657.7973616531319
18.174186088973624,2804.8385107609965
18.18205710936729,504.97633396366194
18.189928129760954,1140.7003565441266
18.197799150154623,398.988015177598
18.205670170548288,44.53019514745405
18.213541190941953,150.3685447416354
18.22141221133562,26.316874222292324
18.229283231729283,850.853487194585
18.23715425212295,68.29986372516417
18.245025272516614,558.9493930909084
18.25289629291028,1701.3185121780077
18.260767313303944,600.0351207633037
18.26863833369761,188.18640984924753
18.276509354091274,134.56233956640128
18.284380374484943,345.0265479097898
18.29225139487861,241.8037587834758
18.300122415272273,47.500547354729335
18.30799343566594,50.09395071705796
18.315864456059604,41.374196140722745
18.32373547645327,25.3598102866836
18.331606496846934,595.529125783041
18.3394775172406,147.28721620778057
18.347348537634264,344.6367130343519
18.35521955802793,489.10705629223355
18.363090578421595,1523.0497270680892
18.370961598815263,290.798871798387
18.37883261920893,483.38368982188274
18.386703639602594,472.7765212793358
18.39457465999626,335.23049271529317
18.402445680389924,694.9392096305692
18.41031670078359,430.96281305370684
18.418187721177254,84.48551659977136
18.42605874157092,163.91814462818724
18.433929761964585,560.4709743964639
18.44180078235825,460.6994307446014
18.44967180275192,119.33527483938038
18.457542823145584,913.2177757193925
18.46541384353925,360.92938720021533
18.473284863932914,100.46555720602689
18.48115588432658,314.0981569352415
18.489026904720244,286.6846941486201
18.49689792511391,9.329825211998578
18.504768945507575,289.6113692565467
18.51263996590124,1074.4315978765642
18.520510986294905,231.85550188776642
18.52838200668857,275.45739753655965
18.53625302708224,2027.4304611536363
18.544124047475904,265.5033780253812
18.55199506786957,1139.2488660042818
18.559866088263234,6.366228803933735
18.5677371086569,70.71971476127146
18.575608129050565,181.90973657224575
18.58347914944423,48.83338342211735
18.591350169837895,264.331977695382
18.59922119023156,405.3482215516278
18.607092210625225,571.4854098303593
18.61496323101889,18.995494087630746
18.62283425141256,2205.955497529795
18.630705271806224,268.0024773908207
18.63857629219989,1450.9414193143489
18.646447312593555,72.23658694748497
18.65431833298722,136.13886101013952
18.662189353380885,364.6864496557122
18.67006037377455,568.7880368700961
18.677931394168215,318.6474772417984
18.68580241456188,278.4930520920554
18.693673434955546,275.73036770638606
18.70154445534921,627.1563286706905
18.70941547574288,927.7987597233383
18.717286496136545,585.8730718326682
18.72515751653021,739.8489748927235
18.733028536923875,1420.592419545383
18.74089955731754,1196.5783103228237
18.748770577711205,375.856600929675
18.75664159810487,166.8204233620464
18.764512618498536,247.1949695912548
18.7723836388922,220.88823494733427
18.780254659285866,721.9051163273516
18.788125679679535,1200.309932808986
18.7959967000732,1421.7266493860695
18.803867720466865,59.55603328168685
18.81173874086053,243.6209453987051
18.819609761254195,206.79763307046872
18.82748078164786,26.110092302764176
18.835351802041526,82.46044509895817
18.84322282243519,1071.3874714302992
18.851093842828856,327.1907742455418
18.85896486322252,109.53832990190742
18.866835883616186,1703.593117255399
18.874706904009855,895.5156417808505
18.88257792440352,467.85485689289845
18.890448944797186,402.76710175145854
18.89831996519085,823.5065729064679
18.906190985584516,666.6255196331674
18.91406200597818,1201.0677706135484
18.921933026371846,1300.8741621922386
18.92980404676551,160.77732007524645
18.937675067159176,1458.7153288480533
18.94554608755284,1811.9490773867526
18.953417107946507,109.46033915881434
18.961288128340176,555.7923911091674
18.96915914873384,835.7116295975856
18.977030169127506,725.0783643813611
18.98490118952117,103.69725591680819
18.992772209914836,193.67097575501623
19.0006432303085,768.8441152571845
19.008514250702166,250.39500551867357
19.01638527109583,136.56270248096388
19.024256291489497,2293.3316344221116
19.032127311883162,204.36273255923777
19.03999833227683,185.43558145014603
19.047869352670496,323.5796744376075
19.05574037306416,139.3428265354571
19.063611393457826,20.58234099858039
19.07148241385149,182.19035838530218
19.079353434245157,99.74396007529553
19.08722445463882,1496.8792813296084
19.095095475032487,370.3552719920216
19.102966495426152,159.58591123745651
19.110837515819817,1370.2744066784553
19.118708536213482,171.9606682204204
19.12657955660715,755.2432952780932
19.134450577000816,458.5610012661501
19.14232159739448,1057.9821795297692
19.150192617788147,1207.105338433834
19.15806363818181,1391.031669587217
19.165934658575477,295.5890418464831
19.173805678969142,129.72438153071667
19.181676699362807,295.76767803415606
19.189547719756472,2199.9738778946403
19.197418740150137,954.7725779664693
19.205289760543803,1308.2307179088962
19.21316078093747,784.8351030323332
19.221031801331137,16.897951346604177
19.2289028217248,231.69509589912033
19.236773842118467,383.98420811552785
19.244644862512132,85.6689900696138
19.252515882905797,183.91740690364853
19.260386903299462,221.90644456989668
19.268257923693128,87.63717238962153
19.276128944086793,1166.111734611886
19.283999964480458,561.1844057146939
19.291870984874123,734.0264353082757
19.29974200526779,108.86526014792959
19.307613025661457,430.7938371628549
19.315484046055122,691.4340023829996
19.323355066448787,60.83457871476408
19.331226086842452,1511.5974303328223
19.339097107236118,495.7213622528933
19.346968127629783,3273.911953060357
19.354839148023448,204.12082806389324
19.362710168417113,230.01043400702773
19.370581188810778,561.1373671450882
19.378452209204447,146.0666811140072
19.386323229598112,337.60077570105415
19.394194249991777,472.3681553244306
19.402065270385442,41.50894911633919
19.409936290779108,302.55892913829683
19.417807311172773,279.27185083518145
19.425678331566438,94.2258144493374
19.433549351960103,427.59718717790685
19.441420372353768,987.7001180057925
19.449291392747433,582.9673021566616
19.4571624131411,172.95935466193626
19.465033433534767,111.61358690910993
19.472904453928432,4.5646683774635735
19.480775474322098,18.095307670358675
19.488646494715763,1363.439211668498
19.496517515109428,751.4967894441007
19.504388535503093,373.37853969481955
19.512259555896758,1600.454624662774
19.520130576290423,141.87062226127975
19.52800159668409,308.3483807179577
19.535872617077754,954.4526070921332
19.54374363747142,808.4078373130271
19.551614657865088,131.06903634851122
19.559485678258753,262.99326704876404
19.567356698652418,1172.6724194204635
19.575227719046083,555.4748170119218
19.583098739439748,2408.244305015953
19.590969759833413,782.0091855948689
19.59884078022708,760.6904531946163
19.606711800620744,477.5164876828212
19.61458282101441,1486.8849213043766
19.622453841408074,2206.0942471376866
19.630324861801743,2009.0128000559314
19.638195882195408,468.1833518598868
19.646066902589073,509.2298993348868
19.65393792298274,880.6474234876412
19.661808943376403,1274.3532295625298
19.66967996377007,1521.7552299730708
19.677550984163734,246.39549944867773
19.6854220045574,1377.5665000606057
19.693293024951064,1775.4158341773582
19.70116404534473,231.39353307431492
19.709035065738394,38.95072978467428
19.716906086132063,234.58849399698207
19.72477710652573,1342.449226723464
19.732648126919393,1177.0996629977362
19.74051914731306,614.4465530564103
19.748390167706724,45.79786023203304
19.75626118810039,139.74125021355414
19.764132208494054,447.7255379486689
19.77200322888772,167.29466616515535
19.779874249281384,94.88063507097183
19.78774526967505,429.54700858350685
19.795616290068715,249.26389714433915
19.803487310462383,637.0338082261951
19.81135833085605,29.015364227747735
19.819229351249714,101.734520390337
19.82710037164338,1027.3701659513433
19.834971392037044,211.43052100230864
19.84284241243071,1023.5471017259089
19.850713432824374,1030.940839107358
19.85858445321804,285.30516027960437
19.866455473611705,883.5235628619442
19.87432649400537,272.9972919428062
19.882197514399035,668.8030125939953
19.890068534792704,37.94500490547105
19.89793955518637,1375.4228278881021
19.905810575580034,12.060897192461328
19.9136815959737,840.3556457873598
19.921552616367364,431.96727977662067
19.92942363676103,3899.8888022093547
19.937294657154695,348.7990304360173
19.94516567754836,16.448491261271954
19.953036697942025,717.0663861088387
19.96090771833569,683.8384508184463
19.96877873872936,7.396320624243788
19.976649759123024,298.39273421877056
19.98452077951669,207.90994070427095
19.992391799910354,154.816929612671
20.00026282030402,352.0633087115673
20.008133840697685,1147.2018940556675
20.01600486109135,10.682721744624757
20.023875881485015,59.606701853432796
20.03174690187868,139.968571878905
20.039617922272345,68.54702921906747
20.04748894266601,1031.4570508631537
20.05535996305968,1049.900353562014
20.063230983453344,674.0218297736039
20.07110200384701,116.24394429813694
20.078973024240675,1481.9763677582964
20.08684404463434,117.63531016633478
20.094715065028005,63.64848263936088
20.10258608542167,1380.9927492293402
20.110457105815335,978.4111693133448
20.118328126209,2581.1954228754807
20.126199146602666,1431.1018989960132
20.13407016699633,481.7607723037377
20.14194118739,1623.6009141454872
20.149812207783665,100.70283609509464
20.15768322817733,213.28276269768224
20.165554248570995,185.1712461218457
20.17342526896466,601.2759444920771
20.181296289358325,592.9293974486518
20.18916730975199,226.2384577322268
20.197038330145656,231.1635523633429
20.20490935053932,350.7001435288657
20.212780370932986,71.40025754585389
20.22065139132665,499.52669734399774
20.22852241172032,613.2167742981537
20.236393432113985,83.1727381867522
20.24426445250765,399.96388470119746
20.252135472901315,1894.5567575751259
20.26000649329498,122.55200165447008
20.267877513688646,176.0067526365917
20.27574853408231,1910.508461618538
20.283619554475976,2125.4936126841985
20.29149057486964,1975.2533470016413
20.299361595263306,470.74077519390534
20.307232615656975,438.25273262716917
20.31510363605064,352.9242619810454
20.322974656444305,565.2482698492153
20.33084567683797,452.587498489794
20.338716697231636,419.702673746376
20.3465877176253,732.7538749788945
20.354458738018966,169.5770944166251
20.36232975841263,89.04008618449564
20.370200778806296,229.31314049565896
20.37807179919996,108.60215779119338
20.385942819593627,626.2883524437929
20.393813839987295,299.0884706320955
20.40168486038096,409.2034531763609
20.409555880774626,670.7571255662972
20.41742690116829,102.17793408862529
20.425297921561956,149.45813089633694
20.43316894195562,146.77330081874806
20.441039962349286,3134.7732568008983
20.44891098274295,500.1810581286924
20.456782003136617,1240.9002422552146
20.464653023530282,1098.5936740119062
20.472524043923947,2245.694652750958
20.480395064317616,421.7799120569495
20.48826608471128,704.7718547466037
20.496137105104946,440.9491343570048
20.50400812549861,581.5863133695602
20.511879145892276,423.6925031802165
20.51975016628594,979.815110863797
20.527621186679607,289.9563259979963
20.535492207073272,183.57249668101872
20.543363227466937,1246.7684548234172
20.551234247860602,801.3044577113144
20.55910526825427,1315.0889606198582
20.566976288647936,54.85658463612396
20.5748473090416,156.85365323823265
20.582718329435266,457.4283057109164
20.59058934982893,744.8908185311124
20.598460370222597,399.1314471823224
20.606331390616262,545.2240749398215
20.614202411009927,91.06413306689143
20.622073431403592,37.28797567440327
20.629944451797257,927.2137120131042
20.637815472190923,1049.1383114003909
20.64568649258459,230.00790076667508
20.653557512978256,1535.94922556838
20.66142853337192,680.6540134834181
20.669299553765587,47.06215314419638
20.677170574159252,127.65014359046758
20.685041594552917,67.13254929659632
20.692912614946582,810.7264883062503
20.700783635340247,1328.1766089813184
20.708654655733913,33.32372198799303
20.716525676127578,423.12109362083567
20.724396696521243,97.10601651374884
20.73226771691491,585.4055241844635
20.740138737308577,131.24698382398313
20.748009757702242,277.8450475999459
20.755880778095907,221.75043468783392
20.763751798489572,1076.1528646498546
20.771622818883237,424.7064287812117
20.779493839276903,292.3057074822
20.787364859670568,676.083651535505
20.795235880064233,985.954916679221
20.803106900457898,35.217331198129685
20.810977920851563,237.28569192589842
20.818848941245232,81.74523703539576
20.826719961638897,352.56320611296394
20.834590982032562,1708.259606823229
20.842462002426227,262.35741454407844
20.850333022819893,799.9738121071518
20.858204043213558,1033.442583916924
20.866075063607223,298.8652667577249
20.873946084000888,126.98016091354059
20.881817104394553,1001.6649667162078
20.88968812478822,448.3336807945911
20.897559145181887,747.1220634325227
20.905430165575552,896.7015292644124
20.913301185969217,368.0675830913993
20.921172206362883,386.8736351666992
20.929043226756548,97.827150458356
20.936914247150213,905.2847849329711
20.944785267543878,118.46170811797703
20.952656287937543,940.4360121771233
20.96052730833121,604.7447799210616
20.968398328724874,373.2826321581121
20.97626934911854,140.63933244081827
20.984140369512208,235.69754117232054
20.992011389905873,1715.169163816432
20.999882410299538,1307.5923778951408
21.007753430693203,370.7614460746637
21.015624451086868,1665.3954866274082
21.023495471480533,27.681509421679216
21.0313664918742,320.9836569019884
21.039237512267864,353.2050818053996
21.04710853266153,68.72834506647513
21.054979553055194,113.72233435882873
21.06285057344886,322.82359656287207
21.070721593842528,78.66067713666303
21.078592614236193,623.0771897203155
21.086463634629858,358.4882268132189
21.094334655023523,1289.8923712614248
21.10220567541719,1381.3497478495058
21.110076695810854,6052.473507588855
21.11794771620452,30.316419716553927
21.125818736598184,362.0648050443143
21.13368975699185,41.86061370036437
21.141560777385514,619.3772254718531
21.149431797779183,174.79753891834724
21.157302818172848,502.4305405861977
21.165173838566513,1111.1491221455879
21.17304485896018,687.2664776126305
21.180915879353844,42.9020736192412
21.18878689974751,331.69151024972393
21.196657920141174,251.49384041556277
21.20452894053484,711.5013108881285
21.212399960928504,3.769959521288464
21.22027098132217,689.0356506920793
21.228142001715835,984.7519689070787
21.236013022109503,104.8117858049442
21.24388404250317,203.76207692550878
21.251755062896834,2.440351024238055
21.2596260832905,178.38423856258717
21.267497103684164,251.31144387189826
21.27536812407783,47.608763341264385
21.283239144471494,704.2023671300364
21.29111016486516,282.0462250838244
21.298981185258825,168.81068444459584
21.30685220565249,142.96400569678232
21.314723226046155,551.6378782124625
21.322594246439824,580.9350270031517
21.33046526683349,663.1111166570785
21.338336287227154,159.59550759907597
21.34620730762082,1875.4981952403432
21.354078328014484,767.7503159203626
21.36194934840815,251.05585341749716
21.369820368801815,120.59330896889415
21.37769138919548,30.30706970280122
21.385562409589145,951.3114504822046
21.39343342998281,916.6671567128833
21.401304450376475,757.8248076623119
21.409175470770144,1302.5314521809748
21.41704649116381,131.1971917843476
21.424917511557474,611.8994408006048
21.43278853195114,516.8534310979645
21.440659552344805,442.2674635952747
21.44853057273847,150.95275223807505
21.456401593132135,356.0978184512774
21.4642726135258,1194.4439708014354
21.472143633919465,638.3788958704023
21.48001465431313,407.74767401252427
21.4878856747068,189.36279884263863
21.495756695100464,618.1669794080486
21.50362771549413,580.3461952700626
21.511498735887795,195.67058132145226
21.51936975628146,608.5738453122367
21.527240776675125,959.2782720064224
21.53511179706879,723.0107721820892
21.542982817462455,57.077044829067866
21.55085383785612,203.84604439252615
21.558724858249786,637.3787907443851
21.56659587864345,90.90891037549619
21.57446689903712,1179.4225987338023
21.582337919430785,279.01154670859745
21.59020893982445,256.2038864731607
21.598079960218115,646.5670113227884
21.60595098061178,2120.2334691859337
21.613822001005445,52.853462517003955
21.62169302139911,218.09408447098647
21.629564041792776,327.74789446217807
21.63743506218644,591.8502935918808
21.645306082580106,560.4663290743346
21.65317710297377,143.2624865107307
21.66104812336744,280.9579259919789
21.668919143761105,142.73712990989532
21.67679016415477,131.7057233822519
21.684661184548435,537.7258189158371
21.6925322049421,191.26623771516446
21.700403225335766,198.62840387072237
21.70827424572943,7.165241521988502
21.716145266123096,25.450600440249865
21.72401628651676,20.659694058009688
21.731887306910426,314.78664813187294
21.73975832730409,26.857178686484275
21.74762934769776,274.08666640783724
21.755500368091425,345.18785483761326
21.76337138848509,461.71171547056
21.771242408878756,387.0632042654137
21.77911342927242,394.8205487283447
21.786984449666086,246.64701629786194
21.79485547005975,87.61172600690564
21.802726490453416,216.5380371989668
21.81059751084708,41.06937599474028
21.818468531240747,1463.6569659593633
21.826339551634415,88.2547138926883
21.83421057202808,324.395416040078
21.842081592421746,1836.1389650291003
21.84995261281541,62.78044915075094
21.857823633209076,130.1878557676679
21.86569465360274,632.5242594382105
21.873565673996406,995.5763690356856
21.88143669439007,477.9365358412292
21.889307714783737,146.69085125576302
21.897178735177402,1436.0070376794017
21.905049755571067,11.621181938586634
21.912920775964736,211.95269956259455
21.9207917963584,226.93685837473487
21.928662816752066,1060.8751785334368
21.93653383714573,551.6349191892087
21.944404857539396,566.9032208863231
21.95227587793306,528.9390938128155
21.960146898326727,1133.3913070310664
21.968017918720392,539.516268934475
21.975888939114057,95.29319557419205
21.983759959507722,477.90221886448137
21.991630979901387,318.70741179824734
21.999502000295056,1068.786675202233
22.00737302068872,231.16342111515743
22.015244041082386,1125.6599550805474
22.02311506147605,359.6737174612805
22.030986081869717,1239.327352014673
22.038857102263382,71.69934962347081
22.046728122657047,135.95677171548766
22.054599143050712,126.5898983196933
22.062470163444377,264.78592119597243
22.070341183838043,653.3177967078412
22.07821220423171,92.32882888208323
22.086083224625376,728.7614252041321
22.09395424501904,1068.8021942266075
22.101825265412707,424.7880038745716
22.109696285806372,170.55902810644554
22.117567306200037,326.79815736412445
22.125438326593702,9.801454548129984
22.133309346987367,203.3420931691476
22.141180367381033,254.17773972845686
22.149051387774698,110.06490338737117
22.156922408168363,1422.3574552322102
22.16479342856203,539.0602255494614
22.172664448955697,287.47865289153003
22.180535469349362,236.89039231772148
22.188406489743027,675.9518741627652
22.196277510136692,1082.576150276356
22.204148530530357,22.230923098791475
22.212019550924023,32.05593556501308
22.219890571317688,125.91222056231375
22.227761591711353,1141.3001849491322
22.235632612105018,1815.6825685618398
22.243503632498683,55.95739339939358
22.251374652892352,716.5509862463981
22.259245673286017,68.76954869320663
22.267116693679682,1348.3125816534355
22.274987714073347,1557.1503316147302
22.282858734467013,62.597352876846735
22.290729754860678,29.792246046697507
22.298600775254343,157.80342663223703
22.306471795648008,107.4450159212554
22.314342816041673,1065.3122197471155
22.32221383643534,514.0073123929349
22.330084856829004,394.3069919093644
22.337955877222672,976.2016558119535
22.345826897616337,2184.597848029134
22.353697918010003,445.0662576318206
22.361568938403668,144.556072134704
22.369439958797333,330.47064896106446
22.377310979190998,472.10272640619905
22.385181999584663,781.5732684729944
22.39305301997833,1372.6799679317962
22.400924040371994,516.2819749887461
22.40879506076566,239.1334970301688
22.416666081159327,2.5258645795565116
22.424537101552993,1134.6833092927448
22.432408121946658,246.98245594786732
22.440279142340323,97.14182025212888
22.448150162733988,730.7645992312304
22.456021183127653,2448.7761874137086
22.46389220352132,751.8342165678306
22.471763223914984,1967.8330953756708
22.47963424430865,436.8842708340655
22.487505264702314,735.1385030885683
22.49537628509598,1561.6420833481207
22.503247305489648,280.97317126173726
22.511118325883313,736.7787174487365
22.518989346276978,13.774812264612743
22.526860366670643,1188.0437728741315
22.53473138706431,875.6712563084789
22.542602407457974,319.347488612393
22.55047342785164,395.4345683512837
22.558344448245304,153.23052230862623
22.56621546863897,774.2866510702489
22.574086489032634,1780.135251263788
22.5819575094263,758.0070120988053
22.589828529819968,108.31646198516985
22.597699550213633,2435.9312490510492
22.6055705706073,401.34736629714746
22.613441591000964,250.0384786054942
22.62131261139463,729.4629327086726
22.629183631788294,1045.2337348904086
22.63705465218196,588.3899154747506
22.644925672575624,803.1603617058855
22.65279669296929,1898.1061786914138
22.660667713362955,1364.1741957742595
22.668538733756623,6.968016270528497
22.67640975415029,1082.9320950333251
22.684280774543954,1791.7586626440357
22.69215179493762,394.90817039749334
22.700022815331284,1561.59933266736
22.70789383572495,582.7120014819372
22.715764856118614,426.2471152822496
22.72363587651228,875.4172082893134
22.731506896905945,1.0334169938357771
22.73937791729961,2614.2834951975765
22.747248937693275,2607.7658378646606
22.755119958086944,742.0136609725571
22.76299097848061,215.48485399929538
22.770861998874274,762.254731791355
22.77873301926794,199.5186056952549
22.786604039661604,299.59458497943046
22.79447506005527,660.4151402660847
22.802346080448935,387.4520314258842
22.8102171008426,124.8000577474707
22.818088121236265,200.00582488128205
22.82595914162993,779.4381200569662
22.833830162023595,458.2273608741802
22.841701182417264,636.0585509755111
22.84957220281093,432.7767017587812
22.857443223204594,358.61511372593475
22.86531424359826,50.31533275035739
22.873185263991925,250.04992686895383
22.88105628438559,438.36432601982204
22.888927304779255,66.36642125084006
22.89679832517292,1.2083260751597036
22.904669345566585,1792.547611152536
22.91254036596025,69.26689722625646
22.920411386353916,147.22578614831346
22.928282406747584,84.02117174273057
22.93615342714125,518.4948103806784
22.944024447534915,312.45183387410793
22.95189546792858,4.144362154362637
22.959766488322245,376.427152652957
22.96763750871591,501.2023341731436
22.975508529109575,581.5665870465297
22.98337954950324,346.73162730726983
22.991250569896906,378.41441991786803
22.99912159029057,629.8341551124824
23.00699261068424,1746.2042863622264
23.014863631077905,97.35051793400999
23.02273465147157,154.95730761577457
23.030605671865235,10.246487511231733
23.0384766922589,271.84975933459737
23.046347712652565,491.4076869605485
23.05421873304623,241.1628529454748
23.062089753439896,482.7025221148932
23.06996077383356,80.28103939416621
23.077831794227226,302.8281005797505
23.08570281462089,1442.4618221387511
23.09357383501456,506.36444739155286
23.101444855408225,592.4457280595132
23.10931587580189,660.5261525115585
23.117186896195555,677.3771684859778
23.12505791658922,203.8295881338597
23.132928936982886,641.7570626496969
23.14079995737655,1041.3660287366458
23.148670977770216,1116.6701259598672
23.15654199816388,21.977587382371343
23.164413018557546,1533.9676835087296
23.17228403895121,117.98090702109297
23.18015505934488,1226.089770780986
23.188026079738545,854.8259927778503
23.19589710013221,74.6951610482341
23.203768120525876,50.391897838024335
23.21163914091954,295.38325332136156
23.219510161313206,596.1762341910728
23.22738118170687,327.4822385881599
23.235252202100536,554.6440964469214
23.2431232224942,12.054871104986336
23.250994242887867,23.284022442316314
23.258865263281532,1433.39166137613
23.2667362836752,259.9437551691221
23.274607304068866,665.3403256689295
23.28247832446253,461.45450831627596
23.290349344856196,4.187463882345115
23.29822036524986,42.274799957031725
23.306091385643526,283.06108535607535
23.31396240603719,415.75337602626144
23.321833426430857,1663.2591205152726
23.329704446824522,112.4809853210544
23.337575467218187,820.2951798996722
23.345446487611856,958.0777757234389
23.35331750800552,670.5497349214049
23.361188528399186,2861.131916828249
23.36905954879285,423.09402591999725
23.376930569186516,1660.991940708089
23.38480158958018,40.169485446469466
23.392672609973847,683.257461889352
23.400543630367512,427.2980940561306
23.408414650761177,131.20081662334601
23.416285671154842,30.57167620944407
23.424156691548507,103.29620743879786
23.432027711942176,1125.0814059961142
23.43989873233584,284.79742941256814
23.447769752729506,22.91511929769794
23.45564077312317,16.406932328381615
23.463511793516837,212.47699333166122
23.471382813910502,592.0560124543936
23.479253834304167,89.63774255678517
23.487124854697832,95.05144832888732
23.494995875091497,83.84159333959492
23.502866895485163,889.1244425468417
23.510737915878828,192.3529168093755
23.518608936272496,596.8193552452306
23.52647995666616,1006.8920582225694
23.534350977059827,59.380068490226805
23.542221997453492,143.6526221911745
23.550093017847157,954.6322553060487
23.557964038240822,1437.5054147837682
23.565835058634487,515.1651990196714
23.573706079028153,680.868919402961
23.581577099421818,134.45502602723238
23.589448119815483,1467.5636168337128
23.59731914020915,82.77929140913137
23.605190160602817,1464.478986945085
23.613061180996482,57.55582518136957
23.620932201390147,1430.0499065444103
23.628803221783812,122.45478280680207
23.636674242177477,925.823971684915
23.644545262571143,1667.6985215684197
23.652416282964808,250.21341137336879
23.660287303358473,579.4171076574045
23.668158323752138,1320.0066754906372
23.676029344145803,2381.496586200531
23.683900364539472,241.859776195515
23.691771384933137,319.50310491440035
23.699642405326802,281.13631355938594
23.707513425720467,295.71335096638205
23.715384446114133,122.56898834525532
23.723255466507798,53.83523158674096
23.731126486901463,636.4779599015766
23.738997507295128,426.3902097457326
23.746868527688793,253.92606390431706
23.75473954808246,264.15270069106134
23.762610568476124,294.58889303039126
23.770481588869792,348.1251401420529
23.778352609263457,1103.7054397558948
23.786223629657123,781.8144240229275
23.794094650050788,470.16130525833046
23.801965670444453,87.06746474131327
23.809836690838118,282.44870184336554
23.817707711231783,526.996262856568
23.82557873162545,335.24276995357945
23.833449752019114,548.9305369005662
23.84132077241278,695.0860372811767
23.849191792806444,262.8324550818711
23.857062813200113,323.1308539556589
23.864933833593778,1937.322860308982
23.872804853987443,561.608685028111
23.880675874381108,2523.8188605186865
23.888546894774773,845.2352805421588
23.89641791516844,177.71940082633435
23.904288935562104,423.9530046992841
23.91215995595577,689.6320119186834
23.920030976349434,1414.7377529457958
23.9279019967431,95.5557341771375
23.935773017136768,0.016957142043559203
23.943644037530433,127.23281209235346
23.951515057924098,1494.7227679022988
23.959386078317763,653.0406394709676
23.96725709871143,215.1234594454314
23.975128119105094,486.632626759187
23.98299913949876,1011.8992416015393
23.990870159892424,330.90336672521835
23.99874118028609,538.461107969496
24.006612200679754,337.8509638979651
24.01448322107342,519.1584096420703
24.022354241467088,519.2310626738771
24.030225261860753,782.1713561244896
24.03809628225442,57.89672158435199
24.045967302648084,107.34030004072032
24.05383832304175,781.2138237686165
24.061709343435414,313.5664932708054
24.06958036382908,173.08724848328808
24.077451384222744,151.63838967534357
24.08532240461641,167.25564839556694
24.093193425010075,241.71378878399176
24.10106444540374,19.693107393002958
24.10893546579741,538.5728740719162
24.116806486191074,216.33652103451993
24.12467750658474,48.22985142970582
24.132548526978404,95.80375003136994
24.14041954737207,196.62166142930147
24.148290567765734,828.1992124379407
24.1561615881594,29.547312677828945
24.164032608553065,817.0111107023998
24.17190362894673,70.33878049698724
24.179774649340395,1165.877919331212
24.18764566973406,373.4405395382374
24.19551669012773,925.3235615108781
24.203387710521394,427.5976463075918
24.21125873091506,1388.5071708881544
24.219129751308724,1330.3871257976045
24.22700077170239,128.85614442146309
24.234871792096055,417.9220116526205
24.24274281248972,2867.5147465404957
24.250613832883385,58.07367953862313
24.25848485327705,21.250045111014973
24.266355873670715,59.26309422667956
24.274226894064384,533.9454030800916
24.28209791445805,427.21997069875493
24.289968934851714,1223.6721824391877
24.29783995524538,246.95074985872083
24.305710975639045,182.39028825769992
24.31358199603271,14.004353206966364
24.321453016426375,997.7549673429335
24.32932403682004,770.7836618260853
24.337195057213705,649.025066892986
24.34506607760737,143.9399543979404
24.352937098001036,137.64054494958248
24.360808118394704,711.9536751841035
24.36867913878837,461.7454591605207
24.376550159182035,218.56764305957864
24.3844211795757,326.75022237945745
24.392292199969365,65.42364284460301
24.40016322036303,26.947451143710328
24.408034240756695,38.76835266399377
24.41590526115036,377.33224196313256
24.423776281544026,302.8498647904857
24.43164730193769,167.1906465330245
24.439518322331356,137.90126256745586
24.447389342725025,274.7277184660129
24.45526036311869,969.5518517684446
24.463131383512355,352.6005848138692
24.47100240390602,996.9706994945248
24.478873424299685,272.35229681893
24.48674444469335,85.50079377076361
24.494615465087016,229.66034100946118
24.50248648548068,219.20748829518718
24.510357505874346,150.85002749861798
24.51822852626801,478.9974707467146
24.52609954666168,430.80012997689664
24.533970567055345,89.85089143422795
24.54184158744901,937.889423276395
24.549712607842675,1150.6545101974805
24.55758362823634,36.138888139892266
24.565454648630006,315.73294784086096
24.57332566902367,877.5420074328122
24.581196689417336,2333.9364906042947
24.589067709811,243.24587233164988
24.596938730204666,529.0849362932439
24.60480975059833,117.04030854842748
24.612680770992,715.7903793819899
24.620551791385665,62.24722099286566
24.62842281177933,354.0438008982168
24.636293832172996,1194.6321460337647
24.64416485256666,757.4362390293874
24.652035872960326,91.84562905234088
24.65990689335399,183.39668741115005
24.667777913747656,591.7286539395773
24.67564893414132,981.1769090245438
24.683519954534987,162.7928488108061
24.69139097492865,467.39033765152243
24.69926199532232,1928.1790040281458
24.707133015715986,900.9711541119235
24.71500403610965,15.41735145395447
24.722875056503316,267.54017254774675
24.73074607689698,740.7917122714347
24.738617097290646,181.68343657977348
24.74648811768431,214.86195984393106
24.754359138077977,704.0800759919641
24.76223015847164,193.62696735533513
24.770101178865307,7.975368878450048
24.777972199258972,398.1698411737827
24.78584321965264,221.51990342569567
24.793714240046306,291.66100688043633
24.80158526043997,1209.9985145899295
24.809456280833636,122.50751894456701
24.8173273012273,16.800438925280545
24.825198321620967,25.493544344961425
24.833069342014632,130.3677877493082
24.840940362408297,161.0420772398965
24.848811382801962,210.34824781706007
24.856682403195627,103.25963493571842
24.864553423589296,963.1294045823976
24.87242444398296,1825.4854457047304
24.880295464376626,235.63711621820303
24.88816648477029,83.16019770798906
24.896037505163957,1350.4542321312563
24.903908525557622,173.7354851239143
24.911779545951287,400.032035925794
24.919650566344952,359.7748106459261
24.927521586738617,163.06997580538942
24.935392607132282,1403.558749110766
24.943263627525948,424.8058298313161
24.951134647919616,13.170469046954631
24.95900566831328,226.27490986015178
24.966876688706947,108.37634861637721
24.974747709100612,386.1741206355892
24.982618729494277,474.13575101978586
24.990489749887942,1768.4546931046461
24.998360770281607,268.86176667179495
25.006231790675272,307.0602681204137
25.014102811068938,2304.300845253126
25.021973831462603,228.64352358406006
25.029844851856268,1029.8966359094193
25.037715872249937,1353.0425865159273
25.045586892643602,279.0006382648615
25.053457913037267,469.4180773902675
25.061328933430932,581.486043931674
25.069199953824597,1114.49614947245
25.077070974218262,2179.6060252422276
25.084941994611928,1528.3500946179045
25.092813015005593,589.371312467359
25.100684035399258,522.1018622644929
25.108555055792923,446.0659543586893
25.116426076186592,547.8759996044005
25.124297096580257,446.1800923586573
25.132168116973922,1715.419537089697
25.140039137367587,959.6747150430473
25.147910157761252,10.039081738642995
25.155781178154918,404.15905202295636
25.163652198548583,966.770328158698
25.171523218942248,1523.6340872443363
25.179394239335913,219.5653294642396
25.18726525972958,110.83483664527314
25.195136280123243,159.97462690120125
25.203007300516912,741.8345550321558
25.210878320910577,458.6514735580094
25.218749341304243,239.80215049227408
25.226620361697908,18.342788382595984
25.234491382091573,460.718879055256
25.242362402485238,125.81267815626902
25.250233422878903,410.99499133101125
25.25810444327257,328.23776685493146
25.265975463666233,451.56131193123343
25.2738464840599,841.1922819326314
25.281717504453564,238.0339226380338
25.289588524847233,533.6446211501367
25.297459545240898,617.4750350343825
25.305330565634563,116.63538774912035
25.313201586028228,79.57421363160418
25.321072606421893,302.0009202296656
25.32894362681556,505.38162950450453
25.336814647209223,508.7517988561327
25.34468566760289,771.1478270665513
25.352556687996554,538.0319780515853
25.36042770839022,116.20174450705072
25.368298728783884,1449.1510072343106
25.376169749177553,306.78807249350643
25.384040769571218,10.817539273375225
25.391911789964883,867.1264079010914
25.39978281035855,592.5929037497035
25.407653830752214,86.19683779236139
25.41552485114588,152.2760438801321
25.423395871539544,207.30930139668422
25.43126689193321,121.54030155904279
25.439137912326874,715.6885733813781
25.44700893272054,2.5678396234803276
25.454879953114208,26.919735214283925
25.462750973507873,963.1473927468124
25.47062199390154,221.21339685874366
25.478493014295204,142.64591122284554
25.48636403468887,1625.9553641588266
25.494235055082534,474.8295262635612
25.5021060754762,115.45102576387659
25.509977095869864,488.4429533033033
25.51784811626353,366.0221145556179
25.525719136657194,1391.9665537148737
25.53359015705086,776.9722904242287
25.54146117744453,33.59429937103815
25.549332197838194,306.2354601402975
25.55720321823186,1715.6711024742406
25.565074238625524,179.14657021888897
25.57294525901919,729.9628803404762
25.580816279412854,106.629383506714
25.58868729980652,763.8239582729025
25.596558320200185,229.38648462105147
25.60442934059385,46.06388050635901
25.612300360987515,267.086213979524
25.62017138138118,1199.6524071581043
25.62804240177485,1076.511225511466
25.635913422168514,726.2981497540361
25.64378444256218,46.27886996162545
25.651655462955844,167.07661823946364
25.65952648334951,20.134514644810825
25.667397503743175,89.52772625318651
25.67526852413684,406.73372281165734
25.683139544530505,19.714624107216768
25.69101056492417,128.46908740617633
25.698881585317835,84.39360560092317
25.7067526057115,66.92650123564167
25.71462362610517,116.69952540376356
25.722494646498834,33.221069882063475
25.7303656668925,76.21786142312119
25.738236687286165,183.27242063363803
25.74610770767983,420.36331737855573
25.753978728073495,65.34016896808433
25.76184974846716,629.1609114788871
25.769720768860825,833.8875150948181
25.77759178925449,117.60200389923602
25.785462809648156,231.2369722612547
25.793333830041824,920.9756005259305
25.80120485043549,372.1036279646415
25.809075870829155,513.1269792566361
25.81694689122282,815.5676088158785
25.824817911616485,134.15623452865373
25.83268893201015,234.24591114187658
25.840559952403815,314.09874062858944
25.84843097279748,216.13234542287933
25.856301993191146,59.56460248173841
25.86417301358481,720.6987560160858
25.872044033978476,889.6535943368492
25.879915054372145,2124.341143933322
25.88778607476581,145.36331966813668
25.895657095159475,1108.602142952447
25.90352811555314,110.73212167803972
25.911399135946805,346.91519327365785
25.91927015634047,135.20253153320414
25.927141176734136,408.32703194365615
25.9350121971278,746.0228595615196
25.942883217521466,32.304406597366125
25.95075423791513,430.64031312664963
25.958625258308796,114.12584788985254
25.966496278702465,583.1593318660471
25.97436729909613,131.74239933971458
25.982238319489795,390.5326221051037
25.99010933988346,55.782810429782316
25.997980360277126,933.9685362870798
26.00585138067079,1370.4488476585698
26.013722401064456,317.7241776900779
26.02159342145812,542.6364026127623
26.029464441851786,702.4222998192282
26.03733546224545,25.061638123441156
26.04520648263912,136.9333648241652
26.053077503032785,618.2961451245242
26.06094852342645,18.73364431008417
26.068819543820116,1884.6592605170617
26.07669056421378,456.4009011019758
26.084561584607446,403.7159486114926
26.09243260500111,1428.5968115719897
26.100303625394776,1252.0430090357138
26.10817464578844,1448.6866510363898
26.116045666182107,54.301361386048484
26.12391668657577,631.0345714474493
26.13178770696944,299.00229239596104
26.139658727363106,144.50745945110805
26.14752974775677,230.3584487354233
26.155400768150436,1595.5685046477076
26.1632717885441,133.28332195248566
26.171142808937766,1359.9210269085602
26.17901382933143,33.859661817507714
26.186884849725097,430.0827206064938
26.19475587011876,474.3739338333563
26.202626890512427,1997.0218654512162
26.210497910906092,246.19610326404697
26.21836893129976,1408.0925741317794
26.226239951693426,627.486578847663
26.23411097208709,215.62402764837915
26.241981992480756,1429.244790956833
26.24985301287442,2887.757466293436
26.257724033268087,1172.829184501219
26.26559505366175,124.01511293380206
26.273466074055417,742.4852305693338
26.281337094449082,4300.283165049026
26.289208114842747,409.39705540217875
26.297079135236412,342.5284460671743
26.30495015563008,2320.014118402865
26.312821176023746,87.6021967859339
26.32069219641741,358.0234119489641
26.328563216811077,1066.2153785554694
26.33643423720474,859.0628369242071
26.344305257598407,364.7675836802951
26.352176277992072,485.9485026380821
26.360047298385737,745.4416357139888
26.367918318779402,1156.6422054041427
26.375789339173068,821.5856227487575
26.383660359566736,225.39623662451177
26.3915313799604,850.7608602815731
26.399402400354067,1531.628848447077
26.40727342074773,193.97921446658063
26.415144441141397,873.4760139940645
26.423015461535062,1709.112686914929
26.430886481928727,203.28952748017272
26.438757502322392,602.3141979498639
26.446628522716058,255.50004066889272
26.454499543109723,2358.475516927846
26.462370563503388,365.09483103762295
26.470241583897057,782.4493195590543
26.478112604290722,127.59709701997276
26.485983624684387,1357.6171523498308
26.493854645078052,848.364066987184
26.501725665471717,61.4178105136083
26.509596685865382,113.96983834046881
26.517467706259048,493.2286558403602
26.525338726652713,240.65722522676492
26.533209747046378,388.9559966458477
26.541080767440043,495.33018058335756
26.54895178783371,134.79136443196379
26.556822808227377,498.3013590214693
26.564693828621042,377.96841782210225
26.572564849014707,2853.609886017728
26.580435869408372,136.46987918586382
26.588306889802038,87.29638618143886
26.596177910195703,175.27871123806355
26.604048930589368,196.16598023626665
26.611919950983033,743.2056191431066
26.6197909713767,506.50308847551617
26.627661991770363,46.35729756284116
26.635533012164032,41.89286423050825
26.643404032557697,28.481418928483492
26.651275052951362,120.64044549258222
26.659146073345028,172.69454128557007
26.667017093738693,273.15466439007855
26.674888114132358,848.4835390385133
26.682759134526023,52.36802954698743
26.69063015491969,7.100814119251872
26.698501175313353,1399.797670284818
26.70637219570702,129.45632353409724
26.714243216100684,192.9019999207121
26.722114236494352,594.6638333817478
26.729985256888018,1109.0960831969487
26.737856277281683,1061.6868645432205
26.745727297675348,168.44201884629928
26.753598318069013,274.39387974229885
26.76146933846268,470.76231115383365
26.769340358856343,238.81539471869962
26.77721137925001,435.55972643892994
26.785082399643674,49.775107774301574
26.79295342003734,2114.4838460271108
26.800824440431004,22.643334871044868
26.808695460824673,102.20637990058717
26.816566481218338,514.5547265840818
26.824437501612003,202.6446528599243
26.83230852200567,741.602762242723
26.840179542399333,474.8039590221227
26.848050562793,743.4417887534086
26.855921583186664,673.823729387207
26.86379260358033,667.9674284454036
26.871663623973994,82.32988836483335
26.87953464436766,1918.6912676347015
26.887405664761324,1322.837313832304
26.895276685154993,81.18336937035036
26.90314770554866,498.81228748476053
26.911018725942323,259.48849499057894
26.91888974633599,3154.693159092469
26.926760766729654,990.922433187445
26.93463178712332,297.5407354203631
26.942502807516984,1641.203527531694
26.95037382791065,504.8913516412961
26.958244848304314,255.9691878687623
26.96611586869798,608.5787991461583
26.97398688909165,797.1113499930831
26.981857909485313,399.76484426179525
26.98972892987898,81.33981960743515
26.997599950272644,189.5746021821628
27.00547097066631,1303.7515105650905
27.013341991059974,261.1189931286062
27.02121301145364,1688.2276843623547
27.029084031847304,446.2851593833411
27.03695505224097,3514.3288478569566
27.044826072634635,64.34104379006305
27.0526970930283,122.6393692402254
27.06056811342197,1025.9507120821938
27.068439133815634,639.7795816485502
27.0763101542093,1531.9641171893475
27.084181174602964,1536.3000850463281
27.09205219499663,521.3016007402023
27.099923215390294,1102.8813400926801
27.10779423578396,355.3133409951975
27.115665256177625,1596.91070600246
27.12353627657129,96.3477094739721
27.131407296964955,586.0708566391411
27.13927831735862,242.45246040589652
27.14714933775229,373.9047742023469
27.155020358145954,121.88888365394224
27.16289137853962,817.3536430660272
27.170762398933284,367.77082903510853
27.17863341932695,118.66252284389316
27.186504439720615,480.31910642718753
27.19437546011428,562.0960130016241
27.202246480507945,97.34129678134948
27.21011750090161,1278.6500070388909
27.217988521295275,171.85828600504763
27.22585954168894,813.9297931927769
27.23373056208261,692.6248735543928
27.241601582476275,331.1416682425028
27.24947260286994,245.95002268178496
27.257343623263605,71.63987681941352
27.26521464365727,471.24229653293344
27.273085664050935,507.90962525607455
27.2809566844446,581.6133149969722
27.288827704838265,1023.0196197088205
27.29669872523193,70.3476584309859
27.304569745625596,372.99354093767437
27.312440766019265,253.22654496212778
27.32031178641293,531.8389449890254
27.328182806806595,49.98158158848103
27.33605382720026,1335.9063485085344
27.343924847593925,141.08886045407436
27.35179586798759,362.9700767406117
27.359666888381255,352.08431382057114
27.36753790877492,243.3496541725871
27.375408929168586,107.62208214503607
27.38327994956225,186.07387654810438
27.391150969955916,514.8725339577182
27.399021990349585,660.5476534843748
27.40689301074325,308.21254485470746
27.414764031136915,212.19358371968053
27.42263505153058,38.664277863514656
27.430506071924246,820.7912116495573
27.43837709231791,1173.4638746327696
27.446248112711576,130.78604971385485
27.45411913310524,520.6804633909501
27.461990153498906,180.7549036328777
27.46986117389257,165.97642739334546
27.477732194286236,162.3673178195216
27.485603214679905,425.2076883021131
27.49347423507357,275.49893898364377
27.501345255467236,1012.0768858607681
27.5092162758609,225.41413165222585
27.517087296254566,2702.8492801329917
27.52495831664823,485.76367325104985
27.532829337041896,107.59288199931693
27.54070035743556,666.0604649640119
27.548571377829226,208.4825508825572
27.55644239822289,195.28435619672481
27.56431341861656,67.38611644879539
27.572184439010226,99.11274799761755
27.58005545940389,808.068121081792
27.587926479797556,555.1401786305908
27.59579750019122,474.86349684650486
27.603668520584886,74.12447021502852
27.61153954097855,501.18566540369267
27.619410561372217,1024.7272517662998
27.62728158176588,735.7989457108721
27.635152602159547,1855.5336543204592
27.643023622553212,679.6847173799894
27.65089464294688,2.032562399966569
27.658765663340546,219.4311999910437
27.66663668373421,829.4526572597689
27.674507704127876,456.24925944063324
27.68237872452154,28.839844347930406
27.690249744915207,94.08950382530706
27.69812076530887,729.1940663460819
27.705991785702537,40.84770173149093
27.713862806096202,168.94372259206526
27.721733826489867,97.35730813340776
27.729604846883532,604.5269826876241
27.7374758672772,64.91338490715836
27.745346887670866,180.10680858371637
27.75321790806453,82.15362586964787
27.761088928458197,234.73554345110452
27.76895994885186,119.24231493392371
27.776830969245527,166.09732566502353
27.784701989639192,73.04908197474994
27.792573010032857,182.94245290511822
27.800444030426522,225.68926283544315
27.808315050820188,185.53859632645896
27.816186071213853,1720.8189810879053
27.82405709160752,434.3140148455489
27.831928112001187,331.7028530366134
27.83979913239485,94.31603320380628
27.847670152788517,573.5149282507446
27.855541173182182,177.74422789142554
27.863412193575847,187.80181847640753
27.871283213969512,133.62609334376165
27.879154234363178,1099.2538922130152
27.887025254756843,802.4878741932641
27.894896275150508,1124.7541723054997
27.902767295544177,542.6006130944338
27.91063831593784,357.4884115203096
27.918509336331507,222.48433229145246
27.926380356725172,441.7926250704235
27.934251377118837,23.638987941760195
27.942122397512502,516.7738214455866
27.949993417906168,1338.1060805710842
27.957864438299833,259.662034900978
27.965735458693498,7.643926291497603
27.973606479087163,219.492094648092
27.981477499480828,84.45439611716176
27.989348519874497,987.7155020312774
27.997219540268162,1220.4986931606807
28.005090560661827,518.5560985506659
28.012961581055492,93.3961692890339
28.020832601449158,539.5424547842237
28.028703621842823,529.7536429804868
28.036574642236488,435.15057710877784
28.044445662630153,236.56242184444463
28.052316683023818,69.3258198803322
28.060187703417483,714.7701731334437
28.06805872381115,1049.9053645804345
28.075929744204817,681.1805022506437
28.083800764598482,51.54487298074031
28.091671784992148,664.0881849379067
28.099542805385813,439.8293095432655
28.107413825779478,46.91195098624243
28.115284846173143,321.66988072923436
28.123155866566808,1548.184939074268
28.131026886960473,156.55790077846345
28.13889790735414,911.6850371352971
28.146768927747804,17.459503021389047
28.154639948141472,87.60059083776667
28.162510968535138,1004.4420225901225
28.170381988928803,154.54246707648397
28.178253009322468,134.6864012570759
28.186124029716133,2615.8289985584875
28.1939950501098,155.71885061066575
28.201866070503463,711.8871303096436
28.20973709089713,1285.627641708168
28.217608111290794,15.975018656008258
28.22547913168446,101.55779173970333
28.233350152078124,83.47053349880801
28.241221172471793,956.1825539269718
28.249092192865458,407.15863578123736
28.256963213259123,222.69773792979598
28.26483423365279,46.10652603829174
28.272705254046453,169.6520958658153
28.28057627444012,516.0517218346574
28.288447294833784,679.9112875827823
28.29631831522745,1015.4319322903283
28.304189335621114,22.62290707057987
28.31206035601478,468.8078915743576
28.319931376408444,282.91058280594984
28.327802396802113,537.0669916352822
28.33567341719578,6.183420585042908
28.343544437589443,92.13966053637361
28.35141545798311,245.4298712851123
28.359286478376774,247.74906434054358
28.36715749877044,4.739096462572902
28.375028519164104,116.46227647298564
28.38289953955777,276.03584384968974
28.390770559951434,99.94643842154156
28.3986415803451,1952.7036480785944
28.406512600738765,57.380852017501276
28.414383621132433,453.49755331649953
28.4222546415261,1224.8343834773539
28.430125661919764,639.0201379074443
28.43799668231343,1411.4245416439135
28.445867702707094,1020.0042254812989
28.45373872310076,356.6978430868281
28.461609743494424,345.4143090536774
28.46948076388809,179.83717899529856
28.477351784281755,164.61907749556843
28.48522280467542,277.0345243900932
28.49309382506909,746.4343885756765
28.500964845462754,761.2836682056997
28.50883586585642,92.7910451233156
28.516706886250084,2.2928041461607713
28.52457790664375,60.672630734209555
28.532448927037414,1746.1062204928837
28.54031994743108,5.514510930489298
28.548190967824745,49.682498130173855
28.55606198821841,161.2576554421387
28.563933008612075,628.4476997109102
28.57180402900574,2.8492362830477305
28.57967504939941,92.29798838660906
28.587546069793074,1006.0711907511827
28.59541709018674,8.341329405766432
28.603288110580404,500.7174357125242
28.61115913097407,509.2885136734347
28.619030151367735,82.27795869916004
28.6269011717614,40.91140651573555
28.634772192155065,128.7066449608787
28.64264321254873,1836.2067393079662
28.650514232942395,644.1509665403298
28.65838525333606,267.7106991127539
28.66625627372973,2772.4450956856895
28.674127294123394,139.20390832550845
28.68199831451706,27.220151718628532
28.689869334910725,699.4570296424027
28.69774035530439,659.8708276683981
28.705611375698055,663.5400428354815
28.71348239609172,195.10574244060243
28.721353416485385,2.1347695482550577
28.72922443687905,619.4762688016588
28.737095457272716,2954.037148529954
28.74496647766638,1212.064880713163
28.75283749806005,539.309197782136
28.760708518453715,804.5438567279236
28.76857953884738,1013.3611349370996
28.776450559241045,705.228169134058
28.78432157963471,3254.365779493644
28.792192600028375,83.8575288616535
28.80006362042204,1074.2990057628292
28.807934640815706,724.0808664398277
28.81580566120937,200.69333920542667
28.823676681603036,403.4134491127554
28.831547701996705,698.7532786851389
28.83941872239037,133.45834147092003
28.847289742784035,565.5714361109779
28.8551607631777,590.283365748741
28.863031783571365,321.2886484943477
28.87090280396503,7.952368648176402
28.878773824358696,92.53288668892543
28.88664484475236,122.48431581184767
28.894515865146026,76.31308939862734
28.90238688553969,158.2213574691901
28.910257905933356,14.808140239258693
28.918128926327025,174.99615353635636
28.92599994672069,642.7085994087997
28.933870967114355,2105.6131628367666
28.94174198750802,854.983138448915
28.949613007901686,668.1853632773954
28.95748402829535,47.17693802449754
28.965355048689016,1070.7588427472333
28.97322606908268,575.870606423038
28.981097089476346,240.84976632937662
28.98896810987001,222.64858883714464
28.996839130263677,313.2899087308535
29.004710150657345,399.50621477355605
29.01258117105101,16.614459183227325
29.020452191444676,329.3042286137581
29.02832321183834,914.7607982120386
29.036194232232006,256.21144266543183
29.04406525262567,523.1443101846116
29.051936273019336,456.75461802987263
29.059807293413,1818.3013622792228
29.067678313806667,180.20705875881256
29.075549334200332,260.140749505985
29.083420354594,602.5278207416304
29.091291374987666,126.01542011870133
29.09916239538133,1283.2883446746425
29.107033415774996,280.8256289128826
29.11490443616866,382.7177448371381
29.122775456562326,791.8153053994615
29.13064647695599,62.93145616965421
29.138517497349657,591.1413797313087
29.146388517743322,52.11647112719536
29.154259538136987,253.95141995545342
29.162130558530652,274.53071821243515
29.17000157892432,694.89535781839
29.177872599317986,91.94736228411627
29.18574361971165,765.2050704301064
29.193614640105316,496.4457636054179
29.20148566049898,118.41200330847562
29.209356680892647,230.0737435020079
29.217227701286312,458.20732528410025
29.225098721679977,56.84086903950526
29.232969742073642,17.589134095043175
29.240840762467307,2289.105606755307
29.248711782860973,8.947283033956115
29.25658280325464,1000.6135169795235
29.264453823648306,50.18752482517154
29.27232484404197,1951.720697128144
29.280195864435637,30.057173384368145
29.288066884829302,709.6373737211062
29.295937905222967,1401.8591741128337
29.303808925616632,79.9162985768629
29.311679946010297,37.94846214653003
29.319550966403963,952.5377680624827
29.327421986797628,2297.5338719551028
29.335293007191293,88.02872515699168
29.34316402758496,63.95651712915104
29.351035047978627,997.0887559965464
29.358906068372292,367.3131267935097
29.366777088765957,152.42936451023616
29.374648109159622,578.2963365867961
29.382519129553287,1842.5365972515249
29.390390149946953,356.9432269387418
29.398261170340618,397.1051503972143
29.406132190734283,2288.2097707445555
29.414003211127948,922.3321499146331
29.421874231521617,3006.165700093327
29.429745251915282,1170.6773296644528
29.437616272308947,1972.0540090684262
29.445487292702612,603.9172526573112
29.453358313096277,1993.6665374531838
29.461229333489943,842.3764442653267
29.469100353883608,262.04283264146346
29.476971374277273,1212.239793862589
29.484842394670938,296.7110716270164
29.492713415064603,485.54569788488584
29.50058443545827,154.62485353360424
29.508455455851937,1614.411881202374
29.516326476245602,607.930284038146
29.524197496639268,487.62972341788577
29.532068517032933,605.9184443352117
29.539939537426598,215.3383406985917
29.547810557820263,0.08081444385935821
29.555681578213928,123.79204716041737
29.563552598607593,102.0686919916256
29.57142361900126,283.1983520891199
29.579294639394924,287.04485537432885
29.58716565978859,543.7017489329417
29.595036680182258,1034.125365867937
29.602907700575923,399.8805651815873
29.610778720969588,110.20367339467631
29.618649741363253,32.43292684996144
29.626520761756918,17.86970846249058
29.634391782150583,1034.1759306847132
29.64226280254425,403.0292963902472
29.650133822937914,710.7875955492132
29.65800484333158,1516.9010829051088
29.665875863725244,2398.356299395876
29.673746884118913,1078.3670824653225
29.681617904512578,278.95889879769226
29.689488924906243,743.6648379691879
29.697359945299908,485.3677240613568
29.705230965693573,459.0815453957878
29.71310198608724,39.96798981046364
29.720973006480904,324.77620236279677
29.72884402687457,17.688364576395536
29.736715047268234,443.7358679202366
29.7445860676619,828.6755598667759
29.752457088055564,7.483097204169617
29.760328108449233,211.39523874696167
29.768199128842898,50.56691360286602
29.776070149236563,372.79073259713454
29.78394116963023,300.8550333765142
29.791812190023894,10.932904892559304
29.79968321041756,69.68626467939872
29.807554230811224,64.54892750125092
29.81542525120489,32.67875880592533
29.823296271598554,534.8792758863899
29.83116729199222,61.38634204128751
29.839038312385885,211.34562762388578
29.846909332779553,72.80817651254078
29.85478035317322,234.71056304435638
29.862651373566884,433.0483147565702
29.87052239396055,1087.4547926461482
29.878393414354214,307.7939945863406
29.88626443474788,3.641766765119458
29.894135455141544,436.9019425507156
29.90200647553521,411.64129928723514
29.909877495928875,75.34491706229004
29.91774851632254,510.34201582398947
29.925619536716205,3062.876598032805
29.933490557109874,339.70562815514495
29.94136157750354,320.97621072297136
29.949232597897204,95.13876677667689
29.95710361829087,634.7466443894787
29.964974638684534,419.8526364957387
29.9728456590782,159.5823466551772
29.980716679471865,1919.7878045951475
29.98858769986553,101.68190652079574
29.996458720259195,469.6640813755883
30.00432974065286,150.30246905932793
30.01220076104653,1320.239900029813
30.020071781440194,11.373773367807281
30.02794280183386,563.3395491800236
30.035813822227524,267.7933930396712
30.04368484262119,466.25348463948126
30.051555863014855,416.46375731792824
30.05942688340852,478.476397472971
30.067297903802185,921.7635090557685
30.07516892419585,1393.890886935729
30.083039944589515,259.19322436584144
30.09091096498318,1138.279465579873
30.09878198537685,105.26719906266135
30.106653005770514,653.2570416135358
30.11452402616418,854.1877641680564
30.122395046557845,247.47537458879353
30.13026606695151,92.87683720973841
30.138137087345175,1335.5658052706754
30.14600810773884,210.98583940037835
30.153879128132505,8.763645300318572
30.16175014852617,188.05680960647302
30.169621168919836,619.8398639378648
30.1774921893135,207.84720659378976
30.18536320970717,104.06916120639727
30.193234230100835,403.59687130367746
30.2011052504945,148.58918295321268
30.208976270888165,589.0908699598066
30.21684729128183,155.18484195350655
30.224718311675495,977.3582021232907
30.23258933206916,359.5769631532213
30.240460352462826,552.9178242068564
30.24833137285649,47.26520244940487
30.256202393250156,1353.439208317836
30.26407341364382,633.2033298923171
30.27194443403749,331.76825149627473
30.279815454431155,187.16149057477045
30.28768647482482,180.75815931373648
30.295557495218485,1248.4215861538103
30.30342851561215,160.18821026173515
30.311299536005816,77.69118494405795
30.31917055639948,1582.6915074316748
30.327041576793146,323.2003156732064
30.33491259718681,1092.9642442042507
30.342783617580476,1575.6600224632602
30.350654637974145,968.0977931126602
30.35852565836781,22.31598044243106
30.366396678761475,771.935832002295
30.37426769915514,645.322883414611
30.382138719548806,1140.7657429018209
30.39000973994247,503.6331232219941
30.397880760336136,872.8427588731751
30.4057517807298,246.0391835196847
30.413622801123466,387.40666257069853
30.42149382151713,876.7672817051665
30.429364841910797,227.61225542042155
30.437235862304465,447.8274066508797
30.44510688269813,702.0803614297084
30.452977903091796,383.79063390438847
30.46084892348546,248.1302363128653
30.468719943879126,563.403213459966
30.47659096427279,44.22003784123998
30.484461984666456,265.75952551004326
30.49233300506012,27.616859039926553
30.500204025453787,238.88043776503943
30.508075045847452,218.3955422905696
30.515946066241117,1387.3363272620766
30.523817086634786,45.76681420549543
30.53168810702845,1148.8115239084789
30.539559127422116,2154.148773338839
30.54743014781578,2323.1164907260863
30.555301168209446,115.77864150083775
30.56317218860311,7.874763989757889
30.571043208996777,101.70322105612354
30.578914229390442,735.4677115589227
30.586785249784107,996.0918513339639
30.594656270177772,572.3871914391942
30.60252729057144,647.586154720173
30.610398310965106,916.9045186203845
30.61826933135877,309.040893851891
30.626140351752436,198.0117657493082
30.6340113721461,373.2961638633033
30.641882392539767,130.81898392085543
30.649753412933432,70.11404121505235
30.657624433327097,99.6335022179059
30.665495453720762,1063.7967074992966
30.673366474114427,74.16001485314833
30.681237494508093,390.37997180423065
30.68910851490176,282.8755964139311
30.696979535295426,266.2716400284014
30.70485055568909,271.62583847630714
30.712721576082757,1075.3153369702666
30.720592596476422,319.82194974663156
30.728463616870087,2370.320118054667
30.736334637263752,1337.9036079684645
30.744205657657417,1084.2238724893007
30.752076678051083,452.3347743258652
30.759947698444748,247.29576618255913
30.767818718838413,41.28793992188706
30.77568973923208,154.6151577760223
30.783560759625747,346.36995184764953
30.791431780019412,377.3440379605129
30.799302800413077,1036.6846849124981
30.807173820806742,3187.1546384436133
30.815044841200407,1623.1429708328778
30.822915861594073,1490.4845619280522
30.830786881987738,740.4112879242236
30.838657902381403,324.14063904162106
30.846528922775068,81.70247774425361
30.854399943168733,1885.3882690986063
30.862270963562402,1568.1924395099397
30.870141983956067,159.94111502386193
30.878013004349732,327.00139775230656
30.885884024743397,792.2028303015825
30.893755045137063,1175.6705717271634
30.901626065530728,3.000471178343174
30.909497085924393,350.87452935336574
30.917368106318058,202.70501638583966
30.925239126711723,50.59470552755873
30.93311014710539,1091.1160879719732
30.940981167499057,451.02729430276605
30.948852187892722,267.8675158080649
30.956723208286387,40.749700283648224
30.964594228680053,3078.0045641754114
30.972465249073718,72.46649030035478
30.980336269467383,824.9115729617304
30.988207289861048,597.6751775097066
30.996078310254713,798.326552750146
31.00394933064838,757.2843415161353
31.011820351042044,250.4476209780127
31.01969137143571,267.81514492189615
31.027562391829377,146.24283891981025
31.035433412223043,15.331232699181877
31.043304432616708,127.45300299863102
31.051175453010373,63.25180338293229
31.059046473404038,344.4534544694981
31.066917493797703,1288.80750500925
31.07478851419137,52.5317265494896
31.082659534585034,53.99694559538886
31.0905305549787,84.86590109318828
31.098401575372364,694.7341847697418
31.10627259576603,37.790205145364
31.114143616159698,34.67238920446841
31.122014636553363,168.52227322320587
31.129885656947028,1.3910610409357678
31.137756677340693,772.0692534578401
31.14562769773436,809.6011864044733
31.153498718128024,1046.839338185396
31.16136973852169,266.0462443818774
31.169240758915354,59.017076103696
31.17711177930902,532.1663557259374
31.184982799702684,660.6354019541764
31.192853820096353,13.414787665781986
31.200724840490018,880.0976540578022
31.208595860883683,1872.43077323275
31.21646688127735,1570.2057714101804
31.224337901671014,981.2476206532492
31.23220892206468,358.7349512911839
31.240079942458344,508.0430265603064
31.24795096285201,1326.5934113316712
31.255821983245674,677.5271227200521
31.26369300363934,1253.5399783854098
31.271564024033005,1130.7021227384223
31.279435044426673,1524.2048753732906
31.28730606482034,245.2615993461153
31.295177085214004,297.0395971187285
31.30304810560767,14.413901449674437
31.310919126001334,293.54894753222715
31.318790146395,250.3253041248444
31.326661166788664,350.7383157474829
31.33453218718233,844.804030276039
31.342403207575995,96.56756569617094
31.35027422796966,295.92062662433545
31.358145248363325,150.3307322062041
31.366016268756994,363.8756422648288
31.37388728915066,475.59643387538864
31.381758309544324,2494.6464521281177
31.38962932993799,882.0879849042011
31.397500350331654,91.97236855228515
31.40537137072532,173.74945498910608
31.413242391118985,2565.67252351241
31.42111341151265,652.9928669624315
31.428984431906315,74.94151861438083
31.43685545229998,2937.4448364843574
31.444726472693645,1433.9197665174665
31.452597493087314,1263.7325780014514
31.46046851348098,567.048653848883
31.468339533874644,169.93462989030633
31.47621055426831,2450.5579687483387
31.484081574661975,265.744416762839
31.49195259505564,587.6604041923393
31.499823615449305,1.3390083901272858
31.50769463584297,201.50110926242172
31.515565656236635,21.801241793389508
31.5234366766303,388.8310323071656
31.53130769702397,265.2322008626477
31.539178717417634,19.758414372257093
31.5470497378113,252.31874588939243
31.554920758204965,21.662096427278005
31.56279177859863,505.17538979966463
31.570662798992295,461.9239667745397
31.57853381938596,1378.8260618754218
31.586404839779625,91.74055608671944
31.59427586017329,68.12950900205927
31.602146880566956,500.5032084318648
31.61001790096062,269.1595445151605
31.61788892135429,2137.6409447798715
31.625759941747955,1047.4928503197195
31.63363096214162,115.9821826965677
31.641501982535285,1375.3171413332398
31.64937300292895,1488.7122912816453
31.657244023322615,112.57643585713433
31.66511504371628,103.1317461951727
31.672986064109946,503.6205081413795
31.68085708450361,384.62073235196084
31.688728104897276,106.8339281960624
31.69659912529094,144.8145179052703
31.70447014568461,115.83562281443827
31.712341166078275,74.77597091067838
31.72021218647194,656.7950494690823
31.728083206865605,667.194371805013
31.73595422725927,280.6572128774929
31.743825247652936,441.0668983208757
31.7516962680466,125.65067633673327
31.759567288440266,36.71062423864581
31.76743830883393,92.57195367779869
31.775309329227596,56.621625327254485
31.78318034962126,19.556253125671127
31.79105137001493,604.599242703125
31.798922390408595,244.24955055927083
31.80679341080226,6.819285354580517
31.814664431195926,62.17922507562292
31.82253545158959,1311.3187501475718
31.830406471983256,1186.435210434061
31.83827749237692,73.62145291585983
31.846148512770586,4.996703466328863
31.85401953316425,203.33416394083477
31.861890553557917,5.481367900718404
31.869761573951585,114.03668555082842
31.87763259434525,82.41916249727144
31.885503614738916,565.2623090559454
31.89337463513258,192.57701242602562
31.901245655526246,762.2019921142376
31.90911667591991,2.9771873433321887
31.916987696313576,132.04932687572895
31.92485871670724,183.46074136634866
31.932729737100907,764.8873003665702
31.940600757494572,926.5202766693093
31.948471777888237,599.1334255522067
31.956342798281906,1696.5999323465749
31.96421381867557,84.16668190350018
31.972084839069236,303.90809131426505
31.9799558594629,327.93326959948973
31.987826879856566,241.32421571057736
31.99569790025023,344.1956491407728
32.0035689206439,62.02006304030965
32.011439941037565,108.40255834598155
32.01931096143123,1349.5134030565562
32.027181981824896,67.09160826779224
32.03505300221856,12.483276466014845
32.042924022612226,1489.2184829780483
32.05079504300589,129.33279919863205
32.058666063399556,378.21425413308305
32.06653708379322,1699.6078726404917
32.07440810418689,127.46228915218762
32.08227912458055,40.84463355759469
32.09015014497422,1456.1665327690987
32.09802116536788,118.97644817340438
32.10589218576155,1497.6513645967527
32.11376320615521,7.102982435329766
32.12163422654888,708.4781576342455
32.12950524694254,745.1609306182295
32.13737626733621,323.8899121910519
32.14524728772987,138.7468843467966
32.15311830812354,287.9887376871171
32.1609893285172,312.4614851619364
32.168860348910876,904.5517578383937
32.17673136930454,16.90158792065382
32.184602389698206,213.44329811303285
32.19247341009187,233.04191530100073
32.200344430485536,779.0143835281523
32.2082154508792,767.8100784493308
32.21608647127287,770.6711731509268
32.22395749166653,2142.1691833979003
32.2318285120602,1397.313839473443
32.23969953245386,986.1582904937993
32.24757055284753,1072.4017647744836
32.25544157324119,952.2886378429688
32.26331259363486,532.9232162254598
32.27118361402852,9.924712956228186
32.27905463442219,261.4047501752123
32.28692565481585,114.44929203534282
32.29479667520952,2066.499096714747
32.30266769560318,196.79161885357905
32.31053871599685,784.386099371096
32.318409736390514,194.15656635380108
32.32628075678418,384.69777540795593
32.33415177717785,79.43421405322255
32.342022797571516,286.97413914521
32.34989381796518,118.73142287901328
32.35776483835885,92.95955973876315
32.36563585875251,387.0781755063163
32.37350687914618,247.70115365882873
32.38137789953984,301.42751381424955
32.38924891993351,299.9408949150607
32.39711994032717,275.1874756856994
32.40499096072084,1192.507942251283
32.4128619811145,458.2836715858261
32.42073300150817,399.06819232748325
32.42860402190183,759.4745012632966
32.4364750422955,46.6954453987505
32.44434606268916,203.13307682775695
32.45221708308283,214.62727229841744
32.460088103476494,42.582241363590605
32.46795912387016,285.68698835249984
32.475830144263824,1150.7419383690587
32.48370116465749,20.067657578765502
32.491572185051155,87.35703642954529
32.49944320544482,455.9549564063828
32.50731422583849,862.8918346411499
32.51518524623216,997.2134228416143
32.52305626662582,1091.6875316417718
32.53092728701949,446.2655982520944
32.53879830741315,247.3647209615479
32.54666932780682,1721.7119671773658
32.55454034820048,126.63993397694456
32.56241136859415,791.8875951168045
32.57028238898781,185.48944888741963
32.57815340938148,66.08781482815137
32.586024429775144,74.14392694020533
32.59389545016881,645.2874605222524
32.601766470562474,17.459122547163254
32.60963749095614,149.81025457939614
32.617508511349804,484.20302593103514
32.62537953174347,74.7196820858663
32.633250552137135,590.3600346107463
32.6411215725308,46.96395592581906
32.648992592924465,102.13529972142956
32.65686361331813,344.57780677867146
32.664734633711795,551.9395089233532
32.67260565410547,1212.9947795581265
32.68047667449913,256.68008818092716
32.6883476948928,564.4857491980488
32.69621871528646,663.9582192371229
32.70408973568013,197.84721688699665
32.71196075607379,753.7989286506498
32.71983177646746,277.41719788245535
32.727702796861124,2320.1408121406284
32.73557381725479,418.56666558125306
32.743444837648454,1256.9697408627012
32.75131585804212,82.95076573061974
32.759186878435784,1833.417375362085
32.76705789882945,342.76621934923526
32.774928919223115,162.09343982435104
32.78279993961678,557.8690454990881
32.790670960010445,1622.969638740419
32.79854198040411,734.9456478853926
32.806413000797775,242.34011957405346
32.81428402119144,89.4381338758729
32.822155041585106,62.00387646057542
32.83002606197877,287.6667078244035
32.837897082372436,104.44869441097305
32.84576810276611,71.92479424973378
32.85363912315977,41.90743444026957
32.86151014355344,798.1451310813027
32.869381163947104,1057.9282899803952
32.87725218434077,1668.288347671488
32.885123204734434,66.24778758517228
32.8929942251281,79.69703015230616
32.900865245521764,117.8983517580875
32.90873626591543,1021.9168401931853
32.916607286309095,327.23965726768813
32.92447830670276,308.56112425050804
32.932349327096425,284.6257133415452
32.94022034749009,216.68521458879914
32.948091367883755,812.3733113554892
32.95596238827742,112.36882689148874
32.963833408671086,24.304353292154957
32.97170442906475,970.332477599719
32.979575449458416,149.1578976340707
32.98744646985208,23.737885636566208
32.995317490245746,533.621721385408
33.00318851063941,137.5095470135876
33.011059531033084,171.08153826000486
33.01893055142675,1149.7425980372711
33.026801571820414,75.8877157380331
33.03467259221408,109.99963730834668
33.042543612607744,231.31309414232757
33.05041463300141,409.5327171023322
33.058285653395075,34.84087318121311
33.06615667378874,393.77491444229736
33.074027694182405,65.33688421856233
33.08189871457607,260.39485503411515
33.089769734969735,415.9406755900376
33.0976407553634,416.96064704798954
33.105511775757066,345.1141759569312
33.11338279615073,158.1191922798122
33.121253816544396,100.73171150243724
33.12912483693806,46.5114702480109
33.136995857331726,846.1833687418815
33.14486687772539,383.0848131502578
33.15273789811906,19.053192672151642
33.16060891851272,169.57140392896346
33.16847993890639,870.5422213976241
33.17635095930006,201.62845075252648
33.184221979693724,679.1574160519255
33.19209300008739,222.23700259308046
33.199964020481055,48.517838533694594
33.20783504087472,398.2457603531497
33.215706061268385,1122.6541189292911
33.22357708166205,76.61060298405758
33.231448102055715,1265.537332343738
33.23931912244938,143.7553833402944
33.247190142843046,887.1037885118244
33.25506116323671,100.2642408295548
33.262932183630376,208.6123936109092
33.27080320402404,626.97082210532
33.278674224417706,623.7461746647365
33.28654524481137,187.08046762295288
33.29441626520504,849.3916290297353
33.3022872855987,493.99982744165675
33.31015830599237,323.4644003410824
33.31802932638603,271.9487070493071
33.3259003467797,421.39119388037597
33.33377136717336,1722.8262164172447
33.34164238756703,2620.3849665561206
33.3495134079607,177.75521382487963
33.357384428354365,731.218853955319
33.36525544874803,135.22525775157567
33.373126469141695,240.80905296076176
33.38099748953536,263.8839440525579
33.388868509929026,939.423862886936
33.39673953032269,127.89292251135022
33.404610550716356,764.6929116820158
33.41248157111002,53.877564589817084
33.420352591503686,510.3592149195826
33.42822361189735,198.12018457973016
33.43609463229102,140.9959714736358
33.44396565268468,169.65252162088535
33.45183667307835,626.3324879695429
33.45970769347201,386.511496715242
33.46757871386568,495.31053762250014
33.47544973425934,16.093037432054807
33.48332075465301,160.84595352728894
33.49119177504667,898.5530569974034
33.49906279544034,485.25598037021575
33.506933815834,64.41265242147554
33.514804836227675,1945.7434451065287
33.52267585662134,1.1856045422177353
33.530546877015006,1425.3820743845822
33.53841789740867,574.6566416650337
33.546288917802336,686.7604360973259
33.554159938196,1080.1931251455048
33.562030958589666,2024.3180958657758
33.56990197898333,1050.4405417949058
33.577772999377,405.26039062414145
33.58564401977066,846.3464775683669
33.59351504016433,959.7549340188212
33.60138606055799,609.1188834827168
33.60925708095166,237.91268688389178
33.61712810134532,81.16037952068866
33.62499912173899,886.6793948954436
33.63287014213265,213.6342841031822
33.64074116252632,144.08518047374682
33.64861218291998,295.167771678094
33.65648320331365,345.70982158830566
33.66435422370731,1855.63766587014
33.67222524410098,412.71375877580823
33.680096264494644,159.01082675541417
33.687967284888316,86.85027799406188
33.69583830528198,351.09719311618034
33.703709325675646,92.98647168003758
33.71158034606931,10.876717732191421
33.71945136646298,730.1597528000535
33.72732238685664,690.5204451301194
33.73519340725031,234.953928765169
33.74306442764397,1023.1793356276448
33.75093544803764,761.4499271407183
33.7588064684313,198.24838536760527
33.76667748882497,322.85838275305736
33.77454850921863,111.95169287499006
33.7824195296123,114.4353459477967
33.79029055000596,478.01699170521755
33.79816157039963,466.0052343186303
33.80603259079329,345.5366415093751
33.81390361118696,1057.0404568639483
33.821774631580624,1584.532687159188
33.82964565197429,1581.2026978899032
33.837516672367954,360.4500973939586
33.84538769276162,531.8281961694056
33.85325871315529,307.79893093886477
33.86112973354896,41.03395627984699
33.86900075394262,337.22137138415246
33.87687177433629,1848.7357966369664
33.88474279472995,1281.4298709305406
33.89261381512362,1506.5319233232813
33.90048483551728,258.39138936881756
33.90835585591095,83.84359051596498
33.91622687630461,833.9374920738787
33.92409789669828,434.560792187226
33.93196891709194,24.12390819562988
33.93983993748561,186.16378173689546
33.94771095787927,18.317888239519657
33.95558197827294,10.86974234600396
33.963452998666604,206.71762152652192
33.97132401906027,181.6888375332721
33.979195039453934,320.7739205038149
33.9870660598476,135.2739081821373
33.994937080241264,42.800500190812784
34.00280810063493,41.451924508059676
34.010679121028595,368.7321864922596
34.01855014142226,543.8377766039499
34.02642116181593,440.27437955511994
34.0342921822096,136.54174558637422
34.04216320260326,102.91037667931495
34.05003422299693,1747.3621034845455
34.05790524339059,392.93760293773903
34.06577626378426,924.9346411882902
34.07364728417792,186.89946198803426
34.08151830457159,303.73901299824115
34.08938932496525,1884.3170898637568
34.09726034535892,637.7604584798446
34.105131365752584,22.72182870878121
34.11300238614625,457.7496175312661
34.120873406539914,252.88936829870127
34.12874442693358,413.0743046041769
34.136615447327245,273.2268670213715
34.14448646772091,328.79904345785945
34.152357488114575,896.9786874130651
34.16022850850824,264.9866339188769
34.168099528901905,650.2369728112086
34.17597054929557,117.95149013443748
34.183841569689235,212.97663361567479
34.19171259008291,1108.5573157249455
34.19958361047657,199.43547263300607
34.20745463087024,84.18123786111428
34.2153256512639,1006.2780738056408
34.22319667165757,78.03056398582164
34.231067692051234,170.25354450187334
34.2389387124449,848.2928194909365
34.246809732838564,237.13484428630915
34.25468075323223,150.0751639956381
34.262551773625894,270.16818457696735
34.27042279401956,1018.8086688733389
34.278293814413225,1138.6494342618644
34.28616483480689,534.3686188941225
34.294035855200555,858.977620193391
34.30190687559422,188.69427400983722
34.309777895987885,40.65905726075597
34.31764891638155,880.0774613023326
34.325519936775216,618.2497575308589
34.33339095716888,606.9206451235909
34.341261977562546,464.9065588596053
34.34913299795621,405.5157102857665
34.357004018349876,1890.9896033230677
34.36487503874355,327.1314359439254
34.372746059137214,1648.4967432767357
34.38061707953088,244.76191021103472
34.388488099924544,167.62703881024615
34.39635912031821,153.3073333909668
34.404230140711874,17.861272491307112
34.41210116110554,755.162225428074
34.419972181499205,673.9442895879307
34.42784320189287,962.6002201542408
34.435714222286535,332.7536413788283
34.4435852426802,50.374592391968825
34.451456263073865,99.31025312358966
34.45932728346753,98.18621644528176
34.467198303861196,125.19395673186169
34.47506932425486,1993.899175775789
34.482940344648526,583.8256506051937
34.49081136504219,58.73628744210188
34.498682385435856,171.367267328167
34.50655340582952,1609.4700876288332
34.51442442622319,541.5540353127557
34.52229544661685,1204.084612893846
34.530166467010524,3970.7684935375387
34.53803748740419,132.05580415415935
34.545908507797854,392.5872604625719
34.55377952819152,530.2950810489435
34.561650548585185,706.1528551672963
34.56952156897885,593.4558310206554
34.577392589372515,1563.6344168612422
34.58526360976618,1185.0866392280866
34.593134630159845,309.3607858232897
34.60100565055351,133.7813893130573
34.608876670947176,115.61520660343083
34.61674769134084,176.71099620192925
34.624618711734506,140.97717597776847
34.63248973212817,261.87199194265014
34.640360752521836,200.4087754604333
34.6482317729155,508.7538534559102
34.65610279330917,433.2636624470388
34.66397381370283,294.52720578674905
34.6718448340965,3.585953904825184
34.67971585449016,91.47796161507814
34.68758687488383,69.52612135597614
34.6954578952775,618.3104379113252
34.703328915671165,147.6442523453756
34.71119993606483,1168.9547508854687
34.719070956458495,719.9585573456666
34.72694197685216,1264.4207332385795
34.734812997245825,763.2555241314142
34.74268401763949,59.04374851492089
34.750555038033156,160.13911463379713
34.75842605842682,1955.9630514913797
34.766297078820486,962.4183331657773
34.77416809921415,281.24544075864554
34.782039119607816,650.9013978565604
34.78991014000148,152.9385836248403
34.79778116039515,494.83439740705546
34.80565218078881,1506.887351977382
34.81352320118248,1360.8064798634248
34.82139422157614,1454.7004027258647
34.82926524196981,481.18509523443356
34.83713626236347,43.126967046230874
34.84500728275714,38.83612186331362
34.8528783031508,71.31024031748902
34.86074932354447,382.5946709469823
34.86862034393814,191.84535602636436
34.876491364331805,60.39495445986173
34.88436238472547,362.4959466614655
34.892233405119136,297.5230049205667
34.9001044255128,1266.00217290044
34.907975445906466,275.12513687396523
34.91584646630013,200.68893666176268
34.923717486693796,88.67232188127089
34.93158850708746,147.54935075249855
34.93945952748113,246.9959532774983
34.94733054787479,1170.190540596155
34.95520156826846,759.9379936106391
34.96307258866212,66.03251882271442
34.97094360905579,2.26161730181849
34.97881462944945,209.6583146037479
34.98668564984312,363.0367925823172
34.99455667023678,124.86509384450183
35.00242769063045,257.0869405594691
35.01029871102411,247.56396902106977
35.01816973141778,3049.3234911368017
35.02604075181144,752.5845213225963
35.033911772205116,47.942533724414
35.04178279259878,1020.8014692444256
35.049653812992446,132.32048936408015
35.05752483338611,359.29269939425166
35.065395853779776,240.66803445502563
35.07326687417344,35.509765853079756
35.08113789456711,649.4765740149154
35.08900891496077,3678.4033056726776
35.09687993535444,331.1421305989231
35.1047509557481,102.35112978212662
35.11262197614177,575.592647977282
35.12049299653543,254.19903128572162
35.1283640169291,328.09121644477307
35.13623503732276,223.33991059530263
35.14410605771643,366.2618886711987
35.15197707811009,594.0433522910796
35.15984809850376,525.1726393324398
35.16771911889742,70.35524087916629
35.17559013929109,400.2983297487565
35.183461159684754,164.97098737703578
35.19133218007842,30.858872696853965
35.199203200472084,467.9432227350203
35.207074220865756,443.340207825301
35.21494524125942,282.63669732731285
35.22281626165309,52.696541846268026
35.23068728204675,116.3292551332923
35.23855830244042,246.7767790057579
35.24642932283408,250.9946798713759
35.25430034322775,639.1792071367261
35.26217136362141,2340.17382181931
35.27004238401508,256.31548233962104
35.27791340440874,59.834210858359484
35.28578442480241,20.65192639579648
35.29365544519607,361.52239351251717
35.30152646558974,499.69626607076
35.3093974859834,252.09008755584333
35.31726850637707,527.0195371694792
35.325139526770734,119.25871013968839
35.3330105471644,313.7262533509613
35.340881567558064,88.96874685398431
35.34875258795173,465.00144631401156
35.356623608345394,212.746010275361
35.36449462873906,612.8670824517944
35.37236564913273,7.293235470808772
35.3802366695264,128.01711847811205
35.38810768992006,138.8331536702607
35.39597871031373,114.05893740192145
35.40384973070739,662.6704243079896
35.41172075110106,1462.0117918833598
35.41959177149472,105.93603210146149
35.42746279188839,4431.817903505103
35.43533381228205,2137.59963101265
35.44320483267572,322.48132349627986
35.45107585306938,239.04292350000844
35.45894687346305,377.77826645941747
35.466817893856714,135.98772785147725
35.47468891425038,125.95089478758626
35.482559934644044,162.5919793210065
35.49043095503771,365.80517299382626
35.498301975431374,517.1039657333646
35.50617299582504,815.157005169325
35.514044016218705,923.2113045717306
35.52191503661237,627.3254190867126
35.529786057006035,1.6401680768244158
35.5376570773997,1845.941077885837
35.54552809779337,1218.0362525794274
35.55339911818704,335.4934671196584
35.5612701385807,1547.3739724528211
35.56914115897437,75.93460408928314
35.57701217936803,233.78770340581633
35.5848831997617,665.301106823333
35.59275422015536,247.82395374366092
35.60062524054903,398.8946673009356
35.608496260942694,41.586588167289385
35.61636728133636,844.5287225794012
35.624238301730024,1226.5747409977216
35.63210932212369,182.56795835813762
35.639980342517354,17.763628084900457
35.64785136291102,87.5520940749688
35.655722383304685,53.66882795778182
35.66359340369835,162.0139169053294
35.671464424092015,241.39001697917877
35.67933544448568,1581.3770075544514
35.687206464879345,297.67610342598346
35.69507748527301,258.78389995244856
35.702948505666676,88.11205065144304
35.71081952606035,682.1308627389162
35.71869054645401,317.4002778947223
35.72656156684768,263.78803663838664
35.73443258724134,373.9093151069621
35.74230360763501,2022.264513138209
35.750174628028674,81.97782215121485
35.75804564842234,443.63857936786627
35.765916668816004,2141.721881138491
35.77378768920967,514.2541232772359
35.781658709603335,592.1467682780639
35.789529729997,1788.9225112096926
35.797400750390665,29.439604480314916
35.80527177078433,42.72158150694778
35.813142791177995,208.5694811115656
35.82101381157166,178.75963562739952
35.828884831965325,41.45792351293395
35.83675585235899,442.4783954468887
35.844626872752656,398.99413517620707
35.85249789314632,125.96984752479325
35.860368913539986,292.19593933876143
35.86823993393365,69.75095069467473
35.87611095432732,526.5175641014329
35.88398197472099,144.9052721393351
35.891852995114654,187.21049091302652
35.89972401550832,338.4949950872959
35.907595035901984,175.24232790891992
35.91546605629565,32.926989357700954
35.923337076689315,146.08623049940712
35.93120809708298,38.98491085235911
35.939079117476645,77.92986334712498
35.94695013787031,27.698837247122043
35.954821158263975,10.351318513039367
35.96269217865764,52.30590261345789
35.970563199051306,40.58111800427881
35.97843421944497,34.37775692966363
35.986305239838636,49.787879784570066
35.9941762602323,228.43852893599046
36.002047280625966,109.39100860650724
36.00991830101963,279.1037316477317
36.0177893214133,1001.7345931668228
36.02566034180696,226.65749963024638
36.03353136220063,111.87583864137352
36.04140238259429,722.4915485768738
36.049273402987964,647.921125723825
36.05714442338163,212.4381357978477
36.065015443775295,536.0417680845397
36.07288646416896,798.0235878605878
36.080757484562625,392.10557033134313
36.08862850495629,533.2279281565002
36.096499525349955,201.8403861494641
36.10437054574362,261.05086627849875
36.112241566137286,0.35098212465203316
36.12011258653095,1207.3382847105715
36.127983606924616,77.66014180542014
36.13585462731828,294.85908842957537
36.143725647711946,238.37402151099323
36.15159666810561,674.4752119288265
36.15946768849928,699.0948158801131
36.16733870889294,111.15410288318836
36.17520972928661,1327.1449019495835
36.18308074968027,56.071072175199475
36.19095177007394,100.00550070913478
36.1988227904676,39.98016711607932
36.20669381086127,465.8736809271811
36.21456483125494,213.73442026775044
36.222435851648605,35.838459718301635
36.23030687204227,14.333762007281837
36.238177892435935,1905.5728314666426
36.2460489128296,153.95385076276227
36.253919933223266,309.95467907390844
36.26179095361693,1971.6274358033832
36.269661974010596,1291.3887317641825
36.27753299440426,213.95082545864756
36.285404014797926,377.48106680445954
36.29327503519159,821.880547571414
36.30114605558526,743.1627443964707
36.30901707597892,157.32647201688707
36.31688809637259,406.6565780061134
36.32475911676625,1629.170815837754
36.33263013715992,312.8034747116036
36.34050115755358,172.38910574997644
36.34837217794725,349.6085088454518
36.35624319834091,264.5471566917182
36.36411421873458,326.6776258407656
36.37198523912824,519.819308828653
36.37985625952191,777.2559111279836
36.38772727991558,939.8113333482927
36.395598300309246,1097.4422880887573
36.40346932070291,401.57457180047516
36.411340341096576,200.03086639686026
36.41921136149024,847.8701560997237
36.427082381883906,218.64460269371529
36.43495340227757,125.12271313676818
36.44282442267124,242.70577252419562
36.4506954430649,440.0352843181522
36.45856646345857,99.4694700303285
36.46643748385223,555.7782501599481
36.4743085042459,56.56602987786411
36.48217952463956,5.112522661860858
36.49005054503323,318.12747397783244
36.49792156542689,202.88928464831037
36.50579258582056,1054.703533727198
36.51366360621422,444.66250036466784
36.52153462660789,179.44905937503952
36.52940564700155,142.5825537060623
36.53727666739522,12.112969533383799
36.545147687788884,410.24697720475274
36.553018708182556,292.7393242601369
36.56088972857622,511.40071926570516
36.568760748969886,53.0045791505688
36.57663176936355,274.6113396362654
36.58450278975722,148.15782132190282
36.59237381015088,282.20454528061833
36.60024483054455,1913.9859900000342
36.60811585093821,1573.3069619531127
36.61598687133188,26.672606476307607
36.62385789172554,244.03322589478475
36.63172891211921,1031.472373043199
36.63959993251287,816.0892671925773
36.64747095290654,323.4383558063533
36.6553419733002,55.607847504209985
36.66321299369387,580.9488067446122
36.67108401408753,346.55042780175495
36.6789550344812,1147.643211524379
36.686826054874864,1436.8485037783903
36.69469707526853,457.83495450679067
36.702568095662194,509.2970875401726
36.71043911605586,848.2995759838734
36.718310136449524,737.413036526623
36.7261811568432,75.2316677480063
36.73405217723686,101.17769887674115
36.74192319763053,243.61125218315675
36.74979421802419,373.5032202216377
36.75766523841786,281.7526490008785
36.76553625881152,558.6084963048494
36.77340727920519,227.12007884089147
36.78127829959885,540.753685270899
36.78914931999252,385.57108388583777
36.79702034038618,212.2690597725159
36.80489136077985,1429.882047693394
36.81276238117351,229.10238263331374
36.82063340156718,1.7902001863236745
36.828504421960844,133.4248538179873
36.83637544235451,1505.3721915765639
36.844246462748174,243.8384433667922
36.85211748314184,176.63277714083853
36.859988503535504,893.4185204563432
36.86785952392917,622.7507942585837
36.875730544322835,476.7729824073452
36.8836015647165,1307.214889238883
36.89147258511017,581.9489751960964
36.89934360550384,467.1065355590726
36.9072146258975,3726.819519614562
36.91508564629117,1802.4442564073984
36.92295666668483,91.74024572938256
36.9308276870785,2238.8738370597976
36.93869870747216,56.33048136753839
36.94656972786583,316.0838696643902
36.95444074825949,364.77767432941636
36.96231176865316,302.7778695043325
36.970182789046824,544.0173136428048
36.97805380944049,35.35017064073751
36.985924829834154,146.62471941141803
36.99379585022782,439.92266485689976
37.001666870621484,61.149713277234454
37.00953789101515,188.9816884098201
37.017408911408815,47.769783692699086
37.02527993180248,1209.6282031096803
37.033150952196145,636.8617672323652
37.04102197258981,47.33602137217529
37.048892992983475,161.18291944224538
37.05676401337714,174.88355987185903
37.06463503377081,98.6192838143724
37.07250605416448,1786.0489549208244
37.08037707455814,84.598033146681
37.08824809495181,599.4484615941143
37.09611911534547,471.6348258640099
37.10399013573914,2105.977910862811
37.111861156132804,427.01126916702856
37.11973217652647,44.007097527386904
37.127603196920134,551.4097501058968
37.1354742173138,506.1430836520447
37.143345237707464,3.9561907530350195
37.15121625810113,11.49957916189478
37.159087278494795,517.8197659891764
37.16695829888846,46.47164397357474
37.174829319282125,50.04577481483887
37.18270033967579,127.39754437590645
37.190571360069455,555.4961061850056
37.19844238046312,358.61005405253974
37.206313400856786,70.02126027522316
37.21418442125045,225.79789673349038
37.222055441644116,208.49668737413407
37.22992646203779,269.14816991253633
37.23779748243145,459.8136386147314
37.24566850282512,248.36131244438732
37.253539523218784,117.57127495620202
37.26141054361245,165.1961985210903
37.269281564006114,569.4267312922735
37.27715258439978,1220.37454309821
37.285023604793444,278.27825605988363
37.29289462518711,958.4524269065917
37.300765645580775,72.62148613608453
37.30863666597444,529.7206116559503
37.316507686368105,293.946669049369
37.32437870676177,135.43340434632387
37.332249727155435,469.21573718638797
37.3401207475491,1021.2862523440227
37.347991767942766,384.45108924055876
37.35586278833643,286.8001491987282
37.363733808730096,44.69212475165522
37.37160482912376,441.83244637171674
37.379475849517426,697.3934755254061
37.38734686991109,157.08335960367396
37.39521789030476,269.0841996302943
37.40308891069843,407.352038294502
37.410959931092094,13.595809565662378
37.41883095148576,182.63821089466805
37.426701971879424,58.43285609318697
37.43457299227309,14.041923566469642
37.442444012666755,578.801345547928
37.45031503306042,481.3006198995075
37.458186053454085,469.72662596624286
37.46605707384775,201.4759832281268
37.473928094241415,3.58612466482713
37.48179911463508,421.7871179560075
37.489670135028746,43.176314182643765
37.49754115542241,173.65901634090017
37.505412175816076,65.47212572334911
37.51328319620974,717.0859414168061
37.521154216603406,364.5841883679982
37.52902523699707,143.73765806384444
37.53689625739074,142.3819098324903
37.5447672777844,158.37853321290024
37.55263829817807,92.69458400169304
37.56050931857173,43.48099458329815
37.568380338965405,227.61279858307375
37.57625135935907,260.2788387078868
37.584122379752735,2175.2592828754014
37.5919934001464,749.0651641177053
37.599864420540065,167.88898757082114
37.60773544093373,1606.548323540422
37.615606461327395,427.54278665235216
37.62347748172106,73.42406266048631
37.631348502114726,76.24775446997853
37.63921952250839,208.8519556832967
37.647090542902056,1194.6387462241885
37.65496156329572,117.19365517029934
37.66283258368939,128.32129160228558
37.67070360408305,46.29653598574449
37.67857462447672,142.28510218643035
37.68644564487038,370.17936013322253
37.69431666526405,735.2415941406565
37.70218768565771,315.51072988710706
37.71005870605138,96.30061553216844
37.71792972644504,387.76612988942924
37.72580074683871,170.59632078665706
37.73367176723238,99.55092627727673
37.741542787626045,83.98923422420192
37.74941380801971,80.19851655169319
37.757284828413376,690.4244339523945
37.76515584880704,588.7729972374476
37.773026869200706,515.0851429101808
37.78089788959437,601.4447087899289
37.788768909988036,138.66163952014438
37.7966399303817,284.0976708498962
37.80451095077537,1053.8160064276938
37.81238197116903,283.7182100633196
37.8202529915627,67.48974469865755
37.82812401195636,2.5616619241422707
37.83599503235003,19.280051623708474
37.84386605274369,151.3729365926179
37.85173707313736,363.7417888122671
37.85960809353102,842.3091704594927
37.86747911392469,49.40751560608515
37.87535013431835,179.05245060640073
37.88322115471202,198.7070478516807
37.89109217510568,101.72008473852615
37.89896319549935,50.15168009842784
37.90683421589302,28.74455008123452
37.914705236286686,249.2327873124639
37.92257625668035,57.517235979526205
37.930447277074016,39.7868348021809
37.93831829746768,36.24476473937723
37.94618931786135,118.8572927240746
37.95406033825501,512.0691565639271
37.96193135864868,197.27703222563812
37.96980237904234,47.83683842458501
37.97767339943601,22.197073797296635
37.98554441982967,194.73722202142503
37.99341544022334,96.58675064641739
38.001286460617,37.08587410532575
38.00915748101067,982.7996905873351
38.01702850140433,68.90777213540593
38.024899521798,327.03695126909827
38.03277054219166,884.7019383051373
38.04064156258533,589.156725485974
38.048512582978994,17.525188105971182
38.05638360337266,72.24673098251276
38.064254623766324,138.74283159026314
38.072125644159996,156.11474142878038
38.07999666455366,675.1492977023446
38.08786768494733,1801.7751243974315
38.09573870534099,66.73771100017694
38.10360972573466,90.45496197040384
38.11148074612832,740.2259478957865
38.11935176652199,935.9251983163506
38.12722278691565,2021.7515416124118
38.13509380730932,1231.438042967194
38.14296482770298,243.2607073143008
38.15083584809665,367.8006402597522
38.15870686849031,430.1990263032951
38.16657788888398,590.1624753323721
38.17444890927764,385.77862827241194
38.18231992967131,122.9889341127812
38.190190950064974,1507.871808314944
38.19806197045864,391.95846366518197
38.205932990852304,282.71044968949184
38.21380401124597,29.85347994691587
38.221675031639634,194.03978568950697
38.2295460520333,582.4321641121634
38.237417072426965,234.9321478044689
38.24528809282064,275.870945979643
38.2531591132143,881.9508700859709
38.26103013360797,590.3368949240718
38.26890115400163,548.0826905837812
38.2767721743953,177.34694915169243
38.28464319478896,921.7905894759516
38.29251421518263,382.72388456327735
38.30038523557629,468.04732420945686
38.30825625596996,71.79822840463854
38.31612727636362,341.2900224778273
38.32399829675729,1337.3537806970696
38.331869317150954,35.45299444257247
38.33974033754462,31.374711489933674
38.347611357938284,33.25630050345473
38.35548237833195,103.54422307852239
38.363353398725614,378.61924480706114
38.37122441911928,9.974906857829154
38.379095439512945,443.3448712152306
38.38696645990661,432.2729893916422
38.394837480300275,45.08932702489049
38.40270850069394,131.17760045548232
38.41057952108761,58.5267341046846
38.41845054148128,1017.1175524020749
38.42632156187494,188.94166597008913
38.43419258226861,261.92823438450955
38.44206360266227,98.37329215420903
38.44993462305594,588.5588912874921
38.4578056434496,116.4322883067485
38.46567666384327,28.081171762345612
38.473547684236934,290.02030031537436
38.4814187046306,319.60594111796314
38.489289725024264,521.6468799819833
38.49716074541793,197.0200427713691
38.505031765811594,15.476860373611707
38.51290278620526,78.12509654613602
38.520773806598925,548.6788670912296
38.52864482699259,2462.502234262764
38.536515847386255,1275.603076980545
38.54438686777992,275.316947737341
38.552257888173585,1345.195861660537
38.56012890856725,1417.557035351105
38.567999928960916,426.44173426355
38.57587094935458,128.58296436240428
38.58374196974825,187.1034887522988
38.59161299014192,112.29190308175814
38.59948401053558,358.74415837057745
38.60735503092925,69.8695456453606
38.615226051322914,44.23087536330951
38.62309707171658,651.8912107639411
38.630968092110244,624.2028346790896
38.63883911250391,151.55584247342668
38.646710132897574,1258.836415092039
38.65458115329124,595.7383426408597
38.662452173684905,381.38285098790647
38.67032319407857,328.50331716524977
38.678194214472235,584.0897380488184
38.6860652348659,186.14215317692594
38.693936255259565,96.54078915916003
38.70180727565323,53.467603842844376
38.709678296046896,442.4958849863591
38.71754931644056,41.45306440541647
38.725420336834226,13.975809340929874
38.73329135722789,437.4060523043307
38.741162377621556,801.7743371172378
38.74903339801523,150.9084758426385
38.756904418408894,56.189473183618595
38.76477543880256,140.56696970669503
38.772646459196224,140.87504601839206
38.78051747958989,39.35901431363408
38.788388499983554,399.6502526210792
38.79625952037722,80.61415941812125
38.804130540770885,33.61319240752067
38.81200156116455,470.4356823939331
38.819872581558215,722.8070811376989
38.82774360195188,18.31308825900916
38.835614622345545,200.72552891783752
38.84348564273921,83.73726790930478
38.851356663132876,116.47759276492155
38.85922768352654,50.954928604443964
38.867098703920206,572.679733304538
38.87496972431387,349.3749030267364
38.882840744707536,626.6698541662009
38.8907117651012,164.05754406338457
38.89858278549487,296.8041058350114
38.90645380588853,30.459091998672747
38.9143248262822,314.11014027741896
38.92219584667587,213.10191846441506
38.930066867069534,1027.4736683747976
38.9379378874632,217.6284356587241
38.945808907856865,462.56340220079323
38.95367992825053,1288.445792147125
38.961550948644195,513.6586211388753
38.96942196903786,63.98149727640121
38.977292989431525,21.722162587019668
38.98516400982519,189.67488229641486
38.993035030218856,27.623303912382408
39.00090605061252,10.753262807487102
39.008777071006186,94.25986123811481
39.01664809139985,528.0758190533296
39.024519111793516,115.5102797234338
39.03239013218718,1309.0246334562512
39.04026115258085,275.3620664354136
39.04813217297451,185.56270656868818
39.05600319336818,410.587950321
39.06387421376184,205.6630582674207
39.07174523415551,51.77742537021577
39.07961625454917,26.78673655090386
39.087487274942845,424.43942488819755
39.09535829533651,226.23950519029015
39.103229315730175,384.2714260690476
39.11110033612384,164.76945560981588
39.118971356517505,797.1912423843957
39.12684237691117,289.00297741569904
39.134713397304836,743.1474282078884
39.1425844176985,110.24698865629173
39.150455438092166,88.02120473363092
39.15832645848583,522.751890963211
39.166197478879496,213.154970227732
39.17406849927316,334.8834999795555
39.18193951966683,144.10659704478903
39.18981054006049,855.6247683243549
39.19768156045416,276.72685419335056
39.20555258084782,36.66246023187154
39.21342360124149,14.061353749794868
39.22129462163515,231.38503305675258
39.22916564202882,81.7130356834044
39.23703666242248,333.3110095214884
39.24490768281615,274.714222715398
39.25277870320982,200.6389586763518
39.260649723603485,273.005101635053
39.26852074399715,346.08591028829505
39.276391764390816,1067.5761456656417
39.28426278478448,92.58499707288229
39.292133805178146,652.5077331640395
39.30000482557181,1035.8678731566201
39.30787584596548,178.08637297849305
39.31574686635914,468.67275132429677
39.32361788675281,363.9306553874793
39.33148890714647,879.5055315934669
39.33935992754014,35.1736326670972
39.3472309479338,712.3091998304791
39.35510196832747,366.0522543813966
39.36297298872113,465.4305198166874
39.3708440091148,42.0226631135898
39.37871502950846,417.73543282457223
39.38658604990213,59.15246496580614
39.39445707029579,1414.27850195121
39.40232809068946,142.66055927652943
39.410199111083124,144.04814280866805
39.41807013147679,153.43161467885588
39.42594115187046,1089.34243686979
39.433812172264126,243.06653897785102
39.44168319265779,613.7593720391396
39.44955421305146,842.2428610732483
39.45742523344512,138.58035013730944
39.46529625383879,534.4818293191177
39.47316727423245,523.3657525391202
39.48103829462612,414.1328915876809
39.48890931501978,157.06503564078963
39.49678033541345,228.96550389888623
39.50465135580711,122.12559988628622
39.51252237620078,34.77521805002477
39.52039339659444,106.29834972920563
39.52826441698811,0.04665613294876778
39.53613543738177,165.32518127305087
39.54400645777544,11.967496074070757
39.551877478169104,59.88488287688528
39.55974849856277,1309.7127333955727
39.567619518956434,11.323062573719051
39.5754905393501,15.003437434952552
39.583361559743764,300.09805401374393
39.59123258013744,528.3673724921263
39.5991036005311,12.4150078619296
39.60697462092477,109.31244087337915
39.61484564131843,39.475430550155046
39.6227166617121,220.08654791915515
39.63058768210576,123.38318874522804
39.63845870249943,216.97163396464143
39.64632972289309,330.38898221845886
39.65420074328676,133.83443700278167
39.66207176368042,20.69414545434413
39.66994278407409,192.82557182109417
39.67781380446775,84.29971683494833
39.68568482486142,195.31803578900903
39.693555845255084,372.49426986668897
39.70142686564875,133.03761890913307
39.709297886042414,218.8920897374292
39.71716890643608,65.86543884934964
39.725039926829744,59.427896438434324
39.73291094722341,129.1809752880298
39.740781967617075,26.316442340636097
39.74865298801074,1909.913520988429
39.756524008404405,994.6756439523034
39.76439502879808,74.63698485436402
39.77226604919174,72.42813362849186
39.78013706958541,275.84067049643613
39.78800808997907,575.4465190903612
39.79587911037274,12.706928890503084
39.8037501307664,268.0545835979801
39.81162115116007,50.34639244944201
39.81949217155373,658.745816430459
39.8273631919474,91.63839693238594
39.835234212341064,757.5665451714316
39.84310523273473,70.39786937856748
39.850976253128394,20.407235154718183
39.85884727352206,12.71220013320705
39.866718293915724,328.59070337989266
39.87458931430939,546.6174409097257
39.882460334703055,919.0425839341762
39.89033135509672,67.73539944592882
39.898202375490385,1242.3723045820086
39.90607339588405,351.7675526937456
39.913944416277715,268.43994511483595
39.92181543667138,92.25317495016002
39.92968645706505,103.16700999499929
39.93755747745872,179.35747516348982
39.94542849785238,4.580397056402877
39.95329951824605,22.67284862910034
39.96117053863971,364.05126576422657
39.96904155903338,1185.7734232695418
39.976912579427044,438.1279863708601
39.98478359982071,639.4993361692534
39.992654620214374,114.77532366956444
40.00052564060804,447.3037920536991
40.008396661001704,678.4033772651719
40.01626768139537,487.2841928403664
40.024138701789035,154.59886916458
40.0320097221827,650.389433057492
40.039880742576365,56.93995462474765
40.04775176297003,7.793978758770649
40.055622783363695,304.8054853254733
40.06349380375736,1504.5811005979037
40.071364824151026,183.50547635473882
40.07923584454469,1253.5346814331465
40.087106864938356,552.8378428166419
40.09497788533202,257.0697373578157
40.10284890572569,73.51385037050666
40.11071992611936,25.009208878510115
40.118590946513024,357.78070958439326
40.12646196690669,760.3078098934055
40.134332987300354,103.67382170378615
40.14220400769402,57.045613320582014
40.150075028087684,329.1849346766815
40.15794604848135,103.78765107882761
40.165817068875015,51.312921266367454
40.17368808926868,84.5189820435889
40.181559109662345,71.63816444869131
40.18943013005601,370.75167072054114
40.197301150449675,250.1166793858214
40.20517217084334,7.912946283921985
40.213043191237006,231.89392772135884
40.22091421163067,300.7067901266241
40.228785232024336,24.49590477811403
40.236656252418,44.69344449575121
40.244527272811666,55.234459878307824
40.25239829320533,79.15512189333487
40.260269313599,428.7880586587792
40.26814033399267,194.84578046790475
40.276011354386334,982.6835200538296
40.28388237478,206.8570562125477
40.291753395173664,129.59342026999335
40.29962441556733,20.147155694060164
40.307495435960995,1340.0569464182665
40.31536645635466,422.91236257155975
40.323237476748325,149.02543536748556
40.33110849714199,400.6582603434654
40.338979517535655,136.92423573794153
40.34685053792932,84.55451760004561
40.354721558322986,392.8271820345726
40.36259257871665,356.2161512368144
40.370463599110316,240.77569030994144
40.37833461950398,666.5482242904584
40.386205639897646,57.370306169180964
40.39407666029131,68.40341574487634
40.40194768068498,329.7050805781179
40.40981870107864,33.82382564207906
40.41768972147231,109.86220313395528
40.42556074186597,457.6418371975355
40.43343176225964,778.183845604171
40.44130278265331,162.2175086340448
40.449173803046975,246.04281252750434
40.45704482344064,159.3795929122478
40.464915843834305,206.20746470439965
40.47278686422797,10.695740924003754
40.480657884621635,784.8650704929652
40.4885289050153,38.67672076204011
40.496399925408966,34.20291167629626
40.50427094580263,356.0753159159484
40.512141966196296,587.0036314494449
40.52001298658996,353.44944321406405
40.527884006983626,1.3854048801617413
40.53575502737729,475.32886389352933
40.54362604777096,386.8910086702044
40.55149706816462,594.1900869427319
40.55936808855829,133.42279896936148
40.56723910895195,615.3503016358868
40.57511012934562,196.40661927111057
40.58298114973928,75.02481143078292
40.59085217013295,70.00782428038475
40.59872319052661,147.8364165823844
40.606594210920285,46.6172036003913
40.61446523131395,199.80363071726367
40.622336251707615,166.95480329722903
40.63020727210128,1206.0364183435547
40.638078292494946,35.77415566945835
40.64594931288861,814.8188070600428
40.653820333282276,420.53446815682656
40.66169135367594,137.23463117324388
40.669562374069606,0.6961611680544222
40.67743339446327,140.7426550696023
40.68530441485694,254.49096632161115
40.6931754352506,396.95311869132894
40.70104645564427,280.4508713588967
40.70891747603793,54.934437984667035
40.7167884964316,1410.903830034748
40.72465951682526,522.3646873677186
40.73253053721893,58.33714372189012
40.74040155761259,38.55085901460187
40.74827257800626,888.3145194969723
40.75614359839992,185.0235811188046
40.76401461879359,30.165295436577804
40.77188563918726,111.57354073732539
40.779756659580926,61.97174310099149
40.78762767997459,621.6330883937972
40.795498700368256,274.78489633827553
40.80336972076192,1265.7286314130226
40.811240741155586,301.8418583418747
40.81911176154925,252.69081589587933
40.82698278194292,22.197563133836194
40.83485380233658,12.730219009206277
40.84272482273025,281.4032219364593
40.85059584312391,22.93105637910122
40.85846686351758,34.62971788000064
40.86633788391124,590.0216606904879
40.87420890430491,45.45623429036751
40.88207992469857,356.35428598299455
40.88995094509224,266.5681215101877
40.8978219654859,99.22043773001047
40.90569298587957,708.7871019526934
40.91356400627323,425.0595519665676
40.9214350266669,103.95595794422154
40.929306047060564,44.635120626578455
40.93717706745423,1518.0532761340512
40.9450480878479,525.0267366957214
40.95291910824157,162.39809409014617
40.96079012863523,43.14953079034914
40.9686611490289,37.51775628082268
40.97653216942256,105.46165905756371
40.98440318981623,13.874568362899842
40.99227421020989,519.1042887445037
41.00014523060356,661.7511225354788
41.00801625099722,759.5937218755302
41.01588727139089,208.0549982650735
41.02375829178455,146.37929501915667
41.03162931217822,266.6834109085647
41.03950033257188,292.50584664850606
41.04737135296555,93.83809726543024
41.055242373359214,271.73982298663555
41.06311339375288,879.6922267367461
41.070984414146544,50.54724929172308
41.07885543454021,361.0871646483593
41.086726454933874,722.4824418511167
41.09459747532754,2448.0299389419984
41.102468495721205,588.4866866988287
41.11033951611488,78.27702633240132
41.11821053650854,172.9300701017375
41.12608155690221,635.7334485033774
41.13395257729587,37.50380645840075
41.14182359768954,360.03501894761007
41.1496946180832,740.6376301712144
41.15756563847687,384.8020096675985
41.16543665887053,709.868896302355
41.1733076792642,623.3723670195675
41.18117869965786,4.5723132021941515
41.18904972005153,32.55250447307939
41.196920740445194,471.3150170774805
41.20479176083886,210.30924487948434
41.212662781232524,493.89442287304684
41.22053380162619,971.4448310233428
41.228404822019854,850.440952823509
41.23627584241352,591.2612271855784
41.244146862807185,599.0381959526836
41.25201788320085,551.1233101220154
41.259888903594515,146.82865449499207
41.26775992398818,449.6947286639996
41.275630944381845,360.3474987289705
41.28350196477552,1884.4120731647674
41.29137298516918,366.8419904559899
41.29924400556285,99.12721984458967
41.30711502595651,397.86382229396327
41.31498604635018,1212.5115254123755
41.32285706674384,72.5191848616038
41.33072808713751,23.849489885193815
41.338599107531174,131.47241513698194
41.34647012792484,60.77307663687093
41.354341148318504,223.59053460511674
41.36221216871217,18.704969849409718
41.370083189105834,155.10067515562778
41.3779542094995,988.408620037245
41.385825229893165,258.5984787937762
41.39369625028683,53.60633425031571
41.401567270680495,240.68398822954975
41.40943829107416,178.98434982433074
41.417309311467825,837.7291874492507
41.42518033186149,155.9713743467021
41.433051352255156,129.51375339406513
41.44092237264882,443.6812018174669
41.44879339304249,271.6675446340302
41.45666441343616,58.99492392464866
41.46453543382982,35.57829311869312
41.47240645422349,41.48442646719733
41.480277474617154,200.07059079005202
41.48814849501082,492.640576376134
41.496019515404484,82.88234474629355
41.50389053579815,106.96419107122104
41.511761556191814,474.41764275480404
41.51963257658548,192.43016260426657
41.527503596979145,831.2769493440279
41.53537461737281,210.02479391019452
41.543245637766475,530.7699833356507
41.55111665816014,13.652096769259925
41.558987678553805,51.016189859932986
41.56685869894747,72.32121099189908
41.574729719341136,215.18891971052625
41.5826007397348,18.192739630116474
41.590471760128466,2016.5902486789862
41.59834278052213,46.2617809942047
41.606213800915796,74.62051451966636
41.61408482130946,270.0480667319229
41.621955841703134,177.53689824122935
41.6298268620968,158.85795860166925
41.637697882490464,28.662638823668875
41.64556890288413,152.95030495674214
41.653439923277794,2280.912144113767
41.66131094367146,240.13419026464553
41.669181964065125,212.73836365511562
41.67705298445879,57.865838220524374
41.684924004852455,1454.3479696367513
41.69279502524612,44.494002533700304
41.700666045639785,75.81656765190115
41.70853706603345,537.2341487007296
41.716408086427116,331.8466652219595
41.72427910682078,79.66723431400942
41.732150127214446,37.1234249271631
41.74002114760811,125.58901143072082
41.747892168001776,1030.6651880100994
41.75576318839544,40.10493567229047
41.76363420878911,690.3346690587567
41.77150522918277,436.9441690630819
41.77937624957644,1119.8618837108656
41.78724726997011,23.757175124848054
41.795118290363774,114.69652573337216
41.80298931075744,122.89169849538924
41.810860331151105,123.69160416325636
41.81873135154477,148.19859154878196
41.826602371938435,87.34683725375544
41.8344733923321,333.70577092004595
41.842344412725765,323.11250740444564
41.85021543311943,168.31893779382088
41.858086453513096,61.84336885896527
41.86595747390676,67.28564401720568
41.873828494300426,338.87205938200486
41.88169951469409,53.705147460868055
41.889570535087756,408.25891799714884
41.89744155548142,387.02658219284814
41.90531257587509,803.2381033058648
41.91318359626875,241.39580547401647
41.92105461666242,1080.5114196228833
41.92892563705608,156.47532166037317
41.93679665744975,436.89622114540225
41.94466767784341,602.9930974274812
41.95253869823708,169.95199045070507
41.96040971863075,282.72059012376957
41.968280739024415,70.43587961419897
41.97615175941808,1457.7741994786409
41.984022779811745,306.88011983102786
41.99189380020541,184.53051409886012
41.999764820599076,148.64135358052224
42.00763584099274,97.97833026926928
42.015506861386406,120.56612812443844
42.02337788178007,64.77938374401039
42.031248902173736,96.7200601028131
42.0391199225674,235.60289270884215
42.04699094296107,0.8090028606475479
42.05486196335473,37.818217559116675
42.0627329837484,306.0525042428303
42.07060400414206,53.57703817169421
42.07847502453573,93.40068439106717
42.08634604492939,446.4855613394894
42.09421706532306,313.54750148615994
42.10208808571672,661.3709134146592
42.10995910611039,142.21269137132592
42.11783012650405,65.75799059578883
42.125701146897725,65.79533306214594
42.13357216729139,559.4236264099086
42.141443187685056,76.21951670997204
42.14931420807872,610.8633116449852
42.157185228472386,289.68918191360933
42.16505624886605,16.755672203663085
42.172927269259716,81.79995722174904
42.18079828965338,85.20881614038912
42.18866931004705,485.5227997468392
42.19654033044071,38.0405577891404
42.20441135083438,147.07268775211668
42.21228237122804,513.5445362482824
42.22015339162171,568.3564313089342
42.22802441201537,528.866400374234
42.23589543240904,1054.50748980106
42.2437664528027,162.07489909189346
42.25163747319637,129.90608729044936
42.25950849359003,186.93788628681432
42.2673795139837,71.70261250034058
42.27525053437736,140.42091074825842
42.28312155477103,161.0077682288212
42.2909925751647,462.5771626127936
42.298863595558366,455.38623784678543
42.30673461595203,351.62929092949383
42.314605636345696,330.11971532909666
42.32247665673936,579.0128414484049
42.33034767713303,570.5062300285035
42.33821869752669,19.882665097130875
42.34608971792036,1606.3182957161398
42.35396073831402,1486.9038230952797
42.36183175870769,1.0912548124817585
42.36970277910135,583.9548000588838
42.37757379949502,487.65431553995677
42.38544481988868,715.2353001761187
42.39331584028235,60.809058399380184
42.40118686067601,81.79678159032726
42.40905788106968,33.88383718897647
42.41692890146334,319.16314180205956
42.42479992185701,697.7249453365605
42.432670942250674,152.6871359140115
42.44054196264434,448.8385174188276
42.448412983038004,68.7824723722085
42.45628400343167,149.47551076344058
42.46415502382534,158.0654167179537
42.47202604421901,349.2957676505197
42.47989706461267,8.229464810435577
42.48776808500634,98.86935938708527
42.4956391054,977.3212902381428
42.50351012579367,287.22210673146924
42.51138114618733,235.95488195607192
42.519252166581,232.11124576710327
42.52712318697466,24.998822541007122
42.53499420736833,298.0994331469331
42.54286522776199,9.383669472301184
42.55073624815566,498.56315738334746
42.55860726854932,162.02611833880664
42.56647828894299,328.52900436777844
42.574349309336654,918.242865574106
42.58222032973032,9.105334606372363
42.590091350123984,292.0385464933136
42.59796237051765,294.5423780757202
42.605833390911314,995.3997346078888
42.61370441130498,941.213462188829
42.621575431698645,105.21437437491089
42.62944645209232,375.6403976515469
42.63731747248598,104.48324585828887
42.64518849287965,277.345429860192
42.65305951327331,71.0003748872484
42.66093053366698,1351.5907820287682
42.66880155406064,87.42143429742451
42.67667257445431,126.48089388309972
42.68454359484797,522.6889369886311
42.69241461524164,346.26498206157163
42.7002856356353,155.56126023445688
42.70815665602897,65.60904874192157
42.716027676422634,31.483992215208062
42.7238986968163,974.0109867254342
42.731769717209964,409.7954681112467
42.73964073760363,891.572953877614
42.747511757997295,187.15491349588913
42.75538277839096,470.2199824136106
42.763253798784625,171.55971654281024
42.77112481917829,18.535657186293157
42.778995839571955,115.55741775054305
42.78686685996562,188.89902463736874
42.794737880359285,160.60656613485537
42.80260890075296,776.1288153615528
42.81047992114662,471.8028202349529
42.81835094154029,62.58604456942098
42.82622196193395,555.3868803693545
42.83409298232762,405.1997615993688
42.841964002721284,287.7436755166207
42.84983502311495,449.15807466542094
42.857706043508614,117.30676687564731
42.86557706390228,326.7017214012486
42.873448084295944,66.43768530708894
42.88131910468961,618.1116209134469
42.889190125083275,872.6086559724761
42.89706114547694,319.5365441651613
42.904932165870605,923.2977551697497
42.91280318626427,1308.3115120605141
42.920674206657935,435.15066110467836
42.9285452270516,319.054618900438
42.936416247445266,18.837100904528615
42.94428726783893,29.913306870407467
42.952158288232596,5.883483103521985
42.96002930862626,826.0582818296716
42.96790032901993,666.7869810512364
42.9757713494136,825.7694409836532
42.983642369807264,122.20124602017324
42.99151339020093,378.1765731335182
42.999384410594594,353.494306289261
43.00725543098826,1772.0415532382112
43.015126451381924,643.33715738685
43.02299747177559,28.175671455245762
43.030868492169255,489.4028732089457
43.03873951256292,312.8792720119134
43.046610532956585,482.1876785693754
43.05448155335025,387.8607854125627
43.062352573743915,96.58499635304584
43.07022359413758,70.46995612974533
43.078094614531246,333.7776084626866
43.08596563492491,456.97024029809455
43.093836655318576,4.976624404428753
43.10170767571224,124.03988927637627
43.109578696105906,226.22806675158034
43.11744971649957,510.9906460059491
43.12532073689324,5.023922291034656
43.1331917572869,225.45532963301275
43.141062777680574,20.413811997156586
43.14893379807424,1662.8837482686984
43.156804818467904,16.409708323419856
43.16467583886157,147.44771903868823
43.172546859255235,400.93509018275176
43.1804178796489,1199.7505714829008
43.188288900042565,15.32221383731378
43.19615992043623,363.35657523140674
43.204030940829895,1664.0951164314451
43.21190196122356,675.7988023871058
43.219772981617226,290.51861208157277
43.22764400201089,7.8767489431519975
43.235515022404556,62.04837470390247
43.24338604279822,288.19957881622315
43.251257063191886,100.98217052072508
43.25912808358555,1062.97506465346
43.26699910397922,774.7576000391998
43.27487012437288,129.66541516541116
43.28274114476655,598.4153850926223
43.29061216516021,124.45831330356263
43.29848318555388,558.7412623168839
43.30635420594755,21.624495328948534
43.314225226341215,298.9030946868325
43.32209624673488,45.62876003580913
43.329967267128545,124.80507860946234
43.33783828752221,342.4673404596619
43.345709307915875,109.93241600692058
43.35358032830954,62.96781040344012
43.361451348703206,806.0704024072344
43.36932236909687,468.9137372141183
43.377193389490536,15.3591554138402
43.3850644098842,354.427877370919
43.392935430277866,161.69088700655266
43.40080645067153,599.7543062416087
43.4086774710652,311.8916383747697
43.41654849145886,90.297699989655
43.42441951185253,30.00791274554366
43.43229053224619,54.47731543652982
43.44016155263986,403.84092741628166
43.44803257303352,68.56540467308301
43.45590359342719,611.1043536333947
43.46377461382085,753.3348772314965
43.47164563421452,110.22799038652686
43.47951665460819,23.83746530392012
43.487387675001855,51.42655845030704
43.49525869539552,87.93175416658502
43.503129715789186,150.08038866357657
43.51100073618285,71.05595841477486
43.518871756576516,48.654899723060836
43.52674277697018,10.363722863059232
43.534613797363846,239.08491966259214
43.54248481775751,146.7645108134803
43.55035583815118,188.75636813467042
43.55822685854484,204.00162732898406
43.56609787893851,155.9376012157777
43.57396889933217,413.4872868376353
43.58183991972584,409.98876670440995
43.5897109401195,729.3961110154688
43.59758196051317,100.14679335165067
43.60545298090683,78.26480497364552
43.6133240013005,62.131041080137045
43.62119502169416,886.1361019292298
43.62906604208783,156.19714970080153
43.63693706248149,136.7518278426833
43.644808082875166,479.5464357110758
43.65267910326883,7.060115301016339
43.660550123662496,182.0612837176281
43.66842114405616,318.2749237480915
43.676292164449826,53.51951532874406
43.68416318484349,318.38477610374326
43.69203420523716,628.3669059334743
43.69990522563082,75.06960448555377
43.70777624602449,100.78023507462345
43.71564726641815,948.2614189968244
43.72351828681182,1906.0234386784664
43.73138930720548,1054.0466119918856
43.73926032759915,16.60437512099105
43.74713134799281,227.11155798702532
43.75500236838648,274.70290065587153
43.76287338878014,569.3500467328535
43.77074440917381,383.1475373479872
43.77861542956747,139.2818355778999
43.78648644996114,509.15588318818914
43.794357470354804,205.3897555970575
43.80222849074847,39.320531768290124
43.81009951114214,218.8380912281115
43.817970531535806,373.520721251569
43.82584155192947,1.915674355918699
43.83371257232314,212.13313487656285
43.8415835927168,1262.6084951364783
43.84945461311047,434.7521583170469
43.85732563350413,108.85060131997177
43.8651966538978,101.53928765066442
43.87306767429146,475.0456328636919
43.88093869468513,930.5210374745991
43.88880971507879,1724.1953339903714
43.89668073547246,606.4975553036437
43.90455175586612,321.3938363768836
43.91242277625979,62.93113601944635
43.92029379665345,114.81903663369292
43.92816481704712,54.87684712063284
43.936035837440784,242.561403712166
43.94390685783445,15.81918247257161
43.951777878228114,401.62982760142256
43.95964889862178,8.81840390881083
43.967519919015444,771.3962544078594
43.97539093940911,68.560631801902
43.98326195980278,40.318827776704794
43.99113298019645,5.383348425247859
43.99900400059011,151.7723595326287
44.00687502098378,58.71501931662493
44.01474604137744,691.0381180979385
44.02261706177111,453.5851794903656
44.03048808216477,382.7644044126055
44.03835910255844,483.37872100622866
44.0462301229521,85.50913878381017
44.05410114334577,1165.2272761011236
44.06197216373943,592.1641723644461
44.0698431841331,424.333810644161
44.077714204526764,406.9687166057
44.08558522492043,214.0038322297927
44.093456245314094,116.00372899641938
44.10132726570776,1455.903628551541
44.109198286101424,269.7927581596048
44.11706930649509,305.5974926214233
44.124940326888755,660.5201017195998
44.13281134728242,316.6736937333303
44.140682367676085,40.4747266211501
44.14855338806976,365.6227650197507
44.15642440846342,635.5736230817313
44.16429542885709,60.97996366465383
44.17216644925075,383.0564439729028
44.18003746964442,32.84236865578222
44.18790849003808,529.2788023875898
44.19577951043175,302.29024560194057
44.20365053082541,534.4311545634278
44.21152155121908,206.72914824822047
44.219392571612744,110.8109943605968
44.22726359200641,330.8989069700825
44.235134612400074,589.1238556088136
44.24300563279374,9.887239694876499
44.250876653187404,744.1157851861242
44.25874767358107,491.8505056959093
44.266618693974735,902.2974407168252
44.2744897143684,202.59289978726736
44.282360734762065,40.98178394940836
44.29023175515573,603.2335418150694
44.298102775549395,9.6204145073384
44.30597379594306,170.38512292078534
44.313844816336726,1105.82695988234
44.3217158367304,99.36413978699042
44.32958685712406,321.7601893644376
44.33745787751773,162.0267390294671
44.34532889791139,682.6745402297361
44.35319991830506,327.95195766330346
44.361070938698724,244.0560622128977
44.36894195909239,776.6367119740238
44.376812979486054,146.55351513232824
44.38468399987972,294.2333119834311
44.392555020273385,2010.4416198027554
44.40042604066705,499.4199138204683
44.408297061060715,2211.0732970262475
44.41616808145438,2115.264750869187
44.424039101848045,100.39788089700205
44.43191012224171,270.569234741976
44.439781142635375,1954.7291687024622
44.44765216302904,120.9700788753668
44.455523183422706,112.44254418158035
44.46339420381637,16.286077305733368
44.471265224210036,40.99188006458184
44.4791362446037,294.7590059541251
44.487007264997374,97.00212110462323
44.49487828539104,178.76503942446558
44.502749305784704,191.33479436880145
44.51062032617837,278.44483246601527
44.518491346572034,304.1978644735114
44.5263623669657,279.10993449211753
44.534233387359365,272.5052068559317
44.54210440775303,6.296780374710783
44.549975428146695,2899.1957277857205
44.55784644854036,310.82436450042707
44.565717468934025,121.63943570661823
44.57358848932769,1489.6082874049825
44.581459509721356,337.375965777971
44.58933053011502,108.12452640419235
44.597201550508686,242.56650331340052
44.60507257090235,523.1910052134615
44.612943591296016,18.06645351257261
44.62081461168968,2.3745040429943893
44.62868563208335,442.36206598446506
44.63655665247701,181.98055862454905
44.64442767287068,600.1625653996936
44.65229869326434,35.71429265237294
44.660169713658014,1029.9177132622708
44.66804073405168,79.51678945661898
44.675911754445345,626.6341208043897
44.68378277483901,222.42492215572773
44.691653795232675,91.61577739456426
44.69952481562634,34.78524332496572
44.707395836020005,1175.6062050217197
44.71526685641367,29.723542158302134
44.723137876807336,204.32508942972694
44.731008897201,157.60976646562412
44.738879917594666,557.754694839796
44.74675093798833,481.22777648924307
44.754621958381996,214.04277725580013
44.76249297877566,211.46061653192987
44.77036399916933,580.9957510248407
44.77823501956299,92.8998547880604
44.78610603995666,985.2969145020571
44.79397706035032,3.3566880028736747
44.80184808074399,295.32051898533336
44.80971910113765,98.09995765715601
44.81759012153132,416.6727173097012
44.82546114192499,278.2909145224821
44.833332162318655,1028.3822025077143
44.84120318271232,145.54782046732535
44.849074203105985,640.6312575660727
44.85694522349965,395.34656146631175
44.864816243893316,294.3166142778415
44.87268726428698,75.48855186465028
44.880558284680646,57.25250208204821
44.88842930507431,466.12787867800006
44.896300325467976,41.966424733233424
44.90417134586164,780.791225724213
44.91204236625531,796.5727003170857
44.91991338664897,403.75043923411846
44.92778440704264,571.803769596753
44.9356554274363,1080.8646862891962
44.94352644782997,88.24628124960977
44.95139746822363,383.43324965500426
44.9592684886173,724.0957724951751
44.96713950901096,577.0643231888678
44.97501052940463,904.9098959763721
44.98288154979829,666.0517699016812
44.99075257019196,1162.162096400856
44.99862359058563,79.27162530234746
45.006494610979296,65.86209735411268
45.01436563137296,64.39230751076788
45.022236651766626,1044.7680615598736
45.03010767216029,10.757488711684253
45.037978692553956,34.85654564922846
45.04584971294762,35.58175502211303
45.05372073334129,64.71410857900541
45.06159175373495,537.982968824701
45.06946277412862,27.320214585496792
45.07733379452228,144.9541625710226
45.08520481491595,234.21157174119563
45.09307583530961,634.0596501844961
45.10094685570328,15.878662159789274
45.10881787609694,33.26960482316927
45.11668889649061,184.06666994973227
45.12455991688427,205.79563177705455
45.13243093727794,369.71072132040405
45.1403019576716,41.73369824525779
45.14817297806527,13.339381786356554
45.156043998458934,220.75901826571172
45.163915018852606,348.81810292636726
45.17178603924627,1023.4496682349923
45.179657059639936,829.3057794626799
45.1875280800336,108.58539940201271
45.19539910042727,313.25139949450096
45.20327012082093,589.5080144943075
45.2111411412146,12.404106299529293
45.21901216160826,27.706507305204457
45.22688318200193,11.016943436189644
45.23475420239559,444.30694623413325
45.24262522278926,143.60487376229867
45.25049624318292,8.094631517397803
45.25836726357659,68.1350558115819
45.26623828397025,167.2643873429099
45.27410930436392,15.121158936251524
45.28198032475758,8.45270130149955
45.28985134515125,191.78075789969856
45.297722365544914,508.4162127700713
45.30559338593858,421.2489165995722
45.313464406332244,455.2058889462393
45.32133542672591,125.17757034243186
45.32920644711958,29.50515789535778
45.33707746751325,109.56593608988
45.34494848790691,54.449107579636205
45.35281950830058,469.7864274487722
45.36069052869424,279.89437395982054
45.36856154908791,1429.4807251306431
45.37643256948157,457.60539772461175
45.38430358987524,160.805916037459
45.3921746102689,198.43427076178466
45.40004563066257,490.75323110053745
45.40791665105623,1187.3540860821308
45.4157876714499,81.67618483976726
45.42365869184356,96.36493777643253
45.43152971223723,222.98741850403835
45.439400732630894,539.7237864977294
45.44727175302456,183.66777288879308
45.455142773418224,155.74677949054274
45.46301379381189,174.52918435659188
45.470884814205554,308.91304723942716
45.47875583459922,22.847399286793834
45.486626854992885,73.54803221421153
45.49449787538655,417.3152996818662
45.50236889578022,425.5379559684267
45.51023991617389,439.94395838571955
45.51811093656755,28.591874361923466
45.52598195696122,98.9087043562083
45.53385297735488,316.9305071102515
45.54172399774855,76.7302367486164
45.54959501814221,181.607589471361
45.55746603853588,18.915832379182945
45.56533705892954,28.5318993514088
45.57320807932321,12.808977441069642
45.581079099716874,243.9071276880096
45.58895012011054,661.632223919211
45.596821140504204,48.151816106716076
45.60469216089787,624.9076524962223
45.612563181291534,47.59620173682023
45.6204342016852,9.798734937303415
45.628305222078865,39.3890041920562
45.63617624247253,112.2632494459973
45.644047262866195,10.138546885116428
45.65191828325986,13.0997544193042
45.659789303653525,0.43489668344993115
45.6676603240472,25.693446964223202
45.67553134444086,34.74991282616825
45.68340236483453,49.85434845830146
45.69127338522819,80.55860917024933
45.69914440562186,858.2487466687551
45.70701542601552,304.0836274620974
45.71488644640919,35.75860498743274
45.722757466802854,171.9255830280265
45.73062848719652,986.9800538714956
45.738499507590184,173.8592015120363
45.74637052798385,181.57686461022183
45.754241548377514,601.957130462528
45.76211256877118,3.6484717246512015
45.769983589164845,114.44631289889875
45.77785460955851,126.96656292734602
45.785725629952175,662.6019101362934
45.79359665034584,188.61214781344574
45.801467670739505,75.80991597536544
45.80933869113317,432.7421423080809
45.817209711526836,2874.6861387509516
45.8250807319205,474.2096982582558
45.832951752314166,168.22694315439
45.84082277270784,945.1595823913889
45.8486937931015,0.2209675320600735
45.85656481349517,622.886482236158
45.864435833888834,162.49068038665425
45.8723068542825,222.47824299173578
45.880177874676164,557.1817926446192
45.88804889506983,28.991297774720937
45.895919915463494,897.9554035721256
45.90379093585716,147.3014685206262
45.911661956250825,269.9968561104471
45.91953297664449,756.8996020794929
45.927403997038155,177.2283837073156
45.93527501743182,397.7097298856058
45.943146037825485,211.06833485728012
45.95101705821915,241.46544210626124
45.958888078612816,491.89987765323275
45.96675909900648,145.7434260461697
45.974630119400146,63.21145855902966
45.98250113979381,349.7450282252263
45.990372160187476,149.05411799828596
45.99824318058114,388.45951480380626
46.006114200974814,483.1892015223849
46.01398522136848,17.28113466910064
46.021856241762144,233.76439741480232
46.02972726215581,107.33924044077744
46.037598282549475,247.7238954567868
46.04546930294314,1475.1284462360934
46.053340323336805,361.63199881429443
46.06121134373047,110.38416427383164
46.069082364124135,240.5038306228969
46.0769533845178,186.40996826475842
46.084824404911465,709.599762204155
46.09269542530513,907.1139617373441
46.100566445698796,241.78450654556505
46.10843746609246,321.0016119729941
46.116308486486126,132.725863274923
46.12417950687979,153.19374469456832
46.13205052727346,803.8525993466722
46.13992154766712,90.21634762237996
46.14779256806079,517.8656912648745
46.15566358845445,8.356279022461935
46.16353460884812,90.20108758429214
46.17140562924178,836.6721827901915
46.179276649635455,701.9478219503208
46.18714767002912,413.05277170770836
46.195018690422785,187.60398788432272
46.20288971081645,70.00672910515054
46.210760731210115,0.16045752737235958
46.21863175160378,358.0284415901162
46.226502771997446,105.33962411429201
46.23437379239111,115.37830007774406
46.242244812784776,587.8970079676837
46.25011583317844,448.940947437957
46.257986853572106,93.2467943542034
46.26585787396577,113.16857579012799
46.27372889435944,177.22090460110493
46.2815999147531,340.30912906281293
46.28947093514677,270.5707891359432
46.29734195554043,212.5551389663459
46.3052129759341,1121.7682523344477
46.31308399632776,335.62858164291214
46.32095501672143,95.94126045233453
46.32882603711509,172.92723322484505
46.33669705750876,748.4660408839491
46.34456807790243,144.32676751919084
46.352439098296095,44.13055878007063
46.36031011868976,723.3967284681473
46.368181139083426,224.5140305678061
46.37605215947709,81.66476584228958
46.383923179870756,494.2510006162615
46.39179420026442,12.365239120861263
46.399665220658086,290.0265819148074
46.40753624105175,88.72831342957981
46.41540726144542,213.73242982706643
46.42327828183908,76.31808934886027
46.43114930223275,1114.2300488066273
46.43902032262641,627.1004906185468
46.44689134302008,538.3647679780834
46.45476236341374,730.9701376144686
46.46263338380741,107.41207886464277
46.47050440420107,196.3375524217242
46.47837542459474,316.93348031562226
46.4862464449884,171.87662427549185
46.49411746538207,380.7255953188323
46.50198848577573,529.0256249333399
46.5098595061694,340.8154664815745
46.51773052656307,967.0838942882249
46.525601546956736,1650.6448606654847
46.5334725673504,104.7883701255563
46.541343587744066,382.43785733398585
46.54921460813773,315.01084562512864
46.5570856285314,74.88599924819756
46.56495664892506,100.1970682232326
46.57282766931873,264.81963137459763
46.58069868971239,272.7697143901449
46.58856971010606,150.49749950936058
46.59644073049972,227.32675190528985
46.60431175089339,150.1826410280235
46.61218277128705,292.8820048136538
46.62005379168072,395.0521441284366
46.62792481207438,232.67948893650276
46.63579583246805,213.41125616504755
46.64366685286171,45.5515030258781
46.65153787325538,69.14562200410535
46.659408893649044,413.4124162531103
46.66727991404271,2.08751332258698
46.675150934436374,293.57951596150326
46.683021954830046,170.0600083361888
46.69089297522371,14.582913507853895
46.69876399561738,520.6491801631009
46.70663501601104,28.05249320723108
46.71450603640471,686.8478195205131
46.72237705679837,236.0971035189307
46.73024807719204,49.3227121663969
46.7381190975857,37.60155148103731
46.74599011797937,664.4180401749712
46.75386113837303,763.3721900228668
46.7617321587667,1046.5717348083288
46.76960317916036,121.68887351679084
46.77747419955403,133.75942420675693
46.78534521994769,149.67408170922624
46.79321624034136,62.469173440838055
46.801087260735024,80.70269418297168
46.80895828112869,22.11938067968388
46.816829301522354,470.37149198008336
46.82470032191602,342.58842166102596
46.832571342309684,305.15322862996675
46.84044236270335,492.96163988696117
46.84831338309702,138.07941563063278
46.85618440349069,362.7044339977647
46.86405542388435,59.09111682465311
46.87192644427802,281.2144984180918
46.87979746467168,882.8949577990077
46.88766848506535,680.8837154029022
46.89553950545901,22.797643680662265
46.90341052585268,224.52349513809583
46.91128154624634,51.629416245512864
46.91915256664001,560.5126607152262
46.92702358703367,534.5336387072668
46.93489460742734,289.3993851052557
46.942765627821004,804.0122756920571
46.95063664821467,119.19479389585283
46.958507668608334,649.8956844092753
46.966378689002,57.238597476427465
46.974249709395664,42.225959202979865
46.98212072978933,91.03628830643814
46.989991750182995,16.357269821141077
46.99786277057666,256.58899028239614
47.005733790970325,37.172074507574024
47.01360481136399,74.17478245816834
47.02147583175766,477.0464215435591
47.02934685215133,576.218178423755
47.03721787254499,250.73835393230564
47.04508889293866,155.65541633986135
47.05295991333232,1217.9685570019956
47.06083093372599,132.0620628751961
47.06870195411965,124.95207879032512
47.07657297451332,331.244625541598
47.084443994906984,93.4211663650096
47.09231501530065,165.36144150753958
47.100186035694314,526.1767531700038
47.10805705608798,532.9815800595252
47.115928076481644,371.7905711712708
47.12379909687531,348.5760645496167
47.131670117268975,59.2844587103575
47.13954113766264,78.94339250443304
47.147412158056305,348.873235948225
47.15528317844997,46.573024637831125
47.163154198843635,43.35577292773858
47.1710252192373,196.8962186520743
47.178896239630966,57.84974521347209
47.18676726002464,6.910199853223874
47.1946382804183,538.7566950259439
47.20250930081197,77.64670579567323
47.21038032120563,50.67197823107453
47.2182513415993,985.8788403584542
47.226122361992964,606.7151628757928
47.23399338238663,57.51729522660353
47.241864402780294,207.24305730504392
47.24973542317396,1085.7914244737797
47.257606443567624,214.30826667265998
47.26547746396129,63.45969322905575
47.273348484354955,363.1842749992784
47.28121950474862,408.5097591270117
47.289090525142285,112.84125273821141
47.29696154553595,461.6512747899056
47.304832565929615,146.83683523085105
47.31270358632328,325.6964670096123
47.320574606716946,22.044846330870598
47.32844562711061,598.7394934511068
47.336316647504276,1751.9919648531263
47.34418766789794,670.9415818507251
47.352058688291606,91.85050482525757
47.35992970868528,16.552113791550376
47.367800729078944,51.867827536961684
47.37567174947261,83.91054222856495
47.383542769866274,109.94919983991485
47.39141379025994,38.87125394234269
47.399284810653604,502.6491824581287
47.40715583104727,279.37790575489146
47.415026851440935,450.9982141268014
47.4228978718346,1126.0482519416216
47.430768892228265,22.540352986976
47.43863991262193,36.18243784717782
47.446510933015595,104.47044373654713
47.45438195340926,197.58438208713687
47.462252973802926,30.599751325050295
47.47012399419659,8.407796783998549
47.477995014590256,185.85473157320644
47.48586603498392,142.4740707075415
47.493737055377586,120.28402733458763
47.50160807577125,887.008587480624
47.50947909616492,1.928750423809152
47.51735011655858,97.57624461277719
47.525221136952254,84.25747883531524
47.53309215734592,49.311247304617105
47.540963177739584,315.0308303815533
47.54883419813325,405.6704328778202
47.556705218526915,13.120349018176764
47.56457623892058,49.703257562971295
47.572447259314245,22.093750686081766
47.58031827970791,40.920418559318996
47.588189300101575,98.8629944334416
47.59606032049524,113.70995138535739
47.603931340888906,419.1602937927896
47.61180236128257,24.62990766046751
47.619673381676236,3.734477162158604
47.6275444020699,206.00411684559506
47.635415422463566,199.9984544557177
47.64328644285723,159.32489162145103
47.6511574632509,118.15078558641973
47.65902848364456,199.47333557438222
47.66689950403823,701.3700733055533
47.67477052443189,250.96409786810244
47.68264154482556,76.81109229986987
47.69051256521922,318.4396651559676
47.698383585612895,110.38140727402477
47.70625460600656,928.1871842665939
47.714125626400225,1695.7492253945416
47.72199664679389,351.328469565928
47.729867667187555,155.40444914000895
47.73773868758122,572.142100536379
47.745609707974886,121.04108097340603
47.75348072836855,138.57573447328627
47.761351748762216,232.56485406604483
47.76922276915588,386.4703530985265
47.777093789549546,124.66313902921287
47.78496480994321,176.0539729977546
47.79283583033688,9.369955444860198
47.80070685073054,204.9938970047576
47.80857787112421,2.735590401288781
47.81644889151787,177.59761745241454
47.82431991191154,624.9017065852132
47.8321909323052,590.5222370284595
47.84006195269887,257.37572618322736
47.84793297309253,29.61810555718428
47.8558039934862,289.40960040620246
47.86367501387987,208.7882532017924
47.871546034273535,666.930999992476
47.8794170546672,1448.1927532313236
47.887288075060866,241.1859983049367
47.89515909545453,185.07016018013204
47.903030115848196,126.18782558525288
47.91090113624186,65.32536260161271
47.91877215663553,84.37411776606328
47.92664317702919,366.0945040343182
47.93451419742286,63.453950706898596
47.94238521781652,127.50599216892907
47.95025623821019,523.388212051762
47.95812725860385,487.6594212622811
47.96599827899752,564.8083497559318
47.97386929939118,124.60176006098295
47.98174031978485,535.7306272046616
47.98961134017851,445.9852014892795
47.99748236057218,838.99071395306
48.00535338096584,486.72910226975375
48.01322440135951,599.4941618612306
48.021095421753174,298.3371211195698
48.02896644214684,88.70767606151377
48.03683746254051,604.744142180727
48.044708482934176,58.6107680202089
48.05257950332784,594.2377971019928
48.06045052372151,189.42761799822313
48.06832154411517,508.63207822650605
48.07619256450884,294.18338658717676
48.0840635849025,742.6130912881507
48.09193460529617,32.482229884750055
48.09980562568983,142.69210623151494
48.1076766460835,77.98371605150916
48.11554766647716,159.2032614958826
48.12341868687083,161.89898776225397
48.13128970726449,31.571490719884157
48.13916072765816,379.89093949167875
48.14703174805182,79.6975170247509
48.15490276844549,7.502120653773516
48.162773788839154,129.60814744548398
48.17064480923282,117.43152800964353
48.178515829626484,87.43061305584001
48.18638685002015,169.2311097658333
48.194257870413814,162.49865531532876
48.20212889080749,662.2453272062907
48.20999991120115,120.8594512007855
48.21787093159482,216.12432312406162
48.22574195198848,91.82490007181039
48.23361297238215,226.37607712436804
48.24148399277581,112.44472755597296
48.24935501316948,95.55135384258256
48.25722603356314,10.09757205364071
48.26509705395681,278.54783372877904
48.27296807435047,11.931613141252631
48.28083909474414,131.93307531656524
48.2887101151378,22.453192869483654
48.29658113553147,51.30890681474909
48.304452155925134,48.08809255119436
48.3123231763188,62.06110615112991
48.320194196712464,3.2368745689949248
48.32806521710613,37.058735292918314
48.335936237499794,97.14670443867108
48.34380725789346,43.66027052364788
48.351678278287125,28.61122282085421
48.35954929868079,105.75340274135505
48.367420319074455,57.55429683832094
48.37529133946813,27.17520398141576
48.38316235986179,281.6556709822528
48.39103338025546,40.30395253934577
48.39890440064912,180.3242021085344
48.40677542104279,312.6589511511519
48.41464644143645,73.48278447739395
48.42251746183012,47.346484761409876
48.43038848222378,221.93230998855267
48.43825950261745,81.69076272673514
48.446130523011114,3.6801212522947933
48.45400154340478,54.501319076905816
48.461872563798444,233.69729202876562
48.46974358419211,221.22391097856647
48.477614604585774,250.43082345671593
48.48548562497944,85.65131675554554
48.493356645373105,31.090910434996164
48.50122766576677,618.3641928964632
48.509098686160435,176.8070914614632
48.5169697065541,207.7111977935418
48.524840726947765,25.915691545184597
48.53271174734143,10.241836108033684
48.5405827677351,281.90456235695336
48.54845378812877,171.43026344674823
48.55632480852243,78.49442302928696
48.5641958289161,110.4409889554688
48.57206684930976,329.9648474480644
48.57993786970343,241.83981489069862
48.587808890097094,191.10047830032843
48.59567991049076,1437.7385078576099
48.603550930884424,21.30585382732722
48.61142195127809,200.49118771732037
48.619292971671754,55.370468834837716
48.62716399206542,148.6358861513066
48.635035012459085,205.93280800303882
48.64290603285275,141.41542445318407
48.650777053246415,100.93365988037507
48.65864807364008,341.95045665614674
48.666519094033745,475.6081411549795
48.67439011442741,339.4350102602276
48.682261134821076,92.9477126630868
48.69013215521474,73.17979266942123
48.698003175608406,1038.9011081362262
48.70587419600208,354.28966750537376
48.71374521639574,734.1825643055349
48.72161623678941,207.843832384796
48.729487257183074,234.67634626605908
48.73735827757674,234.0508491102712
48.745229297970404,60.67346382174941
48.75310031836407,90.91175189509379
48.760971338757734,1399.5113640084885
48.7688423591514,0.6935173685733145
48.776713379545065,750.0593072810659
48.78458439993873,60.335793813957714
48.792455420332395,59.61624299184503
48.80032644072606,93.03437551713564
48.808197461119725,249.09850520936928
48.81606848151339,52.18834877407549
48.823939501907056,181.54996042823925
48.83181052230072,349.6534305016631
48.839681542694386,58.76817179320496
48.84755256308805,77.39498523523253
48.855423583481716,179.4661590698314
48.86329460387538,156.37516473820688
48.87116562426905,69.12566383093889
48.87903664466272,456.89407016866596
48.886907665056384,244.87434794518168
48.89477868545005,62.72654173662401
48.902649705843714,166.47460213929392
48.91052072623738,220.77919908841
48.918391746631045,155.18004999488454
48.92626276702471,80.92074700804872
48.934133787418375,28.657726487350278
48.94200480781204,8.221676455313213
48.949875828205705,353.89545985660544
48.95774684859937,711.4937759291174
48.965617868993036,586.0028373619261
48.9734888893867,83.41983437591762
48.981359909780366,339.37393040484596
48.98923093017403,126.86798984050913
48.997101950567696,815.6257405686612
49.00497297096136,48.638433805175815
49.01284399135503,6.959810772027473
49.02071501174869,286.6625866928992
49.02858603214236,94.73300621212287
49.03645705253602,844.8013447872106
49.044328072929694,498.55403679248724
49.05219909332336,895.3808376605255
49.060070113717025,159.99275870932925
49.06794113411069,35.91107726785106
49.075812154504355,82.20102323420129
49.08368317489802,206.7445538732763
49.091554195291685,226.18466698889225
49.09942521568535,16.1796753363614
49.107296236079016,399.44495563265
49.11516725647268,907.6042194606466
49.123038276866346,230.57254712867328
49.13090929726001,681.6101045666861
49.138780317653676,543.9175641080708
49.14665133804734,441.2758657112919
49.15452235844101,257.5234094038204
49.16239337883467,193.04539194084708
49.17026439922834,114.81249461349879
49.178135419622,437.0612587837374
49.18600644001567,198.55385684852132
49.19387746040933,0.46491406578054967
49.201748480803,748.7538890529834
49.20961950119666,622.3880785150939
49.217490521590335,25.050537087157952
49.225361541984,144.5180868333213
49.233232562377665,157.4353736540402
49.24110358277133,720.3055646416614
49.248974603164996,1022.3691888282214
49.25684562355866,467.66559141703294
49.264716643952326,499.62672954416973
49.27258766434599,147.98637813477214
49.280458684739656,18.122091122542603
49.28832970513332,28.555418875360868
49.29620072552699,57.161978161412016
49.30407174592065,130.82766009535308
49.31194276631432,74.02733381209615
49.31981378670798,88.80157921497094
49.32768480710165,162.816606950995
49.33555582749531,20.47664006859332
49.34342684788898,117.18365648252068
49.35129786828264,55.48118057798558
49.35916888867631,175.23099296401895
49.36703990906997,321.82231424400305
49.37491092946364,201.89787360799144
49.38278194985731,950.3633290264423
49.390652970250976,288.54075352737345
49.39852399064464,209.20763611037862
49.406395011038306,37.00066942125872
49.41426603143197,458.3660750932821
49.422137051825636,65.50014925271398
49.4300080722193,39.38577299756562
49.43787909261297,147.27806816960845
49.44575011300663,83.29311526636505
49.4536211334003,24.861408725984088
49.46149215379396,747.4555833226609
49.46936317418763,232.241772705643
49.47723419458129,245.08777463666888
49.48510521497496,170.86924827100157
49.49297623536862,282.69530370912094
49.50084725576229,417.18976860294407
49.50871827615595,330.4563978742863
49.51658929654962,236.12214612972696
49.52446031694328,741.7375187710594
49.53233133733695,601.8486322945519
49.540202357730614,160.42096209189538
49.54807337812428,11.788199275242338
49.55594439851795,65.7083092538856
49.56381541891162,273.74171092206257
49.57168643930528,10.853946072725686
49.57955745969895,228.66789564121174
49.58742848009261,443.3387511051109
49.59529950048628,372.3976816419125
49.60317052087994,454.5208747656199
49.61104154127361,301.1227136770549
49.61891256166727,962.8604064979938
49.62678358206094,1315.2811592009039
49.6346546024546,81.05233461638446
49.64252562284827,304.96226985301956
49.65039664324193,943.0737478139843
49.6582676636356,268.5300241697988
49.666138684029264,198.96163022993403
49.67400970442293,436.48301180007775
49.681880724816594,55.04570258460256
49.68975174521026,484.3501201222923
49.697622765603924,59.30203212214935
49.70549378599759,34.108402406422584
49.713364806391255,6.122288842278902
49.72123582678493,0.5110145958788674
49.72910684717859,10.351822095713727
49.73697786757226,1.2133480623218684
49.74484888796592,50.908805181142
49.75271990835959,114.92059998615308
49.76059092875325,135.69175459993124
49.76846194914692,307.8782567091268
49.77633296954058,294.1119624987155
49.78420398993425,78.77884278363274
49.79207501032791,148.22155207132548
49.79994603072158,1116.994569659416
49.807817051115244,398.3230268380891
49.81568807150891,811.3057700147045
49.823559091902574,508.5820802245674
49.83143011229624,137.13704052807688
49.839301132689904,424.94596476941877
49.84717215308357,2.837372979712305
49.855043173477235,123.8192762797837
49.8629141938709,317.97041694133566
49.870785214264565,23.026034032576298
49.87865623465823,83.10495106389348
49.886527255051895,292.0398484565146
49.89439827544557,7.062645548085124
49.90226929583923,88.18806098411132
49.9101403162329,227.06982253930872
49.91801133662656,413.72085875865355
49.92588235702023,482.9154077868969
49.93375337741389,89.86160221701718
49.94162439780756,165.21467516781058
49.949495418201224,6.7889029224226345
49.95736643859489,161.33565542291666
49.965237458988554,247.91182193590302
49.97310847938222,126.56605566094255
49.980979499775884,11.255134347113206
49.98885052016955,52.48216153418812
49.996721540563215,143.38509126520228
50.00459256095688,402.12381794470474
50.012463581350545,284.27883258807384
50.02033460174421,48.75622185898422
50.028205622137875,59.638346188085016
50.03607664253154,1369.9768339876925
50.043947662925206,9.714551469503213
50.05181868331887,150.1300391002582
50.05968970371254,14.109301528100966
50.06756072410621,104.61240380607458
50.07543174449987,70.5394919892961
50.08330276489354,30.150326229430984
50.091173785287204,8.274353694550117
50.09904480568087,80.72932217076335
50.106915826074534,38.89285481924105
50.1147868464682,4.700964404829778
50.122657866861864,18.64810892686268
50.13052888725553,398.49089227189967
50.138399907649195,19.366285536159385
50.14627092804286,10.461400943453995
50.154141948436525,113.40789173349972
50.16201296883019,511.34488297988725
50.169883989223855,163.27180170799187
50.17775500961752,11.003897666811946
50.185626030011186,217.7084867369926
50.19349705040485,104.54513073820922
50.201368070798516,7.133342785197
50.20923909119218,31.308993909699367
50.217110111585846,335.05368633647817
50.22498113197952,817.871805438244
50.232852152373184,234.50881306042433
50.24072317276685,121.4701834823994
50.248594193160514,275.5482571221304
50.25646521355418,734.7662820625577
50.264336233947844,33.51867734945562
50.27220725434151,5.706650643963466
50.280078274735175,28.791209419754676
50.28794929512884,571.0640170578682
50.295820315522505,680.8176019359312
50.30369133591617,46.04668415330672
50.311562356309835,816.6308867463374
50.3194333767035,433.30554860570777
50.327304397097166,200.2818494855502
50.33517541749083,729.2685257894193
50.343046437884496,85.69601131858157
50.35091745827816,79.76197574628556
50.358788478671826,11.14973714045262
50.36665949906549,1265.273549389832
50.37453051945916,524.5337773868988
50.38240153985282,142.13927916285704
50.39027256024649,218.9232587632184
50.39814358064016,380.11295230292683
50.406014601033824,180.05544999287721
50.41388562142749,1313.657686818834
50.421756641821155,305.8833765571645
50.42962766221482,378.3931853744613
50.437498682608485,164.85541969697613
50.44536970300215,463.36468568470167
50.453240723395815,77.45906259616928
50.46111174378948,145.7627099557361
50.468982764183146,177.08477244048933
50.47685378457681,311.5694864252964
50.484724804970476,8.647301170698631
50.49259582536414,140.51341367645804
50.500466845757806,574.8061911092752
50.50833786615147,28.157574765018566
50.51620888654514,6.6588309645960475
50.5240799069388,638.0757936078479
50.53195092733247,485.9183779746117
50.53982194772613,240.68311508200347
50.5476929681198,4.407602917859807
50.55556398851346,412.9815558658902
50.563435008907135,121.45890391088811
50.5713060293008,217.60422813258398
50.579177049694465,109.25622888783542
50.58704807008813,285.0832087578986
50.594919090481795,531.6108809964502
50.60279011087546,428.4142349381133
50.610661131269126,710.8021508935174
50.61853215166279,378.8650626413753
50.626403172056456,367.25813936857276
50.63427419245012,292.8958029716546
50.642145212843786,1326.2814786594465
50.65001623323745,786.0863083971249
50.65788725363112,230.0086172465749
50.66575827402478,159.843815198886
50.67362929441845,786.1434441056078
50.68150031481211,600.4590410497183
50.68937133520578,255.04980597500204
50.69724235559944,62.73542548909898
50.70511337599311,64.82457897904887
50.71298439638677,557.8074497552993
50.72085541678044,148.53542771462583
50.7287264371741,189.01975903928778
50.736597457567775,460.1946815220201
50.74446847796144,231.7806038255404
50.752339498355106,0.035416732243730084
50.76021051874877,5.966766403036675
50.768081539142436,45.607721836294616
50.7759525595361,8.70645013391612
50.783823579929766,682.7586083985373
50.79169460032343,628.2088739998595
50.7995656207171,97.77502470148063
50.80743664111076,37.04905269683032
50.81530766150443,157.2146752783666
50.82317868189809,117.32227090227364
50.83104970229176,40.687770537467706
50.83892072268542,0.6821659256702055
50.84679174307909,227.56554403342608
50.85466276347275,155.20328576194362
50.86253378386642,142.5411518854814
50.87040480426008,152.0787915713843
50.87827582465375,46.78175526127059
50.88614684504741,147.37991854496806
50.89401786544108,556.7710103744364
50.90188888583475,306.9690597013503
50.909759906228416,15.99988573512799
50.91763092662208,112.99567046234765
50.925501947015746,130.97169699903108
50.93337296740941,139.88409592065352
50.94124398780308,46.916052907063055
50.94911500819674,222.490329044963
50.95698602859041,399.2822215984974
50.96485704898407,3.388685648737415
50.97272806937774,244.0488285658069
50.9805990897714,67.71682436411668
50.98847011016507,938.1276113994226
50.99634113055873,34.129719862395305
51.0042121509524,366.09635148035017
51.01208317134606,51.36178749280707
51.01995419173973,127.97124214179087
51.02782521213339,231.47278593501696
51.03569623252706,50.19987127699108
51.043567252920724,302.7560497009142
51.05143827331439,83.64155625021566
51.059309293708054,379.92311747200563
51.06718031410172,527.6321599837565
51.07505133449539,16.591662806906065
51.08292235488906,11.237463123688874
51.09079337528272,88.5013243831738
51.09866439567639,135.51832276336967
51.10653541607005,28.867740686361124
51.11440643646372,63.11146141183208
51.12227745685738,1128.88821429857
51.13014847725105,84.8034167421229
51.13801949764471,525.2654957508031
51.14589051803838,55.63269415576114
51.15376153843204,208.81558163182834
51.16163255882571,931.4964516577293
51.16950357921937,602.959432072738
51.17737459961304,237.81989650527666
51.185245620006704,515.2671425099637
51.19311664040037,101.93807107229675
51.200987660794034,527.5086439292484
51.2088586811877,24.605131612592178
51.216729701581365,100.3193430181164
51.22460072197503,76.63167194431578
51.232471742368695,235.27070641613386
51.24034276276237,377.3594672241645
51.24821378315603,4.706905983950591
51.2560848035497,372.0660989706615
51.26395582394336,376.772177837495
51.27182684433703,244.22397494227727
51.27969786473069,211.1958754983803
51.28756888512436,210.6268908678643
51.29543990551802,111.11302583433005
51.30331092591169,166.29918125671009
51.311181946305354,39.954981942109065
51.31905296669902,444.3522503401585
51.326923987092684,66.84360582526652
51.33479500748635,470.9092931866983
51.342666027880014,284.6921835515663
51.35053704827368,225.05383981757745
51.358408068667345,47.89445125623672
51.36627908906101,539.0968637204903
51.374150109454675,1068.5817260975437
51.38202112984834,0.9436446426470606
51.389892150242005,121.99753757948145
51.39776317063567,156.26528088756817
51.405634191029336,755.2668170259933
51.41350521142301,226.0962675699555
51.42137623181667,39.365307602874445
51.42924725221034,173.92585797631742
51.437118272604,423.54031855897216
51.44498929299767,36.561494984246934
51.452860313391334,250.19624272186545
51.460731333785,7.537082479324748
51.468602354178664,87.13000052165593
51.47647337457233,44.012763825260436
51.484344394965994,51.29577131052079
51.49221541535966,13.793886098324881
51.500086435753325,173.5237304745318
51.50795745614699,875.4102226418198
51.515828476540655,76.4003867498229
51.52369949693432,164.4590488375466
51.531570517327985,62.277741215433586
51.53944153772165,775.4350718922161
51.547312558115316,71.19039602581978
51.55518357850898,105.96115994313485
51.563054598902646,13.190303267486104
51.57092561929631,204.15235824151378
51.57879663968998,209.69000179602844
51.58666766008365,373.7951092948152
51.594538680477314,35.91734906822709
51.60240970087098,87.22118066917214
51.610280721264644,130.9273586622134
51.61815174165831,921.7667898355612
51.626022762051974,325.5936081294618
51.63389378244564,288.2142365347412
51.641764802839305,343.0345664084406
51.64963582323297,587.5140263480517
51.657506843626635,202.2199699879179
51.6653778640203,28.358191573915864
51.673248884413965,553.8662641262816
51.68111990480763,6.1370818011930055
51.688990925201296,104.88030721885744
51.69686194559496,110.45793490874782
51.704732965988626,561.9403271870721
51.71260398638229,204.50827811735843
51.720475006775956,422.6583517488319
51.72834602716962,255.4617076627411
51.73621704756329,471.2168266403684
51.74408806795696,271.8250536567408
51.751959088350624,203.0048994768049
51.75983010874429,44.45465287753106
51.767701129137954,40.08649214439764
51.77557214953162,61.20363385043899
51.783443169925285,142.5246452074933
51.79131419031895,229.77740051655087
51.799185210712615,89.76911830987322
51.80705623110628,0.5556051788587814
51.814927251499945,386.27510973141807
51.82279827189361,205.56800408683756
51.830669292287276,12.485051861988085
51.83854031268094,604.2475680189448
51.846411333074606,148.2262123167256
51.85428235346827,46.59498396726099
51.862153373861936,88.56873562155455
51.8700243942556,3.840349111731021
51.87789541464927,204.43451798593338
51.88576643504293,366.9922645981374
51.8936374554366,69.98722023834281
51.90150847583026,176.63122207376253
51.90937949622393,57.77342698534164
51.9172505166176,13.220641895382363
51.925121537011265,765.5237298532251
51.93299255740493,1086.7173288957556
51.940863577798595,135.61936461154696
51.94873459819226,195.03992451138419
51.956605618585925,240.41030182317826
51.96447663897959,807.6384325155129
51.972347659373256,224.44711955229408
51.98021867976692,239.09909617890708
51.988089700160586,355.2138845813823
51.99596072055425,88.13410477438241
52.003831740947916,193.56355900898245
52.01170276134158,197.4910504186276
52.01957378173525,75.50693847070998
52.02744480212891,119.76641517971625
52.03531582252258,81.55439168227497
52.04318684291624,20.61439794349708
52.05105786330991,143.97815360083328
52.05892888370357,98.14761216466852
52.06679990409724,385.96121636780975
52.0746709244909,49.030787031326
52.082541944884575,95.58198159314128
52.09041296527824,164.86864803137084
52.098283985671905,668.008982978612
52.10615500606557,732.8523109701046
52.114026026459236,727.8168804224015
52.1218970468529,79.17339352224818
52.129768067246566,10.400545772026707
52.13763908764023,10.862291646619381
52.145510108033896,68.53593727169927
52.15338112842756,82.47998206870373
52.16125214882123,139.9129517112308
52.16912316921489,331.88507786935673
52.17699418960856,126.74339345149477
52.18486521000222,820.9045377625365
52.19273623039589,345.2611195702058
52.20060725078955,546.4301352335099
52.20847827118322,36.44971915607294
52.21634929157688,158.62455871928208
52.22422031197055,125.25345186552029
52.23209133236421,64.60136388466996
52.23996235275788,134.81728762649377
52.24783337315154,436.534531892016
52.255704393545216,723.5112613800122
52.26357541393888,974.3994241699836
52.271446434332546,483.74017969506696
52.27931745472621,156.47433066171814
52.287188475119876,10.593186273729268
52.29505949551354,31.84166922080931
52.30293051590721,63.33349033327074
52.31080153630087,133.72509947042744
52.31867255669454,412.92540633537743
52.3265435770882,814.7589495325816
52.33441459748187,37.805958341804974
52.34228561787553,161.65627506912148
52.3501566382692,92.00368589126187
52.35802765866286,23.576766916924772
52.36589867905653,198.87934885809977
52.37376969945019,185.96087011470703
52.38164071984386,114.45680142885625
52.38951174023752,107.90316574811345
52.39738276063119,410.7414583080642
52.405253781024854,163.33499306302198
52.41312480141852,71.83868387498731
52.42099582181219,42.04091430116478
52.428866842205856,63.274056175418586
52.43673786259952,154.8470656504757
52.44460888299319,378.6241749105175
52.45247990338685,58.67886031534361
52.46035092378052,1.0814150757815941
52.46822194417418,130.20763745306857
52.47609296456785,602.3343948454728
52.48396398496151,54.387873723744335
52.49183500535518,176.99128628371363
52.49970602574884,68.11675908815802
52.50757704614251,5.131261487183537
52.51544806653617,165.92526512248367
52.52331908692984,24.929676848991853
52.5311901073235,88.07226390734016
52.53906112771717,45.929109917801036
52.546932148110834,586.9685395155853
52.5548031685045,4.6587684578643005
52.562674188898164,135.78225145088584
52.57054520929183,827.5801914260031
52.578416229685494,532.5644251114232
52.58628725007916,688.3003083003197
52.59415827047283,131.1827189515032
52.6020292908665,435.4307525217777
52.60990031126016,56.4561767078162
52.61777133165383,705.3018473536155
52.62564235204749,9.647846288867987
52.63351337244116,50.839822360098985
52.64138439283482,71.70991757715092
52.64925541322849,61.378677825773636
52.65712643362215,168.47199589937492
52.66499745401582,668.5284789148891
52.67286847440948,445.69868789749177
52.68073949480315,96.77893407253312
52.688610515196814,139.4346410772544
52.69648153559048,502.4172394650923
52.704352555984144,3.6826305189319157
52.71222357637781,27.45709805852226
52.720094596771474,200.32884462189935
52.72796561716514,215.15786470565385
52.735836637558805,449.2025742348063
52.74370765795247,46.60055653548623
52.751578678346135,148.41330735840288
52.75944969873981,77.9744965276158
52.76732071913347,379.7080546033873
52.77519173952714,158.87838186565983
52.7830627599208,104.15847839460753
52.79093378031447,337.3759229133696
52.79880480070813,239.1642858435173
52.8066758211018,54.24716353916469
52.81454684149546,401.77308114137287
52.82241786188913,59.39703134747824
52.830288882282794,47.87575542573144
52.83815990267646,21.129018476800493
52.846030923070124,215.2746586314643
52.85390194346379,1420.7704632505097
52.861772963857454,307.4996296734178
52.86964398425112,251.05233263466855
52.877515004644785,16.409537517377
52.88538602503845,37.29306357865656
52.893257045432115,103.22096946736967
52.90112806582578,244.8767143878875
52.908999086219445,167.67565999422416
52.91687010661311,52.80980652300963
52.924741127006776,1068.962539135296
52.93261214740045,39.70148714666842
52.94048316779411,182.25447786194874
52.94835418818778,7.818849438905577
52.956225208581444,49.79511068593888
52.96409622897511,29.947496860876395
52.971967249368774,61.61670319066221
52.97983826976244,168.10119117330828
52.987709290156104,718.5280932516346
52.99558031054977,138.4568062558371
53.003451330943435,179.27395598601564
53.0113223513371,82.11762601010308
53.019193371730765,247.2075094645956
53.02706439212443,382.570270399568
53.034935412518095,167.88308320253157
53.04280643291176,95.24554605111742
53.050677453305426,119.84642374654808
53.05854847369909,223.62032518168968
53.066419494092756,433.5775670375966
53.07429051448642,195.32989097527167
53.082161534880086,38.103507342731795
53.09003255527375,120.16611358655462
53.097903575667424,530.2972054470118
53.10577459606109,34.275371812084494
53.113645616454754,149.6703552163956
53.12151663684842,6.662673932054289
53.129387657242084,86.74256387400611
53.13725867763575,55.343242068313366
53.145129698029415,31.829814999047183
53.15300071842308,241.10285008513446
53.160871738816745,5.993450336899442
53.16874275921041,1209.202421641732
53.176613779604075,277.0350648726088
53.18448479999774,17.95460111375438
53.192355820391406,21.031751894168625
53.20022684078507,808.4864650210203
53.208097861178736,113.04821489404159
53.2159688815724,68.03728064881966
53.223839901966066,28.80020579299734
53.23171092235973,286.0189981534248
53.2395819427534,160.1938427416866
53.24745296314706,62.12978002000582
53.25532398354073,35.29722951306672
53.2631950039344,254.38136596835557
53.271066024328064,735.1691573287643
53.27893704472173,52.63411226206015
53.286808065115395,212.49744405862145
53.29467908550906,71.08289057110933
53.302550105902725,76.93923860562685
53.31042112629639,145.32445786626718
53.318292146690055,433.7991246160972
53.32616316708372,23.377957080971576
53.334034187477386,33.726045398174776
53.34190520787105,85.7090740466613
53.349776228264716,37.18576713375873
53.35764724865838,108.05308743940353
53.365518269052046,383.6521709239363
53.37338928944571,14.66069771666357
53.38126030983938,107.82168895436931
53.38913133023304,263.26673121225537
53.39700235062671,530.6768268724358
53.40487337102037,308.4526810108198
53.41274439141404,97.64646598926842
53.4206154118077,141.96438467534733
53.42848643220137,67.22243029153357
53.43635745259504,70.39967212648337
53.444228472988705,12.790894496266464
53.45209949338237,120.99868096771297
53.459970513776035,58.55531117315181
53.4678415341697,52.67812892406647
53.475712554563366,23.261098254095497
53.48358357495703,592.9433596081844
53.491454595350696,312.2535824857493
53.49932561574436,554.1094933085773
53.507196636138026,169.27832240438732
53.51506765653169,56.969660281842216
53.52293867692536,643.1623219825179
53.53080969731902,342.92961541907795
53.53868071771269,173.5903761821529
53.54655173810635,62.4087300286314
53.55442275850002,288.52047187952246
53.56229377889368,265.4991717547899
53.57016479928735,62.20095716772815
53.57803581968101,135.090622134222
53.58590684007468,270.6959459335226
53.59377786046834,27.800302895357362
53.601648880862015,119.18663435140611
53.60951990125568,32.81808484439622
53.617390921649346,6.683223211179467
53.62526194204301,75.59771802077042
53.633132962436676,833.3781770395084
53.64100398283034,650.6011983232158
53.648875003224006,174.98382582353685
53.65674602361767,223.54506424426498
53.66461704401134,98.90939684385393
53.672488064405,362.60542572939835
53.68035908479867,149.43032819372243
53.68823010519233,429.07975315901837
53.696101125586,549.102019500754
53.70397214597966,583.254706732875
53.71184316637333,118.1996209614557
53.71971418676699,256.6752320883299
53.72758520716066,387.7667139284297
53.73545622755432,1.9344815843830308
53.74332724794799,13.886259972624375
53.75119826834165,51.44879409467967
53.75906928873532,285.057250403154
53.766940309128984,232.29190954561997
53.774811329522656,71.87571953690563
53.78268234991632,6.311779406448069
53.790553370309986,1.0651297912770679
53.79842439070365,137.08864246268215
53.80629541109732,593.1525880863669
53.81416643149098,646.0552895412777
53.82203745188465,334.40397374079885
53.82990847227831,97.16864515384934
53.83777949267198,445.3086686970356
53.84565051306564,412.4550681284719
53.85352153345931,18.731363675580262
53.86139255385297,38.81301834777061
53.86926357424664,19.15345802035072
53.8771345946403,3.2617270350462686
53.88500561503397,11.367154141349916
53.89287663542763,60.97034246218983
53.9007476558213,155.36038718649826
53.908618676214964,68.15866608713061
53.91648969660863,132.1505626864663
53.924360717002294,344.67933655608425
53.93223173739596,332.60920053574466
53.94010275778963,40.96500035691377
53.9479737781833,185.21428213999843
53.95584479857696,116.48747094962363
53.96371581897063,29.451634222437537
53.97158683936429,113.15045118493774
53.97945785975796,58.09322940482687
53.98732888015162,344.8115524186662
53.99519990054529,473.12975898587666
54.00307092093895,618.565664527895
54.01094194133262,56.72317457150266
54.01881296172628,275.0609699992324
54.02668398211995,478.54411876205984
54.03455500251361,435.04348782379634
54.04242602290728,153.02475433836992
54.050297043300944,97.2416334037552
54.05816806369461,228.79710368489458
54.066039084088274,374.38660372275524
54.07391010448194,0.41351663433074154
54.081781124875604,84.92749567828164
54.08965214526927,368.5901705220845
54.097523165662935,290.490762525934
54.1053941860566,634.9354475722342
54.11326520645027,224.60438063067096
54.12113622684394,51.406102289779476
54.1290072472376,585.0638101685223
54.13687826763127,97.17614647689382
54.14474928802493,60.68732248450653
54.1526203084186,62.04781365716632
54.16049132881226,104.74807639863612
54.16836234920593,377.8627181782634
54.17623336959959,109.40368019742554
54.18410438999326,466.143514386454
54.191975410386924,81.1844293653353
54.19984643078059,102.85499297369574
54.207717451174254,193.9158211444583
54.21558847156792,293.17809024299646
54.223459491961584,57.50507617497304
54.23133051235525,101.24660226440032
54.239201532748915,112.2394641947597
54.24707255314258,230.81119259561652
54.254943573536245,2.6048773286002493
54.26281459392991,217.98394477759803
54.270685614323575,94.88390145717982
54.27855663471725,441.0850020896958
54.28642765511091,85.04565999485634
54.29429867550458,191.11162650703702
54.30216969589824,254.27716309629815
54.31004071629191,1402.9004979569083
54.31791173668557,227.930027092009
54.32578275707924,95.05731455462085
54.333653777472904,2067.577715365025
54.34152479786657,76.53719791052335
54.349395818260234,395.9370504688561
54.3572668386539,13.263105184967326
54.365137859047564,209.2343665353573
54.37300887944123,233.89445296242718
54.380879899834895,289.08337351512176
54.38875092022856,36.69974624332046
54.396621940622225,67.50587206517565
54.40449296101589,13.690927220656349
54.412363981409555,351.27879494173385
54.42023500180322,108.63749671353395
54.428106022196886,1.5634947048200343
54.43597704259055,111.17160197337039
54.443848062984216,38.1311677911168
54.45171908337789,162.48363298727898
54.45959010377155,461.77904263206136
54.46746112416522,286.36761898248886
54.475332144558884,210.8180089008775
54.48320316495255,171.14542441305326
54.491074185346214,95.41647919269376
54.49894520573988,393.55625615077435
54.506816226133544,227.22489632036942
54.51468724652721,190.7054448529905
54.522558266920875,94.11179691979481
54.53042928731454,816.3170020457916
54.538300307708205,19.18941337886862
54.54617132810187,29.733678561753692
54.554042348495535,375.35021300309234
54.5619133688892,728.2587811973169
54.569784389282866,873.7600708023882
54.57765540967653,118.05171538203565
54.585526430070196,325.19131904226845
54.59339745046386,88.97716551939678
54.601268470857526,1007.0198270966215
54.60913949125119,103.05361056076316
54.617010511644864,539.6550745546248
54.62488153203853,26.054207396976583
54.632752552432194,146.48464591593975
54.64062357282586,99.1137711235831
54.648494593219525,44.230816778451846
54.65636561361319,36.90647123132784
54.664236634006855,427.6722359481267
54.67210765440052,235.19877350774428
54.679978674794185,156.04143887751232
54.68784969518785,87.83576489223762
54.695720715581515,303.25962243783533
54.70359173597518,17.719148601887298
54.711462756368846,384.1574961399728
54.71933377676251,123.78188522561199
54.727204797156176,844.4058581999461
54.73507581754984,113.31625254410757
54.74294683794351,213.3295548488626
54.75081785833717,181.90941944628335
54.75868887873084,652.0031569031496
54.7665598991245,440.3845967116502
54.77443091951817,134.72231419522768
54.78230193991184,238.79695020113223
54.790172960305505,41.11210252765203
54.79804398069917,18.97750542762231
54.805915001092835,839.1466320202826
54.8137860214865,968.3011673706302
54.821657041880165,5.460873337109424
54.82952806227383,49.701043142472095
54.837399082667496,28.877714887204974
54.84527010306116,143.76891645880445
54.853141123454826,15.762872979149893
54.86101214384849,53.654703501499014
54.868883164242156,96.15538467090883
54.87675418463582,241.0784990112059
54.88462520502949,82.56245973936281
54.89249622542315,27.70851073186568
54.90036724581682,58.10539340522645
54.90823826621048,288.10610666375493
54.91610928660415,48.527159099976934
54.92398030699781,108.4509567159885
54.93185132739148,34.924227679546576
54.93972234778514,470.06822162290825
54.94759336817881,40.74816309455207
54.95546438857248,30.55630464309699
54.963335408966145,79.91943143873306
54.97120642935981,26.50935571321942
54.979077449753476,81.72123008044157
54.98694847014714,22.56163231771894
54.994819490540806,48.4777019893701
55.00269051093447,67.91297923662592
55.010561531328136,19.402824720319508
55.0184325517218,75.0670261626002
55.02630357211547,32.424912941521924
55.03417459250913,226.53263612974024
55.0420456129028,243.53483975098882
55.04991663329646,363.147756447853
55.05778765369013,148.49264439414992
55.06565867408379,275.3911814647412
55.07352969447746,169.47214935711486
55.08140071487112,564.4299612775569
55.08927173526479,1087.7912330994113
55.09714275565845,95.99935010345038
55.10501377605212,35.75298025313811
55.11288479644578,125.92292050407485
55.120755816839456,127.10523595988786
55.12862683723312,215.52481131693202
55.136497857626786,101.8951335890059
55.14436887802045,73.50655160814127
55.152239898414116,374.81946859482156
55.16011091880778,83.92940787261055
55.16798193920145,11.222308309542813
55.17585295959511,87.8047379238313
55.18372397998878,13.270729802019645
55.19159500038244,386.7214624894276
55.19946602077611,139.1349718029618
55.20733704116977,12.27529575832003
55.21520806156344,1.2317740686317042
55.2230790819571,12.694399904582061
55.23095010235077,23.831047952971353
55.23882112274443,569.3017602622209
55.2466921431381,37.75988582504472
55.25456316353176,37.60463014098385
55.26243418392543,15.108590701335883
55.270305204319094,4.925566546039896
55.27817622471276,5.170823897384291
55.286047245106424,27.967936142738154
55.293918265500096,375.81302065042655
55.30178928589376,75.73821208631632
55.30966030628743,225.50228676954833
55.31753132668109,316.31464306646166
55.32540234707476,444.0122487223072
55.33327336746842,713.623801866514
55.34114438786209,207.32703763036767
55.34901540825575,56.01639504412778
55.35688642864942,128.51625099886203
55.36475744904308,80.79210324665408
55.37262846943675,567.7488925219684
55.38049948983041,276.65289982498524
55.38837051022408,44.067141228188525
55.39624153061774,112.49852623795852
55.40411255101141,170.43032286930978
55.411983571405074,894.5669689064603
55.41985459179874,365.87483149925595
55.427725612192404,193.62796717310695
55.43559663258607,76.08420731561932
55.443467652979734,126.03257516889151
55.4513386733734,75.069012695048
55.45920969376707,7.130978266887313
55.46708071416074,11.744040746152352
55.4749517345544,346.46916415530865
55.48282275494807,56.99575421050609
55.49069377534173,181.35704675906447
55.4985647957354,108.60504441990446
55.50643581612906,347.40170712432126
55.51430683652273,420.3496705131401
55.52217785691639,240.5815814517047
55.53004887731006,549.2747273449951
55.53791989770372,345.8276820322778
55.54579091809739,380.0450907536881
55.553661938491054,171.19677807906473
55.56153295888472,160.1436145206059
55.569403979278384,243.0587238166435
55.57727499967205,330.29283332850554
55.585146020065714,245.50724094442097
55.59301704045938,964.0062114554225
55.600888060853045,152.01830627535665
55.60875908124671,215.50421010100814
55.616630101640375,289.5076404737592
55.62450112203404,53.65252284414109
55.63237214242771,119.88949096623708
55.64024316282138,132.96828215285652
55.64811418321504,750.8505976714248
55.65598520360871,197.3536732931835
55.66385622400237,82.59181238134174
55.67172724439604,24.983017641435715
55.6795982647897,24.27079122216526
55.68746928518337,152.65144116891986
55.695340305577034,273.33746064990544
55.7032113259707,79.15914898662164
55.711082346364364,113.68439804912028
55.71895336675803,516.8001371415608
55.726824387151694,119.60767726245174
55.73469540754536,117.78959121681744
55.742566427939025,60.90363327522327
55.75043744833269,190.39300009226093
55.758308468726355,106.24159351579351
55.76617948912002,72.27242757057178
55.774050509513685,419.8961424033145
55.78192152990735,244.5450562402892
55.789792550301016,13.396999376728663
55.79766357069469,235.6929881719145
55.80553459108835,57.2631812581275
55.81340561148202,49.79938271053589
55.82127663187568,448.31383743839
55.82914765226935,47.360840507808796
55.837018672663014,1273.1808614407155
55.84488969305668,386.4798516169656
55.852760713450344,37.88991949711086
55.86063173384401,131.77061795086715
55.868502754237674,433.53385950539916
55.87637377463134,185.17060717990617
55.884244795025005,512.3988192034103
55.89211581541867,180.25704926359333
55.899986835812335,140.3232022998443
55.907857856206,26.143217322516662
55.915728876599665,114.19045767774924
55.92359989699333,187.0299462002313
55.931470917386996,231.8073489832864
55.93934193778066,170.76134415030253
55.947212958174326,110.66273133779231
55.95508397856799,246.26048205277553
55.962954998961656,20.1273420863384
55.97082601935533,42.81917936228274
55.978697039748994,830.0153881843684
55.98656806014266,88.16077563315811
55.994439080536324,40.1014482363792
56.00231010092999,144.4066510387347
56.010181121323654,451.2793424918655
56.01805214171732,48.370417989714355
56.025923162110985,28.57132691982995
56.03379418250465,120.82361184326523
56.041665202898315,68.98969338201022
56.04953622329198,206.72333427361335
56.057407243685645,37.58137756532358
56.06527826407931,217.68039450735577
56.073149284472976,95.47811249356361
56.08102030486664,363.1519651319808
56.088891325260306,438.0272992733273
56.09676234565397,174.7689310782887
56.104633366047636,34.97729560270032
56.1125043864413,26.453373867677424
56.12037540683497,216.37728727339632
56.12824642722863,85.17526602845068
56.136117447622304,55.58905345373723
56.14398846801597,36.02328114338597
56.151859488409634,254.8520092314396
56.1597305088033,262.04543223786067
56.167601529196965,60.154025085363465
56.17547254959063,88.63138938436549
56.183343569984295,183.973205130049
56.19121459037796,146.31068479199376
56.199085610771625,187.30197540352734
56.20695663116529,118.94602847679036
56.214827651558956,194.37867951728572
56.22269867195262,129.33799827599083
56.230569692346286,380.22060377734596
56.23844071273995,157.85088140794286
56.246311733133616,13.449278949442226
56.25418275352728,251.43860795254028
56.26205377392095,6.2698364571435405
56.26992479431461,217.51833520151084
56.27779581470828,341.2630133857452
56.28566683510194,177.52122055320922
56.29353785549561,259.2911428842219
56.30140887588928,50.48144686844781
56.309279896282945,157.1039723157404
56.31715091667661,130.46946613678742
56.325021937070275,83.99878914272416
56.33289295746394,977.7096289956128
56.340763977857605,19.47505979490788
56.34863499825127,347.78351128354814
56.356506018644936,147.0353186970067
56.3643770390386,301.91726112718004
56.372248059432266,61.37398892756623
56.38011907982593,41.54965016429298
56.3879901002196,836.7501237174225
56.39586112061326,649.4027413173606
56.40373214100693,12.566680239784578
56.41160316140059,151.926890473322
56.41947418179426,36.53405208894153
56.42734520218792,474.07306246078383
56.43521622258159,633.1592002061954
56.44308724297525,86.6951754214847
56.45095826336892,184.44568877499154
56.45882928376258,585.3998644847134
56.46670030415625,52.330008175574115
56.47457132454992,271.00144817550654
56.482442344943586,319.3654671604423
56.49031336533725,120.09936184421633
56.498184385730916,189.9576750255993
56.50605540612458,143.51704921412224
56.513926426518246,129.4629656146654
56.52179744691191,268.7363418595113
56.52966846730558,191.45338825039696
56.53753948769924,118.27595182455681
56.54541050809291,682.1137885333537
56.55328152848657,36.88451277297327
56.56115254888024,206.0977992982144
56.5690235692739,307.6735824311201
56.57689458966757,43.5919109337362
56.58476561006123,185.26464231999338
56.5926366304549,29.880386172600055
56.60050765084856,170.4463864460441
56.60837867124223,168.16794722887516
56.61624969163589,411.414023904396
56.62412071202956,34.21581516345277
56.631991732423224,20.022238370238068
56.639862752816896,261.3200686355708
56.64773377321056,417.397344654094
56.655604793604226,362.1814428291978
56.66347581399789,134.24239445825822
56.67134683439156,131.98116506772206
56.67921785478522,43.25354772882258
56.68708887517889,185.14164281291926
56.69495989557255,56.401365210521725
56.70283091596622,485.76108458635787
56.71070193635988,260.0793842999464
56.71857295675355,60.13543067060111
56.72644397714721,84.47509040012729
56.73431499754088,188.22270014562713
56.74218601793454,181.33031178780615
56.75005703832821,192.09690267406316
56.75792805872187,349.5793152234473
56.76579907911554,68.49006486931388
56.773670099509204,71.56224741826198
56.78154111990287,72.64484224413648
56.789412140296534,317.7485031013976
56.7972831606902,272.1315580521002
56.805154181083864,5.305777063132445
56.81302520147754,10.532243610209903
56.8208962218712,22.022098007098755
56.82876724226487,164.3589519195269
56.83663826265853,41.91107340545633
56.8445092830522,54.34199283061263
56.85238030344586,12.378997612933809
56.86025132383953,320.2824745652983
56.86812234423319,70.23887344166602
56.87599336462686,125.77287665209926
56.88386438502052,130.4039555513106
56.89173540541419,89.27662323534668
56.89960642580785,11.904831851078217
56.90747744620152,339.8054128624795
56.915348466595184,611.1120750865159
56.92321948698885,18.943061402449334
56.931090507382514,95.56056603432766
56.93896152777618,278.46400966824797
56.946832548169844,51.03632529995444
56.95470356856351,364.64767251616126
56.962574588957175,39.64003733743978
56.97044560935084,212.1593992487146
56.97831662974451,163.8315783084644
56.98618765013818,125.71383686708668
56.99405867053184,151.36160256100183
57.00192969092551,761.7554204818607
57.00980071131917,149.68084149877484
57.01767173171284,1344.158871211089
57.0255427521065,592.4562064580197
57.03341377250017,12.266550750554284
57.04128479289383,219.61389590072937
57.0491558132875,278.2931360180701
57.057026833681164,175.60107580303222
57.06489785407483,13.668105492515318
57.072768874468494,307.6136610098967
57.08063989486216,467.4484591493953
57.088510915255824,666.8129945007719
57.09638193564949,51.96266637477874
57.104252956043155,855.1377798325436
57.11212397643682,76.62390408612393
57.119994996830485,227.85865275706342
57.12786601722415,26.32095254173966
57.135737037617815,17.444882357309456
57.14360805801148,85.81245521561485
57.15147907840515,269.8730280583449
57.15935009879882,4.321569420709727
57.16722111919248,489.3800876308444
57.17509213958615,347.46499207062067
57.18296315997981,288.32511713707333
57.19083418037348,9.042037333442353
57.198705200767144,478.64365949196014
57.20657622116081,214.90245799021642
57.214447241554474,69.38658998265599
57.22231826194814,18.984820681667475
57.230189282341804,8.665741746548889
57.23806030273547,347.78545158771993
57.245931323129135,295.869709164582
57.2538023435228,58.47210814777875
57.261673363916465,62.55994955332437
57.26954438431013,7.006189620209825
57.277415404703795,15.76559820949357
57.28528642509746,257.34142962890684
57.293157445491126,253.80128320989218
57.30102846588479,1087.8068268890358
57.308899486278456,196.70140605842778
57.31677050667213,30.34177469789016
57.32464152706579,129.48306208430145
57.33251254745946,53.46722641822547
57.340383567853124,190.8043013060006
57.34825458824679,45.79069892116985
57.356125608640454,364.33747275960616
57.36399662903412,156.00305867160162
57.371867649427784,12.048028017683786
57.37973866982145,19.544590319276615
57.387609690215115,45.43190816139992
57.39548071060878,138.31270071469388
57.403351731002445,66.21116068801761
57.41122275139611,1075.9240941754297
57.419093771789775,19.36788960213379
57.42696479218344,66.95425342012841
57.434835812577106,300.1661662012667
57.44270683297077,259.0318305784847
57.450577853364436,296.2224933976899
57.4584488737581,35.366024230268934
57.466319894151766,470.33257884702505
57.47419091454543,348.53502214286016
57.4820619349391,139.9145787699198
57.48993295533277,300.29857285730793
57.497803975726434,204.3124532549208
57.5056749961201,383.0227005057517
57.513546016513764,316.59270575462705
57.52141703690743,7.260717927242632
57.529288057301095,67.82555049526825
57.53715907769476,36.106678514216966
57.545030098088425,72.08388104735322
57.55290111848209,92.34693321744925
57.560772138875755,37.48314317843017
57.56864315926942,307.11508054434734
57.576514179663086,140.42283256740416
57.58438520005675,137.16577156113016
57.592256220450416,97.58614257050202
57.60012724084408,562.9090859201858
57.607998261237746,66.86425221851752
57.61586928163141,63.289320739376954
57.62374030202508,377.0551274716723
57.63161132241874,19.82411304420644
57.63948234281241,255.5682363439817
57.64735336320607,12.225753521269235
57.655224383599744,119.59411396986265
57.66309540399341,74.35812928209954
57.670966424387075,49.08701123781889
57.67883744478074,393.23799338889427
57.686708465174405,26.94106744181033
57.69457948556807,67.38258096111
57.702450505961735,161.1561628450968
57.7103215263554,104.69267080809914
57.718192546749066,392.32465136175745
57.72606356714273,5.203263939468475
57.733934587536396,62.23121243617977
57.74180560793006,107.46860576628323
57.749676628323726,57.318160907357885
57.75754764871739,16.507548542283246
57.76541866911106,107.87306436458645
57.77328968950472,317.037924590049
57.78116070989839,14.69792220680047
57.78903173029205,49.30830760855207
57.79690275068572,150.74096390218887
57.80477377107938,272.28853330684893
57.81264479147305,110.50359578337795
57.82051581186672,21.03371871900492
57.828386832260385,67.86046014289214
57.83625785265405,76.91774856574594
57.844128873047715,103.57601301183372
57.85199989344138,202.76639913124745
57.859870913835046,77.16557822828081
57.86774193422871,71.99666205966427
57.875612954622376,339.76916538689204
57.88348397501604,154.20731889061597
57.891354995409706,127.68797628673187
57.89922601580337,138.99321411812122
57.90709703619704,36.31616254420432
57.9149680565907,285.1927551317655
57.92283907698437,280.2158863458834
57.93071009737803,379.49020566477566
57.9385811177717,132.63003368151652
57.94645213816536,35.69925055615658
57.95432315855903,7.780879339849896
57.96219417895269,44.01490701200482
57.97006519934636,5.451360202334562
57.97793621974002,31.954328069675807
57.98580724013369,14.032792474209662
57.99367826052736,209.24467424891031
58.001549280921026,147.22016420824002
58.00942030131469,87.77005860245814
58.017291321708356,434.3104268722707
58.02516234210202,93.27815568766125
58.033033362495686,84.64065450414111
58.04090438288935,308.56805335332274
58.04877540328302,212.49931277340318
58.05664642367668,366.65715745299275
58.06451744407035,182.260182117315
58.07238846446401,131.7065173597052
58.08025948485768,433.2170785661343
58.08813050525134,802.2033199678237
58.09600152564501,491.86267467422954
58.10387254603867,46.68860482844669
58.11174356643234,20.238568160506286
58.119614586826,116.06892623042751
58.12748560721967,41.86557622897021
58.135356627613334,385.0091492399245
58.143227648007,32.25638419742829
58.151098668400664,92.84399410806026
58.158969688794336,204.11786611226393
58.166840709188,698.0830186949054
58.17471172958167,314.5872709661885
58.18258274997533,50.28196629293274
58.190453770369,232.68822550629673
58.19832479076266,74.34542006625487
58.20619581115633,129.2067387462688
58.21406683154999,21.95274007204366
58.22193785194366,0.23789372799800076
58.22980887233732,17.468508229440726
58.23767989273099,3.0253080619668538
58.24555091312465,184.34387105903613
58.25342193351832,537.822934766775
58.26129295391198,26.412706943040224
58.26916397430565,387.0058263867124
58.277034994699314,237.33739548980157
58.28490601509298,373.8920915192374
58.292777035486644,38.734709313625146
58.30064805588031,155.18730847073232
58.308519076273974,189.44903039675614
58.31639009666764,1.5674218836639864
58.324261117061305,105.73679547799537
58.33213213745498,661.4442441161665
58.34000315784864,243.33459762768157
58.34787417824231,16.33706659948106
58.35574519863597,59.79372761456433
58.36361621902964,114.45980613742768
58.3714872394233,27.12849932097137
58.37935825981697,143.24306986516908
58.38722928021063,122.9154925864104
58.3951003006043,147.86280295275947
58.40297132099796,35.13401082580634
58.41084234139163,227.10081881966374
58.418713361785294,45.40929802082796
58.42658438217896,457.07738787309074
58.434455402572624,189.15607185763722
58.44232642296629,144.95424220848054
58.450197443359954,113.76120063745786
58.45806846375362,367.5271099009883
58.465939484147285,59.147564854493965
58.47381050454095,386.4357339434589
58.481681524934615,703.9539336090744
58.48955254532828,433.57748450838557
58.49742356572195,24.357318795274786
58.50529458611562,58.823153709283346
58.51316560650928,116.54249182021108
58.52103662690295,468.1760342500511
58.52890764729661,558.3214270893285
58.53677866769028,139.35110822730073
58.54464968808394,1.4547874857901695
58.55252070847761,458.0406945813109
58.560391728871274,202.81162438069722
58.56826274926494,339.6252296027928
58.576133769658604,25.47376419802236
58.58400479005227,72.39977716746948
58.591875810445934,23.862918429882843
58.5997468308396,31.99568309360391
58.607617851233265,5.245668954122075
58.61548887162693,18.423984556047717
58.623359892020595,244.88975385668166
58.63123091241426,147.58349254692928
58.639101932807925,85.22548025511622
58.64697295320159,607.2445676243649
58.654843973595256,196.19335268413627
58.66271499398892,864.9690905029513
58.67058601438259,247.8413730186421
58.67845703477626,465.7525886248095
58.68632805516992,65.42967961031188
58.69419907556359,382.1827895384979
58.702070095957254,11.193145673977654
58.70994111635092,5.67940313182614
58.717812136744584,19.767929409004037
58.72568315713825,63.157181936737175
58.733554177531914,489.1856327260121
58.74142519792558,298.05857576743847
58.749296218319245,119.97744871428984
58.75716723871291,31.467575695747364
58.765038259106575,256.48418034151666
58.77290927950024,453.221801902065
58.780780299893905,34.45306288906851
58.78865132028757,4.795826399727412
58.796522340681236,47.71634125897579
58.8043933610749,196.8854543252604
58.812264381468566,6.912638665566024
58.82013540186223,46.81870894925555
58.828006422255896,11.108707317554067
58.83587744264957,378.8920102734169
58.843748463043234,27.11905393791035
58.8516194834369,280.52543541326645
58.859490503830564,321.3953428042148
58.86736152422423,293.1949118679557
58.875232544617894,9.339676376982931
58.88310356501156,29.03581789943932
58.890974585405225,0.34086354562523147
58.89884560579889,99.80596483019814
58.906716626192555,130.10730827256234
58.91458764658622,345.7695103835901
58.922458666979885,447.03502293207197
58.93032968737355,468.75377833246125
58.938200707767216,357.0659133201079
58.94607172816088,121.81250651439751
58.953942748554546,225.1374995981558
58.96181376894821,770.5000726683985
58.969684789341876,544.4547178092877
58.97755580973554,580.2210924473035
58.98542683012921,471.0544197720015
58.99329785052287,241.92846978631363
59.00116887091654,173.63191180644284
59.00903989131021,31.39819668703005
59.016910911703874,125.57446373555587
59.02478193209754,762.5811015575001
59.032652952491205,693.0326178965438
59.04052397288487,224.15323506620908
59.048394993278535,85.39074031000906
59.0562660136722,4.3241666175169495
59.064137034065865,18.665136923525154
59.07200805445953,42.35641950681864
59.079879074853196,5.729394959076891
59.08775009524686,764.3922606298077
59.095621115640526,289.957654903666
59.10349213603419,99.07432855992356
59.111363156427856,437.27789013333637
59.11923417682152,241.91710444545987
59.12710519721519,25.432158999866854
59.13497621760885,54.604113783566675
59.14284723800252,37.07251175072925
59.15071825839618,290.3001285816657
59.15858927878985,102.27484505410659
59.16646029918351,71.60786463735208
59.174331319577185,82.75392682724345
59.18220233997085,24.879460361351565
59.190073360364515,21.686932137116507
59.19794438075818,70.58235155141752
59.205815401151845,22.70858520473738
59.21368642154551,115.6409843225511
59.221557441939176,266.80264553605434
59.22942846233284,181.91597888688472
59.237299482726506,119.33204056996598
59.24517050312017,557.0662523101599
59.253041523513836,205.14187477295474
59.2609125439075,145.95142596990846
59.26878356430117,178.30338269836886
59.27665458469483,206.20460564508187
59.2845256050885,266.0526367659947
59.29239662548216,77.3979816819251
59.30026764587583,294.36999830303444
59.30813866626949,60.166760735249525
59.31600968666316,53.82990781523048
59.32388070705682,122.74188671504616
59.33175172745049,49.923847586233464
59.33962274784416,17.654690267019
59.347493768237825,623.7990229764816
59.35536478863149,934.8978566081657
59.363235809025156,117.46759528831676
59.37110682941882,227.19259185904806
59.378977849812486,15.940483888846428
59.38684887020615,341.842442981497
59.394719890599816,231.90055456605288
59.40259091099348,48.462244711764995
59.41046193138715,33.09641710934763
59.41833295178081,27.82574296112451
59.42620397217448,172.20631153172113
59.43407499256814,101.06389366574705
59.44194601296181,527.1064712692827
59.44981703335547,231.66549241649008
59.45768805374914,68.14742567413157
59.4655590741428,325.27410577384177
59.47343009453647,222.06601095749363
59.48130111493013,467.0496347349426
59.4891721353238,308.02606469959665
59.49704315571746,976.6617577187095
59.50491417611113,43.18000417090138
59.5127851965048,245.45202536205028
59.520656216898466,66.40013097193355
59.52852723729213,412.614552217863
59.536398257685796,240.3900967268173
59.54426927807946,158.97440862437608
59.55214029847313,79.76509711677099
59.56001131886679,397.775562300364
59.56788233926046,22.256547323518276
59.57575335965412,1781.061106968724
59.58362438004779,15.230076474793684
59.59149540044145,6.808375592785852
59.59936642083512,169.61104204719913
59.60723744122878,468.00865754206507
59.61510846162245,108.51301164170398
59.62297948201611,166.63740288835749
59.63085050240978,163.73564429934908
59.63872152280344,18.161924584081188
59.64659254319711,92.81016702221063
59.654463563590774,181.0035225812966
59.66233458398444,220.70805322403743
59.670205604378104,47.66438610691779
59.678076624771776,42.608484374475694
59.68594764516544,4.011411211088733
59.69381866555911,241.39655864571202
59.70168968595277,734.5017122125124
59.70956070634644,242.8060430959338
59.7174317267401,70.70279627966084
59.72530274713377,194.00676064844825
59.73317376752743,16.300937930123183
59.7410447879211,176.7364318391268
59.74891580831476,110.070365228726
59.75678682870843,301.8503648528941
59.76465784910209,84.07199991094292
59.77252886949576,189.06937842440684
59.78039988988942,79.48194591381198
59.78827091028309,268.286777125109
59.796141930676754,435.17102242529455
59.80401295107042,503.4890512400851
59.811883971464084,45.058728901402276
59.81975499185775,22.982023372644143
59.827626012251415,23.401090633691293
59.83549703264508,183.3647054586075
59.843368053038745,425.06565243120417
59.85123907343242,8.66509351559818
59.85911009382608,286.5528214401369
59.86698111421975,151.54065080155434
59.87485213461341,471.5337809486601
59.88272315500708,45.62326346283328
59.89059417540074,99.09071941136958
59.89846519579441,30.844480526236346
59.90633621618807,18.012726778350572
59.91420723658174,78.03533431953367
59.922078256975404,301.63422141117843
59.92994927736907,27.94455296939469
59.937820297762734,48.34220000807748
59.9456913181564,186.96525138423667
59.953562338550064,37.255635127953994
59.96143335894373,62.20846031092492
59.969304379337395,4.307979662261163
59.97717539973106,220.03366413708918
59.985046420124725,37.24207478487438
59.99291744051839,286.45622783392776
60.000788460912055,127.12632673864266
60.00865948130572,72.4551614122204
60.01653050169939,40.32910866252883
60.02440152209306,27.638882117355184
60.03227254248672,223.66592789699592
60.04014356288039,218.36759121179634
60.04801458327405,13.275573715939872
60.05588560366772,68.59696001268908
60.063756624061384,283.255685217898
60.07162764445505,155.6380699705235
60.079498664848714,85.11364039143423
60.08736968524238,104.38838635136743
60.095240705636044,223.03512624947555
60.10311172602971,545.724156643356
60.110982746423375,290.4703152626852
60.11885376681704,42.955131605766354
60.126724787210705,364.95766866212733
60.13459580760437,40.165922616442884
60.142466827998035,631.2606812553865
60.1503378483917,570.3338388178302
60.158208868785366,158.77809369843965
60.16607988917903,122.2264705948603
60.173950909572696,56.893076367497756
60.18182192996636,43.7281115609866
60.18969295036003,133.1533054891405
60.1975639707537,179.86041240550549
60.205434991147364,342.84449811046846
60.21330601154103,1286.1286079424774
60.221177031934694,37.32814762033542
60.22904805232836,8.97923395509217
60.236919072722024,18.875523449118276
60.24479009311569,61.17323805259161
60.252661113509355,277.0644530864
60.26053213390302,277.7673260100574
60.268403154296685,93.61218851461872
60.27627417469035,90.92086659677956
60.284145195084015,55.562432169460806
60.29201621547768,1096.2189223891291
60.299887235871346,24.890520292443156
60.30775825626501,26.362843817485427
60.315629276658676,555.8543086649186
60.32350029705234,501.3436563068273
60.331371317446006,185.0691488700891
60.33924233783967,106.34131263724156
60.34711335823334,214.25509908555279
60.35498437862701,106.02116829381066
60.362855399020674,55.22150509909714
60.37072641941434,55.38764647776657
60.378597439808004,62.58136531761261
60.38646846020167,275.93951368235236
60.394339480595335,268.25228641845996
60.402210500989,132.4925360920867
60.410081521382665,246.42688133018885
60.41795254177633,530.6256713530562
60.425823562169995,63.76506779492966
60.43369458256366,104.28654515212972
60.441565602957326,383.0859657261373
60.44943662335099,8.928766300648899
60.457307643744656,17.340572589381217
60.46517866413832,16.089176177130962
60.473049684531986,40.953163014452954
60.48092070492565,4.814002813148852
60.48879172531932,14.906253254033489
60.49666274571298,4.360198786204474
60.50453376610665,64.34914005485494
60.51240478650031,340.4546461825015
60.52027580689398,114.07840726863937
60.52814682728765,188.52267803561492
60.536017847681315,45.137693108233464
60.54388886807498,537.585580091512
60.551759888468645,55.42999623887099
60.55963090886231,135.23806898263936
60.567501929255975,45.76761711906166
60.57537294964964,194.59512804673685
60.583243970043306,42.443586407878925
60.59111499043697,42.36356899262285
60.598986010830636,249.02513034486307
60.6068570312243,7.925581349134827
60.614728051617966,24.938064367586925
60.62259907201163,15.005867202971757
60.6304700924053,27.482852496724867
60.63834111279896,180.02980575976892
60.64621213319263,101.80246821873406
60.65408315358629,67.95023343918989
60.66195417397996,58.095107240753336
60.66982519437362,64.3364546553602
60.67769621476729,165.04923365123966
60.68556723516095,70.61933058071807
60.693438255554625,292.926164522107
60.70130927594829,9.742637736983658
60.709180296341955,537.2912056102916
60.71705131673562,283.8784200909566
60.724922337129286,20.93550395999951
60.73279335752295,438.3613147467547
60.740664377916616,916.0064569484468
60.74853539831028,83.173248903076
60.756406418703946,107.94830061441945
60.76427743909761,588.8785140649812
60.77214845949128,28.0970044018636
60.78001947988494,128.7384274874733
60.78789050027861,16.178919856606115
60.79576152067227,142.60813477368046
60.80363254106594,207.4122032812816
60.8115035614596,367.4777806901631
60.81937458185327,211.24266930937534
60.82724560224693,589.194871278906
60.8351166226406,30.87439182037213
60.84298764303426,185.74679635791364
60.85085866342793,212.35587339607847
60.8587296838216,22.102516858953084
60.866600704215266,259.42155042030384
60.87447172460893,27.989848293950978
60.882342745002596,37.73228502926915
60.89021376539626,20.75236529686392
60.898084785789926,7.572896272069495
60.90595580618359,15.666881849458383
60.91382682657726,250.01510375033868
60.92169784697092,27.227112694715647
60.92956886736459,13.719794366468786
60.93743988775825,138.6039963663931
60.94531090815192,53.17730868084282
60.95318192854558,142.6912232851379
60.96105294893925,106.41470612514905
60.96892396933291,27.56850119603353
60.97679498972658,172.63496652606102
60.98466601012024,78.16737008115153
60.99253703051391,95.06256174097338
61.00040805090757,221.64268152386228
61.00827907130124,2.091971862603584
61.016150091694904,556.3546732893166
61.02402111208857,188.8282129454258
61.03189213248224,109.00742557266315
61.039763152875906,32.595022312013896
61.04763417326957,74.78245950249519
61.05550519366324,741.2764394350152
61.0633762140569,386.0093006811824
61.07124723445057,18.666771807858613
61.07911825484423,103.29486900011838
61.0869892752379,597.7718554275227
61.09486029563156,15.02170291410252
61.10273131602523,336.7895921211144
61.11060233641889,220.20670379889046
61.11847335681256,961.8462087613004
61.12634437720622,107.91874513677452
61.13421539759989,247.61380615893856
61.14208641799355,923.0910599575013
61.14995743838722,76.50392048359659
61.157828458780884,379.4783920395997
61.16569947917455,74.94763183592808
61.173570499568214,191.37802096922425
61.18144151996188,148.59655999442577
61.189312540355544,68.25376294978786
61.19718356074922,236.74538271794074
61.20505458114288,217.0071498963786
61.21292560153655,48.54691982796116
61.22079662193021,70.22655107251671
61.22866764232388,857.0413396394238
61.23653866271754,496.29000435567514
61.24440968311121,885.2691262981541
61.25228070350487,1116.932990661931
61.26015172389854,56.02275837510204
61.2680227442922,101.09701282617884
61.27589376468587,42.91157365572472
61.28376478507953,91.20237480130099
61.2916358054732,238.5525792792479
61.299506825866864,244.53716429498118
61.30737784626053,55.14887282119748
61.315248866654194,25.233386300932487
61.32311988704786,633.2601305511275
61.330990907441524,34.1587186927072
61.33886192783519,56.908167488718966
61.346732948228855,34.2554312613351
61.35460396862252,33.04878206741402
61.362474989016185,473.73029669966775
61.37034600940986,67.29966942294331
61.37821702980352,31.84204886002341
61.38608805019719,405.30810608323435
61.39395907059085,347.87245628750617
61.40183009098452,873.1399825092585
61.40970111137818,130.8677635305026
61.41757213177185,812.650287921775
61.42544315216551,683.5355759110785
61.43331417255918,388.6839878174702
61.441185192952844,42.42383683478527
61.44905621334651,17.40848529081296
61.456927233740174,37.10321240694545
61.46479825413384,226.40061391757988
61.472669274527505,346.8271672448204
61.48054029492117,61.084186551653865
61.488411315314835,63.9432939991255
61.4962823357085,126.72645361749278
61.504153356102165,21.34960472573707
61.51202437649583,1.5593464432189503
61.519895396889495,25.6147226409255
61.52776641728316,58.24533249203588
61.53563743767683,39.26202955004984
61.5435084580705,162.81035179608298
61.55137947846416,63.724684580486176
61.55925049885783,94.1219923384769
61.567121519251494,17.60235524041826
61.57499253964516,99.85831096497884
61.582863560038824,106.70143219806735
61.59073458043249,94.47387132084651
61.598605600826154,27.210105673467336
61.60647662121982,81.28790054030384
61.614347641613485,36.35706028555063
61.62221866200715,361.6460041657747
61.630089682400815,361.76820608301693
61.63796070279448,194.766095325186
61.645831723188145,282.4780655925583
61.65370274358181,845.3122044539101
61.661573763975476,108.27778930088115
61.66944478436914,98.23350153305219
61.677315804762806,111.46944902936184
61.68518682515647,848.4358530406442
61.693057845550136,286.5185448177655
61.7009288659438,75.69621797294333
61.708799886337474,208.76548115905248
61.71667090673114,97.62636113231329
61.724541927124804,425.2431443580915
61.73241294751847,176.19502558066802
61.740283967912134,19.37209369710803
61.7481549883058,0.19068391506381074
61.756026008699465,102.35860000565594
61.76389702909313,111.98974205901321
61.771768049486795,83.63027808440712
61.77963906988046,67.23929819726727
61.787510090274125,5.673543788899455
61.79538111066779,97.19731220230392
61.803252131061456,105.07023623343784
61.81112315145512,54.68115794724353
61.818994171848786,5.0320962953797705
61.82686519224245,55.386352370079315
61.834736212636116,21.018604348278753
61.84260723302978,31.929219347719688
61.85047825342345,67.35236023718669
61.85834927381711,454.0780110308478
61.86622029421078,336.25270619605453
61.87409131460445,581.5596962534828
61.881962334998114,82.87665913073216
61.88983335539178,436.66359155926335
61.897704375785445,92.77227821007526
61.90557539617911,519.3269252188373
61.913446416572775,753.4953721529519
61.92131743696644,17.05943200420475
61.929188457360105,44.8893131291608
61.93705947775377,101.53325286135552
61.944930498147436,27.98981672228018
61.9528015185411,169.33394011808883
61.960672538934766,157.77906124751215
61.96854355932843,57.0518760560221
61.976414579722096,128.80447937423924
61.98428560011576,93.33666461445796
61.99215662050943,658.9894289103672
62.00002764090309,479.144409982057
62.00789866129676,395.22582004546604
62.01576968169042,20.458831692602306
62.02364070208409,21.726480600910953
62.03151172247775,124.01516387744832
62.03938274287142,102.09411158520949
62.04725376326509,643.7813755904082
62.055124783658755,255.41615468889836
62.06299580405242,225.93062344328925
62.070866824446085,591.0749439118357
62.07873784483975,149.0631064791769
62.086608865233416,116.39396596123578
62.09447988562708,368.39042666882244
62.102350906020746,72.96910722336195
62.11022192641441,16.882179151963353
62.118092946808076,223.42918370619824
62.12596396720174,94.18776681799636
62.13383498759541,28.05312342680391
62.14170600798907,0.7139270048742657
62.14957702838274,162.42820520272895
62.1574480487764,270.5569479208864
62.16531906917007,112.54601171407471
62.17319008956373,144.602800295149
62.1810611099574,134.1148543704818
62.18893213035106,324.535417785321
62.19680315074473,12.908914577509071
62.20467417113839,32.575026232773155
62.212545191532065,26.774800818324533
62.22041621192573,160.3954055701485
62.228287232319396,37.29499516911803
62.23615825271306,133.8282028366578
62.244029273106726,135.57815164447783
62.25190029350039,436.66127522719296
62.259771313894056,64.42342798653803
62.26764233428772,20.749006678780443
62.27551335468139,197.6477192086014
62.28338437507505,128.17954286164147
62.29125539546872,608.8820710278538
62.29912641586238,70.87970113886118
62.30699743625605,36.4750818988847
62.31486845664971,171.0675550817681
62.32273947704338,148.01728680805385
62.33061049743704,19.315351129855753
62.33848151783071,1.5006181165477153
62.34635253822437,284.1075948872357
62.35422355861804,9.110522154053443
62.3620945790117,236.88879325322176
62.36996559940537,17.163616985620624
62.37783661979904,439.82773715323225
62.385707640192706,127.94951061138632
62.39357866058637,91.9305279375421
62.401449680980036,34.27243328255643
62.4093207013737,3.0409847425253056
62.41719172176737,107.92096752825795
62.42506274216103,8.90768728229727
62.4329337625547,1.1827145061866748
62.44080478294836,29.83369194839244
62.44867580334203,29.173751006159893
62.45654682373569,297.8018358874101
62.46441784412936,59.129123397338
62.47228886452302,67.47178199895768
62.48015988491669,42.16018757941194
62.48803090531035,15.5189813724989
62.49590192570402,186.83635121970434
62.50377294609768,10.705811486476348
62.51164396649135,190.77039487269806
62.519514986885014,896.9947834051563
62.52738600727868,204.37472074400458
62.535257027672344,656.6347604496551
62.54312804806601,242.76708071397
62.55099906845968,58.50118193110528
62.55887008885335,20.168718701677683
62.56674110924701,16.360262406841397
62.57461212964068,104.36369125896945
62.58248315003434,122.14563992881966
62.59035417042801,18.637831655929595
62.59822519082167,254.28694005611987
62.60609621121534,362.38550082744786
62.613967231609,47.206674562991175
62.62183825200267,64.63851282163354
62.62970927239633,20.057893100387552
62.63758029279,23.10767785813327
62.64545131318366,145.47431218554107
62.65332233357733,74.77194963294053
62.661193353970994,8.474667053294253
62.66906437436466,67.64407675039729
62.676935394758324,451.47583969842657
62.68480641515199,93.05349420713392
62.692677435545654,431.33236978875124
62.70054845593932,199.947652145672
62.708419476332985,193.12922266468394
62.71629049672666,76.69013609201215
62.72416151712032,71.22006272935083
62.73203253751399,175.9131947022595
62.73990355790765,87.749698749492
62.74777457830132,26.486121582191654
62.75564559869498,85.44881874182636
62.76351661908865,593.1017496502163
62.77138763948231,9.723723315115262
62.77925865987598,69.61358335092518
62.78712968026964,113.79821663315485
62.79500070066331,113.66203194354354
62.802871721056974,48.67019591955935
62.81074274145064,759.5736924339625
62.818613761844304,40.92143268916182
62.82648478223797,308.2213806666235
62.834355802631634,407.9650798002735
62.8422268230253,3.596242066657832
62.850097843418965,8.366541757287775
62.85796886381263,17.671249116545987
62.865839884206295,183.88250040940673
62.87371090459996,320.02868345413134
62.881581924993625,132.81223406679234
62.8894529453873,61.058705270892816
62.89732396578096,570.309700103018
62.90519498617463,186.24345066190082
62.91306600656829,365.17612901069555
62.92093702696196,53.81775401807207
62.92880804735562,519.6375256046869
62.93667906774929,595.1756903935907
62.944550088142954,176.08675727786536
62.95242110853662,221.23083800796655
62.960292128930284,386.38497494563484
62.96816314932395,145.46317079735914
62.976034169717614,807.8749186528739
62.98390519011128,553.6829821929372
62.991776210504945,30.934770079683947
62.99964723089861,430.5290893642054
63.007518251292275,436.5324370327987
63.01538927168594,398.50820958078003
63.023260292079605,382.78073173392414
63.03113131247327,85.8837096064997
63.039002332866936,331.39036469673937
63.0468733532606,83.96738642886696
63.05474437365427,472.42384957264386
63.06261539404794,52.773990703414825
63.0704864144416,364.498549340334
63.07835743483527,96.93122115443592
63.086228455228934,60.063771096978854
63.0940994756226,224.2913945719158
63.101970496016264,111.46459360998762
63.10984151640993,24.71919962671067
63.117712536803595,228.8982924949857
63.12558355719726,559.4048416910421
63.133454577590925,56.95187779655268
63.14132559798459,144.84862753670606
63.149196618378255,180.19250033963755
63.15706763877192,13.40490164828458
63.164938659165585,24.15252049607582
63.17280967955925,65.56493331090331
63.180680699952916,633.1687096239497
63.18855172034658,183.31210324548502
63.196422740740246,257.6507635302927
63.20429376113391,98.92895473724867
63.21216478152758,42.17009148503136
63.22003580192124,214.22995102435164
63.227906822314914,196.40352325010966
63.23577784270858,956.9364697231979
63.243648863102244,239.02670922427583
63.25151988349591,35.13329744205884
63.259390903889575,30.678509628288232
63.26726192428324,40.746863444503774
63.275132944676905,290.45126506163604
63.28300396507057,38.5761292439703
63.290874985464235,99.91569853442614
63.2987460058579,38.03645430424001
63.306617026251566,629.3021642292132
63.31448804664523,41.500488613735314
63.322359067038896,7.388362761878218
63.33023008743256,881.6185423807631
63.338101107826226,62.59584059260512
63.34597212821989,331.6968329141033
63.35384314861356,591.2383226763192
63.36171416900722,264.2763179132783
63.36958518940089,20.62085054478644
63.37745620979455,4.431923403706414
63.38532723018822,44.12610234011339
63.39319825058189,144.53744912336566
63.401069270975555,85.2642278834214
63.40894029136922,264.7244742315715
63.416811311762885,428.0710343853505
63.42468233215655,24.288817316788293
63.432553352550215,40.36878836271466
63.44042437294388,35.38441692846884
63.448295393337546,75.99853785176816
63.45616641373121,60.36103289978511
63.464037434124876,1195.936230210938
63.47190845451854,14.784853180258727
63.479779474912206,113.66076378333422
63.48765049530587,67.77797253642936
63.49552151569954,773.4700178460163
63.5033925360932,16.941176638475206
63.51126355648687,1097.3506930383428
63.51913457688053,272.4263399399803
63.5270055972742,35.14233090081836
63.53487661766786,98.29956912665652
63.54274763806153,100.54954141880715
63.55061865845519,60.164249224382615
63.55848967884886,168.98925914308606
63.56636069924253,58.6800810545662
63.574231719636195,199.26599782514353
63.58210274002986,607.6038059176207
63.589973760423526,449.8461770827411
63.59784478081719,78.85040335590399
63.605715801210856,75.53275413261034
63.61358682160452,75.14846083705278
63.621457841998186,205.67906701669398
63.62932886239185,98.95091816748037
63.63719988278552,62.916234746251405
63.64507090317918,11.278522325895525
63.65294192357285,241.9354072938781
63.66081294396651,49.26425434489383
63.66868396436018,97.74746065678096
63.67655498475384,41.814938158662414
63.68442600514751,7.346653725764046
63.69229702554117,223.63479026692457
63.70016804593484,85.14161307417857
63.7080390663285,185.22351907026137
63.71591008672217,15.532335773667405
63.72378110711583,149.5472210748657
63.731652127509506,28.937609354180847
63.73952314790317,410.25904120655974
63.747394168296836,13.035105571146271
63.7552651886905,74.18090152256092
63.763136209084166,106.58186272123726
63.77100722947783,1983.0595308496443
63.7788782498715,27.605112241543374
63.78674927026516,43.470974314092636
63.79462029065883,109.48997901930767
63.80249131105249,250.73806272180687
63.81036233144616,500.9735577994077
63.81823335183982,65.70529506180995
63.82610437223349,271.00960998360193
63.83397539262715,75.02587928467325
63.84184641302082,336.8316396375138
63.84971743341448,22.393140612460243
63.85758845380815,200.3488168675982
63.86545947420181,38.21508362830261
63.87333049459548,47.24607538235397
63.881201514989144,41.192173720325734
63.88907253538281,25.445520089131517
63.89694355577648,784.3193009572058
63.904814576170146,215.81875513803874
63.91268559656381,20.952331137074204
63.92055661695748,367.1061712150452
63.92842763735114,211.95885548718041
63.93629865774481,39.35824033045246
63.94416967813847,264.69989838614805
63.95204069853214,230.2406155176841
63.9599117189258,3.068204012255242
63.96778273931947,202.35577421932047
63.97565375971313,274.9969467865776
63.9835247801068,753.967424926461
63.99139580050046,201.80144569100972
63.99926682089413,28.168996648218638
64.0071378412878,249.32794169003165
64.01500886168147,48.18173626998125
64.02287988207513,302.77839380827055
64.0307509024688,232.18592026990706
64.03862192286246,274.07258060867804
64.04649294325613,145.00430254445493
64.05436396364979,186.1726115096314
64.06223498404346,137.03690807195142
64.07010600443712,168.86831437211112
64.07797702483079,193.66100239619647
64.08584804522445,87.83171657308449
64.09371906561812,134.211809116855
64.10159008601178,12.17066091538647
64.10946110640545,744.1897645178188
64.11733212679911,92.54239512000248
64.12520314719278,55.00479117433451
64.13307416758644,35.174011491553266
64.14094518798011,24.8459105899313
64.14881620837377,112.0318490099091
64.15668722876744,710.1447307662833
64.1645582491611,121.1132243883045
64.17242926955477,13.96196776475843
64.18030028994843,333.03267614676355
64.1881713103421,55.51933070757825
64.19604233073576,215.7341737878427
64.20391335112943,235.35136347206316
64.2117843715231,1074.3852022992303
64.21965539191676,298.1162628983039
64.22752641231043,17.3124934067645
64.23539743270409,13.662636540776328
64.24326845309776,38.89896677149008
64.25113947349142,408.24551823943176
64.25901049388509,600.9707964525186
64.26688151427875,53.40469629038182
64.27475253467242,52.23552855458599
64.28262355506608,18.04008190745847
64.29049457545975,1.4318806038177359
64.29836559585341,47.602208522870384
64.30623661624708,610.9997753723404
64.31410763664074,121.93208132419245
64.32197865703442,126.7165926905918
64.32984967742809,532.6453112879753
64.33772069782175,221.50151102974894
64.34559171821542,13.181326448208559
64.35346273860908,167.1673434908191
64.36133375900275,68.19762324180918
64.36920477939641,79.03093428045668
64.37707579979008,103.49678375927463
64.38494682018374,331.9678939888361
64.39281784057741,327.1471105673956
64.40068886097107,14.656045790594442
64.40855988136474,36.98300815676919
64.4164309017584,23.550760887218402
64.42430192215207,19.375179923211803
64.43217294254573,126.85136685326219
64.4400439629394,182.63995757459236
64.44791498333306,129.78695360674573
64.45578600372673,59.405865787486604
64.4636570241204,500.5438574899406
64.47152804451406,235.32593107205312
64.47939906490772,468.1966373041278
64.48727008530139,300.5320344412184
64.49514110569505,19.4742005800368
64.50301212608872,185.62259908231496
64.51088314648239,666.1205658411178
64.51875416687605,121.55143927975186
64.52662518726972,401.2546047318756
64.53449620766338,14.181634097438737
64.54236722805705,1010.5911417516862
64.55023824845071,592.7393106676963
64.55810926884438,400.4247221210065
64.56598028923804,175.93970556087334
64.5738513096317,283.4845071739111
64.58172233002537,173.49393539803634
64.58959335041904,71.71140771880712
64.5974643708127,189.68984257974765
64.60533539120637,89.24307229229198
64.61320641160003,151.68460205955498
64.6210774319937,7.2660877705516524
64.62894845238736,40.90625816488858
64.63681947278103,144.95065738302407
64.64469049317469,38.064993802688214
64.65256151356836,163.08059256923775
64.66043253396204,735.1784696195186
64.6683035543557,51.08622293825316
64.67617457474937,286.242236382603
64.68404559514303,929.6630325875591
64.6919166155367,66.61673431634789
64.69978763593036,324.8845059883398
64.70765865632403,26.554756534080436
64.7155296767177,495.73235146793405
64.72340069711136,208.62913341873985
64.73127171750502,284.5741658711136
64.73914273789869,47.58710194121437
64.74701375829235,427.0752575134415
64.75488477868602,54.47078298690561
64.76275579907968,50.96531151428761
64.77062681947335,27.555288368067213
64.77849783986701,180.81122592583026
64.78636886026068,68.54464869781575
64.79423988065435,156.6523676844422
64.80211090104801,41.95304705275843
64.80998192144168,506.3759305053958
64.81785294183534,270.84940276893224
64.825723962229,50.931297501533564
64.83359498262267,242.9560914369026
64.84146600301634,188.99674425658765
64.84933702341,53.43407360275924
64.85720804380367,124.12584539107878
64.86507906419733,269.9983018405405
64.872950084591,241.82969817844247
64.88082110498466,67.66805686582286
64.88869212537833,63.2841704693593
64.89656314577199,272.1466417424047
64.90443416616566,51.1622678480252
64.91230518655932,446.6621508854399
64.92017620695299,136.5260344355617
64.92804722734665,9.677956262314872
64.93591824774032,19.373267359906983
64.94378926813398,105.79081959139458
64.95166028852765,72.83418050449639
64.95953130892131,65.76772825917699
64.96740232931498,120.29908449982392
64.97527334970864,71.85590775757754
64.98314437010231,20.912160046819537
64.99101539049597,94.5447341861764
64.99888641088965,324.7096678935842
65.00675743128332,121.33227823080999
65.01462845167698,68.57950883326895
65.02249947207065,291.1892697640375
65.03037049246431,96.1560630316911
65.03824151285798,1.25537222496921
65.04611253325164,110.58956530961758
65.05398355364531,360.4200850006683
65.06185457403897,384.13770410853067
65.06972559443264,274.0798299806842
65.0775966148263,99.21639179278199
65.08546763521997,781.0405823390394
65.09333865561364,520.9224777001664
65.1012096760073,201.60387364021483
65.10908069640097,1769.1119601418116
65.11695171679463,174.61681977394747
65.1248227371883,5.774145981876584
65.13269375758196,26.46144059656571
65.14056477797563,285.30383612365017
65.14843579836929,47.73722384192683
65.15630681876296,131.4007769353158
65.16417783915662,1.8651414670785809
65.17204885955029,105.33229656879068
65.17991987994395,516.1637653749315
65.18779090033762,175.9067629614626
65.19566192073128,0.0914394379896765
65.20353294112495,426.65043784626613
65.21140396151861,534.8278629282133
65.21927498191228,48.08773048316516
65.22714600230594,40.571517955304536
65.23501702269961,199.12060407249837
65.24288804309327,292.8826048590695
65.25075906348694,62.94017147494299
65.2586300838806,34.29347289061672
65.26650110427427,151.57360310445034
65.27437212466793,178.8959807376595
65.2822431450616,246.93335447997515
65.29011416545526,100.81978330169052
65.29798518584893,15.282248417372301
65.3058562062426,425.2329550434297
65.31372722663626,63.15365545180638
65.32159824702993,9.645466066115844
65.32946926742359,179.81943920420247
65.33734028781727,188.58015206236274
65.34521130821093,113.10424959923672
65.3530823286046,56.14848293941789
65.36095334899827,328.17443401737916
65.36882436939193,52.50491058208763
65.3766953897856,2.5470814672564805
65.38456641017926,275.55930677666845
65.39243743057293,327.15376211688493
65.40030845096659,40.74820314068381
65.40817947136026,29.63986178752708
65.41605049175392,193.63567503396013
65.42392151214759,449.0931854940765
65.43179253254125,32.2888785763518
65.43966355293492,358.93820493907225
65.44753457332858,22.568916826649865
65.45540559372225,99.92261578469045
65.46327661411591,68.4335172115555
65.47114763450958,52.508227197877986
65.47901865490324,125.20020863084693
65.48688967529691,82.18532402711978
65.49476069569057,328.35863926158567
65.50263171608424,64.7748162090697
65.5105027364779,23.196381676988615
65.51837375687157,36.157519448643534
65.52624477726523,228.31957398578226
65.5341157976589,132.99307476018132
65.54198681805256,59.14299773604148
65.54985783844623,50.02994291305016
65.5577288588399,192.45844585799117
65.56559987923356,62.253843505471615
65.57347089962722,6.575002377418342
65.58134192002089,104.55364703440247
65.58921294041455,146.58350425991236
65.59708396080822,702.6337381636449
65.60495498120189,288.6130315118438
65.61282600159555,275.919331210038
65.62069702198922,319.2171659034153
65.62856804238288,92.3062032832568
65.63643906277655,316.70064792275394
65.64431008317021,439.3509107463415
65.65218110356388,877.3839000358296
65.66005212395754,173.32536896325175
65.6679231443512,54.35996623510941
65.67579416474489,172.3552601555248
65.68366518513855,187.01491312698238
65.69153620553222,210.70566556662936
65.69940722592588,166.5843461848777
65.70727824631955,185.06147117937047
65.71514926671321,248.26974979555385
65.72302028710688,293.5527218234503
65.73089130750054,312.17307348334407
65.73876232789421,19.05086971070989
65.74663334828787,109.12227925111401
65.75450436868154,53.5251712781271
65.7623753890752,24.206175695127804
65.77024640946887,141.50022144121175
65.77811742986253,63.379667705685044
65.7859884502562,650.8555190608033
65.79385947064986,52.77025270006003
65.80173049104353,119.7392405077332
65.8096015114372,113.30795192236029
65.81747253183086,11.15492692358576
65.82534355222452,27.268119007056978
65.83321457261819,255.76716097348094
65.84108559301185,294.9551171602718
65.84895661340552,105.7294688266565
65.85682763379918,85.36741521067162
65.86469865419285,54.50839456424302
65.87256967458652,370.93308855363955
65.88044069498018,65.39636760509322
65.88831171537385,97.33218361634573
65.89618273576751,46.549794182249514
65.90405375616118,389.5310756891518
65.91192477655484,491.90393490262824
65.9197957969485,647.6747452777898
65.92766681734217,324.05913864796383
65.93553783773584,1002.7379554718763
65.9434088581295,77.14104231870115
65.95127987852317,471.1887956925236
65.95915089891683,761.7694208029724
65.9670219193105,125.89811171529865
65.97489293970416,13.18548843320116
65.98276396009783,111.72006640085229
65.99063498049149,494.6475926393282
65.99850600088516,58.783791381827484
66.00637702127882,56.55550814415514
66.0142480416725,139.95533640098137
66.02211906206617,8.111695573223956
66.02999008245983,425.51350837679695
66.0378611028535,202.1656930342013
66.04573212324716,217.36926926638245
66.05360314364083,200.99034705613343
66.0614741640345,0.044303967011327806
66.06934518442816,52.14858162909727
66.07721620482182,24.73274029943708
66.08508722521549,37.07640942104932
66.09295824560915,4.137688023035237
66.10082926600282,212.7472934701538
66.10870028639648,96.82279326483844
66.11657130679015,36.49627536970616
66.12444232718381,247.89292170383328
66.13231334757748,64.94195649577074
66.14018436797114,22.717366767575935
66.14805538836481,70.1258216815955
66.15592640875848,388.38765275485775
66.16379742915214,228.74675954296922
66.1716684495458,311.7058690348996
66.17953946993947,14.804925832578855
66.18741049033314,15.421696019370351
66.1952815107268,130.33929424617398
66.20315253112047,101.71214274994526
66.21102355151413,671.6200937343908
66.2188945719078,242.2532839979297
66.22676559230146,141.94138404568503
66.23463661269513,55.005517105701166
66.24250763308879,10.604802621623508
66.25037865348246,468.2497935434888
66.25824967387612,144.87216438210297
66.26612069426979,175.81365412994387
66.27399171466345,116.85166051221897
66.28186273505712,23.703022704931044
66.28973375545078,401.6424581266854
66.29760477584445,137.506605117941
66.30547579623811,74.70856709774597
66.31334681663178,260.8934100869075
66.32121783702544,147.2230605237194
66.32908885741911,18.492877254256054
66.33695987781277,361.8183142392749
66.34483089820645,46.46499928366327
66.35270191860012,169.49722520425314
66.36057293899378,166.6589559820202
66.36844395938745,427.000246588089
66.37631497978111,168.99580900027686
66.38418600017478,218.32232085870234
66.39205702056844,6.020008189263182
66.39992804096211,60.97265087857678
66.40779906135577,116.02507531809934
66.41567008174944,37.45943292375214
66.4235411021431,214.5003206798274
66.43141212253677,210.99158753903143
66.43928314293044,277.85707439312506
66.4471541633241,279.0654604356575
66.45502518371777,11.471479841688309
66.46289620411143,76.44475335420435
66.4707672245051,42.478105102891085
66.47863824489876,257.52005289422004
66.48650926529243,292.46358281964245
66.49438028568609,160.15256015798707
66.50225130607976,177.78372190729888
66.51012232647342,9.183078134906394
66.51799334686709,213.23587628065013
66.52586436726075,168.12020814024004
66.53373538765442,22.790461655004393
66.54160640804808,34.77643601903141
66.54947742844175,20.32576212714369
66.55734844883541,164.79667142775003
66.56521946922908,365.7116969656084
66.57309048962274,287.0107459920467
66.58096151001641,222.79858630837253
66.58883253041007,106.97292213631826
66.59670355080374,252.69241923724832
66.6045745711974,224.85075084872284
66.61244559159107,428.93507423863565
66.62031661198473,1139.2250869970655
66.6281876323784,202.1574498689296
66.63605865277206,193.4950812161017
66.64392967316573,177.9541073031863
66.6518006935594,221.72367879470738
66.65967171395306,174.43857393073318
66.66754273434672,27.900798958458093
66.67541375474039,192.80531692798542
66.68328477513407,230.4824879867541
66.69115579552773,52.672553999811754
66.6990268159214,21.870377902338575
66.70689783631506,115.8106355196678
66.71476885670873,257.62348459956155
66.7226398771024,115.95693259797771
66.73051089749606,11.223413367990066
66.73838191788973,2.667926377627342
66.74625293828339,118.84488446527368
66.75412395867706,95.25030190706218
66.76199497907072,40.55315344686589
66.76986599946439,158.20041435897807
66.77773701985805,288.4865975337294
66.78560804025172,273.5537250511108
66.79347906064538,383.6098497475163
66.80135008103905,336.0779619751431
66.80922110143271,296.3162377629365
66.81709212182638,17.831499113486
66.82496314222004,513.5495595978568
66.83283416261371,377.4536332842669
66.84070518300737,427.0229008366324
66.84857620340104,875.921018644573
66.8564472237947,16.651985063864963
66.86431824418837,6.09490563023439
66.87218926458203,25.348707895563418
66.8800602849757,97.0015484412484
66.88793130536936,112.4710002584077
66.89580232576303,127.21967356466354
66.9036733461567,121.57235388228028
66.91154436655036,129.28939198282853
66.91941538694402,203.3072745149569
66.92728640733769,514.9303612382425
66.93515742773135,705.3882484881225
66.94302844812502,37.547841228059
66.95089946851868,35.3190337742291
66.95877048891235,307.96905894701996
66.96664150930602,7.797008034153925
66.97451252969968,734.4430708309699
66.98238355009335,153.0357290215569
66.99025457048701,276.9964969223518
66.99812559088068,619.5444526242774
67.00599661127434,171.9529275774763
67.013867631668,373.79651427945737
67.02173865206169,229.08949821226125
67.02960967245535,22.720125779294886
67.03748069284902,102.53116923132205
67.04535171324268,26.778000706646758
67.05322273363635,202.53105211190777
67.06109375403001,16.2324949041831
67.06896477442368,233.94481007262448
67.07683579481734,257.7409173206436
67.084706815211,260.7611726920982
67.09257783560467,274.00573382459044
67.10044885599834,200.0050227028674
67.108319876392,69.73073818427837
67.11619089678567,222.42488135302048
67.12406191717933,229.11330490964997
67.131932937573,490.89336018031844
67.13980395796666,174.0328857853513
67.14767497836033,4.5510370989847235
67.155545998754,36.80811717850286
67.16341701914766,695.9568489267062
67.17128803954132,32.11487242200205
67.17915905993499,86.82683966185526
67.18703008032865,59.21605109554919
67.19490110072232,403.8182885667342
67.20277212111598,439.067677615143
67.21064314150965,80.0646173039878
67.21851416190331,195.55737275169946
67.22638518229698,72.70541266407567
67.23425620269064,280.89821521905077
67.24212722308431,41.41538870517673
67.24999824347798,24.249883958078915
67.25786926387164,136.5255003775873
67.2657402842653,594.4700891006091
67.27361130465897,92.25596736208571
67.28148232505264,208.93305836126902
67.2893533454463,325.2213997043987
67.29722436583997,474.55476421207277
67.30509538623363,42.6616045885881
67.3129664066273,2.650610643492977
67.32083742702096,14.77483662405523
67.32870844741463,97.92489811616653
67.33657946780829,105.59472565000415
67.34445048820196,14.028548289995292
67.35232150859562,10.829230019086657
67.3601925289893,17.663215063579543
67.36806354938297,192.87073710338854
67.37593456977663,31.071850129840332
67.3838055901703,12.250930255970998
67.39167661056396,587.579589069584
67.39954763095763,47.610150219285046
67.40741865135129,155.2032049243455
67.41528967174496,8.999757358378792
67.42316069213862,225.18882354199587
67.43103171253229,271.65814930790276
67.43890273292595,156.15147699946183
67.44677375331962,360.82891961379863
67.45464477371328,1.6617107959272719
67.46251579410695,100.55004320778556
67.47038681450061,156.89736624373404
67.47825783489428,143.050806364521
67.48612885528794,112.47753858869679
67.49399987568161,15.44632844596793
67.50187089607527,10.774447780077415
67.50974191646894,146.92416580553783
67.5176129368626,328.50463337549456
67.52548395725627,43.88075696065051
67.53335497764994,153.48241022767675
67.5412259980436,7.684590444742267
67.54909701843727,45.55580555271594
67.55696803883093,71.96661902598142
67.5648390592246,297.2429824828765
67.57271007961826,4.4756231876717445
67.58058110001193,45.12978859993724
67.58845212040559,214.81466115541653
67.59632314079926,32.81401935276687
67.60419416119292,476.42163280860757
67.61206518158659,366.9714975332466
67.61993620198025,22.802036686532713
67.62780722237392,128.1387597353451
67.63567824276758,241.17702703583822
67.64354926316125,82.18991510751557
67.65142028355491,219.84620096601017
67.65929130394858,51.07400533265583
67.66716232434224,429.02831663305994
67.67503334473591,277.2863670634479
67.68290436512957,767.2530311770955
67.69077538552324,6.062999867824655
67.69864640591692,705.9980940910814
67.70651742631058,134.68840170206656
67.71438844670425,14.132707225472638
67.72225946709791,638.9315325961066
67.73013048749158,275.6953300595476
67.73800150788524,213.04428408420043
67.74587252827891,776.7795059999875
67.75374354867257,97.55061836830984
67.76161456906624,512.6191927932614
67.7694855894599,164.31542768547703
67.77735660985357,162.99305922508086
67.78522763024723,117.87649244921477
67.7930986506409,780.1513409609591
67.80096967103457,1.6942242678577415
67.80884069142823,696.3065352177723
67.8167117118219,71.33827453985454
67.82458273221556,158.1509134226454
67.83245375260923,6.640125179005942
67.84032477300289,209.43862841560937
67.84819579339656,10.958416044868763
67.85606681379022,100.00714717803477
67.86393783418389,84.40396522638753
67.87180885457755,311.8194268364036
67.87967987497122,320.67932670258466
67.88755089536488,154.64604700612674
67.89542191575855,142.1098344117829
67.90329293615221,11.064269603286371
67.91116395654588,68.7552319433703
67.91903497693954,63.24747635701038
67.92690599733321,68.80611517293438
67.93477701772687,123.17590462610116
67.94264803812054,43.07904483641441
67.9505190585142,692.2822136871366
67.95839007890787,76.716777957611
67.96626109930153,16.84895463877266
67.9741321196952,200.03751388725394
67.98200314008886,603.5281723067959
67.98987416048253,109.70892765451191
67.9977451808762,16.62013944009439
68.00561620126986,52.507694523314015
68.01348722166352,18.63580332120788
68.02135824205719,58.45116322694455
68.02922926245085,30.949278271958903
68.03710028284453,14.954498994075912
68.0449713032382,36.282131338292395
68.05284232363186,56.495296230494944
68.06071334402553,40.86668002524921
68.0685843644192,135.7349166789925
68.07645538481286,82.84519634017727
68.08432640520653,68.53292952769276
68.09219742560019,479.5891380289769
68.10006844599386,179.9804044325341
68.10793946638752,37.15704181005249
68.11581048678119,57.9384569064417
68.12368150717485,49.394238419754274
68.13155252756852,107.01942514135045
68.13942354796218,9.979374465828762
68.14729456835585,196.5903361987964
68.15516558874951,220.8441766432414
68.16303660914318,242.98070511928825
68.17090762953684,68.10765650095387
68.1787786499305,148.67526467940064
68.18664967032417,48.080251596669
68.19452069071784,113.99272492416422
68.2023917111115,23.58098010482319
68.21026273150517,125.16729110781337
68.21813375189883,256.31036167747436
68.2260047722925,63.75920412722951
68.23387579268616,176.56960193105775
68.24174681307983,110.80295749081141
68.2496178334735,56.87992503958437
68.25748885386716,3.5160997039558404
68.26535987426082,58.31602876362042
68.27323089465449,65.77114156443382
68.28110191504815,242.6029834900213
68.28897293544182,4.699717949607777
68.29684395583548,12.541958501789932
68.30471497622915,47.27078540048944
68.31258599662281,0.7590307032195799
68.32045701701648,1.9736008612728013
68.32832803741015,102.89122183030922
68.33619905780381,170.74573714606214
68.34407007819748,109.13694289310355
68.35194109859114,9.36962525018357
68.3598121189848,71.55537680653221
68.36768313937847,13.413578287918387
68.37555415977215,556.2513088545287
68.38342518016582,47.54446171999025
68.39129620055948,165.32094140932077
68.39916722095315,31.080026239936704
68.40703824134681,56.202949598820496
68.41490926174048,325.60585844440226
68.42278028213414,592.4997708624503
68.4306513025278,555.2396596244212
68.43852232292147,85.27378719688659
68.44639334331514,140.85245844676678
68.4542643637088,377.2557871410004
68.46213538410247,378.19003554773457
68.47000640449613,31.39100525262215
68.4778774248898,98.3034235342649
68.48574844528346,23.16743366805176
68.49361946567713,579.3750609985043
68.5014904860708,71.45501290469558
68.50936150646446,31.046828182492604
68.51723252685812,73.26961158066779
68.52510354725179,21.95229834360392
68.53297456764545,279.4643184985092
68.54084558803912,37.96139719128331
68.54871660843278,191.24703272370274
68.55658762882645,666.2040280548794
68.56445864922011,337.3320816651152
68.57232966961378,181.8096519753257
68.58020069000744,12.0355470511726
68.58807171040111,63.32124984955615
68.59594273079477,102.22512512632774
68.60381375118844,85.70386226575454
68.6116847715821,38.19781330343401
68.61955579197577,299.2665737935777
68.62742681236944,84.68386728442506
68.6352978327631,302.2520333573775
68.64316885315677,155.80586531480466
68.65103987355043,249.62865062921443
68.6589108939441,207.1578153611993
68.66678191433776,152.02645698876552
68.67465293473143,10.475036217963323
68.68252395512509,91.29296013786875
68.69039497551876,115.24203420125504
68.69826599591242,41.38399848698357
68.70613701630609,147.87064866419757
68.71400803669977,12.45585728590497
68.72187905709343,197.59443601225166
68.7297500774871,154.6692767444483
68.73762109788076,404.5361586228679
68.74549211827443,149.21019334409507
68.75336313866809,0.4462991305610138
68.76123415906176,3.0553913864644304
68.76910517945542,1.214600274340731
68.77697619984909,40.22695951203689
68.78484722024275,499.314775924592
68.79271824063642,540.9136369051743
68.80058926103008,1.2700592065994287
68.80846028142375,7.469028818181436
68.81633130181741,128.84871116322816
68.82420232221108,171.43798460807872
68.83207334260474,409.56587129372
68.83994436299841,316.774709081813
68.84781538339207,7.859505252557115
68.85568640378574,159.20148592552226
68.8635574241794,7.882999803446749
68.87142844457307,15.794179096010676
68.87929946496673,5.892040359531092
68.8871704853604,90.47501569103483
68.89504150575407,131.0383254676487
68.90291252614773,27.12450666442303
68.9107835465414,42.97816902874713
68.91865456693506,208.92950264882293
68.92652558732873,71.39204991132014
68.93439660772239,76.79886466121134
68.94226762811606,96.5473856213747
68.95013864850972,163.85082254750594
68.95800966890339,8.931075011410918
68.96588068929705,45.89777500618011
68.97375170969072,160.64867227903807
68.98162273008438,43.799221099431826
68.98949375047805,40.32068808417222
68.99736477087171,192.3997421724623
69.00523579126538,275.61048847749595
69.01310681165904,276.54508525480117
69.02097783205271,145.0276144219752
69.02884885244637,240.49685928197755
69.03671987284004,20.182689806532938
69.0445908932337,259.3465084216965
69.05246191362738,10.436306980488663
69.06033293402105,26.062684013737204
69.06820395441471,90.461614741242
69.07607497480838,24.710710478587227
69.08394599520204,55.139072247589894
69.09181701559571,15.917785974615137
69.09968803598937,20.126262938045134
69.10755905638304,461.78693930832736
69.1154300767767,9.307508564682681
69.12330109717037,42.93665400219129
69.13117211756403,76.36123843548472
69.1390431379577,583.0248190153424
69.14691415835136,35.07981475321605
69.15478517874503,45.571297633576094
69.1626561991387,9.19978352542989
69.17052721953236,28.659078129233404
69.17839823992603,104.6705453571286
69.18626926031969,26.641557909347796
69.19414028071336,104.03473468680455
69.20201130110702,106.11806519275416
69.20988232150069,111.90907380172166
69.21775334189435,67.66849627057628
69.22562436228802,20.828992978613705
69.23349538268168,115.18401242565912
69.24136640307535,10.098336618809972
69.24923742346901,212.101332712122
69.25710844386268,133.8399970993646
69.26497946425634,467.2574574833199
69.27285048465001,9.698142046640978
69.28072150504367,419.7437164798688
69.28859252543734,178.26050239076
69.296463545831,134.85788249235563
69.30433456622467,733.8374580286512
69.31220558661833,256.7993700161863
69.320076607012,321.1500294556998
69.32794762740566,154.5791816085033
69.33581864779933,232.65010704011237
69.343689668193,202.47651941812833
69.35156068858666,2.81601850718925
69.35943170898032,55.83309065184381
69.36730272937399,125.57683826307544
69.37517374976765,168.32036702474096
69.38304477016133,244.10570495729485
69.390915790555,423.0258209872189
69.39878681094866,73.94863454505834
69.40665783134233,327.5069060781248
69.414528851736,38.09895877545787
69.42239987212966,96.65174635098978
69.43027089252332,353.01667592994005
69.43814191291699,45.07141331053076
69.44601293331066,281.4713876123028
69.45388395370432,11.28977565619452
69.46175497409799,142.6622054565516
69.46962599449165,58.490806770164276
69.47749701488532,163.5185888240735
69.48536803527898,743.4259090067266
69.49323905567265,632.7008484780985
69.50111007606631,610.2248071229075
69.50898109645998,313.60848475244615
69.51685211685364,194.9774747824733
69.5247231372473,160.18986514828322
69.53259415764097,6.002541919084988
69.54046517803464,0.6010890580121154
69.5483361984283,440.76068674855634
69.55620721882197,127.5880464365598
69.56407823921563,70.0237668293996
69.5719492596093,209.8674666085562
69.57982028000296,29.751669632307138
69.58769130039663,346.7844514953243
69.5955623207903,87.32107628171069
69.60343334118396,473.0164993986301
69.61130436157762,138.84292001964778
69.61917538197129,16.11997808473931
69.62704640236495,171.62296762374288
69.63491742275862,49.63467932782679
69.64278844315228,7.750642025931065
69.65065946354595,218.17178958278407
69.65853048393961,273.6195426253077
69.66640150433328,119.36982942915766
69.67427252472694,80.11756328979202
69.68214354512061,64.66663308582959
69.69001456551428,566.5120957293652
69.69788558590794,53.22714407867587
69.7057566063016,5.8245739766248805
69.71362762669527,44.54824845467293
69.72149864708895,160.4136980036217
69.72936966748262,69.16706115500367
69.73724068787628,645.1014660858756
69.74511170826995,297.8962794958166
69.75298272866361,102.88797402911165
69.76085374905728,178.38271944615178
69.76872476945094,355.62576913929433
69.7765957898446,3.252003778687333
69.78446681023827,209.619543053651
69.79233783063194,236.844179413585
69.8002088510256,257.8099859585373
69.80807987141927,2.5308243644978026
69.81595089181293,158.64239798128716
69.8238219122066,186.8200029862818
69.83169293260026,38.24060450219223
69.83956395299393,32.06519012272149
69.84743497338759,146.5260159232529
69.85530599378126,189.70729362792613
69.86317701417492,1.3044191626779211
69.87104803456859,3.6905818187896493
69.87891905496225,94.8398126450607
69.88679007535592,42.2322012546449
69.89466109574958,57.53378387606426
69.90253211614325,39.08664055332059
69.91040313653691,221.5172473656491
69.91827415693058,320.73749849898815
69.92614517732424,134.13808455151258
69.93401619771791,127.75864021926148
69.94188721811157,1023.1805744763117
69.94975823850524,114.13326126578345
69.9576292588989,215.50258460087463
69.96550027929257,180.35954506170538
69.97337129968624,115.54334866962331
69.9812423200799,2.2201698113940442
69.98911334047357,23.879988155005044
69.99698436086723,271.91539493867936
70.0048553812609,247.93820523517397
70.01272640165456,219.19976067307013
70.02059742204823,21.87972818781016
70.02846844244189,34.23187707791516
70.03633946283556,105.34357214967838
70.04421048322922,299.4029894319328
70.05208150362289,137.38999875078892
70.05995252401657,209.6460733764067
70.06782354441023,256.06615865267565
70.0756945648039,831.2482258042337
70.08356558519756,158.59881347309675
70.09143660559123,507.7083060728712
70.09930762598489,278.24425563640864
70.10717864637856,9.347232306534766
70.11504966677222,182.6669556918803
70.12292068716589,39.240006972278884
70.13079170755955,45.21877109817306
70.13866272795322,51.51343372504317
70.14653374834688,447.34843136484864
70.15440476874055,336.69525841424564
70.16227578913421,254.8846142380634
70.17014680952788,16.539233860059053
70.17801782992154,27.885029419333343
70.18588885031521,1199.8736218518927
70.19375987070887,18.51491906350331
70.20163089110254,178.51961393127746
70.2095019114962,261.17650486956484
70.21737293188987,319.56390188028723
70.22524395228353,61.9652963891189
70.2331149726772,109.99196585572581
70.24098599307086,72.00474792859669
70.24885701346453,305.9988299140524
70.2567280338582,115.17671608798923
70.26459905425186,148.3175708368965
70.27247007464553,106.46032422196784
70.28034109503919,120.78514800295882
70.28821211543286,306.40569613602025
70.29608313582652,125.41794362293267
70.30395415622019,6.337745875335551
70.31182517661385,149.8647210638461
70.31969619700752,194.17968767983217
70.32756721740118,170.84231923482372
70.33543823779485,148.70802474273228
70.34330925818851,87.98046942358255
70.35118027858218,235.5057828390597
70.35905129897584,12.345646147101862
70.36692231936951,273.62511623015314
70.37479333976317,201.03051322816037
70.38266436015684,65.96949687050642
70.3905353805505,392.42720098318097
70.39840640094418,235.2165437838562
70.40627742133785,164.32384058303282
70.41414844173151,206.06670541979264
70.42201946212518,331.1551960441805
70.42989048251884,20.963652184681923
70.43776150291251,341.9567218197423
70.44563252330617,100.54978497514988
70.45350354369984,389.17155913295096
70.4613745640935,703.0385882794104
70.46924558448717,493.5145670119317
70.47711660488083,276.609916376534
70.4849876252745,590.9791563575056
70.49285864566816,620.5666256746883
70.50072966606183,58.347582968404964
70.5086006864555,177.30543646711806
70.51647170684916,138.08272219777763
70.52434272724282,13.247091255174913
70.53221374763649,157.50042081386846
70.54008476803016,360.63564150997587
70.54795578842382,112.61891414154958
70.55582680881749,57.14936858043348
70.56369782921115,537.0891935624311
70.57156884960482,207.53955831966735
70.57943986999848,142.03754749496215
70.58731089039215,48.14158643528325
70.59518191078581,132.86916623890056
70.60305293117948,515.866260037853
70.61092395157314,87.99435933862057
70.6187949719668,67.3852992316016
70.62666599236047,27.667462111383717
70.63453701275414,36.5019256197761
70.6424080331478,210.80536564303145
70.65027905354147,74.13838700425192
70.65815007393513,4.939509260298586
70.6660210943288,255.5988568407784
70.67389211472246,115.59540570185528
70.68176313511613,81.36647105737374
70.6896341555098,176.68453965444982
70.69750517590346,571.3687900097196
70.70537619629712,16.808839395158486
70.71324721669079,133.86023435714463
70.72111823708445,202.35172561534395
70.72898925747812,61.85979771424908
70.7368602778718,626.4021285655444
70.74473129826546,123.73059794122203
70.75260231865913,33.759954679636586
70.7604733390528,333.8343178883559
70.76834435944646,309.50719355574785
70.77621537984012,533.5961457361975
70.78408640023379,412.20400874741426
70.79195742062745,351.2379896618978
70.79982844102112,36.61645788320164
70.80769946141478,49.91423401552791
70.81557048180845,12.214017673702632
70.82344150220212,260.79982859024085
70.83131252259578,16.130423373426453
70.83918354298945,29.216805626903348
70.84705456338311,26.772814751777652
70.85492558377678,180.3241812154972
70.86279660417044,10.983416207099648
70.8706676245641,229.08567583995162
70.87853864495777,10.055023435566678
70.88640966535144,2.0186656207024143
70.8942806857451,48.030629795824424
70.90215170613877,217.75235791004027
70.91002272653243,173.69955970677262
70.9178937469261,118.8098320112515
70.92576476731976,313.85028915532126
70.93363578771343,672.3567415218739
70.94150680810709,240.2698216741495
70.94937782850076,10.425803192097932
70.95724884889442,49.29579760972036
70.96511986928809,154.0197271017813
70.97299088968175,46.538125837753384
70.98086191007542,37.384240291950285
70.98873293046908,206.47336895176053
70.99660395086275,64.4534109745419
71.00447497125641,52.22884488552792
71.01234599165008,69.05935677737979
71.02021701204374,106.68885800549384
71.02808803243741,109.78369153446643
71.03595905283107,174.80812961060295
71.04383007322474,52.37795630311746
71.0517010936184,1.3563703745703688
71.05957211401207,19.938122229605984
71.06744313440574,34.29300323576373
71.07531415479941,67.69792669132985
71.08318517519308,114.92304933225908
71.09105619558675,147.62339890882177
71.09892721598041,28.583743869153455
71.10679823637408,1171.1039566909221
71.11466925676774,32.71624221894894
71.1225402771614,243.30232351902296
71.13041129755507,294.06372029696763
71.13828231794874,68.3414222496156
71.1461533383424,175.07320090487858
71.15402435873607,4.4670553858809745
71.16189537912973,205.67755824177084
71.1697663995234,50.05549085795265
71.17763741991706,82.34041750204862
71.18550844031073,503.94955773391683
71.19337946070439,1296.9641031415072
71.20125048109806,30.324398177637878
71.20912150149172,228.43344549888943
71.21699252188539,305.93449809067386
71.22486354227905,188.30825030990104
71.23273456267272,48.69224649526956
71.24060558306638,92.93066089238852
71.24847660346005,82.82742706590994
71.25634762385371,560.7114534796794
71.26421864424738,12.596835671977951
71.27208966464104,155.50076067645278
71.27996068503471,45.16962660166647
71.28783170542837,125.37247549859023
71.29570272582204,500.45701464436735
71.3035737462157,91.83957169213278
71.31144476660937,113.27479625490597
71.31931578700303,14.74945689279169
71.3271868073967,860.8771444607299
71.33505782779037,14.229594349142062
71.34292884818403,342.679049608373
71.3507998685777,22.804557082385738
71.35867088897136,241.56155331870468
71.36654190936503,416.4235973851598
71.37441292975869,77.32661129429341
71.38228395015236,181.67114602303425
71.39015497054602,491.50939815362017
71.39802599093969,180.17051756964656
71.40589701133335,60.1064079372949
71.41376803172703,158.66268482092798
71.4216390521207,97.10147973181797
71.42951007251436,12.877510368680934
71.43738109290803,181.67076262970448
71.44525211330169,7.9830076699039205
71.45312313369536,66.71345600464818
71.46099415408902,100.22275989701873
71.46886517448269,369.80725830588614
71.47673619487635,49.80798831364449
71.48460721527002,262.58508406793305
71.49247823566368,23.258286909930973
71.50034925605735,80.42350273323382
71.50822027645101,206.3515780994582
71.51609129684468,23.13220246123489
71.52396231723834,182.07614158931776
71.53183333763201,174.5557131925215
71.53970435802567,265.9775919357092
71.54757537841934,138.11174762229888
71.555446398813,189.24967895642578
71.56331741920667,233.36719828793872
71.57118843960033,366.119400777517
71.579059459994,4.546535658637972
71.58693048038766,109.96346402811518
71.59480150078133,56.686228471857206
71.602672521175,116.71950298682361
71.61054354156866,32.0759642142923
71.61841456196233,81.56249766229665
71.62628558235599,210.53701304394502
71.63415660274966,68.94437361981879
71.64202762314332,43.21103779946883
71.64989864353699,132.8213124410736
71.65776966393065,96.84730686359445
71.66564068432432,20.012617485187732
71.67351170471798,87.50312141864558
71.68138272511165,338.3436994432716
71.68925374550531,21.372382932499185
71.69712476589898,65.34043994215328
71.70499578629264,299.21512450503616
71.7128668066863,99.07482303482612
71.72073782707997,91.46764235579751
71.72860884747364,331.62815927778934
71.7364798678673,176.60248984465375
71.74435088826097,252.754943717612
71.75222190865465,32.48497225671678
71.76009292904831,96.24891914778134
71.76796394944198,62.16844108296238
71.77583496983564,98.36082438271698
71.78370599022931,68.6369653859918
71.79157701062297,117.63195674681795
71.79944803101664,272.00534432147657
71.8073190514103,21.960485620709093
71.81519007180397,28.710297359773723
71.82306109219763,136.36916944717632
71.8309321125913,74.1137295324781
71.83880313298496,1598.169523597002
71.84667415337863,91.73070595734677
71.8545451737723,96.07861194945463
71.86241619416596,230.59612260461859
71.87028721455962,296.26968026712086
71.87815823495329,12.560929737335425
71.88602925534695,211.85651889602696
71.89390027574062,845.1149206351935
71.90177129613429,43.333871627185744
71.90964231652795,466.8614321266998
71.91751333692162,178.01641021125525
71.92538435731528,56.12171232573606
71.93325537770895,109.44261432220051
71.94112639810261,66.00577259143837
71.94899741849628,39.46207826560529
71.95686843888994,242.40796599949982
71.9647394592836,7.238126628946067
71.97261047967727,85.07388461529952
71.98048150007094,211.85943975494524
71.9883525204646,255.4311063961436
71.99622354085827,453.90167275756977
72.00409456125193,429.4773976947348
72.0119655816456,84.19090846678039
72.01983660203926,148.98816581652775
72.02770762243293,230.0101373851254
72.0355786428266,530.1645368401894
72.04344966322026,15.360634360817746
72.05132068361392,121.64695796882603
72.05919170400759,114.8019496907674
72.06706272440125,127.11081941937465
72.07493374479492,32.61183395382287
72.08280476518858,80.84357626011953
72.09067578558226,4.240196334729081
72.09854680597593,13.713405803135759
72.1064178263696,53.665415603624034
72.11428884676326,29.091239374148678
72.12215986715692,670.159303639502
72.13003088755059,344.39327578841437
72.13790190794425,180.98364270750983
72.14577292833792,756.6872068674775
72.15364394873158,33.92902878357417
72.16151496912525,47.063958116513994
72.16938598951891,141.86796398437286
72.17725700991258,16.16214443179986
72.18512803030625,220.27876652220317
72.19299905069991,3.0790761616282194
72.20087007109358,399.83154657308387
72.20874109148724,56.31385460732979
72.2166121118809,56.586241038370105
72.22448313227457,324.59958117249874
72.23235415266824,527.1297916194859
72.2402251730619,641.1773934005383
72.24809619345557,318.6927960170238
72.25596721384923,3.3795544135209754
72.2638382342429,306.3795636939765
72.27170925463656,527.7883126735611
72.27958027503023,308.7578023394626
72.28745129542389,105.9132687309981
72.29532231581756,186.71581819282747
72.30319333621122,85.45695495092
72.31106435660489,77.66589513117069
72.31893537699855,232.17557553391006
72.32680639739222,316.66998062375427
72.33467741778588,38.980057772461606
72.34254843817955,326.2626339067283
72.35041945857321,76.98612943056784
72.35829047896688,305.9826799774661
72.36616149936054,0.521879144949088
72.37403251975421,76.89887045197489
72.38190354014787,357.2329866444429
72.38977456054154,188.92643588344595
72.3976455809352,479.3522141458072
72.40551660132887,232.22366205100946
72.41338762172253,391.01452312812995
72.42125864211621,216.5076698035415
72.42912966250988,84.1400845787232
72.43700068290354,205.55694792763177
72.44487170329721,91.55104323523324
72.45274272369087,144.26763427004417
72.46061374408454,77.38508625809914
72.4684847644782,0.028695415227773947
72.47635578487187,16.61362858492495
72.48422680526554,165.67851552888158
72.4920978256592,99.04119413211059
72.49996884605287,333.50594888236355
72.50783986644653,57.472414399208866
72.5157108868402,26.22172343134372
72.52358190723386,20.394463262294586
72.53145292762753,134.44229674562203
72.53932394802119,795.4312826468923
72.54719496841486,134.82013942352643
72.55506598880852,91.2509247437611
72.56293700920219,170.00097826191595
72.57080802959585,34.83925022724128
72.57867904998952,511.8518864724923
72.58655007038318,543.8658075506851
72.59442109077685,231.63757651357565
72.60229211117051,171.61747315372023
72.61016313156418,266.57379315522104
72.61803415195784,340.90876972935416
72.62590517235151,303.4123895108759
72.63377619274517,55.15448524506309
72.64164721313884,329.4844312303374
72.6495182335325,96.92582352017648
72.65738925392617,215.02116588562845
72.66526027431983,62.508703165002196
72.6731312947135,126.02740746113626
72.68100231510716,338.41139906186487
72.68887333550083,258.1765409806045
72.6967443558945,326.91753358898205
72.70461537628816,571.8586730709994
72.71248639668183,154.6533389535132
72.72035741707549,65.88007268521746
72.72822843746916,13.23538037690562
72.73609945786282,122.61611299212468
72.74397047825649,26.30501139052765
72.75184149865015,306.93532882178835
72.75971251904383,187.7092075728491
72.7675835394375,1083.113010849714
72.77545455983116,332.9785956075383
72.78332558022483,130.91308206532096
72.79119660061849,127.65339339694148
72.79906762101216,274.0505677317885
72.80693864140582,140.2843342388955
72.81480966179949,410.0950174319115
72.82268068219315,43.127112280164354
72.83055170258682,12.935532099231537
72.83842272298048,465.55375370943915
72.84629374337415,92.0482240598528
72.85416476376781,93.89812331178518
72.86203578416148,672.4141925718569
72.86990680455514,260.9628113777994
72.87777782494881,195.30338460899512
72.88564884534247,207.8968172555122
72.89351986573614,31.230600411257527
72.9013908861298,177.9786647578612
72.90926190652347,106.3362764021754
72.91713292691713,17.671547672149224
72.9250039473108,8.856199169553555
72.93287496770446,51.4074789086499
72.94074598809813,82.93697717841854
72.9486170084918,440.34853967252434
72.95648802888546,123.68575591801789
72.96435904927912,30.101836499107954
72.97223006967279,378.62377072336767
72.98010109006646,51.202361152774635
72.98797211046012,39.61847001691339
72.99584313085379,134.2170765852568
73.00371415124745,260.4483708341523
73.01158517164112,134.6268008413652
73.01945619203478,244.46268610603167
73.02732721242845,662.4652159853173
73.03519823282211,9.040779868235582
73.04306925321578,68.00067371048031
73.05094027360944,14.786676394449966
73.0588112940031,155.93643589244982
73.06668231439677,230.9530249444771
73.07455333479044,2.181264649078578
73.0824243551841,396.92295955849085
73.09029537557777,204.19213506343635
73.09816639597145,16.041232945693878
73.10603741636511,109.91927117408693
73.11390843675878,450.5390536506781
73.12177945715244,127.2488694951992
73.12965047754611,137.42427896879408
73.13752149793977,230.4416363803125
73.14539251833344,126.45781313782892
73.1532635387271,465.04975420814674
73.16113455912077,8.290489360231467
73.16900557951443,65.3253496559824
73.1768765999081,124.28116286836405
73.18474762030176,12.22024586386445
73.19261864069543,68.96544075614375
73.2004896610891,310.95656690960936
73.20836068148276,641.5014312213409
73.21623170187642,837.165499947945
73.22410272227009,4.759309610619236
73.23197374266375,94.4061303834957
73.23984476305742,359.9319149554298
73.24771578345108,220.7074410495634
73.25558680384475,218.62139131821945
73.26345782423842,98.29082058249897
73.27132884463208,385.38896473895466
73.27919986502575,218.55515150810817
73.28707088541941,163.19933189447124
73.29494190581308,544.9143246545467
73.30281292620674,73.9296941126772
73.3106839466004,139.9271350046295
73.31855496699407,128.11129614221647
73.32642598738774,32.708937568758756
73.3342970077814,31.278048001279767
73.34216802817507,101.77508762421874
73.35003904856873,130.66377522157174
73.3579100689624,42.82218985178659
73.36578108935606,13.833770915276236
73.37365210974973,179.71160511997994
73.38152313014339,99.53895253800019
73.38939415053706,73.96661425291916
73.39726517093072,56.94964157331316
73.40513619132439,77.72866702131638
73.41300721171805,188.461105289036
73.42087823211172,34.61960063130684
73.42874925250538,101.74802648537258
73.43662027289906,16.072983159131766
73.44449129329273,85.06626807517812
73.4523623136864,12.23731315111248
73.46023333408006,64.59071159646126
73.46810435447372,187.13159915706342
73.47597537486739,34.781524910692696
73.48384639526105,44.88147597150354
73.49171741565472,27.28220864324044
73.49958843604838,80.1468868317382
73.50745945644205,31.474087992605124
73.51533047683571,36.844959002087535
73.52320149722938,134.09783987421096
73.53107251762304,6.287844338971669
73.53894353801671,19.39405430635756
73.54681455841038,22.089998296378074
73.55468557880404,89.98333798651058
73.5625565991977,94.17979020331956
73.57042761959137,42.35426971776385
73.57829863998504,164.70008167768876
73.5861696603787,858.5703456203611
73.59404068077237,707.6313600189302
73.60191170116603,6.224235375927938
73.6097827215597,17.98153904654257
73.61765374195336,49.84372957793324
73.62552476234703,7.965509550058569
73.63339578274069,17.95049843454559
73.64126680313436,30.861704150094585
73.64913782352802,0.31063823667495005
73.65700884392169,104.76422056095656
73.66487986431535,52.517379629551414
73.67275088470902,292.6920588735719
73.68062190510268,360.37442271196346
73.68849292549635,336.07838227849754
73.69636394589001,149.08032832731377
73.70423496628368,255.09057797672793
73.71210598667734,225.05277946966658
73.71997700707101,122.0801480567071
73.72784802746467,222.97489428623277
73.73571904785834,28.740932414624307
73.743590068252,410.48320315557703
73.75146108864567,120.17514869707115
73.75933210903933,134.5187613100088
73.767203129433,173.21842375779698
73.77507414982668,131.28114645066768
73.78294517022034,71.71510309512566
73.79081619061401,646.855005850983
73.79868721100767,393.4811945904721
73.80655823140134,188.57391710903502
73.814429251795,235.4209233132668
73.82230027218867,52.12041988520624
73.83017129258234,228.99497120529887
73.838042312976,23.75760652330112
73.84591333336967,241.25739149393846
73.85378435376333,103.58055446339671
73.861655374157,239.1423017153007
73.86952639455066,151.15009939611227
73.87739741494433,1388.0803213555098
73.88526843533799,93.92252824166337
73.89313945573166,370.9998324493079
73.90101047612532,191.8604904606814
73.90888149651899,187.89875722719324
73.91675251691265,405.9690280819173
73.92462353730632,397.84837481588534
73.93249455769998,63.2485553702919
73.94036557809365,53.067643180264675
73.94823659848731,174.46827615313242
73.95610761888098,97.77265451383816
73.96397863927464,10.244938032398451
73.97184965966831,220.25137787379964
73.97972068006197,202.8197734140246
73.98759170045564,187.96642344122972
73.9954627208493,438.2421079915342
74.00333374124297,105.16850284857513
74.01120476163663,25.815698839682003
74.0190757820303,15.99529873339464
74.02694680242396,19.9366065861363
74.03481782281763,165.97351051476195
74.0426888432113,3.29095411920007
74.05055986360496,104.46654791822834
74.05843088399862,1068.9668144317823
74.06630190439229,102.99646467792343
74.07417292478596,326.51646986334674
74.08204394517962,165.25812659768397
74.08991496557329,74.41261039582206
74.09778598596695,10.442163543184261
74.10565700636062,56.95683815066111
74.1135280267543,83.16955083094248
74.12139904714796,116.1542756283244
74.12927006754163,45.84720327899055
74.13714108793529,330.09125766005303
74.14501210832896,150.5220503406784
74.15288312872262,67.05347271082844
74.16075414911629,57.84555212251128
74.16862516950995,16.284056552235082
74.17649618990362,255.10903156683625
74.18436721029728,90.49267748533003
74.19223823069095,274.3663738500047
74.20010925108461,58.07875953666496
74.20798027147828,216.23322923765605
74.21585129187194,162.38530863126985
74.22372231226561,8.99505739227753
74.23159333265927,565.6552602884459
74.23946435305294,563.3098607108068
74.2473353734466,76.53197639324605
74.25520639384027,197.90812134517222
74.26307741423393,126.69379866345497
74.2709484346276,119.08105219931795
74.27881945502126,546.5369084332906
74.28669047541493,133.08072026173005
74.2945614958086,153.06635699758738
74.30243251620226,26.93799487894563
74.31030353659592,147.77631153016185
74.31817455698959,9.516647593785907
74.32604557738325,17.63546156827962
74.33391659777692,8.270953863001944
74.34178761817059,352.0610644293356
74.34965863856425,153.2766223595474
74.35752965895792,336.03275744181445
74.36540067935158,100.21320032270351
74.37327169974525,46.562586737297174
74.38114272013891,67.1857593581838
74.38901374053258,144.21721426928826
74.39688476092624,43.720211977693374
74.4047557813199,2.6671036362489184
74.41262680171357,9.651717917907053
74.42049782210724,304.8197872283027
74.4283688425009,734.9182600138722
74.43623986289457,62.45335095876085
74.44411088328823,63.39367137053427
74.45198190368191,10.887634481922056
74.45985292407558,134.2192010454125
74.46772394446924,2.913523762734034
74.4755949648629,132.41132085812725
74.48346598525657,12.148175338146181
74.49133700565024,461.60472224272553
74.4992080260439,113.70328227681294
74.50707904643757,32.33022897652649
74.51495006683123,30.269133291054867
74.5228210872249,138.690539885284
74.53069210761856,302.47343925481147
74.53856312801223,21.719866596348425
74.5464341484059,26.588117413282347
74.55430516879956,329.54061583522537
74.56217618919322,102.66585239905388
74.57004720958689,285.431860955457
74.57791822998055,133.58746510142035
74.58578925037422,189.14707544387645
74.59366027076788,525.3216527765765
74.60153129116155,14.731278516179795
74.60940231155521,588.4375993600238
74.61727333194888,164.21918305719058
74.62514435234255,52.3605272190933
74.63301537273621,60.12644018292423
74.64088639312988,35.18257036740964
74.64875741352354,209.0209771552622
74.6566284339172,22.692419196399076
74.66449945431087,18.0550717911451
74.67237047470454,79.97287433870584
74.6802414950982,30.48097891053376
74.68811251549187,229.5486273599381
74.69598353588553,142.9917759380149
74.7038545562792,243.34980631901715
74.71172557667286,173.28875879569262
74.71959659706653,505.7865295719329
74.72746761746019,17.402724219335045
74.73533863785386,152.76351616142358
74.74320965824752,191.91626874940866
74.75108067864119,29.653499417657684
74.75895169903485,111.44573657482893
74.76682271942852,14.547064652831285
74.77469373982218,175.9076573834641
74.78256476021585,359.1753649322286
74.79043578060953,219.9032188388361
74.79830680100319,278.8407268474283
74.80617782139686,191.77097300440792
74.81404884179052,23.668412338784844
74.82191986218419,53.288117500599554
74.82979088257785,229.29012924624337
74.83766190297152,505.13103123587535
74.84553292336518,403.09608602932906
74.85340394375885,249.3860353135651
74.86127496415251,22.03618063759873
74.86914598454618,1042.8139944660045
74.87701700493984,66.68082672177823
74.88488802533351,5.6889609029927115
74.89275904572717,4.69011372726683
74.90063006612084,3.4731778558756083
74.9085010865145,280.1254023021127
74.91637210690817,77.87913970087781
74.92424312730184,2.29886647650602
74.9321141476955,124.46404042213369
74.93998516808917,24.8039297953966
74.94785618848283,93.55245624706376
74.9557272088765,35.656765555052026
74.96359822927016,43.88080376327786
74.97146924966383,66.52313057899815
74.97934027005749,147.35997888084253
74.98721129045116,56.42064861254033
74.99508231084482,136.3460986384465
75.00295333123849,49.017044795551016
75.01082435163215,12.52975848344921
75.01869537202582,8.287833806725859
75.02656639241948,232.39862386931017
75.03443741281315,17.640356712743593
75.04230843320681,85.5806163536915
75.05017945360048,60.97241414780432
75.05805047399414,128.6599173484363
75.06592149438781,188.76501457557205
75.07379251478147,145.7605196686135
75.08166353517514,47.254835379437154
75.0895345555688,27.581764960365636
75.09740557596247,129.5287537258047
75.10527659635613,733.5584313076153
75.1131476167498,31.77709627160405
75.12101863714346,70.3895066040101
75.12888965753714,712.1095961206844
75.13676067793081,61.545788699081065
75.14463169832447,63.94304908281643
75.15250271871814,0.5579161524649747
75.1603737391118,77.32464124221491
75.16824475950547,231.22434089858302
75.17611577989913,63.059209950269114
75.1839868002928,143.0875085806035
75.19185782068647,147.02920844496558
75.19972884108013,134.08384164859595
75.2075998614738,10.826077542856902
75.21547088186746,91.94803594871436
75.22334190226113,430.4819352197085
75.23121292265479,177.55499717984253
75.23908394304846,12.497171367598288
75.24695496344212,7.978545448906401
75.25482598383579,270.96006631466054
75.26269700422945,77.33853342150857
75.27056802462312,35.69409068488016
75.27843904501678,589.2770971847478
75.28631006541045,300.24067116466216
75.29418108580411,200.63470528832758
75.30205210619778,49.26341168153905
75.30992312659144,361.9825490735241
75.31779414698511,131.48826322895712
75.32566516737877,263.84657047501554
75.33353618777244,361.6878103223686
75.3414072081661,212.2826185042373
75.34927822855977,243.79337716456376
75.35714924895343,43.74613165216697
75.3650202693471,17.252634092839905
75.37289128974076,7.721336361062297
75.38076231013443,326.7304909935017
75.3886333305281,438.96641560889407
75.39650435092176,122.84325348362518
75.40437537131542,4.317938649760689
75.41224639170909,549.2731063624602
75.42011741210275,60.53647009363891
75.42798843249642,242.19198677769222
75.43585945289009,98.0090262437231
75.44373047328375,21.176083986793124
75.45160149367742,137.42530103145884
75.4594725140711,490.383970170971
75.46734353446476,736.0551839407537
75.47521455485843,23.89709917751932
75.48308557525209,310.14926011583094
75.49095659564576,38.107213259617794
75.49882761603942,48.03881004641441
75.50669863643309,421.70433317696137
75.51456965682675,230.52742621728103
75.52244067722042,213.3828978042821
75.53031169761408,131.24385708916563
75.53818271800775,178.796193356921
75.54605373840141,176.47667854850138
75.55392475879508,121.88582507584871
75.56179577918874,79.36376891927249
75.56966679958241,400.95021914475484
75.57753781997607,92.57594047115003
75.58540884036974,454.4377550705795
75.5932798607634,260.89369022457447
75.60115088115707,18.774380859595915
75.60902190155073,104.80141038691725
75.6168929219444,326.5365054394884
75.62476394233806,66.13647094962346
75.63263496273173,421.6134437793215
75.6405059831254,214.29910172476983
75.64837700351906,195.08350665204145
75.65624802391272,240.3842619137079
75.66411904430639,32.514821587980265
75.67199006470005,3.9558790040239282
75.67986108509372,203.09374129987273
75.68773210548738,125.93274589455723
75.69560312588105,147.37268602435267
75.70347414627471,205.47935240279372
75.71134516666838,208.4399595898161
75.71921618706205,186.8000443156214
75.72708720745571,2.7772364417748316
75.73495822784938,1.15019676749839
75.74282924824304,56.491809703922705
75.7507002686367,521.2831280412707
75.75857128903037,67.8828985751498
75.76644230942404,54.83446307394169
75.7743133298177,415.9190955295347
75.78218435021137,421.5122821993788
75.79005537060503,74.91203220694364
75.79792639099871,301.7395515883082
75.80579741139238,356.9959507257096
75.81366843178604,69.86311848310365
75.8215394521797,31.648747425321275
75.82941047257337,48.22936603529043
75.83728149296704,488.0257106841207
75.8451525133607,247.71253958508296
75.85302353375437,33.5874826403167
75.86089455414803,375.0444145632844
75.8687655745417,86.92480156681476
75.87663659493536,99.20395223954644
75.88450761532903,18.347868587779892
75.8923786357227,46.17076904206501
75.90024965611636,88.95765112148868
75.90812067651002,190.49466113731205
75.91599169690369,442.4599716773534
75.92386271729735,56.89917085796781
75.93173373769102,2.2640524127229305
75.93960475808468,131.95875445761214
75.94747577847835,72.71353358956172
75.95534679887201,65.41773070848286
75.96321781926568,26.369276419739446
75.97108883965934,153.99513462592216
75.97895986005301,344.26169502655245
75.98683088044667,10.140947376667002
75.99470190084034,42.04040554513919
76.002572921234,46.2045009468219
76.01044394162767,115.57737617327669
76.01831496202134,47.48337288419011
76.026185982415,2.71202812645989
76.03405700280867,24.775916843466224
76.04192802320233,3.469382556260821
76.049799043596,112.5719897495791
76.05767006398966,124.4834321928038
76.06554108438333,104.23456801244434
76.07341210477699,472.44859598722155
76.08128312517066,34.0128687102803
76.08915414556432,1.998236561144075
76.09702516595799,18.952793759194844
76.10489618635165,81.8298805708359
76.11276720674532,75.81889539678049
76.12063822713898,112.0926164400473
76.12850924753265,124.22733129799268
76.13638026792633,294.4028541047388
76.14425128831999,158.3632259223904
76.15212230871366,121.43424268665846
76.15999332910732,117.88994178882008
76.16786434950099,3.6441292925481528
76.17573536989465,28.460402831666354
76.18360639028832,173.23458735247084
76.19147741068198,95.93805622886096
76.19934843107565,59.10460466460565
76.20721945146931,14.716396589558249
76.21509047186298,73.74426934839127
76.22296149225664,338.38121789325623
76.23083251265031,127.3112623266998
76.23870353304397,43.16669180235758
76.24657455343764,149.1173781791298
76.2544455738313,17.225793657378453
76.26231659422497,22.840597852746757
76.27018761461864,72.45421770894794
76.2780586350123,55.91974756488054
76.28592965540597,2.210378096721068
76.29380067579963,20.869080633443602
76.3016716961933,6.640167845601683
76.30954271658696,34.10813845119347
76.31741373698063,373.3813894986444
76.32528475737429,240.1630668462733
76.33315577776796,126.43056083374655
76.34102679816162,14.592850655664442
76.34889781855529,16.34572829147989
76.35676883894895,29.912429724306147
76.36463985934262,12.382659705091015
76.37251087973628,64.06011315268293
76.38038190012995,139.6256416460033
76.38825292052361,10.733949733150403
76.39612394091728,151.80670250408397
76.40399496131094,159.88679196736268
76.41186598170461,10.17314810301011
76.41973700209827,49.56875247923436
76.42760802249194,17.784818816667986
76.4354790428856,40.58813876479967
76.44335006327927,120.91650551045562
76.45122108367293,80.68205834667891
76.4590921040666,187.90874890493237
76.46696312446026,134.6114191192517
76.47483414485394,36.44743671722943
76.48270516524761,153.70469447053947
76.49057618564127,98.4103139318175
76.49844720603494,96.58784951661407
76.5063182264286,294.5145279385562
76.51418924682227,71.40713299778554
76.52206026721593,166.53395711850177
76.5299312876096,70.16857599788929
76.53780230800326,90.05113689892534
76.54567332839693,357.37178927390516
76.5535443487906,360.02477162299095
76.56141536918426,1344.8785926610399
76.56928638957793,51.70555373620957
76.57715740997159,86.21545041975348
76.58502843036526,294.6364440912888
76.59289945075892,197.25730764541652
76.60077047115259,218.69872749208687
76.60864149154625,51.436565299356026
76.61651251193992,63.34962076129294
76.62438353233358,382.4313414720126
76.63225455272725,117.9401125021901
76.64012557312091,145.96787787409787
76.64799659351458,511.13396245765057
76.65586761390824,100.3608316231556
76.66373863430191,42.30266374634416
76.67160965469557,50.51392626415432
76.67948067508924,128.32546605931643
76.6873516954829,155.28766231653415
76.69522271587657,2.766027718134261
76.70309373627023,42.30344058550281
76.7109647566639,58.74814076515365
76.71883577705756,101.28029481551548
76.72670679745123,19.168191477599308
76.7345778178449,3.686895672668641
76.74244883823856,49.08705415585611
76.75031985863222,159.33702035072037
76.75819087902589,37.60996300133449
76.76606189941955,17.979723878829684
76.77393291981322,8.525822955463493
76.78180394020688,116.04443822240285
76.78967496060055,172.47988349061453
76.79754598099422,163.81906600328713
76.80541700138788,349.49655129228694
76.81328802178156,187.4830725864567
76.82115904217522,521.881668892711
76.82903006256889,158.73178072581982
76.83690108296256,287.0264504254005
76.84477210335622,4.222091412948993
76.85264312374989,49.19844567454667
76.86051414414355,949.3115021263901
76.86838516453722,419.6661926431675
76.87625618493088,108.87646663891162
76.88412720532455,17.153090921945097
76.89199822571821,21.042364154052432
76.89986924611188,170.84015179241567
76.90774026650554,18.544306613956067
76.9156112868992,152.47520644903955
76.92348230729287,400.29038282871716
76.93135332768654,146.6113104153664
76.9392243480802,137.44455688153974
76.94709536847387,360.3145645902077
76.95496638886753,451.9321473240058
76.9628374092612,178.09211730079446
76.97070842965486,54.167683677039435
76.97857945004853,8.718010645360389
76.9864504704422,507.34168455736193
76.99432149083586,338.2326077427361
77.00219251122952,27.698651968623935
77.01006353162319,50.12947747971781
77.01793455201685,359.730334092383
77.02580557241052,128.43564108302027
77.03367659280418,62.33043506328114
77.04154761319785,0.4162395688153554
77.04941863359151,32.36650402506811
77.05728965398518,117.44971266742313
77.06516067437884,24.523003169131208
77.07303169477251,322.6295718276916
77.08090271516618,348.75788833405437
77.08877373555984,294.15645703911036
77.0966447559535,259.7759314904209
77.10451577634717,115.78296591045441
77.11238679674084,495.3870145403003
77.1202578171345,816.2449020564969
77.12812883752817,735.9831919915028
77.13599985792183,47.20159323184401
77.1438708783155,365.22317356121454
77.15174189870918,280.0100250839348
77.15961291910284,154.3866566482251
77.1674839394965,24.526106565128355
77.17535495989017,274.04780908943945
77.18322598028384,95.91000453030664
77.1910970006775,81.11720072109834
77.19896802107117,138.94422686690675
77.20683904146483,24.86512873697196
77.2147100618585,48.62474611755242
77.22258108225216,131.56853087717386
77.23045210264583,239.59887595721415
77.23832312303949,144.57227842635692
77.24619414343316,37.63425635361778
77.25406516382682,142.01530611238263
77.26193618422049,462.0053342802596
77.26980720461415,97.22278563935318
77.27767822500782,32.90052627881599
77.28554924540148,152.12656367318792
77.29342026579515,261.32162719517424
77.30129128618881,69.77242589078666
77.30916230658248,35.30481312401714
77.31703332697614,121.76608262772204
77.32490434736981,36.928961143887264
77.33277536776347,948.938848689409
77.34064638815714,36.82119265570853
77.3485174085508,23.78139088349854
77.35638842894447,77.26436798765629
77.36425944933814,614.1676237739159
77.3721304697318,185.8098793247772
77.38000149012547,305.2258736747513
77.38787251051913,124.5335206513953
77.3957435309128,169.1932910977869
77.40361455130646,144.98270720196405
77.41148557170013,165.10982291262783
77.41935659209379,157.2012842709895
77.42722761248746,49.12917488285851
77.43509863288112,137.404675935815
77.44296965327479,101.69632409163135
77.45084067366845,184.71900237832938
77.45871169406212,249.93417682076094
77.46658271445578,66.64767456033292
77.47445373484945,28.703244586052822
77.48232475524311,23.37425716088567
77.49019577563679,140.23193929256044
77.49806679603046,29.592423036502343
77.50593781642412,12.957981205452286
77.51380883681779,69.02147388959696
77.52167985721145,41.07720985269413
77.52955087760512,304.5555911376977
77.53742189799878,46.61477446009393
77.54529291839245,369.6250592479042
77.55316393878611,185.31816708302
77.56103495917978,112.08587642591709
77.56890597957344,34.31047041892411
77.57677699996711,81.40822276166581
77.58464802036077,290.38611782457843
77.59251904075444,0.5809570714534527
77.6003900611481,113.82865690651167
77.60826108154177,491.57319541095774
77.61613210193543,127.67922278649924
77.6240031223291,94.0910203032824
77.63187414272276,154.13328058179962
77.63974516311643,800.3019824496555
77.6476161835101,120.16932584050774
77.65548720390376,5.368717650601534
77.66335822429743,370.31246115560594
77.67122924469109,469.62081302710607
77.67910026508476,143.253280947697
77.68697128547842,119.3737897642482
77.69484230587209,25.400028875472668
77.70271332626575,5.4987241981789765
77.71058434665942,15.089927629135136
77.71845536705308,4.271067920235916
77.72632638744675,380.0833054812846
77.73419740784041,192.95403597497508
77.74206842823408,33.63571225431187
77.74993944862774,51.59614193453722
77.75781046902141,273.8803605879749
77.76568148941507,36.3463657286153
77.77355250980874,857.5290705145127
77.7814235302024,26.5618695727543
77.78929455059607,21.100530445330172
77.79716557098973,32.47614792728934
77.8050365913834,49.40729237494316
77.81290761177706,2.5632868016283994
77.82077863217073,170.2285037239845
77.82864965256441,119.0644959018076
77.83652067295807,381.59444542484243
77.84439169335174,229.8135828802346
77.8522627137454,7.719568552928959
77.86013373413907,10.664208587849117
77.86800475453273,156.6331786077108
77.8758757749264,37.315443241659764
77.88374679532006,66.05872963854259
77.89161781571373,48.72191112889824
77.8994888361074,6.011210920494031
77.90735985650106,124.40883603103127
77.91523087689473,190.6962540035729
77.92310189728839,391.5863451519152
77.93097291768206,763.2575934749547
77.93884393807572,395.60649471305743
77.94671495846939,523.9566786891018
77.95458597886305,103.81457922507045
77.96245699925672,261.2416899720111
77.97032801965038,31.57952759686153
77.97819904004405,227.8918230277736
77.98607006043771,415.4574284613276
77.99394108083138,69.9720598191853
78.00181210122504,335.1789180264562
78.0096831216187,43.279243339562825
78.01755414201237,98.05180799684636
78.02542516240604,290.0124083534645
78.0332961827997,337.8949303762089
78.04116720319337,100.62200402529335
78.04903822358703,325.5810743256033
78.0569092439807,99.08950605264744
78.06478026437436,28.015341738421135
78.07265128476803,319.46409195389754
78.0805223051617,156.41679586988096
78.08839332555536,39.01683131331758
78.09626434594902,134.875373723552
78.10413536634269,115.13297175440788
78.11200638673635,58.9812118150493
78.11987740713002,31.211728736598584
78.12774842752368,11.628624591035342
78.13561944791735,466.11194666542065
78.14349046831101,149.33413052036195
78.15136148870468,68.28169819658444
78.15923250909835,14.347262870602858
78.16710352949202,157.93628557635898
78.17497454988569,178.4170388315137
78.18284557027935,182.9728992946885
78.19071659067302,1.0015830268246206
78.19858761106669,68.80487438534907
78.20645863146035,6.749287755196899
78.21432965185402,156.13178699926908
78.22220067224768,300.65000361360825
78.23007169264135,31.163178125194158
78.23794271303501,6.472272932701373
78.24581373342868,27.326801162462385
78.25368475382234,273.4159611584406
78.261555774216,188.49756707574798
78.26942679460967,289.05846300221174
78.27729781500334,45.116471578877054
78.285168835397,5.092932087768675
78.29303985579067,46.05176711777248
78.30091087618433,56.95672990781608
78.308781896578,8.86936614872653
78.31665291697166,9.834795288034108
78.32452393736533,182.69630408196804
78.33239495775899,8.399195394799058
78.34026597815266,17.837200414351344
78.34813699854632,250.22242345364705
78.35600801893999,177.682545479448
78.36387903933365,68.96705928072292
78.37175005972732,173.78088905978873
78.37962108012098,212.54840011986872
78.38749210051465,14.97449191680636
78.39536312090831,0.8432893753062015
78.40323414130198,78.4608479352202
78.41110516169564,122.90479095398062
78.41897618208931,64.26462199976861
78.42684720248297,25.30447794045408
78.43471822287664,1.7569861741259216
78.4425892432703,173.36828375185348
78.45046026366397,296.4617763332923
78.45833128405764,66.06732259649847
78.4662023044513,2.928517262732222
78.47407332484497,422.93712429361165
78.48194434523863,9.523712844327184
78.4898153656323,533.855822405497
78.49768638602598,114.46531722349584
78.50555740641964,314.5516531736604
78.5134284268133,49.86155283824866
78.52129944720697,88.4039393847093
78.52917046760064,23.694083852140178
78.5370414879943,78.8938447699682
78.54491250838797,3.4278663566339636
78.55278352878163,165.2044194122337
78.5606545491753,153.77070670779864
78.56852556956896,39.68079553025468
78.57639658996263,66.45714108106864
78.58426761035629,32.339651064990115
78.59213863074996,73.39911780010148
78.60000965114362,21.61559031759182
78.60788067153729,20.146525720668727
78.61575169193095,132.9378614191777
78.62362271232462,254.30196014715756
78.63149373271828,5.989809255981407
78.63936475311195,30.21568558477784
78.64723577350561,220.11981661445074
78.65510679389928,22.733964340293088
78.66297781429294,773.6327067983054
78.67084883468661,59.59080292990669
78.67871985508027,38.010308855592776
78.68659087547394,185.06151196388626
78.6944618958676,231.9608903154705
78.70233291626127,11.814828617842341
78.71020393665493,106.11422275559674
78.7180749570486,5.028202207843951
78.72594597744227,150.15567556797458
78.73381699783593,370.06642034207607
78.7416880182296,77.57140883175599
78.74955903862326,570.1903074287895
78.75743005901693,292.6448638077663
78.76530107941059,70.45233659842826
78.77317209980426,163.92848667090794
78.78104312019792,412.66316398348675
78.78891414059159,487.3473955473351
78.79678516098525,374.8634370474719
78.80465618137892,99.56414405251763
78.81252720177258,145.39836266229352
78.82039822216625,305.9291454303195
78.82826924255991,222.8905493953592
78.83614026295359,90.97796826362534
78.84401128334726,164.89438147312683
78.85188230374092,75.11928237307856
78.85975332413459,4.410297662090728
78.86762434452825,73.66757776534669
78.87549536492192,21.153566056223195
78.88336638531558,177.53510127675608
78.89123740570925,358.26448535182163
78.89910842610291,65.29567262406337
78.90697944649658,184.4966012585201
78.91485046689024,279.5645471712376
78.92272148728391,49.815215335683185
78.93059250767757,283.8747906692791
78.93846352807124,450.5421605417119
78.9463345484649,63.56922712198198
78.95420556885857,38.454823070366736
78.96207658925223,66.52238535816372
78.9699476096459,121.71256256106203
78.97781863003956,51.72478347970556
78.98568965043323,152.64677582656458
78.9935606708269,335.62007791503737
79.00143169122056,131.05921068833962
79.00930271161423,309.02957817968235
79.01717373200789,328.4893848621234
79.02504475240156,17.635760412414484
79.03291577279522,25.68726270257243
79.04078679318889,11.698505771855281
79.04865781358255,493.48646938370183
79.05652883397622,194.60295209553675
79.06439985436988,65.42935052548226
79.07227087476355,52.586609438305175
79.08014189515721,22.502133667621845
79.08801291555088,35.776462435494246
79.09588393594454,12.578998836849166
79.10375495633821,4.65866655475741
79.11162597673187,119.01311633413046
79.11949699712554,47.92330699951627
79.1273680175192,34.411195751111045
79.13523903791287,57.8173143347325
79.14311005830653,19.585541615768722
79.1509810787002,122.5151556467737
79.15885209909386,124.48380893516166
79.16672311948753,68.27683837266818
79.17459413988121,83.84361892432659
79.18246516027487,8.572106772112267
79.19033618066854,10.18037756154258
79.1982072010622,158.25700325698867
79.20607822145587,818.3285989040687
79.21394924184953,278.5560684547278
79.2218202622432,35.63751515654682
79.22969128263686,10.70746507823105
79.23756230303053,321.9179538841345
79.2454333234242,28.502093302203978
79.25330434381786,161.35046381137815
79.26117536421152,266.5873835128651
79.26904638460519,46.671171751134956
79.27691740499885,87.09029268000369
79.28478842539252,169.3634153707929
79.29265944578619,204.03189471863905
79.30053046617985,268.45042173243536
79.30840148657352,441.51862889807074
79.31627250696718,72.34299389246682
79.32414352736085,0.8796204837490983
79.33201454775451,57.6414482235564
79.33988556814818,181.7717493526526
79.34775658854184,153.65704187184986
79.3556276089355,342.616544612966
79.36349862932917,103.55892225708516
79.37136964972284,96.17045120205451
79.3792406701165,15.402341414152508
79.38711169051017,104.03950694590651
79.39498271090383,98.12469476572277
79.4028537312975,16.156892582963554
79.41072475169116,29.67890291556207
79.41859577208483,5.089640821019889
79.4264667924785,2.1410399759241336
79.43433781287216,13.61081194584415
79.44220883326582,175.18604257323335
79.45007985365949,116.18086803563179
79.45795087405315,196.74122330804556
79.46582189444682,95.39750347265678
79.47369291484048,166.71653107860615
79.48156393523415,45.53338039914315
79.48943495562781,289.760772360281
79.49730597602148,43.05940043669478
79.50517699641514,83.58971807401687
79.51304801680882,43.5675029202106
79.52091903720249,183.11825770934186
79.52879005759615,45.51382043764091
79.53666107798982,228.12280742879304
79.54453209838348,819.1265566755003
79.55240311877715,97.19913146091952
79.56027413917082,86.49053561537288
79.56814515956448,504.3266712933721
79.57601617995815,147.21820317629474
79.58388720035181,162.9506181348126
79.59175822074548,187.93933758361197
79.59962924113914,311.66885737532823
79.6075002615328,119.92271344305138
79.61537128192647,135.21495038703142
79.62324230232014,51.76448920009658
79.6311133227138,84.30755167175177
79.63898434310747,79.93277444181264
79.64685536350113,66.31615132770504
79.6547263838948,52.72205831230934
79.66259740428846,44.17466440356135
79.67046842468213,158.40182705008067
79.67833944507579,290.32055146867594
79.68621046546946,105.67938529993282
79.69408148586312,125.42475143904853
79.70195250625679,49.68840822259038
79.70982352665045,193.03159662952396
79.71769454704412,347.39823756372255
79.72556556743778,40.083885797237734
79.73343658783145,161.49992814896729
79.74130760822511,87.90979633920645
79.74917862861878,213.45310677295942
79.75704964901244,21.332582756982937
79.76492066940611,42.15462757818459
79.77279168979977,161.74016052594237
79.78066271019344,23.644096415262833
79.7885337305871,145.08750436544997
79.79640475098077,7.378203881588444
79.80427577137444,234.4661034910431
79.8121467917681,398.75198230817085
79.82001781216177,114.64599878259013
79.82788883255543,68.93695443512439
79.8357598529491,3.1380343968170004
79.84363087334276,66.40201618249195
79.85150189373644,18.65977256551684
79.8593729141301,393.22688575712004
79.86724393452377,147.64650397201893
79.87511495491744,211.23009818053674
79.8829859753111,201.11302039255216
79.89085699570477,8.42324435521679
79.89872801609843,83.4240498837829
79.9065990364921,140.71007620305585
79.91447005688576,72.60194010952539
79.92234107727943,10.856941531600752
79.93021209767309,356.1076902558624
79.93808311806676,31.127316799955796
79.94595413846042,40.34457056595684
79.95382515885409,53.83963932219416
79.96169617924775,88.31229335047306
79.96956719964142,50.56918904623342
79.97743822003508,13.673034341249158
79.98530924042875,22.171284016761735
79.99318026082241,25.870557671300258
80.00105128121608,156.32499932994878
80.00892230160974,78.37928544024322
80.01679332200341,366.11299795431603
80.02466434239707,158.50277775008342
80.03253536279074,362.9045498242917
80.0404063831844,322.7330759169026
80.04827740357807,121.35901637127498
80.05614842397173,311.2865375570776
80.0640194443654,171.08220759345767
80.07189046475906,25.64480711296405
80.07976148515273,111.28847798435862
80.0876325055464,314.56514853156364
80.09550352594006,118.76340611761208
80.10337454633373,139.3276341319313
80.11124556672739,67.59219605463817
80.11911658712106,44.115119708835365
80.12698760751472,50.88172570058335
80.13485862790839,65.6855574229063
80.14272964830205,164.82938277804723
80.15060066869572,8.524482368635383
80.15847168908938,86.50536677501044
80.16634270948305,53.46666734051402
80.17421372987671,163.98153888004646
80.18208475027038,108.91009710129416
80.18995577066406,45.13890856970313
80.19782679105772,1.3255481201494121
80.20569781145139,49.75991303999393
80.21356883184505,0.9100808162351773
80.22143985223872,138.43019296480895
80.22931087263238,51.449512069094226
80.23718189302605,41.962182301604656
80.24505291341971,4.196188736334728
80.25292393381338,97.4209575054256
80.26079495420704,557.6349533525263
80.26866597460071,289.07988389783907
80.27653699499437,73.21824340061013
80.28440801538804,258.54526188944675
80.2922790357817,218.23590822800244
80.30015005617537,256.9201732966439
80.30802107656903,461.65708623496823
80.3158920969627,236.37999659656677
80.32376311735636,5.367700483882162
80.33163413775003,59.92986602445863
80.3395051581437,20.73559537413263
80.34737617853736,130.00978983292788
80.35524719893102,164.81124225820147
80.36311821932469,406.5847745586754
80.37098923971836,101.14359723235465
80.37886026011202,0.769568237360061
80.38673128050569,336.8786920634944
80.39460230089935,145.0130146416599
80.40247332129302,101.08303679307184
80.41034434168668,248.09189366709185
80.41821536208035,243.93274186389297
80.42608638247401,16.11203084968401
80.43395740286768,150.0991110290844
80.44182842326134,305.73573862285093
80.449699443655,370.9464596701654
80.45757046404867,126.74813231341251
80.46544148444234,176.16443628272452
80.473312504836,38.73824905930075
80.48118352522967,108.83583804804228
80.48905454562333,262.54425904695194
80.496925566017,15.935608431827788
80.50479658641066,167.9988526370754
80.51266760680433,26.200932998066456
80.520538627198,171.36397175083968
80.52840964759167,58.7461004740902
80.53628066798534,41.974954480555525
80.544151688379,12.10112463926779
80.55202270877267,103.03313677240612
80.55989372916633,11.567382331602424
80.56776474956,22.737529131543546
80.57563576995366,168.29410308053627
80.58350679034733,285.0958575634053
80.591377810741,29.111113184105566
80.59924883113466,131.95790547104116
80.60711985152832,31.79088002297351
80.61499087192199,334.23789695583383
80.62286189231565,6.442139619088031
80.63073291270932,9.318324243080362
80.63860393310298,14.611999453842873
80.64647495349665,536.7725079560719
80.65434597389032,22.6962083627512
80.66221699428398,32.022556554304686
80.67008801467765,63.85013518140315
80.67795903507131,283.83266458665
80.68583005546498,74.65495654605203
80.69370107585864,81.20373093675013
80.7015720962523,70.0399243145058
80.70944311664597,0.7823600982600875
80.71731413703964,51.3293560970745
80.7251851574333,153.4566363690198
80.73305617782697,74.6007227866081
80.74092719822063,19.66375335097166
80.7487982186143,208.21052733473007
80.75666923900796,54.04144413791279
80.76454025940163,165.21906122561336
80.77241127979529,49.29276174550751
80.78028230018896,15.175455788299733
80.78815332058262,86.28861080576898
80.79602434097629,55.34772240415866
80.80389536136995,4.794009574313006
80.81176638176362,7.946593597498501
80.81963740215728,201.9419612870144
80.82750842255095,6.089557863210261
80.83537944294461,9.9530182851081
80.84325046333828,45.690516791468404
80.85112148373194,35.95567084098549
80.85899250412561,40.866986402298444
80.86686352451929,10.939174647382202
80.87473454491295,54.51035544853044
80.88260556530662,277.4493054069161
80.89047658570028,30.110757201274875
80.89834760609395,22.18867758135398
80.90621862648761,4.277766963460874
80.91408964688128,109.6828873918794
80.92196066727494,79.73868166378523
80.92983168766861,52.33363528519867
80.93770270806228,4.30957242800032
80.94557372845594,125.68193333297388
80.9534447488496,344.00954741807476
80.96131576924327,33.94784478803143
80.96918678963694,21.760919356748378
80.9770578100306,9.765464511794164
80.98492883042427,64.42988729374987
80.99279985081793,29.437262274746786
81.0006708712116,5.491985095965259
81.00854189160526,70.84203131125653
81.01641291199893,33.88371998630456
81.02428393239259,118.31544223832
81.03215495278626,120.99834076544718
81.04002597317992,67.15709380739818
81.04789699357359,44.13315567056618
81.05576801396725,99.15317928507093
81.06363903436092,66.17876669532421
81.07151005475458,86.83615463980854
81.07938107514825,89.18843178673167
81.08725209554191,325.185366520277
81.09512311593558,32.80952580935496
81.10299413632924,85.93469542367663
81.11086515672291,548.9319087737396
81.11873617711657,133.50403258415497
81.12660719751024,227.88144093286223
81.1344782179039,18.44799081590076
81.14234923829757,207.6917059330522
81.15022025869123,419.60931749313613
81.1580912790849,111.78222215261752
81.16596229947857,4.392942746691901
81.17383331987223,84.40221719014524
81.1817043402659,53.506808612516124
81.18957536065956,68.74212718278896
81.19744638105323,79.09614443116241
81.2053174014469,139.32807403206192
81.21318842184057,195.05707330462266
81.22105944223424,24.57991570024903
81.2289304626279,225.22825711709234
81.23680148302157,151.72489909797335
81.24467250341523,210.1476348223744
81.2525435238089,571.8388405207062
81.26041454420256,195.66645949987867
81.26828556459623,152.87157184315384
81.27615658498989,113.52533787582574
81.28402760538356,37.63749912916524
81.29189862577722,299.21981974960664
81.29976964617089,140.16641688276653
81.30764066656455,59.5115327057842
81.31551168695822,109.83144364315721
81.32338270735188,223.08272434703014
81.33125372774555,84.61113807110648
81.33912474813921,37.93247771109919
81.34699576853288,201.26572483206178
81.35486678892654,51.518890678965406
81.36273780932021,50.3388406686806
81.37060882971387,133.264512258033
81.37847985010754,42.390849246975776
81.3863508705012,13.97373790669239
81.39422189089487,160.6888785025995
81.40209291128853,306.01715980843704
81.4099639316822,420.9210522289568
81.41783495207586,149.8616021522171
81.42570597246953,63.01122749172075
81.4335769928632,1.574245136728722
81.44144801325686,5.158722204280667
81.44931903365053,8.107245027692318
81.45719005404419,119.56909951598318
81.46506107443786,10.871000856359341
81.47293209483152,39.597871632902006
81.48080311522519,83.26367385822344
81.48867413561885,4.435790895064045
81.49654515601252,5.81707148155463
81.50441617640618,60.223122958590515
81.51228719679985,221.30636555854065
81.52015821719351,95.7506935992863
81.52802923758718,55.197965300774506
81.53590025798086,51.05041814664966
81.54377127837452,256.3041999736485
81.55164229876819,50.050216485157556
81.55951331916185,165.0030776627235
81.56738433955552,166.75314920935796
81.57525535994918,0.8759360192465792
81.58312638034285,85.15885426028397
81.59099740073651,382.12323082726175
81.59886842113018,144.25403917589412
81.60673944152384,18.025205614274075
81.61461046191751,293.2874281232198
81.62248148231117,1.3363183187516168
81.63035250270484,199.0070153169032
81.6382235230985,193.30667879007484
81.64609454349217,75.99470067884424
81.65396556388583,171.8083645646516
81.6618365842795,155.80118590408
81.66970760467316,40.43498806686678
81.67757862506683,272.9953001461576
81.6854496454605,53.94947602798723
81.69332066585416,52.393582476478294
81.70119168624782,220.94767111672513
81.70906270664149,85.57688222224711
81.71693372703515,3.646521677498942
81.72480474742882,292.81970177182257
81.73267576782249,96.27805294510918
81.74054678821615,40.689899559881916
81.74841780860982,71.41363689035465
81.75628882900348,6.524366531482287
81.76415984939715,85.51997777708735
81.77203086979081,75.26630944507664
81.77990189018448,30.723157796834354
81.78777291057814,150.1942484812744
81.7956439309718,113.90482064339388
81.80351495136547,122.70319928856752
81.81138597175914,20.73780658037358
81.8192569921528,31.88094095932233
81.82712801254647,29.414551704131515
81.83499903294013,25.346135617097232
81.8428700533338,92.95484296395128
81.85074107372746,149.76005448668582
81.85861209412113,455.27319605798687
81.86648311451479,138.3311864669385
81.87435413490847,343.9929397499542
81.88222515530214,107.04225011924638
81.8900961756958,139.7717043395237
81.89796719608947,257.3106749011439
81.90583821648313,96.95696133894153
81.9137092368768,76.68328041724814
81.92158025727046,26.39851704893315
81.92945127766413,423.64816261201815
81.9373222980578,362.2491698788151
81.94519331845146,53.72345582334938
81.95306433884512,128.6757421867803
81.96093535923879,42.0191809897064
81.96880637963245,34.683169307981956
81.97667740002612,107.93331005020734
81.98454842041978,471.8619718129791
81.99241944081345,26.953163402752708
82.00029046120711,48.61569649496195
82.00816148160078,124.37833088599926
82.01603250199445,682.346467295436
82.02390352238811,52.43607048625996
82.03177454278178,68.30830363945994
82.03964556317544,7.510247994507185
82.0475165835691,15.719796557620258
82.05538760396277,237.25281416140885
82.06325862435644,67.15433544667916
82.0711296447501,60.327167623564904
82.07900066514377,106.20063960014018
82.08687168553743,15.890912305578093
82.0947427059311,8.736045422019538
82.10261372632476,104.51734033155935
82.11048474671843,153.18884551172704
82.11835576711209,296.6062381611016
82.12622678750576,154.09176336452543
82.13409780789942,121.68210027763863
82.14196882829309,124.57028612768421
82.14983984868675,96.30091772781257
82.15771086908042,332.34467854499957
82.16558188947408,206.9344790319538
82.17345290986775,43.24534776378223
82.18132393026141,358.8542166495243
82.18919495065508,34.94663295276045
82.19706597104874,48.05471573880836
82.20493699144241,174.28326714485263
82.21280801183609,31.157148339230226
82.22067903222975,182.61200310878968
82.22855005262342,1.5314880188715483
82.23642107301708,130.62144083241955
82.24429209341075,73.66269891135633
82.25216311380441,84.53330227390153
82.26003413419808,15.150988642966464
82.26790515459174,74.74271871185674
82.27577617498541,75.18711347060645
82.28364719537907,480.4566057006918
82.29151821577274,156.1804566496952
82.2993892361664,11.515252298581453
82.30726025656007,130.46051211447914
82.31513127695374,110.93101015948257
82.3230022973474,8.665117046938429
82.33087331774107,264.49440113499423
82.33874433813473,71.37954462498021
82.3466153585284,13.31141141245611
82.35448637892206,111.25897133188634
82.36235739931573,33.52022289489122
82.37022841970939,2.4721604201711798
82.37809944010306,11.390068268873073
82.38597046049672,114.8650650680629
82.39384148089039,332.1537913991898
82.40171250128405,91.69376948985825
82.40958352167772,32.94744647223831
82.41745454207138,10.40608102935417
82.42532556246505,54.733244898372675
82.43319658285871,87.68066220477426
82.44106760325238,46.221651407704016
82.44893862364604,64.92053547440419
82.45680964403971,200.62807712476263
82.46468066443337,35.177538567033096
82.47255168482704,47.32777602714806
82.4804227052207,13.570689604371092
82.48829372561437,33.42085449239289
82.49616474600803,93.9155179942573
82.5040357664017,6.082404480308842
82.51190678679536,53.31771527582716
82.51977780718903,323.27520609126157
82.5276488275827,175.2951542248136
82.53551984797636,197.41612837405972
82.54339086837003,132.82576054147742
82.5512618887637,60.76986176495071
82.55913290915737,114.24587482926968
82.56700392955103,121.51469489358001
82.5748749499447,487.40543153249365
82.58274597033837,19.83356365173279
82.59061699073203,138.16000654025873
82.5984880111257,309.51120004030463
82.60635903151936,14.731475537191633
82.61423005191303,28.608952436118084
82.62210107230669,64.3552596895936
82.62997209270036,25.604748919745095
82.63784311309402,48.32285049268468
82.64571413348769,20.331176773235175
82.65358515388135,54.46429909819712
82.66145617427502,17.357119396869603
82.66932719466868,53.993668363097136
82.67719821506235,9.172885502214825
82.68506923545601,102.54257229266115
82.69294025584968,132.54664451599163
82.70081127624334,2.8443615006648373
82.70868229663701,31.399183301207383
82.71655331703067,61.98775627823867
82.72442433742434,62.788704787469705
82.732295357818,68.16595654640028
82.74016637821167,80.92390030845584
82.74803739860533,293.4153069370362
82.755908418999,224.38624073652792
82.76377943939266,204.6642395480853
82.77165045978633,10.876700298203025
82.77952148018,111.09744395688284
82.78739250057366,172.3236129308779
82.79526352096732,411.8006589623561
82.80313454136099,21.117040980680805
82.81100556175465,68.49920193347204
82.81887658214832,26.808403853925814
82.82674760254199,315.5919053701101
82.83461862293565,80.43557005090432
82.84248964332932,209.3102884899361
82.85036066372298,771.8049123517781
82.85823168411665,221.40073412859917
82.86610270451031,153.98980566144266
82.87397372490398,217.86530185849006
82.88184474529764,227.46962970319484
82.88971576569132,36.93949499377218
82.89758678608499,209.88267181852697
82.90545780647865,38.782490436187736
82.91332882687232,71.02615832064755
82.92119984726598,39.317339816626344
82.92907086765965,302.92524776891526
82.93694188805331,464.16804067501795
82.94481290844698,87.19717478729255
82.95268392884064,99.33012919335798
82.96055494923431,189.94735570822377
82.96842596962797,149.819393807844
82.97629699002164,393.6214117742018
82.9841680104153,137.3421030496486
82.99203903080897,691.3856250820664
82.99991005120263,32.60922413198642
83.0077810715963,444.5797748453925
83.01565209198996,120.2809011223597
83.02352311238363,48.584344042305624
83.0313941327773,150.25604386203776
83.03926515317096,922.8539240324118
83.04713617356462,438.99074104407134
83.05500719395829,29.995313288159558
83.06287821435195,45.55841635642872
83.07074923474562,18.91535662132802
83.07862025513928,327.79997965795894
83.08649127553295,36.23052104268947
83.09436229592662,16.174619938064446
83.10223331632028,144.83916497073125
83.11010433671395,603.4801595252372
83.11797535710761,255.66211564890924
83.12584637750128,78.79314936447355
83.13371739789494,9.8148899476041
83.1415884182886,32.629701498330526
83.14945943868227,330.29070320497124
83.15733045907594,91.65328711851834
83.1652014794696,179.84264452118515
83.17307249986327,7.78807722332565
83.18094352025693,20.381254519391796
83.1888145406506,140.57943534549122
83.19668556104426,9.086976913780727
83.20455658143793,60.4569299649312
83.21242760183159,0.37347060116668723
83.22029862222526,5.318862409668946
83.22816964261894,30.07085445579561
83.2360406630126,17.9623973393616
83.24391168340627,53.92921188805471
83.25178270379993,49.34504117847665
83.2596537241936,18.014965863395663
83.26752474458726,47.001532300728215
83.27539576498093,60.31103590948555
83.2832667853746,49.94820571889867
83.29113780576826,89.86656108227857
83.29900882616192,69.15501355517087
83.30687984655559,254.5111937248867
83.31475086694925,39.206762557498585
83.32262188734292,350.00627374970946
83.33049290773658,24.615897995820543
83.33836392813025,204.28876688204159
83.34623494852391,32.88872386218178
83.35410596891758,15.442023237619578
83.36197698931124,7.013446816203164
83.36984800970491,18.1641843970277
83.37771903009858,77.93456251271101
83.38559005049224,155.90106727683497
83.3934610708859,172.707679200843
83.40133209127957,244.61236918498122
83.40920311167324,103.6961078841372
83.4170741320669,26.744986888349327
83.42494515246057,7.528860543629041
83.43281617285423,43.629196187739105
83.4406871932479,95.6190171031707
83.44855821364156,125.44226986990863
83.45642923403523,528.9157850685905
83.46430025442889,394.91082046347935
83.47217127482256,0.5782876747052521
83.48004229521622,145.9610723359398
83.48791331560989,9.536063376847403
83.49578433600355,280.5002517086555
83.50365535639722,1.2226460500800258
83.51152637679088,7.409179876750197
83.51939739718455,14.441777066021803
83.52726841757821,81.04196340548584
83.53513943797188,942.2850807584515
83.54301045836554,67.11880695172971
83.55088147875921,239.69565959059423
83.55875249915287,266.89875608200316
83.56662351954655,99.24081616217269
83.57449453994022,79.98485669172892
83.58236556033388,160.69665187020442
83.59023658072755,891.8170785886541
83.59810760112121,182.42431182194295
83.60597862151488,14.799946807487647
83.61384964190854,17.54554527031205
83.62172066230221,27.940015153112046
83.62959168269587,195.7782478738682
83.63746270308954,129.0016206822555
83.6453337234832,149.30483821442564
83.65320474387687,212.64286166740263
83.66107576427054,4.31706270891563
83.6689467846642,119.81971306736436
83.67681780505787,160.61938118004704
83.68468882545153,856.8786272806899
83.6925598458452,34.13746881122103
83.70043086623886,216.13300730262654
83.70830188663253,24.097849403598026
83.71617290702619,115.90445862772798
83.72404392741986,58.95668656427631
83.73191494781352,100.79359204915947
83.73978596820719,52.78681367872847
83.74765698860085,4.979155127454984
83.75552800899452,43.082043612129105
83.76339902938818,7.408871526731074
83.77127004978185,74.02600298506549
83.77914107017551,27.381450968745042
83.78701209056918,154.86577477763825
83.79488311096284,11.529922877585022
83.80275413135651,48.04956603788703
83.81062515175017,315.1297837784149
83.81849617214384,22.36795704563702
83.8263671925375,321.1309415683253
83.83423821293117,278.6242644146504
83.84210923332483,32.79915719533253
83.8499802537185,14.221682100368042
83.85785127411216,72.9698065623227
83.86572229450583,34.13465009872494
83.8735933148995,22.233435183823534
83.88146433529316,138.1005937231535
83.88933535568682,71.52340142357448
83.89720637608049,37.54794681016114
83.90507739647417,547.7389080612277
83.91294841686783,102.16436444202458
83.9208194372615,72.7308200533105
83.92869045765516,69.59155927462288
83.93656147804883,74.53760530314948
83.9444324984425,428.88453862891095
83.95230351883616,82.53169840319194
83.96017453922983,27.280541755103076
83.96804555962349,115.5788488478359
83.97591658001716,119.39941756005555
83.98378760041082,85.14768730237061
83.99165862080449,38.08366284525857
83.99952964119815,24.006153460526747
84.00740066159182,5.25065521053799
84.01527168198548,99.60299869819612
84.02314270237915,12.188544742749897
84.03101372277281,124.05544892888769
84.03888474316648,58.8719218617085
84.04675576356014,146.39325154980048
84.05462678395381,88.65678410846374
84.06249780434747,127.45133742684924
84.07036882474114,107.40986583014178
84.0782398451348,254.65919320641348
84.08611086552847,61.37212293928487
84.09398188592213,308.8925625369119
84.1018529063158,138.37183347460245
84.10972392670946,47.418637945662226
84.11759494710313,45.706830609769455
84.1254659674968,74.55719754883772
84.13333698789046,39.951301791321065
84.14120800828412,83.9331113933201
84.14907902867779,154.83497868732238
84.15695004907145,80.15482508152809
84.16482106946512,169.81619255137448
84.17269208985878,377.9570611713871
84.18056311025245,17.65543973867942
84.18843413064612,155.47966729565016
84.19630515103978,11.0428555023916
84.20417617143345,61.51101541475992
84.21204719182711,45.034242018436466
84.21991821222078,7.736831712937534
84.22778923261444,177.0757292519565
84.2356602530081,39.9599274720335
84.24353127340179,80.2286546784272
84.25140229379545,241.76695058974084
84.25927331418912,55.2782079613535
84.26714433458278,9.761375563445533
84.27501535497645,433.5621544573763
84.28288637537011,93.16806102756748
84.29075739576378,332.11352456594307
84.29862841615744,51.75694898520675
84.3064994365511,122.44261736231199
84.31437045694477,48.05192819496826
84.32224147733844,88.46209765949679
84.3301124977321,206.98651599911116
84.33798351812577,46.6671862070824
84.34585453851943,204.16034677752953
84.3537255589131,4.395153978040085
84.36159657930676,283.6019294971621
84.36946759970043,152.318619169629
84.3773386200941,218.83180896380134
84.38520964048776,203.97100242195046
84.39308066088142,121.23071085562965
84.40095168127509,156.25360444744433
84.40882270166875,150.43640420825318
84.41669372206242,15.490636195773812
84.42456474245608,24.335192925188633
84.43243576284975,204.8609662696095
84.44030678324341,46.79602009608501
84.44817780363708,145.62147710572776
84.45604882403074,139.27141534160518
84.46391984442441,102.00171585217146
84.47179086481808,38.387401101226764
84.47966188521174,7.261563135170744
84.4875329056054,8.538914328500203
84.49540392599907,190.5141150182621
84.50327494639274,8.43075268589816
84.5111459667864,127.82271484334557
84.51901698718007,77.86285142200369
84.52688800757373,71.79063172988344
84.5347590279674,13.384478810235995
84.54263004836106,692.9764476897253
84.55050106875473,33.13538865767618
84.55837208914839,6.606194389636967
84.56624310954206,92.28051246944547
84.57411412993574,152.52993894465024
84.5819851503294,63.94027345283321
84.58985617072307,4.1229495423103275
84.59772719111673,85.65268461139925
84.6055982115104,84.74090578171219
84.61346923190406,87.0615980069789
84.62134025229773,99.14528031191902
84.62921127269139,69.24232745706013
84.63708229308506,231.51050882426864
84.64495331347872,4.73443723909177
84.65282433387239,58.323044321389986
84.66069535426605,27.99118565296182
84.66856637465972,163.1453634455635
84.67643739505338,160.93014686678865
84.68430841544705,85.49483489852084
84.69217943584071,147.50085410391046
84.70005045623438,265.800092325594
84.70792147662804,158.98001599017772
84.71579249702171,180.06426954615955
84.72366351741537,225.6060415366537
84.73153453780904,6.108372839948145
84.7394055582027,46.39828879967039
84.74727657859637,247.88369328437935
84.75514759899004,631.5238100583384
84.7630186193837,394.43341352708717
84.77088963977737,4.213859068236355
84.77876066017103,391.5708835672307
84.7866316805647,82.56199284823592
84.79450270095836,85.44543142133898
84.80237372135203,310.1963299945392
84.81024474174569,51.524805964131694
84.81811576213936,11.113719444605676
84.82598678253302,32.77714442234597
84.83385780292669,66.14915208106635
84.84172882332035,243.3685601853388
84.84959984371402,19.21087700834163
84.85747086410768,90.69409653397203
84.86534188450135,117.75301896397227
84.87321290489501,211.57845328386182
84.88108392528868,111.9157592782177
84.88895494568234,122.55356865216491
84.89682596607601,53.82353490127714
84.90469698646967,368.7985805752384
84.91256800686335,213.30193873096863
84.92043902725702,90.17218039057433
84.92831004765068,31.215491757639274
84.93618106804435,108.43191907982431
84.94405208843801,229.22322625108265
84.95192310883168,412.47912891452785
84.95979412922534,70.14722442091217
84.96766514961901,51.10387097342722
84.97553617001267,8.368629296981421
84.98340719040634,113.14368008736179
84.9912782108,23.803586564954475
84.99914923119367,283.6527161631517
85.00702025158733,11.37185046834794
85.014891271981,2.341970943247396
85.02276229237467,184.06313867408164
85.03063331276833,23.098962583992332
85.038504333162,142.56412695587863
85.04637535355566,138.81843477432767
85.05424637394933,22.810135802480406
85.06211739434299,131.3555303045637
85.06998841473666,156.07617729821513
85.07785943513032,126.14866002341677
85.08573045552399,275.11530139505936
85.09360147591765,333.86123135552856
85.10147249631132,49.72951766545288
85.10934351670498,45.90138502330982
85.11721453709865,345.50566077286913
85.12508555749231,142.5892161851649
85.13295657788598,66.65753678965434
85.14082759827964,511.2286127576947
85.14869861867331,258.67961503338745
85.15656963906697,403.77286903564766
85.16444065946064,301.19631515639975
85.1723116798543,59.10012252788681
85.18018270024797,257.41550831978464
85.18805372064163,1.1692358030882273
85.1959247410353,179.6666534655482
85.20379576142896,109.98308531518502
85.21166678182263,232.55517635190526
85.2195378022163,552.7020234883245
85.22740882260996,558.4860009898067
85.23527984300362,40.31674923534462
85.24315086339729,30.68132816377236
85.25102188379097,316.4730238109063
85.25889290418463,72.66005193770665
85.2667639245783,69.75465542863098
85.27463494497196,37.34916068399015
85.28250596536563,114.38248759823966
85.2903769857593,52.00554876645616
85.29824800615296,284.3328538160654
85.30611902654663,19.320048570495103
85.31399004694029,289.76690532474385
85.32186106733396,223.59554818755342
85.32973208772762,10.618453232242755
85.33760310812129,5.661388252269396
85.34547412851495,44.28829012040325
85.35334514890862,13.962929121407578
85.36121616930228,177.2341354160239
85.36908718969595,92.33693040497886
85.37695821008961,77.79643126747519
85.38482923048328,8.83713816133001
85.39270025087694,39.214303419905676
85.4005712712706,62.80219413610384
85.40844229166427,129.32296282981798
85.41631331205794,225.18543843290303
85.4241843324516,147.36058773562533
85.43205535284527,81.26889694490306
85.43992637323893,1.1687531262225133
85.4477973936326,12.101144732890827
85.45566841402626,7.893675588004597
85.46353943441993,111.76390865734047
85.4714104548136,198.36336685826998
85.47928147520726,155.24772174327336
85.48715249560092,42.422282633095534
85.49502351599459,149.42068086434566
85.50289453638825,162.9249470256776
85.51076555678192,103.51179353694877
85.51863657717558,94.90734156383674
85.52650759756925,12.501246247971864
85.53437861796291,218.2312540065822
85.54224963835658,91.83839555280804
85.55012065875025,66.03195821599803
85.55799167914391,361.0846808049849
85.56586269953758,331.6144184392844
85.57373371993124,9.838698590231173
85.5816047403249,114.35734633018188
85.58947576071859,445.414527142154
85.59734678111225,322.1411737674877
85.60521780150592,66.17219511509872
85.61308882189958,347.9336975310435
85.62095984229325,30.581174892792156
85.62883086268691,242.6352822092926
85.63670188308058,57.012627142341316
85.64457290347424,200.08548098870588
85.6524439238679,91.66715740811273
85.66031494426157,164.3997737065542
85.66818596465524,112.54011014702908
85.6760569850489,133.53326242677892
85.68392800544257,207.7700901712415
85.69179902583623,151.24973698370246
85.6996700462299,105.93252743480069
85.70754106662356,8.869926979314522
85.71541208701723,43.41415196499104
85.7232831074109,24.37155369399462
85.73115412780456,7.102750388698752
85.73902514819822,102.9597321770257
85.74689616859189,176.93367413414353
85.75476718898555,1.606139495740839
85.76263820937922,107.95757974251015
85.77050922977288,473.92924010207014
85.77838025016655,55.16672412317916
85.78625127056021,570.2880795635194
85.79412229095388,342.8857972730363
85.80199331134754,153.60072061602423
85.80986433174121,67.89400753947773
85.81773535213487,1.9865582920522262
85.82560637252854,34.765962376539335
85.8334773929222,99.5386602899818
85.84134841331587,153.25584178443722
85.84921943370954,79.60689659988095
85.8570904541032,26.95475607505966
85.86496147449687,41.91784010855765
85.87283249489053,146.76510992608195
85.8807035152842,91.19977723274519
85.88857453567786,62.653716183218336
85.89644555607153,175.58701855231135
85.90431657646519,631.8828064497586
85.91218759685886,30.202837982201313
85.92005861725252,99.92658347944683
85.9279296376462,17.134579887651146
85.93580065803987,521.9778498821677
85.94367167843353,116.87035516161312
85.9515426988272,67.07052556634778
85.95941371922086,33.42993292665867
85.96728473961453,41.256333802308056
85.97515576000819,283.82086410359085
85.98302678040186,102.68456315190807
85.99089780079552,171.19264958822797
85.99876882118919,18.078528777348968
86.00663984158285,34.58068693195888
86.01451086197652,171.5317383410651
86.02238188237018,91.43929834788788
86.03025290276385,109.95897040745993
86.03812392315751,125.912770219929
86.04599494355118,20.735046478599678
86.05386596394484,24.777318105303117
86.06173698433851,172.5085263021571
86.06960800473217,56.15365359645446
86.07747902512584,308.82535550033106
86.0853500455195,49.879373526341844
86.09322106591317,12.855153386120737
86.10109208630683,40.48224755670938
86.1089631067005,19.609087900720642
86.11683412709417,89.99417957223652
86.12470514748783,113.45211554191768
86.1325761678815,30.199327983619693
86.14044718827516,4.394562623627812
86.14831820866883,7.009965399793172
86.15618922906249,19.690397428806552
86.16406024945616,106.50111272643639
86.17193126984982,97.28632346895165
86.17980229024349,31.601600688466892
86.18767331063715,160.8533304976689
86.19554433103082,21.242580919756534
86.20341535142448,50.775238700756006
86.21128637181815,8.803915547792943
86.21915739221181,20.75908650061499
86.22702841260548,109.74683740487994
86.23489943299914,240.7558731906797
86.24277045339281,163.638065587259
86.25064147378647,68.99217111303214
86.25851249418014,12.981943617804824
86.26638351457382,88.49616718491397
86.27425453496748,19.369446421774523
86.28212555536115,145.76374076716155
86.28999657575481,0.25072482024989884
86.29786759614848,384.8860183036979
86.30573861654214,8.789197292198333
86.31360963693581,60.74776905160858
86.32148065732947,15.424390927627796
86.32935167772314,236.0498940968649
86.3372226981168,42.73957322534678
86.34509371851047,63.934405957802895
86.35296473890413,199.36237216515576
86.3608357592978,124.017933341255
86.36870677969146,197.2391703986561
86.37657780008513,310.543343754998
86.3844488204788,142.22279439869533
86.39231984087246,73.72523461430174
86.40019086126613,123.25658385474497
86.40806188165979,459.30417718007277
86.41593290205346,128.74889254754348
86.42380392244712,387.44772119384925
86.43167494284079,644.858325917232
86.43954596323445,107.26157044650827
86.44741698362812,21.421505333569222
86.45528800402178,195.74113586963998
86.46315902441545,14.582149555333194
86.47103004480911,776.2446739534608
86.47890106520278,347.0355917068797
86.48677208559644,107.64964978952895
86.49464310599011,118.31112876484482
86.50251412638377,38.53060017836724
86.51038514677744,21.288251130355103
86.5182561671711,403.6424090984858
86.52612718756477,53.85213858280113
86.53399820795843,281.6826230389748
86.5418692283521,167.3658371998917
86.54974024874576,241.8338861089213
86.55761126913943,336.34978446821907
86.5654822895331,216.33350678405836
86.57335330992676,147.9558842247273
86.58122433032042,319.531734561414
86.58909535071409,37.90641587259632
86.59696637110775,187.46395405922607
86.60483739150143,53.91186919162823
86.6127084118951,54.84842758848439
86.62057943228876,23.15958659192004
86.62845045268243,148.7960017094064
86.6363214730761,79.07938773812705
86.64419249346976,13.022531870541071
86.65206351386342,142.65906543060936
86.65993453425709,160.17857592213326
86.66780555465076,44.505797561289505
86.67567657504442,62.542942016080026
86.68354759543809,48.532107621059474
86.69141861583175,243.73382078721409
86.69928963622542,206.2782415236427
86.70716065661908,19.92340721575808
86.71503167701275,26.271999965455425
86.72290269740641,227.17422292752497
86.73077371780008,47.464325586387474
86.73864473819374,191.83946150113866
86.7465157585874,17.26778057818006
86.75438677898107,49.9434966335195
86.76225779937474,36.25069478265827
86.7701288197684,38.97505193457638
86.77799984016207,60.37261450462487
86.78587086055573,4.769712551288925
86.7937418809494,68.45395144680111
86.80161290134306,52.76688796251877
86.80948392173673,43.38294211614498
86.8173549421304,539.4243780982252
86.82522596252406,32.545916146818804
86.83309698291772,2.2380688395992894
86.84096800331139,22.6484751952378
86.84883902370505,55.63189320654245
86.85671004409872,615.0297358914606
86.86458106449238,46.461699531655384
86.87245208488605,46.72885637986479
86.88032310527971,37.89485443330954
86.88819412567338,31.477048401783623
86.89606514606704,4.612429534214396
86.90393616646071,157.99822326433792
86.91180718685438,30.52291026518075
86.91967820724804,29.74789485064309
86.9275492276417,365.4491280007629
86.93542024803537,19.799756880954103
86.94329126842905,23.853147493472193
86.95116228882272,26.378754632191644
86.95903330921638,55.3710940404689
86.96690432961005,174.06084504904564
86.97477535000371,57.72619156433124
86.98264637039738,196.22697251193233
86.99051739079104,191.3430602610601
86.9983884111847,1.5823845917748138
87.00625943157837,15.653425757867762
87.01413045197204,103.725796047678
87.0220014723657,67.17905823760375
87.02987249275937,32.794476432692456
87.03774351315303,15.920321398080011
87.0456145335467,45.46205143753693
87.05348555394036,33.34162306796478
87.06135657433403,182.89947084973124
87.06922759472769,111.19166468554661
87.07709861512136,211.420756887046
87.08496963551502,14.199938580573287
87.09284065590869,214.69166243479307
87.10071167630235,6.966346091464125
87.10858269669602,27.0088687779377
87.11645371708968,97.59282551580192
87.12432473748335,102.98540442173952
87.13219575787701,1.7077026642086899
87.14006677827068,50.212873315053486
87.14793779866434,143.45228552927648
87.15580881905801,286.13590467024
87.16367983945167,69.13002092509012
87.17155085984534,101.39107830735107
87.179421880239,33.7164099467589
87.18729290063267,386.98139282586396
87.19516392102634,294.5001909243719
87.20303494142,91.61144077233595
87.21090596181367,84.16067154503462
87.21877698220733,184.04446344882484
87.226648002601,14.955413368368726
87.23451902299466,2.1051884144171753
87.24239004338833,19.527971486137936
87.25026106378199,2.709715051983603
87.25813208417566,202.6170671198913
87.26600310456932,22.918948652303857
87.27387412496299,46.37158866515212
87.28174514535667,341.33813843561785
87.28961616575033,8.30133329556314
87.297487186144,3.7648698879672837
87.30535820653766,58.749556809938994
87.31322922693133,173.75539332669302
87.32110024732499,27.391820836559187
87.32897126771866,80.29974778789911
87.33684228811232,41.95678236762122
87.34471330850599,72.32636705618899
87.35258432889965,55.5514875266348
87.36045534929332,271.1716890992014
87.36832636968698,293.1036320206338
87.37619739008065,51.83957038536967
87.38406841047431,17.757069470677916
87.39193943086798,576.3587158257452
87.39981045126164,152.0170905367082
87.40768147165531,4.157956464735421
87.41555249204897,127.24843054616647
87.42342351244264,15.111210203634718
87.4312945328363,98.3490768417988
87.43916555322997,126.52432995621106
87.44703657362363,7.9405943290479275
87.4549075940173,126.5741131395663
87.46277861441096,1.4781029755383934
87.47064963480463,77.57537730447206
87.4785206551983,138.60372259632902
87.48639167559196,145.7518063938237
87.49426269598563,78.7978053835454
87.50213371637929,3.0962778776663002
87.51000473677296,139.95730501624408
87.51787575716662,10.183087124463203
87.52574677756029,60.53292614018379
87.53361779795395,132.25485305931176
87.54148881834762,53.33952375844244
87.54935983874128,81.64393103880595
87.55723085913495,32.835446996569274
87.56510187952861,92.66270010666491
87.57297289992228,116.06662321361802
87.58084392031594,285.9186214016359
87.58871494070961,139.2903220136587
87.59658596110327,48.468707638107354
87.60445698149694,89.09321135094444
87.61232800189062,42.77195686247862
87.62019902228428,6.517546336266818
87.62807004267795,430.32063628991096
87.63594106307161,327.2502451977874
87.64381208346528,57.19194579406692
87.65168310385894,46.33246543717895
87.65955412425261,84.16680055245837
87.66742514464627,145.88710872803244
87.67529616503994,25.26476196164019
87.6831671854336,82.18098734219092
87.69103820582727,138.79996737153775
87.69890922622093,222.78266841551994
87.7067802466146,21.56225684717362
87.71465126700826,23.305345854096633
87.72252228740193,216.7671717158012
87.7303933077956,7.182857249285808
87.73826432818926,43.276048488876086
87.74613534858292,18.069284679107597
87.75400636897659,69.92205193114037
87.76187738937026,85.2757040923621
87.76974840976392,234.36478552936092
87.77761943015759,115.96500593354614
87.78549045055125,11.221750283928465
87.79336147094492,164.6180027720419
87.80123249133858,241.4274895034884
87.80910351173225,103.86447619564261
87.81697453212591,479.9748545169417
87.82484555251958,84.55000517538963
87.83271657291324,92.6344815282502
87.8405875933069,104.86143558083087
87.84845861370057,69.70207508945263
87.85632963409424,30.237443528779682
87.8642006544879,3.2474766632523324
87.87207167488157,75.61424558598954
87.87994269527523,101.23009587477176
87.8878137156689,28.311766605635846
87.89568473606256,10.92676133432875
87.90355575645623,34.898855470322786
87.9114267768499,211.45566015728483
87.91929779724356,1.5610068141034255
87.92716881763722,335.76004129428287
87.93503983803089,59.03557260547671
87.94291085842455,108.16734694550932
87.95078187881823,304.8091679045211
87.9586528992119,68.1643564120042
87.96652391960556,23.528177230109957
87.97439493999923,21.70974733671355
87.9822659603929,120.34888727353355
87.99013698078656,98.48815054773156
87.99800800118022,40.60781031155572
88.00587902157389,242.0470888406139
88.01375004196755,19.40787200411405
88.02162106236122,316.71192169590154
88.02949208275489,47.287776618357185
88.03736310314855,41.11957027786488
88.04523412354222,114.74867921801793
88.05310514393588,38.890018980466074
88.06097616432955,31.20598700893537
88.06884718472321,34.95351497827617
88.07671820511688,330.2128601361838
88.08458922551054,147.14376256776458
88.0924602459042,59.47500760393783
88.10033126629787,135.1049220744534
88.10820228669154,141.1013926929332
88.1160733070852,6.004600265794539
88.12394432747887,11.728719395368277
88.13181534787253,156.21190652983262
88.1396863682662,292.7448437489741
88.14755738865986,101.29131944661596
88.15542840905353,43.07395709205007
88.16329942944719,39.3358121974502
88.17117044984086,8.250671338864056
88.17904147023452,12.286030101369597
88.18691249062819,7.1649865749257575
88.19478351102185,95.6278039793885
88.20265453141552,6.302307700825992
88.21052555180918,21.94416917407776
88.21839657220285,112.61416558770152
88.22626759259651,109.3565436398757
88.23413861299018,22.66206547285406
88.24200963338384,51.28617567948563
88.24988065377751,33.64204462555127
88.25775167417117,8.05368403156238
88.26562269456484,95.50095118953294
88.2734937149585,8.589281286955906
88.28136473535217,122.24271348902538
88.28923575574585,44.433512551102254
88.29710677613951,467.644914836861
88.30497779653318,13.311487905483517
88.31284881692685,39.93751931341197
88.32071983732051,5.682030328671733
88.32859085771418,33.25209782949776
88.33646187810784,4.353495745810866
88.3443328985015,21.52829546528649
88.35220391889517,25.31850156327615
88.36007493928884,46.96894912353888
88.3679459596825,92.58230213080897
88.37581698007617,81.07890987357906
88.38368800046983,93.15910151035366
88.3915590208635,82.44862610213241
88.39943004125716,89.50654487037937
88.40730106165083,97.86407985165145
88.41517208204449,10.533848543318308
88.42304310243816,279.50713922893567
88.43091412283182,28.62702587724545
88.43878514322549,25.989762311277474
88.44665616361915,239.51928516397248
88.45452718401282,18.91928609922913
88.46239820440648,329.32174483193
88.47026922480015,627.5678636284558
88.47814024519381,79.1706796858979
88.48601126558748,164.9801850666749
88.49388228598114,924.2516830505913
88.50175330637481,126.41582330713415
88.50962432676847,250.77268155984999
88.51749534716214,306.2597585511746
88.5253663675558,220.75037483612934
88.53323738794947,260.5421071822918
88.54110840834313,169.78394078116216
88.5489794287368,32.79038724443054
88.55685044913047,245.82729946629746
88.56472146952413,15.698110237180417
88.5725924899178,15.362953836035684
88.58046351031146,144.01818701008042
88.58833453070513,17.557181608077535
88.59620555109879,432.43798445398795
88.60407657149246,124.8363214800785
88.61194759188612,762.4268150326016
88.61981861227979,53.47326706223827
88.62768963267347,351.78202128225973
88.63556065306713,214.04584608645033
88.6434316734608,28.55557595229062
88.65130269385446,168.05490310218036
88.65917371424813,74.23576289690864
88.66704473464179,22.98656538740769
88.67491575503546,338.84389875350735
88.68278677542912,14.307109385402885
88.69065779582279,12.715665266335371
88.69852881621645,117.46973123394349
88.70639983661012,152.34917615716512
88.71427085700378,10.97572972709449
88.72214187739745,10.431015771162063
88.73001289779111,80.15467967149542
88.73788391818478,45.58308847219394
88.74575493857844,0.27655628870790394
88.75362595897211,92.84715807483839
88.76149697936577,100.68424716522797
88.76936799975944,114.56730482285111
88.7772390201531,25.80060130807426
88.78511004054677,289.09790415424027
88.79298106094043,232.44340204324317
88.8008520813341,216.967956233691
88.80872310172776,524.6489566705465
88.81659412212143,74.00966160048117
88.8244651425151,33.98269111596017
88.83233616290876,351.3790052024904
88.84020718330243,77.15770814872104
88.84807820369609,227.55347214312826
88.85594922408976,38.096593671830476
88.86382024448342,83.76292715868082
88.87169126487709,234.99097566487166
88.87956228527075,381.1254655845173
88.88743330566442,234.35046510310096
88.89530432605808,205.79918183862313
88.90317534645175,13.009844095813401
88.91104636684541,254.79820782127828
88.91891738723908,238.09744655401337
88.92678840763274,27.561250183074637
88.93465942802641,249.93187641590498
88.94253044842007,110.63612432038606
88.95040146881374,17.3212982592753
88.9582724892074,9.39334287296119
88.96614350960108,89.07241137498885
88.97401452999475,33.673956978796234
88.98188555038841,4.344778540432985
88.98975657078208,296.1010417959758
88.99762759117574,18.488104450873358
89.00549861156941,56.67490320931441
89.01336963196307,116.68046570957115
89.02124065235674,19.740264703765643
89.0291116727504,49.6089249541407
89.03698269314407,88.15266910432958
89.04485371353773,5.109561094343898
89.0527247339314,6.61835540003171
89.06059575432506,68.66447600512173
89.06846677471873,17.239126755001042
89.0763377951124,0.1859050297276863
89.08420881550606,42.96658793752907
89.09207983589972,72.69248266594934
89.09995085629339,56.39267432185715
89.10782187668705,0.4813656081622326
89.11569289708072,22.711130313258618
89.12356391747439,63.38164977107789
89.13143493786805,314.24385883529413
89.13930595826172,18.33749489971735
89.14717697865538,279.9960209160229
89.15504799904905,405.2222766673071
89.16291901944271,84.9379779280319
89.17079003983638,254.0773273924693
89.17866106023004,18.57833559749988
89.1865320806237,119.35027646497939
89.19440310101737,110.4848345878411
89.20227412141104,28.96548448225864
89.2101451418047,77.51301949853155
89.21801616219837,190.2627171473401
89.22588718259203,20.083461770474532
89.2337582029857,96.60207360993275
89.24162922337936,55.99403901615771
89.24950024377303,677.2163406637712
89.2573712641667,58.42114688977442
89.26524228456036,13.912820317357403
89.27311330495402,0.961803511619273
89.28098432534769,4.132028310367393
89.28885534574135,528.9149499335157
89.29672636613502,409.7330456694061
89.3045973865287,834.807255755238
89.31246840692236,188.29596814324557
89.32033942731603,7.227902518855912
89.3282104477097,446.0953582275232
89.33608146810336,267.5274651497923
89.34395248849702,296.789390908756
89.35182350889069,376.427797326025
89.35969452928435,89.26370081738375
89.36756554967802,41.33791857732123
89.37543657007168,248.40429692654942
89.38330759046535,146.18276695807128
89.39117861085901,21.077375551439328
89.39904963125268,9.360888659732947
89.40692065164635,247.77810699712842
89.41479167204001,30.308113540020962
89.42266269243368,105.24219957690379
89.43053371282734,24.217884446545938
89.438404733221,322.616029323072
89.44627575361467,188.7986577656765
89.45414677400834,177.2816220904156
89.462017794402,103.26901590205061
89.46988881479567,205.07659936034565
89.47775983518933,4.696061146960594
89.485630855583,19.753442016659882
89.49350187597666,343.8355614612958
89.50137289637033,67.80078889994364
89.50924391676399,65.38039776068773
89.51711493715766,4.367410930687807
89.52498595755132,33.070479573112905
89.53285697794499,13.729851396013297
89.54072799833865,46.87439379295946
89.54859901873232,38.745795947884204
89.55647003912598,5.296993181207112
89.56434105951965,61.14942563042992
89.57221207991331,50.44308596283624
89.58008310030698,56.35219803575101
89.58795412070064,593.3063442105794
89.59582514109431,230.9800632720437
89.60369616148797,257.5611979910744
89.61156718188164,111.2329616487555
89.6194382022753,329.99721884807246
89.62730922266897,111.7370058380494
89.63518024306263,33.69048715107994
89.64305126345631,109.8599670808802
89.65092228384998,75.81672543238415
89.65879330424364,6.113697112497275
89.66666432463731,46.344297056612895
89.67453534503098,19.602749224122586
89.68240636542464,215.71677488612335
89.6902773858183,100.5496241234924
89.69814840621197,10.42392892755752
89.70601942660564,75.5574747978457
89.7138904469993,5.011946604782648
89.72176146739297,27.214106671937902
89.72963248778663,8.643470780436434
89.7375035081803,1.8559738225701705
89.74537452857396,13.375599455003565
89.75324554896763,6.354310736232786
89.76111656936129,99.81573219744
89.76898758975496,24.530286933838887
89.77685861014862,118.78222459118874
89.78472963054229,44.58235590319775
89.79260065093595,654.7739032878211
89.80047167132962,15.507715722212577
89.80834269172328,16.619069387672393
89.81621371211695,88.36689297390004
89.82408473251061,275.4491860457566
89.83195575290428,199.7984693288205
89.83982677329794,70.396523142704
89.84769779369161,162.0673548601938
89.85556881408527,137.9144455019374
89.86343983447894,147.3418588234875
89.8713108548726,424.3821269749079
89.87918187526627,65.89220534031887
89.88705289565993,308.6628778374506
89.8949239160536,11.700415880547924
89.90279493644726,191.1004599222778
89.91066595684093,611.7738788055359
89.9185369772346,10.525310692865576
89.92640799762826,61.008863331836295
89.93427901802193,333.8599379202829
89.94215003841559,75.71806750173577
89.95002105880926,102.68570909391714
89.95789207920292,252.65661405966125
89.96576309959659,160.963310363532
89.97363411999025,696.1732392871927
89.98150514038393,308.2130988281609
89.9893761607776,141.4837519539907
89.99724718117126,89.62668925912698
90.00511820156493,581.1180153943877
90.01298922195859,648.1645277343407
90.02086024235226,239.12329731102423
90.02873126274592,56.51859545209399
90.03660228313959,55.02248179187159
90.04447330353325,201.4943841879516
90.05234432392692,17.850419306865973
90.06021534432058,3.2283968771018663
90.06808636471425,20.9873977584623
90.07595738510791,100.35938071194616
90.08382840550158,73.30763851984406
90.09169942589524,121.19798373391116
90.09957044628891,172.3989259527771
90.10744146668257,143.53089609639383
90.11531248707624,28.42035554130399
90.1231835074699,9.364984348853612
90.13105452786357,21.627871141694165
90.13892554825723,38.172981834252674
90.1467965686509,36.440796944681345
90.15466758904456,3.4896642257006594
90.16253860943823,200.99237268704323
90.1704096298319,124.78540579456462
90.17828065022556,254.04515611304546
90.18615167061922,207.7256466721609
90.19402269101289,135.49234273488113
90.20189371140656,57.02991129169875
90.20976473180022,291.2841452289835
90.21763575219389,23.954625867662276
90.22550677258755,55.42629125147902
90.23337779298122,85.11343482933798
90.24124881337488,24.649174566597985
90.24911983376855,50.98853700173941
90.25699085416221,11.690990016830565
90.26486187455588,76.0733382472162
90.27273289494954,174.0041662552981
90.2806039153432,245.65920270518313
90.28847493573687,95.58787720471895
90.29634595613054,131.99062241797438
90.3042169765242,156.4566840775108
90.31208799691787,50.683530490680226
90.31995901731155,15.243809062030646
90.32783003770521,15.780320374762697
90.33570105809888,59.07242624171027
90.34357207849254,34.399834642421
90.35144309888621,24.27324314597825
90.35931411927987,40.12465289853784
90.36718513967354,67.72354318797933
90.3750561600672,36.89609644078297
90.38292718046087,8.400791264000022
90.39079820085453,21.19018065937923
90.3986692212482,32.178036633147094
90.40654024164186,11.65325917504487
90.41441126203553,330.6128622410625
90.4222822824292,282.1184045402867
90.43015330282286,417.493059457348
90.43802432321652,144.14332918450654
90.44589534361019,420.52513154532846
90.45376636400385,232.10082168423537
90.46163738439752,66.24606159705088
90.46950840479118,35.116917964079974
90.47737942518485,171.71648838696342
90.48525044557852,95.09574323511163
90.49312146597218,149.21906696069422
90.50099248636585,132.68554851619007
90.50886350675951,436.91903687291494
90.51673452715318,79.81675495493873
90.52460554754684,435.2386427248654
90.5324765679405,20.426525903722947
90.54034758833417,99.37046567887236
90.54821860872784,24.061690158727107
90.5560896291215,180.05224018109456
90.56396064951517,179.46501147439258
90.57183166990883,272.0629733787939
90.5797026903025,28.471533142773612
90.58757371069616,183.32428574223215
90.59544473108983,127.49252929883332
90.60331575148349,56.17915421925666
90.61118677187716,63.35055545808276
90.61905779227082,65.25011785839763
90.62692881266449,474.18988777565573
90.63479983305815,478.89946688081056
90.64267085345182,81.83036731168748
90.6505418738455,101.08825436664507
90.65841289423916,69.27326030995874
90.66628391463283,344.60241403763763
90.6741549350265,120.72519325220347
90.68202595542016,29.887048785273137
90.68989697581382,339.5096793772736
90.69776799620749,51.49500069844221
90.70563901660115,286.6470884372448
90.71351003699482,244.15612541539525
90.72138105738848,196.71079011082347
90.72925207778215,310.15228371757627
90.73712309817581,11.756412348828254
90.74499411856948,346.14702181476633
90.75286513896314,505.889313843644
90.76073615935681,16.944502544810767
90.76860717975048,240.6721396636307
90.77647820014414,123.10286651803943
90.7843492205378,49.60393892431863
90.79222024093147,23.646936664864402
90.80009126132514,12.554145020360608
90.8079622817188,10.064692679138844
90.81583330211247,47.602371793063895
90.82370432250613,54.38265611723138
90.8315753428998,273.72213347128945
90.83944636329346,287.5225234308235
90.84731738368713,2.109736819815387
90.85518840408079,11.516129801377772
90.86305942447446,38.78651898912317
90.87093044486812,149.6077076208384
90.87880146526179,70.12538740726566
90.88667248565545,187.51427901553683
90.89454350604912,26.88280625020303
90.90241452644278,27.85942950366211
90.91028554683645,10.508050228287233
90.91815656723011,24.839867249898752
90.92602758762378,25.80812824914145
90.93389860801744,527.0112183120458
90.94176962841111,183.22738593945812
90.94964064880477,316.80474699253665
90.95751166919844,82.01815936605095
90.9653826895921,238.01659285166465
90.97325370998577,24.61025271670988
90.98112473037943,177.37699884127906
90.98899575077311,81.78530748293859
90.99686677116678,16.354524891091824
91.00473779156044,42.583437556477044
91.01260881195411,61.16460601270476
91.02047983234777,236.43924483118707
91.02835085274144,12.430095405762772
91.0362218731351,139.05649678322163
91.04409289352877,140.89452259778236
91.05196391392244,168.93807341466362
91.0598349343161,1.0389877552063036
91.06770595470977,40.82814870826037
91.07557697510343,4.798276840897535
91.0834479954971,77.48915177995008
91.09131901589076,117.13677040380013
91.09919003628443,445.8564086475264
91.10706105667809,249.57846974622316
91.11493207707176,13.823308505206448
91.12280309746542,11.088884528061405
91.13067411785909,158.41156499810157
91.13854513825275,399.8100906790207
91.14641615864642,110.66849608891818
91.15428717904008,64.25340107642234
91.16215819943375,26.388704261432856
91.17002921982741,19.561102607148857
91.17790024022108,19.44882650782499
91.18577126061474,108.32976311862399
91.19364228100841,186.04734674418103
91.20151330140207,29.564979505670287
91.20938432179574,4.38897679483913
91.2172553421894,225.8718795781334
91.22512636258307,3.236768412123571
91.23299738297673,19.65257906940934
91.2408684033704,15.639448352361569
91.24873942376406,265.53058585334384
91.25661044415773,0.4187781861632404
91.2644814645514,3.2978003803349174
91.27235248494506,26.548003563142817
91.28022350533872,2.0622938733958667
91.28809452573239,6.278788494440375
91.29596554612606,1.1637864772861422
91.30383656651972,6.857930945957122
91.31170758691339,27.210282358205234
91.31957860730705,225.0246894773951
91.32744962770073,8.931177214761332
91.3353206480944,17.792807131833104
91.34319166848806,99.01042832337711
91.35106268888173,152.23353726165905
91.35893370927539,41.671699668172266
91.36680472966906,105.56007930357354
91.37467575006272,99.3445651447894
91.38254677045639,41.39079937701216
91.39041779085005,704.6393920068498
91.39828881124372,35.121151255233094
91.40615983163738,7.0778905681835536
91.41403085203105,16.95295994243768
91.42190187242471,89.09287681128319
91.42977289281838,112.44704595264307
91.43764391321204,34.75238926014679
91.44551493360571,332.5674212255675
91.45338595399937,236.05709167175218
91.46125697439304,8.590970714024028
91.4691279947867,474.27248291439366
91.47699901518037,298.20122840764327
91.48487003557403,90.61699913846765
91.4927410559677,95.67113496785817
91.50061207636136,62.79880403569431
91.50848309675503,0.9449216102420681
91.5163541171487,36.50575916779048
91.52422513754236,14.102462283678932
91.53209615793602,12.16155105691958
91.53996717832969,8.983505779178879
91.54783819872335,18.767888208807182
91.55570921911702,436.6434254317611
91.56358023951069,3.9062290591494877
91.57145125990435,217.34328870569414
91.57932228029802,11.137016572151579
91.58719330069168,9.036213829613716
91.59506432108535,5.78121963151783
91.60293534147901,206.14594114699045
91.61080636187268,421.4408754236147
91.61867738226634,126.61727730341097
91.62654840266,101.15513608060697
91.63441942305367,10.342378167287656
91.64229044344734,9.324763641989945
91.650161463841,32.772153599500804
91.65803248423467,43.61434207205622
91.66590350462835,11.910274083679715
91.67377452502201,164.27353420492872
91.68164554541568,12.597012759406228
91.68951656580934,10.545385138222915
91.697387586203,43.890028417021995
91.70525860659667,3.7411736528998754
91.71312962699034,269.97572256208315
91.721000647384,212.73274598706323
91.72887166777767,120.51087099660374
91.73674268817133,166.32652554467688
91.744613708565,0.13591863811785046
91.75248472895866,5.228500489379375
91.76035574935233,364.5350678844604
91.768226769746,32.076235434193634
91.77609779013966,166.30421617169776
91.78396881053332,139.1633511491254
91.79183983092699,239.53758620693657
91.79971085132065,109.92543511287374
91.80758187171432,106.81316324530012
91.81545289210798,215.96389640088705
91.82332391250165,782.9713044918872
91.83119493289531,59.791469359781345
91.83906595328898,266.05377203576757
91.84693697368265,27.49794326271475
91.85480799407631,121.32283841966796
91.86267901446998,5.625483138827432
91.87055003486364,48.12035188454766
91.8784210552573,183.57181416352506
91.88629207565097,228.60771409804565
91.89416309604464,51.95323270533176
91.9020341164383,59.758072012463934
91.90990513683197,88.25116989895275
91.91777615722563,40.55714180643866
91.9256471776193,146.92503154701336
91.93351819801296,19.872877098156113
91.94138921840663,83.72246834778858
91.94926023880029,97.5955211491696
91.95713125919396,55.488271831050234
91.96500227958762,55.32473449975107
91.97287329998129,16.734645241227216
91.98074432037495,27.335622023403236
91.98861534076862,103.18929082900779
91.99648636116228,430.1214723624446
92.00435738155596,42.07546805866787
92.01222840194963,150.2916822723139
92.02009942234329,223.432619310006
92.02797044273696,500.66216288979155
92.03584146313062,46.987142574268624
92.04371248352429,24.93537762834889
92.05158350391795,175.16632761281497
92.05945452431162,204.56272333244755
92.06732554470528,106.47487800294616
92.07519656509895,316.6401422179103
92.08306758549261,279.19253359376864
92.09093860588628,437.3070023001884
92.09880962627994,54.20164725627459
92.10668064667361,64.07552925383204
92.11455166706727,18.855268772691307
92.12242268746094,85.22340191304376
92.1302937078546,33.29905401203019
92.13816472824827,81.41918009144506
92.14603574864194,151.02377399595957
92.1539067690356,359.1189425169575
92.16177778942927,39.285028152555086
92.16964880982293,2.2777460652645285
92.1775198302166,57.63567845599147
92.18539085061026,4.748630457381524
92.19326187100393,13.901669786073267
92.20113289139759,24.307787233416597
92.20900391179126,58.08101955332687
92.21687493218492,405.9980729152134
92.22474595257859,38.13124014848121
92.23261697297225,181.96083679910254
92.24048799336592,71.7195313629062
92.24835901375958,7.787486388617099
92.25623003415325,15.79500878736442
92.26410105454691,81.8580676415841
92.27197207494058,331.28669774602287
92.27984309533424,116.92620174827938
92.28771411572791,85.4044117043827
92.29558513612157,1.1584666062539708
92.30345615651524,102.88408101673032
92.3113271769089,6.938854041391531
92.31919819730257,8.706511025342344
92.32706921769623,65.43459894329114
92.3349402380899,50.05879815986898
92.34281125848358,9.439421123118143
92.35068227887724,31.578549639013858
92.35855329927091,27.51318527068895
92.36642431966457,66.69028690605936
92.37429534005824,64.92011997415001
92.3821663604519,24.404635256630396
92.39003738084557,17.253485120189286
92.39790840123923,18.873948561307085
92.4057794216329,9.715541425424027
92.41365044202657,59.359127485251854
92.42152146242023,48.84806284412839
92.4293924828139,4.5979026681169985
92.43726350320756,32.149063981117095
92.44513452360123,0.07366358943819346
92.45300554399489,32.05244934093997
92.46087656438856,67.05699189804245
92.46874758478222,34.537699881530074
92.47661860517589,157.33950650515698
92.48448962556955,9.522430039060456
92.49236064596322,22.827073824899653
92.50023166635688,150.5562285059398
92.50810268675055,62.461314986277955
92.51597370714421,87.24799413275844
92.52384472753788,119.32326384431913
92.53171574793154,11.165013951034783
92.53958676832521,53.58764290372033
92.54745778871887,78.37232683481254
92.55532880911254,191.70454849618574
92.5631998295062,71.86917369943285
92.57107084989987,28.77641321124032
92.57894187029353,40.35814819244604
92.5868128906872,21.664253795436117
92.59468391108086,7.8585726428880625
92.60255493147453,77.08799360968368
92.6104259518682,129.4261672703317
92.61829697226186,22.383406082295718
92.62616799265552,183.4755362072783
92.63403901304919,437.17125139406517
92.64191003344285,142.22726309025873
92.64978105383652,15.375374738221419
92.65765207423019,14.841109966717422
92.66552309462385,41.195867764074514
92.67339411501752,51.25260762805871
92.6812651354112,128.1543262383551
92.68913615580486,34.57932912635401
92.69700717619853,16.2069775414367
92.70487819659219,2.1858193722269927
92.71274921698586,4.342793076981272
92.72062023737952,11.327968114507183
92.72849125777319,30.122098077168335
92.73636227816685,13.039119310116135
92.74423329856052,22.278172489675452
92.75210431895418,22.99312944932801
92.75997533934785,165.06485436050895
92.76784635974151,49.89112291461866
92.77571738013518,21.290426540045015
92.78358840052884,14.344727938881608
92.79145942092251,55.66716855667493
92.79933044131617,360.4256243016644
92.80720146170984,157.05085114119083
92.8150724821035,94.9097446131676
92.82294350249717,28.580253697033744
92.83081452289083,463.7210528827639
92.8386855432845,5.045967927244724
92.84655656367816,50.22211036260306
92.85442758407183,157.387806999758
92.8622986044655,2.469392278445664
92.87016962485916,93.09491351306885
92.87804064525282,13.039253679524284
92.88591166564649,83.04954098495011
92.89378268604015,58.89092467291729
92.90165370643382,20.121492223446634
92.90952472682748,1.5793271153284127
92.91739574722115,14.057292898706255
92.92526676761481,57.12625641989534
92.93313778800848,91.44023135217682
92.94100880840215,125.75932228945348
92.94887982879581,45.49861734431528
92.95675084918948,136.70100738103932
92.96462186958314,59.27858884252785
92.9724928899768,0.028303598722577317
92.98036391037047,23.128864319298867
92.98823493076414,87.57258197428342
92.9961059511578,79.37946274394955
93.00397697155147,191.5808793162659
93.01184799194513,48.57266754858713
93.01971901233881,187.37553755093097
93.02759003273248,106.22221568590935
93.03546105312614,33.40409840722396
93.0433320735198,2.287350588305744
93.05120309391347,19.223232616315407
93.05907411430714,15.85689647158928
93.0669451347008,5.565282057680446
93.07481615509447,87.45849006014798
93.08268717548813,251.1324809621566
93.0905581958818,43.934538780774545
93.09842921627546,488.49388685389533
93.10630023666913,26.398199711012243
93.1141712570628,84.78883921303515
93.12204227745646,14.600771023791138
93.12991329785012,166.94312083189627
93.13778431824379,91.032946732686
93.14565533863745,0.28277349396818563
93.15352635903112,38.34531439526856
93.16139737942478,2.810888086292772
93.16926839981845,71.78788920193848
93.17713942021211,263.51280800097163
93.18501044060578,59.46017557742352
93.19288146099944,81.61511087142287
93.20075248139311,16.592436543774085
93.20862350178678,108.37302236190166
93.21649452218044,122.45400961778158
93.2243655425741,94.16566033602041
93.23223656296777,147.49329826728686
93.24010758336144,156.06390626442814
93.2479786037551,4.929534889285828
93.25584962414877,213.27424824840782
93.26372064454243,58.256230209271735
93.2715916649361,45.427472583860926
93.27946268532976,48.501837244496045
93.28733370572343,7.395067905891069
93.29520472611709,136.75857074461814
93.30307574651076,72.14570163688941
93.31094676690442,130.65837696174407
93.31881778729809,336.2256881984467
93.32668880769175,195.1407372246696
93.33455982808542,86.57492772128404
93.34243084847908,246.60374944986273
93.35030186887275,26.855920678248943
93.35817288926643,137.4465051386682
93.36604390966009,109.70723976911347
93.37391493005376,64.70390858083859
93.38178595044742,64.67050629310282
93.38965697084109,44.511566963792255
93.39752799123475,131.83302937542427
93.40539901162842,422.28393688572936
93.41327003202208,0.4800906628605824
93.42114105241575,17.12231461765752
93.42901207280941,3.525049489129775
93.43688309320308,474.28473145149457
93.44475411359674,128.82578708792178
93.45262513399041,82.78689801424595
93.46049615438407,105.37547407171006
93.46836717477774,131.70780704381238
93.4762381951714,43.72717947278452
93.48410921556507,88.66567228139543
93.49198023595874,115.11309519310629
93.4998512563524,251.30518389986406
93.50772227674607,18.356059215705827
93.51559329713973,17.13243971590626
93.5234643175334,32.91698289490824
93.53133533792706,25.710333430104136
93.53920635832073,11.107299129770656
93.54707737871439,33.66540943420525
93.55494839910806,117.25310558872134
93.56281941950172,93.54388406418899
93.57069043989539,70.08683588658147
93.57856146028905,174.4110700308975
93.58643248068272,254.03503059296
93.59430350107638,88.03942087438128
93.60217452147005,50.902221563027695
93.61004554186371,210.59296726234146
93.61791656225738,73.92942411474009
93.62578758265104,15.501985752006375
93.63365860304471,190.48614854341753
93.64152962343837,6.978976258117265
93.64940064383204,77.62717342129103
93.6572716642257,206.00557187370705
93.66514268461937,307.967374609819
93.67301370501303,42.513156011323595
93.6808847254067,148.45885554268904
93.68875574580038,13.36726337670561
93.69662676619404,39.010698281237254
93.70449778658771,0.4127787095643109
93.71236880698137,2.7751914845283667
93.72023982737504,77.05461380648653
93.7281108477687,14.714337421129285
93.73598186816237,80.67083872144764
93.74385288855603,76.36951199434893
93.7517239089497,176.2382515077144
93.75959492934336,51.45406773853858
93.76746594973703,23.211704198646114
93.7753369701307,41.878990801316185
93.78320799052436,55.100797518905374
93.79107901091803,85.2263934306727
93.79895003131169,18.795624123017717
93.80682105170536,88.68527931559855
93.81469207209902,33.76428070154271
93.82256309249269,236.65939886077504
93.83043411288635,87.76885029816779
93.83830513328002,81.91469647932682
93.84617615367368,281.8205379275578
93.85404717406735,36.746752519465076
93.86191819446101,8.540976226055133
93.86978921485468,94.48314078272874
93.87766023524834,71.34437258339486
93.88553125564201,65.38628774782553
93.89340227603567,126.66631113116033
93.90127329642934,240.16688654524816
93.909144316823,549.3655615209502
93.91701533721667,364.8075813493802
93.92488635761033,120.9945885664383
93.932757378004,38.8799981373134
93.94062839839766,187.2043167824726
93.94849941879133,7.492832067001393
93.956370439185,30.19588998926763
93.96424145957866,13.963953730705459
93.97211247997232,180.9612862625072
93.97998350036599,75.61838693967691
93.98785452075965,34.17018155780919
93.99572554115332,65.38854869359383
94.00359656154698,99.16629138307343
94.01146758194065,4.971965783801842
94.01933860233432,19.456672635402022
94.027209622728,109.64619033564088
94.03508064312166,48.241279209974685
94.04295166351532,18.734074333394478
94.05082268390899,158.86586090353836
94.05869370430266,48.44900343715301
94.06656472469632,24.357785858247908
94.07443574508999,252.08131696985933
94.08230676548365,105.91994623907722
94.09017778587732,117.33002454037299
94.09804880627098,142.76791284238666
94.10591982666465,130.35821345917083
94.11379084705831,0.9235988098427086
94.12166186745198,9.579246260912287
94.12953288784564,191.77402322370847
94.1374039082393,86.15883400961158
94.14527492863297,45.47844046213832
94.15314594902664,6.164915200993537
94.1610169694203,51.220852804627604
94.16888798981397,78.55448598442909
94.17675901020763,78.11410209291807
94.1846300306013,60.643848186661174
94.19250105099496,24.897859866752615
94.20037207138863,1.199227873647105
94.2082430917823,378.6709036696262
94.21611411217596,235.47447419163848
94.22398513256962,578.0839568719022
94.23185615296329,281.17457479240454
94.23972717335695,4.615439319961132
94.24759819375062,10.228791612652541
94.25546921414428,34.52474787152024
94.26334023453795,131.14062857907993
94.27121125493161,15.864679874428525
94.27908227532528,32.028602257921385
94.28695329571894,207.0153682040304
94.29482431611261,110.08009641935588
94.30269533650628,19.606306064588445
94.31056635689994,676.7128761283653
94.3184373772936,271.9002643543512
94.32630839768727,329.3247412859543
94.33417941808094,155.8868899380417
94.3420504384746,114.67791037802802
94.34992145886827,18.985555554075365
94.35779247926193,31.201610388467284
94.36566349965561,48.19666478661271
94.37353452004928,15.640060009850215
94.38140554044294,152.04165548823107
94.3892765608366,79.80476269902447
94.39714758123027,35.21059784774803
94.40501860162394,90.1651994254451
94.4128896220176,9.997129630430281
94.42076064241127,145.37409561361906
94.42863166280493,58.45127538595957
94.4365026831986,30.784443420840613
94.44437370359226,143.48591513374149
94.45224472398593,143.40651048264382
94.46011574437959,52.83517375713151
94.46798676477326,13.963024103608872
94.47585778516692,66.1656157486967
94.48372880556059,65.33734299084031
94.49159982595425,43.014974877857156
94.49947084634792,41.487686102137914
94.50734186674158,64.58894775211952
94.51521288713525,48.94230367617066
94.52308390752891,100.24901643087198
94.53095492792258,11.150028507187336
94.53882594831624,70.44884117433335
94.54669696870991,135.00884367760779
94.55456798910357,166.2158586048388
94.56243900949724,76.99747485168997
94.5703100298909,228.43538171910834
94.57818105028457,86.49630601650668
94.58605207067824,7.186273819881659
94.5939230910719,72.63222080210042
94.60179411146557,129.70891857570314
94.60966513185923,392.1774712399063
94.6175361522529,114.52446416636022
94.62540717264656,175.69396032014194
94.63327819304023,23.760405228041826
94.64114921343389,266.77086323014373
94.64902023382756,38.876343517730646
94.65689125422122,30.928100854711662
94.66476227461489,77.54393144057529
94.67263329500855,90.9538370660161
94.68050431540222,158.53307892593116
94.68837533579588,694.3391601956
94.69624635618955,115.15608681769473
94.70411737658323,122.93867673698254
94.71198839697689,42.78454541042139
94.71985941737056,245.8710134813593
94.72773043776422,65.59547140125943
94.73560145815789,61.644397501790124
94.74347247855155,188.95267450001427
94.75134349894522,227.93215155511166
94.75921451933888,61.52864717463796
94.76708553973255,182.22495884353802
94.77495656012621,75.40366440452526
94.78282758051988,65.87698797646563
94.79069860091354,44.87514331435929
94.79856962130721,71.80213449053706
94.80644064170087,124.77968956840871
94.81431166209454,25.832163455009887
94.8221826824882,12.7764173301742
94.83005370288187,181.09890456207955
94.83792472327553,44.4810794242037
94.8457957436692,164.09395063833347
94.85366676406287,51.34334204087595
94.86153778445653,38.125207179681375
94.8694088048502,31.001912617383685
94.87727982524386,29.714883193678343
94.88515084563753,20.16393422590829
94.89302186603119,139.33055238706544
94.90089288642486,43.66244418676428
94.90876390681852,233.8594005071795
94.91663492721219,243.43089213318163
94.92450594760585,34.39560958243601
94.93237696799952,222.67129979649494
94.94024798839318,69.96818878648654
94.94811900878685,8.21055552394699
94.95599002918051,176.70815488640505
94.96386104957418,37.17437935725969
94.97173206996784,245.86549702205392
94.97960309036151,207.18640397992095
94.98747411075517,5.759398438340941
94.99534513114884,2.0692523797428257
95.0032161515425,36.387548514909504
95.01108717193617,81.3473237344514
95.01895819232983,12.736346782883016
95.0268292127235,187.49370269056362
95.03470023311716,132.11992425002697
95.04257125351084,136.08208890629612
95.05044227390451,268.76855604837493
95.05831329429817,128.55148045021994
95.06618431469184,120.57096383613845
95.0740553350855,153.8857604184446
95.08192635547917,78.19032212482075
95.08979737587283,152.13492178019445
95.0976683962665,40.60610333158622
95.10553941666016,12.48969167850309
95.11341043705383,3.0538675767131815
95.1212814574475,20.287556834238025
95.12915247784116,83.22721801728524
95.13702349823483,23.422154427588673
95.14489451862849,27.78984762881587
95.15276553902216,34.17495651084091
95.16063655941582,124.41452492435519
95.16850757980949,53.429240324605566
95.17637860020315,114.82792437965301
95.18424962059682,12.827689741775169
95.19212064099048,83.16271596605303
95.19999166138415,439.7254576750117
95.20786268177781,301.638492396846
95.21573370217148,528.0681876190754
95.22360472256514,147.8287030122789
95.2314757429588,224.94703128269177
95.23934676335247,29.610664354875112
95.24721778374614,442.47788558530965
95.2550888041398,593.9962097069586
95.26295982453347,244.94290098016785
95.27083084492713,70.08300658885877
95.2787018653208,148.79167864172098
95.28657288571446,142.2964689598604
95.29444390610813,179.9125006009313
95.3023149265018,254.9113569820413
95.31018594689546,74.72504535077577
95.31805696728912,35.22991326961527
95.32592798768279,326.1917860418843
95.33379900807645,274.9177529054796
95.34167002847012,482.6903475460435
95.34954104886378,98.38993944630884
95.35741206925745,59.997695513748184
95.36528308965111,553.1662815981275
95.37315411004478,34.5816859631642
95.38102513043846,50.968689866242265
95.38889615083212,53.1957760243333
95.39676717122579,30.318722958973154
95.40463819161945,260.74933777319234
95.41250921201312,38.816562274655645
95.42038023240679,3.4230562232759576
95.42825125280045,249.87874581106536
95.43612227319412,69.97629028005537
95.44399329358778,329.21017780446726
95.45186431398145,177.6993519788473
95.45973533437511,68.13464305363246
95.46760635476878,386.0050933766467
95.47547737516244,80.04463546581917
95.4833483955561,110.26958075877599
95.49121941594977,99.55533736168937
95.49909043634344,81.25664204554438
95.5069614567371,163.81714671169877
95.51483247713077,182.25674708819852
95.52270349752443,98.6529649824178
95.5305745179181,88.76203139408837
95.53844553831176,73.65006874192908
95.54631655870543,395.6667515096935
95.55418757909909,596.9058199852212
95.56205859949276,352.63117703660276
95.56992961988642,55.810791355708446
95.57780064028009,445.5336849781399
95.58567166067375,149.61489080660684
95.59354268106742,2.207843184446952
95.60141370146108,32.14021723486984
95.60928472185475,18.4604214951916
95.61715574224841,125.98599609800502
95.62502676264208,74.70259890043732
95.63289778303574,467.3880439248487
95.64076880342941,281.7032770114722
95.64863982382307,54.085726405344815
95.65651084421674,64.46868325919877
95.6643818646104,46.40787242836521
95.67225288500407,31.228648773709164
95.68012390539774,349.7951407684712
95.6879949257914,62.22666683310182
95.69586594618507,50.347660892029886
95.70373696657873,549.6259556070966
95.7116079869724,249.22003234948528
95.71947900736608,9.563395736229372
95.72735002775974,10.696396412606319
95.7352210481534,248.55546378484786
95.74309206854707,224.39363043181072
95.75096308894074,67.67869393249835
95.7588341093344,274.65937557337617
95.76670512972807,106.28111051447229
95.77457615012173,12.402691142224972
95.7824471705154,5.53710732580143
95.79031819090906,65.51794042589356
95.79818921130273,21.603190554518704
95.80606023169639,55.56910791569706
95.81393125209006,2.85204425181295
95.82180227248372,95.81974558827505
95.82967329287739,48.00646978871993
95.83754431327105,135.23747448077617
95.84541533366472,345.6194846426172
95.85328635405838,298.93787625740504
95.86115737445205,245.55572975805197
95.86902839484571,25.367149886296282
95.87689941523938,85.04421392303604
95.88477043563304,95.3309375452881
95.89264145602671,183.50915560084226
95.90051247642037,36.03161659662996
95.90838349681404,82.19996610356883
95.9162545172077,69.7540085002285
95.92412553760137,62.79319940749904
95.93199655799503,136.19537377314583
95.9398675783887,17.734581825150933
95.94773859878237,27.799312502314237
95.95560961917603,27.117035231501138
95.9634806395697,30.080522491588415
95.97135165996336,3.860649639723545
95.97922268035703,39.60513983162409
95.98709370075069,33.057987408234375
95.99496472114436,28.881941406470705
96.00283574153802,20.215385838726174
96.01070676193169,7.890369753377366
96.01857778232535,72.97882583143148
96.02644880271902,276.36176886365587
96.03431982311268,109.1913991784227
96.04219084350635,2.6588403353649355
96.05006186390001,339.8811719221542
96.05793288429369,113.02245777849937
96.06580390468736,110.03396492553266
96.07367492508102,70.29962342548433
96.08154594547469,188.31722903386654
96.08941696586835,22.92950333601795
96.09728798626202,961.6036475761987
96.10515900665568,134.24456733147562
96.11303002704935,811.9141220295625
96.12090104744301,268.76117491100894
96.12877206783668,153.85302498542023
96.13664308823034,0.5592946968566221
96.14451410862401,138.08049610294174
96.15238512901767,109.73753091864151
96.16025614941134,755.1027243387149
96.168127169805,292.52180800682703
96.17599819019867,145.2674398389662
96.18386921059233,163.30424630266032
96.191740230986,161.70102277175988
96.19961125137966,14.959632409000493
96.20748227177333,43.03068243394512
96.215353292167,66.090361249301
96.22322431256066,132.54495183795743
96.23109533295433,88.5063402940894
96.23896635334799,76.44227884571083
96.24683737374166,64.24150538746296
96.25470839413532,117.26815316641866
96.26257941452899,59.61130129929513
96.27045043492265,15.295975114628915
96.27832145531632,22.59704398174596
96.28619247570998,69.7996095849741
96.29406349610365,168.16858263608987
96.30193451649731,75.28796042824436
96.30980553689098,38.567089771005165
96.31767655728464,232.38209721793245
96.32554757767831,305.292218364315
96.33341859807197,315.92398904553147
96.34128961846564,5.132127556822551
96.3491606388593,141.0309589372078
96.35703165925297,56.2904963016591
96.36490267964663,26.489107466331834
96.3727737000403,72.82267958811367
96.38064472043396,72.54601415300999
96.38851574082763,14.319333903732579
96.39638676122131,46.16786614269457
96.40425778161497,25.210213750954903
96.41212880200864,207.9054826644106
96.4199998224023,111.40254941309064
96.42787084279597,103.39391820379242
96.43574186318963,355.57328071769035
96.4436128835833,59.33452410370084
96.45148390397696,11.700282101397324
96.45935492437063,39.80440659287149
96.4672259447643,143.0760445948863
96.47509696515796,9.353782767399906
96.48296798555162,56.03057702630274
96.49083900594529,61.030238996078836
96.49871002633896,391.17964147262904
96.50658104673262,76.37211468994995
96.51445206712629,70.03903345779078
96.52232308751995,24.01001532434612
96.53019410791362,33.52873546037732
96.53806512830728,32.86312536897986
96.54593614870095,118.65092076162615
96.55380716909461,11.514238991039512
96.56167818948828,18.608783614270802
96.56954920988194,376.3256274920941
96.5774202302756,494.5135943471684
96.58529125066927,123.73252911560687
96.59316227106294,166.5646667867759
96.6010332914566,6.4817003142440965
96.60890431185027,3.3710522190102026
96.61677533224393,14.25637043507241
96.6246463526376,70.07283422053543
96.63251737303126,141.61473881003883
96.64038839342493,43.00452377585793
96.6482594138186,44.37457182101379
96.65613043421226,164.05719562275434
96.66400145460592,82.85863588392449
96.67187247499959,258.1254425629576
96.67974349539325,12.967537185992832
96.68761451578692,74.8913447487806
96.69548553618058,70.97470649148646
96.70335655657425,85.71925712753475
96.71122757696791,16.66229655762137
96.71909859736158,194.68903832478233
96.72696961775524,31.94453184979339
96.73484063814892,167.09090936802784
96.74271165854259,4.659108652117968
96.75058267893625,134.19848445347088
96.75845369932992,255.3850018661213
96.76632471972358,106.67288276401214
96.77419574011725,59.80130832577799
96.78206676051092,78.02454474454795
96.78993778090458,18.39553328631787
96.79780880129825,66.85783981867401
96.80567982169191,24.490660499591378
96.81355084208558,44.4808550930487
96.82142186247924,7.053293266613365
96.8292928828729,24.26618720845047
96.83716390326657,79.053944637795
96.84503492366024,331.16182971811503
96.8529059440539,24.72153936257838
96.86077696444757,102.8248537901102
96.86864798484123,125.71135051461269
96.8765190052349,109.97928088403883
96.88439002562856,19.604448574841793
96.89226104602223,283.9425620103279
96.90013206641589,59.87424426583465
96.90800308680956,669.9184985347366
96.91587410720322,28.96339252391971
96.92374512759689,35.83732120974154
96.93161614799055,57.30693558617589
96.93948716838422,17.54089626779526
96.94735818877788,267.6698322157175
96.95522920917155,482.86877792780325
96.96310022956521,192.06210677266887
96.97097124995888,163.47647197784914
96.97884227035254,111.99266411414104
96.98671329074621,307.75250784922343
96.99458431113987,35.511737102321455
97.00245533153354,160.91127547922997
97.0103263519272,183.9457506311483
97.01819737232087,453.9585811036219
97.02606839271454,393.988020394577
97.0339394131082,221.93109305716888
97.04181043350187,65.5974846846813
97.04968145389553,146.91311445067942
97.0575524742892,218.22949549581858
97.06542349468288,0.6038345693446175
97.07329451507654,40.332470860660436
97.0811655354702,158.60306240096108
97.08903655586387,15.569695160172744
97.09690757625754,77.99729651305971
97.1047785966512,140.0777884545148
97.11264961704487,32.34553840338416
97.12052063743853,108.79982388230721
97.1283916578322,275.5406979262802
97.13626267822586,8.93776859206407
97.14413369861953,26.667599805138696
97.15200471901319,245.6311790437781
97.15987573940686,74.46908208361309
97.16774675980052,141.58472584257783
97.17561778019419,3.819382974689345
97.18348880058785,30.886833206695545
97.19135982098152,51.31314340647577
97.19923084137518,56.10498980830427
97.20710186176885,15.60772211908308
97.21497288216251,6.765451208579189
97.22284390255618,125.2381329999963
97.23071492294984,147.39615453497433
97.23858594334351,87.09858561995885
97.24645696373717,51.86152193676362
97.25432798413084,192.83923963910823
97.2621990045245,70.48746849722885
97.27007002491817,41.88782094386616
97.27794104531183,57.22044703589
97.2858120657055,91.38504806013009
97.29368308609916,26.89442706523657
97.30155410649283,508.0237038648234
97.3094251268865,71.21809173045061
97.31729614728016,407.96240422274036
97.32516716767383,279.1502155208715
97.33303818806749,981.022973657666
97.34090920846116,374.61018467204235
97.34878022885482,37.188600492644476
97.35665124924849,217.65760035870977
97.36452226964215,37.74474881585869
97.37239329003582,25.96869499323422
97.38026431042948,162.1440275960182
97.38813533082315,50.45447147486733
97.39600635121681,28.350866277274562
97.40387737161049,85.61102794762309
97.41174839200416,33.41757557958906
97.41961941239782,415.9099806394049
97.42749043279149,103.973891383327
97.43536145318515,105.94029845855408
97.44323247357882,492.12232848207185
97.45110349397248,263.70103279559777
97.45897451436615,88.1324071944052
97.46684553475981,141.14569920215433
97.47471655515348,56.06826888512227
97.48258757554714,7.46331415679962
97.49045859594081,5.946696514843155
97.49832961633447,27.18511785666079
97.50620063672814,108.25471016224408
97.5140716571218,57.41164018048573
97.52194267751547,164.944897710661
97.52981369790913,266.4592673345288
97.5376847183028,66.78008112591168
97.54555573869646,17.390007489135574
97.55342675909013,79.16658866366022
97.5612977794838,41.87129409597431
97.56916879987746,42.38692387970116
97.57703982027112,27.905828926364116
97.58491084066479,12.432275439934532
97.59278186105846,142.03875014497697
97.60065288145212,58.06026923315606
97.60852390184579,23.382251982283297
97.61639492223945,0.6877361201883726
97.62426594263312,5.0713176192982665
97.63213696302678,81.17407837282002
97.64000798342045,33.19516695057948
97.64787900381411,14.128177924215526
97.65575002420778,26.199421375961805
97.66362104460144,60.27632312348229
97.6714920649951,339.22017591059705
97.67936308538877,97.01093609598178
97.68723410578244,60.90015605274904
97.6951051261761,28.437658399669
97.70297614656977,90.54020540782285
97.71084716696343,24.471587155132976
97.7187181873571,40.271587193500764
97.72658920775076,11.626475353367823
97.73446022814443,33.00408977756585
97.74233124853811,109.20735283508218
97.75020226893177,16.541246278659802
97.75807328932544,122.28281195307498
97.7659443097191,86.69792956139736
97.77381533011277,152.63294388443234
97.78168635050643,150.96990958289817
97.7895573709001,41.403603055423076
97.79742839129376,24.99873795809554
97.80529941168743,73.77052693364894
97.8131704320811,26.421660902000273
97.82104145247476,95.74281278255052
97.82891247286842,28.67250003995153
97.83678349326209,120.79086700967541
97.84465451365575,76.32251536055384
97.85252553404942,33.757890272534276
97.86039655444308,16.219689157715486
97.86826757483675,3.522470310687334
97.87613859523042,14.631949035496255
97.88400961562408,63.4249172720005
97.89188063601775,89.47974584303776
97.89975165641141,262.5578104772959
97.90762267680508,9.191478796326033
97.91549369719874,62.71268732336418
97.9233647175924,120.85942784023516
97.93123573798607,107.46846823205814
97.93910675837974,123.07665394943317
97.9469777787734,134.86229079771633
97.95484879916707,34.67415253412407
97.96271981956073,114.72601999311077
97.9705908399544,6.337071163487471
97.97846186034806,147.80816976108466
97.98633288074173,6.061586468234048
97.99420390113539,82.76645915812783
98.00207492152906,29.12705883743303
98.00994594192272,145.89682798735979
98.01781696231639,24.477653913474377
98.02568798271005,1.7198127842745594
98.03355900310372,12.781982954903693
98.04143002349738,54.97219819147558
98.04930104389105,4.38927879762625
98.05717206428471,180.59338276319824
98.06504308467838,0.45006210481011083
98.07291410507204,39.39531575852479
98.08078512546572,62.877591418704505
98.08865614585939,264.80800790337526
98.09652716625305,58.116904026047955
98.10439818664672,201.53987966012457
98.11226920704038,112.09497117826183
98.12014022743405,316.56569080157874
98.12801124782771,161.4988602307668
98.13588226822138,266.35497473303354
98.14375328861504,35.30309415746908
98.15162430900871,8.002057685875396
98.15949532940238,240.6681736650473
98.16736634979604,50.24774395356154
98.1752373701897,189.74697412824563
98.18310839058337,54.93294670908566
98.19097941097704,72.43227976165355
98.1988504313707,12.11216601616656
98.20672145176437,29.48441481924309
98.21459247215803,29.55475054189617
98.2224634925517,35.5590190181345
98.23033451294536,106.65981185258372
98.23820553333903,44.42222294150785
98.24607655373269,24.660135719305412
98.25394757412636,13.382318452260439
98.26181859452002,126.23438728717586
98.26968961491369,14.799222067306923
98.27756063530735,445.1851117760193
98.28543165570102,405.7670492071217
98.29330267609468,42.03981046653864
98.30117369648835,15.087636550968806
98.30904471688201,73.4382561155311
98.31691573727568,107.49588737766338
98.32478675766934,1.1612144248000533
98.33265777806301,162.32928967894887
98.34052879845667,229.63689989520253
98.34839981885034,318.1728656619569
98.356270839244,131.30270008337587
98.36414185963767,91.88781934885915
98.37201288003133,274.3566258543044
98.379883900425,122.8095382420116
98.38775492081867,75.11157346638338
98.39562594121233,627.9006742043922
98.403496961606,199.96038551862407
98.41136798199966,87.20522577161879
98.41923900239334,53.03736347019061
98.427110022787,105.5851394365788
98.43498104318067,4.676744272765906
98.44285206357434,106.58732185009066
98.450723083968,36.72100935583647
98.45859410436167,22.88041924648349
98.46646512475533,43.90420346336616
98.474336145149,246.9404921371802
98.48220716554266,14.76107509947561
98.49007818593633,112.32446699942885
98.49794920632999,419.62031897644965
98.50582022672366,115.47752733530528
98.51369124711732,12.634800934944247
98.52156226751099,102.58582038098142
98.52943328790465,194.04479238800783
98.53730430829832,1.1680785367871245
98.54517532869198,26.92102410229098
98.55304634908565,129.3048737626565
98.56091736947931,690.4818831957883
98.56878838987298,131.85609587959863
98.57665941026664,40.989600614055895
98.58453043066031,135.2726254365283
98.59240145105397,157.53462163643678
98.60027247144764,204.55235289377632
98.6081434918413,23.209457715431984
98.61601451223497,22.790603453908137
98.62388553262863,73.17396939946651
98.6317565530223,19.852141227210975
98.63962757341596,263.93597781371506
98.64749859380963,100.79154335259727
98.6553696142033,629.0892797607769
98.66324063459696,212.22473293355503
98.67111165499063,171.7289153169148
98.67898267538429,36.38362828159642
98.68685369577796,44.13232297313365
98.69472471617162,31.45788383353204
98.70259573656529,151.63837538904784
98.71046675695895,53.75791913891006
98.71833777735262,52.02487716243013
98.72620879774628,466.0479021596854
98.73407981813995,61.62132784845856
98.74195083853361,44.826016828334915
98.74982185892728,132.540525677052
98.75769287932096,579.7460901759578
98.76556389971462,169.11298565285065
98.77343492010829,95.77638794031452
98.78130594050195,125.05010021830535
98.78917696089562,44.62803949005179
98.79704798128928,42.94443588699423
98.80491900168295,45.002954488001485
98.81279002207661,148.1103552353694
98.82066104247028,1.6812854665923573
98.82853206286394,69.82872851470775
98.83640308325761,58.19185400339844
98.84427410365127,361.0094257331651
98.85214512404494,188.08632685252059
98.8600161444386,19.766534513115047
98.86788716483227,4.206223611409732
98.87575818522593,28.5970352427951
98.8836292056196,153.61197572847652
98.89150022601326,24.55480379056022
98.89937124640693,45.484912748285375
98.9072422668006,56.14440023093258
98.91511328719426,11.54134528702273
98.92298430758792,6.290616671513618
98.93085532798159,40.51304343058524
98.93872634837525,143.0504963938377
98.94659736876892,56.35809360025165
98.95446838916259,74.77582880479059
98.96233940955625,0.8716693290792742
98.97021042994992,95.66535489016606
98.97808145034358,1.74597292307037
98.98595247073725,181.88995425570954
98.99382349113091,8.417750615052963
99.00169451152458,4.019173241838682
99.00956553191824,5.319436784104142
99.0174365523119,47.7414776551328
99.02530757270557,53.98561838988638
99.03317859309924,73.43606330312494
99.0410496134929,41.452268695443074
99.04892063388657,129.1394457988317
99.05679165428023,122.05782790651965
99.0646626746739,73.69343056040398
99.07253369506756,7.351597742309805
99.08040471546123,268.7889558911727
99.0882757358549,83.17898646537438
99.09614675624857,294.5754169748164
99.10401777664224,1.3058215726209337
99.1118887970359,40.55108939246465
99.11975981742957,87.91504256134732
99.12763083782323,39.901734378688786
99.1355018582169,7.728267447038835
99.14337287861056,39.53115194127094
99.15124389900423,11.775854888246824
99.1591149193979,86.6257496117245
99.16698593979156,816.5522552601145
99.17485696018522,114.71886592039596
99.18272798057889,70.25778311432981
99.19059900097255,248.55406317235824
99.19847002136622,802.4176384847293
99.20634104175988,61.34942607416513
99.21421206215355,9.124379630391164
99.22208308254721,12.645560704054637
99.22995410294088,17.070015742995363
99.23782512333455,36.04837478313766
99.24569614372821,42.49408056460813
99.25356716412188,41.106095277855644
99.26143818451554,219.87269745542247
99.2693092049092,137.0182751764891
99.27718022530287,45.67739369621259
99.28505124569654,2.2058809602325082
99.2929222660902,21.65950547692121
99.30079328648387,182.36665430626968
99.30866430687753,428.27238060067356
99.3165353272712,20.8669862848722
99.32440634766486,110.40267705001823
99.33227736805853,37.29924654091349
99.34014838845219,8.162810215709856
99.34801940884586,94.76179126774002
99.35589042923952,55.09493397089981
99.36376144963319,316.66441965953646
99.37163247002685,116.19371280652719
99.37950349042052,126.83989408210826
99.38737451081418,34.34986403865366
99.39524553120785,47.35897671350062
99.40311655160151,99.43588178761563
99.41098757199518,294.8952104597798
99.41885859238884,89.16721671803604
99.42672961278251,11.191893975838802
99.43460063317619,35.692962973503
99.44247165356985,51.15376224186481
99.45034267396352,146.39206085990966
99.45821369435718,395.13299296834447
99.46608471475085,19.183606529980295
99.47395573514451,83.38034961378388
99.48182675553818,123.84169397557142
99.48969777593184,58.51680728042195
99.49756879632551,17.558428523631598
99.50543981671917,78.25574265570725
99.51331083711284,283.66888867027177
99.5211818575065,21.640131060363583
99.52905287790017,260.8942557568938
99.53692389829384,70.48109123078748
99.5447949186875,119.96733628199925
99.55266593908117,294.5452233447109
99.56053695947483,403.0956427020037
99.5684079798685,199.60805531262665
99.57627900026216,184.5650583922147
99.58415002065583,11.982046951926849
99.59202104104949,358.8912508575174
99.59989206144316,36.084000981923204
99.60776308183682,15.435586211510007
99.61563410223049,65.40845948635648
99.62350512262415,418.3754751498093
99.63137614301782,21.636793236065817
99.63924716341148,30.501313301589704
99.64711818380515,95.9222309322726
99.65498920419881,59.80738004650461
99.66286022459248,98.60152474480763
99.67073124498614,6.323227106804147
99.67860226537981,147.039376947919
99.68647328577347,249.32906581042172
99.69434430616714,417.6012829709358
99.7022153265608,171.3858304671792
99.71008634695447,95.36126534303376
99.71795736734813,24.26559930572606
99.7258283877418,348.1790123631315
99.73369940813546,202.56944596391693
99.74157042852913,27.19366853690228
99.7494414489228,9.902362047472813
99.75731246931646,150.57188621861536
99.76518348971013,112.05377944145249
99.7730545101038,0.21748341312481548
99.78092553049747,96.72309613434035
99.78879655089113,51.07909555720686
99.7966675712848,421.8610858363132
99.80453859167847,41.99600655215017
99.81240961207213,355.2617535988846
99.8202806324658,338.21259084037433
99.82815165285946,259.2032799884992
99.83602267325313,261.9479376784308
99.84389369364679,82.74850128878168
99.85176471404046,2.596949410387452
99.85963573443412,49.0973826604038
99.86750675482779,44.04873549042284
99.87537777522145,70.74462993808703
99.88324879561512,40.39758999519038
99.89111981600878,38.928369020572816
99.89899083640245,21.595991128305485
99.90686185679611,413.4688407370858
99.91473287718978,40.268676339805616
99.92260389758344,96.89307798466912
99.93047491797711,9.153214384601545
99.93834593837077,59.26403237676678
99.94621695876444,83.51240921346312
99.9540879791581,1.7852903837680383
99.96195899955177,30.291085780554013
99.96983001994543,62.30858744390315
99.9777010403391,19.667505259263987
99.98557206073276,30.55591170350291
99.99344308112643,161.42098096199587
100.0013141015201,218.8017950895957
100.00918512191376,364.8217408828208
100.01705614230742,26.32365899749782
100.02492716270109,617.6453310918442
100.03279818309476,384.4732682345178
100.04066920348842,12.717897822543893
100.04854022388209,380.71755532988345
100.05641124427575,12.401066446729672
100.06428226466942,166.59120699674565
100.07215328506308,63.04345016050623
100.08002430545675,42.26647702728457
100.08789532585041,19.197456520770128
100.09576634624408,16.33590682038341
100.10363736663776,45.77896557271929
100.11150838703142,7.813084947304793
100.11937940742509,43.9313881670887
100.12725042781875,40.02223529175225
100.13512144821242,91.88985639000929
100.14299246860608,35.032331527109655
100.15086348899975,3.5390371191973005
100.15873450939341,161.73353005095544
100.16660552978708,166.8594640934227
100.17447655018074,77.63183726910134
100.18234757057441,5.796985052749501
100.19021859096807,93.36962705510891
100.19808961136174,106.90043631068767
100.2059606317554,60.62403407690442
100.21383165214907,59.35448375484157
100.22170267254273,267.1304001754031
100.2295736929364,295.6616632807295
100.23744471333006,109.86441817669834
100.24531573372373,197.81438991593865
100.2531867541174,8.272827670850313
100.26105777451106,25.068828347776982
100.26892879490472,22.432921374480323
100.27679981529839,44.486485437763555
100.28467083569205,53.97141249313833
100.29254185608572,129.10353515029203
100.30041287647938,6.14152490352697
100.30828389687305,27.766504088365195
100.31615491726672,52.24117796903255
100.32402593766038,107.32072340268957
100.33189695805405,99.01862963598273
100.33976797844771,21.00353413534188
100.34763899884138,34.58385882547825
100.35551001923504,178.25593221017635
100.3633810396287,220.08608320313684
100.37125206002237,438.0589429815297
100.37912308041604,248.20352027057558
100.3869941008097,256.90827199965435
100.39486512120337,320.70194768973323
100.40273614159703,2.5083003020354804
100.4106071619907,22.795159214122393
100.41847818238436,49.940367352432574
100.42634920277803,26.972213437333604
100.43422022317169,43.03760523805723
100.44209124356537,63.82174890927247
100.44996226395904,9.358478101090451
100.4578332843527,21.822537819631886
100.46570430474637,4.046572604167881
100.47357532514003,15.336637707473306
100.4814463455337,116.81104406025624
100.48931736592736,14.330639836548452
100.49718838632103,35.03725301207743
100.5050594067147,0.6400416058291244
100.51293042710836,141.06739495989362
100.52080144750202,29.465374073014864
100.52867246789569,82.26544199811174
100.53654348828935,15.08362161057312
100.54441450868302,66.2348395894729
100.55228552907668,0.7374537967342165
100.56015654947035,132.03458420041085
100.56802756986401,41.34788784003477
100.57589859025768,51.218321213194336
100.58376961065134,83.56215808248723
100.59164063104501,303.0285443080826
100.59951165143868,62.982845683676324
100.60738267183234,2.402849570399248
100.615253692226,95.26184611494517
100.62312471261967,396.50402143708965
100.63099573301334,16.04013906114593
100.638866753407,7.880018752558794
100.64673777380067,172.84853853405676
100.65460879419433,73.19416106728801
100.662479814588,35.46210077911825
100.67035083498166,263.69330773263164
100.67822185537533,74.41359549220894
100.68609287576899,4.691981949294174
100.69396389616266,5.287106782300002
100.70183491655632,151.47463855921444
100.70970593694999,44.32711669190706
100.71757695734365,138.9787650999612
100.72544797773732,154.11280458867267
100.73331899813098,467.10097375312336
100.74119001852465,18.61921894987524
100.74906103891831,487.61298524538535
100.75693205931198,27.742871531490536
100.76480307970564,107.05054265911448
100.77267410009931,363.69940965725226
100.78054512049299,587.3015563566237
100.78841614088665,91.43736331582818
100.79628716128032,9.369362481785542
100.80415818167398,319.031194652418
100.81202920206765,765.8413221885927
100.81990022246131,298.7558754864644
100.82777124285498,1044.8611411294835
100.83564226324864,259.16291454849534
100.84351328364231,331.0330886738733
100.85138430403597,612.9345257265602
100.85925532442964,339.56191977393365
100.8671263448233,207.3093145120572
100.87499736521697,1.6511270756621501
100.88286838561064,58.72556730540092
100.8907394060043,83.7349598318172
100.89861042639797,120.62539772775021
100.90648144679163,212.79899188167744
100.9143524671853,37.61298152946721
100.92222348757896,300.40295729663774
100.93009450797263,63.46827426201
100.93796552836629,61.8853353809395
100.94583654875996,551.4478343995985
100.95370756915362,36.671851872910445
100.96157858954729,95.62609776933553
100.96944960994095,154.29633335859043
100.97732063033462,167.04502994261082
100.98519165072828,114.01859750790308
100.99306267112195,131.90354288251285
101.00093369151561,90.15762471580831
101.00880471190928,13.909775731206565
101.01667573230294,79.26257788805482
101.02454675269661,220.84135665094405
101.03241777309027,96.13169723220635
101.04028879348394,102.02643057385268
101.0481598138776,12.25828041425029
101.05603083427127,300.60478023853955
101.06390185466493,257.58939327672607
101.0717728750586,24.35996599223998
101.07964389545226,62.28950287882682
101.08751491584593,78.99186151833882
101.0953859362396,239.4193719758173
101.10325695663326,35.31209958207138
101.11112797702692,19.968438871045763
101.1189989974206,4.6063369613581555
101.12687001781427,78.36431650455201
101.13474103820793,127.47870408966257
101.1426120586016,130.31711102061325
101.15048307899526,70.58932926396632
101.15835409938893,39.85766100778108
101.1662251197826,41.22422555163131
101.17409614017626,317.11984971310727
101.18196716056993,3.663672161552469
101.18983818096359,662.338193733665
101.19770920135726,443.13427555380883
101.20558022175092,54.425910558437494
101.21345124214459,658.4446577609963
101.22132226253825,212.49940217510192
101.22919328293192,116.44314373912654
101.23706430332558,84.34037274905575
101.24493532371925,88.22588709826348
101.25280634411291,55.38157094078898
101.26067736450658,16.78799473944335
101.26854838490024,8.329228216907708
101.27641940529391,26.461843984782774
101.28429042568757,7.868255369242745
101.29216144608124,118.23147283621321
101.3000324664749,12.856467469531271
101.30790348686857,114.79278094018765
101.31577450726223,0.36409322904727914
101.3236455276559,83.61504840366321
101.33151654804956,1.0426119513215826
101.33938756844323,49.53043015797763
101.3472585888369,66.63091401836832
101.35512960923056,312.1714531798789
101.36300062962422,29.822966616152673
101.37087165001789,68.18907286365909
101.37874267041155,455.4858431933357
101.38661369080522,441.0012289557268
101.39448471119888,21.96808840418352
101.40235573159255,228.74882816092074
101.41022675198622,0.6215157022203456
101.41809777237988,55.42224948849043
101.42596879277355,141.484982822065
101.43383981316721,7.345484607908808
101.44171083356088,36.483712492792414
101.44958185395454,9.610570941028996
101.45745287434822,284.9790987660655
101.46532389474189,40.359320909399884
101.47319491513555,219.90982504125145
101.48106593552922,2.229947359336867
101.48893695592288,20.33775166155689
101.49680797631655,52.750084331087116
101.50467899671021,8.035912485898029
101.51255001710388,82.7417160449552
101.52042103749754,155.1272436186536
101.5282920578912,113.64263150740669
101.53616307828487,154.72100820237753
101.54403409867854,33.8414141150619
101.5519051190722,21.976173340461262
101.55977613946587,4.907573724645856
101.56764715985953,157.72803582025637
101.5755181802532,291.2048763051641
101.58338920064686,63.29210945600138
101.59126022104053,62.25491905686801
101.5991312414342,67.68687391843336
101.60700226182786,35.59560854861611
101.61487328222152,74.34666235087464
101.62274430261519,119.15315403787656
101.63061532300885,125.16757652135274
101.63848634340252,11.30311550690627
101.64635736379618,12.20598159175414
101.65422838418985,2.6355704952468124
101.66209940458351,26.97680139146903
101.66997042497718,24.152193869757333
101.67784144537085,25.50087975194492
101.68571246576451,9.252535795767384
101.69358348615818,328.0148496970889
101.70145450655184,23.80708494380982
101.7093255269455,39.594965217403804
101.71719654733917,9.526056114938886
101.72506756773284,198.370903484004
101.7329385881265,68.15728119456683
101.74080960852017,91.13142258281853
101.74868062891383,2.0301360598647773
101.7565516493075,38.16591292476945
101.76442266970116,6.406188058229009
101.77229369009483,162.7751418586977
101.78016471048849,160.17970526494796
101.78803573088216,14.760350841108568
101.79590675127584,55.10807837560115
101.8037777716695,12.196625840229805
101.81164879206317,76.63836516014985
101.81951981245683,57.098154066926504
101.8273908328505,84.79963025620776
101.83526185324416,165.81358989657173
101.84313287363783,40.11318490624323
101.85100389403149,19.33645961853448
101.85887491442516,47.202312837011625
101.86674593481882,91.44090180991947
101.87461695521249,128.4050872607282
101.88248797560615,187.32946923858051
101.89035899599982,146.85969892234408
101.89823001639348,103.516183035678
101.90610103678715,177.71667410447083
101.91397205718081,70.95161312943208
101.92184307757448,35.41423280566744
101.92971409796814,98.4549175854448
101.93758511836181,81.42891833690024
101.94545613875547,44.40177987365752
101.95332715914914,33.15575641032558
101.9611981795428,26.53893734392202
101.96906919993647,40.540174040474255
101.97694022033014,98.07494076372522
101.9848112407238,61.13706118950488
101.99268226111747,6.91620854070161
102.00055328151113,31.175613370418294
102.0084243019048,1.58824365729909
102.01629532229846,15.9070052978156
102.02416634269213,37.20195968812824
102.03203736308579,3.5971878311989682
102.03990838347946,146.24435587256437
102.04777940387312,38.402164389828556
102.05565042426679,237.3232959021299
102.06352144466045,444.8774543414482
102.07139246505412,42.495451444056485
102.07926348544778,0.6480688166803708
102.08713450584145,52.57037845813614
102.09500552623511,38.735304179426876
102.10287654662878,7.152234810817986
102.11074756702244,114.48379828283012
102.11861858741611,25.299290289439465
102.12648960780977,48.90633907866484
102.13436062820345,119.47494906006827
102.14223164859712,32.780260139526256
102.15010266899078,157.04480352816026
102.15797368938445,53.492247858594936
102.16584470977811,12.62900696412555
102.17371573017178,8.64614237240906
102.18158675056544,8.473443786342628
102.18945777095911,343.9059265428166
102.19732879135277,19.0901242973346
102.20519981174644,112.81865999210623
102.2130708321401,250.49397648314147
102.22094185253377,1.5651074892288424
102.22881287292743,18.515322088613086
102.2366838933211,64.39859376913098
102.24455491371477,18.535301073984936
102.25242593410843,178.80843642939382
102.2602969545021,362.8359580188358
102.26816797489576,279.41455893177556
102.27603899528943,152.87533468448822
102.28391001568309,46.8054938171362
102.29178103607676,59.82268876426031
102.29965205647042,57.73533396050464
102.30752307686409,42.88739509698451
102.31539409725775,118.64320185031339
102.32326511765142,10.439788882727669
102.33113613804508,314.759130338007
102.33900715843875,90.31670838409532
102.34687817883241,22.447038635046056
102.35474919922608,93.7365380803008
102.36262021961974,302.43429256558056
102.37049124001341,34.435618788519164
102.37836226040707,14.364758586107303
102.38623328080074,56.73861635951687
102.3941043011944,15.86284095775496
102.40197532158807,44.93819894540835
102.40984634198173,49.414626099462744
102.4177173623754,94.64745127040676
102.42558838276906,17.901135674966294
102.43345940316273,78.54731627993775
102.4413304235564,38.5489001012181
102.44920144395006,122.07676561901758
102.45707246434372,45.184150249700544
102.46494348473739,22.8440557663359
102.47281450513107,41.56549481321462
102.48068552552473,244.17953253735377
102.4885565459184,159.98956214453392
102.49642756631206,234.0562275016663
102.50429858670573,16.571481424319217
102.5121696070994,198.84584270773647
102.52004062749306,37.56365201369359
102.52791164788673,300.8612585050181
102.53578266828039,74.30916067056256
102.54365368867406,11.374655720707734
102.55152470906772,86.7860089158522
102.55939572946139,152.95455566383367
102.56726674985505,14.515025871510925
102.57513777024872,299.7056289203789
102.58300879064238,101.4926176353439
102.59087981103605,579.9653852230042
102.59875083142971,171.28094318999203
102.60662185182338,136.65071748229596
102.61449287221704,89.17336413084554
102.62236389261071,43.33298064101119
102.63023491300437,168.4494228248066
102.63810593339804,103.96425088846111
102.6459769537917,16.84801696779602
102.65384797418537,74.53923129703101
102.66171899457903,134.8357430648049
102.6695900149727,200.8391391604521
102.67746103536636,171.0111080893003
102.68533205576003,29.755480826158944
102.6932030761537,308.36049058897544
102.70107409654736,14.239542441554757
102.70894511694102,307.3163754982094
102.71681613733469,60.48943806241799
102.72468715772835,90.89660081030732
102.73255817812202,654.8141280294507
102.74042919851568,95.0029958466476
102.74830021890935,10.366235495254777
102.75617123930301,109.10809740879378
102.76404225969668,3.488994029362125
102.77191328009035,18.171896070946115
102.77978430048401,36.41331905790001
102.78765532087768,22.546706476150636
102.79552634127134,3.844276242667531
102.803397361665,44.608090862649135
102.81126838205869,68.19527534349938
102.81913940245235,77.64416630069285
102.82701042284602,22.426423643943377
102.83488144323968,26.261761741025296
102.84275246363335,8.308152965447983
102.85062348402701,17.41856743843587
102.85849450442068,75.43154669375969
102.86636552481434,99.92147653706905
102.874236545208,138.67940471579945
102.88210756560167,76.35070648535444
102.88997858599534,230.53198532567077
102.897849606389,154.05531794108816
102.90572062678267,50.59250610473766
102.91359164717633,133.2484296555377
102.92146266757,15.9869733763388
102.92933368796366,553.7501575532191
102.93720470835733,60.71655911035993
102.945075728751,172.71959206626033
102.95294674914466,257.00219313775733
102.96081776953832,85.41397981231171
102.96868878993199,80.58474090290656
102.97655981032565,205.3879146293591
102.98443083071932,140.66663542345754
102.99230185111298,60.19612404214404
103.00017287150665,61.09481032953234
103.00804389190031,129.44912350635727
103.01591491229398,8.434862120850866
103.02378593268764,129.94619026518828
103.03165695308131,45.83438843553186
103.03952797347497,143.48812150151775
103.04739899386864,9.19293551260655
103.0552700142623,23.89824203253471
103.06314103465597,22.89216200314343
103.07101205504964,126.95824214004095
103.0788830754433,247.7050093583398
103.08675409583697,207.86681294355114
103.09462511623063,67.61149996924979
103.1024961366243,15.997537192659221
103.11036715701796,3.6515932088801604
103.11823817741163,12.607081196603103
103.12610919780529,66.06172379629548
103.13398021819896,148.72081910637542
103.14185123859264,1.1697467054290334
103.1497222589863,242.48208232372906
103.15759327937997,69.3831281578404
103.16546429977363,31.126999820396367
103.1733353201673,118.23436732987238
103.18120634056096,75.11485578408778
103.18907736095463,35.74647714439233
103.19694838134829,13.86117897810448
103.20481940174196,35.77204820862307
103.21269042213562,7.44304464281182
103.22056144252929,1.1633976865244995
103.22843246292295,57.65825709823425
103.23630348331662,173.62663836093685
103.24417450371028,150.43262706569297
103.25204552410395,103.77266760392567
103.25991654449761,2.2273988062832326
103.26778756489128,24.47535363011242
103.27565858528494,129.3209148842462
103.28352960567861,308.76335358698384
103.29140062607227,53.36381775993783
103.29927164646594,99.62327862260412
103.3071426668596,18.618367536884776
103.31501368725327,34.068457252662185
103.32288470764693,33.45390712079633
103.3307557280406,24.611285165096366
103.33862674843427,57.90840605744739
103.34649776882793,123.74337856270812
103.3543687892216,72.61229317307038
103.36223980961526,10.69909494456418
103.37011083000893,68.03620531231212
103.37798185040259,36.85923286705306
103.38585287079626,148.47138342168932
103.39372389118992,10.232367611131188
103.40159491158359,175.11721744852258
103.40946593197725,1.788960411289269
103.41733695237092,97.30818086907514
103.42520797276458,101.80452817518
103.43307899315825,25.333949574629862
103.44095001355191,17.56558702982882
103.44882103394558,39.54758917952964
103.45669205433924,72.00656234622623
103.46456307473291,63.759691495583404
103.47243409512657,62.80067931925544
103.48030511552025,168.801711181302
103.48817613591392,44.87046297183641
103.49604715630758,30.231887873093562
103.50391817670125,68.92200942694781
103.51178919709491,25.015465704244832
103.51966021748858,72.24468882851353
103.52753123788224,72.16765234763476
103.53540225827591,2.698150293874073
103.54327327866957,16.660454735619687
103.55114429906324,20.5719498070365
103.5590153194569,24.936529374972654
103.56688633985057,425.35895171193056
103.57475736024423,9.433324006109208
103.5826283806379,60.702850221994154
103.59049940103156,38.70866536151832
103.59837042142523,37.19233624415934
103.6062414418189,222.66204864637305
103.61411246221256,117.86277810091316
103.62198348260623,40.49200119954235
103.62985450299989,374.74204544170624
103.63772552339356,27.611529554505545
103.64559654378722,32.61071157110226
103.65346756418089,237.08270856558607
103.66133858457455,50.16678699151055
103.66920960496822,135.5361661103646
103.67708062536188,51.06831353330095
103.68495164575555,104.86163444764593
103.69282266614921,258.46043659610245
103.70069368654288,2.4644218311186195
103.70856470693654,11.265408592993674
103.71643572733021,178.13186814234965
103.72430674772387,43.3490898942194
103.73217776811754,218.8455226837229
103.7400487885112,54.344667604522655
103.74791980890487,110.56497074500042
103.75579082929853,66.48102454757702
103.7636618496922,6.0374275804474
103.77153287008586,33.00360505208986
103.77940389047953,134.48467695890918
103.7872749108732,27.44972492140715
103.79514593126686,66.67644384436632
103.80301695166052,329.25276461926313
103.81088797205419,107.17268976319811
103.81875899244787,29.21080265541526
103.82663001284153,31.441913615799905
103.8345010332352,31.489125279640124
103.84237205362886,20.81235120331088
103.85024307402253,64.5419892060112
103.8581140944162,17.122892336737834
103.86598511480986,457.7380662627144
103.87385613520352,8.286150697897522
103.88172715559719,58.66991799943354
103.88959817599086,352.80354579382833
103.89746919638452,24.209579143406813
103.90534021677819,76.78085243371514
103.91321123717185,162.67944203623756
103.92108225756552,275.83248705517104
103.92895327795918,27.370064483708635
103.93682429835285,13.768606935878212
103.94469531874651,19.91588032128001
103.95256633914018,30.35320857424675
103.96043735953384,8.787193712606385
103.9683083799275,81.04897868618495
103.97617940032117,47.52751974704057
103.98405042071484,35.241309317149565
103.9919214411085,91.33972358713235
103.99979246150217,419.83010509394165
104.00766348189583,9.680153714319557
104.0155345022895,61.28541032800617
104.02340552268316,195.74928439998268
104.03127654307683,67.71103277158481
104.0391475634705,31.554114580408456
104.04701858386416,15.01702314595212
104.05488960425782,48.94217997396356
104.06276062465149,1.4594213924722028
104.07063164504515,12.424216706087686
104.07850266543882,6.524243634245943
104.08637368583248,59.38888682030799
104.09424470622615,57.13078570224953
104.10211572661981,86.53615061710055
104.10998674701348,14.812543499457727
104.11785776740714,68.46149375202295
104.12572878780081,155.49933728943097
104.13359980819448,58.66051550787212
104.14147082858814,33.024747823221766
104.1493418489818,35.41868047068768
104.15721286937548,25.938011797040705
104.16508388976915,1.8662288800983324
104.17295491016282,25.62091304677707
104.18082593055648,63.36176893255933
104.18869695095015,15.339321213025276
104.19656797134381,65.94655195379916
104.20443899173748,19.737935007316835
104.21231001213114,2.796562435480341
104.2201810325248,51.24873342929453
104.22805205291847,34.24921940769932
104.23592307331214,61.41666086309586
104.2437940937058,233.4818956347236
104.25166511409947,151.81271315976832
104.25953613449313,222.26735355695413
104.2674071548868,0.11440548429439723
104.27527817528046,44.897226377175535
104.28314919567413,189.36144059370113
104.29102021606779,119.06264865674558
104.29889123646146,27.129415796452026
104.30676225685512,84.09171268863201
104.31463327724879,141.92406589665998
104.32250429764245,27.74848908134759
104.33037531803612,4.020785047645985
104.33824633842978,0.352882297617339
104.34611735882345,6.585067462411517
104.35398837921711,77.64748092786883
104.36185939961078,16.536272672717452
104.36973042000444,10.512729518855506
104.37760144039811,38.47871585464381
104.38547246079177,90.54333087028948
104.39334348118544,2.359467270758694
104.4012145015791,39.336737833076185
104.40908552197277,74.0466536406765
104.41695654236644,11.629452624352194
104.4248275627601,0.35786443167750237
104.43269858315377,17.528777260069933
104.44056960354743,28.395146042952344
104.4484406239411,124.02115216199158
104.45631164433476,15.841593842447907
104.46418266472843,290.79356157390885
104.47205368512209,13.985130686831361
104.47992470551576,26.295481903466616
104.48779572590942,33.04194521205006
104.4956667463031,10.985716388715602
104.50353776669677,178.25814506444382
104.51140878709043,9.225627175513479
104.5192798074841,142.13932755531997
104.52715082787776,82.26966447372536
104.53502184827143,10.002415246407189
104.54289286866509,22.110691323984035
104.55076388905876,170.3984969582668
104.55863490945242,78.26611202518687
104.56650592984609,24.633014721795874
104.57437695023975,132.04884268202838
104.58224797063342,160.68786423018074
104.59011899102708,14.091974171545793
104.59799001142075,69.83776771145472
104.60586103181441,24.181138716266137
104.61373205220808,30.0958335989871
104.62160307260174,159.24110383850564
104.62947409299541,210.1333535351288
104.63734511338907,86.82023081645568
104.64521613378274,140.98443017122028
104.6530871541764,14.961812327261974
104.66095817457007,0.6673748940288445
104.66882919496373,3.5100760955714216
104.6767002153574,58.36145957043646
104.68457123575106,0.866319325504416
104.69244225614473,10.707905758493105
104.7003132765384,14.69334275557536
104.70818429693206,127.89410020280333
104.71605531732573,65.25340915379655
104.72392633771939,59.68017752152258
104.73179735811306,16.14185154248296
104.73966837850672,24.66824421624012
104.74753939890039,17.26793301193228
104.75541041929405,59.1958057308013
104.76328143968772,10.142623383328836
104.77115246008138,7.560130103948231
104.77902348047505,23.712360444532354
104.78689450086871,14.64686170153619
104.79476552126238,111.15710540259303
104.80263654165604,35.88647017021496
104.81050756204971,117.32270578379489
104.81837858244337,131.21503998512307
104.82624960283704,49.528332187142205
104.83412062323072,54.74592461455417
104.84199164362438,5.332064822552225
104.84986266401805,9.716756030784742
104.85773368441171,277.00357898192806
104.86560470480538,9.801692534393219
104.87347572519904,215.6486720614806
104.88134674559271,36.62579508520376
104.88921776598637,270.19268022567957
104.89708878638004,161.29315415769784
104.9049598067737,93.29192585370471
104.91283082716737,36.51249468663351
104.92070184756103,15.970224058863224
104.9285728679547,19.870184359045066
104.93644388834836,77.46119654194007
104.94431490874203,42.12888124918945
104.9521859291357,8.523313086678034
104.96005694952936,46.32993681986374
104.96792796992302,90.56623689956632
104.97579899031669,126.02178792092214
104.98367001071036,396.1094249797003
104.99154103110402,118.10019515505698
104.99941205149769,162.5127229410801
105.00728307189135,33.72198606322101
105.01515409228502,441.11636811930924
105.02302511267868,11.402031946087245
105.03089613307235,265.14381419712566
105.03876715346601,426.3909953937451
105.04663817385968,59.33996590318225
105.05450919425334,350.28639518397904
105.062380214647,87.09545115382937
105.07025123504067,302.44683109739566
105.07812225543434,2.294024068169899
105.085993275828,17.601445484680827
105.09386429622167,589.2434553942154
105.10173531661533,97.29405337128166
105.109606337009,66.72734787509995
105.11747735740266,171.1275931085487
105.12534837779633,40.07131995661756
105.13321939819,28.65877823615625
105.14109041858366,37.58029722488439
105.14896143897732,220.0882674113881
105.15683245937099,249.2219050714144
105.16470347976465,129.72584568355356
105.17257450015833,27.090843777087105
105.180445520552,191.4903860727717
105.18831654094566,56.36381629381558
105.19618756133933,93.00345652069552
105.204058581733,266.9096594989063
105.21192960212666,93.86832025704416
105.21980062252032,0.3571917760027898
105.22767164291399,8.279795733736478
105.23554266330765,124.56302080452735
105.24341368370132,231.80726637175476
105.25128470409499,129.72937094325073
105.25915572448865,170.31556392526974
105.26702674488232,327.560105254121
105.27489776527598,384.4720711901647
105.28276878566965,68.62140294908195
105.29063980606331,191.432033464644
105.29851082645698,238.25199152706992
105.30638184685064,43.89518823981459
105.3142528672443,34.490751317959244
105.32212388763797,20.923671222003627
105.32999490803164,283.47240309215954
105.3378659284253,74.97216814222483
105.34573694881897,54.31060853570002
105.35360796921263,310.0679641730837
105.3614789896063,45.40806673531191
105.36935000999996,270.3573140893594
105.37722103039363,50.56899110018445
105.38509205078729,11.671746143629749
105.39296307118096,292.30471240798
105.40083409157462,322.8374194261051
105.40870511196829,68.57114897436693
105.41657613236195,10.334786968000376
105.42444715275562,322.5252610857989
105.43231817314928,555.9434415146978
105.44018919354295,285.41128196228175
105.44806021393661,15.00787440335259
105.45593123433028,331.83314221260616
105.46380225472394,205.60205528650457
105.47167327511761,60.16247870443768
105.47954429551127,171.61792699618664
105.48741531590494,353.3627018134625
105.4952863362986,189.98345976152254
105.50315735669227,73.12764647480815
105.51102837708595,73.62241782169194
105.51889939747961,306.11461524928364
105.52677041787328,6.279124941657359
105.53464143826695,79.5038485776011
105.54251245866061,196.094698182278
105.55038347905428,124.70360149943605
105.55825449944794,173.45860144146545
105.5661255198416,20.769090182171087
105.57399654023527,114.69078228318504
105.58186756062894,221.03181883121917
105.5897385810226,100.55440066176584
105.59760960141627,538.08459605099
105.60548062180993,227.037920011789
105.6133516422036,256.0853492652006
105.62122266259726,165.37671836891158
105.62909368299093,225.56047445422732
105.63696470338459,344.5471462130829
105.64483572377826,130.54983205186772
105.65270674417192,31.24217890517613
105.66057776456559,15.429158312770369
105.66844878495925,95.35478475531437
105.67631980535292,558.2288852177861
105.68419082574658,106.6471027246107
105.69206184614025,159.5834721497747
105.69993286653391,249.8743643934011
105.70780388692758,7.622122671389779
105.71567490732124,79.19051578398435
105.72354592771491,34.5762706823359
105.73141694810857,90.76738703376857
105.73928796850224,17.82550643487831
105.7471589888959,11.752040782277923
105.75503000928957,189.47473034840263
105.76290102968323,1.6111282920444379
105.7707720500769,118.3125499343121
105.77864307047057,97.59478194422412
105.78651409086423,196.5462254805628
105.7943851112579,4.300544359301395
105.80225613165156,36.83515539410066
105.81012715204523,40.10566852653152
105.81799817243889,8.894022295241996
105.82586919283256,119.50269344092433
105.83374021322622,203.23488170122252
105.84161123361989,4.791763165879189
105.84948225401357,13.34056064380606
105.85735327440723,32.19685142124023
105.8652242948009,54.13396441546995
105.87309531519456,201.84539153299576
105.88096633558823,409.55497196777526
105.88883735598189,120.8730558074329
105.89670837637556,97.80017074478437
105.90457939676922,32.19783927296919
105.91245041716289,12.26298950618347
105.92032143755655,126.11722345528277
105.92819245795022,211.55420162466285
105.93606347834388,117.78946729774334
105.94393449873755,28.301023863301836
105.95180551913121,25.331150226721352
105.95967653952488,22.155363314763957
105.96754755991854,102.68992044427536
105.97541858031221,153.1139161231504
105.98328960070587,4.67291978234675
105.99116062109954,162.07506782440544
105.9990316414932,4.3538522395022055
106.00690266188687,18.222201029684573
106.01477368228053,188.89484934227892
106.0226447026742,60.04064857110905
106.03051572306786,43.42148173373699
106.03838674346153,101.86140367052694
106.0462577638552,101.3330740521271
106.05412878424886,54.36405636355491
106.06199980464253,389.72612485891375
106.06987082503619,429.87290322132765
106.07774184542986,45.06014500134218
106.08561286582352,152.50459901333423
106.09348388621719,107.10090646351593
106.10135490661085,315.2668944421393
106.10922592700452,41.21243717688909
106.11709694739818,41.50475215086189
106.12496796779185,127.70681230260949
106.13283898818551,441.48231556570727
106.14071000857918,611.9212853453645
106.14858102897284,415.11874492011856
106.15645204936651,323.70720553937304
106.16432306976017,234.98460230630076
106.17219409015384,15.211023705825085
106.18006511054752,165.62732590953786
106.18793613094118,8.374627107847775
106.19580715133485,25.028178708298597
106.20367817172851,176.39897655055762
106.21154919212218,23.474427016274905
106.21942021251584,334.0190430369889
106.22729123290951,872.149822303554
106.23516225330317,99.08828804806349
106.24303327369684,51.74962411394066
106.2509042940905,202.8092879707498
106.25877531448417,498.04041381776665
106.26664633487783,37.00103185796961
106.2745173552715,0.5173761259048835
106.28238837566516,2.95092492808168
106.29025939605883,127.78084535022978
106.2981304164525,245.91332521109516
106.30600143684616,433.23327219945264
106.31387245723982,221.4617990875327
106.32174347763349,35.725106934698466
106.32961449802715,79.00282982715746
106.33748551842082,875.2077819283596
106.34535653881449,120.54857675922035
106.35322755920815,21.22539719022422
106.36109857960182,318.29628995586427
106.36896959999548,99.73006281629962
106.37684062038915,190.29381493321455
106.38471164078281,241.7328557871953
106.39258266117648,123.10731983345723
106.40045368157014,10.030547687077094
106.4083247019638,5.539484023852436
106.41619572235747,29.60120288684125
106.42406674275114,4.641804918394253
106.4319377631448,20.395502982499274
106.43980878353847,54.566133853264226
106.44767980393213,107.49398976901738
106.4555508243258,162.9087186681454
106.46342184471946,107.93057606016137
106.47129286511313,240.30078726999926
106.4791638855068,347.95303228942447
106.48703490590046,151.26027052219547
106.49490592629412,83.48544914169784
106.50277694668779,2.127573745930073
106.51064796708145,87.4998628904907
106.51851898747513,134.22150791466635
106.5263900078688,23.1193465302645
106.53426102826246,5.459186801286951
106.54213204865613,37.30277382088268
106.5500030690498,279.42953890918693
106.55787408944346,381.0836793304427
106.56574510983712,215.09731989929537
106.57361613023079,42.42716718569658
106.58148715062445,57.67855220263617
106.58935817101812,31.893296776472845
106.59722919141178,12.302403619326853
106.60510021180545,25.396519351553827
106.61297123219911,197.33561541649937
106.62084225259278,39.270889129885084
106.62871327298645,82.65649637932935
106.63658429338011,380.37100447456083
106.64445531377378,315.1570571508725
106.65232633416744,2.2612250781486978
106.6601973545611,33.31307629679327
106.66806837495477,90.06949197965763
106.67593939534844,30.212391416434272
106.6838104157421,36.53381408038604
106.69168143613577,23.379850491481008
106.69955245652943,59.92542602488039
106.7074234769231,6.73542196618348
106.71529449731676,52.5604731966329
106.72316551771043,32.82180152708672
106.73103653810409,47.91633136945004
106.73890755849776,77.14768978481874
106.74677857889142,54.46184617721317
106.75464959928509,5.67729558093332
106.76252061967875,25.82996552954252
106.77039164007242,10.526784502763336
106.77826266046608,6.493879474262899
106.78613368085975,23.68827074440692
106.79400470125341,149.68534559557258
106.80187572164708,6.472912365863195
106.80974674204074,111.69903925211095
106.81761776243441,79.44282406651648
106.82548878282807,112.67288528985368
106.83335980322174,147.3022702160646
106.8412308236154,210.2643127900455
106.84910184400907,177.88659741158213
106.85697286440275,784.3987910486239
106.86484388479641,1135.9153423603195
106.87271490519008,244.25168711195724
106.88058592558374,574.3432154174476
106.88845694597741,181.94334708363914
106.89632796637108,22.41176433949635
106.90419898676474,258.11008597669536
106.9120700071584,235.07958733038765
106.91994102755207,24.536546133988892
106.92781204794574,74.8167140407549
106.9356830683394,74.94723626823233
106.94355408873307,74.76921738720078
106.95142510912673,5.753039204862043
106.9592961295204,138.6325794940348
106.96716714991406,17.33237323013321
106.97503817030773,281.20228655917964
106.98290919070139,72.76586888983216
106.99078021109506,7.482122581431331
106.99865123148872,167.80559550836674
107.00652225188239,44.441109092254635
107.01439327227605,91.7868639827214
107.02226429266972,9.087910368453102
107.03013531306338,5.155559303863213
107.03800633345705,105.98958798406422
107.04587735385071,14.62359726376154
107.05374837424438,4.240764302753244
107.06161939463804,301.17632122930655
107.06949041503171,76.16462175764691
107.07736143542537,282.2701907271065
107.08523245581904,19.5493348314037
107.0931034762127,128.07288086602713
107.10097449660637,110.80504337756567
107.10884551700003,28.5092936130798
107.1167165373937,11.618090934642598
107.12458755778736,118.17843320016033
107.13245857818103,129.80290362210621
107.1403295985747,483.8945913924031
107.14820061896836,303.56035731265706
107.15607163936203,114.49071132160188
107.16394265975569,105.8090415209117
107.17181368014936,7.377414530662526
107.17968470054302,20.83332551689155
107.18755572093669,47.88807634791507
107.19542674133037,6.434587790961039
107.20329776172403,44.977944797181785
107.2111687821177,180.8960070421531
107.21903980251136,48.20824601613241
107.22691082290503,175.76143655294604
107.23478184329869,20.478293447536764
107.24265286369236,21.393967740087618
107.25052388408602,15.675642979520235
107.25839490447969,143.6276985297909
107.26626592487335,76.10044650085703
107.27413694526702,50.2702188777721
107.28200796566068,64.53446797126419
107.28987898605435,196.29721309188042
107.29775000644801,41.73354102601008
107.30562102684168,43.3083630443138
107.31349204723534,60.85512444283091
107.32136306762901,289.0750907302836
107.32923408802267,34.28807786097431
107.33710510841634,205.71439177408024
107.34497612881,23.240843488340925
107.35284714920367,21.125524047675295
107.36071816959733,73.43067575634764
107.368589189991,252.8411100812095
107.37646021038466,23.761815506940092
107.38433123077833,126.2342422812596
107.392202251172,5.457740627364107
107.40007327156566,13.526471708169762
107.40794429195932,69.02227834305751
107.41581531235299,372.64407504166786
107.42368633274666,316.6429358420583
107.43155735314032,209.85681008733283
107.43942837353399,27.84697315504356
107.44729939392765,25.966661638150693
107.45517041432132,20.237213198638955
107.46304143471498,203.83213813753207
107.47091245510865,49.19974879052959
107.47878347550231,84.37059338890218
107.48665449589598,44.50234012756725
107.49452551628964,5.595660519374075
107.5023965366833,18.937797117892487
107.51026755707697,23.387920488180978
107.51813857747064,28.964025422897016
107.5260095978643,75.30927639134678
107.53388061825798,67.39950622028684
107.54175163865165,244.6501483360934
107.54962265904531,69.83178050280243
107.55749367943898,1.2182830044121418
107.56536469983264,17.75371862283244
107.57323572022631,124.5601187896096
107.58110674061997,1.3437285852420442
107.58897776101364,33.270319419573426
107.5968487814073,61.95364108472712
107.60471980180097,150.20929772941673
107.61259082219463,50.304709087569115
107.6204618425883,185.1801147824746
107.62833286298196,89.69563095801061
107.63620388337563,103.30274837482777
107.6440749037693,38.42860312443025
107.65194592416296,13.2010325072083
107.65981694455662,14.918311988246595
107.66768796495029,50.26095603079948
107.67555898534395,6.804278739117592
107.68343000573762,143.70611750994553
107.69130102613128,87.57031016955561
107.69917204652495,272.16756445157114
107.70704306691862,165.21770028716062
107.71491408731228,53.3718619322772
107.72278510770595,709.2505258826385
107.73065612809961,51.11758932882996
107.73852714849328,38.12592308883378
107.74639816888694,125.4513154823033
107.7542691892806,301.4590389352508
107.76214020967427,41.8562556765359
107.77001123006794,160.77100724431173
107.7778822504616,171.19198116782243
107.78575327085527,28.663083858244235
107.79362429124893,121.55230498793226
107.8014953116426,336.9191713771567
107.80936633203626,13.759753703132397
107.81723735242993,18.630601316251607
107.82510837282359,30.02532340156465
107.83297939321726,137.40386813437198
107.84085041361092,14.761690060433379
107.84872143400459,357.8760782612467
107.85659245439825,607.9026154809651
107.86446347479192,3.9956863006311645
107.8723344951856,184.49293793485967
107.88020551557926,334.1622055015375
107.88807653597293,66.14652100706357
107.8959475563666,143.04918851241626
107.90381857676026,44.50658135794402
107.91168959715392,187.191020093799
107.91956061754759,29.879813685363896
107.92743163794125,123.4263949181712
107.93530265833492,38.22812530627974
107.94317367872858,264.54413773631023
107.95104469912225,31.315168718378086
107.95891571951591,6.572890832709741
107.96678673990958,74.6990117282386
107.97465776030324,56.33324128613269
107.98252878069691,81.25359423593281
107.99039980109058,17.702936766098556
107.99827082148424,73.51922094796873
108.0061418418779,59.47009160429559
108.01401286227157,152.64236366850554
108.02188388266524,32.99162856094016
108.0297549030589,13.493292812029868
108.03762592345257,40.66091200935236
108.04549694384623,29.408201015562902
108.0533679642399,9.0639747389751
108.06123898463356,40.992787327326816
108.06911000502723,21.676257504136686
108.07698102542089,126.40420470002631
108.08485204581456,6.57447561087917
108.09272306620822,42.95402780662892
108.10059408660189,2.287555491647845
108.10846510699555,40.94967970544156
108.11633612738922,211.91461810744624
108.12420714778288,103.23334478392619
108.13207816817655,414.0114848551152
108.13994918857021,105.15743073495628
108.14782020896388,35.605253759244874
108.15569122935754,80.77074175316041
108.16356224975121,140.23880047779292
108.17143327014487,159.45453632703038
108.17930429053854,56.75673668134599
108.1871753109322,2.0549890362439993
108.19504633132587,225.56552916811083
108.20291735171953,274.83660340607554
108.21078837211321,55.42734349500475
108.21865939250688,13.755879851306334
108.22653041290054,194.91324487303083
108.23440143329421,44.03587450593149
108.24227245368787,196.09889213933235
108.25014347408154,104.59176247733681
108.2580144944752,191.54739982832754
108.26588551486887,46.61033576825068
108.27375653526254,191.16728230436226
108.2816275556562,139.48148246107917
108.28949857604987,194.3459499913052
108.29736959644353,28.216813428691747
108.3052406168372,127.36045361103292
108.31311163723086,22.019840409135565
108.32098265762453,6.0651198195688965
108.32885367801819,5.440233805599602
108.33672469841186,348.2140065762148
108.34459571880552,52.257990767290885
108.35246673919919,67.02580794224697
108.36033775959285,70.56910847745387
108.36820877998652,153.2216973016744
108.37607980038018,105.58399178212231
108.38395082077385,132.36404114529054
108.39182184116751,74.21085555721749
108.39969286156118,44.5577866766005
108.40756388195484,61.94649227897824
108.41543490234851,110.5587922859745
108.42330592274217,6.669327604070147
108.43117694313584,9.390769055844922
108.4390479635295,36.57714061912796
108.44691898392317,98.8546552633867
108.45479000431683,108.47624392263967
108.4626610247105,289.42005548547314
108.47053204510416,14.861516279068539
108.47840306549783,432.7587341336117
108.4862740858915,9.63764958903561
108.49414510628516,42.059172221650975
108.50201612667883,472.3944956743757
108.50988714707249,105.06576378725816
108.51775816746616,22.599525858967937
108.52562918785982,39.29359737791495
108.53350020825349,31.315511803782147
108.54137122864715,3.661971250081056
108.54924224904083,75.87436383504122
108.5571132694345,12.67497334097062
108.56498428982816,114.78066876923876
108.57285531022183,69.6028717924699
108.58072633061549,12.473514384087885
108.58859735100916,177.4260380005851
108.59646837140282,79.875877731561
108.60433939179649,146.9474901446885
108.61221041219015,9.897510961378636
108.62008143258382,54.36683983983113
108.62795245297748,20.064560661837934
108.63582347337115,75.75655199008443
108.64369449376481,44.9437830582495
108.65156551415848,45.73104601460235
108.65943653455214,16.365565478561194
108.66730755494581,72.38280008543735
108.67517857533947,15.155778373103342
108.68304959573314,119.71003732205034
108.6909206161268,36.09904592171878
108.69879163652047,67.23993988475448
108.70666265691413,119.88015825618415
108.7145336773078,168.7341913016681
108.72240469770146,10.42443653671057
108.73027571809513,230.76742789554118
108.7381467384888,68.16744871992468
108.74601775888246,378.99193684919237
108.75388877927612,45.754440074912026
108.76175979966979,52.92846999679044
108.76963082006345,229.32383881393227
108.77750184045712,11.040972133104333
108.78537286085079,82.87832271640241
108.79324388124445,435.12412091659525
108.80111490163812,77.13023585912242
108.80898592203178,5.364738326554374
108.81685694242545,134.92579658221578
108.82472796281911,189.1994032667833
108.83259898321278,85.7185865949859
108.84047000360644,70.70919523379571
108.8483410240001,87.04362750347602
108.85621204439377,122.45764313840078
108.86408306478744,12.657552274906687
108.8719540851811,21.995583953909335
108.87982510557477,58.81599087251265
108.88769612596845,47.379951658225416
108.89556714636211,164.64070014292685
108.90343816675578,48.7486031113668
108.91130918714944,54.94244397273832
108.9191802075431,6.880215917513704
108.92705122793677,74.26495433933997
108.93492224833044,301.79446109553976
108.9427932687241,17.816488224212836
108.95066428911777,105.50348837476541
108.95853530951143,10.005694560440192
108.9664063299051,86.29986485238751
108.97427735029876,593.0866692442258
108.98214837069243,94.76141474164527
108.9900193910861,101.20296507353451
108.99789041147976,157.63698321008584
109.00576143187342,23.036786078716755
109.01363245226709,503.7280430196249
109.02150347266075,63.307966001892254
109.02937449305442,78.68596345900305
109.03724551344808,229.65978149136944
109.04511653384175,91.672464284581
109.05298755423541,231.64051576852717
109.06085857462908,19.024405202245447
109.06872959502275,9.540659179694458
109.07660061541641,425.3293455722909
109.08447163581008,84.93620872275146
109.09234265620374,248.39336352386866
109.1002136765974,211.29993481826818
109.10808469699107,13.910413453861608
109.11595571738474,110.1517868283043
109.1238267377784,48.03966576251488
109.13169775817207,317.7153515026735
109.13956877856573,6.64107044487979
109.1474397989594,86.2642083782767
109.15531081935306,10.778276272981978
109.16318183974673,32.31730175961501
109.17105286014039,29.155296587534153
109.17892388053406,155.6791843327483
109.18679490092772,14.162255374313311
109.19466592132139,17.198634472492234
109.20253694171505,54.83684968090985
109.21040796210872,187.81108081520603
109.2182789825024,70.95818953743438
109.22615000289606,82.84878657273056
109.23402102328973,226.87426461926654
109.2418920436834,12.167209670790093
109.24976306407706,12.674044423766935
109.25763408447072,9.263740875986768
109.26550510486439,18.89178439236671
109.27337612525805,56.770824180698575
109.28124714565172,115.44895811935987
109.28911816604538,38.02738934577749
109.29698918643905,22.75174540771738
109.30486020683271,89.28247626880481
109.31273122722638,31.921913096264
109.32060224762004,48.77333936750805
109.32847326801371,89.96769339007601
109.33634428840737,54.57669849397827
109.34421530880104,18.81296861949031
109.3520863291947,30.928813543259206
109.35995734958837,57.7038128525856
109.36782836998204,29.307531845316234
109.3756993903757,4.390694922513665
109.38357041076937,16.256447417942365
109.39144143116303,92.97196471436783
109.3993124515567,17.7030016450105
109.40718347195036,50.48035887071677
109.41505449234403,82.37511109559809
109.42292551273769,596.901170604139
109.43079653313136,31.744761994564975
109.43866755352502,123.9647910847039
109.44653857391869,52.52112045271181
109.45440959431235,9.707344117493001
109.46228061470602,54.055001087856205
109.47015163509968,59.2012821988037
109.47802265549335,81.16914305431756
109.48589367588701,124.87068133607244
109.49376469628068,22.66814812027172
109.50163571667434,54.74875216026256
109.50950673706801,33.81212879082714
109.51737775746167,16.89626331736671
109.52524877785534,245.61786356790603
109.533119798249,11.542403687884365
109.54099081864267,50.69858220492802
109.54886183903633,115.55752900302295
109.55673285943001,12.602354507501103
109.56460387982368,244.30030288178176
109.57247490021734,18.479723064042563
109.58034592061101,11.10961331583587
109.58821694100467,94.90588300443652
109.59608796139834,263.95860431553564
109.603958981792,56.81726814076722
109.61183000218567,75.52114268122997
109.61970102257933,129.4098379707174
109.627572042973,32.67184642007406
109.63544306336667,37.61390544548172
109.64331408376033,85.95577676416342
109.651185104154,767.7271383952072
109.65905612454766,57.63797416769721
109.66692714494133,11.276396808521783
109.67479816533499,26.290641259625225
109.68266918572866,206.72720888253085
109.69054020612232,698.9093589305818
109.69841122651599,136.1839354495357
109.70628224690965,217.67262046002793
109.71415326730332,9.959429886951865
109.72202428769698,285.11564411864975
109.72989530809065,25.79584617220439
109.73776632848431,366.6223499907642
109.74563734887798,93.05701193331431
109.75350836927164,107.86530061031667
109.76137938966531,39.59424548134152
109.76925041005897,606.4606286620967
109.77712143045264,209.11956151359792
109.7849924508463,236.689531443695
109.79286347123997,985.6021115970235
109.80073449163363,728.7061301066578
109.8086055120273,344.1513690475231
109.81647653242096,347.87537327348116
109.82434755281463,637.4903197349878
109.8322185732083,5.6669962516427494
109.84008959360196,195.68454602564717
109.84796061399562,368.9107376296114
109.85583163438929,497.73585790779225
109.86370265478295,32.62214924341697
109.87157367517662,145.44325449688316
109.87944469557029,42.33749537510659
109.88731571596395,1057.7463528765381
109.89518673635763,12.058151000525623
109.9030577567513,421.9982592292571
109.91092877714496,297.58880383414936
109.91879979753863,97.62814856489216
109.92667081793229,247.32470826519307
109.93454183832596,118.26863242881225
109.94241285871962,437.28122064786663
109.95028387911329,727.2963340177774
109.95815489950695,129.0690060896973
109.96602591990062,225.75182783136557
109.97389694029428,792.4724157026825
109.98176796068795,218.8211138274914
109.98963898108161,113.0771339505159
109.99751000147528,46.896020307702344
110.00538102186894,294.89955028629794
110.01325204226261,128.02147649321861
110.02112306265627,493.5166902124557
110.02899408304994,334.93713815532465
110.0368651034436,128.9603916076947
110.04473612383727,160.5003748697322
110.05260714423093,129.6565209636668
110.0604781646246,230.5776878247287
110.06834918501826,37.662616940022254
110.07622020541193,216.47262750435016
110.0840912258056,579.665609725096
110.09196224619926,75.09052571830291
110.09983326659292,8.229622284272029
110.10770428698659,7.040449202532516
110.11557530738025,19.71613617573038
110.12344632777392,1.369858070785679
110.13131734816758,170.59247738786414
110.13918836856125,148.25284568088398
110.14705938895491,49.659043692504824
110.15493040934858,22.9792921778553
110.16280142974225,160.60630642519143
110.17067245013591,132.63504592702617
110.17854347052958,38.222084561486554
110.18641449092324,150.8146708876475
110.1942855113169,26.01512790059891
110.20215653171057,115.75057184449875
110.21002755210424,126.2773044298175
110.2178985724979,75.31849217966322
110.22576959289157,97.90540671679403
110.23364061328525,147.03235530521857
110.24151163367891,406.99108260968137
110.24938265407258,161.60239564834194
110.25725367446624,40.15601749905702
110.2651246948599,366.7978062868576
110.27299571525357,83.01240506805776
110.28086673564724,16.058080333557427
110.2887377560409,4.003775224428763
110.29660877643457,223.80610191581547
110.30447979682823,63.790066744434405
110.3123508172219,13.48533954998666
110.32022183761556,32.12702073884488
110.32809285800923,69.55453688902281
110.3359638784029,78.42966966088782
110.34383489879656,126.23611602786643
110.35170591919022,23.956343896929045
110.35957693958389,101.50125670139984
110.36744795997755,8.932832390211829
110.37531898037122,58.13764318891924
110.38319000076488,111.79648257773559
110.39106102115855,21.221403587596686
110.39893204155221,332.68528394129874
110.40680306194588,168.88821922679924
110.41467408233954,18.40484184583144
110.42254510273321,85.28428492224947
110.43041612312688,290.8810473373524
110.43828714352054,2.047239838305483
110.4461581639142,167.81582122071995
110.45402918430787,90.54295290856818
110.46190020470154,124.19105473264887
110.4697712250952,82.10616843913355
110.47764224548887,36.44248275718542
110.48551326588253,28.68871687478682
110.4933842862762,17.107334806367763
110.50125530666986,2.190077709772099
110.50912632706353,241.47660476848904
110.51699734745719,30.106296986911378
110.52486836785086,119.75941921076686
110.53273938824452,30.031286773325505
110.54061040863819,517.0779104503102
110.54848142903185,38.88921277364867
110.55635244942552,15.67191733284464
110.56422346981918,53.23514260054097
110.57209449021286,27.278953325118888
110.57996551060653,24.84478748158874
110.58783653100019,165.0676728591919
110.59570755139386,275.63437308558895
110.60357857178752,67.25828641050677
110.61144959218119,18.79963017454254
110.61932061257485,19.52930371404524
110.62719163296852,93.08903678782431
110.63506265336218,14.320842322129723
110.64293367375585,65.44995956205332
110.65080469414951,430.1317545794036
110.65867571454318,284.8097641207574
110.66654673493684,189.8153075508702
110.67441775533051,129.93605398551537
110.68228877572417,122.9992588999833
110.69015979611784,49.20521041074746
110.6980308165115,9.416166270193512
110.70590183690517,19.776426842999633
110.71377285729884,29.340118826185883
110.7216438776925,52.68582192972245
110.72951489808617,93.26153713919228
110.73738591847983,118.21394783494506
110.7452569388735,79.90564449717645
110.75312795926716,88.35511451429937
110.76099897966083,67.84684669224585
110.76887000005449,124.2761212622223
110.77674102044816,52.86861599176911
110.78461204084182,16.782133601879355
110.79248306123549,131.1218755251557
110.80035408162915,39.416350217724755
110.80822510202282,148.33556530417343
110.81609612241648,65.16875578875819
110.82396714281015,290.98580849326765
110.83183816320381,2.54024181369429
110.83970918359748,175.96485002876912
110.84758020399114,256.99262551750815
110.85545122438481,39.41728089942927
110.86332224477847,28.964599547765214
110.87119326517214,1.8270974886924953
110.8790642855658,194.1448546164871
110.88693530595947,209.8230307530103
110.89480632635313,678.5759452436771
110.9026773467468,189.27063442123972
110.91054836714048,133.08564893997598
110.91841938753414,72.08254337459167
110.92629040792781,147.6637856581284
110.93416142832147,5.396482084799317
110.94203244871514,270.27782202942666
110.9499034691088,141.05001622223034
110.95777448950247,6.5015138418266005
110.96564550989613,3.924390798026264
110.9735165302898,57.168084487296106
110.98138755068346,155.08660462481978
110.98925857107713,226.14266545961587
110.9971295914708,87.0564408002351
111.00500061186446,0.19499606004626005
111.01287163225813,25.945880381825106
111.02074265265179,6.555721463998431
111.02861367304546,139.45089607723003
111.03648469343912,153.02758082785346
111.04435571383279,20.180412894207
111.05222673422645,7.881265465891956
111.06009775462012,33.31570498318693
111.06796877501378,861.1337322144286
111.07583979540745,256.6190329801758
111.08371081580111,12.484413055449062
111.09158183619478,86.76938496084252
111.09945285658844,130.1599429237586
111.10732387698211,379.7882109204721
111.11519489737577,252.3004272225518
111.12306591776944,118.75417126325767
111.1309369381631,340.46915526404524
111.13880795855677,74.46933201046724
111.14667897895043,88.01449034678315
111.1545499993441,124.49587512586591
111.16242101973776,158.75371339272684
111.17029204013143,906.4755888506508
111.1781630605251,392.59134033779384
111.18603408091876,102.27977015863307
111.19390510131242,322.6836560154096
111.20177612170609,85.5229815463289
111.20964714209975,129.97989998305192
111.21751816249342,400.1771974222616
111.22538918288708,27.42377551537277
111.23326020328075,346.5010659048146
111.24113122367442,193.87582187918812
111.2490022440681,223.09715552636084
111.25687326446176,20.675962907850884
111.26474428485542,212.40919256367187
111.27261530524909,554.5409730408683
111.28048632564276,516.6863524461962
111.28835734603642,594.443195544619
111.29622836643009,7.082454640207723
111.30409938682375,912.4995871436416
111.31197040721742,845.1882285734122
111.31984142761108,176.8767867969466
111.32771244800475,661.1287015425315
111.33558346839841,1242.7079203883748
111.34345448879208,127.41758693725136
111.35132550918574,336.3246592165344
111.3591965295794,1127.1178051528289
111.36706754997307,773.3109442321313
111.37493857036674,988.5162514349514
111.3828095907604,140.2143126900197
111.39068061115407,273.96287831917243
111.39855163154773,65.89289833841025
111.4064226519414,275.9266022034613
111.41429367233506,127.09241967667596
111.42216469272873,920.0347423232344
111.4300357131224,269.1940445844766
111.43790673351606,498.4139278983304
111.44577775390972,173.0124820449768
111.45364877430339,670.2119418302216
111.46151979469705,375.18098202535276
111.46939081509072,8.761217101211512
111.47726183548438,57.24155250912331
111.48513285587805,48.00487742023104
111.49300387627171,27.875388637133494
111.50087489666538,232.8079897689799
111.50874591705904,197.99602488414746
111.51661693745271,69.37568070233326
111.52448795784638,506.05758013578287
111.53235897824004,80.02484818364157
111.5402299986337,145.7264559747188
111.54810101902737,53.13101172301927
111.55597203942104,14.723859614440743
111.5638430598147,11.65099130691423
111.57171408020837,30.93336456186688
111.57958510060203,1.8583887209634955
111.58745612099571,207.67028856869334
111.59532714138938,121.01256608433818
111.60319816178304,226.9083354832223
111.6110691821767,450.6230611645192
111.61894020257037,35.81870614248303
111.62681122296404,19.819428122688294
111.6346822433577,259.46127950308767
111.64255326375137,29.657349104854568
111.65042428414503,42.290936696918976
111.6582953045387,931.7265866471128
111.66616632493236,121.74152593689877
111.67403734532603,84.5445865487805
111.68190836571969,105.93829078372748
111.68977938611336,14.987535031746106
111.69765040650702,243.39113262490855
111.70552142690069,12.29380131984008
111.71339244729435,88.53408600869145
111.72126346768802,22.506885854748266
111.72913448808168,292.8973379937357
111.73700550847535,260.8263380128434
111.74487652886901,100.0767655161485
111.75274754926268,239.9650488154953
111.76061856965634,79.04993527832634
111.76848959005001,24.267257196361406
111.77636061044367,306.0892450701871
111.78423163083734,29.348958712095087
111.792102651231,0.9810317888410297
111.79997367162467,138.88483805586927
111.80784469201834,218.83705337201982
111.815715712412,159.49094816937367
111.82358673280567,155.06943686309708
111.83145775319933,446.2500495198693
111.839328773593,60.090189694118855
111.84719979398666,43.01507958542609
111.85507081438033,91.71125140540049
111.86294183477399,97.2148369439543
111.87081285516766,78.52342055158644
111.87868387556132,437.0393752584192
111.88655489595499,31.613313000641657
111.89442591634865,6.584739173253367
111.90229693674232,18.175788234885246
111.91016795713598,292.5555857742457
111.91803897752965,41.01329106549752
111.92590999792333,234.4470657902581
111.93378101831699,22.738512141742437
111.94165203871066,365.02877551705376
111.94952305910432,28.66489259029916
111.95739407949799,34.139920649477695
111.96526509989165,29.125913205325837
111.97313612028532,10.89424051755943
111.98100714067898,64.56252910440865
111.98887816107265,98.52027103597221
111.99674918146631,4.694751835644429
112.00462020185998,245.23202195708492
112.01249122225364,218.12751580196598
112.02036224264731,77.21955493784822
112.02823326304097,276.80000848286204
112.03610428343464,216.26628096278927
112.0439753038283,77.28310260212183
112.05184632422197,80.64162227050477
112.05971734461563,214.39250313654014
112.0675883650093,497.2188990283367
112.07545938540297,543.197647111435
112.08333040579663,36.10193928634686
112.0912014261903,84.89737069974299
112.09907244658396,147.13980168058148
112.10694346697763,77.22587172855924
112.11481448737129,4.559403051166779
112.12268550776496,18.014203472971534
112.13055652815862,40.910085211919096
112.13842754855229,120.52009362377159
112.14629856894595,33.536192572613615
112.15416958933962,75.60615877216974
112.16204060973328,52.563379620240504
112.16991163012695,94.33078133242668
112.17778265052061,35.09731880448004
112.18565367091428,313.43485444454757
112.19352469130794,83.02811527397657
112.20139571170161,3.096378076956942
112.20926673209527,36.836503564376784
112.21713775248894,257.07263097634893
112.2250087728826,70.27578544294968
112.23287979327627,237.82959870228603
112.24075081366993,762.5753127603622
112.2486218340636,100.38354998806898
112.25649285445728,44.608751512880964
112.26436387485094,97.30736740508291
112.27223489524461,34.87299166397911
112.28010591563827,18.520924717192045
112.28797693603194,97.5094272338508
112.2958479564256,52.01371394743464
112.30371897681927,51.178482040413115
112.31158999721293,42.35318461904196
112.3194610176066,109.38677011242795
112.32733203800026,143.01262315273127
112.33520305839393,11.450047833454994
112.3430740787876,58.523450518110195
112.35094509918126,135.49049938147897
112.35881611957493,43.33719852057894
112.36668713996859,138.3999479243838
112.37455816036226,45.52273702558478
112.38242918075592,197.9039556087018
112.39030020114959,60.576029311998845
112.39817122154325,242.8447304520724
112.40604224193692,498.28937942561663
112.41391326233058,272.6805122346353
112.42178428272425,71.1154292207939
112.42965530311791,37.65356742227888
112.43752632351158,65.07385485336583
112.44539734390524,109.73139980167919
112.4532683642989,142.37817530495306
112.46113938469257,288.9700546893907
112.46901040508624,42.34513559034652
112.4768814254799,288.6934927803535
112.48475244587357,90.36575160375072
112.49262346626723,29.738285672462208
112.5004944866609,119.84722212914716
112.50836550705456,10.8962259526955
112.51623652744823,108.87116129342863
112.5241075478419,43.69261917767995
112.53197856823556,127.78600750926384
112.53984958862922,68.67297168144897
112.54772060902289,17.99287616743357
112.55559162941655,1.6021021906658102
112.56346264981022,35.18761036211523
112.57133367020388,81.11525562568592
112.57920469059755,23.863831629637914
112.58707571099121,9.76150426150251
112.5949467313849,80.35889417521862
112.60281775177856,500.94420404651737
112.61068877217222,72.3811739235495
112.61855979256589,233.4850278050835
112.62643081295955,35.73389243518129
112.63430183335322,390.47241688204224
112.64217285374689,29.85946182569045
112.65004387414055,10.547943548677326
112.65791489453422,64.33069145231316
112.66578591492788,304.8088865323397
112.67365693532155,117.4663811174904
112.68152795571521,35.23906073232819
112.68939897610888,31.981946680350717
112.69726999650254,323.97766965422244
112.7051410168962,24.288265236756114
112.71301203728987,16.855974075189973
112.72088305768354,316.61057130772883
112.7287540780772,62.27923731308877
112.73662509847087,1.3296953525921504
112.74449611886453,36.12619802465844
112.7523671392582,5.660284580089183
112.76023815965186,56.984121689036265
112.76810918004553,147.73329837902872
112.7759802004392,51.106881592635986
112.78385122083286,9.097128493908984
112.79172224122652,19.705672008625505
112.79959326162019,141.99939032174763
112.80746428201385,26.65888799221302
112.81533530240752,26.686390024243764
112.82320632280118,297.3214016798411
112.83107734319485,134.14587001244118
112.83894836358851,22.016783569903836
112.84681938398218,129.65344564892186
112.85469040437584,76.42048559240837
112.86256142476951,67.05390846400044
112.87043244516317,106.6276138104595
112.87830346555684,99.31814350044657
112.8861744859505,21.003390709310604
112.89404550634417,63.39284263567679
112.90191652673784,12.118230472380725
112.9097875471315,36.532730748737706
112.91765856752517,139.81194123221235
112.92552958791883,90.77490061145953
112.93340060831251,101.34861321547761
112.94127162870618,35.50642851130854
112.94914264909984,5.5071674050672925
112.9570136694935,275.0916645054931
112.96488468988717,76.0482535775632
112.97275571028084,15.816622708110652
112.9806267306745,140.57051510150959
112.98849775106817,7.205732046909778
112.99636877146183,244.14722227390942
113.0042397918555,107.93010083910636
113.01211081224916,411.12549817558005
113.01998183264283,179.0578660775798
113.02785285303649,550.7103881154801
113.03572387343016,2.6588977048643354
113.04359489382382,34.06201488662216
113.05146591421749,3.538345408168296
113.05933693461115,216.6141672788386
113.06720795500482,41.30597957762813
113.07507897539848,151.94251998078735
113.08294999579215,57.045644996838874
113.09082101618581,98.42877619796171
113.09869203657948,98.4627693918012
113.10656305697314,7.063882751765887
113.11443407736681,18.13448050167594
113.12230509776047,202.53578684402942
113.13017611815414,43.16481978072959
113.1380471385478,6.555409933921311
113.14591815894147,119.90565920430959
113.15378917933513,239.9125351726989
113.1616601997288,10.857705424159377
113.16953122012247,113.40481454783861
113.17740224051613,2.5920986434388307
113.1852732609098,54.124684132837025
113.19314428130346,39.67001513584956
113.20101530169713,17.616890644036104
113.20888632209079,319.6668217636297
113.21675734248446,16.049358371556973
113.22462836287812,161.32123847866995
113.23249938327179,1096.9453369395026
113.24037040366545,107.71972247649805
113.24824142405912,1017.2761163979039
113.25611244445278,23.584583603095027
113.26398346484645,139.52341137027977
113.27185448524013,92.40366358891018
113.27972550563379,275.6247062841432
113.28759652602746,124.89095525967672
113.29546754642112,27.809561193150763
113.30333856681479,12.977662467711498
113.31120958720845,159.4888946057207
113.31908060760212,11.540848237611653
113.32695162799578,82.28897772069
113.33482264838945,136.2391863565163
113.34269366878311,60.089451778348455
113.35056468917678,330.03087870112273
113.35843570957044,81.33167087904287
113.36630672996411,258.0897378493609
113.37417775035777,84.70990880608325
113.38204877075144,29.247534581141313
113.3899197911451,80.42953670157513
113.39779081153877,71.81134378512652
113.40566183193243,154.6582418103337
113.4135328523261,25.86308484559512
113.42140387271976,50.854571992890286
113.42927489311343,12.532076882102464
113.4371459135071,6.412067803956372
113.44501693390076,116.70294443514148
113.45288795429443,0.8603870744442574
113.46075897468809,9.662910415531883
113.46862999508176,0.08621276068458304
113.47650101547542,48.974224136138986
113.48437203586909,23.132484648355142
113.49224305626275,356.63305327503224
113.50011407665642,76.0960956019184
113.50798509705008,74.06184716743297
113.51585611744375,241.68473357699514
113.52372713783741,37.91750492352135
113.53159815823108,63.63230553051349
113.53946917862474,63.10399321130668
113.54734019901841,1014.9503218661424
113.55521121941207,119.09196467942229
113.56308223980574,34.705152306839544
113.5709532601994,38.02138370343044
113.57882428059307,80.6251734205022
113.58669530098673,30.166792530981603
113.5945663213804,366.18081215412195
113.60243734177406,124.93569661872365
113.61030836216774,123.10539227558544
113.61817938256141,268.7127692766321
113.62605040295507,52.61744720984368
113.63392142334874,9.36272976595423
113.6417924437424,174.43092986704312
113.64966346413607,22.532499777728507
113.65753448452973,1.798763527894208
113.6654055049234,23.528707075914017
113.67327652531706,104.29457028331096
113.68114754571073,161.33645634954647
113.6890185661044,27.202641168540083
113.69688958649806,64.40180799013544
113.70476060689172,20.55070546565263
113.71263162728539,9.629531235519485
113.72050264767906,182.84888885912423
113.72837366807272,365.87787687367853
113.73624468846639,170.2300522110075
113.74411570886005,19.400967944043003
113.75198672925372,30.68222340755024
113.75985774964738,13.4423389110648
113.76772877004105,105.29498841883083
113.77559979043471,342.25874881215253
113.78347081082838,136.35951461262036
113.79134183122204,91.79380873147049
113.7992128516157,25.373055556918814
113.80708387200937,56.48925286817355
113.81495489240304,29.972204323886842
113.8228259127967,312.66191973511184
113.83069693319037,4.064189213376696
113.83856795358403,26.54447052644746
113.8464389739777,59.856654751385875
113.85430999437136,313.82524500209433
113.86218101476503,33.873581927783405
113.8700520351587,27.051339697998923
113.87792305555236,82.25906383450268
113.88579407594602,42.4929327565596
113.89366509633969,59.967661492161625
113.90153611673335,5.797107604210241
113.90940713712702,310.2543424685332
113.91727815752068,31.171768137665293
113.92514917791435,142.14642710381273
113.93302019830801,225.74980364222313
113.94089121870168,67.59251530953154
113.94876223909536,31.87810403831189
113.95663325948902,203.91976533025067
113.96450427988269,64.33513955798229
113.97237530027635,101.74715146721414
113.98024632067002,3.656464192888794
113.98811734106368,109.86295283875799
113.99598836145735,19.47808637451381
114.00385938185102,41.06063398411626
114.01173040224468,250.56944662967322
114.01960142263835,159.8364551121799
114.02747244303201,3.315702819841558
114.03534346342568,126.5071295897407
114.04321448381934,52.70925481321388
114.051085504213,21.382160311576737
114.05895652460667,127.63252410775009
114.06682754500034,17.383955238464935
114.074698565394,78.42873098558861
114.08256958578767,12.364035896160473
114.09044060618133,45.27360829626271
114.098311626575,57.242123539993365
114.10618264696866,6.104390509402449
114.11405366736233,0.48544089975831695
114.12192468775599,89.5208640381166
114.12979570814966,105.24796429544453
114.13766672854332,15.748109130502808
114.14553774893699,3.264528580969058
114.15340876933065,112.11057634571128
114.16127978972432,204.22846050958103
114.16915081011798,24.5498253711047
114.17702183051165,258.9652939116598
114.18489285090531,544.7749703897476
114.19276387129898,390.045475979885
114.20063489169264,75.65140430183034
114.20850591208631,54.55023469404172
114.21637693247997,42.61113154376506
114.22424795287364,15.961845129280013
114.2321189732673,9.213191627227706
114.23998999366097,29.749504209831418
114.24786101405464,155.68768984152575
114.2557320344483,79.75135315248616
114.26360305484197,46.06205013805456
114.27147407523563,8.729177995526337
114.2793450956293,153.5679147109618
114.28721611602298,26.35272858810355
114.29508713641664,13.831928926952223
114.3029581568103,47.10860738186768
114.31082917720397,3.607068368126313
114.31870019759764,26.560207274566416
114.3265712179913,320.3467313939481
114.33444223838497,59.71548478540322
114.34231325877863,24.920890416708563
114.3501842791723,16.197453980309998
114.35805529956596,0.4500448569434828
114.36592631995963,269.6351693671997
114.37379734035329,52.370396077397594
114.38166836074696,290.01382126839854
114.38953938114062,204.02989437819627
114.39741040153429,111.83643925860241
114.40528142192795,35.981334924985376
114.41315244232162,73.83810027917042
114.42102346271528,51.52784208358405
114.42889448310895,209.3181289824566
114.43676550350261,329.7111982622659
114.44463652389628,30.99184962158895
114.45250754428994,38.001827694387075
114.46037856468361,48.89294648770566
114.46824958507727,281.27637919651517
114.47612060547094,20.25394030815339
114.4839916258646,5.030727843471051
114.49186264625827,17.413632668494696
114.49973366665193,28.503420327882036
114.5076046870456,190.2945554161712
114.51547570743926,53.56505763255046
114.52334672783293,72.75610143170013
114.5312177482266,13.28594237143624
114.53908876862026,41.598462264407644
114.54695978901393,89.54834548535325
114.55483080940759,47.575079475019635
114.56270182980126,143.79796710878486
114.57057285019492,93.44114945306625
114.57844387058859,148.13509630209472
114.58631489098225,154.6163931012088
114.59418591137592,11.515270889535822
114.60205693176958,2.707950264409818
114.60992795216325,2.771356891942363
114.61779897255691,3.5779781152269665
114.62566999295059,45.75012177750732
114.63354101334426,11.888564200620836
114.64141203373792,2.490327674398817
114.64928305413159,40.36593017852696
114.65715407452525,154.49629113533697
114.66502509491892,103.00516791887866
114.67289611531258,76.13524723583528
114.68076713570625,14.231750522909653
114.68863815609991,47.09194169379288
114.69650917649358,50.834703422509904
114.70438019688724,246.64136529105235
114.71225121728091,57.12156294829152
114.72012223767457,103.98887435179627
114.72799325806824,28.627149853059983
114.7358642784619,121.9165398704065
114.74373529885557,81.01568185983558
114.75160631924923,14.557408210216462
114.7594773396429,40.64468998751829
114.76734836003656,36.14391007335674
114.77521938043023,25.2886630762313
114.7830904008239,47.61467983970358
114.79096142121756,49.21071464215418
114.79883244161122,164.4367202082398
114.80670346200489,28.085634776779088
114.81457448239856,214.60323351761738
114.82244550279222,131.35803532353296
114.83031652318589,25.78646577056338
114.83818754357955,97.01796805888213
114.84605856397322,13.043570968680264
114.85392958436688,81.84433187477042
114.86180060476055,26.68250236528356
114.86967162515421,72.28009374992907
114.87754264554788,87.96386051701919
114.88541366594154,226.89143250715344
114.8932846863352,204.96661363336182
114.90115570672887,39.9969849208901
114.90902672712254,70.8879884332317
114.9168977475162,5.328432711714655
114.92476876790987,2.5996748446126015
114.93263978830353,14.650331101425287
114.9405108086972,73.51022521607611
114.94838182909086,32.19282944296533
114.95625284948453,69.72275830389239
114.96412386987821,5.116727866980761
114.97199489027187,73.88207029021699
114.97986591066554,8.44970185725452
114.9877369310592,3.7439143954783467
114.99560795145287,187.7007684818084
115.00347897184653,155.26232531522808
115.0113499922402,243.44996103681518
115.01922101263386,240.15152974074712
115.02709203302753,5.846556602025858
115.0349630534212,51.31231713995072
115.04283407381486,19.158209303974978
115.05070509420852,43.46061005294853
115.05857611460219,61.69921162563623
115.06644713499585,11.809328167820029
115.07431815538952,12.171909429782922
115.08218917578318,2.5035009471255116
115.09006019617685,329.79723726450095
115.09793121657052,36.33937706833796
115.10580223696418,8.227441594795604
115.11367325735785,1.9512928194564312
115.12154427775151,43.361497158609566
115.12941529814518,59.66161106725801
115.13728631853884,85.11440888100245
115.1451573389325,42.64573150059812
115.15302835932617,298.35642712370725
115.16089937971984,42.85517939017565
115.1687704001135,25.658188334396545
115.17664142050717,121.2601705220664
115.18451244090083,8.731939949819616
115.1923834612945,95.23599676249037
115.20025448168816,340.7556304568317
115.20812550208183,145.35037491703298
115.21599652247549,8.425074688566518
115.22386754286916,22.804855365457556
115.23173856326282,165.70543645866036
115.23960958365649,22.486345484294965
115.24748060405015,27.843066042467935
115.25535162444382,76.05922074028709
115.26322264483748,132.72932003993444
115.27109366523115,78.74102673662992
115.27896468562481,161.37185451945996
115.28683570601848,21.104146733717695
115.29470672641216,9.572610892831038
115.30257774680582,188.29397008842116
115.31044876719949,36.61141223509292
115.31831978759315,153.38630953162533
115.32619080798682,176.0783535097872
115.33406182838048,176.68567314679242
115.34193284877415,21.800832527316654
115.34980386916781,84.77968115385623
115.35767488956148,62.477812544027
115.36554590995515,23.09589058840859
115.37341693034881,27.11089431039766
115.38128795074248,14.885465275662579
115.38915897113614,53.12736965408486
115.3970299915298,570.5430910905764
115.40490101192347,59.25281525396648
115.41277203231714,6.884139275868938
115.4206430527108,2.7867141658482737
115.42851407310447,497.7206895765002
115.43638509349813,17.90888065988151
115.4442561138918,65.69878126327418
115.45212713428546,74.66100067544181
115.45999815467913,2.4671240418407057
115.46786917507279,88.85108552732409
115.47574019546646,85.78009967752477
115.48361121586012,24.56108689643951
115.49148223625379,248.35690038755163
115.49935325664745,58.38702256812673
115.50722427704112,409.9601994663888
115.51509529743478,2.9190443933483703
115.52296631782845,104.42542917531372
115.53083733822211,177.11451830361452
115.53870835861578,26.63020717156864
115.54657937900944,60.700014279434775
115.55445039940311,316.1403669201978
115.56232141979677,107.5567609405807
115.57019244019044,133.81583774695957
115.5780634605841,17.465763580284523
115.58593448097777,23.877517471787485
115.59380550137143,41.719183312734785
115.6016765217651,231.0342798317252
115.60954754215877,347.6370261472953
115.61741856255243,254.96237764124987
115.6252895829461,52.87226937798425
115.63316060333977,57.21577064033266
115.64103162373344,81.36827243611951
115.6489026441271,41.17935365279539
115.65677366452077,107.33009136845851
115.66464468491444,123.10974189485135
115.6725157053081,31.65758532539024
115.68038672570177,123.21644942390489
115.68825774609543,92.58127714385009
115.6961287664891,32.531742519071
115.70399978688276,57.981982735526785
115.71187080727643,103.06900363408485
115.71974182767009,2.8458874789698694
115.72761284806376,34.04687667177473
115.73548386845742,106.09791255804394
115.74335488885109,109.25521170237192
115.75122590924475,91.96096789797977
115.75909692963842,73.32489862499108
115.76696795003208,26.01145450150705
115.77483897042575,50.869942714437855
115.78270999081941,209.20830050269848
115.79058101121308,527.705443448292
115.79845203160674,256.3652790724229
115.80632305200041,126.19220503436713
115.81419407239407,150.79276943470407
115.82206509278774,23.72417427633506
115.8299361131814,149.34571065177448
115.83780713357507,22.26012172733855
115.84567815396873,330.78955356215204
115.8535491743624,322.78073041574356
115.86142019475606,84.57714787702349
115.86929121514973,24.273616956885103
115.8771622355434,307.1410887956346
115.88503325593706,560.9502798197148
115.89290427633073,43.43356465523047
115.90077529672439,22.092094357504195
115.90864631711806,208.25841564919182
115.91651733751172,212.89649998236217
115.92438835790539,62.81105699654246
115.93225937829905,170.35732389325202
115.94013039869272,79.35858714142168
115.94800141908638,138.3580078943409
115.95587243948005,96.7291745617037
115.96374345987371,86.63468483335404
115.97161448026739,173.03375141009636
115.97948550066106,149.04921571494054
115.98735652105472,136.78852391936684
115.99522754144839,17.461324851933973
116.00309856184205,41.10050490394566
116.01096958223572,54.33647764738945
116.01884060262938,675.6668139003831
116.02671162302305,74.84312814349187
116.03458264341671,192.9054975824492
116.04245366381038,31.00136978044166
116.05032468420404,320.7684453019844
116.05819570459771,245.40382830317978
116.06606672499137,198.39671241927627
116.07393774538504,409.73713018842284
116.0818087657787,21.126388024473023
116.08967978617237,244.41696863945847
116.09755080656603,884.2261191260212
116.1054218269597,219.81017918340467
116.11329284735336,43.38028366525798
116.12116386774703,22.35756223349773
116.1290348881407,13.681703219140804
116.13690590853436,57.04654338303985
116.14477692892802,33.735260683263256
116.15264794932169,3.8836650902687015
116.16051896971535,86.71188818977208
116.16838999010902,10.562968983664907
116.17626101050269,17.62780732249279
116.18413203089635,25.293919193792956
116.19200305129002,3.6221020732241254
116.19987407168368,6.044555013187459
116.20774509207735,17.93247456135045
116.21561611247101,1019.1927246896914
116.22348713286468,73.55787471025815
116.23135815325834,55.12775403305378
116.239229173652,114.68936941421363
116.24710019404567,153.48610223254255
116.25497121443934,355.42931966480415
116.262842234833,1.528494616216489
116.27071325522667,72.68620027016108
116.27858427562033,185.13042184121457
116.286455296014,307.02222484497236
116.29432631640766,803.5229720697713
116.30219733680133,32.41237325218396
116.31006835719501,78.20649275084943
116.31793937758867,68.57081501521064
116.32581039798234,268.490286992103
116.333681418376,123.93919563555608
116.34155243876967,42.09444452084527
116.34942345916333,190.1542418560698
116.357294479557,80.60172943943734
116.36516549995066,92.57897336649293
116.37303652034433,220.09014777490884
116.380907540738,360.9326201344239
116.38877856113166,62.194443172259376
116.39664958152532,35.64648876413773
116.40452060191899,35.24072657982929
116.41239162231265,151.46131667419598
116.42026264270632,696.9776327199061
116.42813366309998,49.71344023188481
116.43600468349365,44.19837798839603
116.44387570388731,1.3261461736810123
116.45174672428098,368.54673159150246
116.45961774467465,266.40060848376794
116.46748876506831,32.76405386648886
116.47535978546198,205.745991851298
116.48323080585564,136.32325492447174
116.4911018262493,120.5678425460647
116.49897284664297,212.69191868494377
116.50684386703664,131.90144470946413
116.5147148874303,537.9826532666856
116.52258590782397,606.9535902399232
116.53045692821763,555.638913068873
116.5383279486113,342.36012913991044
116.54619896900496,259.0798548492261
116.55406998939863,135.558014266398
116.56194100979229,63.59834556253908
116.56981203018596,151.94377681650283
116.57768305057962,190.93830541889673
116.58555407097329,570.3248639530593
116.59342509136695,164.30147606341922
116.60129611176062,157.04571521054538
116.60916713215428,650.1947008213366
116.61703815254795,792.7378791652263
116.62490917294161,40.3454367495272
116.63278019333528,390.83133006492955
116.64065121372894,109.84178773854912
116.64852223412262,1270.9854204624307
116.65639325451629,122.12695395339968
116.66426427490995,198.2357328323926
116.67213529530362,83.79852709172442
116.68000631569728,636.1890816681431
116.68787733609095,269.93199124052353
116.69574835648461,73.78745273912854
116.70361937687828,43.54427144692763
116.71149039727194,482.8013400257926
116.71936141766561,1.7599953018208483
116.72723243805927,28.182708395803992
116.73510345845294,9.156931657183614
116.7429744788466,73.85632404337088
116.75084549924027,20.550790843515816
116.75871651963394,42.66098393529224
116.7665875400276,60.13521075532942
116.77445856042127,169.79817960823777
116.78232958081493,141.21850608110105
116.7902006012086,111.4748552741291
116.79807162160226,93.57954136341077
116.80594264199593,387.53611945083327
116.81381366238959,1023.2399238528654
116.82168468278326,240.00212385087943
116.82955570317692,12.536311365297214
116.83742672357059,3058.9017478542733
116.84529774396425,613.2927661488807
116.85316876435792,501.5038396519673
116.86103978475158,44.29872597792398
116.86891080514525,236.84882433380542
116.87678182553891,414.7925076053207
116.88465284593258,706.0126328280865
116.89252386632624,186.5201291503146
116.90039488671991,275.5413083395061
116.90826590711357,43.49624702918982
116.91613692750724,91.1877515330091
116.9240079479009,122.71054351719754
116.93187896829457,120.82222356390605
116.93974998868823,69.86304879548449
116.9476210090819,121.8626485812293
116.95549202947556,360.75711060204753
116.96336304986923,90.3774687543534
116.9712340702629,82.39027692665238
116.97910509065656,139.31859661673437
116.98697611105024,18.648184617788438
116.9948471314439,50.43321039635253
117.00271815183757,81.08545732659213
117.01058917223124,153.16156641360953
117.0184601926249,105.60431710051571
117.02633121301857,110.02234804123556
117.03420223341223,62.632586679673814
117.0420732538059,547.9264185076564
117.04994427419956,106.88489057722111
117.05781529459323,34.0744767843374
117.06568631498689,71.39700746506608
117.07355733538056,56.684952720726514
117.08142835577422,11.453825701159467
117.08929937616789,0.16503064234803977
117.09717039656155,114.44467734850127
117.10504141695522,0.6291107946010547
117.11291243734888,158.19451699028033
117.12078345774255,102.0992863754258
117.12865447813621,33.28515231907276
117.13652549852988,29.616883013936906
117.14439651892354,6.9372238500309615
117.15226753931721,130.02382961498841
117.16013855971087,49.861224371134085
117.16800958010454,140.3556639009038
117.1758806004982,14.085637196322484
117.18375162089187,80.82737496037429
117.19162264128553,29.09931013330426
117.1994936616792,55.01529367800794
117.20736468207286,129.0204528276853
117.21523570246653,218.03263638642505
117.2231067228602,1.1979167869832703
117.23097774325386,34.43756602975822
117.23884876364752,9.488015028029137
117.24671978404119,15.03137380258065
117.25459080443486,197.6299115321921
117.26246182482852,17.608528022369388
117.27033284522219,197.96147038739247
117.27820386561585,219.0488566649687
117.28607488600952,72.51264743762864
117.29394590640318,33.164377482879914
117.30181692679685,71.58754506731948
117.30968794719051,8.767443787750567
117.31755896758418,85.37388631204402
117.32542998797786,30.104161577722483
117.33330100837152,179.0159942312922
117.34117202876519,227.64621422812368
117.34904304915885,9.781916674496133
117.35691406955252,540.3708384431404
117.36478508994618,227.37646625018516
117.37265611033985,77.293401110725
117.38052713073351,20.3289122271387
117.38839815112718,29.923294139030094
117.39626917152084,185.9750984457252
117.40414019191451,89.01077963882693
117.41201121230817,159.23940270840808
117.41988223270184,91.29481205415505
117.4277532530955,12.045881225594359
117.43562427348917,36.70403395034294
117.44349529388283,158.93461225472058
117.4513663142765,36.59883973036086
117.45923733467016,19.839895122995014
117.46710835506383,22.195608626032154
117.4749793754575,124.63976637319112
117.48285039585116,22.737420495613115
117.49072141624482,11.225770254961443
117.49859243663849,58.35241257669062
117.50646345703215,77.78747297875762
117.51433447742582,30.0070393139689
117.52220549781948,115.60173052624316
117.53007651821315,732.5351671827091
117.53794753860682,1352.2013053744195
117.54581855900048,992.1611720638944
117.55368957939415,86.24394747861962
117.56156059978781,18.797971612339374
117.56943162018148,1003.6834369901137
117.57730264057514,37.18124496815428
117.5851736609688,196.68936379999516
117.59304468136247,437.55676511016964
117.60091570175614,1021.553947584835
117.6087867221498,12.624723924995344
117.61665774254347,458.61554992712445
117.62452876293713,397.9579007159515
117.6323997833308,431.143770939099
117.64027080372446,718.0762099114544
117.64814182411813,74.30824549254694
117.65601284451179,9.419680783730778
117.66388386490547,145.70438178381687
117.67175488529914,169.21938362371355
117.6796259056928,100.44934552192292
117.68749692608647,11.724571249984141
117.69536794648013,50.71331640532063
117.7032389668738,71.30105715911333
117.71110998726746,48.51052407133186
117.71898100766113,87.77665802012064
117.7268520280548,17.796393402805155
117.73472304844846,169.73975577376896
117.74259406884212,140.2377225760339
117.75046508923579,276.5816547021257
117.75833610962945,34.73364610243674
117.76620713002312,798.4190271889661
117.77407815041678,93.16073529184258
117.78194917081045,19.691425742915538
117.78982019120411,65.85099929153469
117.79769121159778,108.00007491586005
117.80556223199144,29.34619740417377
117.81343325238511,468.15029857442494
117.82130427277878,15.874961357920753
117.82917529317244,128.9530296696056
117.8370463135661,480.44079581363883
117.84491733395977,7.386760716791351
117.85278835435344,110.48158959430205
117.8606593747471,0.6511462788112421
117.86853039514077,30.42292341996793
117.87640141553443,38.884878786453456
117.8842724359281,13.512441156364178
117.89214345632176,2.0192877796117856
117.90001447671543,48.4560438945692
117.90788549710909,86.5054497529703
117.91575651750276,19.44811872375133
117.92362753789642,47.59462179132503
117.93149855829009,15.956853876783331
117.93936957868375,0.06041931671512835
117.94724059907742,303.48923413233086
117.95511161947108,64.11115976886921
117.96298263986475,94.86159254762357
117.97085366025841,219.81116113023998
117.97872468065208,250.7400541516628
117.98659570104574,19.35214322776789
117.99446672143941,30.94649303553658
118.00233774183309,319.918961050346
118.01020876222675,11.44449822167292
118.01807978262042,595.6834489928531
118.02595080301408,208.85381608626028
118.03382182340775,542.8146450619344
118.04169284380141,4.025060752810606
118.04956386419508,58.84586976393676
118.05743488458874,10.790901120240735
118.06530590498241,396.90907777120015
118.07317692537607,71.84465341188289
118.08104794576974,81.12407816932902
118.0889189661634,86.99101226697083
118.09678998655707,54.47706178655738
118.10466100695074,129.56303624034905
118.1125320273444,1.1606032919307285
118.12040304773807,69.18280435126194
118.12827406813173,2.0470096836409852
118.1361450885254,4.111442933175463
118.14401610891906,3.337945538002078
118.15188712931273,28.157184947309496
118.15975814970639,9.726004098169053
118.16762917010006,280.81675986980304
118.17550019049372,114.37650035521423
118.18337121088739,74.8632234068524
118.19124223128105,3.392246050531681
118.19911325167472,232.37947243802972
118.20698427206838,58.28334724292247
118.21485529246205,95.33907895523235
118.22272631285571,3.9883300988548687
118.23059733324938,84.3331696909678
118.23846835364304,6.195178693963786
118.24633937403671,58.45673215495711
118.25421039443037,179.87242002017823
118.26208141482404,69.63958413657409
118.2699524352177,4.82990049404905
118.27782345561137,81.17708331705792
118.28569447600503,3.2326577331916626
118.2935654963987,144.76888248550912
118.30143651679236,89.43498296971183
118.30930753718603,14.135392100088069
118.3171785575797,0.20804672652165423
118.32504957797336,4.704581972982363
118.33292059836704,30.241921732997742
118.3407916187607,105.36734570049016
118.34866263915437,74.92433343842875
118.35653365954803,23.256507530117315
118.3644046799417,4.509913377970948
118.37227570033536,31.034106281916415
118.38014672072903,3.306460552598709
118.3880177411227,71.18626605469723
118.39588876151636,97.02211883620954
118.40375978191003,20.651735315709608
118.41163080230369,0.8624084591543046
118.41950182269736,91.04515193428553
118.42737284309102,135.0804119930507
118.43524386348469,148.80118673593415
118.44311488387835,6.181607000945077
118.45098590427202,7.095342860172335
118.45885692466568,55.3510946828872
118.46672794505935,39.65482749629317
118.47459896545301,14.839426603628946
118.48246998584668,72.05325081472539
118.49034100624034,117.79649961003607
118.49821202663401,7.958939767436571
118.50608304702767,469.21010268343423
118.51395406742134,6.539659054303827
118.521825087815,91.54463694258905
118.52969610820867,1.842691405077365
118.53756712860233,21.85071172934965
118.545438148996,1.0216285892160495
118.55330916938966,20.770942676877123
118.56118018978333,13.583087105295059
118.569051210177,52.764869740928496
118.57692223057066,54.173703286626576
118.58479325096432,73.0128274758061
118.59266427135799,11.430597590607695
118.60053529175165,17.04972337608898
118.60840631214532,213.72628072380058
118.61627733253898,5.624479555484193
118.62414835293265,245.79909873577887
118.63201937332632,31.250379185233324
118.63989039371998,9.268981031234551
118.64776141411365,29.829824258738594
118.65563243450731,162.61273726325754
118.66350345490098,44.75272739985887
118.67137447529466,10.868476780827567
118.67924549568832,38.750685146421034
118.68711651608199,1.2180330650981097
118.69498753647565,31.73703342191906
118.70285855686932,83.40683849346584
118.71072957726298,889.9232565318084
118.71860059765665,57.092701246517564
118.72647161805031,85.01215657115502
118.73434263844398,177.74519507792294
118.74221365883764,58.118253897856405
118.7500846792313,10.703320475775412
118.75795569962497,134.6918755320605
118.76582672001864,41.14564409735591
118.7736977404123,430.67502127983636
118.78156876080597,173.56888951999503
118.78943978119963,87.82991279278662
118.7973108015933,218.57371247015254
118.80518182198696,115.91865716170169
118.81305284238063,220.26466453751144
118.8209238627743,257.93130519162065
118.82879488316796,276.5028725696517
118.83666590356162,18.547665782920223
118.84453692395529,265.75270781127875
118.85240794434895,22.89628981689601
118.86027896474262,98.02946513069209
118.86814998513628,120.86821211693552
118.87602100552995,19.12521131369916
118.88389202592361,64.2722838169136
118.89176304631728,55.04983434020501
118.89963406671095,26.47109645671611
118.90750508710461,153.30305476779895
118.91537610749828,70.77558837191432
118.92324712789194,40.71647947757085
118.9311181482856,724.5537058637223
118.93898916867927,25.71612832715131
118.94686018907294,19.47024517594523
118.9547312094666,10.513377682443403
118.96260222986027,41.26387965784744
118.97047325025393,8.014175746280028
118.9783442706476,9.019996070282023
118.98621529104126,14.47296969538774
118.99408631143493,15.981890506951116
119.00195733182859,31.043356378617588
119.00982835222227,17.49089682790527
119.01769937261594,13.369713330184402
119.0255703930096,34.98477530796814
119.03344141340327,78.27112763025384
119.04131243379693,17.87242170739777
119.0491834541906,17.75204078013145
119.05705447458426,80.45513472755795
119.06492549497793,69.65021004623448
119.07279651537159,821.5387235232516
119.08066753576526,95.12570744451787
119.08853855615892,154.20817668426704
119.09640957655259,96.5754310620746
119.10428059694625,458.7674121077205
119.11215161733992,123.79731456838144
119.12002263773358,81.57024049305802
119.12789365812725,207.8019332803595
119.13576467852091,36.08855790105058
119.14363569891458,180.7902043115367
119.15150671930824,74.7884318746472
119.15937773970191,30.056167813649328
119.16724876009557,133.48030932475905
119.17511978048924,508.81610226544683
119.1829908008829,23.51350516657699
119.19086182127657,153.17725923265235
119.19873284167024,20.58580870305866
119.2066038620639,47.29893952025473
119.21447488245757,29.227568604158375
119.22234590285123,71.15765512339397
119.2302169232449,118.76640139959619
119.23808794363856,218.33276968557993
119.24595896403223,30.30965381431808
119.25382998442589,7.270710420142361
119.26170100481956,77.30258939890277
119.26957202521322,17.57671795171334
119.27744304560689,55.376924811796464
119.28531406600055,218.06296342095496
119.29318508639422,7.975874650082056
119.30105610678788,14.289821464615503
119.30892712718155,70.627583709194
119.31679814757521,55.07701073513379
119.32466916796888,54.36138783354474
119.33254018836254,65.6654699600488
119.34041120875621,13.912124739669876
119.34828222914989,86.0489326136792
119.35615324954355,30.49633535699432
119.36402426993722,74.27496113237423
119.37189529033088,2.3530282047291604
119.37976631072455,15.034572951957232
119.38763733111821,68.01871851569146
119.39550835151188,8.047296314532346
119.40337937190554,106.25827480984786
119.41125039229921,73.76696331031005
119.41912141269287,21.3676713818774
119.42699243308654,23.644664632981105
119.4348634534802,109.54307992318724
119.44273447387387,182.57867457686535
119.45060549426753,59.099381458281435
119.4584765146612,1.6748863436432395
119.46634753505487,56.24342054750454
119.47421855544853,31.234850552972432
119.4820895758422,31.651939264607947
119.48996059623586,0.5299957120742644
119.49783161662953,13.041838105488454
119.50570263702319,22.36918017439456
119.51357365741686,26.315253626277848
119.52144467781052,45.21337531211649
119.52931569820419,210.30666695993284
119.53718671859785,17.53172290153492
119.54505773899152,79.902091872716
119.55292875938518,129.27886953675338
119.56079977977885,42.34312294888628
119.56867080017251,29.325582922422097
119.57654182056618,17.212851305284836
119.58441284095984,56.025828310361575
119.59228386135351,71.12899035712759
119.60015488174717,249.38114871657478
119.60802590214084,304.69629404650703
119.6158969225345,652.9141970846273
119.62376794292817,175.51466481133312
119.63163896332183,78.52811060804541
119.6395099837155,77.66518076489986
119.64738100410916,11.6075024929448
119.65525202450283,6.799488685857467
119.6631230448965,31.357080121379283
119.67099406529016,23.497348654121854
119.67886508568382,9.041995106095834
119.6867361060775,148.91642516042154
119.69460712647117,38.15628141655828
119.70247814686483,261.6462674061886
119.7103491672585,152.28629699093617
119.71822018765216,175.12360255389677
119.72609120804583,194.2899197220981
119.7339622284395,173.69920640111283
119.74183324883316,18.443813791618854
119.74970426922683,58.496897957744295
119.75757528962049,81.62424693407311
119.76544631001416,76.84522832539257
119.77331733040782,120.53631595202702
119.78118835080149,210.68548923318266
119.78905937119515,72.41388728370642
119.79693039158882,983.3411259428567
119.80480141198248,3.140277653258082
119.81267243237615,190.8721659783521
119.82054345276981,67.89239807084725
119.82841447316348,78.49364896088277
119.83628549355714,45.36994012506922
119.84415651395081,39.46684529374818
119.85202753434447,132.49830349145986
119.85989855473814,7.657547855341122
119.8677695751318,172.27801546854275
119.87564059552547,75.82291651335473
119.88351161591913,61.326600080546875
119.8913826363128,11.768551590375765
119.89925365670646,38.73082880727056
119.90712467710013,28.496236446622323
119.9149956974938,120.88351906529864
119.92286671788746,218.18904363604287
119.93073773828112,6.652372651169206
119.93860875867479,114.59203647913286
119.94647977906845,75.46974754704257
119.95435079946212,39.77696137302654
119.96222181985578,177.91913311820105
119.97009284024945,522.2515321758967
119.97796386064311,55.3114023012872
119.98583488103678,457.07859754797187
119.99370590143045,196.1315154153169
120.00157692182411,7.487238204197498
120.00944794221778,149.809542462123
120.01731896261144,255.92401290628152
120.02518998300512,564.0107979842875
120.03306100339879,163.1743241925701
120.04093202379245,35.24607203010281
120.04880304418612,369.6949290844706
120.05667406457978,145.13133690964997
120.06454508497345,118.95518287944839
120.07241610536711,28.43131601474472
120.08028712576078,204.12180920681936
120.08815814615444,38.77051854196216
120.0960291665481,630.7390736321382
120.10390018694177,65.38563722171256
120.11177120733544,174.28742283796745
120.1196422277291,23.322664930319373
120.12751324812277,497.45194060397756
120.13538426851643,406.51561163404403
120.1432552889101,1.4310305244525985
120.15112630930376,5.6843989406126845
120.15899732969743,1.335037173002975
120.1668683500911,150.7986259750778
120.17473937048476,33.35198899669053
120.18261039087842,236.18084103725903
120.19048141127209,89.8892083715553
120.19835243166575,53.95445243575422
120.20622345205942,306.4822490390566
120.21409447245308,38.41884202161064
120.22196549284675,126.63353232567329
120.22983651324041,39.98588898663779
120.23770753363408,68.47179345912058
120.24557855402774,63.55871763773632
120.25344957442141,344.38673574194036
120.26132059481507,327.2167965746107
120.26919161520874,124.26138535590523
120.2770626356024,43.69359589290154
120.28493365599607,148.34273092283132
120.29280467638974,273.1976589724919
120.3006756967834,75.86726270487297
120.30854671717707,382.77467258144014
120.31641773757073,189.213604093461
120.3242887579644,121.19324176275875
120.33215977835806,33.54631145914168
120.34003079875173,30.942971708472488
120.34790181914539,299.07159020466236
120.35577283953906,875.2316684804778
120.36364385993274,533.668857481779
120.3715148803264,117.91394895782882
120.37938590072007,274.71419084937554
120.38725692111373,580.411192536517
120.3951279415074,701.2942191744652
120.40299896190106,793.9715336153107
120.41086998229473,1176.4613366337662
120.41874100268839,921.4009711581248
120.42661202308206,2090.394399323797
120.43448304347572,352.92063519328184
120.44235406386939,209.38957544663958
120.45022508426305,911.9344297667243
120.45809610465672,234.6182647053454
120.46596712505038,1132.7658694869247
120.47383814544405,649.8854128745809
120.48170916583771,1090.9551861560972
120.48958018623138,148.0808729317453
120.49745120662504,529.3380107801329
120.50532222701871,664.8478081331333
120.51319324741237,1079.4571622581093
120.52106426780604,205.3108320966545
120.5289352881997,104.35584887040008
120.53680630859337,876.1844726974159
120.54467732898704,356.04130057443575
120.5525483493807,285.5444843766113
120.56041936977437,286.7649994807242
120.56829039016803,71.72228720932131
120.5761614105617,280.86513818573485
120.58403243095536,1480.5791507005224
120.59190345134903,100.17004451213988
120.59977447174269,529.7799629493663
120.60764549213636,39.79219175146938
120.61551651253002,280.2628416725508
120.62338753292369,250.46241102123875
120.63125855331735,395.8965699633263
120.63912957371102,137.5681489173585
120.64700059410468,54.51462699715099
120.65487161449835,233.76646121468391
120.66274263489201,78.10843063072589
120.67061365528568,64.94490245786199
120.67848467567934,128.33602017716268
120.68635569607301,88.12031474031566
120.69422671646667,66.00600105910775
120.70209773686035,63.101554092370115
120.70996875725402,88.03587957807594
120.71783977764768,493.21154873330806
120.72571079804135,351.7424125273249
120.73358181843501,219.71357573685125
120.74145283882868,294.48956039362844
120.74932385922234,127.25885779871366
120.75719487961601,63.93306460797299
120.76506590000967,84.97321626390864
120.77293692040334,28.03479799807282
120.780807940797,12.600362119286372
120.78867896119067,96.06074677933336
120.79654998158433,24.34601630911257
120.804421001978,44.69065369374579
120.81229202237166,17.157994743247194
120.82016304276533,100.84768772475539
120.828034063159,276.7702075386702
120.83590508355266,41.77332930359899
120.84377610394633,456.5246300121526
120.85164712433999,354.02905513781263
120.85951814473366,97.90088038185979
120.86738916512732,318.34835427407165
120.87526018552099,72.38242531422857
120.88313120591465,223.2065046958569
120.89100222630832,7.635228664764844
120.89887324670198,262.3266971075813
120.90674426709565,133.63181479077528
120.91461528748931,2.180418666880361
120.92248630788298,92.56481910826946
120.93035732827664,151.08946535029204
120.93822834867031,39.802000184902084
120.94609936906397,182.35553084393504
120.95397038945764,133.58055121182426
120.9618414098513,206.66751767695024
120.96971243024497,485.2524214097689
120.97758345063863,169.23999404276123
120.9854544710323,44.21935461801927
120.99332549142596,160.09100602034994
121.00119651181963,223.22909182581404
121.0090675322133,130.38949163490034
121.01693855260696,42.49965634556529
121.02480957300062,61.726575838484294
121.03268059339429,203.84364078702768
121.04055161378797,75.22631379114762
121.04842263418163,22.60708522356525
121.0562936545753,202.68059850423333
121.06416467496896,70.06779989005587
121.07203569536263,122.46551232258798
121.0799067157563,106.63736756436451
121.08777773614996,26.27646657921105
121.09564875654362,206.70570617444054
121.10351977693729,16.632635962764898
121.11139079733096,76.2179827258001
121.11926181772462,119.61044372826062
121.12713283811829,32.69997016484275
121.13500385851195,196.00967379925692
121.14287487890562,13.62360835223905
121.15074589929928,9.547549771195948
121.15861691969295,21.351180280137875
121.16648794008661,97.96199720251924
121.17435896048028,112.980434699481
121.18222998087394,89.46306294947016
121.1901010012676,33.20640839507097
121.19797202166127,8.56598025683006
121.20584304205494,251.79103640106698
121.2137140624486,14.442060799033285
121.22158508284227,59.7567249954963
121.22945610323593,6.585024527148125
121.2373271236296,21.621130823167068
121.24519814402326,465.55671477379906
121.25306916441693,85.48745291693787
121.2609401848106,50.94715939906065
121.26881120520426,89.80095413789728
121.27668222559792,33.98057491829148
121.28455324599159,42.337377807786616
121.29242426638525,65.4961699412466
121.30029528677892,59.38947406501798
121.30816630717258,47.96892266667515
121.31603732756625,18.96624734886567
121.32390834795991,44.37898594328153
121.33177936835358,162.7369646870662
121.33965038874724,140.86176403037584
121.34752140914091,14.840836931741084
121.35539242953458,3.0129555198235414
121.36326344992824,230.28074259387753
121.37113447032192,212.72966959504782
121.37900549071558,75.27200071855901
121.38687651110925,59.86791035545337
121.39474753150292,75.88155185692959
121.40261855189658,603.7813862987292
121.41048957229025,353.2945855480803
121.41836059268391,139.8377683676445
121.42623161307758,251.86132937249317
121.43410263347124,152.7950093982147
121.4419736538649,273.09170913307315
121.44984467425857,392.41086840242014
121.45771569465224,467.329356710359
121.4655867150459,377.38267060546264
121.47345773543957,243.82587539708862
121.48132875583323,586.4500808590022
121.4891997762269,514.7989181035916
121.49707079662056,164.26646519597074
121.50494181701423,9.26091329887144
121.51281283740789,665.7133956980906
121.52068385780156,161.83991262345722
121.52855487819522,766.5439443307766
121.53642589858889,418.82032855097634
121.54429691898255,95.69208840884639
121.55216793937622,115.47332577358098
121.56003895976988,46.092143135734396
121.56790998016355,210.15386772414303
121.57578100055721,103.55176113597564
121.58365202095088,40.07970770504931
121.59152304134454,166.01140044234336
121.59939406173821,251.3046049302751
121.60726508213187,357.6324479155037
121.61513610252554,88.29002187383658
121.6230071229192,118.93870525266746
121.63087814331287,0.9573471522227621
121.63874916370654,249.30760241375233
121.6466201841002,765.3213901915526
121.65449120449387,103.09824643800117
121.66236222488753,197.74930126716765
121.6702332452812,250.9182503326321
121.67810426567486,130.8824340830129
121.68597528606853,7.408584991518929
121.69384630646219,470.7930632682449
121.70171732685586,259.44439565676527
121.70958834724954,163.47318376717266
121.7174593676432,56.52829441571071
121.72533038803687,10.174248789346873
121.73320140843053,204.34305034027656
121.7410724288242,387.8115653237874
121.74894344921786,1044.8329787643197
121.75681446961153,248.8165041757797
121.76468549000519,1296.2992402310592
121.77255651039886,809.1047227561635
121.78042753079252,30.33318338313438
121.78829855118619,448.8708046120458
121.79616957157985,60.80386357490031
121.80404059197352,25.525555077485514
121.81191161236718,1145.03037422599
121.81978263276085,724.2796731162495
121.82765365315451,1829.7681442633093
121.83552467354818,196.2881440723989
121.84339569394184,307.64905071441956
121.85126671433551,514.0936183265006
121.85913773472917,617.4577876271886
121.86700875512284,309.12158193325797
121.8748797755165,556.6306773964641
121.88275079591017,825.7878265844374
121.89062181630383,2096.7599288119127
121.8984928366975,12393.655750190215
121.90636385709116,1641.3405469153238
121.91423487748483,296.53585413657555
121.9221058978785,459.4460952899379
121.92997691827216,2739.54143776506
121.93784793866583,546.963392433673
121.94571895905949,55.38387097856916
121.95358997945316,220.13439014852784
121.96146099984682,49.36505299252405
121.96933202024049,826.5615684977307
121.97720304063415,367.7444614040779
121.98507406102782,465.11073586074815
121.99294508142148,101.55275390246751
122.00081610181515,206.91335720628692
122.00868712220881,299.3474416155329
122.01655814260248,75.38467503807011
122.02442916299614,275.06232439499615
122.03230018338981,214.356677892734
122.04017120378347,92.76785380993653
122.04804222417715,159.41005994350235
122.05591324457082,94.4287996786572
122.06378426496448,350.21662782375256
122.07165528535815,0.9542774435861534
122.07952630575181,198.17054842936383
122.08739732614548,29.07672804541392
122.09526834653914,243.88037250120516
122.10313936693281,161.17366518677827
122.11101038732647,304.05725288420825
122.11888140772014,17.038261300245043
122.1267524281138,0.9970201136675646
122.13462344850747,6.9846235380604
122.14249446890113,7.572096802103186
122.1503654892948,32.33734122612665
122.15823650968846,50.25895770966812
122.16610753008213,26.966514300925606
122.1739785504758,59.252164258858876
122.18184957086946,51.48313046783453
122.18972059126313,55.894755477926324
122.19759161165679,58.93489701206692
122.20546263205046,13.677464652624382
122.21333365244412,6.520676665429074
122.22120467283779,22.262269358027456
122.22907569323145,31.118065291627403
122.23694671362512,9.801276167438084
122.24481773401878,9.97004105899838
122.25268875441245,387.5488420902322
122.26055977480611,13.67161834946191
122.26843079519978,149.54466903401578
122.27630181559344,157.72323270834832
122.2841728359871,79.2588329353113
122.29204385638077,214.96444780644623
122.29991487677444,678.6863814518712
122.3077858971681,590.760513399932
122.31565691756177,74.04977218189337
122.32352793795543,20.967994484768003
122.3313989583491,11.743007007535232
122.33926997874276,47.52582591398511
122.34714099913643,143.04173083871513
122.3550120195301,35.50153969829608
122.36288303992376,163.78180188666335
122.37075406031742,64.99324771864602
122.37862508071109,675.6271274744595
122.38649610110477,65.76207256552043
122.39436712149843,118.53411454941185
122.4022381418921,58.4507572873453
122.41010916228576,39.320762842758306
122.41798018267943,231.2064340081088
122.4258512030731,312.2251381667611
122.43372222346676,60.22241572666111
122.44159324386042,5.284173336034589
122.44946426425409,176.527841996935
122.45733528464775,18.44012338361033
122.46520630504142,47.02714281994411
122.47307732543509,36.287556324790906
122.48094834582875,16.796663807480826
122.48881936622242,108.54232194960073
122.49669038661608,14.115436044541198
122.50456140700975,16.353241020155224
122.51243242740341,298.2278409152143
122.52030344779708,18.7756930243768
122.52817446819074,105.53162639851976
122.5360454885844,29.02613118419015
122.54391650897807,133.76953027562308
122.55178752937174,12.467776612541444
122.5596585497654,16.335975811890165
122.56752957015907,18.694366105476067
122.57540059055273,42.280586476655486
122.5832716109464,106.74137157379819
122.59114263134006,0.7547176273257618
122.59901365173373,43.46309796787543
122.60688467212739,35.7204036519645
122.61475569252106,22.034125460028733
122.62262671291472,40.73676110985641
122.63049773330839,4.045923402765599
122.63836875370205,18.18851882494146
122.64623977409572,95.31537564465671
122.65411079448938,65.59537814501965
122.66198181488305,127.89300049463743
122.66985283527671,37.22184213557477
122.67772385567038,41.22802955299937
122.68559487606404,99.00646713603018
122.69346589645771,18.308141009219224
122.70133691685137,91.9846727287652
122.70920793724504,11.298756314980174
122.7170789576387,39.91138465928348
122.72494997803238,0.8508104606399266
122.73282099842605,19.591777680131614
122.74069201881971,10.057077925948878
122.74856303921338,19.377995743521954
122.75643405960705,43.99927339871044
122.76430508000071,86.56116808767457
122.77217610039438,73.4020098814923
122.78004712078804,29.360927665324827
122.7879181411817,47.739801518242274
122.79578916157537,3.2573934731023027
122.80366018196904,45.40542026714499
122.8115312023627,53.397845294497394
122.81940222275637,49.04866291830116
122.82727324315003,138.90933806463224
122.8351442635437,26.916943874680715
122.84301528393736,37.16543046501075
122.85088630433103,38.15058250971324
122.85875732472469,73.04192751674394
122.86662834511836,205.50237470695026
122.87449936551202,15.967617644728968
122.88237038590569,2.3144435050617247
122.89024140629935,129.94368231935115
122.89811242669302,42.21506587304892
122.90598344708668,27.24904041826171
122.91385446748035,1.428210566234836
122.92172548787401,158.30032207467218
122.92959650826768,39.03972069838118
122.93746752866134,158.93582035253084
122.94533854905501,47.80852229469184
122.95320956944867,11.52848409279315
122.96108058984234,3.483553873369548
122.968951610236,11.648951109441976
122.97682263062967,11.152294803554295
122.98469365102333,1.1787401839201095
122.992564671417,4.11891538020069
123.00043569181067,2.5237717672825464
123.00830671220433,54.80230303715802
123.016177732598,45.28380131879432
123.02404875299166,155.38799190240493
123.03191977338533,271.29615299579206
123.03979079377899,0.971281728586928
123.04766181417266,45.529595519566676
123.05553283456632,4.224088655321253
123.06340385496,143.0063557971759
123.07127487535367,48.570102860193
123.07914589574733,55.53636479063722
123.087016916141,54.807057414033885
123.09488793653466,11.220380441437637
123.10275895692833,207.4544339416602
123.11062997732199,47.4974336381354
123.11850099771566,54.63884632957828
123.12637201810932,8.56076244903806
123.13424303850299,17.408682273145523
123.14211405889665,1.5616668619571707
123.14998507929032,49.633418187884416
123.15785609968398,54.96755334552545
123.16572712007765,24.024907456374084
123.17359814047131,81.99529805109269
123.18146916086498,7.688286346520367
123.18934018125864,0.8355843961234478
123.19721120165231,14.850014236478827
123.20508222204597,48.28919569397865
123.21295324243964,0.701262905144403
123.2208242628333,11.423948547699096
123.22869528322697,2.9262045469782083
123.23656630362063,1.1537880130520337
123.2444373240143,20.193941755396956
123.25230834440796,2.1833282799798175
123.26017936480163,18.04150179824757
123.2680503851953,91.89358371925596
123.27592140558896,32.95788884968425
123.28379242598263,56.42650693093181
123.29166344637629,150.6640817612121
123.29953446676996,47.26905406330959
123.30740548716362,21.689207483764143
123.31527650755729,31.834652505849323
123.32314752795095,35.49979886869994
123.33101854834462,69.24288582130441
123.33888956873828,15.527873508441923
123.34676058913195,149.34046120329552
123.35463160952561,127.64394256191372
123.36250262991928,81.73776934425958
123.37037365031294,31.192080934385128
123.37824467070661,30.120602114280963
123.38611569110027,35.5290774174151
123.39398671149394,73.36816406931351
123.40185773188762,8.303619773124321
123.40972875228128,115.40173664373589
123.41759977267495,50.8280483569368
123.42547079306861,36.92604381215475
123.43334181346228,39.205460481751054
123.44121283385594,70.37850970937254
123.44908385424961,21.50657937371959
123.45695487464327,59.95775381658616
123.46482589503694,60.16518780549914
123.4726969154306,253.67459678855386
123.48056793582427,72.89825611372211
123.48843895621793,369.1837610380588
123.4963099766116,62.40236314698538
123.50418099700526,69.33739166600456
123.51205201739893,0.7295125165834442
123.5199230377926,67.59275238309839
123.52779405818626,206.58919520024415
123.53566507857992,19.04068481836407
123.54353609897359,7.609533474960956
123.55140711936725,79.24086780615526
123.55927813976092,4.0773386123097985
123.56714916015459,40.934013491510356
123.57502018054825,203.3980407513546
123.58289120094192,610.6664817309824
123.59076222133558,7.610017510643262
123.59863324172925,51.1617288534197
123.60650426212291,51.163786882263736
123.61437528251658,102.94965750502999
123.62224630291024,234.64708608985183
123.6301173233039,8.371367301611972
123.63798834369757,222.51261393920348
123.64585936409124,71.90310726254687
123.6537303844849,122.1235837935728
123.66160140487857,30.017876139333094
123.66947242527223,62.54714584260365
123.6773434456659,34.49909783629686
123.68521446605956,277.17653221586437
123.69308548645323,21.335918947235854
123.7009565068469,41.67914288832755
123.70882752724056,9.921253772614879
123.71669854763422,12.179957436368218
123.72456956802789,90.1115606644416
123.73244058842155,163.18180092947048
123.74031160881523,27.775162394470613
123.7481826292089,42.72399367786057
123.75605364960256,35.53475845812127
123.76392466999623,10.801475638143673
123.7717956903899,213.36097389010158
123.77966671078356,286.0987403565189
123.78753773117722,17.68673664419884
123.79540875157089,270.5355954906177
123.80327977196455,44.47255796446865
123.81115079235822,110.967313497168
123.81902181275188,53.57375708345956
123.82689283314555,73.29670922554448
123.83476385353922,163.02806509229967
123.84263487393288,55.99587589568584
123.85050589432655,26.570572572561975
123.85837691472021,3.9430268614024833
123.86624793511388,107.68322909603707
123.87411895550754,93.75953196476536
123.8819899759012,82.00764123144711
123.88986099629487,48.89501228365312
123.89773201668854,39.89224415927433
123.9056030370822,230.2601185960222
123.91347405747587,316.2605441606046
123.92134507786953,107.08773277068639
123.9292160982632,124.94680821145397
123.93708711865686,13.913676404172712
123.94495813905053,81.20659950042295
123.95282915944419,131.7490246728928
123.96070017983786,241.39636104612967
123.96857120023152,260.8872769398301
123.97644222062519,143.49776778753917
123.98431324101885,311.2641619901222
123.99218426141252,101.05549402392255
124.00005528180618,127.57630675588064
124.00792630219985,147.37738659672405
124.01579732259351,4.022324058383758
124.02366834298718,139.50319617165357
124.03153936338084,49.496900172356625
124.03941038377451,70.90508826297186
124.04728140416817,35.61587248350286
124.05515242456184,13.214392071792608
124.0630234449555,28.128410075998367
124.07089446534917,128.4620994988053
124.07876548574285,17.278455721468763
124.08663650613651,14.9955975336274
124.09450752653018,52.58612591565384
124.10237854692384,0.7131882940226182
124.11024956731751,44.32741237003758
124.11812058771118,178.05397287079117
124.12599160810484,155.49033972430712
124.1338626284985,87.55100973249934
124.14173364889217,19.867327137651127
124.14960466928584,317.9942007425716
124.1574756896795,68.11696249544582
124.16534671007317,54.401484188603575
124.17321773046683,75.2048727442615
124.1810887508605,6.037109633056489
124.18895977125416,574.9182669879624
124.19683079164783,33.59474884286848
124.20470181204149,142.46233644355172
124.21257283243516,553.9871126310118
124.22044385282882,132.28344319442317
124.22831487322249,420.3782883366478
124.23618589361615,38.428114310970024
124.24405691400982,132.76416330454288
124.25192793440348,219.18034028340455
124.25979895479715,1178.0027988775107
124.26766997519081,275.45900240659455
124.27554099558448,233.51133529457945
124.28341201597814,25.97879468981545
124.29128303637181,45.548017803511584
124.29915405676547,41.89994030552664
124.30702507715914,17.015158978361775
124.3148960975528,1.025857632098136
124.32276711794647,60.97318740482205
124.33063813834013,83.45665183341171
124.3385091587338,27.72006010931841
124.34638017912746,67.74927685733195
124.35425119952113,88.6189925603866
124.3621222199148,144.59056002930154
124.36999324030846,5.847757306712569
124.37786426070213,291.6318035604557
124.38573528109579,16.831537354571786
124.39360630148946,250.50833202628408
124.40147732188312,8.394543926609831
124.4093483422768,364.68118691430504
124.41721936267047,240.91602526903233
124.42509038306413,263.1457369494802
124.4329614034578,29.198203180340467
124.44083242385146,93.11139221674517
124.44870344424513,168.3892841194967
124.45657446463879,224.29113204638693
124.46444548503246,142.6295841834287
124.47231650542612,166.13301842900444
124.48018752581979,185.6826416128939
124.48805854621345,61.3121545462615
124.49592956660712,166.14171835210223
124.50380058700078,148.45750827626787
124.51167160739445,133.121352254498
124.51954262778811,119.48964799438086
124.52741364818178,140.312113967074
124.53528466857544,71.80527293156797
124.54315568896911,104.9886267067715
124.55102670936277,25.089484639352804
124.55889772975644,9.19270028743075
124.5667687501501,108.75719400069558
124.57463977054377,1.7922396787316632
124.58251079093743,0.8773201528705189
124.5903818113311,10.474041218324606
124.59825283172476,33.95442142686129
124.60612385211843,12.84247611649634
124.6139948725121,38.224454224057034
124.62186589290576,3.3066920325255875
124.62973691329942,8.100814437542846
124.63760793369309,16.23789576954611
124.64547895408676,181.58467978552252
124.65334997448042,27.163688921129168
124.66122099487409,19.234424075022982
124.66909201526775,4.320324839699108
124.67696303566142,149.75423413017265
124.68483405605508,31.322811373234057
124.69270507644875,8.845853864455211
124.70057609684241,1.9993766404598021
124.70844711723608,43.385012999348326
124.71631813762974,23.87068668202814
124.7241891580234,2.3588357091568875
124.73206017841707,136.08816177398032
124.73993119881074,56.524921120936355
124.74780221920442,7.716442591682831
124.75567323959808,19.05067193589229
124.76354425999175,76.03450367128902
124.77141528038541,3.309685604977913
124.77928630077908,33.649738065810446
124.78715732117274,59.8587075714245
124.79502834156641,61.19759882692772
124.80289936196007,4.060889100215556
124.81077038235374,41.192311002022265
124.8186414027474,42.84622728219424
124.82651242314107,88.59391837450669
124.83438344353473,173.73443125581468
124.8422544639284,33.73586684453119
124.85012548432206,4.138718487814594
124.85799650471573,2.8059271336946754
124.8658675251094,40.62651269558932
124.87373854550306,24.82843648827736
124.88160956589672,9.940502780803753
124.88948058629039,280.5631280343928
124.89735160668405,48.6746667438519
124.90522262707772,239.12056293671662
124.91309364747138,50.43419657119083
124.92096466786505,8.106853376887724
124.92883568825872,116.40939730602777
124.93670670865238,14.573238454230715
124.94457772904605,17.308026474457293
124.95244874943971,26.674722610529017
124.96031976983338,61.24679841950764
124.96819079022704,37.31863831517474
124.9760618106207,88.30718031684357
124.98393283101437,4.967727732776658
124.99180385140804,187.34799402735968
124.9996748718017,248.12056846146933
125.00754589219537,9.22529787095512
125.01541691258903,72.27270946468057
125.0232879329827,110.89729638577437
125.03115895337636,7.101703492845862
125.03902997377003,0.9587867434638081
125.04690099416369,139.6733336479735
125.05477201455736,2.8613036655839084
125.06264303495102,116.75630584013696
125.07051405534469,18.44315050571317
125.07838507573835,97.2209042576016
125.08625609613203,2.0274160412749307
125.0941271165257,30.880114416530322
125.10199813691936,40.652396537752665
125.10986915731303,42.13572949498139
125.1177401777067,36.432405931656824
125.12561119810036,16.386461315879515
125.13348221849402,26.46702402454405
125.14135323888769,26.88962820808522
125.14922425928135,77.12267158120115
125.15709527967502,14.909101322640693
125.16496630006868,21.375529663083757
125.17283732046235,6.550590218552595
125.18070834085601,353.62498853701277
125.18857936124968,5.659718535916073
125.19645038164334,11.317951945671195
125.20432140203701,145.91461654409798
125.21219242243068,20.759940564549698
125.22006344282434,8.195222474537006
125.227934463218,5.3707513545722545
125.23580548361167,193.0899666654905
125.24367650400534,212.43916404919597
125.251547524399,49.08748234243079
125.25941854479267,22.539846491459343
125.26728956518633,60.26704668782954
125.27516058558,108.6108589110884
125.28303160597366,701.4030148903494
125.29090262636733,117.16150547595659
125.29877364676099,196.15040244382692
125.30664466715466,12.563099481427479
125.31451568754832,130.95549929426699
125.32238670794199,45.71407334908978
125.33025772833565,13.864295320217579
125.33812874872932,214.75771294546743
125.34599976912298,292.52064191431475
125.35387078951665,250.09453301659804
125.36174180991031,55.04054739086847
125.36961283030398,47.97430757759469
125.37748385069764,70.17314341792571
125.38535487109131,90.58988636692666
125.39322589148497,180.95651229738633
125.40109691187864,53.156582241680276
125.4089679322723,86.5783233964127
125.41683895266597,8.588165503832258
125.42470997305965,41.74297092755938
125.43258099345331,58.295476865728325
125.44045201384698,30.51627948526089
125.44832303424064,10.673340572566529
125.45619405463431,25.0601874922758
125.46406507502797,12.674158910657955
125.47193609542164,3.756317506971618
125.4798071158153,45.510407963584036
125.48767813620897,89.64627999403187
125.49554915660264,7.04907824980031
125.5034201769963,165.41087496726317
125.51129119738997,120.74752768422725
125.51916221778363,34.172753573444204
125.5270332381773,79.81024092863174
125.53490425857096,317.2760477962348
125.54277527896463,140.66118352329696
125.55064629935829,164.72884987991415
125.55851731975196,86.21244693427201
125.56638834014562,83.7714607684668
125.57425936053929,33.49494010866614
125.58213038093295,116.83899806854414
125.59000140132662,122.33724671554374
125.59787242172028,279.1687849279181
125.60574344211395,29.157121730093856
125.61361446250761,148.47455952936346
125.62148548290128,111.08912353331492
125.62935650329494,22.140062221596235
125.63722752368861,73.8333213995786
125.64509854408227,60.38036604351618
125.65296956447594,251.37880936648273
125.6608405848696,103.3710406385751
125.66871160526327,551.4645707661136
125.67658262565693,1068.3684065481564
125.6844536460506,27.05812118097575
125.69232466644426,19.932978827254004
125.70019568683793,31.751993542715088
125.7080667072316,85.47711868737521
125.71593772762526,137.90115829240534
125.72380874801893,138.02666447380872
125.73167976841259,301.0082722267027
125.73955078880626,323.8316744578896
125.74742180919992,7.05587789807209
125.75529282959359,16.090093336389668
125.76316384998727,24.688447721667362
125.77103487038093,86.88942613210715
125.7789058907746,43.99603280480085
125.78677691116826,34.5599452490871
125.79464793156193,80.76667580571535
125.80251895195559,50.96145503440109
125.81038997234926,212.2067014745516
125.81826099274292,84.53857950657124
125.82613201313659,39.28190662362224
125.83400303353025,82.16704987664762
125.84187405392392,315.3538689763927
125.84974507431758,80.14531506105062
125.85761609471125,124.4684379109446
125.86548711510491,176.21586390038772
125.87335813549858,107.19273170767828
125.88122915589224,34.55799916344965
125.88910017628591,98.25537722981373
125.89697119667957,6.050013005907181
125.90484221707324,24.09982430963098
125.9127132374669,22.175577155731755
125.92058425786057,177.94305246699938
125.92845527825423,652.2250096504192
125.9363262986479,167.4387441854446
125.94419731904156,255.4629484409379
125.95206833943523,18.139633564822372
125.9599393598289,10.534664163533543
125.96781038022256,39.26074378610775
125.97568140061622,191.98665687456105
125.98355242100989,176.03906992356454
125.99142344140355,48.52963431406599
125.99929446179722,56.61084939577193
126.00716548219089,60.23284229841047
126.01503650258455,75.26927402861504
126.02290752297822,114.10031686313866
126.03077854337188,84.7274508744924
126.03864956376555,173.1122619776964
126.04652058415921,12.203298874183679
126.05439160455288,18.706804876533436
126.06226262494654,62.09895299048985
126.0701336453402,107.27599447804977
126.07800466573387,5.430174625775223
126.08587568612754,70.05870809362224
126.0937467065212,1.7662876208517209
126.10161772691488,45.49169698220531
126.10948874730855,5.21013573799066
126.11735976770221,57.92844184189872
126.12523078809588,2.148276819644881
126.13310180848954,16.84087862129405
126.1409728288832,68.38177302737185
126.14884384927687,15.619063563549052
126.15671486967054,5.982567705400408
126.1645858900642,28.748685556605174
126.17245691045787,70.29582383511999
126.18032793085153,1.6476735641018463
126.1881989512452,337.8651356855983
126.19606997163886,44.46194032335258
126.20394099203253,133.9601586154539
126.2118120124262,22.266662394108838
126.21968303281986,24.745119698269207
126.22755405321352,83.14191443433077
126.23542507360719,122.29413037870675
126.24329609400085,71.87235436586022
126.25116711439452,44.001018459974524
126.25903813478818,27.716758782729876
126.26690915518185,5.720363855464856
126.27478017557551,33.807157041524974
126.28265119596918,5.2353038842806345
126.29052221636285,8.541686308628943
126.29839323675651,91.12190794513285
126.30626425715018,9.304805271737422
126.31413527754384,0.8737533315196502
126.3220062979375,122.70169961493362
126.32987731833117,282.0322126420561
126.33774833872484,42.69297497098402
126.3456193591185,67.83754091511476
126.35349037951217,186.20642978882694
126.36136139990583,296.6675992220765
126.3692324202995,206.37486997585552
126.37710344069316,101.4580326256057
126.38497446108683,161.57154630394675
126.39284548148049,97.8176821818924
126.40071650187416,93.16666656622118
126.40858752226782,82.34011919232476
126.41645854266149,25.19020018194856
126.42432956305515,87.59169535316919
126.43220058344882,242.9641725979424
126.4400716038425,101.23969139266201
126.44794262423616,104.6706882097014
126.45581364462983,47.33732962733656
126.4636846650235,32.39882232299289
126.47155568541716,0.8450194318830625
126.47942670581082,53.16653232341919
126.48729772620449,119.81782147523651
126.49516874659815,97.57778209857625
126.50303976699182,107.93093266066288
126.51091078738548,314.7206546164217
126.51878180777915,120.0878082903341
126.52665282817281,11.994473858399529
126.53452384856648,4.556835474703471
126.54239486896014,132.2007500040246
126.55026588935381,252.15114653171008
126.55813690974747,17.554704290057757
126.56600793014114,199.618767931525
126.5738789505348,35.422294493799505
126.58174997092847,79.30687600457385
126.58962099132214,286.7766247494216
126.5974920117158,718.8623356650744
126.60536303210947,73.72065994877619
126.61323405250313,486.00567583070796
126.6211050728968,204.39131153608602
126.62897609329046,26.352737800061224
126.63684711368413,396.0526320585135
126.64471813407779,13.225146748126024
126.65258915447146,122.57219459015458
126.66046017486512,227.32973338305766
126.66833119525879,525.873435627566
126.67620221565245,167.94002293185736
126.68407323604612,76.00451450475255
126.69194425643978,884.873541817521
126.69981527683345,269.42101998660894
126.70768629722711,105.87923886359806
126.71555731762078,652.7091612667832
126.72342833801444,206.76626111468812
126.73129935840811,17.524503411602954
126.73917037880177,23.440598898994022
126.74704139919544,243.82102734251134
126.7549124195891,200.30828757371762
126.76278343998277,24.287187260707892
126.77065446037643,843.4812154988836
126.77852548077011,287.18218708256774
126.78639650116378,152.41401989274868
126.79426752155744,502.05845508585276
126.80213854195111,232.16478657015082
126.81000956234477,19.564072588325857
126.81788058273844,420.3133913268072
126.8257516031321,68.31882708218087
126.83362262352577,451.3195879877675
126.84149364391943,14.324839081753703
126.8493646643131,320.7564849699729
126.85723568470677,287.96451554917473
126.86510670510043,4497.043822276804
126.8729777254941,2449.9072031897567
126.88084874588776,4940.588548323031
126.88871976628143,1628.547889826295
126.89659078667509,98.09789961038376
126.90446180706876,27.01404397830052
126.91233282746242,355.61328371401
126.92020384785609,523.667824684293
126.92807486824975,459.2803630620397
126.93594588864342,447.98323033855445
126.94381690903708,1258.7121858454625
126.95168792943075,78.68544152298256
126.95955894982441,170.16381854709698
126.96742997021808,400.6966343643526
126.97530099061174,984.6356194281165
126.98317201100541,184.22864731420083
126.99104303139907,177.66778816681077
126.99891405179274,487.4136773162073
127.0067850721864,468.15246801434023
127.01465609258007,494.187612649087
127.02252711297373,256.7516429681448
127.0303981333674,293.55128154247683
127.03826915376106,114.98144924051303
127.04614017415473,222.4484312815037
127.0540111945484,253.42235884388145
127.06188221494206,740.3009971252083
127.06975323533572,68.2091785087809
127.07762425572939,59.57733508545968
127.08549527612305,23.14187305708806
127.09336629651672,53.349172684934885
127.10123731691039,873.7212969506296
127.10910833730405,939.6976826987931
127.11697935769773,163.60348973321544
127.1248503780914,600.0031145822915
127.13272139848506,304.2552579923619
127.14059241887873,7.408186662674314
127.14846343927239,54.84031709188022
127.15633445966606,0.09484603149948762
127.16420548005972,25.698024177362104
127.17207650045339,15.651969488195979
127.17994752084705,7.148116862479395
127.18781854124072,105.49544867835678
127.19568956163438,240.37131081936687
127.20356058202805,231.28545790040266
127.21143160242171,141.40471373202485
127.21930262281538,58.43819733634315
127.22717364320904,242.148932175987
127.23504466360271,36.13571907505952
127.24291568399637,16.584590212755007
127.25078670439004,253.87571624000083
127.2586577247837,103.35720185497748
127.26652874517737,173.9806121584735
127.27439976557103,59.49468446071756
127.2822707859647,7.113042314145046
127.29014180635836,4.160463249784124
127.29801282675203,59.39695844687132
127.3058838471457,3.7533950431013454
127.31375486753936,95.43711734053998
127.32162588793302,169.12702779965394
127.32949690832669,212.03553740228287
127.33736792872035,31.717648597023572
127.34523894911402,375.59287935674655
127.35310996950768,148.33844232240273
127.36098098990135,10.71383151890037
127.36885201029502,30.532916797356968
127.37672303068868,446.9822606831702
127.38459405108235,1.4841797427575554
127.39246507147601,17.2526923057992
127.40033609186968,185.97448440418478
127.40820711226334,72.02670565270493
127.416078132657,123.82573318234583
127.42394915305067,85.9977459875846
127.43182017344434,161.23140534402984
127.439691193838,39.44466063368868
127.44756221423168,49.84988679492013
127.45543323462535,408.40728911644356
127.46330425501901,79.63560153940317
127.47117527541268,58.04270206912378
127.47904629580634,202.90510765033858
127.4869173162,402.7360674110608
127.49478833659367,73.48068155650768
127.50265935698734,288.34563423314245
127.510530377381,123.60156631763405
127.51840139777467,501.6365579517325
127.52627241816833,928.1349687887937
127.534143438562,173.14097127970618
127.54201445895566,179.73934362090466
127.54988547934933,49.64348838047907
127.557756499743,562.0976522666111
127.56562752013666,244.52691878050925
127.57349854053032,1100.9993544827175
127.58136956092399,58.521034771392934
127.58924058131765,66.99800010153706
127.59711160171132,445.8466399215258
127.60498262210498,424.9372093459549
127.61285364249865,141.5946211114643
127.62072466289231,97.20842246881585
127.62859568328598,485.749501225144
127.63646670367964,162.40216669249898
127.64433772407331,107.7689300416275
127.65220874446698,162.1675281174525
127.66007976486064,425.22430464026644
127.6679507852543,374.25597064406423
127.67582180564797,18.00818764146978
127.68369282604164,100.53250217729445
127.6915638464353,872.3847977961391
127.69943486682897,149.2611393806959
127.70730588722263,397.8538318331236
127.7151769076163,919.7074180112143
127.72304792800996,93.5399044686168
127.73091894840363,1350.7909130322857
127.73878996879729,1214.5834692240533
127.74666098919096,224.4780846423943
127.75453200958462,754.8050400698123
127.76240302997829,853.3853139142561
127.77027405037195,424.26511549998776
127.77814507076562,29.175648471716283
127.7860160911593,374.19871611982944
127.79388711155296,198.7579168798881
127.80175813194663,1501.3151124490873
127.80962915234029,9.681947196808045
127.81750017273396,31.021059653843015
127.82537119312762,1.2737708613856034
127.83324221352129,125.94216437524639
127.84111323391495,33.58957262092252
127.84898425430862,96.7781003766589
127.85685527470228,223.51577494124155
127.86472629509595,132.06237739948673
127.87259731548961,519.1559306338372
127.88046833588328,387.06760356702074
127.88833935627694,429.27281604624926
127.89621037667061,214.43082135042866
127.90408139706427,396.20940846678985
127.91195241745794,451.73238217549255
127.9198234378516,12.188244213938187
127.92769445824527,356.18417663750716
127.93556547863894,38.594329650747625
127.9434364990326,8.158660755410988
127.95130751942627,206.49398458456892
127.95917853981993,12.566073784204011
127.9670495602136,9.156419598161929
127.97492058060726,392.1062736532542
127.98279160100093,67.52937143642396
127.99066262139459,181.40219946433447
127.99853364178826,3.2091426080629213
128.00640466218192,249.17154932226393
128.0142756825756,115.42719298928375
128.02214670296928,32.59883742272118
128.03001772336293,239.84780003357466
128.0378887437566,246.46118868075402
128.04575976415026,6.308722344702352
128.05363078454394,9.940605811656091
128.0615018049376,80.1703815667777
128.06937282533127,483.77977752800564
128.07724384572492,90.20816140205385
128.0851148661186,11.32090852629887
128.09298588651225,129.49741113295053
128.10085690690593,77.42522481244754
128.10872792729958,71.74859006788803
128.11659894769326,111.98717183665323
128.1244699680869,1.9409108620126303
128.1323409884806,8.322038498025497
128.14021200887424,177.2990760524855
128.14808302926792,67.05207338706481
128.15595404966157,39.06331435554214
128.16382507005525,7.661757666107089
128.1716960904489,71.55777413849589
128.17956711084258,67.74255975467182
128.18743813123623,11.397098451766253
128.1953091516299,6.011989122285669
128.20318017202356,31.30431127905099
128.21105119241724,182.0963350919736
128.2189222128109,23.86992395064785
128.22679323320457,11.702262052003592
128.23466425359823,55.08368753833087
128.2425352739919,35.47451203231319
128.25040629438556,205.58834553404012
128.25827731477924,3.9848674799078743
128.2661483351729,38.34313031251527
128.27401935556657,11.019127364846696
128.28189037596022,292.0339286713853
128.2897613963539,81.28704509400535
128.29763241674758,164.24119442412703
128.30550343714123,2.6746320356972753
128.3133744575349,69.53275827244407
128.32124547792856,92.58077061500924
128.32911649832224,60.82037161718561
128.3369875187159,23.572008423630187
128.34485853910957,5.273722496893155
128.35272955950322,115.51254553238726
128.3606005798969,126.99603348168957
128.36847160029055,73.63125071915417
128.37634262068423,41.8964255843116
128.38421364107788,100.90162215401219
128.39208466147156,115.9265280164764
128.3999556818652,233.6110561168319
128.4078267022589,10.472623917510507
128.41569772265254,29.648988512443413
128.42356874304622,299.4231474767735
128.43143976343987,82.51115280793665
128.43931078383355,52.97880236756095
128.4471818042272,82.05618607939603
128.45505282462088,36.219550248753386
128.46292384501453,155.10010029937246
128.4707948654082,53.69939578440269
128.47866588580186,17.882500454678212
128.48653690619554,4.75054845904356
128.4944079265892,2.2202669340017427
128.50227894698287,16.541603068732254
128.51014996737652,10.468758547866065
128.5180209877702,9.72502374544943
128.52589200816385,11.913062106576886
128.53376302855753,5.417322271505499
128.54163404895118,20.89452317647581
128.54950506934486,87.1060667484186
128.5573760897385,10.112494101893377
128.5652471101322,78.33568742138795
128.57311813052584,57.83159425087238
128.58098915091952,17.089288777035488
128.58886017131317,104.66242491842938
128.59673119170685,340.3097705701973
128.6046022121005,141.22636379415817
128.61247323249418,108.55681192169556
128.62034425288783,10.264659321086572
128.6282152732815,10.998939737779857
128.6360862936752,2.7479171495331447
128.64395731406884,26.973776016990016
128.65182833446252,27.320087116495994
128.65969935485617,13.4550236044646
128.66757037524985,90.45538978505864
128.6754413956435,49.42951665549775
128.68331241603718,67.69804920273047
128.69118343643083,328.5976677979534
128.6990544568245,37.669771130718104
128.70692547721816,537.7319745160557
128.71479649761184,286.26633760764963
128.7226675180055,40.30349004768732
128.73053853839917,1004.2848950397093
128.73840955879282,144.26011241630897
128.7462805791865,22.75160334745687
128.75415159958015,77.63000451587885
128.76202261997383,18.64703629993009
128.76989364036748,61.95674172494352
128.77776466076116,23.229933309645485
128.78563568115482,102.70585906012721
128.7935067015485,19.950304476880124
128.80137772194215,23.29165000743716
128.80924874233582,20.85878397505157
128.81711976272948,150.0323170276109
128.82499078312316,403.5172928781989
128.8328618035168,17.36709790581372
128.84073282391049,338.4102399135286
128.84860384430414,17.016942481742657
128.85647486469782,61.0346546019537
128.86434588509147,4.84217254289557
128.87221690548515,16.19650789713892
128.8800879258788,26.81711870038142
128.88795894627248,237.2486553766874
128.89582996666613,410.85415533748665
128.9037009870598,71.41251517316826
128.91157200745346,91.68112872320283
128.91944302784714,33.85921470227362
128.9273140482408,95.18115339345746
128.93518506863447,59.18890215141954
128.94305608902812,177.94766681749485
128.9509271094218,16.170095493715408
128.95879812981545,13.446586473659558
128.96666915020913,13.607302500691999
128.9745401706028,135.39558870106822
128.98241119099646,33.38223178136147
128.99028221139014,178.03208441550603
128.9981532317838,1883.3452124017124
129.00602425217747,758.0195390332393
129.01389527257112,131.61522107725168
129.0217662929648,24.30865744209361
129.02963731335845,594.5274062508892
129.03750833375213,22.641460221624666
129.04537935414578,23.910534723714715
129.05325037453946,25.23400628955732
129.0611213949331,42.019807108005466
129.0689924153268,486.6688231244983
129.07686343572044,31.083127091611157
129.08473445611412,104.54074258920203
129.09260547650777,129.73004349833332
129.10047649690145,49.027028104238255
129.1083475172951,66.50219324659675
129.11621853768878,3.0134031280088807
129.12408955808243,2.6132363050540666
129.1319605784761,0.23746077759405138
129.13983159886976,22.793683103664392
129.14770261926344,81.5479424225712
129.1555736396571,173.02608760347755
129.16344466005077,0.6669526486969783
129.17131568044442,19.11001624758172
129.1791867008381,4.991525699536979
129.18705772123175,22.14294750193908
129.19492874162543,42.455449909019464
129.20279976201908,44.12453751402686
129.21067078241276,39.837423301400484
129.2185418028064,76.30209669435727
129.2264128232001,65.98418071528876
129.23428384359374,81.42645150252747
129.24215486398742,160.8149235887845
129.25002588438107,0.07582100752121351
129.25789690477475,131.36266535578085
129.2657679251684,205.35718606060712
129.27363894556208,531.1582150161095
129.28150996595573,556.4687949264971
129.2893809863494,127.58296706842074
129.29725200674307,11.421624232604904
129.30512302713674,339.68297706204737
129.31299404753042,68.45812247131751
129.32086506792407,163.40390396550515
129.32873608831775,8.664477138485635
129.3366071087114,64.20521734116407
129.34447812910508,59.948704931707745
129.35234914949874,16.905752685054246
129.36022016989241,18.1985733788435
129.36809119028607,0.6552758536960122
129.37596221067975,225.1244701928964
129.3838332310734,13.989967441343788
129.39170425146708,33.64078831384487
129.39957527186073,9.397126951933924
129.4074462922544,113.68450382930821
129.41531731264806,77.72794395245873
129.42318833304174,9.480886488502133
129.4310593534354,5.074155865242868
129.43893037382907,34.6702206625379
129.44680139422272,25.596300992637506
129.4546724146164,25.43002906867068
129.46254343501005,96.27192923034002
129.47041445540373,398.16828622024593
129.47828547579738,41.7573195664196
129.48615649619106,20.75518673673866
129.4940275165847,14.411690649858947
129.5018985369784,169.3412260057857
129.50976955737204,68.11089003934694
129.51764057776572,284.3842816811982
129.52551159815937,234.7626513121702
129.53338261855305,248.78007481492284
129.5412536389467,39.64164686632662
129.54912465934038,186.32983661201717
129.55699567973403,42.563540499298796
129.5648667001277,22.762957147475102
129.57273772052136,5.743088313483211
129.58060874091504,58.257173127750754
129.5884797613087,61.19865446087404
129.59635078170237,35.553683556631306
129.60422180209602,42.45618116857947
129.6120928224897,28.973399613957575
129.61996384288335,39.26420329397638
129.62783486327703,57.94625049811465
129.63570588367068,89.14681112139475
129.64357690406436,146.90651729742467
129.65144792445804,303.3392424955788
129.6593189448517,137.32292176532403
129.66718996524537,24.300561017257284
129.67506098563902,137.78457262879132
129.6829320060327,51.53402784178029
129.69080302642635,12.339110027112405
129.69867404682003,108.59903586240048
129.70654506721368,134.36978493113068
129.71441608760736,11.028778008256804
129.722287108001,14.750193920375866
129.7301581283947,10.573783666127662
129.73802914878834,312.2146632998128
129.74590016918202,44.353362394159284
129.75377118957567,76.59403428052411
129.76164220996935,6.677790046389613
129.769513230363,108.58568008550502
129.77738425075668,8.575242313647138
129.78525527115033,4.130333828559028
129.793126291544,1.2154530249207862
129.80099731193766,7.0170068480901335
129.80886833233134,17.64393872792614
129.816739352725,18.421686850756416
129.82461037311867,49.823805766552965
129.83248139351232,6.129061669652154
129.840352413906,28.857854358591123
129.84822343429965,58.629193542934075
129.85609445469333,196.78804037725828
129.86396547508699,18.623555312216087
129.87183649548066,17.704882411604576
129.87970751587432,32.42149801532078
129.887578536268,13.344095363804168
129.89544955666165,33.221262963481365
129.90332057705533,205.38151286955951
129.91119159744898,98.151780740596
129.91906261784266,86.54526113166413
129.9269336382363,9.273108189597284
129.93480465863,170.72457567463184
129.94267567902364,36.184193298044185
129.95054669941732,20.925383641227945
129.95841771981097,13.849103842834328
129.96628874020465,7.493134521195759
129.9741597605983,60.073465095245865
129.98203078099198,60.412252066468426
129.98990180138566,14.856234009759351
129.9977728217793,22.911740934492585
130.005643842173,15.615672694899445
130.01351486256664,1.1207765641967613
130.02138588296032,25.460972797053493
130.02925690335397,34.65455884884885
130.03712792374765,80.39924103953771
130.0449989441413,96.068253646717
130.05286996453498,30.721618064733576
130.06074098492863,33.956349441299
130.0686120053223,28.226456921934588
130.07648302571596,56.46510721863421
130.08435404610964,36.62600693368304
130.0922250665033,25.348371022629994
130.10009608689697,28.72636021357459
130.10796710729062,13.532421767653117
130.1158381276843,39.74540852916624
130.12370914807795,101.27335185869372
130.13158016847163,151.02872289751858
130.13945118886528,7.069573812940348
130.14732220925896,46.587117243346626
130.1551932296526,4.247787179834295
130.1630642500463,41.802797013713885
130.17093527043994,271.83895377686554
130.17880629083362,78.52836617397246
130.18667731122727,1.899154011336863
130.19454833162095,230.56672663344523
130.2024193520146,218.69794657601375
130.21029037240828,88.10300764969321
130.21816139280193,14.192517127073112
130.2260324131956,39.282501460918716
130.23390343358926,456.74230882212566
130.24177445398294,501.816020466304
130.2496454743766,14.906247404185923
130.25751649477027,110.1979166072074
130.26538751516392,15.766779984708588
130.2732585355576,94.81841717254899
130.28112955595125,17.421265512415346
130.28900057634493,19.564191865344696
130.29687159673858,62.976255552797
130.30474261713226,56.545808935183835
130.3126136375259,0.008984201422021162
130.3204846579196,60.22490970058491
130.32835567831327,33.90351084403804
130.33622669870692,25.380172359517964
130.3440977191006,77.42151679153751
130.35196873949425,87.19884319105881
130.35983975988793,19.645678114461813
130.36771078028158,0.4789043215072017
130.37558180067526,136.88777880648794
130.38345282106891,54.36848847985665
130.3913238414626,132.4887455583709
130.39919486185624,42.67998351761011
130.40706588224992,97.77147726892787
130.41493690264357,66.99279881311567
130.42280792303725,81.91111488565448
130.4306789434309,96.88284763215819
130.43854996382458,305.8959310606239
130.44642098421824,35.71055668778113
130.45429200461191,25.678413164465024
130.46216302500557,22.772666065762976
130.47003404539925,75.3441924477898
130.4779050657929,248.12615450329739
130.48577608618658,133.3563356205222
130.49364710658023,38.954948155833534
130.5015181269739,176.499056250847
130.50938914736756,55.800228077989914
130.51726016776124,161.3896194082113
130.5251311881549,631.7625069308975
130.53300220854857,37.208180033799934
130.54087322894222,97.99930746308745
130.5487442493359,67.45414659480288
130.55661526972955,106.66265491523373
130.56448629012323,81.19180075033259
130.57235731051688,4.869924689902948
130.58022833091056,30.96617187234674
130.5880993513042,79.70956845949961
130.5959703716979,4.97203260805854
130.60384139209154,78.76957593322886
130.61171241248522,133.70392360750014
130.61958343287887,15.684621283461814
130.62745445327255,2.8387518520035995
130.6353254736662,71.54435712548174
130.64319649405988,5.678464604403933
130.65106751445353,33.32543089799478
130.6589385348472,12.190156420708753
130.6668095552409,16.939294447430463
130.67468057563454,18.446931061965525
130.68255159602822,53.24762704461455
130.69042261642187,12.865572830807864
130.69829363681555,3.0902021831636177
130.7061646572092,73.9992531441954
130.71403567760288,6.440229977275374
130.72190669799653,67.72962830151246
130.7297777183902,106.36427860585478
130.73764873878386,91.22107752607783
130.74551975917754,89.56597514554929
130.7533907795712,59.31293275222382
130.76126179996487,167.419385590388
130.76913282035852,118.89219670254985
130.7770038407522,330.8559452254252
130.78487486114585,256.09132974847114
130.79274588153953,343.419898773705
130.80061690193318,64.03620539330765
130.80848792232686,21.592873621872926
130.8163589427205,642.9059485101793
130.8242299631142,188.00979911522845
130.83210098350784,28.08680409998736
130.83997200390152,80.14890990833855
130.84784302429517,115.78400495210876
130.85571404468885,259.28434460449415
130.8635850650825,203.19956706143603
130.87145608547618,99.13478730625677
130.87932710586983,43.7068895119339
130.8871981262635,23.57535598661286
130.89506914665716,249.15116997972888
130.90294016705084,3.515706659235907
130.9108111874445,159.466410012977
130.91868220783817,22.623467168195255
130.92655322823182,133.8662634715409
130.9344242486255,88.70154428367061
130.94229526901916,69.72588448053821
130.95016628941283,186.6905196256853
130.95803730980649,52.38505873340197
130.96590833020016,40.366433710723854
130.97377935059382,68.63978213806429
130.9816503709875,380.6778363545685
130.98952139138115,8.698865972924507
130.99739241177483,56.57825740517759
131.0052634321685,99.81410569479212
131.01313445256216,203.52322498679226
131.02100547295584,251.15005620121346
131.0288764933495,229.43143048989398
131.03674751374317,166.476701520636
131.04461853413682,132.72888425550153
131.0524895545305,41.62510426088248
131.06036057492415,206.28638716522883
131.06823159531783,257.2271680697359
131.07610261571148,304.48786150657367
131.08397363610516,101.48786568499123
131.0918446564988,375.41222428242486
131.0997156768925,193.55780272784042
131.10758669728614,415.69847464728554
131.11545771767982,209.524255428495
131.12332873807347,24.142714421473112
131.13119975846715,471.84610889685183
131.1390707788608,26.40066270510163
131.14694179925448,267.0970876854001
131.15481281964813,1559.1161429066362
131.1626838400418,751.7142126393582
131.17055486043546,619.2581206553739
131.17842588082914,620.2889604922137
131.1862969012228,19.091792939902025
131.19416792161647,31.195125809109282
131.20203894201012,2.7703935124391097
131.2099099624038,57.714183283834075
131.21778098279745,4.485744982789988
131.22565200319113,3.37175152058914
131.23352302358478,65.44815564669932
131.24139404397846,587.6658691603602
131.2492650643721,775.7096127529464
131.2571360847658,21.817783648468733
131.26500710515944,14.59628916162209
131.27287812555312,1402.7268025508902
131.28074914594677,430.4295993932425
131.28862016634045,388.4507610540024
131.2964911867341,608.7442133610978
131.30436220712778,196.42108390827022
131.31223322752143,180.15786560459054
131.3201042479151,451.00010649073715
131.32797526830876,1347.0828578422684
131.33584628870244,670.338374254207
131.34371730909612,414.19360762276307
131.35158832948977,816.7742937775197
131.35945934988345,1841.8549866303715
131.3673303702771,386.6249284712568
131.37520139067078,1940.3195251485852
131.38307241106443,1549.2857955588734
131.3909434314581,2122.190504920413
131.39881445185176,257.952543377979
131.40668547224544,1995.6572186169738
131.4145564926391,179.24665878060324
131.42242751303277,1945.7638355713398
131.43029853342642,820.0834982124325
131.4381695538201,2880.284163862376
131.44604057421375,2536.3461663258604
131.45391159460743,37.96230269264041
131.46178261500108,1596.4578037509596
131.46965363539476,704.9162156645249
131.47752465578841,1508.9575562054551
131.4853956761821,801.4197639931094
131.49326669657574,334.3077437053436
131.50113771696942,492.6914593802935
131.50900873736308,915.1483299110027
131.51687975775675,47.572995320276945
131.5247507781504,577.6596340351783
131.53262179854408,521.6180124435715
131.54049281893774,343.36176071105956
131.54836383933142,17.551828745965462
131.55623485972507,98.41332153502421
131.56410588011875,28.894255552322697
131.5719769005124,136.06226938604672
131.57984792090608,52.101087550576835
131.58771894129973,289.2796928282785
131.5955899616934,90.13501436711695
131.60346098208706,56.0671209442821
131.61133200248074,103.20225356999924
131.6192030228744,97.65038666005952
131.62707404326807,124.99633173058267
131.63494506366172,71.7647730983235
131.6428160840554,10.911831506673357
131.65068710444905,3.708788600888218
131.65855812484273,18.22256912188571
131.66642914523638,39.53006129049737
131.67430016563006,72.46392492291726
131.68217118602374,126.55636293046167
131.6900422064174,125.08940855517682
131.69791322681107,207.69658972279842
131.70578424720472,59.855212359051
131.7136552675984,54.43225809794358
131.72152628799205,166.1691257932126
131.72939730838573,81.54991881366735
131.73726832877938,397.02077054974893
131.74513934917306,184.10886569942082
131.7530103695667,561.7035307070664
131.7608813899604,117.22076918662475
131.76875241035404,23.468300795738422
131.77662343074772,3.9193361654441223
131.78449445114137,30.102273009394164
131.79236547153505,43.34541242024181
131.8002364919287,167.19598907599365
131.80810751232238,12.85265254329205
131.81597853271603,20.69048027764542
131.8238495531097,25.284772342147836
131.83172057350336,78.54832745164879
131.83959159389704,28.837638555836648
131.8474626142907,172.41232440671624
131.85533363468437,112.65160160796759
131.86320465507802,2.5407649573686317
131.8710756754717,13.557392092874188
131.87894669586535,3.4431275565131485
131.88681771625903,18.00151914229556
131.89468873665268,32.72290932796864
131.90255975704636,88.92333532783266
131.91043077744,1.0542455200989878
131.9183017978337,144.50928444190603
131.92617281822734,48.43702414752335
131.93404383862102,44.42940262766388
131.94191485901467,157.26350306784101
131.94978587940835,169.9510049641288
131.957656899802,86.81776497484825
131.96552792019568,124.97932911986125
131.97339894058933,9.393734515380727
131.981269960983,422.5909456314635
131.98914098137666,31.202930400026244
131.99701200177034,101.56907508325432
132.004883022164,46.08982402852563
132.01275404255767,322.2460308192731
132.02062506295135,22.864166657881317
132.028496083345,34.719824158884855
132.03636710373868,25.772042446082597
132.04423812413233,2.1898106697262105
132.052109144526,17.151219674464812
132.05998016491966,35.15845704610368
132.06785118531334,189.41449138008983
132.075722205707,158.8381581095339
132.08359322610067,108.472475168615
132.09146424649433,61.26367308780278
132.099335266888,66.33537276025743
132.10720628728166,60.92236330831764
132.11507730767534,400.6973691571863
132.122948328069,531.7406548730384
132.13081934846267,1117.8055549523287
132.13869036885632,3.61579949120801
132.14656138925,49.58728421212951
132.15443240964365,261.5120525295736
132.16230343003733,175.54212915221044
132.17017445043098,1.4245280255591182
132.17804547082466,235.49111907859984
132.1859164912183,150.49550230823345
132.193787511612,126.10131528251756
132.20165853200564,337.5812781543723
132.20952955239932,86.98829518144747
132.21740057279297,116.16322088614271
132.22527159318665,41.44238847956747
132.2331426135803,3.1750034319079923
132.24101363397398,136.21432714895207
132.24888465436763,30.89928368847232
132.2567556747613,66.59268337972243
132.26462669515496,63.2925189845328
132.27249771554864,57.86057654705928
132.2803687359423,58.53150795352367
132.28823975633597,41.27388764416701
132.29611077672962,129.12040127611527
132.3039817971233,6.597039060266084
132.31185281751695,17.13446044746479
132.31972383791063,626.595510046396
132.32759485830428,9.143806255742318
132.33546587869796,15.661055022840573
132.34333689909164,12.012466179392527
132.3512079194853,36.06502240035769
132.35907893987897,89.86614681295706
132.36694996027262,135.86261860717048
132.3748209806663,62.0481620147074
132.38269200105995,140.60608793106516
132.39056302145363,219.4615479720251
132.39843404184728,43.86140127206583
132.40630506224096,293.27435684994276
132.4141760826346,489.0923984678888
132.4220471030283,251.17182989477254
132.42991812342194,244.08047677038095
132.43778914381562,67.33152595143613
132.44566016420927,387.6673353039303
132.45353118460295,511.02686644326326
132.4614022049966,165.47015566734947
132.46927322539028,68.18236660556192
132.47714424578393,333.3278707810437
132.4850152661776,645.9568463963766
132.49288628657126,195.25424341661594
132.50075730696494,13.795334083578664
132.5086283273586,527.312279334424
132.51649934775227,4.088971914050199
132.52437036814592,37.20562337536287
132.5322413885396,73.69802690205488
132.54011240893325,6.863070961328507
132.54798342932693,9.836733525303995
132.55585444972058,55.835613068513226
132.56372547011426,141.53702814178988
132.57159649050791,304.5009455638253
132.5794675109016,1350.7088404762185
132.58733853129525,357.6912429689964
132.59520955168892,9.331134681045164
132.60308057208258,61.06187867603998
132.61095159247625,466.28007728638164
132.6188226128699,1753.5676861276072
132.62669363326359,266.28744505322766
132.63456465365724,247.694323210063
132.64243567405092,41.8969472680007
132.65030669444457,2155.7880119619026
132.65817771483825,1095.282472996702
132.6660487352319,1524.0109225447382
132.67391975562558,660.4620157633301
132.68179077601926,1347.6026915492935
132.6896617964129,52.42639257782846
132.69753281680659,159.35510260590402
132.70540383720024,2441.425127844953
132.71327485759392,3218.35549463309
132.72114587798757,1273.1454233182806
132.72901689838125,8600.253659340418
132.7368879187749,1688.8029670625892
132.74475893916858,2176.156611450976
132.75262995956223,1508.1049481616092
132.7605009799559,2911.8434957439795
132.76837200034956,3448.6896187498533
132.77624302074324,5680.6015113640915
132.7841140411369,5545.657110420598
132.79198506153057,839.9307477129257
132.79985608192422,270.8734303733226
132.8077271023179,1123.7739592814175
132.81559812271155,2394.859169359694
132.82346914310523,576.775130794948
132.83134016349888,607.7256016459017
132.83921118389256,1703.6379136867486
132.8470822042862,801.7608985454207
132.8549532246799,40.23910837046439
132.86282424507354,1685.8635061681066
132.87069526546722,222.9175807128193
132.87856628586087,506.89568336362066
132.88643730625455,285.3078358635912
132.8943083266482,1578.5846699701387
132.90217934704188,1172.4098684408657
132.91005036743553,332.85133142833615
132.9179213878292,952.250740418288
132.92579240822286,4.110418280078098
132.93366342861654,54.835356506437314
132.9415344490102,21.70436825072458
132.94940546940387,185.97089489872457
132.95727648979752,173.09305159637572
132.9651475101912,174.65914746272796
132.97301853058485,174.9040001262538
132.98088955097853,133.382499937543
132.98876057137218,47.8150805206823
132.99663159176586,373.4118524540478
133.0045026121595,201.13071064076934
133.0123736325532,33.06957630529569
133.02024465294687,164.90547208429504
133.02811567334052,562.9658103523094
133.0359866937342,45.16663977714018
133.04385771412785,127.69190631538972
133.05172873452153,355.94737362674624
133.05959975491518,128.28671667302632
133.06747077530886,137.52947507069584
133.0753417957025,184.55028157910866
133.0832128160962,121.1959184391104
133.09108383648984,65.31224612428983
133.09895485688352,31.61978980765337
133.10682587727717,293.18668405242636
133.11469689767085,155.20410010885536
133.1225679180645,108.72995235560168
133.13043893845818,224.998922456774
133.13830995885183,166.9707825686179
133.1461809792455,10.241462652000049
133.15405199963917,88.62025408495158
133.16192302003284,38.387004054469436
133.1697940404265,240.07195881080992
133.17766506082017,113.67252805459084
133.18553608121383,285.4283684821027
133.1934071016075,208.69676166669274
133.20127812200116,79.21013989445835
133.20914914239484,18.48262944103424
133.2170201627885,320.1949898362887
133.22489118318217,72.09853425773622
133.23276220357582,15.451730041768299
133.2406332239695,158.07122742885576
133.24850424436315,111.42651529943019
133.25637526475683,95.06693979438721
133.26424628515048,133.11167253796324
133.27211730554416,218.86474008473516
133.2799883259378,145.65889960482
133.2878593463315,54.83073052593362
133.29573036672514,142.4554103448896
133.30360138711882,0.807698537932692
133.31147240751247,251.35119813941805
133.31934342790615,105.43449590665905
133.3272144482998,450.53309374296526
133.33508546869348,88.39997761873344
133.34295648908713,90.81249733071502
133.3508275094808,322.2973285042703
133.3586985298745,241.64713700327275
133.36656955026814,67.1083985725006
133.37444057066182,64.78108273000865
133.38231159105547,52.70709397003436
133.39018261144915,25.904524296531605
133.3980536318428,5.867482636700156
133.40592465223648,18.597104458936524
133.41379567263013,6.003266594882497
133.4216666930238,66.76289742756413
133.42953771341746,15.48670291373393
133.43740873381114,81.1282236946044
133.4452797542048,40.45821538216102
133.45315077459847,109.08822084447624
133.46102179499212,51.12582909022885
133.4688928153858,55.14643647597887
133.47676383577945,197.2780621725509
133.48463485617313,8.97685680035324
133.49250587656678,56.52763889835236
133.50037689696046,55.69363302521095
133.5082479173541,170.16563086719378
133.5161189377478,29.900866900541715
133.52398995814144,124.2520307142404
133.53186097853512,319.91579463090335
133.53973199892877,104.12675936889093
133.54760301932245,120.95109907595692
133.5554740397161,275.05695650314203
133.56334506010978,52.98775230200842
133.57121608050343,257.2177310871502
133.5790871008971,8.547492867819258
133.58695812129076,7.3148061853229605
133.59482914168444,249.096707920789
133.6027001620781,104.63533043685473
133.61057118247177,151.67410704337811
133.61844220286542,62.94700021072518
133.6263132232591,38.77333718455866
133.63418424365275,23.34319422484114
133.64205526404643,160.1321319059713
133.64992628444008,2.950337591216684
133.65779730483376,73.84322323790802
133.66566832522741,44.390522934311186
133.6735393456211,9.161454247514202
133.68141036601475,1.02135905852306
133.68928138640842,43.147055687714335
133.6971524068021,58.597331444647466
133.70502342719575,68.7459649780766
133.71289444758943,29.43181333781756
133.72076546798309,44.016930585395215
133.72863648837676,2.6160290434060696
133.73650750877042,27.960069417556358
133.7443785291641,98.98194811840999
133.75224954955775,22.52685106590276
133.76012056995143,102.74601779011356
133.76799159034508,143.3603122422342
133.77586261073876,85.61669080343097
133.7837336311324,46.88809325866414
133.7916046515261,7.021565914851636
133.79947567191974,57.86747467667282
133.80734669231342,149.76493806023018
133.81521771270707,108.53868617221862
133.82308873310075,91.26983646673877
133.8309597534944,123.81859222906726
133.83883077388808,14.24778674730362
133.84670179428173,21.545048279208462
133.8545728146754,92.72517200093884
133.86244383506906,64.03516136856412
133.87031485546274,1.929430816867936
133.8781858758564,49.317375574310844
133.88605689625007,4.909137853237052
133.89392791664372,50.65360389838454
133.9017989370374,46.55063270612931
133.90966995743105,169.48082534785806
133.91754097782473,4.041607582543113
133.92541199821838,22.459550885966536
133.93328301861206,18.618565966363136
133.9411540390057,25.628583692949796
133.9490250593994,77.96811557889598
133.95689607979304,25.629398919829033
133.96476710018672,47.80711294438109
133.97263812058037,93.03924693205829
133.98050914097405,37.90046339755777
133.9883801613677,93.10704396202406
133.99625118176138,66.04338070944
134.00412220215503,118.84263079014228
134.0119932225487,55.46724530184174
134.01986424294236,230.30001616250962
134.02773526333604,253.06971582498036
134.03560628372972,18.324064435651692
134.04347730412337,102.39004020807813
134.05134832451705,84.42289418986724
134.0592193449107,310.66169748731664
134.06709036530438,2.717874362077445
134.07496138569803,45.43081685728794
134.0828324060917,15.940158083079977
134.09070342648536,42.63494478245465
134.09857444687904,5.075793655310878
134.1064454672727,3.248238003332087
134.11431648766637,22.399071289886816
134.12218750806002,79.55780580002981
134.1300585284537,25.55885983996582
134.13792954884735,102.84597539864015
134.14580056924103,9.90679100048229
134.15367158963468,7.60086328571345
134.16154261002836,79.55512550753267
134.169413630422,5.785988072233678
134.1772846508157,10.29580992651067
134.18515567120934,89.66360137435883
134.19302669160302,135.33401660163264
134.20089771199667,58.52508529778923
134.20876873239035,22.738899103857108
134.216639752784,21.777917358717975
134.22451077317768,8.511828946267135
134.23238179357134,7.12775519241191
134.24025281396501,59.72814139662814
134.24812383435867,26.157208849850967
134.25599485475234,145.91482807257296
134.263865875146,79.78330343503264
134.27173689553968,109.82827175374226
134.27960791593333,38.531731041114334
134.287478936327,12.157015352477321
134.29534995672066,46.01616467779074
134.30322097711434,18.349538043398972
134.311091997508,101.69821539229108
134.31896301790167,89.37905298841508
134.32683403829532,104.02275283241595
134.334705058689,22.27168062076292
134.34257607908265,28.04845575965517
134.35044709947633,82.62569659963683
134.35831811986998,1.0990407230950534
134.36618914026366,1.2325778744822637
134.37406016065734,27.033622948806148
134.381931181051,18.910143579299675
134.38980220144467,110.45655241027953
134.39767322183832,4.6338314786218975
134.405544242232,7.755150516730654
134.41341526262565,46.69879024824145
134.42128628301933,26.254828271440143
134.42915730341298,113.96016877130317
134.43702832380666,1.722561429038156
134.4448993442003,12.378133557445222
134.452770364594,25.90376865528351
134.46064138498764,79.61873893539448
134.46851240538132,161.14107014832504
134.47638342577497,34.50304283149216
134.48425444616865,25.333105669874783
134.4921254665623,11.809030912193217
134.49999648695598,15.540211631287026
134.50786750734963,4.989358839922985
134.5157385277433,18.226720320200183
134.52360954813696,109.15841483074098
134.53148056853064,32.81019243135982
134.5393515889243,20.973037846822088
134.54722260931797,39.25838023937688
134.55509362971162,69.28748253830489
134.5629646501053,11.773109877313079
134.57083567049895,37.22706740690641
134.57870669089263,9.21202206519198
134.58657771128628,41.54976376876089
134.59444873167996,23.68566162529325
134.6023197520736,2.832455498989864
134.6101907724673,62.71805251069319
134.61806179286094,64.99833039428275
134.62593281325462,229.1343342055546
134.63380383364827,104.37932381893938
134.64167485404195,230.09919141143277
134.6495458744356,42.843368293784735
134.65741689482928,22.84721676889279
134.66528791522293,142.0901675197664
134.6731589356166,86.94898838801451
134.68102995601026,21.009474858808684
134.68890097640394,142.76309681185552
134.6967719967976,7.607249880492278
134.70464301719127,39.2140849633231
134.71251403758495,28.21166526481529
134.7203850579786,40.549039957788565
134.72825607837228,19.371541438726155
134.73612709876593,29.701730175914143
134.7439981191596,155.2453992765374
134.75186913955326,137.6927348623777
134.75974015994694,63.36457748952604
134.7676111803406,1.75622903048401
134.77548220073427,18.870740734426203
134.78335322112792,37.297726569788665
134.7912242415216,143.4603776863695
134.79909526191526,16.965789521694834
134.80696628230893,69.92285216676281
134.81483730270259,0.7816244310116687
134.82270832309626,146.7660909457002
134.83057934348992,54.33281293165356
134.8384503638836,51.54868577108427
134.84632138427725,67.95530636829515
134.85419240467093,24.036044651166964
134.86206342506458,3.9485878360680444
134.86993444545826,9.480386478818428
134.8778054658519,22.263262018713778
134.8856764862456,6.660191973411807
134.89354750663924,3.101558236979562
134.90141852703292,145.68154540500325
134.90928954742657,327.47372028311196
134.91716056782025,13.173100153890697
134.9250315882139,0.33949558526943535
134.93290260860758,10.99161841510686
134.94077362900123,9.21313647678374
134.9486446493949,2.3025396360628396
134.95651566978856,14.942593148617137
134.96438669018224,30.88915892448001
134.9722577105759,330.46733857046513
134.98012873096957,144.53033120602453
134.98799975136322,108.56143064331293
134.9958707717569,16.97270715157085
135.00374179215055,119.67280091803362
135.01161281254423,539.5658940489469
135.01948383293788,208.404106343129
135.02735485333156,174.35053140942713
135.0352258737252,588.3761669835076
135.0430968941189,1154.0801812410846
135.05096791451257,199.50375486056743
135.05883893490622,3.879099075658107
135.0667099552999,84.23872505519844
135.07458097569355,65.7239523737536
135.08245199608723,738.1262399898443
135.09032301648088,346.8442085507651
135.09819403687456,507.4381136896204
135.1060650572682,113.11505568046746
135.1139360776619,187.42098035418834
135.12180709805554,23.05295500928405
135.12967811844922,149.99515134699166
135.13754913884287,20.43701757315296
135.14542015923655,69.70153664823565
135.1532911796302,59.24723355014805
135.16116220002388,37.128865328893006
135.16903322041753,75.1500504017808
135.1769042408112,41.127538386616905
135.18477526120486,564.0197273392981
135.19264628159854,80.69631477012884
135.2005173019922,200.29759771784111
135.20838832238587,222.79017920820905
135.21625934277952,65.5777918817066
135.2241303631732,228.64134833228627
135.23200138356685,157.39140066356532
135.23987240396053,82.1435881320018
135.24774342435418,91.52281835070166
135.25561444474786,206.17991506004896
135.2634854651415,14.909212976016695
135.2713564855352,16.880378307665097
135.27922750592884,21.86818919675955
135.28709852632252,58.58351150180679
135.29496954671617,13.258897762230962
135.30284056710985,154.53116128438367
135.3107115875035,101.15695249708082
135.31858260789718,143.00362467518303
135.32645362829084,74.68801937522274
135.33432464868451,82.55425876795151
135.34219566907817,245.57915269843576
135.35006668947184,11.016135585963456
135.3579377098655,77.33685862101173
135.36580873025918,120.38803534340366
135.37367975065283,41.24622943327336
135.3815507710465,17.37636593515516
135.38942179144018,97.44202660025988
135.39729281183384,139.86656842752012
135.40516383222752,59.08596419734307
135.41303485262117,43.85421357427674
135.42090587301485,35.397760732523835
135.4287768934085,322.81179929730945
135.43664791380218,29.903229091754138
135.44451893419583,16.859710419734792
135.4523899545895,28.72884007698978
135.46026097498316,15.475843119020762
135.46813199537684,18.1208982900076
135.4760030157705,68.10325991924883
135.48387403616417,25.489426592134468
135.49174505655782,139.98282089268503
135.4996160769515,0.9903599426367587
135.50748709734515,32.43985403697052
135.51535811773883,315.0509897493203
135.52322913813248,13.285884963027318
135.53110015852616,98.3520211849945
135.5389711789198,2.293010420086392
135.5468421993135,13.526512387416759
135.55471321970714,10.027187675410364
135.56258424010082,37.31909416436906
135.57045526049447,12.081277348818535
135.57832628088815,11.855050742189217
135.5861973012818,18.5972425319607
135.59406832167548,27.91643014544313
135.60193934206913,17.825582983299167
135.6098103624628,6.530072367858328
135.61768138285646,35.165284448376426
135.62555240325014,4.721476864555051
135.6334234236438,26.49895244005053
135.64129444403747,271.76786441689745
135.64916546443112,43.576107684203244
135.6570364848248,61.99054708732526
135.66490750521845,22.717558040354948
135.67277852561213,59.874784976744344
135.68064954600578,38.415284530633436
135.68852056639946,64.74014453702502
135.6963915867931,175.29340877236697
135.7042626071868,6.165100983267903
135.71213362758044,288.8978444601914
135.72000464797412,678.8374511329741
135.7278756683678,147.854840258375
135.73574668876145,101.52136652506168
135.74361770915513,72.70671304497925
135.75148872954878,96.52158254010482
135.75935974994246,400.3682940493267
135.7672307703361,92.07071709705795
135.7751017907298,73.79580840705947
135.78297281112344,45.556305385182995
135.79084383151712,47.754893862627405
135.79871485191077,243.18675775954102
135.80658587230445,145.3084817637236
135.8144568926981,33.87192469621607
135.82232791309178,43.935742584466496
135.83019893348543,78.31021742135916
135.8380699538791,58.24783756869432
135.84594097427276,25.71713823242263
135.85381199466644,20.621667116202396
135.8616830150601,14.315926839497742
135.86955403545377,60.27717520559152
135.87742505584743,17.50842422156684
135.8852960762411,134.89185537568846
135.89316709663476,3.6273426866956866
135.90103811702843,24.711728837891265
135.90890913742209,32.44619297178859
135.91678015781577,51.71518949799519
135.92465117820942,36.95585803233286
135.9325221986031,17.19906426049039
135.94039321899675,80.66556255423157
135.94826423939043,112.45918445709549
135.95613525978408,68.33504955088614
135.96400628017776,15.980897141745007
135.9718773005714,26.913524782772278
135.9797483209651,8.451586924127115
135.98761934135874,105.29398839463032
135.99549036175242,47.20884211796099
136.00336138214607,154.60089239259977
136.01123240253975,119.23138319199545
136.0191034229334,101.08823093179208
136.02697444332708,55.30545297651399
136.03484546372073,42.50536445385756
136.0427164841144,23.36464832870813
136.05058750450806,0.894675668048148
136.05845852490174,27.058016541227055
136.06632954529542,20.512808899602152
136.07420056568907,12.379826648259476
136.08207158608275,28.354777771506374
136.0899426064764,42.15954637485597
136.09781362687008,48.66457849651548
136.10568464726373,11.946685894565904
136.1135556676574,12.04093145396502
136.12142668805106,120.91352135272858
136.12929770844474,37.45799733429813
136.1371687288384,0.5118547461469006
136.14503974923207,30.75639862677515
136.15291076962572,112.9707747903425
136.1607817900194,1.8250718864394526
136.16865281041305,36.275969604179245
136.17652383080673,47.40227814706538
136.18439485120038,68.04774938302866
136.19226587159406,38.764709059114956
136.2001368919877,89.3996719888278
136.2080079123814,38.548534499544964
136.21587893277504,64.34251518729762
136.22374995316872,122.61189702302613
136.23162097356237,66.3366814365499
136.23949199395605,8.175633609278618
136.2473630143497,11.125819774922858
136.25523403474338,67.11775618214337
136.26310505513703,50.88581963184108
136.2709760755307,44.752449837747925
136.27884709592436,236.8495212864991
136.28671811631804,176.76666966530877
136.2945891367117,297.85522789844265
136.30246015710537,11.377816473080255
136.31033117749902,39.9433382800094
136.3182021978927,8.894430636805733
136.32607321828635,182.08091641289616
136.33394423868003,11.467560817978905
136.34181525907368,75.46465215810474
136.34968627946736,12.005672067802942
136.357557299861,77.1188570768497
136.3654283202547,19.476023430868057
136.37329934064834,11.342523223644355
136.38117036104202,25.020296499650726
136.38904138143567,4.627539716908516
136.39691240182935,51.846012355961854
136.40478342222303,5.307478118180622
136.41265444261668,11.99811233390372
136.42052546301036,14.310132703182203
136.42839648340401,9.238735786161854
136.4362675037977,3.126530415094019
136.44413852419135,30.882171078402212
136.45200954458502,10.189125459072885
136.45988056497868,8.300222855797964
136.46775158537235,14.546070268707412
136.475622605766,15.399194332426541
136.48349362615969,55.76030559294732
136.49136464655334,83.4964116488924
136.49923566694702,57.48589907338465
136.50710668734067,33.594200760439115
136.51497770773435,275.79740151607507
136.522848728128,3.9966640670838096
136.53071974852168,254.46597431236552
136.53859076891533,2.5083257230232725
136.546461789309,5.012874500869419
136.55433280970266,1.8476785036394776
136.56220383009634,86.48181903768484
136.57007485049,59.09213859505195
136.57794587088367,55.54007423900485
136.58581689127732,41.639094637544424
136.593687911671,0.3681503547066784
136.60155893206465,80.55078473332796
136.60942995245833,89.58694386100383
136.61730097285198,41.62333763275766
136.62517199324566,39.619130913898914
136.6330430136393,116.52595714702689
136.640914034033,18.09135766864343
136.64878505442664,73.16714485077834
136.65665607482032,91.20189848193708
136.66452709521397,1.4881351469631492
136.67239811560765,158.70118477101315
136.6802691360013,116.57477796925234
136.68814015639498,37.513126770116486
136.69601117678863,8.15807271395315
136.7038821971823,37.12711062587622
136.71175321757596,68.76440582726721
136.71962423796964,448.15700066318124
136.7274952583633,91.57127439054078
136.73536627875697,529.2788568278039
136.74323729915065,140.0259258230018
136.7511083195443,35.786528538127094
136.75897933993798,187.0244292126017
136.76685036033163,1348.7624333321294
136.7747213807253,1760.2052283231908
136.78259240111896,615.0226355134034
136.79046342151264,548.3094117351571
136.7983344419063,58.79449580375861
136.80620546229997,207.02614783131668
136.81407648269362,65.6452654604448
136.8219475030873,313.85192100662834
136.82981852348095,267.9172807518721
136.83768954387463,464.7923433923
136.84556056426828,52.00590046475899
136.85343158466196,181.77472273018526
136.8613026050556,61.130334287118174
136.8691736254493,12.200482505557234
136.87704464584294,267.0646039637107
136.88491566623662,235.5880479425528
136.89278668663027,52.37930191428074
136.90065770702395,8.248888844322183
136.9085287274176,37.597946359937815
136.91639974781128,125.96556421580259
136.92427076820493,175.44843005035685
136.9321417885986,84.21502743741762
136.94001280899226,99.37596961827846
136.94788382938594,56.53944946558653
136.9557548497796,266.70294277540825
136.96362587017327,181.27210384750197
136.97149689056693,150.90137517932067
136.9793679109606,605.2794750340854
136.98723893135426,50.125695335198444
136.99510995174793,441.20167145659894
137.0029809721416,521.9359807499628
137.01085199253527,310.01357846884645
137.01872301292892,552.6726109753766
137.0265940333226,2791.791927798695
137.03446505371625,2647.8301203428077
137.04233607410993,561.1234397910144
137.05020709450358,1120.1198749183807
137.05807811489726,494.11066929944343
137.0659491352909,357.6615827227507
137.0738201556846,13.999181138796105
137.08169117607827,452.3238715055481
137.08956219647192,221.9149353741824
137.0974332168656,110.65012042872475
137.10530423725925,184.92953008219928
137.11317525765293,82.42369946668482
137.12104627804658,9.250442171675932
137.12891729844026,220.10813160349878
137.1367883188339,55.36397614581276
137.1446593392276,530.4639415532112
137.15253035962124,145.64221177178536
137.16040138001492,43.32358751704749
137.16827240040857,238.36595622957847
137.17614342080225,36.43283023242995
137.1840144411959,23.915215985367563
137.19188546158958,124.95518774735349
137.19975648198323,184.98360823158234
137.2076275023769,194.99421615606718
137.21549852277056,81.65800698154217
137.22336954316424,177.3239992284069
137.2312405635579,214.9432234112257
137.23911158395157,117.37916072245262
137.24698260434522,103.65610864102393
137.2548536247389,123.18539517137765
137.26272464513255,535.9997615225266
137.27059566552623,34.880747751737324
137.27846668591988,104.83717390530595
137.28633770631356,850.7888564872543
137.2942087267072,272.9002919247578
137.3020797471009,679.2109611986723
137.30995076749454,67.5624044532849
137.31782178788822,203.92990027551085
137.32569280828187,57.12972744999618
137.33356382867555,77.23989175754653
137.3414348490692,753.1312522555385
137.34930586946288,13.26736407289856
137.35717688985653,198.91179608735084
137.3650479102502,68.52700730118367
137.37291893064386,2.3346149509782927
137.38078995103754,30.071308503745193
137.3886609714312,4.07695137870064
137.39653199182487,13.688673329377165
137.40440301221852,9.832697644799042
137.4122740326122,9.000813031277143
137.42014505300588,8.08447920662925
137.42801607339953,1.1433556843108916
137.4358870937932,86.98153704512673
137.44375811418686,24.49452729693905
137.45162913458054,75.18942524799462
137.4595001549742,29.248633418427552
137.46737117536787,8.794676140735385
137.47524219576152,42.93103907639349
137.4831132161552,9.478449967581856
137.49098423654885,3.241283348256845
137.49885525694253,101.4177636341583
137.50672627733618,41.003709652848435
137.51459729772986,15.375087554095606
137.52246831812352,58.66323791914816
137.5303393385172,82.56741984712593
137.53821035891085,27.459461627493784
137.54608137930452,56.77781440951082
137.55395239969818,1.9388876129825594
137.56182342009186,215.18182151427388
137.5696944404855,74.05184759832073
137.57756546087919,29.609243954005102
137.58543648127284,71.92996647354032
137.59330750166652,7.198866717504611
137.60117852206017,24.306128418874035
137.60904954245385,421.19670538557006
137.6169205628475,31.421233353082705
137.62479158324118,80.37161608989476
137.63266260363483,79.28051674165435
137.6405336240285,103.85736376928513
137.64840464442216,23.499516141939015
137.65627566481584,73.32807312630838
137.6641466852095,41.735869576092746
137.67201770560317,44.774129895121966
137.67988872599682,89.04129633782485
137.6877597463905,86.0574139885434
137.69563076678415,38.94398156952372
137.70350178717783,1.3097009611027584
137.71137280757148,6.889496463981884
137.71924382796516,152.5842504023947
137.7271148483588,57.64555417920618
137.7349858687525,50.17819783438843
137.74285688914614,128.77086736263547
137.75072790953982,13.075406392979307
137.7585989299335,88.15488437374334
137.76646995032715,61.158889352698935
137.77434097072083,264.8598378141846
137.78221199111448,46.72013773634134
137.79008301150816,12.856459822517524
137.7979540319018,65.1012816677379
137.8058250522955,25.38401012110513
137.81369607268914,276.83470567689733
137.82156709308282,45.9176699394323
137.82943811347647,9.357622387288588
137.83730913387015,57.14866365813192
137.8451801542638,120.82008635979727
137.85305117465748,12.10707239350282
137.86092219505113,44.94352193584464
137.8687932154448,43.1667022462666
137.87666423583846,3.6599060315811665
137.88453525623214,64.46400477771897
137.8924062766258,22.728832723485535
137.90027729701947,117.0276783220577
137.90814831741312,262.2850572983873
137.9160193378068,609.6632671350387
137.92389035820045,16.444757594533986
137.93176137859413,117.47506663041594
137.93963239898778,778.7930396681138
137.94750341938146,601.6632310338708
137.9553744397751,1119.33602197196
137.9632454601688,469.32624466020104
137.97111648056244,158.94582813863323
137.97898750095612,1410.0378995228725
137.98685852134977,1342.611698567866
137.99472954174345,1255.3560609514682
138.0026005621371,924.7440396354102
138.01047158253078,25.948098454021906
138.01834260292443,489.0775964660778
138.0262136233181,80.27827755702607
138.03408464371176,138.60111517928345
138.04195566410544,985.4831858066963
138.0498266844991,784.5187309777137
138.05769770489277,595.6592434397422
138.06556872528643,2007.5067123847732
138.0734397456801,1054.9022526798742
138.08131076607376,486.81100385758685
138.08918178646744,1129.148589591049
138.09705280686111,250.60711003086007
138.10492382725477,634.1622908700272
138.11279484764844,1223.631777518042
138.1206658680421,1005.040978584654
138.12853688843578,2049.424249238359
138.13640790882943,446.94434941414244
138.1442789292231,89.13595416856207
138.15214994961676,2000.0627740747182
138.16002097001044,757.798111320462
138.1678919904041,3252.992828275894
138.17576301079777,435.9121976245817
138.18363403119142,13.557402771040557
138.1915050515851,843.0191966703668
138.19937607197875,1454.7865759401304
138.20724709237243,8.853362000380109
138.21511811276608,631.8998264531108
138.22298913315976,684.6947546277023
138.2308601535534,71.18415146162597
138.2387311739471,307.5466474557683
138.24660219434074,415.78277721949024
138.25447321473442,545.7385535048174
138.26234423512807,571.2959985131126
138.27021525552175,1318.7990959155338
138.2780862759154,1043.4895679161714
138.28595729630908,325.11648501323896
138.29382831670273,338.3392499890817
138.3016993370964,29.179242466859993
138.30957035749006,1022.2141134531335
138.31744137788374,1154.2442569874968
138.3253123982774,207.24272307760242
138.33318341867107,319.78958346985684
138.34105443906472,25.805432959910295
138.3489254594584,24.912357581620117
138.35679647985205,321.59113616804257
138.36466750024573,18.82092849091554
138.37253852063938,212.41617057933425
138.38040954103306,128.42710952758992
138.3882805614267,197.77992387056742
138.3961515818204,470.29094250987015
138.40402260221404,15.50475575489081
138.41189362260772,7.25075186590587
138.4197646430014,392.912822147099
138.42763566339505,12.460620044492577
138.43550668378873,26.951988010462745
138.44337770418238,14.26033632677597
138.45124872457606,557.2398447468917
138.4591197449697,36.953300576677115
138.4669907653634,474.8146475632374
138.47486178575704,146.00751491086092
138.48273280615072,4.502477195889301
138.49060382654437,31.738191652519646
138.49847484693805,77.64731370530889
138.5063458673317,209.54427283368202
138.51421688772538,182.33020593632074
138.52208790811903,73.07256614580535
138.5299589285127,362.38450212185853
138.53782994890636,270.2793898093347
138.54570096930004,26.737640892354218
138.5535719896937,112.632002289138
138.56144301008737,365.5346139622688
138.56931403048102,269.89816105750117
138.5771850508747,46.64909710621233
138.58505607126835,137.0788461821599
138.59292709166203,20.53211613923834
138.60079811205568,141.6925212574927
138.60866913244936,22.485837580554946
138.61654015284302,92.35557872635272
138.6244111732367,3.8821860002399653
138.63228219363035,115.70756301084809
138.64015321402402,5.356356865874756
138.64802423441768,47.901349893656736
138.65589525481136,85.27205908838765
138.663766275205,13.763312327943522
138.67163729559869,22.13989334031878
138.67950831599234,64.77605387299776
138.68737933638602,40.24584162948722
138.69525035677967,206.14920242127823
138.70312137717335,16.45014509225815
138.710992397567,45.36601127970294
138.71886341796068,23.27635804121585
138.72673443835433,14.369651270529912
138.734605458748,47.47435224447091
138.74247647914166,388.2108389523926
138.75034749953534,208.27967598620143
138.75821851992902,4.9482071906112965
138.76608954032267,247.79484232930707
138.77396056071635,19.561808120782636
138.78183158111,164.50044956418114
138.78970260150368,107.01828075363679
138.79757362189733,22.987205553678184
138.805444642291,85.66553625575735
138.81331566268466,45.06411430702609
138.82118668307834,17.214477380158733
138.829057703472,3.2671156359848226
138.83692872386567,47.76991542274522
138.84479974425932,50.98877049547136
138.852670764653,154.71151351379353
138.86054178504665,71.33893994497204
138.86841280544033,107.51565995638771
138.87628382583398,420.64462138040074
138.88415484622766,70.48641519201583
138.8920258666213,32.92477899883029
138.899896887015,191.00982749938646
138.90776790740864,81.82970981881826
138.91563892780232,5.565862051833037
138.92350994819597,40.375759898745194
138.93138096858965,175.9437595587344
138.9392519889833,30.250625028703787
138.94712300937698,101.12025712464232
138.95499402977063,5.071646009885693
138.9628650501643,60.89776958135693
138.97073607055796,66.78351527388638
138.97860709095164,36.602280780806836
138.9864781113453,39.76172955523711
138.99434913173897,30.82162380338735
139.00222015213262,189.6007641635549
139.0100911725263,286.75998771332263
139.01796219291995,5.366434659769743
139.02583321331363,227.43672360553373
139.03370423370728,101.24082685963123
139.04157525410096,120.54262780431802
139.0494462744946,599.6463726837386
139.0573172948883,72.40161148970225
139.06518831528194,698.549886346826
139.07305933567562,555.2837827677042
139.08093035606927,14.024867919701043
139.08880137646295,380.9231628075899
139.09667239685663,603.982782756579
139.10454341725028,603.3104278881738
139.11241443764396,79.83183108826849
139.1202854580376,1.7086672188064203
139.1281564784313,358.0006934036017
139.13602749882494,307.7825483306985
139.14389851921862,44.44830119801528
139.15176953961227,126.8486693157259
139.15964056000595,26.588269387839514
139.1675115803996,30.56534307305994
139.17538260079328,388.96214433850986
139.18325362118694,35.315732500247535
139.19112464158061,103.22718164506914
139.19899566197427,90.1793887277435
139.20686668236795,195.1297957310648
139.2147377027616,22.082457267422402
139.22260872315528,147.67564093582078
139.23047974354893,147.8585725341753
139.2383507639426,26.52699899383654
139.24622178433626,66.32032007238188
139.25409280472994,193.5386105733273
139.2619638251236,131.08664455992746
139.26983484551727,70.04608790757618
139.27770586591092,291.5208835254604
139.2855768863046,1286.165602284847
139.29344790669825,1804.8629541788737
139.30131892709193,158.09319459274528
139.30918994748558,907.4408935081152
139.31706096787926,610.0754730243009
139.3249319882729,449.30383406503177
139.3328030086666,334.279976026309
139.34067402906024,95.04509607186182
139.34854504945392,225.80985992560286
139.35641606984757,178.86437749802224
139.36428709024125,49.935625635225314
139.3721581106349,18.914502988873565
139.38002913102858,66.04528952309632
139.38790015142223,115.69551350814044
139.3957711718159,5.157040823921217
139.40364219220956,79.70078396667523
139.41151321260324,88.12164172889203
139.4193842329969,62.41956342962924
139.42725525339057,123.25310698059133
139.43512627378425,87.69048264134184
139.4429972941779,338.9180790030881
139.45086831457158,144.53293462012158
139.45873933496523,204.05223982747893
139.4666103553589,15.330394997005548
139.47448137575256,98.58229481063296
139.48235239614624,45.498487836429845
139.4902234165399,4.207044921414591
139.49809443693357,84.91156740137421
139.50596545732722,322.36345535919946
139.5138364777209,69.38995804095185
139.52170749811455,11.155831807584827
139.52957851850823,24.0404461641208
139.53744953890188,8.705549656249858
139.54532055929556,78.06087137021662
139.5531915796892,118.83238876361692
139.5610626000829,1112.6001536719534
139.56893362047654,300.436116291716
139.57680464087022,134.96019997392568
139.58467566126387,56.326878239239804
139.59254668165755,793.930370076778
139.6004177020512,108.17362354900914
139.60828872244488,301.25474839302336
139.61615974283853,95.9167967517301
139.6240307632322,153.05284974429324
139.63190178362586,177.2872248648082
139.63977280401954,31.852854261690965
139.6476438244132,34.01315268954165
139.65551484480687,62.7383852039609
139.66338586520052,18.429595246162624
139.6712568855942,213.42956317101797
139.67912790598785,27.85643791273482
139.68699892638153,232.13789500055827
139.69486994677519,37.03576588922768
139.70274096716886,96.8044304463799
139.71061198756252,74.05893233124125
139.7184830079562,33.728472170812076
139.72635402834985,0.4069889805241
139.73422504874353,89.214880165021
139.74209606913718,136.38942850653078
139.74996708953086,167.17530891525362
139.7578381099245,158.98903243141476
139.76570913031819,140.83934332975863
139.77358015071187,110.66584174962182
139.78145117110552,25.223869673992322
139.7893221914992,8.278097886836525
139.79719321189285,209.80941734105858
139.80506423228653,111.9201591909973
139.81293525268018,35.08663475429401
139.82080627307386,14.785047989358665
139.8286772934675,155.28200577585116
139.8365483138612,101.51998687173068
139.84441933425484,18.57425701577445
139.85229035464852,7.241357479772566
139.86016137504217,34.93082652896319
139.86803239543585,127.10683471494143
139.8759034158295,73.76566273489266
139.88377443622318,50.390460998459595
139.89164545661683,56.998476039533834
139.8995164770105,167.0038062114192
139.90738749740416,12.568893496733269
139.91525851779784,43.89852019106042
139.9231295381915,22.760569603470337
139.93100055858517,80.92739366295895
139.93887157897882,39.37397098579328
139.9467425993725,0.3080754745504769
139.95461361976615,25.253598575626604
139.96248464015983,2.091836227863872
139.97035566055348,66.3902760951268
139.97822668094716,359.13762730693514
139.9860977013408,124.05997568559538
139.9939687217345,16.787084546700772
140.00183974212814,31.528503182870345
140.00971076252182,118.764714893632
140.01758178291547,12.19547970623822
140.02545280330915,117.58902918500068
140.0333238237028,79.58172110694457
140.04119484409648,99.55348796446116
140.04906586449013,107.4584159972094
140.0569368848838,69.22211400957585
140.06480790527746,12.40012344507849
140.07267892567114,20.69061406647899
140.0805499460648,20.88197419713406
140.08842096645847,69.77528190716713
140.09629198685212,5.2839285681274575
140.1041630072458,30.96788282563531
140.11203402763948,0.5976318459130592
140.11990504803313,8.690592283744971
140.1277760684268,27.95106657520596
140.13564708882046,2.1732740950015486
140.14351810921414,12.184653122620114
140.1513891296078,92.76429374202391
140.15926015000147,92.00855404225615
140.16713117039512,25.824287506189677
140.1750021907888,66.87757548761815
140.18287321118245,141.05510075382676
140.19074423157613,1.4948258335931706
140.19861525196978,8.509783944972463
140.20648627236346,52.075149918132446
140.21435729275711,49.390385102022975
140.2222283131508,46.439166361100135
140.23009933354444,82.79958450328503
140.23797035393812,60.27677175841052
140.24584137433177,82.78215269050011
140.25371239472545,3.8724883306635207
140.2615834151191,13.40566773598209
140.26945443551278,138.10044891984802
140.27732545590644,25.874823831999173
140.28519647630011,90.87311571945045
140.29306749669377,76.08616376771549
140.30093851708745,262.086984165792
140.3088095374811,132.5139453401111
140.31668055787478,80.26253344426424
140.32455157826843,138.03599541320793
140.3324225986621,233.01071801881173
140.34029361905576,90.8893612691576
140.34816463944944,53.06438849243161
140.3560356598431,45.86077025093895
140.36390668023677,6.299776279327439
140.37177770063042,15.994822674200126
140.3796487210241,235.05217163895455
140.38751974141775,32.61411080735553
140.39539076181143,5.026699003983432
140.40326178220508,19.12100162528593
140.41113280259876,40.28615273967524
140.4190038229924,3.4060061307265306
140.4268748433861,20.648382403465195
140.43474586377974,7.3479239177857245
140.44261688417342,76.848879606306
140.4504879045671,11.407446700962133
140.45835892496075,58.388057602673115
140.46622994535443,13.266638568826675
140.47410096574808,0.4085234181117887
140.48197198614176,21.146912910187375
140.4898430065354,20.145880462420063
140.4977140269291,252.34068881869584
140.50558504732274,7.598256211390418
140.51345606771642,39.21933061423543
140.52132708811007,2.3040083849742685
140.52919810850375,30.29435118977802
140.5370691288974,8.016066667480313
140.54494014929108,15.415192496112843
140.55281116968473,71.55070782491528
140.5606821900784,64.54068576142903
140.56855321047206,117.53130280021774
140.57642423086574,2.114034096694834
140.5842952512594,25.30094247581849
140.59216627165307,0.7518486717309966
140.60003729204672,13.740491337959115
140.6079083124404,12.42714412085523
140.61577933283405,109.59895625566533
140.62365035322773,19.583801520282083
140.63152137362138,64.19113139813722
140.63939239401506,5.6024836553519615
140.6472634144087,136.9267144455092
140.6551344348024,9.704275161901581
140.66300545519604,12.73425114710965
140.67087647558972,204.93996830260622
140.67874749598337,595.0101629037541
140.68661851637705,0.685382845632037
140.6944895367707,3.0578288984563495
140.70236055716438,56.928770150630854
140.71023157755803,110.27588944640077
140.7181025979517,301.22643455612626
140.72597361834536,672.2131751537164
140.73384463873904,493.5381544961878
140.7417156591327,875.3353038955195
140.74958667952637,46.553784573949095
140.75745769992002,106.51813155196106
140.7653287203137,42.28995683765882
140.77319974070735,26.727383253957708
140.78107076110103,28.78984489889098
140.7889417814947,130.56503258199152
140.79681280188836,48.09858923351032
140.80468382228204,48.43277007586878
140.8125548426757,392.49873982805406
140.82042586306937,94.47195346476835
140.82829688346303,231.70256521329307
140.8361679038567,237.3754552998355
140.84403892425036,201.65129119551
140.85190994464404,29.74243381729634
140.8597809650377,9.13427491070976
140.86765198543137,54.50987185098725
140.87552300582502,16.19798629684169
140.8833940262187,69.71935898375558
140.89126504661235,28.29984165176042
140.89913606700603,161.3947268850133
140.90700708739968,84.35451032374766
140.91487810779336,51.866148122551074
140.922749128187,33.56059985231702
140.9306201485807,68.23585049051421
140.93849116897434,61.582062877936515
140.94636218936802,195.6851292173361
140.95423320976167,32.410862928706706
140.96210423015535,5.916928748033207
140.969975250549,24.53997230261185
140.97784627094268,60.75795019959885
140.98571729133633,145.9285207308125
140.99358831173,257.74143429346475
141.00145933212366,117.76769513576595
141.00933035251734,246.1465647122711
141.017201372911,587.7653684074147
141.02507239330467,2561.9899481216785
141.03294341369832,202.01386585706905
141.040814434092,5.574468654642704
141.04868545448565,736.9182665251092
141.05655647487933,290.77098837295307
141.06442749527298,14.083282529668681
141.07229851566666,2.4144314964362534
141.0801695360603,39.856469080864365
141.088040556454,5.580511337387122
141.09591157684764,56.17499135468084
141.10378259724132,45.2334465616472
141.11165361763497,3.6390599081580897
141.11952463802865,378.33845299033004
141.12739565842233,69.96064078310782
141.13526667881598,138.18664905572783
141.14313769920966,46.89698237878223
141.1510087196033,21.586809571356227
141.158879739997,2.052887783924794
141.16675076039064,0.2864303118636464
141.17462178078432,34.473884603374444
141.18249280117797,71.88748507120705
141.19036382157165,37.093670509136295
141.1982348419653,40.62628603219983
141.20610586235898,124.71348237718014
141.21397688275263,22.192398666235462
141.2218479031463,45.78649133013491
141.22971892353996,60.829752558797715
141.23758994393364,66.69342763766795
141.2454609643273,9.018996970111619
141.25333198472097,8.222269968461639
141.26120300511462,81.28939944127639
141.2690740255083,46.999949092409004
141.27694504590195,1.0001683623907132
141.28481606629563,53.099968915592434
141.29268708668928,645.3073692602106
141.30055810708296,48.549600130250724
141.30842912747661,440.9591904317182
141.3163001478703,11.437033987780817
141.32417116826394,199.66003764070055
141.33204218865762,49.184632452279004
141.33991320905128,180.47875605871533
141.34778422944495,50.946547582871716
141.3556552498386,209.62737053446497
141.36352627023228,102.69214463585365
141.37139729062594,23.98060015055303
141.37926831101962,179.98022910491494
141.38713933141327,98.08726615472688
141.39501035180695,5.343890995198998
141.4028813722006,0.26672245631821845
141.41075239259428,86.8707948211616
141.41862341298793,166.8221236645956
141.4264944333816,62.58515247815431
141.43436545377526,167.9300440087439
141.44223647416894,451.0604586182251
141.4501074945626,142.76281306940479
141.45797851495627,16.016360551468576
141.46584953534995,18.02896339535885
141.4737205557436,40.95089272425437
141.48159157613728,74.08241354822476
141.48946259653093,121.05590411382283
141.4973336169246,577.7118039440046
141.50520463731826,57.95415189091866
141.51307565771194,63.19240364654387
141.5209466781056,20.819835074839656
141.52881769849927,5.835172192563661
141.53668871889292,11.950194082841904
141.5445597392866,3.612028707105515
141.55243075968025,53.392469492526956
141.56030178007393,219.5600886588859
141.56817280046758,32.267929029329196
141.57604382086126,109.72766824223622
141.5839148412549,15.765685027536554
141.5917858616486,35.16059288642883
141.59965688204224,51.202371531323216
141.60752790243592,55.96445109896732
141.61539892282957,50.64539850948173
141.62326994322325,32.994876742656324
141.6311409636169,8.265776358772753
141.63901198401058,36.343405559245106
141.64688300440423,11.949698226914672
141.6547540247979,5.119916201048237
141.66262504519156,42.503891214084206
141.67049606558524,196.93963665972223
141.6783670859789,176.55413275365225
141.68623810637257,193.912631999119
141.69410912676622,40.828122083918764
141.7019801471599,208.391846594117
141.70985116755355,46.42695955393651
141.71772218794723,203.63575687475148
141.72559320834088,2.0595044355272094
141.73346422873456,38.79777666385123
141.7413352491282,0.5299543966048867
141.7492062695219,65.24598102982269
141.75707728991554,153.23597725339482
141.76494831030922,151.27858642675744
141.77281933070287,0.24539860188963736
141.78069035109655,18.50206208305093
141.7885613714902,42.20984066780002
141.79643239188388,86.34880205226212
141.80430341227756,11.041332145398885
141.8121744326712,81.22456747307737
141.8200454530649,290.23136283717827
141.82791647345854,295.1766358549041
141.83578749385222,89.41306935559456
141.84365851424587,692.2632083319209
141.85152953463955,381.91532419130925
141.8594005550332,292.6907578860844
141.86727157542688,100.26731449100483
141.87514259582053,95.25034269150986
141.8830136162142,311.2881455165427
141.89088463660786,27.253104152958404
141.89875565700154,42.114532575497506
141.9066266773952,105.05053328304102
141.91449769778887,411.4413820202073
141.92236871818253,9.211334802989443
141.9302397385762,47.5003715677773
141.93811075896986,50.66352134528242
141.94598177936354,372.2910258966518
141.9538527997572,202.55814296342663
141.96172382015087,125.43355661881525
141.96959484054452,62.98392800735364
141.9774658609382,54.479103269072965
141.98533688133185,5.330087755766632
141.99320790172553,100.22205860187516
142.00107892211918,117.42297285239836
142.00894994251286,75.59447188254332
142.0168209629065,150.33931638029927
142.0246919833002,195.91302208457077
142.03256300369384,130.8264453745014
142.04043402408752,1240.5143656102057
142.04830504448117,335.60071663858065
142.05617606487485,313.72136092063045
142.0640470852685,52.91236617144914
142.07191810566218,137.09422940678672
142.07978912605583,344.102595265714
142.0876601464495,607.0432187904648
142.09553116684316,535.6887750521272
142.10340218723684,123.10730645658458
142.1112732076305,108.24952163752214
142.11914422802417,4.807611144367177
142.12701524841782,309.29945467441013
142.1348862688115,26.949003014178142
142.14275728920518,1031.9506342544857
142.15062830959883,2113.1904924665087
142.1584993299925,811.5112692447286
142.16637035038616,1144.9302134257516
142.17424137077984,1943.9727557618048
142.1821123911735,3800.1879030361297
142.18998341156717,2304.2179131875214
142.19785443196082,850.3613413924022
142.2057254523545,2937.1678625852646
142.21359647274815,6278.209202207588
142.22146749314183,1012.7384738499698
142.22933851353548,678.843282947762
142.23720953392916,512.0443911063478
142.2450805543228,266.78267733012757
142.2529515747165,829.1840707330349
142.26082259511014,736.6351682818924
142.26869361550382,165.02223334638055
142.27656463589747,1938.2473273545745
142.28443565629115,1068.8220848635458
142.2923066766848,238.0471927674443
142.30017769707848,507.1664433247743
142.30804871747213,27.798076822719782
142.3159197378658,384.07969394373833
142.32379075825946,43.645558928199165
142.33166177865314,718.2429435460981
142.3395327990468,105.79738133880231
142.34740381944047,289.9205693003889
142.35527483983412,71.9184488167166
142.3631458602278,209.19757566907222
142.37101688062145,854.5922057907958
142.37888790101513,564.3460586629145
142.38675892140878,228.245605041654
142.39462994180246,888.9808101710015
142.40250096219611,43.02142010797233
142.4103719825898,571.9266496218852
142.41824300298344,35.35383718902513
142.42611402337712,444.7606949940942
142.43398504377078,154.74449368432536
142.44185606416445,301.9819228616236
142.4497270845581,423.4196552578765
142.45759810495178,597.4661607210095
142.46546912534544,476.03730949794095
142.47334014573912,1309.3405681261177
142.4812111661328,66.74305190118872
142.48908218652645,1725.9983911834945
142.49695320692013,52.91620497889733
142.50482422731378,756.0390845342267
142.51269524770746,1658.1869578758715
142.5205662681011,539.8287826698619
142.52843728849479,259.28620677288643
142.53630830888844,206.8836416704054
142.54417932928212,899.3192336914714
142.55205034967577,1069.07395363037
142.55992137006945,26.110334011151107
142.5677923904631,774.1851594822054
142.57566341085678,88.47349045488546
142.58353443125043,314.1672280837977
142.5914054516441,48.522375165397726
142.59927647203776,29.77084446118762
142.60714749243144,143.66947318707815
142.6150185128251,189.38421854046499
142.62288953321877,177.89145940222986
142.63076055361242,125.38099379350477
142.6386315740061,242.8937331461837
142.64650259439975,95.89659392641406
142.65437361479343,159.3162114776736
142.66224463518708,178.12060445380862
142.67011565558076,220.46698082613605
142.6779866759744,31.98820678660976
142.6858576963681,59.08849734553163
142.69372871676174,27.430885976554524
142.70159973715542,163.36058049837476
142.70947075754907,416.0556521156599
142.71734177794275,36.304547909985104
142.7252127983364,120.64544595738745
142.73308381873008,61.15037949717724
142.74095483912373,41.13117361886628
142.7488258595174,19.396150297314154
142.75669687991106,3.5460600054613307
142.76456790030474,132.3212306594247
142.7724389206984,592.1690407463768
142.78030994109207,68.02519079337443
142.78818096148572,0.5488445813398403
142.7960519818794,33.59307260956558
142.80392300227305,52.65257775479283
142.81179402266673,80.6264164238531
142.8196650430604,83.1596763129452
142.82753606345406,88.94882150733795
142.83540708384774,74.37086428878388
142.8432781042414,30.74765069685595
142.85114912463507,34.0055151741241
142.85902014502872,200.12668073307654
142.8668911654224,134.11908977487408
142.87476218581605,39.21808522926308
142.88263320620973,85.01767828512178
142.89050422660338,130.671813825747
142.89837524699706,271.7747322282304
142.9062462673907,52.92828639911671
142.9141172877844,13.910745013489795
142.92198830817804,914.8594716772309
142.92985932857172,60.77921463266233
142.93773034896537,112.52245741611684
142.94560136935905,40.046767872662336
142.9534723897527,330.63490405551005
142.96134341014638,804.4271916842115
142.96921443054003,33.427770379349944
142.9770854509337,77.27268114266953
142.98495647132737,52.81295812657492
142.99282749172104,3.4454185587530195
143.0006985121147,45.40328338369161
143.00856953250837,82.58453910602755
143.01644055290203,56.68105223145411
143.0243115732957,187.55311129637053
143.03218259368936,16.447537888488725
143.04005361408304,51.88667439419577
143.0479246344767,332.78590745684943
143.05579565487037,184.6423975820107
143.06366667526402,14.738390937946255
143.0715376956577,163.10696170744302
143.07940871605135,80.93895420151603
143.08727973644503,106.67052506263481
143.09515075683868,386.6342451689865
143.10302177723236,69.96228778961795
143.110892797626,4.109650497333083
143.1187638180197,31.730089530396828
143.12663483841334,312.662366403962
143.13450585880702,299.3122195774792
143.14237687920067,439.8020443654993
143.15024789959435,671.8048964006647
143.15811891998803,279.8334533317253
143.16598994038168,1533.6343521929696
143.17386096077536,87.69938911995459
143.181731981169,237.62666972638152
143.1896030015627,929.6688521569973
143.19747402195634,497.1054642758213
143.20534504235002,746.6497468689386
143.21321606274367,574.8217283172883
143.22108708313735,1030.5551393668995
143.228958103531,71.90125172655608
143.23682912392468,219.6074859642892
143.24470014431833,263.3007266683327
143.252571164712,291.3814277142525
143.26044218510566,24.96533933410101
143.26831320549934,785.4644340184557
143.276184225893,102.54943310707529
143.28405524628667,448.2852740934007
143.29192626668032,597.0764128421258
143.299797287074,391.36875778521147
143.30766830746765,333.29135562456287
143.31553932786133,470.2040000062889
143.32341034825498,91.4961194518264
143.33128136864866,54.7148664258637
143.3391523890423,153.74147224043816
143.347023409436,548.755573275666
143.35489442982964,684.9048835527574
143.36276545022332,633.6716763632364
143.37063647061697,315.71283485177213
143.37850749101065,156.87732069972373
143.3863785114043,182.89353556570632
143.39424953179798,3248.0391245428405
143.40212055219163,45.193565647189274
143.4099915725853,1511.7885039769042
143.41786259297896,493.2516774833751
143.42573361337264,1256.7574297801978
143.4336046337663,1448.938968457526
143.44147565415997,1623.5931242164436
143.44934667455362,3629.4291760030446
143.4572176949473,137.13922873026823
143.46508871534095,587.2360185618652
143.47295973573463,656.0333080490391
143.48083075612828,394.0571558272534
143.48870177652196,1403.0193752034875
143.49657279691564,485.9771703867332
143.5044438173093,655.3219080858926
143.51231483770297,6255.987164577369
143.52018585809662,3973.8718370144015
143.5280568784903,2388.3766891162495
143.53592789888395,2791.363450372804
143.54379891927763,1332.501085454335
143.55166993967129,10650.080379806976
143.55954096006496,1858.8613570297348
143.56741198045862,193.16897303410695
143.5752830008523,839.8535244910324
143.58315402124595,168.52802604894237
143.59102504163963,522.7741694773673
143.59889606203328,259.51587447247294
143.60676708242696,943.5220855504388
143.6146381028206,26.632594100196144
143.6225091232143,663.698669789222
143.63038014360794,142.33388053196919
143.63825116400162,55.24013010749948
143.64612218439527,329.67671911076303
143.65399320478895,2263.781011907511
143.6618642251826,61.24321944638815
143.66973524557628,827.0150885203593
143.67760626596993,344.2670587066788
143.6854772863636,41.84577632919896
143.69334830675726,1.5392846050354942
143.70121932715094,23.079744824876165
143.7090903475446,52.244763517552315
143.71696136793827,287.3070576496665
143.72483238833192,86.98546628447153
143.7327034087256,6.605525521115814
143.74057442911925,249.35733679312207
143.74844544951293,532.4147253800666
143.75631646990658,270.4537977375851
143.76418749030026,66.9424709471903
143.7720585106939,132.29370500604463
143.7799295310876,357.52923157208096
143.78780055148124,82.3499734339028
143.79567157187492,113.1634447841541
143.80354259226857,4.41327628595908
143.81141361266225,41.96175480976915
143.8192846330559,77.45509302590935
143.82715565344958,356.957819367693
143.83502667384326,261.84738607186904
143.8428976942369,253.1742487995391
143.8507687146306,29.85917145857569
143.85863973502424,41.89351906092826
143.86651075541792,90.333543350391
143.87438177581157,23.584729414270942
143.88225279620525,88.22372404654406
143.8901238165989,69.35263662224924
143.89799483699258,54.14620720768461
143.90586585738623,141.72736974162643
143.9137368777799,178.78935368528678
143.92160789817356,77.7464039114349
143.92947891856724,337.6196939955255
143.9373499389609,139.04281193534842
143.94522095935457,55.15583338680416
143.95309197974822,78.4063045123797
143.9609630001419,89.87430183174718
143.96883402053555,113.29009504015313
143.97670504092923,88.3941691573035
143.98457606132288,290.68986681170065
143.99244708171656,85.42125787624337
144.0003181021102,28.83652759426371
144.0081891225039,16.619441645775552
144.01606014289754,4.33308427524199
144.02393116329122,62.26661254635697
144.03180218368487,213.90108397026978
144.03967320407855,49.735492535636844
144.0475442244722,30.215138546748612
144.05541524486588,397.94628834169066
144.06328626525953,24.532059550063597
144.07115728565321,27.798812308507475
144.07902830604687,3.515125564953192
144.08689932644054,1.5253658849439358
144.0947703468342,10.690458513197592
144.10264136722787,237.21155520817777
144.11051238762153,30.216969795775743
144.1183834080152,7.123101116236355
144.12625442840886,108.81089673971263
144.13412544880254,129.97892161990168
144.1419964691962,4.59888410213463
144.14986748958987,108.94790247528007
144.15773850998352,67.68118696780651
144.1656095303772,112.79261865616247
144.17348055077088,42.202616918916256
144.18135157116453,99.89625200076857
144.1892225915582,239.32503106843913
144.19709361195186,17.133909140685198
144.20496463234554,160.53292781964456
144.2128356527392,48.6403110057921
144.22070667313287,58.922958807583925
144.22857769352652,121.61090978428055
144.2364487139202,97.56420169270741
144.24431973431385,247.8719645236057
144.25219075470753,15.174394677403306
144.26006177510118,108.97155575090063
144.26793279549486,12.177552436948645
144.2758038158885,104.90892615867232
144.2836748362822,95.01624413447307
144.29154585667584,63.83109537151572
144.29941687706952,125.92734775746221
144.30728789746317,6.331830901808008
144.31515891785685,216.50448736030853
144.3230299382505,6.544720340941834
144.33090095864418,58.34732409739647
144.33877197903783,15.030987414823514
144.3466429994315,56.96153395224979
144.35451401982516,2.7804273375517488
144.36238504021884,183.96732020205386
144.3702560606125,43.27477310936367
144.37812708100617,18.501360898846368
144.38599810139982,221.15659142324
144.3938691217935,83.13975990336283
144.40174014218715,62.703648770266
144.40961116258083,311.65512074886647
144.41748218297448,29.755238031777115
144.42535320336816,95.78334366234978
144.4332242237618,119.62188241708998
144.4410952441555,117.45696257645163
144.44896626454914,63.878988383873605
144.45683728494282,42.35467987551004
144.46470830533647,26.618811308339154
144.47257932573015,78.88696448747147
144.4804503461238,91.86970082403977
144.48832136651748,223.00077495080654
144.49619238691116,373.963850069723
144.5040634073048,34.861078108258994
144.5119344276985,0.37135374706836477
144.51980544809214,100.81955610201369
144.52767646848582,16.63060554548795
144.53554748887947,285.0139168114781
144.54341850927315,15.904824461609481
144.5512895296668,109.22430597764128
144.55916055006048,84.33468569314242
144.56703157045413,51.53098702791135
144.5749025908478,98.33640130996274
144.58277361124146,2.5402800008898625
144.59064463163514,82.29453935098286
144.5985156520288,169.8309547926077
144.60638667242247,12.250211131786342
144.61425769281612,429.23240731506667
144.6221287132098,28.366739836213025
144.62999973360346,42.67305353071354
144.63787075399713,46.90945831807382
144.64574177439079,5.8447714985754535
144.65361279478446,82.5478158051909
144.66148381517812,48.86084739300576
144.6693548355718,49.83591716326853
144.67722585596545,99.00389601804142
144.68509687635913,14.247336246243991
144.69296789675278,14.84037535773429
144.70083891714646,3.536349781420786
144.7087099375401,53.08055115678719
144.7165809579338,7.470189067370074
144.72445197832744,9.089091694313982
144.73232299872112,113.85754813938321
144.74019401911477,17.79878216468979
144.74806503950845,62.90494324523691
144.7559360599021,87.25693533483046
144.76380708029578,18.02177160139699
144.77167810068943,19.658763381049248
144.7795491210831,145.32349946306547
144.78742014147676,64.92991443645305
144.79529116187044,903.8163570274867
144.8031621822641,8.495754568311659
144.81103320265777,17.21797404622207
144.81890422305142,37.26345641329358
144.8267752434451,242.89559847882555
144.83464626383878,145.2532686376731
144.84251728423243,115.36590308163555
144.8503883046261,12.348961427417537
144.85825932501976,4.21307154156095
144.86613034541344,68.65008900081128
144.8740013658071,19.366286078129225
144.88187238620077,213.59623372600691
144.88974340659442,72.56427022991794
144.8976144269881,29.764446222823338
144.90548544738175,200.72329775008123
144.91335646777543,9.524168617511302
144.92122748816908,17.671937057924495
144.92909850856276,34.096858559229396
144.9369695289564,11.120192548207312
144.9448405493501,122.1826389904745
144.95271156974374,35.22658284216451
144.96058259013742,36.95371395834701
144.96845361053107,171.5748284954388
144.97632463092475,72.77689853330581
144.9841956513184,134.3986691193102
144.99206667171208,72.16400952430058
144.99993769210573,3.5310875953450105
145.0078087124994,150.90653803582975
145.01567973289306,3.832800890869675
145.02355075328674,122.80704569313887
145.0314217736804,14.653761436426036
145.03929279407407,128.94331620775785
145.04716381446772,19.85718144222948
145.0550348348614,35.24957539106146
145.06290585525505,898.3699699283077
145.07077687564873,914.8542765179411
145.07864789604238,544.1441700367255
145.08651891643606,307.7497652504258
145.0943899368297,618.048609861128
145.1022609572234,126.17687336647127
145.11013197761704,118.68682500703777
145.11800299801072,7.30044186104972
145.12587401840437,9.543612386116001
145.13374503879805,2.8786682217509187
145.1416160591917,1.798195451174421
145.14948707958538,49.25141095313815
145.15735809997904,84.06496002298256
145.16522912037271,6.899002723847626
145.1731001407664,74.86788378468414
145.18097116116004,25.61233856799577
145.18884218155372,88.28022824011319
145.19671320194738,34.863438326107456
145.20458422234105,1.4778520684556906
145.2124552427347,61.181289020710246
145.22032626312838,17.07968377183918
145.22819728352204,55.956332871905815
145.23606830391572,0.058976282487356806
145.24393932430937,3.8408377813298356
145.25181034470305,72.98777721387852
145.2596813650967,91.61605831803685
145.26755238549038,11.041967604476543
145.27542340588403,44.604631993738074
145.2832944262777,175.96865551264224
145.29116544667136,17.096168188382727
145.29903646706504,54.04814545213568
145.3069074874587,2.301226608021818
145.31477850785237,22.140525240636286
145.32264952824602,68.17346603512738
145.3305205486397,72.0070264804001
145.33839156903335,29.931214439982206
145.34626258942703,2.9371615025027813
145.35413360982068,56.63743821350392
145.36200463021436,15.605872674421498
145.369875650608,5.385710867970895
145.3777466710017,2.1186910503424157
145.38561769139534,159.8484775586771
145.39348871178902,9.95201294226006
145.40135973218267,35.340464085223054
145.40923075257635,79.1096533621138
145.41710177297,47.05364569340829
145.42497279336368,63.23991859281772
145.43284381375733,19.068123941467093
145.440714834151,21.217634933695017
145.44858585454466,10.957627356176406
145.45645687493834,47.759608045139586
145.464327895332,15.105768093516758
145.47219891572567,12.236811575200367
145.48006993611932,49.06431178963671
145.487940956513,58.217771124078816
145.49581197690665,36.08772363839186
145.50368299730033,24.65020828288047
145.511554017694,43.60267202091362
145.51942503808766,5.065876998261587
145.52729605848134,24.5617095876046
145.535167078875,13.975820134044726
145.54303809926867,65.21945936095375
145.55090911966232,204.32013551647142
145.558780140056,182.610107496065
145.56665116044965,102.74902579529788
145.57452218084333,181.2224351430982
145.58239320123698,11.496470894524741
145.59026422163066,391.026876184085
145.5981352420243,65.09354563450451
145.606006262418,39.021170783387745
145.61387728281164,61.77319467571404
145.62174830320532,34.8226126799857
145.62961932359897,20.651564876210294
145.63749034399265,65.62813083236291
145.6453613643863,5.622927492878959
145.65323238477998,149.41760090644263
145.66110340517363,71.75971778741085
145.6689744255673,117.30321608363298
145.67684544596096,14.861881185437797
145.68471646635464,43.40116460273078
145.6925874867483,29.805386750420784
145.70045850714197,4.614506672057492
145.70832952753562,42.03659451169384
145.7162005479293,37.23503532600094
145.72407156832296,303.34218706127115
145.73194258871663,212.38344972500545
145.73981360911029,64.75500061680245
145.74768462950396,69.87879138765895
145.75555564989762,18.787149490478644
145.7634266702913,168.39471082498312
145.77129769068495,98.81569977298352
145.77916871107863,17.008625836567344
145.78703973147228,65.38822133095758
145.79491075186596,47.474969917222374
145.8027817722596,410.56636134136096
145.8106527926533,105.88794541050358
145.81852381304694,16.369070894902514
145.82639483344062,60.045444943615216
145.83426585383427,50.022405788683045
145.84213687422795,24.038975432344635
145.85000789462163,37.2688426437549
145.85787891501528,177.45190164333377
145.86574993540896,39.19141403557255
145.8736209558026,243.9138393020826
145.8814919761963,50.98498751943446
145.88936299658994,44.581497839407994
145.89723401698362,12.503720668743386
145.90510503737727,124.47991836655144
145.91297605777095,122.83220044165842
145.9208470781646,124.87939223186507
145.92871809855828,192.42150332693924
145.93658911895193,168.72851305423015
145.9444601393456,31.279860810458523
145.95233115973926,126.9744947845312
145.96020218013294,637.3372138416107
145.9680732005266,34.055793769428824
145.97594422092027,50.609367955884274
145.98381524131392,250.52181212981785
145.9916862617076,7.971254486218397
145.99955728210125,123.75208297412263
146.00742830249493,210.57571168378396
146.01529932288858,50.36532094840082
146.02317034328226,234.76714708285436
146.0310413636759,691.0416797647908
146.0389123840696,309.5009834916521
146.04678340446324,291.14217023434264
146.05465442485692,681.6260267732904
146.06252544525057,494.6601092613878
146.07039646564425,71.05320639168046
146.0782674860379,6.335383892051886
146.08613850643158,15.491567422023822
146.09400952682523,177.4742794513008
146.1018805472189,21.95863881149558
146.10975156761256,319.4317069365256
146.11762258800624,127.17014646898073
146.1254936083999,66.31669400515199
146.13336462879357,114.4878626515129
146.14123564918722,99.75941620442049
146.1491066695809,44.93933914210127
146.15697768997455,32.982304988099074
146.16484871036823,316.9787019748323
146.17271973076188,38.557791885195456
146.18059075115556,170.53319676667286
146.18846177154924,29.837738505916303
146.1963327919429,75.25115971477604
146.20420381233657,7.816118059477452
146.21207483273022,101.83556390104776
146.2199458531239,81.1204483841375
146.22781687351755,18.521675397314944
146.23568789391123,60.833026687404555
146.24355891430488,43.57043857539357
146.25142993469856,266.11858573003786
146.25930095509221,17.031652070089383
146.2671719754859,108.00105653432189
146.27504299587955,63.817057376254056
146.28291401627322,157.480000363974
146.29078503666688,6.294189732220458
146.29865605706055,32.01891213641773
146.3065270774542,78.66528991121955
146.31439809784789,40.78893025011474
146.32226911824154,17.47979938324836
146.33014013863522,9.983598648932656
146.33801115902887,276.83113060892856
146.34588217942255,22.50401626680814
146.3537531998162,43.785168129004724
146.36162422020988,298.92952262408727
146.36949524060353,57.49817734744013
146.3773662609972,15.459421069259589
146.38523728139086,306.04765070230843
146.39310830178454,53.28860954326636
146.4009793221782,32.32559784101559
146.40885034257187,114.52147448030699
146.41672136296552,172.7324756282059
146.4245923833592,204.6858421398793
146.43246340375285,145.42418596939066
146.44033442414653,138.707360977603
146.44820544454018,1.8304325876494334
146.45607646493386,33.534916334747564
146.4639474853275,226.5624504589233
146.4718185057212,61.1249265251873
146.47968952611484,164.36222395195537
146.48756054650852,88.4353547064744
146.49543156690217,60.09522521543551
146.50330258729585,498.84700687020137
146.5111736076895,44.534505243266246
146.51904462808318,199.18541226464333
146.52691564847686,148.5215762281386
146.5347866688705,40.779377415746474
146.5426576892642,36.954155953909506
146.55052870965784,98.63555790184671
146.55839973005152,34.40581999187154
146.56627075044517,6.01097755200032
146.57414177083885,42.40627702974062
146.5820127912325,3.914418621112768
146.58988381162618,77.20583260879974
146.59775483201983,43.5985441172068
146.6056258524135,7.877349395642889
146.61349687280716,170.46230089224386
146.62136789320084,37.72560942938306
146.6292389135945,38.46197425085473
146.63710993398817,12.027687831683775
146.64498095438182,178.23195556844635
146.6528519747755,149.07477656854456
146.66072299516915,100.03548895786558
146.66859401556283,347.4406875071142
146.67646503595648,141.74303472846782
146.68433605635016,17.77120904392442
146.6922070767438,68.83410547490153
146.7000780971375,153.61247417743175
146.70794911753114,638.0046580556358
146.71582013792482,1302.6660799362137
146.72369115831847,183.3798235021338
146.73156217871215,126.28480786774524
146.7394331991058,63.127571216344954
146.74730421949948,96.16097560826472
146.75517523989313,189.3404807089374
146.7630462602868,75.08599663531064
146.77091728068046,220.6386878003728
146.77878830107414,41.18623031144266
146.7866593214678,206.80495779279954
146.79453034186147,6.961798669842474
146.80240136225513,22.092750914279254
146.8102723826488,18.642277647617778
146.81814340304246,1.5991036119577475
146.82601442343613,28.85440761768571
146.8338854438298,7.679663713557734
146.84175646422347,19.17104351505032
146.84962748461712,21.73338828508786
146.8574985050108,116.95604406358821
146.86536952540447,6.313464957222403
146.87324054579813,46.280241853442845
146.8811115661918,52.406141457201976
146.88898258658546,3.2628166292664567
146.89685360697914,14.825056420241296
146.9047246273728,42.66110153747547
146.91259564776647,51.5010821214092
146.92046666816012,26.123441595153817
146.9283376885538,5.084827202473886
146.93620870894745,59.0778459434252
146.94407972934113,50.33407620027512
146.95195074973478,31.418344506147612
146.95982177012846,100.90571097039609
146.9676927905221,26.62877034292931
146.9755638109158,69.53894596786189
146.98343483130944,63.665424726339296
146.99130585170312,40.63880192498382
146.99917687209677,282.91773535774263
147.00704789249045,39.542357300056594
147.0149189128841,154.62890058971257
147.02278993327778,40.02154843856982
147.03066095367143,112.93043824347103
147.0385319740651,12.170877711933864
147.04640299445876,166.5480447292428
147.05427401485244,3.972217737529961
147.0621450352461,3.570367839064468
147.07001605563977,10.320691664779453
147.07788707603342,13.559192170293073
147.0857580964271,20.100930336700696
147.09362911682075,21.268885510434142
147.10150013721443,51.541068661500965
147.10937115760808,92.85694578239035
147.11724217800176,31.469882804945655
147.1251131983954,7.139207071305554
147.1329842187891,15.204259839628824
147.14085523918274,1.6447813270700933
147.14872625957642,36.36332822513001
147.15659727997007,15.893398152407107
147.16446830036375,27.88826036567566
147.1723393207574,0.7778526831493567
147.18021034115108,21.03589312764097
147.18808136154473,15.695186011610133
147.1959523819384,39.297451030158015
147.2038234023321,2.3368216066514655
147.21169442272574,5.493907081944492
147.21956544311942,17.661381326292805
147.22743646351307,5.038656884007882
147.23530748390675,8.359473996931511
147.2431785043004,0.006069021113506051
147.25104952469408,5.510291267289638
147.25892054508773,10.06890863409131
147.2667915654814,0.2087073960147697
147.27466258587506,7.358853363361669
147.28253360626874,14.099681353928624
147.2904046266624,49.235386849819655
147.29827564705607,14.532165319627712
147.30614666744972,28.45146088789575
147.3140176878434,94.7152980706389
147.32188870823705,58.53212951302921
147.32975972863073,15.991824637089032
147.33763074902438,9.332016532630018
147.34550176941806,71.70018257108612
147.35337278981171,3.411352508053987
147.3612438102054,23.514960254799206
147.36911483059905,9.683454861008737
147.37698585099272,5.966522774604395
147.38485687138638,59.85547635148073
147.39272789178005,5.728277931303404
147.4005989121737,1.0482959126200233
147.40846993256739,24.267048429985405
147.41634095296104,35.02484268955762
147.42421197335472,48.49477388656459
147.43208299374837,21.675315405745103
147.43995401414205,108.09819382695659
147.4478250345357,29.98203440677682
147.45569605492938,3.8264525314642506
147.46356707532303,40.12543402449446
147.4714380957167,40.81010925632822
147.47930911611036,151.58593726852305
147.48718013650404,7.24605548206763
147.4950511568977,5.838455746273237
147.50292217729137,39.93945022782885
147.51079319768502,31.016870489511145
147.5186642180787,36.8149778898426
147.52653523847235,2.2418156719467723
147.53440625886603,28.832870982805794
147.5422772792597,63.806136462154114
147.55014829965336,5.971729432169534
147.55801932004704,73.74977896337084
147.5658903404407,109.33182471036422
147.57376136083437,25.947538651588147
147.58163238122802,245.79147661352866
147.5895034016217,157.80298407579937
147.59737442201535,46.05277940308898
147.60524544240903,17.39376102552046
147.61311646280268,40.15737953684722
147.62098748319636,191.93231249356103
147.62885850359,87.40262585277287
147.6367295239837,257.7501723272369
147.64460054437734,37.22780627593076
147.65247156477102,27.506304068104466
147.66034258516467,78.65510267256276
147.66821360555835,60.0856553656883
147.676084625952,37.66567878552364
147.68395564634568,11.646962221731558
147.69182666673933,54.94468313649122
147.699697687133,78.3134971541301
147.70756870752666,29.746033492613712
147.71543972792034,349.2155266125963
147.723310748314,22.118721743750605
147.73118176870767,15.429299445866693
147.73905278910132,21.142595436922893
147.746923809495,10.883497254263732
147.75479482988865,142.49253392508024
147.76266585028233,20.507495127294526
147.77053687067598,190.08984437706474
147.77840789106966,7.28316504063376
147.7862789114633,69.21661429539364
147.794149931857,56.03258913067173
147.80202095225064,20.039112545725995
147.80989197264432,92.66251414813442
147.81776299303797,47.401720782373125
147.82563401343165,90.30476630727148
147.8335050338253,71.92176864685848
147.84137605421898,2.0209114341881924
147.84924707461263,28.835764554917343
147.8571180950063,4.412644258081726
147.86498911539996,5.588247918557856
147.87286013579364,11.795305436442337
147.88073115618732,29.327539255832544
147.88860217658097,30.410313736075572
147.89647319697465,74.11593064519357
147.9043442173683,47.33426580466764
147.91221523776198,12.773943881896384
147.92008625815564,6.3589428207369085
147.92795727854931,22.249613677220065
147.93582829894297,2.578220609504786
147.94369931933664,15.210457613409986
147.9515703397303,48.44849636825053
147.95944136012398,118.28610152947026
147.96731238051763,101.09101405575457
147.9751834009113,109.77658600725304
147.98305442130496,176.77197917909098
147.99092544169864,8.19083932003235
147.9987964620923,6.767509271917173
148.00666748248597,22.295501012011435
148.01453850287962,128.8236064492304
148.0224095232733,273.9139359210569
148.03028054366695,270.43023510905306
148.03815156406063,647.0444603390764
148.04602258445428,981.355845068912
148.05389360484796,65.04457420000148
148.0617646252416,4.3453307844079285
148.0696356456353,46.32702764562103
148.07750666602894,60.03440196278519
148.08537768642262,104.32092559357382
148.09324870681627,0.49486680232658176
148.10111972720995,209.41698013322244
148.1089907476036,37.59778922159889
148.11686176799728,34.80433691829443
148.12473278839093,268.49835042636886
148.1326038087846,323.64236364875694
148.14047482917826,799.5749891779748
148.14834584957194,227.9578026290456
148.1562168699656,122.1007203229591
148.16408789035927,918.3630568189669
148.17195891075292,221.40204945440678
148.1798299311466,777.6106971378667
148.18770095154025,132.5050572268501
148.19557197193393,1815.8157477118611
148.20344299232758,1763.6070822970923
148.21131401272126,603.6658554921262
148.21918503311494,122.84199531890238
148.2270560535086,1429.5894563887375
148.23492707390227,997.731304861841
148.24279809429592,78.33795541408936
148.2506691146896,12.336388809791366
148.25854013508325,68.18556080545824
148.26641115547693,70.35643434321476
148.27428217587058,933.4786511210093
148.28215319626426,1153.4089565867814
148.2900242166579,11.985558792939994
148.2978952370516,134.48753224318395
148.30576625744524,827.0253583354746
148.31363727783892,417.9607004035724
148.32150829823257,194.70029671650067
148.32937931862625,84.4116200544266
148.3372503390199,263.7049310812384
148.34512135941358,40.079700519547714
148.35299237980723,151.07572263946653
148.3608634002009,269.3779020839699
148.36873442059456,3369.115820437041
148.37660544098824,141.0280822828828
148.3844764613819,2725.364617013582
148.39234748177557,70.05338761977538
148.40021850216922,1325.7006086609954
148.4080895225629,1235.8404171277928
148.41596054295655,3328.675973748485
148.42383156335023,918.0066355467566
148.43170258374388,316.86300407407094
148.43957360413756,143.37445588721224
148.44744462453122,769.766679787879
148.4553156449249,178.32346336579445
148.46318666531855,88.02396573570057
148.47105768571222,15.18854103708451
148.47892870610588,33.12857511588008
148.48679972649956,110.75762709086536
148.4946707468932,362.97611468130196
148.50254176728689,120.15653283747473
148.51041278768054,857.3173255229796
148.51828380807422,153.4435756024554
148.52615482846787,66.25326342044771
148.53402584886155,113.87885853907164
148.5418968692552,101.32704420588543
148.54976788964888,389.7825999899831
148.55763891004256,336.22326710789156
148.5655099304362,1582.4668937670679
148.5733809508299,191.84974779547144
148.58125197122354,539.5418737164878
148.58912299161722,743.1344062606264
148.59699401201087,153.9921846837378
148.60486503240455,11.730782612063566
148.6127360527982,279.72572659855916
148.62060707319188,373.00529063026426
148.62847809358553,446.379389475193
148.6363491139792,235.6738729411123
148.64422013437286,134.17861533624972
148.65209115476654,320.01752939806903
148.6599621751602,293.8172511545166
148.66783319555387,391.26905958451886
148.67570421594752,35.52463536612004
148.6835752363412,43.67963955868865
148.69144625673485,29.9119826414375
148.69931727712853,159.5296750078074
148.70718829752218,149.07689510781537
148.71505931791586,98.5578164412222
148.7229303383095,337.602270138489
148.7308013587032,82.04059409870979
148.73867237909684,64.14797897439477
148.74654339949052,118.09033508695552
148.75441441988417,22.918723128138296
148.76228544027785,95.40468598433718
148.7701564606715,41.293997977028816
148.77802748106518,18.444493615075917
148.78589850145883,22.353087795403646
148.7937695218525,97.57327653991953
148.80164054224616,123.30555994089046
148.80951156263984,174.22966113585125
148.8173825830335,36.26097493817736
148.82525360342717,3.2499816258890353
148.83312462382082,2.8408785119378503
148.8409956442145,139.44696122389948
148.84886666460815,161.61247195270693
148.85673768500183,6.641931818714579
148.86460870539548,17.03250620629441
148.87247972578916,10.212705946593031
148.8803507461828,1.3724168621565804
148.8882217665765,11.661198141244054
148.89609278697017,27.703985243948516
148.90396380736382,11.994574744061861
148.9118348277575,3.555343737283061
148.91970584815115,3.0799557830195767
148.92757686854483,6.544577553380938
148.93544788893848,27.618882115459858
148.94331890933216,21.032912870001255
148.9511899297258,2.3053615131764023
148.9590609501195,22.863308870874217
148.96693197051314,9.682603622960535
148.97480299090682,18.984007191086008
148.98267401130047,279.6122026040123
148.99054503169415,38.18172507507205
148.9984160520878,1.920499647663775
149.00628707248148,58.31741367029404
149.01415809287514,15.250856715350647
149.02202911326881,43.49936510427028
149.02990013366247,66.80258109486249
149.03777115405614,3.5092355372575703
149.0456421744498,261.10559036459466
149.05351319484348,53.9898927340304
149.06138421523713,265.0525079718457
149.0692552356308,1.4177623943141113
149.07712625602446,30.013702357143092
149.08499727641814,39.72470913960172
149.0928682968118,116.68505347240827
149.10073931720547,107.2674160957165
149.10861033759912,94.46381547117855
149.1164813579928,354.678044858308
149.12435237838645,171.59702822598322
149.13222339878013,59.151601835796484
149.14009441917378,62.906847349161545
149.14796543956746,233.03292431438427
149.1558364599611,191.3885235038849
149.1637074803548,67.35056772903135
149.17157850074844,63.62821684349591
149.17944952114212,42.83551774276733
149.18732054153577,103.67409964162718
149.19519156192945,658.0140345986574
149.2030625823231,111.74907811089325
149.21093360271678,22.1471614755156
149.21880462311043,107.2500033673491
149.2266756435041,58.96786846286191
149.2345466638978,1205.415235325027
149.24241768429144,91.57809550996177
149.25028870468512,44.61358521718215
149.25815972507877,562.8331251114023
149.26603074547245,73.35613166421622
149.2739017658661,172.61691375590698
149.28177278625978,33.26501163483804
149.28964380665343,566.334955914773
149.2975148270471,117.85900840346892
149.30538584744076,5.17699504497558
149.31325686783444,230.22994134602112
149.3211278882281,265.58838033387116
149.32899890862177,197.8061956494698
149.33686992901542,161.22932977591154
149.3447409494091,123.9872576537139
149.35261196980275,197.77911094952867
149.36048299019643,525.3946113127587
149.36835401059008,1793.1930496590955
149.37622503098376,95.11773457716991
149.3840960513774,585.5830155609236
149.3919670717711,613.575553642768
149.39983809216474,1294.5830032276997
149.40770911255842,752.5247303740341
149.41558013295207,323.859616661977
149.42345115334575,584.2960314268614
149.4313221737394,122.18229392305534
149.43919319413308,1445.2080726228576
149.44706421452673,1262.3424734659247
149.4549352349204,227.59242395920293
149.46280625531406,1173.2747381310685
149.47067727570774,88.48899311121328
149.4785482961014,460.95123511415
149.48641931649507,1063.877161424255
149.49429033688872,445.65594949447643
149.5021613572824,55.87321672288254
149.51003237767605,287.3143238277305
149.51790339806973,52.537792353933575
149.52577441846339,12.909469709577754
149.53364543885706,27.16464928648655
149.54151645925072,82.3294368589856
149.5493874796444,98.78189517049003
149.55725850003805,52.408858268793054
149.56512952043173,66.35604704624522
149.5730005408254,757.9397922686902
149.58087156121906,213.3973892482915
149.58874258161273,51.37443020510876
149.59661360200639,30.08369784522454
149.60448462240007,1276.6116546528817
149.61235564279372,319.34533756372304
149.6202266631874,218.85353454658997
149.62809768358105,1017.353695718185
149.63596870397473,850.2018895235266
149.64383972436838,60.97926110400726
149.65171074476206,145.6767485834869
149.6595817651557,351.53931026480734
149.6674527855494,468.4337295443106
149.67532380594304,166.1709392725357
149.68319482633672,2.964303381300704
149.69106584673037,97.06160868806883
149.69893686712405,356.5940976864878
149.7068078875177,246.47728666816496
149.71467890791138,158.53623198999034
149.72254992830503,119.91790749093849
149.7304209486987,204.3147557044976
149.73829196909236,289.8370454873803
149.74616298948604,330.95488249803617
149.7540340098797,123.32930847705296
149.76190503027337,12.28855275741592
149.76977605066702,15.175415117791047
149.7776470710607,301.37049020101256
149.78551809145435,21.763085600284146
149.79338911184803,47.123251475575756
149.80126013224168,47.8510631179162
149.80913115263536,67.9030201419715
149.817002173029,69.26579322436069
149.8248731934227,11.523079514434954
149.83274421381634,35.78984148159679
149.84061523421002,38.94699858890238
149.84848625460367,2.13693822317605
149.85635727499735,19.417418363668393
149.864228295391,2.3947293615159566
149.87209931578468,41.089087961499075
149.87997033617833,122.7871997925759
149.887841356572,43.480366040536
149.89571237696566,23.138305670825734
149.90358339735934,95.87561870129487
149.91145441775302,85.66509947083844
149.91932543814667,21.48401485112383
149.92719645854035,59.338372467510055
149.935067478934,58.863918627396046
149.94293849932768,59.8702894122509
149.95080951972133,100.27055814987442
149.958680540115,94.98742677404891
149.96655156050866,45.35863199850407
149.97442258090234,318.2908889461187
149.982293601296,23.725160136778936
149.99016462168967,37.66446880385535
149.99803564208332,16.000338131598575
150.005906662477,14.0379121521673
150.01377768287065,111.01888349747071
150.02164870326433,48.380876580623024
150.02951972365798,59.66069639405913
150.03739074405166,69.70031215604824
150.0452617644453,34.970420254154455
150.053132784839,1.5439072604661486
150.06100380523264,59.45090042727885
150.06887482562632,179.42694463784142
150.07674584601997,43.063373201223186
150.08461686641365,288.48152683796894
150.0924878868073,198.79213883095477
150.10035890720098,16.4231931288072
150.10822992759464,3.755200471953229
150.11610094798831,89.79442116447422
150.12397196838197,25.935108369214806
150.13184298877565,18.52921778143865
150.1397140091693,43.76215022904434
150.14758502956298,182.57357040785166
150.15545604995663,45.83806181931662
150.1633270703503,24.479923588896412
150.17119809074396,51.30440673517066
150.17906911113764,38.66704096976575
150.1869401315313,31.342557237228785
150.19481115192497,258.08242545665445
150.20268217231862,26.98132110770379
150.2105531927123,10.423429515634288
150.21842421310595,100.93856396110903
150.22629523349963,202.30104008436666
150.23416625389328,66.00920008545032
150.24203727428696,98.91211939955451
150.24990829468064,70.8730441283361
150.2577793150743,83.70170903592805
150.26565033546797,39.797397679101
150.27352135586162,19.096123045526905
150.2813923762553,4.670147299584109
150.28926339664895,326.99775956732157
150.29713441704263,75.56277350410075
150.30500543743628,9.885987991262047
150.31287645782996,38.15896767182443
150.3207474782236,227.97177954856272
150.3286184986173,29.266505547394587
150.33648951901094,169.57513472521606
150.34436053940462,64.55543849445323
150.35223155979827,89.75862749649005
150.36010258019195,30.034951882952264
150.3679736005856,149.35068299190706
150.37584462097928,153.41512056011055
150.38371564137293,4.507282783144835
150.3915866617666,7.262174408343742
150.39945768216026,1.7234226155478676
150.40732870255394,23.25396826187179
150.4151997229476,92.13090527377453
150.42307074334127,112.67649702156974
150.43094176373492,1.4763303809988015
150.4388127841286,96.12490023209067
150.44668380452225,37.5616455215982
150.45455482491593,31.601663534332097
150.46242584530958,54.6730872811589
150.47029686570326,1.7151395867044645
150.4781678860969,152.02668873515768
150.4860389064906,43.44650555984272
150.49390992688424,32.631727667899874
150.50178094727792,3.6506523627744443
150.50965196767157,58.084642226041574
150.51752298806525,6.902325005543033
150.5253940084589,7.558611369744263
150.53326502885258,150.5914891019418
150.54113604924623,28.807580722864472
150.5490070696399,0.32741833412750854
150.55687809003356,9.131927965336992
150.56474911042724,15.452108169585186
150.57262013082092,32.5074857936346
150.58049115121457,215.53693139458727
150.58836217160825,66.1912260132258
150.5962331920019,183.3436230609638
150.60410421239558,26.21745867983751
150.61197523278923,231.29055165772914
150.6198462531829,43.65418996684809
150.62771727357656,15.505644039651397
150.63558829397024,47.64974551645066
150.6434593143639,13.613655275797235
150.65133033475757,29.0734282220875
150.65920135515123,46.74622703951707
150.6670723755449,14.544233288261758
150.67494339593856,18.743698823325364
150.68281441633223,6.439403054861149
150.6906854367259,7.448591754613034
150.69855645711957,2.7090999990368427
150.70642747751322,1.9774803375534258
150.7142984979069,11.476512422708527
150.72216951830055,2.052541530040372
150.73004053869423,23.795765685225206
150.73791155908788,11.260487621329466
150.74578257948156,0.47464592177156245
150.7536535998752,5.751661799519732
150.7615246202689,21.168026407946734
150.76939564066254,6.582099194235109
150.77726666105622,1.563328119122545
150.78513768144987,25.8088642920123
150.79300870184355,0.8784091485232634
150.8008797222372,6.329664327298257
150.80875074263088,2.315775491149788
150.81662176302453,0.5452413038360425
150.8244927834182,42.893376586688554
150.83236380381186,57.320594378374146
150.84023482420554,56.5791727707005
150.8481058445992,17.068071705471397
150.85597686499287,60.39009581904316
150.86384788538652,164.19801117443674
150.8717189057802,493.869374282309
150.87958992617385,878.1996517136062
150.88746094656753,366.55804288134834
150.89533196696118,386.71125948246663
150.90320298735486,463.88744371854415
150.91107400774854,205.91709273908882
150.9189450281422,4.163548414602855
150.92681604853587,39.13261893179059
150.93468706892952,244.74689415836167
150.9425580893232,30.930840387736218
150.95042910971685,31.622556654182382
150.95830013011053,12.764362768458426
150.96617115050418,37.520875806394514
150.97404217089786,120.48127815255603
150.9819131912915,229.05133708822288
150.9897842116852,144.91509544681816
150.99765523207884,6.363512453784289
151.00552625247252,21.057923124464125
151.01339727286617,77.7001405463345
151.02126829325985,74.32400450557563
151.0291393136535,22.25253064480564
151.03701033404718,62.506878267056116
151.04488135444083,56.233246728906884
151.0527523748345,105.57392122819218
151.06062339522816,16.335411597276305
151.06849441562184,66.92085986958142
151.0763654360155,35.872134901580445
151.08423645640917,161.41412051019628
151.09210747680282,68.91160131448574
151.0999784971965,126.75061369585653
151.10784951759015,6.081679727917869
151.11572053798383,38.518106951081585
151.12359155837748,337.02900792852904
151.13146257877116,176.8492643863524
151.13933359916481,49.890704270959375
151.1472046195585,0.04712542613738226
151.15507563995214,95.2845067692766
151.16294666034582,193.98681494741166
151.17081768073948,413.30614007796606
151.17868870113315,202.79055697846934
151.1865597215268,621.3711504330989
151.19443074192048,84.68499672299646
151.20230176231414,453.55965522454
151.21017278270782,18.241982818630927
151.21804380310147,28.86786618085799
151.22591482349515,58.19494263742713
151.2337858438888,35.9899851497791
151.24165686428248,37.671276482983814
151.24952788467616,17.364914598140523
151.2573989050698,45.2985203593407
151.26526992546349,27.77098921918217
151.27314094585714,84.3760315860793
151.28101196625082,48.24086572802481
151.28888298664447,124.0352666382
151.29675400703815,200.49080404746292
151.3046250274318,21.152878938448236
151.31249604782548,61.33813562669917
151.32036706821913,187.4689239778405
151.3282380886128,206.3833947816392
151.33610910900646,19.744930384433243
151.34398012940014,84.95267029259757
151.3518511497938,12.64210128820745
151.35972217018747,111.85080291131865
151.36759319058112,126.43650006415058
151.3754642109748,28.591138752331826
151.38333523136845,1.463053524559514
151.39120625176213,14.355911735534328
151.39907727215578,72.25400690939195
151.40694829254946,19.673459502204615
151.4148193129431,36.96929672118732
151.4226903333368,30.846646085024652
151.43056135373044,42.97107118050643
151.43843237412412,20.167546693124294
151.44630339451777,18.470704269498853
151.45417441491145,194.60238390348056
151.4620454353051,364.79067572404745
151.46991645569878,145.07192891625232
151.47778747609243,18.064399070243336
151.4856584964861,54.570076178871005
151.49352951687976,35.139756745260605
151.50140053727344,195.2097872843667
151.5092715576671,94.77600689966569
151.51714257806077,7.611549866963206
151.52501359845442,16.260498930421754
151.5328846188481,6.971899518270578
151.54075563924175,98.97715295929217
151.54862665963543,32.15023322951321
151.55649768002908,36.3175385551722
151.56436870042276,412.3979783136414
151.5722397208164,88.02530414927486
151.5801107412101,21.37890376818608
151.58798176160377,59.23661639901941
151.59585278199742,48.47600861962931
151.6037238023911,21.610150097084063
151.61159482278475,40.9024059849878
151.61946584317843,14.260112815238555
151.62733686357208,199.41345593754139
151.63520788396576,68.76783429483727
151.6430789043594,5.885434198074949
151.6509499247531,96.76495891155061
151.65882094514674,107.80550525739366
151.66669196554042,17.666683256304573
151.67456298593407,3.1117684856098085
151.68243400632775,16.10309161453922
151.6903050267214,26.552263465844003
151.69817604711508,20.858482900967378
151.70604706750873,0.944095774985594
151.7139180879024,116.72431553318982
151.72178910829606,125.6040032349934
151.72966012868974,18.58648374302519
151.7375311490834,13.604239237924476
151.74540216947707,159.82845729968648
151.75327318987073,42.38818047406632
151.7611442102644,98.3786353817679
151.76901523065806,3.8727159858720768
151.77688625105174,106.81072593510976
151.7847572714454,37.40245178585335
151.79262829183907,20.494181693120517
151.80049931223272,5.476106598427546
151.8083703326264,68.91271276126805
151.81624135302005,29.32656792956612
151.82411237341373,4.667748436874067
151.83198339380738,17.305514819740225
151.83985441420106,14.775849112488828
151.8477254345947,3.3665593031369645
151.8555964549884,18.938439842843614
151.86346747538204,96.49435776923309
151.87133849577572,62.029457652148096
151.87920951616937,82.85100593348872
151.88708053656305,134.29502302434472
151.8949515569567,27.984224791432464
151.90282257735038,41.49365007497466
151.91069359774403,11.929475564646083
151.9185646181377,44.53287582970889
151.9264356385314,25.57321064404456
151.93430665892504,29.271795601246698
151.94217767931872,3.216731636918983
151.95004869971237,66.2090519396351
151.95791972010605,2.0857434682426588
151.9657907404997,16.43461934427473
151.97366176089338,9.096172936369893
151.98153278128703,0.6708617236389424
151.9894038016807,30.214432624999386
151.99727482207436,6.819010669754024
152.00514584246804,109.16315260100744
152.0130168628617,39.077270717012425
152.02088788325537,12.27382939023955
152.02875890364902,68.73723712664044
152.0366299240427,96.5593984857518
152.04450094443635,5.831915342769307
152.05237196483003,258.86982441308555
152.06024298522368,47.78102335220209
152.06811400561736,364.9711444951282
152.075985026011,87.76568113475632
152.0838560464047,50.08617714851197
152.09172706679834,40.24329089870833
152.09959808719202,164.52772660264495
152.10746910758567,184.7856563697587
152.11534012797935,272.9450924505613
152.123211148373,170.30052354949456
152.13108216876668,15.585297886882069
152.13895318916033,31.391906756051842
152.146824209554,167.54877038397206
152.15469522994766,107.50521700922752
152.16256625034134,0.7667171618860908
152.170437270735,17.564020102125724
152.17830829112867,5.250150010609526
152.18617931152232,2.001366353835093
152.194050331916,8.948844648111274
152.20192135230965,5.019591881982198
152.20979237270333,4.186456775112213
152.21766339309698,105.78562734395385
152.22553441349066,83.3168469013873
152.23340543388431,37.36324141149345
152.241276454278,54.561956904137126
152.24914747467164,0.4374087964371318
152.25701849506532,4.073918295579134
152.264889515459,138.54535892397425
152.27276053585265,39.27879807765703
152.28063155624633,42.671567084229245
152.28850257663998,26.241438485681076
152.29637359703366,81.31239335834793
152.30424461742732,58.04055182633109
152.312115637821,59.74030059897136
152.31998665821465,55.9351137713523
152.32785767860832,62.47461404864661
152.33572869900198,143.08687404511687
152.34359971939566,208.44244575836862
152.3514707397893,18.933211358128244
152.35934176018299,23.67213040891723
152.36721278057664,20.512085849110047
152.37508380097032,9.632765849305965
152.38295482136397,101.3337922147657
152.39082584175765,10.982744188796623
152.3986968621513,49.64907667190463
152.40656788254498,477.74600494105835
152.41443890293863,68.18457575702223
152.4223099233323,57.22217366022202
152.43018094372596,10.211233231493061
152.43805196411964,142.9483552795367
152.4459229845133,171.0592496298944
152.45379400490697,17.26121248256057
152.46166502530062,6.11730077164417
152.4695360456943,0.8088694400936042
152.47740706608795,64.58964166637817
152.48527808648163,18.783880234615587
152.49314910687528,13.391836308879856
152.50102012726896,65.4651853245728
152.5088911476626,8.005626879411723
152.5167621680563,89.07487423257811
152.52463318844994,153.72151262973654
152.53250420884362,236.25881664675052
152.54037522923727,288.99682006315817
152.54824624963095,64.35883517925112
152.5561172700246,90.50395138634833
152.56398829041828,26.711686119391672
152.57185931081193,5.999553263213688
152.5797303312056,76.15077950860545
152.58760135159926,13.219393295300234
152.59547237199294,311.71648073057224
152.60334339238662,231.77552652247937
152.61121441278027,165.44821144275127
152.61908543317395,214.8617115652474
152.6269564535676,47.24079994961245
152.63482747396128,145.7644005973544
152.64269849435493,210.16152325668682
152.6505695147486,112.81832917103387
152.65844053514226,117.63277106520904
152.66631155553594,32.64962489870821
152.6741825759296,58.97725695897576
152.68205359632327,59.638463454999446
152.68992461671692,21.150482492153245
152.6977956371106,119.54523589010631
152.70566665750425,22.180435001269842
152.71353767789793,50.77062086938662
152.72140869829158,5.984817657651225
152.72927971868526,9.265409207388338
152.7371507390789,57.575680764871606
152.7450217594726,154.6654266288449
152.75289277986624,56.02546493330925
152.76076380025992,2.4771787835187595
152.76863482065357,3.5344029670339805
152.77650584104725,105.58596625251643
152.7843768614409,13.150819710943232
152.79224788183458,28.529878074226627
152.80011890222823,55.740107772332095
152.8079899226219,30.631234827445656
152.81586094301556,167.58275603865903
152.82373196340924,14.586821882096844
152.8316029838029,45.59062763595224
152.83947400419657,360.97117793230814
152.84734502459023,232.42857713643374
152.8552160449839,223.49162406497138
152.86308706537756,917.2741086979827
152.87095808577124,700.8301709631542
152.8788291061649,84.13020370438117
152.88670012655857,959.3733204115247
152.89457114695222,1377.2059952656853
152.9024421673459,46.03758325417534
152.91031318773955,49.168736326204204
152.91818420813323,598.4901840521165
152.92605522852688,635.0666594368068
152.93392624892056,229.97589312234084
152.94179726931424,998.7764038390987
152.9496682897079,389.29686323561657
152.95753931010157,1201.645446654084
152.96541033049522,636.8201593740512
152.9732813508889,85.92525496048009
152.98115237128255,709.642944284227
152.98902339167623,1.988471098128557
152.99689441206988,65.80159963823527
153.00476543246356,98.23074650394858
153.0126364528572,78.88597990209169
153.0205074732509,634.2297009270711
153.02837849364454,339.95091737186897
153.03624951403822,678.4915038920668
153.04412053443187,803.7805806136946
153.05199155482555,10.33624294438912
153.0598625752192,386.2041588815117
153.06773359561288,556.8456587311267
153.07560461600653,70.91697542831866
153.0834756364002,439.06976337104595
153.09134665679386,555.8102459899068
153.09921767718754,204.23222577467675
153.1070886975812,181.30159368403764
153.11495971797487,54.98684653119857
153.12283073836852,154.29297090059268
153.1307017587622,346.1790617440765
153.13857277915585,251.82789657022653
153.14644379954953,186.73647007480076
153.15431481994318,70.48433266419809
153.16218584033686,460.81910986552367
153.1700568607305,297.25928440177177
153.1779278811242,46.44538913889382
153.18579890151784,11.68218720802939
153.19366992191152,520.4116100214524
153.20154094230517,358.2549252231062
153.20941196269885,109.02725758139417
153.2172829830925,790.7209313074458
153.22515400348618,643.6765168752463
153.23302502387983,22.243907850834134
153.2408960442735,121.40488603336269
153.24876706466716,261.19617222342373
153.25663808506084,397.6262878814476
153.2645091054545,202.67111585237976
153.27238012584817,2251.4181159539567
153.28025114624185,3115.0506158826392
153.2881221666355,153.9070929633701
153.29599318702918,142.95852045687107
153.30386420742283,385.00619361675507
153.3117352278165,130.32719289357715
153.31960624821016,43.14409097823382
153.32747726860384,4.9412630718888
153.3353482889975,276.1328480985805
153.34321930939117,203.24757386019934
153.35109032978482,96.74565904614123
153.3589613501785,96.71656846494419
153.36683237057215,36.00264978704997
153.37470339096583,185.23024538287203
153.38257441135949,19.644722084930574
153.39044543175316,110.35484561028683
153.39831645214682,167.0438557468556
153.4061874725405,118.296869125535
153.41405849293415,129.08719385279323
153.42192951332783,5.01063469232236
153.42980053372148,552.496918871315
153.43767155411516,249.62866719597383
153.4455425745088,13.63720932454408
153.45341359490249,10.451279324853347
153.46128461529614,1.7987124991229666
153.46915563568982,186.52244982499857
153.47702665608347,9.27887487423697
153.48489767647715,62.732946255850905
153.4927686968708,74.69644294868482
153.50063971726448,17.38876408178538
153.50851073765813,88.13547466260457
153.5163817580518,49.49375872266428
153.52425277844546,10.079909204031441
153.53212379883914,77.22979960472354
153.5399948192328,27.18297683150308
153.54786583962647,82.3435463222994
153.55573686002012,270.4764524689357
153.5636078804138,207.3410345214588
153.57147890080745,57.42092950357472
153.57934992120113,392.2672951084291
153.58722094159478,180.4922925729288
153.59509196198846,7.4506630194793315
153.6029629823821,218.0852221480976
153.6108340027758,229.592513059249
153.61870502316947,60.86059657971997
153.62657604356312,190.4428922833846
153.6344470639568,15.143465975767356
153.64231808435045,368.00184249583987
153.65018910474413,29.7236233916671
153.65806012513778,209.08131796403913
153.66593114553146,26.4446045762014
153.6738021659251,81.66399708174288
153.6816731863188,64.33894031755653
153.68954420671244,39.45694930569627
153.69741522710612,72.49390410379718
153.70528624749977,14.162975066888611
153.71315726789345,22.476729940161025
153.7210282882871,12.024100487027654
153.72889930868078,43.56326574867782
153.73677032907443,92.5421439123071
153.7446413494681,17.833417701724173
153.75251236986176,20.076240961915243
153.76038339025544,130.7473411759337
153.7682544106491,29.291870596092355
153.77612543104277,52.812562253059944
153.78399645143642,3.339230319729497
153.7918674718301,224.23241645746413
153.79973849222375,13.884003012336278
153.80760951261743,13.557721432334523
153.81548053301108,44.525806654761716
153.82335155340476,110.63171804482131
153.8312225737984,21.961850143056328
153.8390935941921,7.186786047388757
153.84696461458574,9.985588785986321
153.85483563497942,154.4745201376981
153.86270665537307,184.17092425022625
153.87057767576675,396.85424103577077
153.8784486961604,19.018871836779784
153.88631971655408,160.22964893042402
153.89419073694773,32.344455020367164
153.90206175734141,95.10441858352384
153.90993277773507,216.9875632575488
153.91780379812874,15.428072032880197
153.9256748185224,16.322958519542254
153.93354583891607,20.431929238121164
153.94141685930973,115.19495210443353
153.9492878797034,89.98385915843464
153.95715890009708,259.5969653072818
153.96502992049074,216.9787187409992
153.97290094088441,10.193236643908088
153.98077196127807,241.43211112187308
153.98864298167175,516.2987885608982
153.9965140020654,314.9639749381252
154.00438502245908,43.316656535638984
154.01225604285273,458.18225988028126
154.0201270632464,63.93844890360752
154.02799808364006,40.686720951840655
154.03586910403374,71.3135088241073
154.0437401244274,713.6050330122906
154.05161114482107,262.7185629488212
154.05948216521472,339.92150035105476
154.0673531856084,10.01106477103067
154.07522420600205,347.16505441677924
154.08309522639573,48.567591138092915
154.09096624678938,74.22977542950758
154.09883726718306,220.49529057714224
154.1067082875767,18.35583361467151
154.1145793079704,801.2827626346707
154.12245032836404,8.775559048873959
154.13032134875772,138.12946102105215
154.13819236915137,234.55854149152586
154.14606338954505,1354.0729994528317
154.1539344099387,23.019966857263338
154.16180543033238,80.09155217792531
154.16967645072603,60.76504931913104
154.1775474711197,241.4314584150019
154.18541849151336,252.36936383539734
154.19328951190704,300.0211999939635
154.2011605323007,31.810179191950947
154.20903155269437,45.9387649754862
154.21690257308802,88.77021529619361
154.2247735934817,641.0047338579107
154.23264461387535,403.65689624786097
154.24051563426903,937.8626594563203
154.24838665466268,1673.2902571825523
154.25625767505636,251.50632135586912
154.26412869545,2014.0543844922126
154.2719997158437,98.53294749812379
154.27987073623734,24.111552882328304
154.28774175663102,408.27242496352534
154.2956127770247,1910.6611759624261
154.30348379741835,489.7366405803724
154.31135481781203,460.86241027887996
154.31922583820568,91.24926001861199
154.32709685859936,1501.0588901154404
154.334967878993,1752.879460311349
154.3428388993867,494.50301922455526
154.35070991978034,421.7436087870093
154.35858094017402,40.964571476070304
154.36645196056767,175.10805089910616
154.37432298096135,276.1594660600053
154.382194001355,27.18307605787498
154.39006502174868,2242.7057572512435
154.39793604214233,48.272408626922584
154.405807062536,1788.9237525316375
154.41367808292966,24.7084080322103
154.42154910332334,351.1356278182478
154.429420123717,2250.2632214715136
154.43729114411067,464.32436581476014
154.44516216450432,562.3872898070508
154.453033184898,513.1788276589716
154.46090420529165,34.75194725477823
154.46877522568533,149.32876921006527
154.47664624607899,371.15421777274565
154.48451726647266,655.8412036226559
154.49238828686632,1717.7717204827472
154.50025930726,170.07898719108098
154.50813032765365,171.72444534233497
154.51600134804733,390.90181111995713
154.52387236844098,70.48388285136393
154.53174338883466,21.137291801762224
154.5396144092283,43.87586683901056
154.547485429622,205.64347054964827
154.55535645001564,56.940961508881905
154.56322747040932,405.9987062820531
154.57109849080297,542.67059840364
154.57896951119665,208.33565194892765
154.5868405315903,2412.0561824570605
154.59471155198398,45.843003435990596
154.60258257237763,457.8197039244699
154.6104535927713,30.273026991617368
154.61832461316496,577.9598193483125
154.62619563355864,277.02746082690834
154.63406665395232,1096.1362001561135
154.64193767434597,15.036681647180385
154.64980869473965,77.82768264505017
154.6576797151333,0.3320366745210289
154.66555073552698,133.83002464420775
154.67342175592063,7.365261500869019
154.6812927763143,39.77147311966112
154.68916379670796,11.263246177341182
154.69703481710164,56.19438334019548
154.7049058374953,91.2337973001878
154.71277685788897,79.90684682078587
154.72064787828262,115.20629501683722
154.7285188986763,117.82687166334135
154.73638991906995,237.41976038503427
154.74426093946363,121.89952741048147
154.75213195985728,200.70164681094096
154.76000298025096,30.203355457068973
154.7678740006446,73.10621460247694
154.7757450210383,184.65214983297022
154.78361604143194,145.1219967735126
154.79148706182562,90.39341691479038
154.79935808221927,20.809781158374456
154.80722910261295,10.791714788463638
154.8151001230066,37.73774515187496
154.82297114340028,50.72776793649439
154.83084216379393,52.49574301772894
154.8387131841876,41.40190863925136
154.84658420458126,90.19868663241517
154.85445522497494,16.02318046974813
154.8623262453686,41.13438135959805
154.87019726576227,147.47157350648973
154.87806828615592,32.535317943567726
154.8859393065496,0.8468962911971041
154.89381032694325,153.09869231216112
154.90168134733693,14.94582498608902
154.90955236773058,58.04591554683701
154.91742338812426,41.97118417120507
154.9252944085179,1.681151229276278
154.9331654289116,29.92332173783679
154.94103644930524,88.2393088842533
154.94890746969892,64.34471153215573
154.95677849009257,14.733506752957984
154.96464951048625,51.72215658991701
154.97252053087993,10.294332105431113
154.98039155127358,29.772774697662594
154.98826257166726,7.699960716746935
154.99613359206091,4.217797384272234
155.0040046124546,63.43649331322929
155.01187563284824,125.79079213685499
155.01974665324192,60.539345902200935
155.02761767363558,22.62110795105008
155.03548869402925,50.47348122485361
155.0433597144229,42.371305428262886
155.05123073481658,83.96530582880615
155.05910175521024,55.12767703901145
155.06697277560392,2.6036351362909635
155.07484379599757,20.82636739022865
155.08271481639125,58.53621518866328
155.0905858367849,71.01188237953723
155.09845685717858,15.857227993022477
155.10632787757223,30.99665778312797
155.1141988979659,0.7395655860589327
155.12206991835956,344.7477667032118
155.12994093875324,34.071740483461255
155.1378119591469,33.621085936595684
155.14568297954057,56.34073620112927
155.15355399993422,9.083495448645085
155.1614250203279,10.104439860272969
155.16929604072155,49.89751448664932
155.17716706111523,105.31248596232973
155.18503808150888,40.08596506662265
155.19290910190256,65.9369853783271
155.2007801222962,18.911963365682233
155.2086511426899,26.980732253388553
155.21652216308354,102.40253906257294
155.22439318347722,138.5124335133874
155.23226420387087,438.3452772087146
155.24013522426455,75.55540367017599
155.2480062446582,104.08366628433352
155.25587726505188,14.111739011604733
155.26374828544553,144.70773638482427
155.2716193058392,44.387564596040654
155.27949032623286,19.159562402617123
155.28736134662654,63.36678535064588
155.2952323670202,1.127811463389248
155.30310338741387,31.997978840869727
155.31097440780755,0.16465320713694304
155.3188454282012,59.80024676840494
155.32671644859488,119.26082145753792
155.33458746898853,55.584297211051705
155.3424584893822,6.984603845741011
155.35032950977586,14.360467228210554
155.35820053016954,128.54118642739817
155.3660715505632,17.818850097868868
155.37394257095687,144.06523825661725
155.38181359135052,4.4439251458614475
155.3896846117442,6.7884169197512385
155.39755563213785,10.329522292965422
155.40542665253153,24.301848143043998
155.41329767292518,66.89015913048058
155.42116869331886,64.84340152269638
155.4290397137125,23.687269969416313
155.4369107341062,101.6796685062952
155.44478175449984,146.46675967898844
155.45265277489352,433.4007413321411
155.46052379528717,494.6884796241346
155.46839481568085,391.39710753207083
155.4762658360745,491.16144055305597
155.48413685646818,9.813399131825715
155.49200787686183,41.53497033494229
155.4998788972555,70.86759979743724
155.50774991764916,21.556314039085983
155.51562093804284,42.23268908489726
155.5234919584365,41.45098514518198
155.53136297883017,99.0067340462287
155.53923399922382,44.95401806635125
155.5471050196175,61.95198588112412
155.55497604001116,28.341378489117258
155.56284706040483,230.65536230553906
155.57071808079849,107.33667645182615
155.57858910119216,56.87807707000001
155.58646012158582,15.083127149564156
155.5943311419795,45.52918488000057
155.60220216237315,42.26174034888894
155.61007318276683,24.350055491331855
155.61794420316048,2.807998793135207
155.62581522355416,33.0698719244929
155.6336862439478,5.410112655870896
155.6415572643415,16.217311501083135
155.64942828473517,121.49310320852534
155.65729930512882,85.33401761283302
155.6651703255225,138.10607896155335
155.67304134591615,113.12780224515413
155.68091236630983,231.33413691859084
155.68878338670348,55.77955704655941
155.69665440709716,58.46199511029622
155.7045254274908,114.02695321114332
155.7123964478845,69.44970668080815
155.72026746827814,36.962449857111075
155.72813848867182,89.6834638601112
155.73600950906547,216.71604927748285
155.74388052945915,121.38321663978498
155.7517515498528,307.08215426566227
155.75962257024648,53.467403321764394
155.76749359064013,0.7354158711397131
155.7753646110338,2.7463461137274865
155.78323563142746,445.9207449442273
155.79110665182114,174.3052710089913
155.7989776722148,74.82527811055091
155.80684869260847,129.19340176767363
155.81471971300212,55.24192485449945
155.8225907333958,73.89550194926953
155.83046175378945,10.386189808438193
155.83833277418313,21.31809611889181
155.84620379457678,34.02460217265252
155.85407481497046,11.17992702327947
155.8619458353641,6.736462464009852
155.8698168557578,18.856692181544418
155.87768787615144,34.15750183099611
155.88555889654512,153.2319102903133
155.89342991693877,8.836729665157318
155.90130093733245,2.816702273918718
155.9091719577261,2.3381907093763754
155.91704297811978,42.88314548332332
155.92491399851343,20.537922459925806
155.9327850189071,21.282446628928618
155.94065603930076,2.4097648354300167
155.94852705969444,37.859064207489084
155.9563980800881,49.930750358668554
155.96426910048177,120.87963835430321
155.97214012087542,22.269812096534114
155.9800111412691,7.368780770285976
155.98788216166278,11.091892040785902
155.99575318205643,118.90895718402126
156.0036242024501,54.09575683852399
156.01149522284376,7.285766405734004
156.01936624323744,20.010342574765
156.0272372636311,10.345591430924598
156.03510828402477,88.91230747479408
156.04297930441842,5.284745756545097
156.0508503248121,9.306257784582296
156.05872134520575,159.12056450311238
156.06659236559943,0.32925892819233465
156.07446338599308,13.404343660768108
156.08233440638676,0.02106648508310086
156.09020542678041,0.12943877638136914
156.0980764471741,1.9622254676098096
156.10594746756774,31.86461685049819
156.11381848796142,12.100451837805513
156.12168950835508,91.52054070610079
156.12956052874875,74.21542823238104
156.1374315491424,120.23532040144671
156.14530256953609,1.6873036154744845
156.15317358992974,17.696720061581935
156.16104461032342,48.6857680054635
156.16891563071707,22.31357141118283
156.17678665111075,72.86795756684168
156.1846576715044,60.38883016998667
156.19252869189808,145.7653393450627
156.20039971229173,14.846199699425194
156.2082707326854,112.42909765939211
156.21614175307906,21.561780630959305
156.22401277347274,43.71512883053728
156.2318837938664,15.342904297652744
156.23975481426007,172.6630334939313
156.24762583465372,33.61972613049582
156.2554968550474,319.8372466254684
156.26336787544105,5.00062428718362
156.27123889583473,7.605225404821035
156.27910991622838,5.95767116868718
156.28698093662206,9.60774871664982
156.2948519570157,46.653530685319076
156.3027229774094,86.17154390814505
156.31059399780304,56.459566115720015
156.31846501819672,38.983210436947424
156.3263360385904,14.193854572859463
156.33420705898405,7.428860780331143
156.34207807937773,9.452942681791633
156.34994909977138,2.567122415543136
156.35782012016506,14.665907563814473
156.3656911405587,11.853739594416899
156.3735621609524,4.893461562409713
156.38143318134604,14.600414386151312
156.38930420173972,22.305090772777977
156.39717522213337,13.980809400077215
156.40504624252705,1.215727962499216
156.4129172629207,7.940724409250737
156.42078828331438,9.652918842816595
156.42865930370803,0.08401047801300543
156.4365303241017,51.93876972597206
156.44440134449536,5.203522530968936
156.45227236488904,92.84987377313273
156.4601433852827,23.44098222721907
156.46801440567637,64.38310898579842
156.47588542607002,47.08492106445968
156.4837564464637,54.063945906653025
156.49162746685735,2.4802931164089737
156.49949848725103,32.275066680061514
156.50736950764468,37.21742226399605
156.51524052803836,220.9282810085725
156.523111548432,77.37136817204362
156.5309825688257,36.47012997872491
156.53885358921934,4.2730088837826
156.54672460961302,53.88271924688595
156.55459563000667,23.542287829278536
156.56246665040035,50.6138211023961
156.570337670794,83.94490312823835
156.57820869118768,79.9100567880178
156.58607971158133,119.24000800705765
156.593950731975,58.56919948219479
156.60182175236866,58.28164883776192
156.60969277276234,148.51761371946478
156.617563793156,49.61615388368177
156.62543481354967,113.09569633136702
156.63330583394333,25.08296006314474
156.641176854337,36.65355403582073
156.64904787473068,69.45388999627379
156.65691889512433,8.974605172181626
156.664789915518,23.585384002415076
156.67266093591167,35.16947957764625
156.68053195630534,12.562782591557022
156.688402976699,57.36219398199763
156.69627399709267,27.99730086518707
156.70414501748633,48.96466931339661
156.71201603788,112.2294193709358
156.71988705827366,46.60429891923459
156.72775807866734,11.44752385370532
156.735629099061,0.8004730648699556
156.74350011945467,347.135775107545
156.75137113984832,20.203094713882667
156.759242160242,35.17588046538732
156.76711318063565,85.27813689712039
156.77498420102933,114.8447332608666
156.78285522142298,388.85264492857
156.79072624181666,472.27399802891694
156.7985972622103,174.8266918815314
156.806468282604,93.46800703592706
156.81433930299764,134.29960189953576
156.82221032339132,13.99793314279465
156.83008134378497,34.878706181167516
156.83795236417865,22.676790461413756
156.8458233845723,5.805905647402606
156.85369440496598,57.09454138528968
156.86156542535963,24.54968772014889
156.8694364457533,11.149893520647586
156.87730746614696,11.208080542042124
156.88517848654064,93.3657005905
156.8930495069343,142.3465922501534
156.90092052732797,154.99040203016983
156.90879154772162,180.98225011902133
156.9166625681153,80.66911751414739
156.92453358850895,376.26157033387534
156.93240460890263,158.24161936055503
156.94027562929628,29.548106937645375
156.94814664968996,6.42259059056317
156.9560176700836,92.25056043972234
156.9638886904773,21.38671879567623
156.97175971087094,22.2525026949924
156.97963073126462,12.943247978707074
156.9875017516583,423.2761022179088
156.99537277205195,61.438178077059106
157.00324379244563,9.587339599551283
157.01111481283928,33.49769882251542
157.01898583323296,53.66593157186576
157.0268568536266,63.155589846054774
157.0347278740203,24.386274092157045
157.04259889441394,0.3997314522975724
157.05046991480762,90.52116881644157
157.05834093520127,133.86000180789847
157.06621195559495,56.956088573930394
157.0740829759886,39.03193585355019
157.08195399638228,24.42392943658898
157.08982501677593,46.70401323685906
157.0976960371696,8.265699216804848
157.10556705756326,78.9672472768175
157.11343807795694,69.42279881632926
157.1213090983506,178.4353113919727
157.12918011874427,21.49993833453595
157.13705113913792,719.1293004610222
157.1449221595316,15.523390776964368
157.15279317992525,16.22318076997433
157.16066420031893,20.90666732438305
157.16853522071258,38.81896554472659
157.17640624110626,138.1252687541616
157.18427726149991,76.91914262901909
157.1921482818936,4.0102149596000105
157.20001930228725,83.99814382875793
157.20789032268092,125.91560963217604
157.21576134307458,9.031328555752363
157.22363236346825,2.5409181809891437
157.2315033838619,118.88395301042002
157.23937440425559,1.9629441511018926
157.24724542464924,297.8827146597418
157.25511644504292,63.08746146490948
157.26298746543657,1.842759892875495
157.27085848583025,22.427439824121805
157.2787295062239,156.59402335162736
157.28660052661758,147.44688395278197
157.29447154701123,279.36107448279444
157.3023425674049,130.18638743686412
157.31021358779856,382.7865002479837
157.31808460819224,42.055307644325964
157.32595562858592,135.8198533307399
157.33382664897957,7.906299205436944
157.34169766937325,82.09395044485106
157.3495686897669,167.8745011865442
157.35743971016058,21.200013236384518
157.36531073055423,68.75330543316872
157.3731817509479,69.00079450082896
157.38105277134156,29.016911235477497
157.38892379173524,171.83868568014236
157.3967948121289,278.00116814146196
157.40466583252257,122.52022264076199
157.41253685291622,128.2558113659753
157.4204078733099,32.09412861927268
157.42827889370355,134.13856608911226
157.43614991409723,28.975783267623136
157.44402093449088,59.58934745166709
157.45189195488456,29.77599206865029
157.4597629752782,6.604100338432568
157.4676339956719,29.84817910654139
157.47550501606554,31.632994012065105
157.48337603645922,251.48188064906353
157.49124705685287,0.15287844912883597
157.49911807724655,92.01092118974307
157.5069890976402,46.101722560662886
157.51486011803388,66.11085046845298
157.52273113842753,107.79863383439425
157.5306021588212,42.318994385617984
157.53847317921486,183.32762481634595
157.54634419960854,34.137367202864326
157.5542152200022,16.128964437856425
157.56208624039587,12.94046999656708
157.56995726078952,51.15071585331676
157.5778282811832,47.02590805793003
157.58569930157685,35.07166205949781
157.59357032197053,12.23276046948455
157.60144134236418,11.573559809832759
157.60931236275786,8.186560463576784
157.6171833831515,48.95273394800166
157.6250544035452,41.175124175924935
157.63292542393884,128.17857391758116
157.64079644433252,52.962735727500096
157.64866746472617,55.70119598706031
157.65653848511985,299.9417424504205
157.66440950551353,372.06694891241034
157.67228052590718,340.3527653650528
157.68015154630086,888.9183683492445
157.6880225666945,84.43715842899103
157.6958935870882,304.9153560296053
157.70376460748184,4.566194708528807
157.71163562787552,259.2080831431816
157.71950664826917,74.37467636968631
157.72737766866285,72.6282082539566
157.7352486890565,75.13937190598207
157.74311970945018,157.71773008463498
157.75099072984383,17.874050222772222
157.75886175023751,34.80400558800407
157.76673277063117,16.61153177600034
157.77460379102484,0.35662719024717
157.7824748114185,6.2474034276564145
157.79034583181217,28.016876961698667
157.79821685220583,0.7553164352309364
157.8060878725995,0.056688938672845586
157.81395889299316,3.206605694085219
157.82182991338684,1.42893578116404
157.8297009337805,18.09281384140805
157.83757195417417,7.90366670782346
157.84544297456782,45.43550452732674
157.8533139949615,18.780131275883612
157.86118501535515,59.44341795883878
157.86905603574883,7.0745251704326835
157.87692705614248,4.8972805638260395
157.88479807653616,43.65890120289265
157.8926690969298,78.03528106811137
157.9005401173235,227.0176360930268
157.90841113771714,37.232062091268645
157.91628215811082,16.888999563994716
157.92415317850447,75.06952446259103
157.93202419889815,117.19602827447513
157.9398952192918,41.95295478633274
157.94776623968548,39.485520718513854
157.95563726007913,106.86442866791856
157.9635082804728,37.83323334292341
157.97137930086646,275.6170482999297
157.97925032126014,43.87200056471112
157.9871213416538,85.56795440159604
157.99499236204747,89.25761098991045
158.00286338244115,166.06679134440802
158.0107344028348,2.8715694531337874
158.01860542322848,20.25524145005747
158.02647644362213,39.733856388973734
158.0343474640158,0.002843421066062217
158.04221848440946,59.24674047985693
158.05008950480314,96.17453141955258
158.0579605251968,189.24832709164434
158.06583154559047,134.42610535995058
158.07370256598412,1.6242126404166057
158.0815735863778,117.36411076053794
158.08944460677145,33.95588787864254
158.09731562716513,79.76149715332149
158.10518664755878,33.68044013643856
158.11305766795246,67.88942578471722
158.1209286883461,20.87844282417641
158.1287997087398,126.19559094754769
158.13667072913344,128.03471362766086
158.14454174952712,50.2530703172769
158.15241276992077,27.364078985507433
158.16028379031445,266.1770121613069
158.1681548107081,30.71273363965127
158.17602583110178,122.88117784358218
158.18389685149543,7.908700553510565
158.1917678718891,18.267172773796272
158.19963889228276,0.5018920843113174
158.20750991267644,2.9391902358600026
158.2153809330701,21.118810829019942
158.22325195346377,36.832986345505155
158.23112297385742,48.07203823938155
158.2389939942511,4.416322216577489
158.24686501464475,269.6143257031413
158.25473603503843,32.02824716140375
158.26260705543208,67.27884708712179
158.27047807582576,8.370350420874601
158.27834909621942,84.90286543616733
158.2862201166131,2.6915421971829763
158.29409113700675,59.723303093878734
158.30196215740042,241.80752830819108
158.30983317779408,41.52455900620213
158.31770419818776,23.505757856251346
158.3255752185814,19.270362947805683
158.33344623897509,109.23748986723768
158.34131725936876,26.720314002379357
158.34918827976242,35.114827807111986
158.3570593001561,242.10863009516112
158.36493032054975,75.75246634897039
158.37280134094343,48.72562995398687
158.38067236133708,13.78484032079792
158.38854338173076,19.344036521554806
158.3964144021244,7.660427905542123
158.4042854225181,32.04123588822248
158.41215644291174,37.49303624205415
158.42002746330542,26.720778487895966
158.42789848369907,45.91437534089124
158.43576950409275,6.363437850028698
158.4436405244864,35.10457631617218
158.45151154488008,6.414680431883953
158.45938256527373,2.3660436662850057
158.4672535856674,19.516315422642446
158.47512460606106,291.09283017436843
158.48299562645474,211.30062936292464
158.4908666468484,125.08460271821632
158.49873766724207,390.5310356651049
158.50660868763572,26.509739817110653
158.5144797080294,35.9725217211149
158.52235072842305,18.123161165692302
158.53022174881673,151.34112280644564
158.53809276921038,7.363342012136209
158.54596378960406,57.52145640221131
158.5538348099977,49.976535768054
158.5617058303914,3.512901421092137
158.56957685078504,9.164038519958657
158.57744787117872,68.02303169926302
158.58531889157237,12.967460137597207
158.59318991196605,88.34630304099
158.6010609323597,69.66157832499916
158.60893195275338,92.99396728086221
158.61680297314703,111.60733097007642
158.6246739935407,117.78901148005737
158.63254501393436,10.037783288538275
158.64041603432804,17.396539988883152
158.6482870547217,36.18885120546059
158.65615807511537,80.64420461415177
158.66402909550902,119.22102281140461
158.6719001159027,87.34634452735327
158.67977113629638,6.507450132951878
158.68764215669003,58.112709886192505
158.6955131770837,7.550489868971176
158.70338419747736,203.84448361881462
158.71125521787104,8.901013374945668
158.7191262382647,32.082138338392376
158.72699725865837,115.56392460507273
158.73486827905202,106.61670304150667
158.7427392994457,1.599209338636202
158.75061031983935,10.301663222938991
158.75848134023303,88.93223224750021
158.76635236062668,89.52080192996706
158.77422338102036,24.2775910342892
158.782094401414,28.833780694603934
158.7899654218077,17.475272279819407
158.79783644220134,10.762942099018257
158.80570746259502,19.357791701155545
158.81357848298867,46.81078950909062
158.82144950338235,36.64256482080188
158.829320523776,149.67471196538065
158.83719154416968,79.06256149008696
158.84506256456334,17.75851297965211
158.85293358495701,29.429038757226632
158.86080460535067,311.99886761642676
158.86867562574434,23.131811850757984
158.876546646138,26.290266473850668
158.88441766653168,95.68989707241515
158.89228868692533,156.02291482928283
158.900159707319,24.484859359324936
158.90803072771266,71.68256501728456
158.91590174810634,150.36078175645815
158.9237727685,25.142201893890718
158.93164378889367,13.233662138713525
158.93951480928732,158.47870232181523
158.947385829681,37.98100530542147
158.95525685007465,61.74628392821276
158.96312787046833,76.17840884673053
158.97099889086198,0.8222551459938692
158.97886991125566,0.47430402381388836
158.9867409316493,86.60358682688828
158.994611952043,1.0448338094005167
159.00248297243664,3.284429460897787
159.01035399283032,314.57577082692103
159.018225013224,0.2449167118127914
159.02609603361765,3.4682687880481597
159.03396705401133,39.86209316057554
159.04183807440498,9.300952725700135
159.04970909479866,368.4749153753436
159.0575801151923,17.202083222911
159.065451135586,84.98263838020664
159.07332215597964,18.04760542203516
159.08119317637332,17.813683977926996
159.08906419676697,69.34013559965327
159.09693521716065,10.339536896133243
159.1048062375543,255.77758474201283
159.11267725794798,82.5829619517351
159.12054827834163,127.80481383411332
159.1284192987353,8.491696077340176
159.13629031912896,50.59548756879307
159.14416133952264,88.81786578240771
159.1520323599163,125.3191932748943
159.15990338030997,60.82155190627371
159.16777440070362,58.35874657996247
159.1756454210973,251.68365490877832
159.18351644149095,35.78366135137702
159.19138746188463,302.1214023936373
159.19925848227828,140.729353605018
159.20712950267196,308.4639178393506
159.2150005230656,66.53931778029406
159.2228715434593,37.86768367829755
159.23074256385294,45.41381506600081
159.23861358424662,647.1775270559964
159.24648460464027,165.94917596378912
159.25435562503395,1038.624080623386
159.2622266454276,47.02819550604479
159.27009766582128,509.16915861134953
159.27796868621493,297.8237777218957
159.2858397066086,261.9888415456668
159.29371072700226,186.56034487725438
159.30158174739594,48.845966572557124
159.3094527677896,657.2721325897874
159.31732378818327,461.3397291447536
159.32519480857692,67.96945170729308
159.3330658289706,402.3955087796641
159.34093684936425,312.9448891877882
159.34880786975793,65.47712074105135
159.3566788901516,44.523312237130675
159.36454991054526,236.0924418838071
159.37242093093894,249.11395254636028
159.3802919513326,98.09566664587723
159.38816297172627,1139.691321058477
159.39603399211992,281.14972816853657
159.4039050125136,237.2793305084379
159.41177603290726,80.51265338855546
159.41964705330093,18.002642426101907
159.42751807369459,249.26094085772752
159.43538909408826,212.63144528420997
159.44326011448192,306.2912679264649
159.4511311348756,139.61917864361342
159.45900215526925,428.27330205259244
159.46687317566293,268.3534325020203
159.47474419605658,726.1270337583004
159.48261521645026,209.26738339523715
159.4904862368439,404.73003367925133
159.4983572572376,75.0922615213455
159.50622827763124,149.70502996281152
159.51409929802492,16.65809373699447
159.52197031841857,203.85170032296182
159.52984133881225,481.7632449205108
159.5377123592059,185.4682572626831
159.54558337959958,278.2139988409336
159.55345439999323,257.04639831460344
159.5613254203869,643.7034423397531
159.56919644078056,580.8516555119637
159.57706746117424,134.04255813859984
159.5849384815679,287.7370636264383
159.59280950196157,258.77713518258594
159.60068052235522,7.737273413642354
159.6085515427489,163.71728193963824
159.61642256314255,114.80735020284563
159.62429358353623,290.70897346127134
159.63216460392988,20.122488398979012
159.64003562432356,175.54283556380867
159.6479066447172,50.11252716581143
159.6557776651109,1.7392491864259598
159.66364868550454,53.245721552772174
159.67151970589822,316.620931619381
159.67939072629187,179.31783122760862
159.68726174668555,495.8187862628982
159.69513276707923,96.00562201669922
159.70300378747288,88.65607238084903
159.71087480786656,27.356342687862515
159.7187458282602,23.743934299175486
159.7266168486539,43.18214822847706
159.73448786904754,223.1943950791338
159.74235888944122,112.18233217827462
159.75022990983487,11.954872894428222
159.75810093022855,145.88710952997423
159.7659719506222,328.90110358453956
159.77384297101588,378.52701084880727
159.78171399140953,12.81531779051605
159.7895850118032,23.419910733501922
159.79745603219686,91.36309580230237
159.80532705259054,65.22138631395013
159.8131980729842,117.49378330241123
159.82106909337787,39.91634982729358
159.82894011377152,1.1275920011696114
159.8368111341652,245.00242180005236
159.84468215455885,16.02328875211091
159.85255317495253,78.52551285080561
159.86042419534618,123.66470226814693
159.86829521573986,0.5490429979241399
159.8761662361335,0.36095450837174314
159.8840372565272,71.67560656405794
159.89190827692084,7.829079746530102
159.89977929731452,100.05023143127097
159.90765031770817,84.31097830673666
159.91552133810185,30.45420609899794
159.9233923584955,7.847248747561668
159.93126337888918,17.31554146055439
159.93913439928284,89.73839904718565
159.94700541967651,17.22240651989273
159.95487644007017,2.874330764297312
159.96274746046385,14.979850813507573
159.9706184808575,53.861583991449955
159.97848950125118,11.088413568974548
159.98636052164483,7.73575497162264
159.9942315420385,39.73730361664265
160.00210256243216,134.40944561995335
160.00997358282584,9.920496523691169
160.0178446032195,25.38988481507732
160.02571562361317,41.598837242374486
160.03358664400685,143.3011344896504
160.0414576644005,28.89056268080019
160.04932868479418,5.629110436890165
160.05719970518783,109.46633481236736
160.0650707255815,194.9839891235321
160.07294174597516,114.58917310772755
160.08081276636884,33.40680347850972
160.0886837867625,54.04591928292886
160.09655480715617,85.80902634747211
160.10442582754982,7.765616298541709
160.1122968479435,5.923915440237138
160.12016786833715,32.21876839269379
160.12803888873083,101.58226260576318
160.13590990912448,9.592457781359613
160.14378092951816,101.62944009193674
160.1516519499118,25.215555129530678
160.1595229703055,19.36273277474681
160.16739399069914,220.87270157814942
160.17526501109282,160.99828861737842
160.18313603148647,76.7923181687615
160.19100705188015,75.03544917655961
160.1988780722738,7.9906555612851395
160.20674909266748,27.584123992260256
160.21462011306113,114.42418435193835
160.2224911334548,8.587375762916702
160.23036215384846,21.741461778844755
160.23823317424214,49.8408994145797
160.2461041946358,21.6996342271597
160.25397521502947,137.57170588412518
160.26184623542312,0.6119005033205931
160.2697172558168,310.6122175220914
160.27758827621045,20.28540519744295
160.28545929660413,19.058177350922172
160.29333031699778,22.50726689168901
160.30120133739146,76.63576028088697
160.3090723577851,1.5606039842608201
160.3169433781788,97.32328693807492
160.32481439857244,10.426385342117651
160.33268541896612,235.87394165903137
160.34055643935977,130.48555663897307
160.34842745975345,60.61285433823834
160.3562984801471,129.08039923344737
160.36416950054078,7.801188601967406
160.37204052093446,52.13875424201343
160.3799115413281,172.0889644742507
160.3877825617218,140.093465840623
160.39565358211544,299.93032912869097
160.40352460250912,36.903166769322596
160.41139562290277,62.78878076104594
160.41926664329645,275.4953012010298
160.4271376636901,48.851813702322644
160.43500868408378,107.43475150567818
160.44287970447743,252.90736797726083
160.4507507248711,141.58468858378797
160.45862174526476,636.6493905993374
160.46649276565844,397.8074336211956
160.4743637860521,201.2423906719639
160.48223480644577,1337.7709627984
160.49010582683943,298.7946377677681
160.4979768472331,49.85715182284944
160.50584786762676,32.41901237891953
160.51371888802043,383.15426063557857
160.5215899084141,80.10192504528216
160.52946092880777,231.46110919761378
160.53733194920142,279.33652288581413
160.5452029695951,509.15949929294493
160.55307398998875,437.9330796205871
160.56094501038243,147.5203625580851
160.56881603077608,6.329326486952806
160.57668705116976,402.1076136847837
160.5845580715634,1200.8081805089325
160.5924290919571,466.75996383157405
160.60030011235074,164.3283385135819
160.60817113274442,92.83099498851922
160.61604215313807,119.83493382273487
160.62391317353175,98.54201845444628
160.6317841939254,349.55257589998536
160.63965521431908,153.54873807256567
160.64752623471273,457.2329843708053
160.6553972551064,1132.9305194833541
160.66326827550006,1053.1111991107305
160.67113929589374,950.4774482320217
160.6790103162874,122.10784022714671
160.68688133668107,692.208590175663
160.69475235707472,380.22587039315886
160.7026233774684,76.38206641387826
160.71049439786208,1232.0114589240534
160.71836541825573,168.06190951222848
160.7262364386494,130.74964088733904
160.73410745904306,484.51326121408647
160.74197847943674,607.4421308776548
160.7498494998304,21.480182013332318
160.75772052022407,23.132795397487747
160.76559154061772,41.74927316705374
160.7734625610114,94.18001190291692
160.78133358140505,128.35400839057596
160.78920460179873,106.91093874613262
160.79707562219238,37.15003600563709
160.80494664258606,371.421148847857
160.8128176629797,196.23018157121604
160.8206886833734,36.800626225831365
160.82855970376704,4.062501797685655
160.83643072416072,146.5865757350707
160.84430174455437,59.78807210457782
160.85217276494805,43.742514655522555
160.8600437853417,109.70817143160706
160.86791480573538,68.2271052870409
160.87578582612903,56.11637112489271
160.8836568465227,73.5589258702415
160.89152786691636,43.4367014145057
160.89939888731004,161.09179044964617
160.9072699077037,51.83148210688852
160.91514092809737,132.40480365028154
160.92301194849102,20.275117361829007
160.9308829688847,1.255061113245805
160.93875398927835,93.18303361932013
160.94662500967203,221.6076322288518
160.95449603006568,44.846919829859786
160.96236705045936,53.855948061502225
160.97023807085301,23.098012137257776
160.9781090912467,25.879351137515705
160.98598011164034,111.9913960113198
160.99385113203402,159.6500535692087
161.00172215242767,24.066772715362116
161.00959317282135,88.89833725758551
161.017464193215,3.770082896848176
161.02533521360868,6.548922032039264
161.03320623400234,36.82572640207739
161.04107725439601,23.24879238337494
161.0489482747897,42.56752501425866
161.05681929518335,19.409263767112574
161.06469031557702,34.44618314377127
161.07256133597068,55.059662945873015
161.08043235636435,10.490629258579803
161.088303376758,69.55992216119581
161.09617439715169,11.560754696206947
161.10404541754534,38.78350949880815
161.11191643793902,71.74860812606688
161.11978745833267,44.27925163158463
161.12765847872635,50.2831977282525
161.13552949912,129.17260154300783
161.14340051951368,4.954405465949792
161.15127153990733,17.34120739082202
161.159142560301,27.492439978619046
161.16701358069466,7.332965057314777
161.17488460108834,64.70588541644916
161.182755621482,32.23716949117981
161.19062664187567,142.00184881049728
161.19849766226932,63.500230600905255
161.206368682663,30.503641385873575
161.21423970305665,54.330971153954884
161.22211072345033,19.535656803017265
161.22998174384398,10.937787810534159
161.23785276423766,46.823716764840626
161.2457237846313,35.607541364712226
161.253594805025,15.841061778796247
161.26146582541864,190.0078122367967
161.26933684581232,294.0390311687235
161.27720786620597,54.595597465129195
161.28507888659965,160.95483427392608
161.2929499069933,5.875779428208815
161.30082092738698,42.93415920508388
161.30869194778063,12.38099925622747
161.3165629681743,3.939006792961625
161.32443398856796,50.53673876302371
161.33230500896164,62.667638536684215
161.3401760293553,3.927998775912383
161.34804704974897,167.146221304914
161.35591807014262,134.86256132824636
161.3637890905363,118.0595229564444
161.37166011092995,0.9540849556777511
161.37953113132363,44.80971533398673
161.3874021517173,21.24683285687219
161.39527317211096,124.69238800751693
161.40314419250464,8.516752458977843
161.4110152128983,13.82192498020553
161.41888623329197,30.017061942855918
161.42675725368562,19.28869444959565
161.4346282740793,10.415382979878402
161.44249929447295,5.40005976933674
161.45037031486663,84.74569896232457
161.45824133526028,62.84136616125803
161.46611235565396,14.479325887554086
161.4739833760476,21.412890880969677
161.4818543964413,40.965736167263124
161.48972541683494,42.46688219648877
161.49759643722862,179.92535896357612
161.50546745762227,62.81066053687459
161.51333847801595,34.92412945079402
161.5212094984096,18.83987708649813
161.52908051880328,124.187194439657
161.53695153919693,20.667436014653386
161.5448225595906,64.16725075971286
161.55269357998426,8.950412844942763
161.56056460037794,16.988032532414664
161.5684356207716,20.114190635803872
161.57630664116527,113.08035440364422
161.58417766155893,53.15347156074979
161.5920486819526,132.1618223903006
161.59991970234626,5.680765087951419
161.60779072273994,29.472599485872102
161.6156617431336,64.14445791179665
161.62353276352727,32.29195359167762
161.63140378392092,9.719251210484666
161.6392748043146,33.67178565312185
161.64714582470825,1.6232232342826938
161.65501684510193,19.788823704419745
161.66288786549558,19.370112583227417
161.67075888588926,14.582363030032173
161.6786299062829,59.83025812439349
161.6865009266766,4.851798914336654
161.69437194707024,19.48385443302753
161.70224296746392,35.886284991887194
161.71011398785757,41.01779875992113
161.71798500825125,2.2890106379895605
161.72585602864493,25.819509744143712
161.73372704903858,22.62981817360256
161.74159806943226,45.96440485627869
161.7494690898259,6.404482144399754
161.7573401102196,2.488203427745395
161.76521113061324,39.785389433767946
161.77308215100692,138.80625364334952
161.78095317140057,76.97003187239086
161.78882419179425,45.09747815274782
161.7966952121879,13.227306160115889
161.80456623258158,26.362631888728675
161.81243725297523,10.442223540612096
161.8203082733689,2.4859373351943574
161.82817929376256,45.19490710869863
161.83605031415624,12.427042613912255
161.8439213345499,105.92637634177737
161.85179235494357,29.259894054673317
161.85966337533722,14.029325375433809
161.8675343957309,5.52523131186584
161.87540541612455,10.128640422601785
161.88327643651823,109.4559480997707
161.89114745691188,2.588275397177684
161.89901847730556,45.02410820069028
161.9068894976992,49.13345861576688
161.9147605180929,4.983158778891803
161.92263153848654,48.04239487195595
161.93050255888022,59.68140954951197
161.93837357927387,73.57798268161476
161.94624459966755,39.13627721785278
161.9541156200612,18.175742393136034
161.96198664045488,101.21815162670964
161.96985766084853,27.595807922865248
161.9777286812422,7.636169959934475
161.98559970163586,20.168982608297025
161.99347072202954,8.521180909822183
162.0013417424232,9.707836459192283
162.00921276281687,20.923546488402298
162.01708378321052,25.113443214642988
162.0249548036042,14.837728322483914
162.03282582399785,2.4454296500155808
162.04069684439153,106.57840499364083
162.04856786478518,99.66378404504907
162.05643888517886,96.51529983912734
162.06430990557254,65.17300246992858
162.0721809259662,5.016427686856981
162.08005194635987,123.09318933577836
162.08792296675352,18.703151670907964
162.0957939871472,12.409084394847188
162.10366500754085,64.67548256575631
162.11153602793453,18.73315169803851
162.11940704832818,40.111833295803066
162.12727806872186,12.125505382376364
162.13514908911552,229.4411708256995
162.1430201095092,83.78978957715137
162.15089112990285,65.26411806072099
162.15876215029652,8.848484841427801
162.16663317069018,64.01845895880832
162.17450419108386,97.96987865894383
162.1823752114775,21.207052804548503
162.19024623187119,49.96606929012404
162.19811725226484,68.61322985925008
162.20598827265852,60.887395166017306
162.21385929305217,25.091567241683805
162.22173031344585,18.52612355876883
162.2296013338395,280.5725799302169
162.23747235423318,115.56418874512406
162.24534337462683,25.11189199576425
162.2532143950205,15.11168217140348
162.26108541541416,49.515288378963405
162.26895643580784,86.12089968365747
162.2768274562015,29.488928415418613
162.28469847659517,26.667368963778472
162.29256949698882,44.87509008020752
162.3004405173825,29.1604780177738
162.30831153777615,22.553501532769175
162.31618255816983,3.016085126366455
162.32405357856348,19.111274416125152
162.33192459895716,32.414098752633684
162.3397956193508,111.62942084981283
162.3476666397445,4.355796130607679
162.35553766013814,8.781510179699609
162.36340868053182,11.84001977458353
162.37127970092547,7.9534871826747136
162.37915072131915,10.91573590077509
162.3870217417128,61.7206154390763
162.39489276210648,6.356737776795809
162.40276378250016,15.581896666074357
162.4106348028938,59.77263251290402
162.4185058232875,192.82601473816135
162.42637684368114,0.3536809101567264
162.43424786407482,63.71720647416058
162.44211888446847,80.83767080632545
162.44998990486215,97.02490416219932
162.4578609252558,9.578128283485976
162.46573194564948,199.06614995595723
162.47360296604313,22.755739656792645
162.4814739864368,158.42259201813198
162.48934500683046,8.673774536158792
162.49721602722414,35.61925725926564
162.5050870476178,94.12318252977322
162.51295806801147,5.944500161576535
162.52082908840512,76.77989056872221
162.5287001087988,407.6474855532374
162.53657112919245,187.33848148307362
162.54444214958613,225.4782803940084
162.55231316997978,247.66939784084425
162.56018419037346,19.665856765396953
162.5680552107671,14.499379295977025
162.5759262311608,73.41876223503478
162.58379725155444,41.28052535531345
162.59166827194812,33.628993773558456
162.59953929234177,71.08433175939976
162.60741031273545,3.3560687552614974
162.6152813331291,48.444131076059755
162.62315235352278,17.060195590055947
162.63102337391643,0.6421324800779096
162.6388943943101,16.980202712928826
162.64676541470376,11.093439122480575
162.65463643509744,40.64206136330886
162.6625074554911,0.8812189363531724
162.67037847588477,11.51388074464235
162.67824949627843,66.97191053322075
162.6861205166721,39.9628403164691
162.69399153706576,76.83603585535175
162.70186255745944,13.507689741807141
162.7097335778531,5.6466392314697815
162.71760459824677,192.82986176355573
162.72547561864042,55.670912754317925
162.7333466390341,63.88971839442882
162.74121765942778,70.13378349412667
162.74908867982143,63.314502995269315
162.7569597002151,108.71800041782225
162.76483072060876,30.64027866213062
162.77270174100244,11.457529348823787
162.7805727613961,141.94034634931077
162.78844378178977,97.9478100903263
162.79631480218342,85.21280319257049
162.8041858225771,27.14888942167586
162.81205684297075,22.695538856206774
162.81992786336443,157.79947103192748
162.82779888375808,54.91548663333677
162.83566990415176,31.09610505450182
162.8435409245454,45.132609360637694
162.8514119449391,49.437098600206035
162.85928296533274,192.1193888405224
162.86715398572642,177.97022107020163
162.87502500612007,24.12956065377107
162.88289602651375,0.3197505773117922
162.8907670469074,30.9172091389401
162.89863806730108,0.02446592148179532
162.90650908769473,19.07918145241169
162.9143801080884,78.52416450018487
162.92225112848206,97.66890330950889
162.93012214887574,72.60084288252511
162.9379931692694,32.06811552620662
162.94586418966307,16.712335430160717
162.95373521005672,109.05775142468426
162.9616062304504,80.55555095897935
162.96947725084405,179.87407105634557
162.97734827123773,19.703008937786823
162.98521929163138,52.9221216972426
162.99309031202506,42.29629979758321
163.0009613324187,49.10793476191835
163.0088323528124,70.44905072384746
163.01670337320604,32.13954582722698
163.02457439359972,74.9719307919302
163.03244541399337,197.71317929646082
163.04031643438705,113.80734510182944
163.0481874547807,246.61270717946581
163.05605847517438,32.646179134100834
163.06392949556806,141.98776643557667
163.0718005159617,139.30584897881317
163.0796715363554,133.60799112277093
163.08754255674904,60.2051550158051
163.09541357714272,38.17261016041121
163.10328459753637,298.80925109762967
163.11115561793005,65.63532032078682
163.1190266383237,299.53872303234897
163.12689765871738,5.6985009665367965
163.13476867911103,182.83995157258673
163.1426396995047,59.961983564866905
163.15051071989836,7.978932272536301
163.15838174029204,10.332171985320752
163.1662527606857,56.1725390497796
163.17412378107937,162.05695503425477
163.18199480147302,19.637068969809693
163.1898658218667,40.223896498569445
163.19773684226035,31.694880370329408
163.20560786265403,18.49547634484224
163.21347888304769,86.72832918413322
163.22134990344136,56.242976969807124
163.22922092383502,4.829384967539246
163.2370919442287,41.16369598794974
163.24496296462235,95.57784551028493
163.25283398501603,27.47027516717699
163.26070500540968,59.895727971896825
163.26857602580336,50.069935652370646
163.276447046197,82.29294247380226
163.28431806659069,7.672925934575609
163.29218908698434,12.103382527274272
163.30006010737802,7.6422170438845285
163.30793112777167,1.8536031813414584
163.31580214816535,25.794369210133027
163.323673168559,83.13481891097366
163.33154418895268,113.47619614494083
163.33941520934633,13.814511327165157
163.34728622974,8.299318691183002
163.35515725013366,49.22096566412544
163.36302827052734,135.97011126056833
163.370899290921,208.8297838940817
163.37877031131467,55.706947255762806
163.38664133170832,178.20045068449008
163.394512352102,20.861521420904015
163.40238337249568,152.98043729343527
163.41025439288933,36.65586813815457
163.418125413283,37.62489930844433
163.42599643367666,183.58624645828897
163.43386745407034,32.04192698498211
163.441738474464,42.132592577970165
163.44960949485767,52.62783374954325
163.45748051525132,10.5083762401177
163.465351535645,26.965117708090798
163.47322255603865,3.998601234712957
163.48109357643233,19.552375675598697
163.48896459682598,112.6613592913997
163.49683561721966,14.156365557766824
163.5047066376133,6.146927190863376
163.512577658007,1.173898511803955
163.52044867840064,3.1558393850488087
163.52831969879432,17.550696266682344
163.53619071918797,26.568407954656717
163.54406173958165,102.25579331724522
163.5519327599753,19.249481869774197
163.55980378036898,38.83445441390519
163.56767480076263,12.463734012124974
163.5755458211563,95.17432639376482
163.58341684154996,5.29137153156496
163.59128786194364,14.902037475442143
163.5991588823373,23.95857413967482
163.60702990273097,223.91125444891492
163.61490092312462,170.37141925528846
163.6227719435183,106.33907744956657
163.63064296391195,17.754460980802907
163.63851398430563,695.1706082848546
163.64638500469928,64.53994725447563
163.65425602509296,60.22863700570672
163.6621270454866,3.530278899409448
163.6699980658803,20.50837893078232
163.67786908627394,164.56246039208295
163.68574010666762,119.77528079667924
163.69361112706127,17.445808619164332
163.70148214745495,63.254244571546344
163.7093531678486,152.69750576703484
163.71722418824228,92.4581153556045
163.72509520863593,82.70619798455843
163.7329662290296,48.949390985261296
163.7408372494233,48.949805266050696
163.74870826981694,153.78798769023805
163.75657929021062,60.12664017749374
163.76445031060427,82.82115303062345
163.77232133099795,19.040282786155306
163.7801923513916,118.85760922897036
163.78806337178528,42.46675837095994
163.79593439217894,154.90503315599642
163.80380541257261,230.1441205056282
163.81167643296627,415.26924480689917
163.81954745335995,12.512845519889423
163.8274184737536,55.75153120113218
163.83528949414728,81.3874600171436
163.84316051454093,212.8638647884949
163.8510315349346,46.54105447397097
163.85890255532826,7.545209100391266
163.86677357572194,93.67127995758038
163.8746445961156,286.0410096723936
163.88251561650927,283.5397189844306
163.89038663690292,89.2788579255455
163.8982576572966,136.07114028873457
163.90612867769025,198.8987042058746
163.91399969808393,52.42851404064814
163.92187071847758,108.2137222903021
163.92974173887126,28.737943886783267
163.9376127592649,110.6661251820461
163.9454837796586,13.36330112090293
163.95335480005224,121.12213945036038
163.96122582044592,215.52667867617245
163.96909684083957,8.380360048875607
163.97696786123325,17.933112502112543
163.9848388816269,171.2378677896535
163.99270990202058,82.01606251538739
164.00058092241423,36.20991709716623
164.0084519428079,83.00284783377006
164.01632296320156,7.570056806305516
164.02419398359524,144.259298702818
164.0320650039889,288.40539660543294
164.03993602438257,80.71103017541081
164.04780704477622,200.76767125575677
164.0556780651699,292.017624063045
164.06354908556355,404.42690695071184
164.07142010595723,54.832886869487986
164.0792911263509,73.12839190295479
164.08716214674456,268.69244071561144
164.09503316713824,221.71907050247972
164.1029041875319,273.4097929367045
164.11077520792557,72.33699366035945
164.11864622831922,190.52401409240315
164.1265172487129,131.80060127275476
164.13438826910655,3.9180353218431585
164.14225928950023,22.350322516221524
164.15013030989388,92.6225306539188
164.15800133028756,138.4394305734095
164.1658723506812,108.99243473297378
164.1737433710749,230.94010999802373
164.18161439146854,1.7510693000064226
164.18948541186222,28.08341242039333
164.19735643225587,42.79930602131255
164.20522745264955,125.01419629477496
164.2130984730432,11.091533077124295
164.22096949343688,19.995784392992686
164.22884051383053,299.67571519078547
164.2367115342242,75.09684786671009
164.24458255461786,27.700395768198913
164.25245357501154,173.08441229168548
164.2603245954052,159.957172435035
164.26819561579887,2.3197872125710877
164.27606663619252,27.89875682288869
164.2839376565862,128.18953846420743
164.29180867697985,170.9852450413576
164.29967969737353,113.22622133894185
164.30755071776719,41.33211538444271
164.31542173816086,87.04122939085954
164.32329275855452,140.64520382160805
164.3311637789482,9.759399377816829
164.33903479934185,276.88837377267447
164.34690581973553,2.4274175118791645
164.35477684012918,23.72548826838528
164.36264786052286,177.35007785720975
164.3705188809165,49.59835236636306
164.3783899013102,49.40532688592431
164.38626092170384,296.8675592346076
164.39413194209752,20.911759160575826
164.40200296249117,18.680366667537385
164.40987398288485,8.22471781398199
164.41774500327853,73.03110949543132
164.42561602367218,213.70075864781998
164.43348704406586,422.1290342370095
164.4413580644595,21.857700220210123
164.4492290848532,113.78120032392854
164.45710010524684,202.17388835199714
164.46497112564052,204.21530802905195
164.47284214603417,423.33409971532495
164.48071316642785,3.74465623028405
164.4885841868215,27.29228312608843
164.49645520721518,93.712064736435
164.50432622760883,25.320005071438967
164.5121972480025,7.109428514470074
164.52006826839616,133.07141512943443
164.52793928878984,18.521517058141974
164.5358103091835,12.77863126219579
164.54368132957717,79.23081062408544
164.55155234997082,239.29930747468538
164.5594233703645,16.571627997123134
164.56729439075815,3.1273683193960626
164.57516541115183,47.876219040902754
164.58303643154548,28.39649712766627
164.59090745193916,32.296302934875555
164.5987784723328,120.97718927197326
164.6066494927265,56.660231828420784
164.61452051312014,92.59525010042158
164.62239153351382,40.08244260724106
164.63026255390747,255.36657694731943
164.63813357430115,115.66821715980885
164.6460045946948,55.72445330741154
164.65387561508848,5.9450021329895675
164.66174663548213,148.25309533384737
164.6696176558758,16.788283605714838
164.67748867626946,122.31528626779473
164.68535969666314,94.04128043169692
164.6932307170568,96.25450426311305
164.70110173745047,158.96877476968498
164.70897275784412,30.459292098173737
164.7168437782378,44.93428593395323
164.72471479863145,80.50602280118832
164.73258581902513,290.87440663859246
164.74045683941878,159.95834319745197
164.74832785981246,31.109672276623137
164.75619888020614,15.209913604015403
164.7640699005998,55.39111305377297
164.77194092099347,171.6662751931364
164.77981194138712,76.75800695628978
164.7876829617808,50.43355402838376
164.79555398217445,75.94733230193091
164.80342500256813,86.92378300824316
164.81129602296178,111.57167101577357
164.81916704335546,2.2927262373686075
164.82703806374911,74.91193135278927
164.8349090841428,51.811393206747915
164.84278010453644,31.961694776832672
164.85065112493012,173.57565876134785
164.85852214532378,191.01615469357176
164.86639316571745,60.35831033206962
164.8742641861111,3.260666005909784
164.88213520650478,23.207247211760347
164.89000622689844,0.6780815820926357
164.89787724729212,23.26872356926155
164.90574826768577,9.107679960372545
164.91361928807945,378.4757665979084
164.9214903084731,88.5329002146681
164.92936132886678,95.81249529832986
164.93723234926043,49.40274173709701
164.9451033696541,68.33778910238274
164.95297439004776,85.70138501928676
164.96084541044144,114.94044991050475
164.9687164308351,338.5500108019506
164.97658745122877,49.95078082059853
164.98445847162242,432.27948054075614
164.9923294920161,21.42004816496443
165.00020051240975,48.73158819959236
165.00807153280343,27.618491160495616
165.01594255319708,96.61705657268233
165.02381357359076,24.16651319329855
165.0316845939844,17.381200587417805
165.0395556143781,3.771814550904807
165.04742663477174,431.0038691013348
165.05529765516542,115.06224172075419
165.06316867555907,28.31118017737828
165.07103969595275,38.772143131456886
165.0789107163464,64.43802921078756
165.08678173674008,0.7469020254060438
165.09465275713376,37.02962041385928
165.1025237775274,2.6350839923788447
165.1103947979211,76.8994698369636
165.11826581831474,44.285278954194695
165.12613683870842,161.29673323960648
165.13400785910207,180.08699014781052
165.14187887949575,78.68124428860115
165.1497498998894,12.832876752398361
165.15762092028308,200.06520446571955
165.16549194067673,200.18056716318569
165.1733629610704,87.73342147232968
165.18123398146406,147.357225104261
165.18910500185774,155.04244994753793
165.1969760222514,52.45877778078551
165.20484704264507,283.86007933660915
165.21271806303872,241.57145182336254
165.2205890834324,66.6826101131915
165.22846010382605,286.7444525773591
165.23633112421973,57.08825697116447
165.24420214461338,68.53896957494136
165.25207316500706,47.72944309561167
165.2599441854007,325.98843904249526
165.2678152057944,226.78727606454572
165.27568622618804,55.60150899665644
165.28355724658172,35.78133379711397
165.29142826697537,38.30587856984898
165.29929928736905,43.03579755823697
165.3071703077627,124.6807685503971
165.31504132815638,259.0117083683691
165.32291234855003,106.06473388920688
165.3307833689437,69.32940498132564
165.33865438933736,32.6851869943112
165.34652540973104,147.50744643423292
165.3543964301247,225.7779343767527
165.36226745051837,38.0102707535341
165.37013847091202,470.75506676095813
165.3780094913057,51.68112415859649
165.38588051169936,125.29310385503521
165.39375153209303,960.4625679883867
165.40162255248669,111.47561188012045
165.40949357288036,199.02608714603315
165.41736459327402,115.81045435474856
165.4252356136677,317.74423038772176
165.43310663406137,378.7884953367546
165.44097765445503,297.96357542368736
165.4488486748487,109.02526827616929
165.45671969524236,9.574298470959668
165.46459071563604,353.1128105541899
165.4724617360297,640.7806100965092
165.48033275642337,66.85265971085065
165.48820377681702,315.7503877459113
165.4960747972107,191.35940113851024
165.50394581760435,128.40374969524004
165.51181683799803,177.88612059239793
165.51968785839168,79.57313222289402
165.52755887878536,201.61542142285393
165.535429899179,490.00625649349445
165.5433009195727,337.84346379642614
165.55117193996634,92.7297693454915
165.55904296036002,223.73294242797868
165.56691398075367,362.709697938901
165.57478500114735,181.8908993773952
165.582656021541,141.0074560932217
165.59052704193468,181.06916130706207
165.59839806232833,175.00771280882537
165.606269082722,274.0561791545985
165.61414010311566,214.21568677444637
165.62201112350934,66.07066782076103
165.629882143903,11.460837906161938
165.63775316429667,66.56563670917387
165.64562418469032,0.022791136053510578
165.653495205084,4.8333391690844305
165.66136622547765,9.732513972058154
165.66923724587133,100.97417623744133
165.67710826626498,22.43915354562142
165.68497928665866,99.53311909947178
165.6928503070523,26.989036411418184
165.700721327446,53.28525242047218
165.70859234783964,92.91082478132293
165.71646336823332,69.93196631178827
165.72433438862697,175.17010061302398
165.73220540902065,64.82846072008878
165.7400764294143,46.50826990490851
165.74794744980798,33.650990146291655
165.75581847020163,28.956037741895226
165.7636894905953,3.1391824053261654
165.771560510989,62.89224639506079
165.77943153138264,92.66664789969563
165.78730255177632,87.66777071333962
165.79517357216997,108.37347544188661
165.80304459256365,281.7148731459927
165.8109156129573,23.382379014518154
165.81878663335098,36.8523904249172
165.82665765374463,3.3887441082487166
165.8345286741383,9.357640482255835
165.84239969453196,11.405363564564945
165.85027071492564,23.238987983714082
165.8581417353193,69.85846301795526
165.86601275571297,186.7990256053341
165.87388377610662,1.545336817040986
165.8817547965003,5.159730994867816
165.88962581689395,57.536978121563074
165.89749683728763,63.25540288930884
165.90536785768128,51.14998609488245
165.91323887807496,26.580898973695
165.92110989846861,3.432992471374253
165.9289809188623,23.950970708973966
165.93685193925594,10.285939161356138
165.94472295964962,6.578320982684215
165.95259398004328,28.121477747301867
165.96046500043695,21.198759319682228
165.9683360208306,36.27219166929772
165.97620704122428,9.902723170723831
165.98407806161794,23.56441883365846
165.99194908201162,181.35697595366761
165.99982010240527,39.81485366163086
166.00769112279895,36.74340393305994
166.0155621431926,21.889375999795778
166.02343316358628,54.38408884571507
166.03130418397993,40.307864083671696
166.0391752043736,173.03448482628988
166.04704622476726,5.372567824624767
166.05491724516094,22.876350156335953
166.0627882655546,35.91038589774927
166.07065928594827,13.824143735582654
166.07853030634192,49.74375741822932
166.0864013267356,267.4405093736333
166.09427234712925,53.6354852870722
166.10214336752293,64.52022519015912
166.1100143879166,49.15643093968214
166.11788540831026,21.34519309278093
166.12575642870394,42.06825678214304
166.1336274490976,68.28062105480596
166.14149846949127,18.281360204229085
166.14936948988492,12.704255848197786
166.1572405102786,65.19745493567044
166.16511153067225,66.1340656169268
166.17298255106593,76.15233269866157
166.18085357145958,21.020127822655226
166.18872459185326,21.58354000198777
166.1965956122469,3.7007342179988383
166.2044666326406,62.33603820249018
166.21233765303424,14.292051592651022
166.22020867342792,5.812757669699538
166.22807969382157,8.849768130879655
166.23595071421525,59.07567064170122
166.2438217346089,7.102703541424811
166.25169275500258,165.9398872060209
166.25956377539623,245.54164870714092
166.2674347957899,98.34093357806904
166.27530581618356,15.743763918054647
166.28317683657724,0.9485888810334543
166.2910478569709,128.29873825565915
166.29891887736457,0.763289771335048
166.30678989775822,34.989275193410364
166.3146609181519,74.85040164558166
166.32253193854555,269.54049781212825
166.33040295893923,10.854381358105442
166.33827397933288,65.00066632756479
166.34614499972656,16.24286070853345
166.3540160201202,76.58664782781428
166.3618870405139,11.576305012501544
166.36975806090754,50.20636246712888
166.37762908130122,13.314472112801411
166.38550010169487,30.147640632751468
166.39337112208855,1.474516400748572
166.4012421424822,2.2821919915122555
166.40911316287588,4.550369670403096
166.41698418326953,95.68113729986446
166.4248552036632,2.3149930785439987
166.43272622405686,11.624104785623214
166.44059724445054,35.00565326080728
166.44846826484422,24.247034691485513
166.45633928523787,6.421187167537968
166.46421030563155,2.776185530497929
166.4720813260252,49.145199690278005
166.47995234641888,57.57091285594665
166.48782336681253,168.6218574791958
166.4956943872062,150.12641440690254
166.50356540759987,115.9330445842374
166.51143642799354,14.393896065063869
166.5193074483872,18.69773871658672
166.52717846878087,70.1553923105731
166.53504948917453,23.135696437910987
166.5429205095682,52.075670717770656
166.55079152996186,62.71096235806784
166.55866255035554,0.00983183815509853
166.5665335707492,33.02558035600905
166.57440459114287,19.610583614143156
166.58227561153652,12.996035788608722
166.5901466319302,3.1883161416738552
166.59801765232385,17.25777287089555
166.60588867271753,160.59596592027916
166.61375969311118,66.30744673218952
166.62163071350486,65.3864815590628
166.6295017338985,105.84668275143387
166.6373727542922,31.465599644781033
166.64524377468584,13.51792018109077
166.65311479507952,22.11995578771353
166.66098581547317,60.999515916966295
166.66885683586685,83.75612592202395
166.6767278562605,102.84161718212884
166.68459887665418,11.363962713931821
166.69246989704783,52.19081199089167
166.7003409174415,54.91577776839829
166.70821193783516,95.050772609372
166.71608295822884,10.168769361081837
166.7239539786225,12.853461781602588
166.73182499901617,54.158922569383094
166.73969601940982,26.145057206098695
166.7475670398035,48.49881586572667
166.75543806019715,167.72018898408842
166.76330908059083,9.183969485104978
166.77118010098448,122.94751081465654
166.77905112137816,179.41496158565704
166.78692214177184,42.76090765623876
166.7947931621655,78.10356876458808
166.80266418255917,21.409936162968165
166.81053520295282,2.6539989003645035
166.8184062233465,1.3637195637976698
166.82627724374015,64.7844580001231
166.83414826413383,68.65209598942486
166.84201928452748,55.54427340809919
166.84989030492116,51.064249924807115
166.8577613253148,109.54794343236502
166.8656323457085,16.855134748066444
166.87350336610214,11.055918783251082
166.88137438649582,146.19868105690878
166.88924540688947,9.954226277072708
166.89711642728315,21.934029109213196
166.9049874476768,12.513789081862537
166.91285846807048,26.67244083215626
166.92072948846413,23.420739020181273
166.9286005088578,38.36680486115932
166.93647152925146,16.7006528313668
166.94434254964514,20.976642654464243
166.9522135700388,18.181001797770282
166.96008459043247,83.863771901228
166.96795561082612,34.03166043965749
166.9758266312198,36.04804329120059
166.98369765161345,204.01162852964836
166.99156867200713,134.3191501527889
166.99943969240078,21.93318658164819
167.00731071279446,23.52779423429267
167.01518173318811,6.507185923029272
167.0230527535818,33.71807393369768
167.03092377397545,44.196306675494135
167.03879479436912,44.90499429210116
167.04666581476278,61.12313964056379
167.05453683515645,4.343237405548268
167.0624078555501,24.69904778767844
167.07027887594379,1.2340282218470184
167.07814989633744,122.11393445337886
167.08602091673112,77.02586221289509
167.09389193712477,32.00945799391068
167.10176295751845,47.15102958084168
167.1096339779121,61.04883594422054
167.11750499830578,14.984596406083963
167.12537601869946,64.37173800894148
167.1332470390931,3.9533474109206064
167.1411180594868,0.22466545225615916
167.14898907988044,0.6038090568380808
167.15686010027412,47.88849924939636
167.16473112066777,20.98169470022407
167.17260214106145,13.890932516824405
167.1804731614551,2.0804875672709415
167.18834418184878,13.065215574304354
167.19621520224243,32.175900026967234
167.2040862226361,44.996362646244926
167.21195724302976,3.422081288433159
167.21982826342344,16.721426003546835
167.2276992838171,25.60316485425796
167.23557030421077,39.282594958454446
167.24344132460442,44.47767106581526
167.2513123449981,56.394787274592794
167.25918336539175,4.641683659762943
167.26705438578543,59.689724610517196
167.27492540617908,43.4742645443013
167.28279642657276,24.420884175227155
167.2906674469664,7.868198744410208
167.2985384673601,288.6310880404392
167.30640948775374,3.8835411683317513
167.31428050814742,25.971148874895732
167.32215152854107,1.8640519464327514
167.33002254893475,126.24771490110749
167.3378935693284,5.608779333648335
167.34576458972208,33.027579557474056
167.35363561011573,102.49235341671455
167.3615066305094,61.164372483707936
167.36937765090306,56.19330698671342
167.37724867129674,133.64268362912347
167.3851196916904,159.49419757837927
167.39299071208407,260.4802608372452
167.40086173247772,53.45427109511048
167.4087327528714,164.04674253516214
167.41660377326505,171.04507562125974
167.42447479365873,68.4859137098263
167.43234581405238,39.75643133941363
167.44021683444606,41.79489216804017
167.4480878548397,119.0261444824092
167.4559588752334,11.414706388101463
167.46382989562707,16.14556098817525
167.47170091602072,20.693534756803388
167.4795719364144,0.36212669417668625
167.48744295680805,37.05748285784156
167.49531397720173,22.628165890042762
167.50318499759538,18.0661361324571
167.51105601798906,73.9363776746638
167.5189270383827,24.28097255578677
167.5267980587764,1.372274222043037
167.53466907917004,11.151282673658013
167.54254009956372,1.5325201385728355
167.55041111995737,8.03846858887457
167.55828214035105,1.327131536078284
167.5661531607447,55.52968888208144
167.57402418113838,88.86077942958411
167.58189520153203,15.222412986567363
167.58976622192571,148.95069720766725
167.59763724231937,62.04118912581228
167.60550826271304,50.129544386932125
167.6133792831067,84.37243369675586
167.62125030350037,73.71689421027638
167.62912132389403,39.115525169281696
167.6369923442877,15.024629793181644
167.64486336468136,125.04483888419288
167.65273438507504,0.3573815941595575
167.6606054054687,43.13418177943244
167.66847642586237,19.419434330462842
167.67634744625602,26.726531900229848
167.6842184666497,17.199766820774062
167.69208948704335,12.567659160495124
167.69996050743703,11.783533679237056
167.70783152783068,28.881149171202814
167.71570254822436,13.720801617332238
167.723573568618,98.03583715620154
167.7314445890117,30.43449041787563
167.73931560940534,12.393521677366694
167.74718662979902,38.55854282022565
167.75505765019267,0.23465075998536877
167.76292867058635,127.79422439985274
167.77079969098,47.35059840750092
167.77867071137368,254.13441838806568
167.78654173176733,163.54810326530128
167.794412752161,50.79408305691221
167.8022837725547,422.8152265105505
167.81015479294834,224.75466661192834
167.81802581334202,228.6668124884248
167.82589683373567,8.438689663878037
167.83376785412935,57.80482819276033
167.841638874523,3.415530675102031
167.84950989491668,12.435539584553846
167.85738091531033,36.33566930055481
167.865251935704,3.645223775626055
167.87312295609766,149.6736870883658
167.88099397649134,21.507606364131213
167.888864996885,11.829301431773159
167.89673601727867,57.023402742916446
167.90460703767232,56.60122125079314
167.912478058066,7.048891705764558
167.92034907845965,237.84051839779264
167.92822009885333,35.6374318371694
167.93609111924698,32.81372713274159
167.94396213964066,42.672171385294845
167.9518331600343,108.83529657806655
167.959704180428,128.76844891953837
167.96757520082164,68.00985907122555
167.97544622121532,21.467862583958706
167.98331724160897,45.19359748297723
167.99118826200265,27.632567777247367
167.9990592823963,5.557856481300649
168.00693030278998,29.057704751712944
168.01480132318363,18.52237243942642
168.0226723435773,185.0723186245888
168.03054336397096,31.076518282075604
168.03841438436464,101.15240854342812
168.0462854047583,129.40292752418713
168.05415642515197,83.8515457306049
168.06202744554562,242.51307761281862
168.0698984659393,195.8967156384916
168.07776948633295,43.79548340467643
168.08564050672663,135.76620496238445
168.09351152712028,118.44806937955735
168.10138254751396,210.65476690724051
168.10925356790761,33.264892876042786
168.1171245883013,23.392326789342174
168.12499560869495,63.542412928218134
168.13286662908862,35.333379686747264
168.1407376494823,98.13685938218046
168.14860866987596,195.9804462205023
168.15647969026963,95.16303430881584
168.16435071066329,65.53813314201912
168.17222173105696,15.099117279378454
168.18009275145062,45.87922625216538
168.1879637718443,119.59883231255512
168.19583479223795,123.61060145560091
168.20370581263163,21.190149189317584
168.21157683302528,44.249697787263145
168.21944785341896,0.034767045847884766
168.2273188738126,78.46540996019127
168.2351898942063,37.43813047618182
168.24306091459994,81.01122275859228
168.25093193499362,161.87307124377534
168.25880295538727,56.53104631877112
168.26667397578095,14.639313100740956
168.2745449961746,106.12353163409615
168.28241601656828,9.086188698616171
168.29028703696193,24.541142918370042
168.2981580573556,16.005208213793797
168.30602907774926,114.1002201035834
168.31390009814294,91.89400906764229
168.3217711185366,138.53927973607347
168.32964213893027,157.23071298615503
168.33751315932392,81.18383451541501
168.3453841797176,5.69857102083725
168.35325520011125,40.17461059239503
168.36112622050493,276.15777328170367
168.36899724089858,29.401637896937817
168.37686826129226,175.58102847764107
168.3847392816859,97.54352610136343
168.3926103020796,72.58454450061465
168.40048132247324,29.710448856792098
168.40835234286692,13.997377934736726
168.41622336326057,52.444466084126695
168.42409438365425,32.72560278256495
168.4319654040479,74.37822905947914
168.43983642444158,9.230919785283076
168.44770744483523,21.538248996712376
168.4555784652289,11.190752715430959
168.46344948562256,166.43086863529695
168.47132050601624,7.278860185941118
168.47919152640992,20.027483382911036
168.48706254680357,22.097180404105
168.49493356719725,28.528387056368178
168.5028045875909,1.1791725678637286
168.51067560798458,172.2378405552145
168.51854662837823,22.047923669198095
168.5264176487719,9.257784106090924
168.53428866916556,92.94488237377685
168.54215968955924,32.781588763180906
168.5500307099529,78.06871378305595
168.55790173034657,40.04345706465126
168.56577275074022,4.692839237046161
168.5736437711339,224.3316503445425
168.58151479152755,3.3336097936932663
168.58938581192123,28.433265888521433
168.59725683231488,6.735651576062233
168.60512785270856,69.91992771664974
168.6129988731022,240.1410231185877
168.6208698934959,5.278411169763693
168.62874091388954,1.2030353243429706
168.63661193428322,7.824939858182867
168.64448295467687,1.0456222616626047
168.65235397507055,54.20135643176093
168.6602249954642,55.47524107003816
168.66809601585788,12.407216694252554
168.67596703625154,2.8028650203019363
168.68383805664521,294.4593473035107
168.69170907703887,79.75393801777123
168.69958009743254,20.00042483461857
168.7074511178262,20.789549080406662
168.71532213821988,23.493849076614307
168.72319315861353,48.522203044858365
168.7310641790072,9.590587793383694
168.73893519940086,124.59427501811001
168.74680621979454,19.82361076674078
168.7546772401882,71.82839667194438
168.76254826058187,107.77235958072828
168.77041928097552,15.193357459177657
168.7782903013692,5.327898376821019
168.78616132176285,16.863449134858275
168.79403234215653,77.13394242932429
168.80190336255018,5.477920381449281
168.80977438294386,5.537495132313875
168.81764540333754,56.591097370265494
168.8255164237312,42.24311170414015
168.83338744412487,10.325918881398549
168.84125846451852,73.314761839174
168.8491294849122,58.25691399587388
168.85700050530585,88.63138865749693
168.86487152569953,84.26596538724492
168.87274254609318,1.9885645302570265
168.88061356648686,38.14225786509808
168.8884845868805,1.4668053584039842
168.8963556072742,97.95646645546395
168.90422662766784,22.104960757250808
168.91209764806152,28.615631316305098
168.91996866845517,6.911065379885174
168.92783968884885,16.191422359888755
168.9357107092425,5.315713506014359
168.94358172963618,10.741858958765249
168.95145275002983,10.596382938002087
168.9593237704235,4.132943177256416
168.96719479081716,19.047148517059355
168.97506581121084,106.54596884840358
168.9829368316045,83.2748697953331
168.99080785199817,12.911508890471024
168.99867887239182,29.960047291420693
169.0065498927855,100.39725414392572
169.01442091317915,64.40158762123515
169.02229193357283,14.69443418736649
169.03016295396648,1.0372487186912134
169.03803397436016,87.06379090767095
169.0459049947538,27.45760505109769
169.0537760151475,9.856581336200659
169.06164703554114,16.008136694235837
169.06951805593482,66.85383229167196
169.07738907632847,23.566198266030288
169.08526009672215,3.7494419495601936
169.0931311171158,34.208087545993635
169.10100213750948,16.070611313498805
169.10887315790313,93.89828233294239
169.1167441782968,98.90190791948545
169.12461519869046,22.753500633285626
169.13248621908414,38.46230855137005
169.14035723947782,45.03219759365871
169.14822825987147,29.519690514628294
169.15609928026515,56.75955330069846
169.1639703006588,39.31855368853772
169.17184132105248,14.378920106594371
169.17971234144613,13.916704062668876
169.1875833618398,17.159150787642655
169.19545438223346,29.65613512093969
169.20332540262714,38.355672698723275
169.2111964230208,82.19425449024668
169.21906744341447,204.13526794496894
169.22693846380812,42.690482469826755
169.2348094842018,21.578902582313404
169.24268050459546,22.522171247704343
169.25055152498913,18.684245326333173
169.25842254538279,64.15474687126647
169.26629356577646,23.12530805480312
169.27416458617012,200.03241479667372
169.2820356065638,7.3544752470176284
169.28990662695745,29.988528936160392
169.29777764735113,12.28925500366885
169.30564866774478,24.356651381867493
169.31351968813846,10.498798510631172
169.3213907085321,13.968901651370656
169.3292617289258,11.056043325006673
169.33713274931944,24.976132515287844
169.34500376971312,58.3905406272974
169.35287479010677,13.231330849790668
169.36074581050045,105.53965285068453
169.3686168308941,5.26913704014356
169.37648785128778,16.11206436648095
169.38435887168143,32.7956430931143
169.3922298920751,58.36226400474819
169.40010091246876,37.30466213725376
169.40797193286244,48.68695704069773
169.4158429532561,21.884516619021955
169.42371397364977,42.808402476683376
169.43158499404342,12.575369461740399
169.4394560144371,39.94550316958406
169.44732703483075,5.694542017227099
169.45519805522443,16.610135601965112
169.46306907561808,4.706549081707532
169.47094009601176,44.62417191018144
169.47881111640544,1.2544288917671227
169.4866821367991,6.626436948362172
169.49455315719277,9.424405033152645
169.50242417758642,6.827206899786576
169.5102951979801,3.6798465621968313
169.51816621837375,3.31758998655099
169.52603723876743,1.889797970938314
169.53390825916108,19.95288965119901
169.54177927955476,5.118122281530308
169.5496502999484,0.035774853140942274
169.5575213203421,3.223276797946439
169.56539234073574,6.876511878551174
169.57326336112942,14.032191610380568
169.58113438152307,15.602431089391958
169.58900540191675,16.12927627661796
169.5968764223104,19.982083201432165
169.60474744270408,8.885776145278756
169.61261846309773,19.320611141452574
169.6204894834914,237.29061842011185
169.62836050388506,28.319914916243114
169.63623152427874,153.60808549679382
169.6441025446724,32.581987212227496
169.65197356506607,303.0992919746084
169.65984458545972,90.80686773146871
169.6677156058534,94.12552138694751
169.67558662624705,9.726183713803264
169.68345764664073,13.11820963236776
169.69132866703438,16.549769673351094
169.69919968742806,25.05821670723627
169.7070707078217,100.73568963111026
169.7149417282154,42.17430763825367
169.72281274860904,87.33177818091782
169.73068376900272,74.93992664270102
169.73855478939637,49.972549158272585
169.74642580979005,33.88939362794686
169.7542968301837,159.41917494189727
169.76216785057738,74.0849927445356
169.77003887097104,37.63844283899337
169.77790989136471,40.318046580900656
169.78578091175837,159.10892501417604
169.79365193215204,55.81635429909817
169.8015229525457,86.53685746863665
169.80939397293938,112.03335382421857
169.81726499333305,296.2270246904666
169.8251360137267,22.398709309014386
169.83300703412039,33.816637990874085
169.84087805451404,80.9642190954244
169.84874907490772,0.38882604949726823
169.85662009530137,6.8376074616444695
169.86449111569505,82.38277782645173
169.8723621360887,34.39303522597918
169.88023315648238,120.74293100490156
169.88810417687603,56.17855256822732
169.8959751972697,4.0314106980528654
169.90384621766336,13.067898337009579
169.91171723805704,69.752457626324
169.9195882584507,40.6875944979792
169.92745927884437,82.0521921289699
169.93533029923802,4.939608501312808
169.9432013196317,158.55341043975852
169.95107234002535,270.682728048723
169.95894336041903,29.258575056940664
169.96681438081268,3.0198544180558606
169.97468540120636,47.8650523196781
169.9825564216,40.758035913203116
169.9904274419937,127.13220670657819
169.99829846238734,1.459963236029099
170.00616948278102,17.205181463527154
170.01404050317467,48.354632065056975
170.02191152356835,324.083464127224
170.029782543962,29.452764280604892
170.03765356435568,195.99395063859967
170.04552458474933,529.738595459875
170.053395605143,365.85698680783827
170.06126662553666,231.16597443470422
170.06913764593034,389.8449704437955
170.077008666324,228.71753547978355
170.08487968671767,27.040815557739897
170.09275070711132,20.229888242026732
170.100621727505,0.2879171531793236
170.10849274789865,65.47689605984421
170.11636376829233,83.84279845493265
170.12423478868598,9.629904338740603
170.13210580907966,53.55930566549685
170.1399768294733,56.730031948830664
170.147847849867,258.73543258880613
170.15571887026067,12.67984502581519
170.16358989065432,731.5608973442226
170.171460911048,443.19780217342765
170.17933193144165,171.09346695525338
170.18720295183533,148.85724094499557
170.19507397222898,6.636477654936272
170.20294499262266,103.65515578989181
170.2108160130163,4.957526720827464
170.21868703341,206.68058109060195
170.22655805380364,106.36332764580197
170.23442907419732,529.4821332635797
170.24230009459097,199.7219437351019
170.25017111498465,181.42077690720524
170.2580421353783,80.90735747702196
170.26591315577198,67.67535382397188
170.27378417616563,92.30024043245527
170.2816551965593,217.63027863840293
170.28952621695296,54.45066765220172
170.29739723734664,113.59093398739458
170.3052682577403,94.5244519690731
170.31313927813397,16.012535325961725
170.32101029852763,53.46647536374728
170.3288813189213,45.34050313682653
170.33675233931496,16.060342258302384
170.34462335970863,14.352816589350219
170.35249438010229,22.739823314978615
170.36036540049597,3.9223371767439175
170.36823642088962,48.03215949417298
170.3761074412833,41.34101248326386
170.38397846167695,102.27911577890133
170.39184948207063,109.6405132181106
170.39972050246428,13.546377345639238
170.40759152285796,6.907639722682402
170.4154625432516,10.535031899802071
170.4233335636453,25.252800145915796
170.43120458403894,40.77139403186195
170.43907560443262,13.527698722021833
170.44694662482627,20.677005437917284
170.45481764521995,63.46314329377581
170.4626886656136,58.223816743771806
170.47055968600728,16.060294286875727
170.47843070640093,16.729841230509518
170.4863017267946,84.81993037082856
170.4941727471883,11.562661169775353
170.50204376758194,87.01445184204005
170.50991478797562,10.264544271782624
170.51778580836927,18.683668781799284
170.52565682876295,67.13849243083355
170.5335278491566,53.50822039388777
170.54139886955028,16.371466690456145
170.54926988994393,117.96749743825096
170.5571409103376,30.832553960105532
170.56501193073126,21.095097326888002
170.57288295112494,153.11717140414535
170.5807539715186,32.42690454445739
170.58862499191227,114.17278094840967
170.59649601230592,34.53069333798384
170.6043670326996,6.20700653729318
170.61223805309325,20.202114761727774
170.62010907348693,29.562171216584712
170.62798009388058,41.708784296566506
170.63585111427426,13.604983330048467
170.6437221346679,12.11626032323378
170.6515931550616,9.655154979165465
170.65946417545524,31.752623868109552
170.66733519584892,15.943014746894256
170.67520621624257,5.0091488145008
170.68307723663625,1.4374911791854745
170.6909482570299,7.167961254194162
170.69881927742358,12.752060431991
170.70669029781723,19.805894845947236
170.7145613182109,6.724227073840416
170.72243233860456,20.746790173325945
170.73030335899824,57.644711961493734
170.7381743793919,2.4757516798299513
170.74604539978557,107.82148636630775
170.75391642017922,72.8748900432176
170.7617874405729,74.93155937038534
170.76965846096655,3.75438369595704
170.77752948136023,89.09273070027663
170.78540050175388,96.59973683163808
170.79327152214756,27.411439509169128
170.8011425425412,90.03774487580426
170.8090135629349,32.39252462021157
170.81688458332854,20.76507456612189
170.82475560372222,23.92262653964202
170.8326266241159,16.049133513111222
170.84049764450955,260.5495007197406
170.84836866490323,45.600247505245896
170.85623968529688,47.370844942485874
170.86411070569056,33.77065376215878
170.87198172608421,68.301300700032
170.8798527464779,147.13849553134781
170.88772376687155,15.380837860382996
170.89559478726522,8.748739994482467
170.90346580765888,45.161763771176744
170.91133682805255,32.511442941882486
170.9192078484462,143.90278209145416
170.92707886883989,2.7698440696749533
170.93494988923354,24.08459138516848
170.94282090962722,58.29758108733971
170.95069193002087,18.189957645740378
170.95856295041455,65.14632337308653
170.9664339708082,2.634603050912859
170.97430499120188,107.39486402691081
170.98217601159553,55.94285989197502
170.9900470319892,187.31845910857535
170.99791805238286,388.0009446846747
171.00578907277654,64.13009495335093
171.0136600931702,90.36991027031333
171.02153111356387,9.555243901112982
171.02940213395752,16.800611117195256
171.0372731543512,26.059185537723828
171.04514417474485,202.9212108837305
171.05301519513853,20.1902387629677
171.06088621553218,464.99224248603645
171.06875723592586,27.708497327752575
171.0766282563195,63.8554186798761
171.0844992767132,95.52904881272879
171.09237029710684,3.512660751265469
171.10024131750052,63.33232446463796
171.10811233789417,181.31665217010766
171.11598335828785,46.377197452992284
171.1238543786815,351.5826826299478
171.13172539907518,128.2721008472233
171.13959641946883,36.30206793043834
171.1474674398625,51.05341873632849
171.15533846025616,162.64753889460565
171.16320948064984,42.275683270567484
171.17108050104352,58.89387829105095
171.17895152143717,0.2674751772680666
171.18682254183085,27.670097051421827
171.1946935622245,3.182012055565065
171.20256458261818,289.88928482035266
171.21043560301183,88.69287044670207
171.2183066234055,11.773834889463775
171.22617764379916,33.23643357063407
171.23404866419284,284.21805517990543
171.2419196845865,143.64234148696968
171.24979070498017,557.0083080237166
171.25766172537382,318.4692890003171
171.2655327457675,3.1979992082371655
171.27340376616115,124.39012056571072
171.28127478655483,339.1947628423299
171.28914580694848,360.35077273884514
171.29701682734216,214.7428812211169
171.3048878477358,641.3454972913917
171.3127588681295,122.71084966192518
171.32062988852314,126.80650746019136
171.32850090891682,297.6448177962171
171.33637192931047,212.99704778134097
171.34424294970415,95.05809266776295
171.3521139700978,127.81725169648408
171.35998499049148,17.552079883066448
171.36785601088513,191.9932527684248
171.3757270312788,23.755856002745848
171.38359805167246,78.35605631981637
171.39146907206614,236.69865844855255
171.3993400924598,261.0562521591554
171.40721111285347,5.492249454748064
171.41508213324713,233.0313192699012
171.4229531536408,76.0735885078848
171.43082417403446,595.1204823182867
171.43869519442813,80.30351743161818
171.4465662148218,347.04071295391714
171.45443723521547,219.35071217156195
171.46230825560912,236.13455352418586
171.4701792760028,5.2111262901652236
171.47805029639645,110.38312380515588
171.48592131679013,46.19366293680169
171.49379233718378,281.64120427674413
171.50166335757746,114.20834925688155
171.50953437797114,236.62525151416673
171.5174053983648,27.003861669610586
171.52527641875847,32.150633519691205
171.53314743915212,24.434606023550653
171.5410184595458,46.89239403614481
171.54888947993945,504.4727105264022
171.55676050033313,102.30342774016697
171.56463152072678,46.55219165988703
171.57250254112046,98.88240061509737
171.5803735615141,26.972513272264024
171.5882445819078,54.42157653421204
171.59611560230144,132.11970300869186
171.60398662269512,4.037844667206665
171.61185764308877,67.85609197563949
171.61972866348245,161.72477285110895
171.6275996838761,76.2032925941633
171.63547070426978,206.84200876051824
171.64334172466343,112.11086625858107
171.6512127450571,48.8526750236536
171.65908376545076,19.995764020489375
171.66695478584444,13.51285096631644
171.6748258062381,14.993935767331003
171.68269682663177,10.341593319008208
171.69056784702542,56.344165238866665
171.6984388674191,30.762111307295463
171.70630988781275,20.023978837811622
171.71418090820643,119.4773717818796
171.72205192860008,170.2282761885014
171.72992294899376,6.418760376678866
171.7377939693874,13.844432360814599
171.7456649897811,34.81815138677885
171.75353601017474,19.251028424970706
171.76140703056842,28.773417927099416
171.76927805096207,17.673524319639757
171.77714907135575,6.201952092142095
171.7850200917494,14.396285350701385
171.79289111214308,7.601441731992488
171.80076213253673,12.214603809106931
171.8086331529304,34.386005475624295
171.81650417332406,11.992982404496782
171.82437519371774,31.2692823553628
171.8322462141114,179.4279539376513
171.84011723450507,7.258851249483368
171.84798825489875,2.5084861195044623
171.8558592752924,28.52129172070834
171.86373029568608,1.8342631020903692
171.87160131607973,19.000633383249138
171.8794723364734,73.04309944052713
171.88734335686706,61.716041032914276
171.89521437726074,84.48655245595637
171.9030853976544,10.912250095235969
171.91095641804807,30.509780290174216
171.91882743844172,24.006397411744317
171.9266984588354,0.9819134263575601
171.93456947922905,0.05943481028351303
171.94244049962273,39.54299324115108
171.95031152001638,75.83607950876267
171.95818254041006,154.91506342355308
171.96605356080372,20.155785843712355
171.9739245811974,14.827307488100551
171.98179560159105,76.70754629932398
171.98966662198472,1.1863901993601293
171.99753764237838,9.237956538552684
172.00540866277206,108.96698333658057
172.0132796831657,7.698309102161142
172.02115070355939,37.6806316819889
172.02902172395304,1.6509016033960753
172.03689274434672,6.344609647536073
172.04476376474037,66.33486313694225
172.05263478513405,45.0595785232075
172.0605058055277,21.92937101078585
172.06837682592138,30.1570195563969
172.07624784631503,3.494749182440936
172.0841188667087,91.21555395442073
172.09198988710236,16.651148782270838
172.09986090749604,17.46414081022034
172.1077319278897,41.44319572630989
172.11560294828337,47.31798782679664
172.12347396867702,27.404782963828982
172.1313449890707,21.516625504538446
172.13921600946435,12.828035471853203
172.14708702985803,11.243166306364257
172.15495805025168,36.24133361422686
172.16282907064536,1.4236208135671466
172.170700091039,39.48734741619914
172.1785711114327,115.2357935215977
172.18644213182637,20.72084187539475
172.19431315222002,50.78463750938073
172.2021841726137,18.274335747750726
172.21005519300735,12.228489829325413
172.21792621340103,20.661076936197457
172.22579723379468,50.384108427056454
172.23366825418836,27.95844013191439
172.241539274582,49.58327308998312
172.2494102949757,83.49763780306797
172.25728131536934,25.200147683200132
172.26515233576302,15.014561298105615
172.27302335615667,7.0353112223170715
172.28089437655035,84.45699386697403
172.288765396944,195.3378869207029
172.29663641733768,14.388437362131938
172.30450743773133,14.553799243239183
172.312378458125,14.25657628431519
172.32024947851866,6.664690983673115
172.32812049891234,9.909593280195642
172.335991519306,3.5183711072688038
172.34386253969967,9.584180989450115
172.35173356009332,14.283545143323824
172.359604580487,112.47973288747693
172.36747560088065,4.658667152425067
172.37534662127433,4.138217040800446
172.38321764166798,0.2303292233612216
172.39108866206166,22.62798965576498
172.3989596824553,20.54017338979714
172.406830702849,29.674172967277567
172.41470172324264,76.23401779328616
172.42257274363632,75.65033838532459
172.43044376402997,23.6752289395889
172.43831478442365,0.7856976868689378
172.4461858048173,36.871626312069054
172.45405682521098,19.200769827039462
172.46192784560463,125.0413946356265
172.4697988659983,31.776386421914314
172.47766988639196,3.09329005692883
172.48554090678564,7.800425594781544
172.4934119271793,36.076037635490536
172.50128294757297,25.446590027844504
172.50915396796663,17.63264335067238
172.5170249883603,42.37521670762722
172.52489600875398,14.655459853956097
172.53276702914764,5.226076559992938
172.54063804954131,10.255724621199054
172.54850906993497,145.09317058706347
172.55638009032864,228.63288614774604
172.5642511107223,81.02325263192888
172.57212213111598,9.885007683207894
172.57999315150963,170.01954982839624
172.5878641719033,0.7267100575676602
172.59573519229696,21.931644236231207
172.60360621269064,13.718100618110261
172.6114772330843,11.704508559309819
172.61934825347797,4.026858840802345
172.62721927387162,32.990782127890526
172.6350902942653,47.6156646277213
172.64296131465895,21.085365069189702
172.65083233505263,22.92471759291781
172.65870335544628,7.2360939555404915
172.66657437583996,74.9716336570091
172.6744453962336,35.475787194006614
172.6823164166273,26.860467566284033
172.69018743702094,82.1385656379336
172.69805845741462,69.13146906853063
172.70592947780827,4.265590927565465
172.71380049820195,185.59191188558637
172.7216715185956,2.7445824758639663
172.72954253898928,16.65714652639791
172.73741355938293,69.66078879007812
172.7452845797766,89.96817786586065
172.75315560017026,49.583484684356385
172.76102662056394,8.672237178748748
172.7688976409576,78.97247283240418
172.77676866135127,13.708005509520374
172.78463968174492,3.247097668010243
172.7925107021386,6.472530935247522
172.80038172253225,5.199634686912342
172.80825274292593,4.970540048871633
172.81612376331958,4.696260364656433
172.82399478371326,2.723624848645281
172.8318658041069,12.308488033800385
172.8397368245006,29.24193879786628
172.84760784489424,1.5849466457684191
172.85547886528792,4.037303840758206
172.8633498856816,9.552376926578871
172.87122090607525,0.30264651607121446
172.87909192646893,1.1749355501177976
172.88696294686258,2.6211822657003974
172.89483396725626,22.082758022614946
172.9027049876499,14.947240939099387
172.9105760080436,22.618297338118925
172.91844702843724,8.948504522276254
172.92631804883092,155.39125330396323
172.93418906922457,63.693464312329965
172.94206008961825,14.888903378905322
172.9499311100119,14.884759119188612
172.95780213040558,43.17557889617416
172.96567315079923,8.612401784416289
172.9735441711929,61.134497486163816
172.98141519158656,10.329356445420087
172.98928621198024,102.36943695859645
172.9971572323739,71.61135943372678
173.00502825276757,167.0684008798843
173.01289927316122,80.05242878929457
173.0207702935549,131.65640308133635
173.02864131394855,62.66058811950458
173.03651233434223,62.33753281183175
173.04438335473588,154.50058464272266
173.05225437512956,9.228488755392782
173.06012539552322,18.042495616640256
173.0679964159169,8.587383772785616
173.07586743631055,21.68477837957837
173.08373845670422,43.53338518475277
173.09160947709788,1.5664183964832314
173.09948049749156,7.756624438298426
173.1073515178852,86.93504247994372
173.11522253827889,109.6198845834173
173.12309355867254,18.573494022538256
173.13096457906622,40.41883645960311
173.13883559945987,27.41016963368237
173.14670661985355,45.506969591684495
173.1545776402472,87.57648302984163
173.16244866064088,15.33693788543393
173.17031968103453,29.683967317143335
173.1781907014282,53.94058266485356
173.18606172182186,14.63791858731479
173.19393274221554,94.19703359568112
173.20180376260922,32.260607691804914
173.20967478300287,33.38611223753779
173.21754580339655,79.42380803868792
173.2254168237902,115.01696912022943
173.23328784418388,40.09213661498151
173.24115886457753,124.17720134917327
173.2490298849712,28.659275383556686
173.25690090536486,116.85480124995742
173.26477192575854,29.84722656439488
173.2726429461522,8.56286451338594
173.28051396654587,17.834974228528566
173.28838498693952,86.09955544754722
173.2962560073332,16.761548681686374
173.30412702772685,38.90252112925223
173.31199804812053,212.55242591885502
173.31986906851418,1.3752958155355872
173.32774008890786,61.14045056292488
173.3356111093015,64.71417520410384
173.3434821296952,61.22665870262928
173.35135315008884,44.99031991028133
173.35922417048252,75.01344141973445
173.36709519087617,73.25650051795483
173.37496621126985,117.35212340937528
173.3828372316635,40.68269738790219
173.39070825205718,38.1519923798562
173.39857927245083,34.94333920078662
173.4064502928445,2.9402131216212104
173.41432131323816,44.5147560200122
173.42219233363184,35.883554236197604
173.4300633540255,41.668594480333354
173.43793437441917,45.89696106938716
173.44580539481282,83.11372079334846
173.4536764152065,45.62085528689683
173.46154743560015,7.215730704254771
173.46941845599383,90.25946374873163
173.47728947638748,112.91117201827765
173.48516049678116,91.28887626141747
173.4930315171748,54.45269308590495
173.5009025375685,147.7577679133072
173.50877355796214,254.09652426546364
173.51664457835582,2.8854734781288527
173.52451559874947,5.00030678903574
173.53238661914315,120.89762033430763
173.54025763953683,65.51629420128076
173.54812865993048,205.50981902744695
173.55599968032416,294.4374803980932
173.5638707007178,20.38662849542816
173.5717417211115,419.02004581152704
173.57961274150514,36.81375928549517
173.58748376189882,55.902582308798344
173.59535478229247,37.552730221269286
173.60322580268615,20.06475533682893
173.6110968230798,2.944423167188084
173.61896784347348,5.205176636830009
173.62683886386714,14.9868307679116
173.63470988426081,73.4571077124675
173.64258090465447,8.440439285939663
173.65045192504815,73.77751696628712
173.6583229454418,61.51306823812098
173.66619396583548,3.20242853920797
173.67406498622913,3.672274883097968
173.6819360066228,33.561066827737
173.68980702701646,86.18167809781521
173.69767804741014,75.1802726877108
173.7055490678038,27.744483784938694
173.71342008819747,11.359416544831664
173.72129110859112,98.47516799411989
173.7291621289848,27.037344669621536
173.73703314937845,16.83032122241125
173.74490416977213,128.6581876096606
173.75277519016578,1.559540246796374
173.76064621055946,32.197993174087586
173.7685172309531,3.0682431458256385
173.7763882513468,24.377413813152096
173.78425927174044,38.69124539901194
173.79213029213412,16.821770704856903
173.80000131252777,45.65885574793216
173.80787233292145,95.8729643090542
173.8157433533151,79.21832662019726
173.82361437370878,13.486519164063933
173.83148539410243,434.7713962952194
173.8393564144961,204.11973352404218
173.84722743488976,63.75710151140583
173.85509845528344,34.9799448592648
173.8629694756771,64.61016453828687
173.87084049607077,2.6111839967823336
173.87871151646445,49.5385499212189
173.8865825368581,25.46845277901165
173.89445355725178,4.741808515163114
173.90232457764543,3.8249089560767815
173.9101955980391,223.42035531043504
173.91806661843276,22.29078009405696
173.92593763882644,57.703633499701695
173.9338086592201,22.02571779739319
173.94167967961377,3.467486677884891
173.94955070000742,35.00881403409342
173.9574217204011,11.976659803263436
173.96529274079475,53.62642390530284
173.97316376118843,162.0243169983517
173.98103478158208,31.17668893541363
173.98890580197576,97.65749104575622
173.9967768223694,36.99614604049236
174.0046478427631,50.65986100308202
174.01251886315674,66.02905627935706
174.02038988355042,4.838517552866022
174.02826090394407,11.754956369631737
174.03613192433775,1.4814344323002175
174.0440029447314,63.20431831575609
174.05187396512508,84.52612050673348
174.05974498551873,1.157245258589216
174.0676160059124,2.682268546327566
174.07548702630606,15.347004267836674
174.08335804669974,77.8513288391336
174.0912290670934,189.45084427246374
174.09910008748707,56.343633021442315
174.10697110788072,12.430122935404599
174.1148421282744,45.421311835791414
174.12271314866805,32.07621460637497
174.13058416906173,27.649443586587527
174.13845518945539,5.941386748489861
174.14632620984906,1.528460872485388
174.15419723024272,185.5075208609507
174.1620682506364,32.62913052804817
174.16993927103005,22.771051259546038
174.17781029142373,59.40370940165249
174.18568131181738,5.117152953423058
174.19355233221106,59.0241864260666
174.2014233526047,5.918112736530636
174.2092943729984,18.502607411337827
174.21716539339207,78.83657048646262
174.22503641378572,41.39498031400642
174.2329074341794,43.77919585583282
174.24077845457305,6.331141617625705
174.24864947496673,65.76001714910767
174.25652049536038,179.13040881756532
174.26439151575406,2.6324300989036735
174.2722625361477,43.09944155540237
174.2801335565414,28.892471205057248
174.28800457693504,29.530308597723828
174.29587559732872,85.45181864335993
174.30374661772237,75.26438674877518
174.31161763811605,161.9638107735702
174.3194886585097,10.96488947958662
174.32735967890338,91.15288438406891
174.33523069929703,47.90881373896229
174.3431017196907,8.042882081739611
174.35097274008436,43.99868482837818
174.35884376047804,8.911978122757404
174.3667147808717,107.16872775483183
174.37458580126537,161.1837504331833
174.38245682165902,66.21053115903912
174.3903278420527,33.54964939777221
174.39819886244635,76.5858006175251
174.40606988284003,13.552698546724962
174.41394090323368,21.535577719899415
174.42181192362736,9.189541248718774
174.429682944021,69.91297104139088
174.4375539644147,18.155626317632844
174.44542498480834,30.17042675576697
174.45329600520202,19.426794541597538
174.46116702559567,231.33825686457095
174.46903804598935,118.49457923836196
174.476909066383,40.99726326383003
174.48478008677668,20.589573566624264
174.49265110717033,53.89779333049092
174.500522127564,68.19562691470696
174.50839314795766,7.770188891541488
174.51626416835134,150.3180127718572
174.524135188745,156.8328209573975
174.53200620913867,34.24648267175385
174.53987722953232,176.87238838668512
174.547748249926,12.7028886822785
174.55561927031968,11.541459160854766
174.56349029071333,0.3542743522998516
174.571361311107,0.6001582692335169
174.57923233150066,25.589760996459066
174.58710335189434,38.2975786978507
174.594974372288,25.906705863185216
174.60284539268167,84.67026483592748
174.61071641307532,30.643931523063273
174.618587433469,25.773560481995734
174.62645845386265,71.66576929978088
174.63432947425633,20.875595384352515
174.64220049464998,92.47615347800924
174.65007151504366,184.20323482578007
174.65794253543731,123.54710589695947
174.665813555831,127.40215271644038
174.67368457622464,21.02101365741799
174.68155559661832,12.100387884594166
174.68942661701197,60.20282874330909
174.69729763740565,40.81793874079405
174.7051686577993,19.146421527951
174.71303967819298,2.784461506321729
174.72091069858664,28.19568569673223
174.72878171898031,40.718543627701536
174.73665273937397,27.399951727403955
174.74452375976765,13.82900662589676
174.7523947801613,53.85803483201287
174.76026580055498,62.193330686089304
174.76813682094863,20.14514954179483
174.7760078413423,79.69905697739868
174.78387886173596,17.302935029661718
174.79174988212964,2.585290148534873
174.7996209025233,0.13861893655284954
174.80749192291697,33.887872687798925
174.81536294331062,66.45743064034394
174.8232339637043,46.78044856427568
174.83110498409795,24.094568812307678
174.83897600449163,23.508151838240714
174.84684702488528,120.66226936034975
174.85471804527896,27.023277525697264
174.8625890656726,13.021098362947608
174.8704600860663,11.32582529214553
174.87833110645994,198.91304649666156
174.88620212685362,42.63591084348825
174.8940731472473,42.169117740859114
174.90194416764095,117.54293923571835
174.90981518803463,93.26416052562493
174.91768620842828,53.254375222276884
174.92555722882196,67.80440127967785
174.9334282492156,53.486891474287965
174.9412992696093,18.03916454942764
174.94917029000294,20.044698866290354
174.95704131039662,5.013462153886587
174.96491233079027,44.93872159389098
174.97278335118395,55.508753838930886
174.9806543715776,22.404941376042135
174.98852539197128,7.5668426235440975
174.99639641236493,42.038744979312504
175.0042674327586,1.7928274817027339
175.01213845315226,14.696862535134866
175.02000947354594,27.62246042480387
175.0278804939396,42.8079362504955
175.03575151433327,5.137416709696567
175.04362253472692,112.45019430865014
175.0514935551206,24.01992139757031
175.05936457551425,142.68875310195634
175.06723559590793,33.248729318841995
175.07510661630158,21.384304725122956
175.08297763669526,134.31356295885067
175.0908486570889,75.56571104719178
175.0987196774826,78.88153841791161
175.10659069787624,19.76074718609985
175.11446171826992,10.284545528665967
175.12233273866357,30.192060011988897
175.13020375905725,3.4124297141542863
175.1380747794509,40.09191556829449
175.14594579984458,0.5351022812493506
175.15381682023823,14.423785737698504
175.1616878406319,30.41276095710875
175.16955886102556,97.73178749666911
175.17742988141924,121.34975853060776
175.1853009018129,16.842192921544562
175.19317192220657,118.38893404665028
175.20104294260022,38.106288355690886
175.2089139629939,1.0953802960692958
175.21678498338758,78.29733704984136
175.22465600378123,11.934025618937312
175.2325270241749,106.6049908982159
175.24039804456856,119.20647784782875
175.24826906496224,516.4779427246245
175.2561400853559,278.22318237749175
175.26401110574957,147.33545328058162
175.27188212614323,11.517232972515352
175.2797531465369,0.47346992439136804
175.28762416693056,21.81831384460122
175.29549518732424,111.80905027981021
175.3033662077179,42.44031653058575
175.31123722811157,27.39554616317714
175.31910824850522,69.4477027334044
175.3269792688989,20.67381289452208
175.33485028929255,59.59871729971927
175.34272130968623,357.1068959346086
175.35059233007988,110.365164109813
175.35846335047356,8.510674373805115
175.3663343708672,55.06059253294158
175.3742053912609,124.21194079099422
175.38207641165454,89.95181170864595
175.38994743204822,334.8367331811473
175.39781845244187,24.10941827987434
175.40568947283555,259.22723955502397
175.4135604932292,64.85954480138429
175.42143151362288,37.955858293506395
175.42930253401653,18.212197738529802
175.4371735544102,27.853388144341107
175.44504457480386,2.703653234466543
175.45291559519754,2.242459503198094
175.4607866155912,10.172510613673873
175.46865763598487,2.6178994751005495
175.47652865637852,63.31803576311027
175.4843996767722,66.84633163002444
175.49227069716585,408.04292813972285
175.50014171755953,11.158780492665178
175.50801273795318,65.22453647945619
175.51588375834686,19.44830319108019
175.5237547787405,220.86988321835312
175.5316257991342,102.71329631562242
175.53949681952784,393.8048411130349
175.54736783992152,24.231884011008994
175.5552388603152,617.9112015949056
175.56310988070885,167.3513792622359
175.57098090110253,106.00862604580999
175.57885192149618,246.95211119804333
175.58672294188986,131.6985194236398
175.5945939622835,36.15247280020062
175.6024649826772,4.6643564038690934
175.61033600307084,1.5335148760179094
175.61820702346452,207.21977623657588
175.62607804385817,39.75206706874877
175.63394906425185,56.986330391722454
175.6418200846455,29.20284192537599
175.64969110503918,55.45130433971936
175.65756212543283,4.60262177157939
175.6654331458265,21.744962862121398
175.67330416622016,137.47959071727539
175.68117518661384,25.26248842656789
175.6890462070075,66.86960838303169
175.69691722740117,8.046684918175075
175.70478824779482,159.20056546220525
175.7126592681885,35.56640722163531
175.72053028858215,91.87723943849191
175.72840130897583,26.580416761568376
175.73627232936948,14.447723198157691
175.74414334976316,44.41391508598596
175.75201437015681,39.613722559414576
175.7598853905505,94.02596089069561
175.76775641094414,52.11789031564181
175.77562743133782,145.18882353307504
175.78349845173148,66.0454308020217
175.79136947212515,40.48468138416298
175.7992404925188,57.12963469209643
175.80711151291248,241.15685613762233
175.81498253330614,225.7179991145922
175.82285355369982,1.4304116679623682
175.83072457409347,89.28091155344592
175.83859559448715,124.08275797477513
175.8464666148808,108.45403903996531
175.85433763527448,196.45919189021862
175.86220865566813,14.860082432845473
175.8700796760618,146.70048210247248
175.87795069645546,17.40940177015263
175.88582171684914,8.216370155149756
175.89369273724282,9.19785940251696
175.90156375763647,53.334307887364716
175.90943477803015,27.281744123599058
175.9173057984238,57.17741455769353
175.92517681881748,109.26242768313598
175.93304783921113,20.172386770438642
175.9409188596048,205.71398016891442
175.94878987999846,86.59546786447441
175.95666090039214,155.12211167618872
175.9645319207858,19.374361913926375
175.97240294117947,42.03416945633119
175.98027396157312,16.536295604589185
175.9881449819668,18.927621654658445
175.99601600236045,4.580397385264362
176.00388702275413,2.5569082176865807
176.01175804314778,23.60043921749265
176.01962906354146,4.52665227178642
176.0275000839351,36.40497987300035
176.0353711043288,22.47502930543278
176.04324212472244,1.0261710658135854
176.05111314511612,68.87782038161006
176.05898416550977,136.01360206978146
176.06685518590345,52.457308053443434
176.0747262062971,47.954231405899
176.08259722669078,168.69460383709927
176.09046824708443,24.739357329326467
176.0983392674781,4.863082131191873
176.10621028787176,15.9519647971721
176.11408130826544,25.94298256323269
176.1219523286591,135.3263613207735
176.12982334905277,35.474292759925234
176.13769436944642,22.939103219706258
176.1455653898401,44.29793033687973
176.15343641023375,7.045680068367343
176.16130743062743,4.024549380516585
176.16917845102108,8.01215845733682
176.17704947141476,0.34347969044760973
176.1849204918084,31.039372115265696
176.1927915122021,3.660890885807382
176.20066253259574,94.14459607516594
176.20853355298942,10.89654748349613
176.21640457338307,31.889350294849763
176.22427559377675,42.134624877198966
176.23214661417043,160.02106090689907
176.24001763456408,106.09136432198699
176.24788865495776,542.6761800267217
176.2557596753514,52.77933904191074
176.2636306957451,264.22812725979446
176.27150171613874,70.08884572155311
176.27937273653242,51.448183420051215
176.28724375692607,7.305319891636014
176.29511477731975,4.182760436225866
176.3029857977134,149.22149136021642
176.31085681810708,235.2582782812094
176.31872783850073,321.7119789908533
176.3265988588944,73.81187759535504
176.33446987928806,123.08080110297121
176.34234089968174,53.26690484206955
176.3502119200754,7.614719153718079
176.35808294046907,74.83472065084014
176.36595396086273,194.91946910005274
176.3738249812564,58.350779136576165
176.38169600165006,2.42021579690543
176.38956702204374,42.166861662470524
176.3974380424374,197.21064577359786
176.40530906283107,77.7557216491655
176.41318008322472,75.70400133710261
176.4210511036184,106.34437661999341
176.42892212401205,172.84695221964037
176.43679314440573,76.81114664646826
176.44466416479938,60.1084676193796
176.45253518519306,15.65447553644597
176.4604062055867,8.27036025523124
176.4682772259804,184.83001125858425
176.47614824637404,28.347597959182693
176.48401926676772,29.162545974377704
176.49189028716137,157.34480567979745
176.49976130755505,45.08016615287927
176.5076323279487,80.88619098744248
176.51550334834238,6.664632625494177
176.52337436873603,51.063943323322796
176.5312453891297,1.36572796593277
176.53911640952336,74.19272337952599
176.54698742991704,2.187574331905281
176.5548584503107,78.06638784959362
176.56272947070437,54.507484952167715
176.57060049109805,49.41520699164713
176.5784715114917,5.008317990441636
176.58634253188538,15.17320662939149
176.59421355227903,107.83706703610906
176.6020845726727,18.94755157460967
176.60995559306636,10.402976807339671
176.61782661346004,35.1553117066012
176.6256976338537,61.63824315442941
176.63356865424737,194.038513523668
176.64143967464102,4.50711199474871
176.6493106950347,60.03522961255575
176.65718171542835,198.91371708032636
176.66505273582203,16.757638597469185
176.67292375621568,17.542743189686263
176.68079477660936,51.219027267059175
176.688665797003,43.47729110102265
176.6965368173967,61.83851242813261
176.70440783779034,230.22007523129184
176.71227885818402,140.04046511904136
176.72014987857767,43.73515482347289
176.72802089897135,14.900558037160566
176.735891919365,27.82338103463169
176.74376293975868,34.768108666812296
176.75163396015233,500.522258142973
176.759504980546,57.99100456815415
176.76737600093966,176.74425449271695
176.77524702133334,31.259154466076
176.783118041727,23.021157825047883
176.79098906212067,11.680216207565055
176.79886008251432,16.966008963054676
176.806731102908,100.05488799220278
176.81460212330165,238.92516664730022
176.82247314369533,25.714106862361675
176.83034416408898,50.937498310464456
176.83821518448266,41.818973979612174
176.84608620487631,22.166450573985145
176.85395722527,90.65402541266226
176.86182824566365,124.23528852056019
176.86969926605732,9.016278175890557
176.87757028645098,12.942346955539106
176.88544130684465,43.35146719045674
176.8933123272383,128.09378250509752
176.90118334763199,6.413318920581505
176.90905436802566,106.92232867681285
176.91692538841932,151.38662872156635
176.924796408813,118.04516322909693
176.93266742920665,27.981819772259055
176.94053844960033,17.37710958553683
176.94840946999398,122.42882128371491
176.95628049038766,27.38573618454303
176.9641515107813,45.15078440648838
176.97202253117499,11.980626512610979
176.97989355156864,167.12856628228178
176.98776457196232,89.69627605449331
176.99563559235597,20.925903952363594
177.00350661274965,4.038380800768832
177.0113776331433,26.841655540030615
177.01924865353698,25.94506325657748
177.02711967393063,0.06799763565244836
177.0349906943243,2.88935648291293
177.04286171471796,20.469886224269654
177.05073273511164,45.722346952221436
177.0586037555053,39.237992759220546
177.06647477589897,124.93418430209427
177.07434579629262,50.4595585532408
177.0822168166863,42.80010723403958
177.09008783707995,2.1709076905035567
177.09795885747363,55.92907750355393
177.10582987786728,61.48091556995736
177.11370089826096,57.851211452113255
177.1215719186546,78.24830715452148
177.1294429390483,68.39284137279525
177.13731395944194,14.860482517395862
177.14518497983562,41.577498478056874
177.15305600022927,144.12533167020126
177.16092702062295,13.475419553279206
177.1687980410166,43.543078650087125
177.17666906141028,23.839508646123424
177.18454008180393,32.53217169722618
177.1924111021976,111.39002227732736
177.20028212259126,58.74654844631747
177.20815314298494,14.946365684196662
177.2160241633786,17.79779553842205
177.22389518377227,115.6959574288054
177.23176620416592,15.71488217725787
177.2396372245596,50.18405285796086
177.24750824495328,36.15972050890463
177.25537926534693,2.658807950916621
177.2632502857406,62.10540946177706
177.27112130613426,4.927995781433253
177.27899232652794,33.3327668651122
177.2868633469216,0.4217260477021325
177.29473436731527,50.592919544112014
177.30260538770892,131.6959817448956
177.3104764081026,124.27515948046177
177.31834742849625,48.015036052554024
177.32621844888993,57.179043098366094
177.33408946928358,3.4964868654523924
177.34196048967726,67.92474283126587
177.3498315100709,32.81223448168155
177.3577025304646,12.062697581771868
177.36557355085824,24.580093316663127
177.37344457125192,2.190222868221128
177.38131559164557,5.483411466670918
177.38918661203925,46.500570290367044
177.3970576324329,66.30445137363473
177.40492865282658,285.5097630456148
177.41279967322023,56.38581633725386
177.4206706936139,152.55468794190426
177.42854171400757,25.599730795997655
177.43641273440124,16.18417627144407
177.4442837547949,10.931039708415883
177.45215477518857,36.68972942821635
177.46002579558223,40.09193541199087
177.4678968159759,63.52711990336156
177.47576783636956,2.4541179727007862
177.48363885676324,14.660314532258202
177.4915098771569,5.744159285649967
177.49938089755057,0.4685885955086534
177.50725191794422,306.9445049479382
177.5151229383379,115.54457978399408
177.52299395873155,124.29379559526129
177.53086497912523,161.81573311962117
177.53873599951888,27.11906881649503
177.54660701991256,17.9701195384646
177.5544780403062,79.12805619140258
177.5623490606999,52.498812534274826
177.57022008109354,36.95663762374821
177.57809110148722,4.457980674382094
177.5859621218809,11.52553390891793
177.59383314227455,46.07450924405811
177.60170416266823,260.921938467085
177.60957518306188,237.74908096309315
177.61744620345556,74.26136968259758
177.6253172238492,55.586739133335186
177.6331882442429,89.41450892402659
177.64105926463654,1.88854316331331
177.64893028503022,52.92263376109029
177.65680130542387,167.76435782339797
177.66467232581755,19.234158948577484
177.6725433462112,46.86034122516833
177.68041436660488,22.281031294527555
177.68828538699853,130.67330941666387
177.6961564073922,13.770029405485243
177.70402742778586,19.08941412980396
177.71189844817954,57.46878543004122
177.7197694685732,50.852819411131435
177.72764048896687,10.057896803140096
177.73551150936052,8.000183212853344
177.7433825297542,29.64379451444152
177.75125355014785,84.79379720528644
177.75912457054153,9.943321004540977
177.76699559093518,42.32764521119728
177.77486661132886,40.89406750277762
177.7827376317225,98.60697184874023
177.7906086521162,10.686111983190191
177.79847967250984,151.55614335606072
177.80635069290352,32.22193244162937
177.81422171329717,97.2433818063644
177.82209273369085,37.802768100445846
177.8299637540845,4.858951571229728
177.83783477447818,160.1310298008061
177.84570579487183,21.695357346369253
177.8535768152655,54.340562544835315
177.86144783565916,41.97035987719662
177.86931885605284,51.947335310619394
177.8771898764465,9.846868301521633
177.88506089684017,57.32354425857886
177.89293191723382,59.77978025994566
177.9008029376275,60.05491218780763
177.90867395802115,46.04286792558876
177.91654497841483,108.51152010640472
177.9244159988085,35.61435366665022
177.93228701920216,10.13233377479717
177.94015803959584,37.072621715499764
177.9480290599895,47.787544433980095
177.95590008038317,13.646350047332925
177.96377110077682,85.62280571415046
177.9716421211705,11.628904174120297
177.97951314156415,15.674424803415455
177.98738416195783,19.274130893889783
177.99525518235149,57.51864662671056
178.00312620274516,79.33241267611659
178.01099722313882,69.09647258345437
178.0188682435325,2.836643273174796
178.02673926392615,73.36943376203263
178.03461028431983,132.701996371113
178.04248130471348,202.73840349239876
178.05035232510716,38.11506113712237
178.0582233455008,28.959678292343114
178.0660943658945,114.04360281183828
178.07396538628814,9.957926337026322
178.08183640668182,10.529939165172609
178.08970742707547,97.83468308989967
178.09757844746915,30.399128841405542
178.1054494678628,3.39866185861633
178.11332048825648,1.6027303343815018
178.12119150865013,105.81618721305657
178.1290625290438,8.84512167021288
178.13693354943746,0.8820762865855053
178.14480456983114,4.116540289880022
178.1526755902248,6.267730718649654
178.16054661061847,38.24383711851616
178.16841763101212,150.92719510941546
178.1762886514058,70.30527433725969
178.18415967179945,10.340180591260367
178.19203069219313,286.43435784841785
178.19990171258678,16.801077868196206
178.20777273298046,235.98219430087264
178.2156437533741,6.234252663775884
178.2235147737678,6.528238099678243
178.23138579416144,12.576310445319855
178.23925681455512,60.692332757267515
178.24712783494877,29.903705748090715
178.25499885534245,2.6330653455404605
178.26286987573613,26.079930757174623
178.27074089612978,13.468097663294865
178.27861191652346,19.304800399251043
178.2864829369171,11.400452849900665
178.2943539573108,54.32401597586908
178.30222497770444,58.695752550508594
178.31009599809812,5.1395346811718685
178.31796701849177,111.02891560456686
178.32583803888545,25.15533512484436
178.3337090592791,4.453460981367304
178.34158007967278,58.28789695954467
178.34945110006643,4.07657729834714
178.3573221204601,111.99957241380706
178.36519314085376,6.3640511829300275
178.37306416124744,8.063977742111417
178.3809351816411,71.29431522149832
178.38880620203477,92.21328047778171
178.39667722242842,13.995513364394888
178.4045482428221,72.00210309163194
178.41241926321575,12.938635676149616
178.42029028360943,50.4635804088454
178.42816130400308,19.76567590633802
178.43603232439676,36.50449522922532
178.4439033447904,62.56388731629781
178.4517743651841,45.729669887175945
178.45964538557774,122.90156541579749
178.46751640597142,13.44994679801304
178.47538742636507,44.949216631143976
178.48325844675875,6.094746648008911
178.4911294671524,51.96238137459166
178.49900048754608,13.407836089504013
178.50687150793974,136.52170265456482
178.51474252833341,6.453668613134032
178.52261354872707,69.968321915218
178.53048456912074,41.0106381532756
178.5383555895144,6.247520539224625
178.54622660990808,32.02758258056768
178.55409763030173,27.058395133829574
178.5619686506954,93.56362155686975
178.56983967108906,62.56226297780624
178.57771069148274,143.11091566515242
178.5855817118764,14.306846999513267
178.59345273227007,10.79818103475599
178.60132375266375,10.36728396586355
178.6091947730574,10.239150828547208
178.61706579345108,15.80574071157
178.62493681384473,1.6516873465754334
178.6328078342384,29.874658696820596
178.64067885463206,6.102642348219096
178.64854987502574,2.2339293975807424
178.6564208954194,10.484800866561457
178.66429191581307,0.5464319850766691
178.67216293620672,24.3139209685422
178.6800339566004,17.719718510579167
178.68790497699405,12.341378658397185
178.69577599738773,18.36175895374997
178.70364701778138,94.2700770503322
178.71151803817506,26.963392251968745
178.7193890585687,12.19575252342479
178.7272600789624,52.60498429310909
178.73513109935604,60.27223091610598
178.74300211974972,45.08078789767578
178.75087314014337,87.49551375925795
178.75874416053705,13.70028791669593
178.7666151809307,29.943352507292698
178.77448620132438,33.70058706782578
178.78235722171803,12.461635813984756
178.7902282421117,175.00922930243007
178.79809926250536,3.3332070142111037
178.80597028289904,83.30367463435539
178.8138413032927,277.5599740653236
178.82171232368637,10.208542683636411
178.82958334408002,25.39796017094135
178.8374543644737,5.998767375542375
178.84532538486735,79.34932923312094
178.85319640526103,40.03312486776494
178.86106742565468,14.597210765758007
178.86893844604836,77.0559355214411
178.876809466442,69.50068848819117
178.8846804868357,7.573816395881087
178.89255150722934,62.0879963156749
178.90042252762302,8.31350903070062
178.90829354801667,4.981114903382328
178.91616456841035,7.698303759333293
178.924035588804,37.77518022946013
178.93190660919768,12.758548241382893
178.93977762959136,5.065789618990929
178.947648649985,11.535883221686762
178.9555196703787,3.57869983757618
178.96339069077234,32.52348166178364
178.97126171116602,22.116982714845356
178.97913273155967,4.151124603421183
178.98700375195335,4.76633908558525
178.994874772347,13.34324580691952
179.00274579274068,25.30690137428925
179.01061681313433,5.264555499311918
179.018487833528,10.825161926694866
179.02635885392166,50.6190522115287
179.03422987431534,17.276070189927417
179.042100894709,1.7607022540865966
179.04997191510267,58.78440818443164
179.05784293549632,87.44559547066977
179.06571395589,23.999093818011744
179.07358497628366,34.74777221526547
179.08145599667733,13.410134820248615
179.08932701707099,52.23049863797946
179.09719803746466,39.115424950736
179.10506905785832,24.031780636186525
179.112940078252,15.558662181859505
179.12081109864565,97.4856473238091
179.12868211903933,131.26380557002008
179.13655313943298,68.42998070481556
179.14442415982666,4.189193648089649
179.1522951802203,10.856017910228644
179.160166200614,20.014034568113363
179.16803722100764,60.55705917445907
179.17590824140132,66.70104069171325
179.18377926179497,22.48239741429903
179.19165028218865,55.42632929792293
179.1995213025823,1.1199995134620782
179.20739232297598,78.96200578166516
179.21526334336963,131.38004538218175
179.2231343637633,292.33424453952284
179.23100538415696,11.337031765397589
179.23887640455064,12.406773141971613
179.2467474249443,4.247894015955329
179.25461844533797,32.74177907383744
179.26248946573162,17.36232559055364
179.2703604861253,0.781733112692606
179.27823150651898,3.1486142881953922
179.28610252691263,109.59002706715857
179.2939735473063,92.36272623828478
179.30184456769996,3.2058165293267282
179.30971558809364,20.074544223664937
179.3175866084873,2.5084088215667077
179.32545762888097,4.3714427027279745
179.33332864927462,128.3840397670624
179.3411996696683,8.074565093604017
179.34907069006195,9.771698439602721
179.35694171045563,33.26873516687245
179.36481273084928,51.73087692347418
179.37268375124296,16.843288613032833
179.3805547716366,3.5540758786612705
179.3884257920303,8.589195401863918
179.39629681242394,23.093406776821368
179.40416783281762,39.413744782601476
179.41203885321127,1.342406498995286
179.41990987360495,29.19196438030823
179.4277808939986,7.2000093642934075
179.43565191439228,26.022649117951403
179.44352293478593,36.67315531175973
179.4513939551796,79.67406957898726
179.45926497557326,1.5365089379906895
179.46713599596694,49.71811041748803
179.4750070163606,70.09027743433973
179.48287803675427,13.229579860865853
179.49074905714792,5.7163184571487085
179.4986200775416,77.1479208590796
179.50649109793525,55.81967725953415
179.51436211832893,27.964193261449303
179.52223313872258,158.9807464936109
179.53010415911626,137.3973369610455
179.5379751795099,82.56707624999761
179.5458461999036,46.60572550484274
179.55371722029724,0.713323591141559
179.56158824069092,28.364898791229287
179.56945926108457,19.02514559583784
179.57733028147825,27.84609749065971
179.5852013018719,19.1019701606207
179.59307232226558,23.952061288539625
179.60094334265924,35.12422979358464
179.60881436305291,9.107007740051046
179.6166853834466,15.625162576002195
179.62455640384024,14.836663267844763
179.63242742423392,79.81583339011861
179.64029844462758,26.159281253113896
179.64816946502125,0.4768040321333898
179.6560404854149,0.2934290768730983
179.66391150580858,129.5789593900814
179.67178252620224,30.138006271374696
179.67965354659592,14.978965485481522
179.68752456698957,79.11201055691825
179.69539558738325,12.614177373306239
179.7032666077769,14.565192197474055
179.71113762817058,1.5430111251590066
179.71900864856423,32.38594792924945
179.7268796689579,9.94111706236653
179.73475068935156,17.981970011754537
179.74262170974524,8.60919000121563
179.7504927301389,22.337702556378446
179.75836375053257,81.356746608171
179.76623477092622,6.386656132916269
179.7741057913199,9.408938231156563
179.78197681171355,28.55345491192994
179.78984783210723,13.02982115946611
179.79771885250088,10.091180898248075
179.80558987289456,1.3781026959338747
179.8134608932882,4.862135280492707
179.8213319136819,10.456608014005331
179.82920293407554,21.913128892370878
179.83707395446922,23.05061327370774
179.84494497486287,49.54700626336659
179.85281599525655,3.5530171729372793
179.8606870156502,51.52009125161516
179.86855803604388,9.394948736838197
179.87642905643753,15.119814091369047
179.8843000768312,16.58832296413142
179.89217109722486,72.57689555340033
179.90004211761854,64.94563247536362
179.9079131380122,5.884664896373812
179.91578415840587,28.420139299032186
179.92365517879952,104.81576457086635
179.9315261991932,23.93509231586286
179.93939721958685,22.36419794718299
179.94726823998053,2.1091684539426203
179.9551392603742,42.26374050436415
179.96301028076786,36.23207042601632
179.97088130116154,29.349507230514178
179.9787523215552,17.838501394849533
179.98662334194887,11.973555936016732
179.99449436234252,21.863776525475956
180.0023653827362,26.818106447487164
180.01023640312985,58.36861730720523
180.01810742352353,22.691058112833257
180.02597844391718,64.87662955222427
180.03384946431086,122.09021845222624
180.0417204847045,41.36797413586527
180.0495915050982,84.49359000417951
180.05746252549184,141.0507012511645
180.06533354588552,127.85822741446009
180.07320456627917,3.245047105287237
180.08107558667285,2.9478818427706837
180.0889466070665,38.561702135041706
180.09681762746018,27.419608539727864
180.10468864785383,1.5301190362027044
180.1125596682475,2.4275347862414987
180.12043068864116,101.2822189122657
180.12830170903484,1.1166447882807655
180.1361727294285,22.050459979407
180.14404374982217,6.972956601164407
180.15191477021583,14.953146994629023
180.1597857906095,2.334559207995162
180.16765681100316,131.41772959974196
180.17552783139683,21.784681368212816
180.18339885179049,67.89554895829406
180.19126987218417,87.21362735081424
180.19914089257782,32.1088923410508
180.2070119129715,16.164402303541724
180.21488293336515,4.548383815592009
180.22275395375883,101.1743251950893
180.23062497415248,55.4857296335727
180.23849599454616,15.51694202789134
180.2463670149398,1.2737966339210773
180.2542380353335,24.92882981905408
180.26210905572714,10.435462381032014
180.26998007612082,50.11143855305311
180.27785109651447,92.1713123596431
180.28572211690815,119.80498314300823
180.29359313730183,12.436402200128724
180.30146415769548,3.787595453580784
180.30933517808916,107.10685831284954
180.3172061984828,19.56502806918502
180.3250772188765,0.5619758896267842
180.33294823927014,61.03543668153332
180.34081925966382,237.15921211328623
180.34869028005747,9.062841598312334
180.35656130045115,10.25235029694679
180.3644323208448,22.670005994109037
180.37230334123848,23.846516565323462
180.38017436163213,24.488173547225777
180.3880453820258,52.344352374209684
180.39591640241946,9.532604463573868
180.40378742281314,71.80473997200556
180.4116584432068,18.69657434044774
180.41952946360047,23.152561585901246
180.42740048399412,39.28972742130609
180.4352715043878,113.17006812171756
180.44314252478145,109.97917538458314
180.45101354517513,1.694286477187536
180.45888456556878,2.2231614692907375
180.46675558596246,42.62744161895381
180.4746266063561,3.8016904369180193
180.4824976267498,40.6197537376249
180.49036864714344,35.49358555860769
180.49823966753712,15.913545631751182
180.50611068793077,12.374030795152498
180.51398170832445,3.371004384520973
180.5218527287181,2.600508059091055
180.52972374911178,40.44489269747014
180.53759476950543,1.6967288946038366
180.5454657898991,10.18626841940017
180.55333681029276,96.61472984183351
180.56120783068644,18.172884854619657
180.5690788510801,7.055938142924811
180.57694987147377,23.849708845705837
180.58482089186742,33.518835705005806
180.5926919122611,57.19676122556908
180.60056293265475,84.32519873979669
180.60843395304843,12.61372093022679
180.61630497344208,167.27752474087114
180.62417599383576,58.434853645834245
180.63204701422944,0.2400734514765313
180.6399180346231,68.19155643300462
180.64778905501677,100.27148058870914
180.65566007541042,25.752067870756974
180.6635310958041,90.35379721610872
180.67140211619775,39.1586673159736
180.67927313659143,15.971155173606325
180.68714415698508,8.867829867732963
180.69501517737876,34.85344469252577
180.70288619777241,31.248573009527178
180.7107572181661,2.5365981621543696
180.71862823855975,5.12107366180849
180.72649925895342,0.22003789069516744
180.73437027934708,12.609224187287758
180.74224129974075,37.195768226351596
180.7501123201344,22.575148825354965
180.75798334052809,4.833411504649333
180.76585436092174,154.01012955348378
180.77372538131542,49.67249345800291
180.78159640170907,49.48042323592546
180.78946742210275,110.64209690984806
180.7973384424964,0.322659018542842
180.80520946289008,20.086945637204202
180.81308048328373,29.85204516461979
180.8209515036774,16.88930577476292
180.82882252407106,7.814570031945841
180.83669354446474,40.69847465359364
180.8445645648584,6.79927013605974
180.85243558525207,13.625835822548973
180.86030660564572,132.92699509835748
180.8681776260394,59.4049363420966
180.87604864643305,19.65932581601034
180.88391966682673,3.7874293081420585
180.89179068722038,12.599477694560468
180.89966170761406,0.41816689761509046
180.9075327280077,17.97811846615445
180.9154037484014,8.651409479623865
180.92327476879504,28.67633942630347
180.93114578918872,13.748332908297945
180.93901680958237,18.924773411614627
180.94688782997605,6.421191907957488
180.9547588503697,17.974098634267634
180.96262987076338,11.739519011332266
180.97050089115706,0.10527021492005334
180.9783719115507,131.49020586884032
180.9862429319444,38.106972255952414
180.99411395233804,34.84800144829559
181.00198497273172,32.187535443736245
181.00985599312537,63.98806053556964
181.01772701351905,25.48448899289878
181.0255980339127,55.29879808365522
181.03346905430638,3.8673751435774335
181.04134007470003,27.841144186559664
181.0492110950937,66.98952776251693
181.05708211548736,72.39514388861743
181.06495313588104,21.061592606072328
181.0728241562747,3.219512621185741
181.08069517666837,92.62106795373832
181.08856619706202,72.21367187144494
181.0964372174557,8.363428799828728
181.10430823784935,25.668535121481096
181.11217925824303,9.059493746709727
181.12005027863668,282.2048320023053
181.12792129903036,42.384684421252956
181.135792319424,4.694631609305186
181.1436633398177,294.61265887834315
181.15153436021134,5.725367781826109
181.15940538060502,17.070015436861752
181.16727640099867,26.952672492682282
181.17514742139235,10.095449358074616
181.183018441786,18.53732555162478
181.19088946217968,57.27069195359273
181.19876048257333,120.95521757649611
181.206631502967,345.90369068815426
181.21450252336066,73.53424682894459
181.22237354375434,62.59076166772677
181.230244564148,40.71303003979895
181.23811558454167,20.388603114362095
181.24598660493533,48.08551060198302
181.253857625329,97.37111507947341
181.26172864572266,16.38516061510832
181.26959966611633,61.69991161242566
181.27747068651,20.771207093576418
181.28534170690367,143.58640254752063
181.29321272729734,118.47441103060791
181.301083747691,114.0493888258678
181.30895476808467,66.6756747590863
181.31682578847833,24.828046696911773
181.324696808872,1.0775004120240383
181.33256782926566,221.23167798973006
181.34043884965934,113.27378525115792
181.348309870053,16.44939895076477
181.35618089044667,35.654554911811005
181.36405191084032,10.981091953686438
181.371922931234,318.5935236823526
181.37979395162765,86.1892526784217
181.38766497202133,72.50859703015054
181.39553599241498,164.51268955857486
181.40340701280866,105.86636408538074
181.4112780332023,56.88243953253805
181.419149053596,46.905863591978324
181.42702007398964,23.195008592376144
181.43489109438332,103.88090658110215
181.44276211477697,7.305195517986031
181.45063313517065,106.39079818325051
181.4585041555643,13.808941243564963
181.46637517595798,63.249058868344825
181.47424619635163,138.2243600811279
181.4821172167453,1.6189428544538518
181.48998823713896,116.90380591884981
181.49785925753264,35.777500694563415
181.5057302779263,33.27700798077038
181.51360129831997,63.03867599784834
181.52147231871362,55.33259897802531
181.5293433391073,153.28355841250436
181.53721435950095,39.12550258829044
181.54508537989463,54.70787543898012
181.55295640028828,12.186613336944223
181.56082742068196,192.22233117175224
181.5686984410756,42.85396961219102
181.5765694614693,260.6999246982834
181.58444048186294,109.45558274141177
181.59231150225662,33.0293650203304
181.60018252265027,43.529793257004876
181.60805354304395,102.71270009561377
181.6159245634376,32.66964312295845
181.62379558383128,9.724065384157788
181.63166660422496,11.983184610025585
181.6395376246186,23.04529627048067
181.6474086450123,218.0167905076515
181.65527966540594,192.38677642145117
181.66315068579962,102.0521904849287
181.67102170619327,30.503855747445517
181.67889272658695,51.37713193563756
181.6867637469806,52.36057349960397
181.69463476737428,71.37390421019127
181.70250578776793,37.06678996143136
181.7103768081616,113.066859403225
181.71824782855526,161.46866129885362
181.72611884894894,37.03579478287433
181.7339898693426,91.87054267449845
181.74186088973627,42.68203198377046
181.74973191012992,8.490383712188459
181.7576029305236,61.39661067537552
181.76547395091725,35.49640148145295
181.77334497131093,56.46799322305999
181.78121599170458,221.09661705603585
181.78908701209826,15.452173531060797
181.79695803249191,22.24690626614403
181.8048290528856,124.19434884319087
181.81270007327925,30.676257678912126
181.82057109367292,115.25263737866294
181.82844211406658,203.18673717526724
181.83631313446026,2.437166007671506
181.8441841548539,6.8396640307945935
181.85205517524759,28.695817603209377
181.85992619564124,5.852837573637296
181.86779721603492,3.4162784124575802
181.87566823642857,0.35058194944127535
181.88353925682225,39.492815627194965
181.8914102772159,103.55601382338106
181.89928129760958,20.807551145758165
181.90715231800323,1.8834867298409177
181.9150233383969,2.1748497507071005
181.92289435879056,51.41267635792963
181.93076537918424,0.4347936189504323
181.9386363995779,1.6515140193555555
181.94650741997157,57.756185175697226
181.95437844036522,20.648666306023365
181.9622494607589,1.863408284955731
181.97012048115258,29.70854855567404
181.97799150154623,185.46001864095376
181.9858625219399,281.0350703709921
181.99373354233356,19.821845334133062
182.00160456272724,20.626700712597632
182.0094755831209,9.863469827971622
182.01734660351457,117.40525891779008
182.02521762390822,13.646716162479402
182.0330886443019,2.932108917081768
182.04095966469555,1.720675480807535
182.04883068508923,71.5754981499129
182.05670170548288,0.8002912557306392
182.06457272587656,62.421231044288504
182.0724437462702,47.389751996542564
182.0803147666639,23.718193596610835
182.08818578705754,2.7069847783669427
182.09605680745122,23.92398398180966
182.10392782784487,0.3479149542856449
182.11179884823855,2.4614753670498266
182.1196698686322,39.14928835570409
182.12754088902588,10.859056977037326
182.13541190941953,6.291285626310116
182.1432829298132,4.453950913213666
182.15115395020686,9.86130463394264
182.15902497060054,4.37872715423043
182.1668959909942,169.0853952636544
182.17476701138787,62.32250551019143
182.18263803178152,56.3858818448144
182.1905090521752,4.102119050806157
182.19838007256885,12.148103406268623
182.20625109296253,5.094407725022714
182.21412211335618,1.483418972073022
182.22199313374986,42.80633538211931
182.2298641541435,114.37848953798061
182.2377351745372,32.7618217675749
182.24560619493084,22.752401329164723
182.25347721532452,57.230264752861636
182.26134823571817,2.9398120424732235
182.26921925611185,6.82196674267065
182.2770902765055,27.97847124864983
182.28496129689918,8.573323521330343
182.29283231729283,1.4321769365587782
182.3007033376865,22.166702505257124
182.3085743580802,27.509630314326444
182.31644537847384,6.87610105322113
182.32431639886752,41.45279917043555
182.33218741926117,26.088443125803977
182.34005843965485,14.484888674124027
182.3479294600485,9.579520144044483
182.35580048044218,8.182774562338027
182.36367150083584,71.22546128489014
182.37154252122951,23.192319621268172
182.37941354162317,6.157749990181583
182.38728456201684,22.797009548312605
182.3951555824105,21.463415894599688
182.40302660280418,45.066315293747316
182.41089762319783,83.09128040543975
182.4187686435915,36.8207527919839
182.42663966398516,10.931988050650391
182.43451068437884,2.327002172272591
182.4423817047725,11.22842977798542
182.45025272516617,0.00500146684148678
182.45812374555982,23.91201507318381
182.4659947659535,11.766882209238545
182.47386578634715,7.469697028392451
182.48173680674083,1.9514931625713385
182.48960782713448,47.89626786508589
182.49747884752816,25.500350876036343
182.5053498679218,37.49178656943107
182.5132208883155,183.85770399429967
182.52109190870914,13.360259272045116
182.52896292910282,22.51530073159636
182.53683394949647,22.008793918215197
182.54470496989015,61.037024461695076
182.5525759902838,34.312920117227925
182.56044701067748,5.97521807777183
182.56831803107113,20.08282907303252
182.5761890514648,127.95448673358135
182.58406007185846,4.222487550278244
182.59193109225214,1.4272646737525467
182.5998021126458,5.470626870252984
182.60767313303947,22.369789454134008
182.61554415343312,15.57483207246812
182.6234151738268,23.968405731522193
182.63128619422045,9.488555494536465
182.63915721461413,50.260443643436126
182.6470282350078,22.7932286916718
182.65489925540146,94.61020547578262
182.66277027579514,6.6471717171179865
182.6706412961888,5.386150189793959
182.67851231658247,0.8158347094969037
182.68638333697612,8.221745252864384
182.6942543573698,11.398329459666014
182.70212537776345,110.41602999275126
182.70999639815713,24.987644314373902
182.71786741855078,8.3512671239702
182.72573843894446,49.01571741404813
182.7336094593381,23.35207150365444
182.7414804797318,245.97768695011325
182.74935150012544,57.52893332332166
182.75722252051912,5.902097916312101
182.76509354091277,72.81770373190716
182.77296456130645,201.0517024622021
182.7808355817001,29.356153944646696
182.78870660209378,20.004457668734066
182.79657762248743,36.381329923549416
182.8044486428811,49.35962670195566
182.81231966327476,35.957006966023826
182.82019068366844,50.77805616970942
182.8280617040621,25.482689705878922
182.83593272445577,26.516251508116436
182.84380374484942,0.7463776305731389
182.8516747652431,3.044574940173422
182.85954578563675,39.27461433519064
182.86741680603043,141.23585467930027
182.87528782642408,8.205644962117749
182.88315884681776,2.0604299342833055
182.89102986721142,41.80618065590482
182.8989008876051,38.38249507520214
182.90677190799875,24.21456961738006
182.91464292839242,93.65963079034299
182.92251394878608,56.75571180463388
182.93038496917976,12.112918170851902
182.9382559895734,187.9673611449001
182.94612700996709,57.841816039028444
182.95399803036074,71.19810896511241
182.96186905075442,15.138474394043417
182.96974007114807,27.10876642312763
182.97761109154175,3.259720303142983
182.98548211193543,30.55592448483302
182.99335313232908,18.172300919163224
183.00122415272276,77.10216778075628
183.0090951731164,39.262293862721755
183.0169661935101,4.918441868924877
183.02483721390374,38.54493531142056
183.03270823429742,82.30835031458119
183.04057925469107,97.25184932840075
183.04845027508475,3.2506959016439634
183.0563212954784,27.293283661889205
183.06419231587208,50.87778429694775
183.07206333626573,95.11745784451008
183.0799343566594,6.025490811892062
183.08780537705306,49.792994100861044
183.09567639744674,150.21591726525622
183.1035474178404,18.374244613384974
183.11141843823407,15.728684584443538
183.11928945862772,2.761170305670603
183.1271604790214,20.827575183706426
183.13503149941505,3.9387809035112022
183.14290251980873,15.78479070270476
183.15077354020238,97.25458264542426
183.15864456059606,71.67432454234628
183.1665155809897,20.681857353142014
183.1743866013834,70.45779892232892
183.18225762177704,18.447531608009342
183.19012864217072,144.295896152355
183.19799966256437,23.956361915524123
183.20587068295805,66.99629202014654
183.2137417033517,19.74600294057741
183.22161272374538,5.566001500847239
183.22948374413903,14.318777012101997
183.2373547645327,122.36838981238196
183.24522578492636,40.23783924254542
183.25309680532004,30.979264788896508
183.2609678257137,5.060194456339045
183.26883884610737,36.56168648459156
183.27670986650102,67.18915623431882
183.2845808868947,2.575762283172687
183.29245190728835,28.30921059081212
183.30032292768203,79.34400404215893
183.30819394807568,93.55596344619796
183.31606496846936,4.314679468513406
183.32393598886304,160.4509041631023
183.3318070092567,126.84083565653148
183.33967802965037,52.01804621640212
183.34754905004402,15.26055653034648
183.3554200704377,62.14545206189651
183.36329109083135,120.59679471279313
183.37116211122503,9.384474092933303
183.37903313161868,6.520466291558266
183.38690415201236,99.2502823067468
183.394775172406,4.7697093420049095
183.4026461927997,8.852081177367829
183.41051721319334,18.75744339956786
183.41838823358702,20.119089008513516
183.42625925398067,19.565288529201347
183.43413027437435,1.3594167855879487
183.442001294768,27.752419910130456
183.44987231516168,22.763685546764176
183.45774333555534,5.061370966627154
183.46561435594901,0.02574244828686156
183.47348537634267,13.615633495785376
183.48135639673635,18.899499398330022
183.48922741713,43.3315986395183
183.49709843752368,31.94589413808334
183.50496945791733,87.17939120782846
183.512840478311,11.027812412405586
183.52071149870466,56.61800721318637
183.52858251909834,15.755094728976648
183.536453539492,59.193613535325554
183.54432455988567,13.5428754775368
183.55219558027932,222.60815931322503
183.560066600673,52.94698470754497
183.56793762106665,53.47108127344541
183.57580864146033,14.460580858328958
183.58367966185398,91.81149119836113
183.59155068224766,59.972600827874274
183.5994217026413,5.428589122600717
183.607292723035,27.836131112323134
183.61516374342864,12.460861530833009
183.62303476382232,45.92496797013989
183.63090578421597,12.834335676491637
183.63877680460965,48.58496116638339
183.6466478250033,32.95336265959396
183.65451884539698,40.30380377232419
183.66238986579066,94.1444091867535
183.6702608861843,3.3485424637526013
183.678131906578,15.283264394345313
183.68600292697164,95.6221237504528
183.69387394736532,54.871480203964474
183.70174496775897,26.99365631521517
183.70961598815265,59.877929541594405
183.7174870085463,25.115993954750742
183.72535802893998,8.629826289160219
183.73322904933363,24.86922367391968
183.7411000697273,107.39408641091883
183.74897109012096,0.15509899595646198
183.75684211051464,25.296869554829218
183.7647131309083,9.341213293492062
183.77258415130197,243.01418987105183
183.78045517169562,4.9049056818044825
183.7883261920893,14.810599442364767
183.79619721248295,0.7541982228997419
183.80406823287663,25.485713381539508
183.81193925327028,6.8362174302686185
183.81981027366396,10.772784678753803
183.8276812940576,43.023702756876524
183.8355523144513,34.519811203540584
183.84342333484494,69.65887156929801
183.85129435523862,3.6812750092494735
183.85916537563227,9.38451744590327
183.86703639602595,20.746531741376693
183.8749074164196,14.102520138919434
183.88277843681328,138.62215982861625
183.89064945720693,6.584009142837145
183.8985204776006,17.176130981734023
183.90639149799426,58.627569412157364
183.91426251838794,3.879937725472304
183.9221335387816,4.982250413772283
183.93000455917527,17.444564500565605
183.93787557956892,90.8603143344844
183.9457465999626,16.65756437028847
183.95361762035625,5.780721104192339
183.96148864074993,5.9142019781673945
183.96935966114359,10.814278250124426
183.97723068153726,29.66111272488767
183.98510170193092,97.36200839126535
183.9929727223246,26.240323168953374
184.00084374271827,7.819433051105491
184.00871476311193,16.46088838428108
184.0165857835056,90.8625185814916
184.02445680389926,17.644351513901288
184.03232782429293,17.312742368274826
184.04019884468659,29.11053335105903
184.04806986508027,33.06873175411891
184.05594088547392,6.134493832740198
184.0638119058676,0.9195368961245922
184.07168292626125,39.17329718844789
184.07955394665493,25.788057862540377
184.08742496704858,4.6589216210813005
184.09529598744226,5.009221009980831
184.1031670078359,18.73416298109282
184.1110380282296,4.562519253664511
184.11890904862324,32.492724316410026
184.12678006901692,4.370421950037912
184.13465108941057,104.74487884118408
184.14252210980425,0.4335343239362351
184.1503931301979,3.923233569100903
184.15826415059158,0.7901302908230666
184.16613517098523,0.7897735356121972
184.1740061913789,5.740058793023874
184.18187721177256,2.941165633421225
184.18974823216624,13.605377369557223
184.1976192525599,30.86948366306959
184.20549027295357,40.65730075474155
184.21336129334722,0.6623098711965227
184.2212323137409,44.47002016223703
184.22910333413455,142.87000736618114
184.23697435452823,19.438490274791974
184.24484537492188,4.741453008163828
184.25271639531556,29.16876383379079
184.2605874157092,76.53720147033563
184.2684584361029,80.12205459360715
184.27632945649654,24.38196248968328
184.28420047689022,115.82136797492747
184.29207149728387,22.028776902027612
184.29994251767755,11.593961503841005
184.3078135380712,33.86215501487542
184.31568455846488,66.02976631955194
184.32355557885853,16.32566492420541
184.3314265992522,49.90649341200744
184.3392976196459,7.806525429913581
184.34716864003954,22.969887353119788
184.35503966043322,16.041331225993424
184.36291068082687,10.426666413813003
184.37078170122055,4.614223986047926
184.3786527216142,8.27934219131006
184.38652374200788,2.343747074973344
184.39439476240153,3.1905424229772534
184.4022657827952,0.8903858074460054
184.41013680318886,1.0888535385625482
184.41800782358254,3.3295309296276177
184.4258788439762,5.571869065172577
184.43374986436987,3.124844368227172
184.44162088476352,25.865169414580762
184.4494919051572,1.1527580562750483
184.45736292555085,3.049825973132408
184.46523394594453,16.848627860257693
184.47310496633818,33.395561918528465
184.48097598673186,89.77074885630094
184.4888470071255,50.31756484237412
184.4967180275192,34.26678701326654
184.50458904791284,0.14983168918242104
184.51246006830652,24.6142047195493
184.52033108870017,17.987001283538902
184.52820210909385,13.779495384655311
184.5360731294875,4.698355428221015
184.54394414988118,19.12668353629353
184.55181517027484,56.64909522863043
184.55968619066851,1.9102483066581988
184.56755721106217,2.0013079131259643
184.57542823145585,6.861952704529639
184.5832992518495,1.8813355794403253
184.59117027224318,19.22075315376444
184.59904129263683,163.4522991930913
184.6069123130305,83.1008113553901
184.61478333342416,35.656587718384
184.62265435381784,8.548575534862358
184.6305253742115,85.04128033616436
184.63839639460517,8.525270812296567
184.64626741499882,0.03566419433092267
184.6541384353925,27.711189303763955
184.66200945578615,134.09119004624205
184.66988047617983,32.472233410437056
184.6777514965735,3.1519904277146145
184.68562251696716,22.782053956132287
184.69349353736084,0.7727918657447754
184.7013645577545,20.431640463219555
184.70923557814817,43.89737534125551
184.71710659854182,56.17123729727822
184.7249776189355,13.59897960226212
184.73284863932915,14.935177160079684
184.74071965972283,17.363310229267352
184.74859068011648,2.0584783725986724
184.75646170051016,96.94005864411382
184.7643327209038,84.89084898255489
184.7722037412975,18.371330221157706
184.78007476169114,68.25052810298783
184.78794578208482,115.6739049627251
184.79581680247847,29.279413044741176
184.80368782287215,103.26020759311031
184.8115588432658,3.1039199040878405
184.81942986365948,67.48739768089233
184.82730088405313,30.34941283597357
184.8351719044468,30.405928329404155
184.84304292484046,36.66197123501139
184.85091394523414,189.75399453324994
184.8587849656278,119.83542109492527
184.86665598602147,14.663729995325749
184.87452700641512,3.6677427261116984
184.8823980268088,37.244098972290416
184.89026904720245,4.252310537251557
184.89814006759613,42.023727830073426
184.90601108798978,30.19863571621086
184.91388210838346,72.44549400874351
184.9217531287771,152.83274117214938
184.9296241491708,7.115732549753771
184.93749516956444,9.020345873659213
184.94536618995812,12.147629789598769
184.95323721035177,36.734469880644674
184.96110823074545,7.427545137599742
184.9689792511391,15.776580905754104
184.97685027153278,28.50144316759398
184.98472129192643,31.117591966491037
184.9925923123201,45.13013289631697
185.00046333271376,114.47201761703204
185.00833435310744,28.64360856661264
185.01620537350112,8.274605979410316
185.02407639389477,1.280388578304351
185.03194741428845,2.211691468326705
185.0398184346821,60.328444318851055
185.04768945507578,12.181519904923832
185.05556047546943,1.2553777513713198
185.0634314958631,14.194811160769197
185.07130251625676,47.33980705003621
185.07917353665044,7.9224693416945575
185.0870445570441,158.61338522925638
185.09491557743777,27.435231007793845
185.10278659783143,64.6361521163658
185.1106576182251,1.8702828860964784
185.11852863861876,165.96492782635966
185.12639965901243,2.65227125328228
185.1342706794061,95.80851979839723
185.14214169979977,152.37312039410074
185.15001272019342,34.68274474959568
185.1578837405871,28.005115581742402
185.16575476098075,18.897439078667798
185.17362578137443,29.395084303275816
185.18149680176808,111.36049078395324
185.18936782216176,47.94498157286535
185.1972388425554,12.343455767885231
185.2051098629491,9.703972331388348
185.21298088334274,5.695313149234215
185.22085190373642,298.59690168710523
185.22872292413007,183.00318038159185
185.23659394452375,16.00616071693929
185.2444649649174,30.235323647571644
185.25233598531108,126.16603522470912
185.26020700570473,53.74676406991556
185.2680780260984,12.632976155810566
185.27594904649206,21.913182328091317
185.28382006688574,0.9710198245353882
185.2916910872794,2.18789828004578
185.29956210767307,100.83164680257283
185.30743312806672,2.8910959424014897
185.3153041484604,4.13064844701002
185.32317516885405,36.59401628905238
185.33104618924773,42.061633584429266
185.33891720964138,22.824070504527832
185.34678823003506,27.070740864943282
185.35465925042874,27.207395543429463
185.3625302708224,6.966925379666413
185.37040129121607,2.7739278610399514
185.37827231160972,49.96071625645965
185.3861433320034,7.495048059600091
185.39401435239705,6.6940278488489895
185.40188537279073,115.52444326771203
185.40975639318438,302.42345523510636
185.41762741357806,199.81642630874614
185.4254984339717,109.08736197662141
185.4333694543654,44.72387726077103
185.44124047475904,4.517123414120053
185.44911149515272,19.87513952311538
185.45698251554637,26.69260108634147
185.46485353594005,33.58729230017425
185.4727245563337,3.4295993354086067
185.48059557672738,91.89622227421219
185.48846659712103,7.340615873055149
185.4963376175147,0.2417427627030301
185.50420863790836,0.7377129649422666
185.51207965830204,0.8602251926725089
185.5199506786957,15.179773613514866
185.52782169908937,13.346357604756877
185.53569271948302,18.260991726511985
185.5435637398767,46.053654008463575
185.55143476027035,23.993029623976977
185.55930578066403,0.8348479402969428
185.56717680105768,6.2494773961594765
185.57504782145136,46.883060229966745
185.58291884184501,2.180763464321075
185.5907898622387,104.55197453364553
185.59866088263234,154.17252812022838
185.60653190302602,28.257549825479746
185.61440292341968,15.23518392723622
185.62227394381335,0.11659188531225156
185.630144964207,38.84875661898918
185.63801598460068,20.89495703663637
185.64588700499434,38.004576976537784
185.65375802538802,51.36526229260141
185.66162904578167,6.700819682466494
185.66950006617535,19.506858532488433
185.677371086569,12.95002736000562
185.68524210696268,8.34240421731377
185.69311312735636,6.984351874532091
185.70098414775,41.832953329965996
185.70885516814369,9.220191765548327
185.71672618853734,50.03912002920686
185.72459720893102,11.504877641959947
185.73246822932467,5.706993444085099
185.74033924971835,39.29901853069118
185.748210270112,51.48493844896916
185.75608129050568,146.37707876804745
185.76395231089933,41.262172743948184
185.771823331293,23.099207566930875
185.77969435168666,34.57047959943033
185.78756537208034,67.42279468847056
185.795436392474,20.299133879958294
185.80330741286767,44.640296668958655
185.81117843326132,6.2526233206382615
185.819049453655,98.21026678536484
185.82692047404865,13.716431986396934
185.83479149444233,108.18427947709804
185.84266251483598,24.67325844691045
185.85053353522966,1.8639080977876932
185.8584045556233,7.357115438972889
185.866275576017,16.55856389145986
185.87414659641064,52.07687032783519
185.88201761680432,1.6151622138833566
185.88988863719797,9.599030579313203
185.89775965759165,0.5225344927325564
185.9056306779853,94.7120602010928
185.91350169837898,43.50859457918772
185.92137271877263,69.85527549034948
185.9292437391663,1.0529466703463422
185.93711475955996,58.67195374711822
185.94498577995364,154.09664526354297
185.9528568003473,4.916529533351139
185.96072782074097,7.841983199945852
185.96859884113462,43.018068025701425
185.9764698615283,2.216942423955423
185.98434088192195,3.3669164945773247
185.99221190231563,34.33660815099332
186.00008292270928,8.000680284284618
186.00795394310296,48.58186245556191
186.0158249634966,13.602762415328405
186.0236959838903,65.57315886267523
186.03156700428397,41.08552447443935
186.03943802467762,25.379659082170914
186.0473090450713,55.758045782900275
186.05518006546495,34.03222405165012
186.06305108585863,69.54634004399097
186.07092210625228,3.9031993535754848
186.07879312664596,18.473660908743497
186.0866641470396,3.827908351423237
186.0945351674333,14.27964071374539
186.10240618782694,53.607948297908294
186.11027720822062,5.07720548588036
186.11814822861427,2.7805155929690293
186.12601924900795,87.48921325885091
186.1338902694016,92.61579154974092
186.14176128979528,24.561857537776298
186.14963231018893,31.48551221743791
186.1575033305826,363.96616460143844
186.16537435097626,18.54817826716292
186.17324537136994,108.28788577971007
186.1811163917636,36.00052862961715
186.18898741215727,7.210721854671833
186.19685843255093,38.16577876644794
186.2047294529446,25.284776453331986
186.21260047333826,0.955310039894183
186.22047149373194,105.2207881580975
186.2283425141256,1.4481702099555769
186.23621353451927,102.72351808447526
186.24408455491292,16.25087094122834
186.2519555753066,3.978920339030386
186.25982659570025,19.29919644849833
186.26769761609393,53.68886530934054
186.27556863648758,73.55728537162253
186.28343965688126,84.76506689745324
186.2913106772749,88.95280597568316
186.2991816976686,119.80842999879664
186.30705271806224,14.104692638750338
186.31492373845592,155.79795312844394
186.32279475884957,18.867262048079418
186.33066577924325,28.46463090567029
186.3385367996369,44.71040395134992
186.34640782003058,153.5703193779213
186.35427884042423,12.035167971863023
186.3621498608179,6.742677791153766
186.3700208812116,16.56700776573628
186.37789190160524,24.074101135707718
186.38576292199892,93.35340594956904
186.39363394239257,1.1451949054453199
186.40150496278625,138.55821479652218
186.4093759831799,143.22845668955503
186.41724700357358,6.119989507751798
186.42511802396723,6.945279803531142
186.4329890443609,4.554248753400333
186.44086006475456,21.81049916001441
186.44873108514824,18.09466203734645
186.4566021055419,12.34516123481492
186.46447312593557,5.825560308815634
186.47234414632922,11.328669705650618
186.4802151667229,3.170559083146408
186.48808618711655,9.903092072317522
186.49595720751023,17.925810031038132
186.50382822790388,36.414720705675755
186.51169924829756,20.522528865938426
186.5195702686912,11.318085964633603
186.5274412890849,3.326824337583397
186.53531230947854,10.925327180036124
186.54318332987222,0.11516881309240491
186.55105435026587,70.5242447428774
186.55892537065955,90.07363505594313
186.5667963910532,17.360639067341356
186.57466741144688,76.43924666267012
186.58253843184053,49.77193651447187
186.5904094522342,26.134060163554487
186.59828047262786,0.9799629279062095
186.60615149302154,127.90950222896176
186.6140225134152,33.769930539811355
186.62189353380887,39.82898118811269
186.62976455420252,12.341615847488157
186.6376355745962,12.369037125983581
186.64550659498985,140.09333652650324
186.65337761538353,7.904306990296721
186.66124863577718,65.35311515167594
186.66911965617086,30.215181938230568
186.67699067656451,238.49395492172465
186.6848616969582,166.27164402706597
186.69273271735184,188.74542676969872
186.70060373774552,87.40276330738693
186.7084747581392,95.56781037788484
186.71634577853285,9.736438621056383
186.72421679892653,64.11707912110803
186.73208781932018,78.14388086922358
186.73995883971386,19.402729115810562
186.74782986010752,36.15788505097029
186.7557008805012,147.7755248556418
186.76357190089485,26.529104198907458
186.77144292128852,63.153177247135254
186.77931394168218,12.131912440339534
186.78718496207586,22.60647290154349
186.7950559824695,46.81585681899881
186.80292700286319,17.65076186303901
186.81079802325684,46.57812235677976
186.81866904365052,94.82402000974812
186.82654006404417,15.290439272138215
186.83441108443785,95.1569044750249
186.8422821048315,48.96441907304794
186.85015312522518,21.253662341768752
186.85802414561883,2.0441912885544213
186.8658951660125,43.505260039348414
186.87376618640616,28.118188120351018
186.88163720679984,2.8150226315907534
186.8895082271935,9.120977252524852
186.89737924758717,33.44935439978799
186.90525026798082,14.699329752659299
186.9131212883745,0.9604346751863952
186.92099230876815,8.929675140179398
186.92886332916183,3.2073999454333175
186.93673434955548,57.46448289876411
186.94460536994916,34.781345535082835
186.9524763903428,100.85523201729377
186.9603474107365,44.48355657668609
186.96821843113014,41.40520800476026
186.97608945152382,233.86736638321673
186.98396047191747,136.04602877873694
186.99183149231115,5.088741559486772
186.9997025127048,29.23242974705015
187.00757353309848,72.26493367905688
187.01544455349213,12.088412428449912
187.0233155738858,96.6418095045132
187.03118659427946,57.49794326184793
187.03905761467314,11.91223088311275
187.04692863506682,10.276503658704655
187.05479965546047,48.98281930194502
187.06267067585415,5.788462529850754
187.0705416962478,12.066624867805753
187.07841271664148,10.837865459461147
187.08628373703513,40.65790450155316
187.0941547574288,2.6375610546757913
187.10202577782246,5.797092303517549
187.10989679821614,116.59005207753182
187.1177678186098,0.5216195314909376
187.12563883900347,82.77316394320783
187.13350985939712,76.71341422954356
187.1413808797908,39.28353256041343
187.14925190018445,102.57167368843086
187.15712292057813,101.73213487947629
187.16499394097178,24.73190589987293
187.17286496136546,124.239370633393
187.1807359817591,8.011107954555234
187.1886070021528,22.88539042757146
187.19647802254644,37.11349406598518
187.20434904294012,7.959774289020455
187.21222006333377,11.968708964305208
187.22009108372745,43.95668404925873
187.2279621041211,69.72234076284943
187.23583312451478,135.65886852171494
187.24370414490843,3.1109843429480843
187.2515751653021,279.6242682461978
187.25944618569577,27.202662957515177
187.26731720608944,139.729928734228
187.2751882264831,21.08840749900133
187.28305924687677,51.837391738716136
187.29093026727043,82.76232608363222
187.2988012876641,38.55542310910602
187.30667230805776,11.838138610217843
187.31454332845144,56.11419800780254
187.3224143488451,188.81393257794264
187.33028536923877,6.305945892325504
187.33815638963242,55.49536918072822
187.3460274100261,48.10399315558116
187.35389843041975,71.41520048312748
187.36176945081343,18.514699560677226
187.3696404712071,5.454522643381159
187.37751149160076,16.14582725945941
187.38538251199444,163.48117968107783
187.3932535323881,20.42036032257478
187.40112455278177,6.327041669232936
187.40899557317542,13.3723286227937
187.4168665935691,17.48214414716673
187.42473761396275,12.62933679275877
187.43260863435643,116.0501533107853
187.44047965475008,104.40161748111778
187.44835067514376,62.21475987549821
187.4562216955374,40.38857545486569
187.4640927159311,37.55962700686334
187.47196373632474,105.60242742820942
187.47983475671842,42.869472641502995
187.48770577711207,56.960887593756105
187.49557679750575,125.39568097214875
187.5034478178994,18.47308206900406
187.51131883829308,55.943976227013636
187.51918985868673,14.477357659413517
187.5270608790804,77.75726280316051
187.53493189947406,9.411372961765133
187.54280291986774,9.708500431110627
187.5506739402614,13.59824741495311
187.55854496065507,111.3805481970027
187.56641598104872,27.258149433322828
187.5742870014424,46.027035143002045
187.58215802183605,115.46095613245515
187.59002904222973,73.35939393203604
187.59790006262338,1.3799795592208823
187.60577108301706,97.55645076875163
187.6136421034107,26.608386598982833
187.6215131238044,56.093947479597965
187.62938414419804,32.29875178657818
187.63725516459172,27.812220351255387
187.64512618498537,28.142465676469357
187.65299720537905,6.531793175026701
187.6608682257727,55.900591574651365
187.66873924616638,15.858762844453905
187.67661026656003,89.5029374549027
187.6844812869537,5.013469617144375
187.69235230734736,40.030678276097916
187.70022332774104,80.77974889428592
187.70809434813472,5.387183607209591
187.71596536852837,25.320130043539027
187.72383638892205,169.35141737763522
187.7317074093157,14.726256326460055
187.73957842970938,59.94469503695145
187.74744945010303,19.932279572746765
187.7553204704967,91.34133191596757
187.76319149089036,51.586894655158915
187.77106251128404,224.0108823528899
187.7789335316777,36.80521047991234
187.78680455207137,32.57723249408288
187.79467557246502,42.81181860214864
187.8025465928587,2.6826065653829083
187.81041761325235,40.88174418511145
187.81828863364603,20.6343718342757
187.82615965403969,1.9584237872135333
187.83403067443336,27.98568514708735
187.84190169482702,33.91743348913117
187.8497727152207,112.4302900687742
187.85764373561435,7.430119488314589
187.86551475600803,18.931262956191894
187.87338577640168,34.63339391193184
187.88125679679536,17.207376337782815
187.889127817189,46.17106868396525
187.8969988375827,12.257714404851786
187.90486985797634,211.40945473621298
187.91274087837002,1.0152036923643166
187.92061189876367,67.84348436605511
187.92848291915735,43.470653432397384
187.936353939551,20.835050690008096
187.94422495994468,51.617685829691666
187.95209598033833,18.636486112671466
187.959967000732,25.128509571126532
187.96783802112566,15.183708925491874
187.97570904151934,19.129419934299747
187.983580061913,30.840320764504476
187.99145108230667,9.50389819424008
187.99932210270032,67.17703918813514
188.007193123094,19.320320363875663
188.01506414348765,82.46493304393461
188.02293516388133,63.30400943271975
188.03080618427498,18.860145858395743
188.03867720466866,11.906788557551536
188.04654822506234,13.53962161197062
188.054419245456,47.47798341691719
188.06229026584967,15.652788496712835
188.07016128624332,4.557626856746139
188.078032306637,6.890824864975317
188.08590332703065,27.695287427659252
188.09377434742433,1.648374558887128
188.10164536781798,28.53110967032554
188.10951638821166,13.424509471728102
188.1173874086053,22.622382026613124
188.125258428999,34.521304442963626
188.13312944939264,16.76422233680739
188.14100046978632,3.8871015946168765
188.14887149017997,385.87986252914266
188.15674251057365,29.866615919061278
188.1646135309673,19.420352017863426
188.17248455136098,20.441770013318312
188.18035557175463,1.1995711589131026
188.1882265921483,22.299214433231974
188.19609761254196,58.31969964968394
188.20396863293564,65.56775672311387
188.2118396533293,202.49598779720947
188.21971067372297,0.5997085766779613
188.22758169411662,3.131129013029605
188.2354527145103,31.194007645812597
188.24332373490395,53.354256077108325
188.25119475529763,56.02120025885338
188.25906577569128,13.626132678077722
188.26693679608496,58.00476718168645
188.2748078164786,194.84955198150632
188.2826788368723,141.0622923336043
188.29054985726594,2.8641822197341695
188.29842087765962,48.65144291313776
188.30629189805327,149.67757976270565
188.31416291844695,19.902964040456663
188.3220339388406,0.935963570017001
188.32990495923428,6.213688110387169
188.33777597962793,31.885122448171643
188.34564700002161,46.21712286175118
188.35351802041527,2.0578943723686516
188.36138904080894,21.689650922334497
188.3692600612026,6.075854887795659
188.37713108159627,3.2688950172565936
188.38500210198995,16.366033823361285
188.3928731223836,21.766891951911873
188.40074414277728,146.22689529323048
188.40861516317094,8.043443343249335
188.41648618356461,10.88780780273892
188.42435720395827,1.4146868781189854
188.43222822435195,7.606083522266148
188.4400992447456,45.85721945649908
188.44797026513928,108.85405785688219
188.45584128553293,62.67521339190442
188.4637123059266,19.83942531635924
188.47158332632026,7.359094810510042
188.47945434671394,91.8519311450492
188.4873253671076,126.49564171170101
188.49519638750127,9.523390120789106
188.50306740789492,15.340108389545938
188.5109384282886,14.579144695381775
188.51880944868225,74.92793797304074
188.52668046907593,0.4764350270038209
188.53455148946958,12.834780636864428
188.54242250986326,14.458013217653047
188.5502935302569,20.155782422204553
188.5581645506506,34.42613370565352
188.56603557104424,9.926024896235122
188.57390659143792,19.866806465286004
188.58177761183157,167.81849732564194
188.58964863222525,40.03418439802447
188.5975196526189,6.899403719747657
188.60539067301258,28.097689404530122
188.61326169340623,46.08981130098044
188.6211327137999,25.14233232198833
188.62900373419356,38.37260064421886
188.63687475458724,6.5440763183055966
188.6447457749809,15.033036067405462
188.65261679537457,2.6521160990002146
188.66048781576822,140.0448001150589
188.6683588361619,6.367577096434082
188.67622985655555,14.643411152511204
188.68410087694923,46.748843934750624
188.69197189734288,2.8888530637344516
188.69984291773656,44.31818515830059
188.7077139381302,18.0452143034631
188.7155849585239,5.338709824828429
188.72345597891757,15.128419969885861
188.73132699931122,6.289117013315775
188.7391980197049,5.854015415646989
188.74706904009855,60.07370437994567
188.75494006049223,3.0570523861600742
188.76281108088588,1.387404944382553
188.77068210127956,20.659446615243073
188.7785531216732,45.836283103915164
188.7864241420669,16.23220705478577
188.79429516246054,17.25597491622465
188.80216618285422,6.876230676896637
188.81003720324787,45.48137290888205
188.81790822364155,22.729808745988212
188.8257792440352,1.9777126188429355
188.83365026442888,52.49943347212838
188.84152128482253,29.768044553038678
188.8493923052162,49.792837934225005
188.85726332560986,7.39836015769392
188.86513434600354,1.8484126514912897
188.8730053663972,40.513182991670185
188.88087638679087,9.502708948939828
188.88874740718452,0.5857682619931642
188.8966184275782,9.350181165389197
188.90448944797186,38.61467632269991
188.91236046836553,13.733063858711974
188.92023148875919,10.853291826218681
188.92810250915286,24.806916415667494
188.93597352954652,27.6712674851563
188.9438445499402,2.972062005453982
188.95171557033385,20.069759445745735
188.95958659072753,31.05853433804614
188.96745761112118,3.55203619551103
188.97532863151486,15.871154787304146
188.9831996519085,9.386971633698751
188.9910706723022,0.43241036580419756
188.99894169269584,3.2378040418125007
189.00681271308952,30.166043549835727
189.01468373348317,49.985732392958006
189.02255475387685,13.298227897298856
189.0304257742705,28.600203692275212
189.03829679466418,89.09569284956034
189.04616781505783,10.225948977740842
189.0540388354515,9.433377353650135
189.0619098558452,4.746798185818839
189.06978087623884,0.11548046421282651
189.07765189663252,54.17873968568389
189.08552291702617,9.026485286736769
189.09339393741985,5.33516023717706
189.1012649578135,7.998981762812082
189.10913597820718,16.107164808507036
189.11700699860083,12.877440504356427
189.1248780189945,50.100263442307
189.13274903938816,30.067666601724394
189.14062005978184,13.206626724981758
189.1484910801755,122.4553928367539
189.15636210056917,232.04957101752007
189.16423312096282,20.856903451831624
189.1721041413565,322.15663595447927
189.17997516175015,26.738278255630885
189.18784618214383,0.76467081315954
189.19571720253748,12.642103511315826
189.20358822293116,106.49788476343412
189.2114592433248,136.1521074205599
189.2193302637185,162.41974112178337
189.22720128411214,19.992746750328678
189.23507230450582,12.37712122673332
189.24294332489947,116.2831473133016
189.25081434529315,68.78972939785791
189.2586853656868,1.6613812032331865
189.26655638608048,26.149989529640084
189.27442740647413,1.2274890919075312
189.2822984268678,128.48362619589182
189.29016944726146,7.34585095562761
189.29804046765514,14.726157611698145
189.3059114880488,29.92755172163042
189.31378250844247,41.708708994591454
189.32165352883612,43.05721088940418
189.3295245492298,161.29209163873594
189.33739556962345,62.30816381949555
189.34526659001713,11.368700304385742
189.35313761041078,14.360129274736831
189.36100863080446,60.77237546565746
189.3688796511981,30.08004073326226
189.3767506715918,0.6428588825581257
189.38462169198544,37.729201402236285
189.39249271237912,116.6312875373868
189.4003637327728,42.14113595393282
189.40823475316645,9.911981232260565
189.41610577356013,384.8554245016396
189.42397679395378,14.61069563456351
189.43184781434746,32.15343542427857
189.43971883474111,38.96162339963979
189.4475898551348,72.7645696323343
189.45546087552844,18.259440851614876
189.46333189592212,7.300916715371429
189.47120291631578,48.99180797377036
189.47907393670945,2.606301517199323
189.4869449571031,36.20922499820469
189.49481597749678,171.08825853452686
189.50268699789044,2.8455444215374173
189.51055801828412,20.024399102615067
189.51842903867777,27.226836144459195
189.52630005907145,67.7396314186676
189.5341710794651,32.78865077982827
189.54204209985878,46.9420940034011
189.54991312025243,43.290416006448595
189.5577841406461,86.07667366254952
189.56565516103976,20.502679558891675
189.57352618143344,14.39930642919364
189.5813972018271,0.5103635188464701
189.58926822222077,4.9706195497716665
189.59713924261442,39.12578870841319
189.6050102630081,40.1045964436715
189.61288128340175,100.09110216036682
189.62075230379543,39.04341029798583
189.62862332418908,43.129722550745306
189.63649434458276,3.8942694793697155
189.6443653649764,16.04821027512337
189.6522363853701,27.538523816682964
189.66010740576374,10.775393616710353
189.66797842615742,106.28552975918507
189.67584944655107,79.2281007836049
189.68372046694475,13.89633469818589
189.6915914873384,87.17384242357565
189.69946250773208,24.36584417410033
189.70733352812573,0.9132165355868549
189.7152045485194,1.3660662811907587
189.72307556891306,20.08823321764266
189.73094658930674,99.32566515462256
189.73881760970042,1.2431756750445926
189.74668863009407,7.97405213198483
189.75455965048775,77.16993604446111
189.7624306708814,60.0719667533909
189.77030169127508,4.115023108951002
189.77817271166873,45.86551825319092
189.7860437320624,5.904689483820443
189.79391475245606,19.893024688138162
189.80178577284974,39.352907669089056
189.8096567932434,18.32335070533386
189.81752781363707,32.40833718514866
189.82539883403072,0.5501948879520383
189.8332698544244,36.12732900034533
189.84114087481805,13.320733627123056
189.84901189521173,15.453764618970464
189.85688291560538,42.78502361630587
189.86475393599906,2.3887005923224165
189.8726249563927,9.797508631896138
189.8804959767864,22.352351595023272
189.88836699718004,3.5937286855929207
189.89623801757372,39.235230233649204
189.90410903796737,76.8990653712216
189.91198005836105,81.40901970671935
189.9198510787547,27.448532394824998
189.92772209914838,4.786715114976729
189.93559311954203,7.801716494457899
189.9434641399357,21.510327501259425
189.95133516032936,79.62650920608861
189.95920618072304,6.96702432768623
189.9670772011167,28.371932813338557
189.97494822151037,94.6149303728045
189.98281924190402,55.57921883742223
189.9906902622977,12.26607953657831
189.99856128269136,59.588304097006464
190.00643230308503,4.696145120584112
190.01430332347869,66.75840315246083
190.02217434387236,22.973955400625645
190.03004536426602,41.721939016376766
190.0379163846597,83.34107554145609
190.04578740505335,135.33124323846496
190.05365842544703,13.255952036339238
190.06152944584068,13.489177904298016
190.06940046623436,2.7053793475683636
190.07727148662804,16.24034068537081
190.0851425070217,4.609116663570473
190.09301352741537,0.2181538276357136
190.10088454780902,94.06966138072288
190.1087555682027,7.62412647912942
190.11662658859635,20.60725911876259
190.12449760899003,29.397563180820004
190.13236862938368,175.91129689672738
190.14023964977736,23.627770625893135
190.148110670171,9.290761812632025
190.1559816905647,27.96133787601477
190.16385271095834,53.82894971981937
190.17172373135202,10.040352447678798
190.17959475174567,16.374936812027578
190.18746577213935,113.84802132419311
190.195336792533,38.48300010207613
190.20320781292668,34.4342800955398
190.21107883332033,89.82736462379657
190.218949853714,94.48362293149961
190.22682087410766,45.069910297861014
190.23469189450134,2.834466439466996
190.242562914895,50.365599163618725
190.25043393528867,6.770060385151932
190.25830495568232,41.61428148549385
190.266175976076,2.090975387761517
190.27404699646965,17.98766127138212
190.28191801686333,0.9103819281683994
190.28978903725698,4.16719995587569
190.29766005765066,12.226296995622949
190.3055310780443,28.725096293016275
190.313402098438,46.877033552334964
190.32127311883164,32.47538346001929
190.32914413922532,22.656926375553187
190.33701515961897,43.36007663456655
190.34488618001265,2.277436773168376
190.3527572004063,42.87485753034461
190.36062822079998,19.9228601939263
190.36849924119363,3.9361972910896244
190.3763702615873,2.036908131737345
190.38424128198096,16.756349314917074
190.39211230237464,17.959358667188567
190.3999833227683,4.49377999998026
190.40785434316197,21.089907772713495
190.41572536355565,9.635320178377373
190.4235963839493,23.50062068097361
190.43146740434298,38.9512817178208
190.43933842473663,16.545175356385254
190.4472094451303,22.12134244888726
190.45508046552396,2.6352102108343183
190.46295148591764,15.081372685619778
190.4708225063113,21.377067602300993
190.47869352670497,14.571168823275228
190.48656454709862,24.361483652818354
190.4944355674923,13.935524058864189
190.50230658788595,84.25992731250405
190.51017760827963,0.37837379620439254
190.51804862867328,7.977196306006944
190.52591964906696,7.783145918904951
190.53379066946061,198.2517072046458
190.5416616898543,62.03894279343545
190.54953271024795,19.37725458776041
190.55740373064162,5.805659628658351
190.56527475103528,13.70959611761833
190.57314577142895,9.123429472430848
190.5810167918226,29.16778355186673
190.58888781221629,1.2361482080157995
190.59675883260994,13.485951022528045
190.60462985300362,10.059846707281373
190.61250087339727,1.0413202114859061
190.62037189379095,40.42695495498168
190.6282429141846,36.123700344956745
190.63611393457828,16.80582115393205
190.64398495497193,54.17777265107382
190.6518559753656,2.4804125716584697
190.65972699575926,9.56322137188763
190.66759801615294,14.136156278144881
190.6754690365466,132.27741361678122
190.68334005694027,60.72162730677604
190.69121107733392,10.673009265784662
190.6990820977276,0.6037294833429888
190.70695311812125,9.057361138239584
190.71482413851493,11.140968030746041
190.72269515890858,70.5665740779857
190.73056617930226,18.048254736802704
190.7384371996959,29.48043550548318
190.7463082200896,1.561331584752411
190.75417924048327,1.067979890822527
190.76205026087692,5.56485477887332
190.7699212812706,10.812136769853291
190.77779230166425,15.551785501985657
190.78566332205793,26.013712151500446
190.79353434245158,59.81743979689631
190.80140536284526,58.96081001354379
190.8092763832389,28.27777310000451
190.8171474036326,77.68244806911024
190.82501842402624,11.893489773873913
190.83288944441992,10.18430673544045
190.84076046481357,104.36414543951074
190.84863148520725,3.3057912799521234
190.8565025056009,5.540968871533273
190.86437352599458,124.561216859778
190.87224454638823,5.63551769987363
190.8801155667819,28.04296907477989
190.88798658717556,32.85530154089473
190.89585760756924,7.906974481823615
190.9037286279629,1.139780598110005
190.91159964835657,5.298616881244694
190.91947066875022,4.657558030257503
190.9273416891439,198.5229590550276
190.93521270953755,35.167448481488144
190.94308372993123,4.1576611448807075
190.95095475032488,21.292960401761906
190.95882577071856,18.113151427292443
190.9666967911122,8.402817940965724
190.9745678115059,3.8753482210729207
190.98243883189954,2.5588201133767132
190.99030985229322,14.538826817571064
190.99818087268687,1.4574573813334935
191.00605189308055,2.8070757931603256
191.0139229134742,65.20530153314031
191.02179393386788,20.14706534759986
191.02966495426153,12.726350305049422
191.0375359746552,8.845014655407585
191.04540699504886,106.57023969334892
191.05327801544254,75.29199850030486
191.0611490358362,203.80494716393673
191.06902005622987,131.56287494650397
191.07689107662353,25.48602460945037
191.0847620970172,1.9056111491736725
191.09263311741088,22.393035793024705
191.10050413780453,18.412405677246138
191.1083751581982,34.95877600291822
191.11624617859187,5.076505019850381
191.12411719898554,82.95810841325142
191.1319882193792,61.668431268856615
191.13985923977287,114.94397178670755
191.14773026016653,42.670598594708835
191.1556012805602,7.028526660110682
191.16347230095386,120.23627246567408
191.17134332134754,40.045655056671016
191.1792143417412,146.79778490197813
191.18708536213487,31.126223696283663
191.19495638252852,13.477721615715284
191.2028274029222,9.762523979333878
191.21069842331585,12.07937625358363
191.21856944370953,35.47128965761125
191.22644046410318,31.144588297112158
191.23431148449686,13.867817366526888
191.2421825048905,1.5829596789796774
191.2500535252842,15.416857167081
191.25792454567784,17.333323662390672
191.26579556607152,28.784153938355935
191.27366658646517,2.918972560893977
191.28153760685885,13.98650872322632
191.2894086272525,201.76417640731216
191.29727964764618,11.602694479884672
191.30515066803983,98.7549432517326
191.3130216884335,11.18174920148568
191.32089270882716,0.0546294757001696
191.32876372922084,47.164106408602024
191.3366347496145,106.66975199491804
191.34450577000817,128.20883478470375
191.35237679040182,3.8918851304519624
191.3602478107955,1.171688931128035
191.36811883118915,31.482876178446567
191.37598985158283,7.1833746250296295
191.38386087197648,53.854417218864
191.39173189237016,8.830040036451068
191.3996029127638,0.5798041686780084
191.4074739331575,14.797767092776741
191.41534495355114,46.0526436901336
191.42321597394482,40.08575361866181
191.4310869943385,98.06182831962707
191.43895801473215,92.179027833699
191.44682903512583,3.0189742200448837
191.45470005551948,26.865562642800146
191.46257107591316,7.218412422309194
191.4704420963068,50.00960408977827
191.4783131167005,12.425729388003928
191.48618413709414,46.00576095059947
191.49405515748782,102.37312449736667
191.50192617788147,9.128915496857825
191.50979719827515,46.14643164241745
191.5176682186688,24.677990306643917
191.52553923906248,40.1154372895541
191.53341025945613,34.327529054234944
191.5412812798498,29.440334294979436
191.54915230024346,4.172968316539106
191.55702332063714,8.659261957417709
191.5648943410308,5.682496157905768
191.57276536142447,22.626681344636367
191.58063638181812,1.921535226764987
191.5885074022118,7.919491965935476
191.59637842260545,36.03736843421173
191.60424944299913,3.340812970028309
191.61212046339278,13.872475207318045
191.61999148378646,13.667280205878896
191.62786250418011,94.94745435617361
191.6357335245738,48.48287453591971
191.64360454496745,155.3352633396396
191.65147556536112,90.33787215060816
191.65934658575478,41.87642958334632
191.66721760614845,50.10807934610655
191.6750886265421,35.86999743147985
191.68295964693579,61.49752335173903
191.69083066732944,27.174561785986928
191.69870168772312,17.84397247035275
191.70657270811677,80.804151587839
191.71444372851045,96.44758632754719
191.7223147489041,11.228217175247705
191.73018576929778,8.095990604925175
191.73805678969143,26.42239567401401
191.7459278100851,225.30802563115753
191.75379883047876,97.91258368183227
191.76166985087244,117.91370572270067
191.76954087126612,59.48822877258073
191.77741189165977,34.072391617771615
191.78528291205345,107.11218910504178
191.7931539324471,110.36224121875001
191.80102495284078,265.14754783448825
191.80889597323443,12.755025305743615
191.8167669936281,74.39716506748312
191.82463801402176,13.661408195152474
191.83250903441544,4.874743473301429
191.8403800548091,69.96626721505541
191.84825107520277,2.0816889234311433
191.85612209559642,151.6224253271645
191.8639931159901,8.870325067451489
191.87186413638375,200.44005215228648
191.87973515677743,4.3501121730133026
191.88760617717108,32.327150189295836
191.89547719756476,13.43109026169629
191.9033482179584,21.273038793387613
191.9112192383521,6.30128002343788
191.91909025874574,3.205514036300131
191.92696127913942,79.77350051460145
191.93483229953307,19.610101973610494
191.94270331992675,4.925359451437801
191.9505743403204,34.345727543272915
191.95844536071408,15.325651620280874
191.96631638110773,12.20469134438834
191.9741874015014,2.8997930289045293
191.98205842189506,1.9168857406468751
191.98992944228874,69.64635456488492
191.9978004626824,29.21385957749452
192.00567148307607,22.192336852676622
192.01354250346972,12.529430913018698
192.0214135238634,17.686649706444125
192.02928454425705,25.238240984896407
192.03715556465073,19.852924445145725
192.04502658504438,2.492050062482009
192.05289760543806,48.322343929730984
192.0607686258317,19.195565759771345
192.0686396462254,91.53208262569105
192.07651066661904,28.840843813002248
192.08438168701272,93.6093955755511
192.09225270740637,24.713284235432802
192.10012372780005,77.97804765747647
192.10799474819373,139.3520916544108
192.11586576858738,17.15769612492805
192.12373678898106,184.55748598763304
192.1316078093747,40.431500567916885
192.1394788297684,5.759095118524249
192.14734985016204,0.7563047771212134
192.15522087055572,25.11260383416234
192.16309189094937,23.825482963823923
192.17096291134305,8.203233844844796
192.1788339317367,58.000714339342224
192.18670495213038,38.075961669104764
192.19457597252404,3.520558393266443
192.20244699291771,181.19237062703408
192.21031801331137,2.7757217006692416
192.21818903370504,55.028196735375744
192.2260600540987,37.89141009295851
192.23393107449238,75.21067306295828
192.24180209488603,12.152483374314311
192.2496731152797,31.179142893600584
192.25754413567336,41.553595389677355
192.26541515606704,30.679349618102634
192.2732861764607,62.642193414376166
192.28115719685437,64.21923594958693
192.28902821724802,32.15986194626904
192.2968992376417,7.2261981338096675
192.30477025803535,19.53261485621692
192.31264127842903,51.016834483116526
192.32051229882268,14.275047206244963
192.32838331921636,182.30795095410522
192.33625433961,53.228212543239124
192.3441253600037,20.217949365021617
192.35199638039734,9.312158239305797
192.35986740079102,10.472296402078138
192.36773842118467,65.74556378494763
192.37560944157835,51.56320388614877
192.383480461972,13.179242863668009
192.39135148236568,2.622318672677157
192.39922250275933,15.972479632870183
192.407093523153,6.4019933123389645
192.41496454354666,12.453153762859618
192.42283556394034,5.990044855797891
192.430706584334,30.782484550952724
192.43857760472767,62.492848375142614
192.44644862512135,56.31668776095337
192.454319645515,6.690298450921708
192.46219066590868,78.4253582101494
192.47006168630233,42.87106781135371
192.477932706696,30.773327166866785
192.48580372708966,8.291633173478026
192.49367474748334,24.61391317476378
192.501545767877,42.234569077700854
192.50941678827067,42.557958478019145
192.51728780866432,4.829382717120301
192.525158829058,45.75657319151191
192.53302984945165,103.60239042474292
192.54090086984533,7.967966246736797
192.54877189023898,4.457002095762495
192.55664291063266,3.3625786356735894
192.5645139310263,68.1072684740534
192.57238495142,37.645069792117475
192.58025597181364,51.751453774886706
192.58812699220732,21.986800734850497
192.59599801260097,61.83010703144625
192.60386903299465,117.25680462357055
192.6117400533883,4.931026390651504
192.61961107378198,45.10878796250883
192.62748209417563,139.95461527762404
192.6353531145693,85.08310518140544
192.64322413496296,0.5000460825147477
192.65109515535664,187.73218223860295
192.6589661757503,94.8777770452951
192.66683719614397,95.81362507074228
192.67470821653762,84.8595595107038
192.6825792369313,43.25830069117518
192.69045025732495,270.9293113740956
192.69832127771863,8.280190048461751
192.70619229811228,34.2746061473315
192.71406331850596,35.969302861138615
192.72193433889962,44.161080886100734
192.7298053592933,5.416482343610106
192.73767637968695,22.966624760764137
192.74554740008062,107.26830925139501
192.75341842047428,19.16772385922418
192.76128944086796,56.61525138301977
192.7691604612616,73.93649532242273
192.77703148165529,34.086355239023476
192.78490250204896,82.01792306997005
192.79277352244262,100.46658977579578
192.8006445428363,11.589700282873595
192.80851556322995,35.312984286955604
192.81638658362363,27.13707366704298
192.82425760401728,30.835383594557165
192.83212862441096,22.240209090242846
192.8399996448046,137.9873348700329
192.8478706651983,83.65809206433521
192.85574168559194,22.90715762977484
192.86361270598562,74.84489651938252
192.87148372637927,19.187814430942545
192.87935474677295,26.41996181419003
192.8872257671666,1.956803316795999
192.89509678756028,4.375578076956879
192.90296780795393,0.35829009480663093
192.9108388283476,16.730264239434906
192.91870984874126,9.672688415446835
192.92658086913494,0.08309535993426174
192.9344518895286,0.14235318698050956
192.94232290992227,2.0009359134915106
192.95019393031592,3.463603932708069
192.9580649507096,0.6955936214144497
192.96593597110325,17.31050349467268
192.97380699149693,16.38491137940122
192.98167801189058,37.60447416528433
192.98954903228426,95.97809298562673
192.9974200526779,5.381706209843461
193.0052910730716,34.37948562015041
193.01316209346524,43.059128952900636
193.02103311385892,9.245501309151459
193.02890413425257,43.60785199960669
193.03677515464625,103.3419008983878
193.0446461750399,46.92731853187151
193.05251719543358,42.37582509462127
193.06038821582723,2.6287597397051807
193.0682592362209,5.348114781202475
193.07613025661456,0.3924573498712962
193.08400127700824,27.944259268131734
193.0918722974019,31.172827969181135
193.09974331779557,1.115673659009658
193.10761433818922,28.07814923921456
193.1154853585829,56.764401655944944
193.12335637897658,40.478027457076514
193.13122739937023,166.32643072745628
193.1390984197639,73.88217172535603
193.14696944015756,17.609537023328627
193.15484046055124,3.5752601658858616
193.1627114809449,5.239481989671966
193.17058250133857,118.19508110161529
193.17845352173222,27.16773621695395
193.1863245421259,1.5554562494112616
193.19419556251955,4.025467428242371
193.20206658291323,93.62053731117909
193.20993760330688,15.142038170723598
193.21780862370056,8.754357280725468
193.2256796440942,49.43547512011303
193.2335506644879,85.31666157067852
193.24142168488154,34.23766789603709
193.24929270527522,68.10097246480085
193.25716372566887,97.17679786577027
193.26503474606255,25.86269517158689
193.2729057664562,20.654836728646565
193.28077678684988,109.23434725617017
193.28864780724354,3.75504477026406
193.29651882763721,4.425301769678482
193.30438984803087,16.289098429045794
193.31226086842454,100.3044811141028
193.3201318888182,116.26166767796714
193.32800290921188,75.8519215679791
193.33587392960553,19.526387535489313
193.3437449499992,11.706468135408523
193.35161597039286,7.786216115384061
193.35948699078654,73.94418427280249
193.3673580111802,254.44862251127583
193.37522903157387,94.78210368128255
193.38310005196752,14.616949480328614
193.3909710723612,41.36191218368823
193.39884209275485,208.9008860291357
193.40671311314853,9.48887256284615
193.41458413354218,25.046522296363566
193.42245515393586,218.11449357638426
193.4303261743295,24.896805694289018
193.4381971947232,62.72699543216222
193.44606821511684,10.081137084747704
193.45393923551052,21.048526684529893
193.4618102559042,3.1360654371666326
193.46968127629785,366.6949059966725
193.47755229669153,31.10930925708885
193.48542331708518,250.68549422151213
193.49329433747886,2.69610671476508
193.5011653578725,26.953774244522226
193.5090363782662,72.14635782681069
193.51690739865984,13.884335829890638
193.52477841905352,33.68276962426414
193.53264943944717,5.307956759427525
193.54052045984085,37.877106728651995
193.5483914802345,33.86696709147136
193.55626250062818,6.666829259347172
193.56413352102183,50.614188585097914
193.5720045414155,119.22884610040455
193.57987556180916,25.330054263547744
193.58774658220284,3.074178829104538
193.5956176025965,69.43624609439722
193.60348862299017,118.84893397922453
193.61135964338382,0.0038519684050930154
193.6192306637775,6.153523956066735
193.62710168417115,54.79965082621579
193.63497270456483,92.18338240024727
193.64284372495848,21.354555827238435
193.65071474535216,76.37848786027031
193.6585857657458,3.304103062971383
193.6664567861395,5.187437152546572
193.67432780653314,39.85183537543857
193.68219882692682,165.65816231140914
193.69006984732047,94.38709654021784
193.69794086771415,10.678910692397718
193.7058118881078,46.91265511253404
193.71368290850148,13.928369178973016
193.72155392889513,79.49425421107078
193.7294249492888,7.002922926363201
193.73729596968246,73.41606379518255
193.74516699007614,12.838825154624324
193.7530380104698,15.311126753585805
193.76090903086347,36.252798731485015
193.76878005125712,7.964804210785156
193.7766510716508,3.644061746305586
193.78452209204448,15.540237279905071
193.79239311243813,51.41812138505037
193.8002641328318,79.75341035296618
193.80813515322546,115.42184753258667
193.81600617361914,105.61652403254266
193.8238771940128,89.55941422464382
193.83174821440647,29.128404093858844
193.83961923480013,2.5063190018863346
193.8474902551938,3.5338478535543882
193.85536127558746,9.941719512552833
193.86323229598113,0.5193134701849701
193.87110331637479,1.645852176975778
193.87897433676847,11.323531424405472
193.88684535716212,43.62549218946703
193.8947163775558,63.39521740622361
193.90258739794945,22.62043352247281
193.91045841834313,3.7823820860687483
193.91832943873678,43.32501754935055
193.92620045913046,84.84333720445173
193.9340714795241,60.55719533177732
193.9419424999178,105.60985512374664
193.94981352031144,7.3459604214676055
193.95768454070512,38.94914763358548
193.96555556109877,11.641602833509328
193.97342658149245,0.44564229853940407
193.9812976018861,8.311098310642334
193.98916862227978,15.727866939562562
193.99703964267343,42.6353715247125
194.0049106630671,56.8656784328445
194.01278168346076,7.52630998706879
194.02065270385444,19.81482699307727
194.0285237242481,46.01461247445828
194.03639474464177,20.238783097106253
194.04426576503542,6.154335395681808
194.0521367854291,11.960490058942213
194.06000780582275,19.248259659782093
194.06787882621643,5.380620692697176
194.07574984661008,3.840378066266934
194.08362086700376,162.8920780379889
194.0914918873974,10.593436584350929
194.0993629077911,79.15605294174819
194.10723392818474,4.0161748125692665
194.11510494857842,38.48735670074047
194.1229759689721,3.3364552447458604
194.13084698936575,46.48142591853584
194.13871800975943,4.015148849973331
194.14658903015308,14.025577355683174
194.15446005054676,18.96820013451922
194.1623310709404,5.270450082323793
194.1702020913341,17.22543287887822
194.17807311172774,2.3332731626630094
194.18594413212142,29.6972076965135
194.19381515251507,29.942056917457286
194.20168617290875,79.78167842116383
194.2095571933024,0.31334690726886966
194.21742821369608,9.507567252094548
194.22529923408973,57.94069647382713
194.2331702544834,1.251053477072677
194.24104127487706,42.32531530162824
194.24891229527074,14.043743963375848
194.2567833156644,24.81590167640968
194.26465433605807,22.415305031020672
194.27252535645172,1.2924371431440285
194.2803963768454,16.85768721629277
194.28826739723905,65.16264344987907
194.29613841763273,81.15022477639394
194.30400943802638,5.221047075631318
194.31188045842006,30.231763104093847
194.3197514788137,9.911292121563601
194.3276224992074,8.74707260849608
194.33549351960104,2.652348498770811
194.34336453999472,77.78994433327169
194.35123556038837,9.080261430897005
194.35910658078205,4.781187311220813
194.3669776011757,7.592100339937212
194.37484862156938,3.7736164864984154
194.38271964196304,9.228476663066914
194.39059066235671,17.768005241883127
194.39846168275037,0.8125278090774292
194.40633270314405,9.433331266658891
194.4142037235377,138.3372537933786
194.42207474393138,13.05163980314902
194.42994576432503,57.5482108752834
194.4378167847187,73.12158282469635
194.44568780511236,0.9658874997863917
194.45355882550604,4.248512496232062
194.46142984589972,24.667354820953467
194.46930086629337,12.25269225480325
194.47717188668705,60.39495172476938
194.4850429070807,12.885033805724246
194.49291392747438,26.223812513902665
194.50078494786803,29.593458201467005
194.5086559682617,30.40900980698559
194.51652698865536,16.246934998459373
194.52439800904904,12.067484920221645
194.5322690294427,28.264603185039693
194.54014004983637,36.607247178317756
194.54801107023002,76.98829271821768
194.5558820906237,53.55104476164084
194.56375311101735,32.74430034770251
194.57162413141103,7.028233649447363
194.57949515180468,20.810629990395576
194.58736617219836,15.757835396280834
194.595237192592,21.81925431632749
194.6031082129857,4.87482397478498
194.61097923337934,79.89664987300718
194.61885025377302,14.697264249059272
194.62672127416667,4.299183421076524
194.63459229456035,0.2966257505944789
194.642463314954,18.74951883632929
194.65033433534768,2.1401711081432064
194.65820535574133,76.92256191667606
194.666076376135,12.725010046222158
194.67394739652866,0.16464548249169056
194.68181841692234,48.42336551167279
194.689689437316,15.694686006716491
194.69756045770967,6.067434781510205
194.70543147810332,1.643113543140136
194.713302498497,216.37503342006528
194.72117351889065,64.9761857345175
194.72904453928433,82.00308642863254
194.73691555967798,41.713654728781655
194.74478658007166,30.088865328085504
194.7526576004653,20.56095505761169
194.760528620859,104.02257359937313
194.76839964125264,18.212559217577105
194.77627066164632,51.58075188177984
194.78414168203997,24.642059654498944
194.79201270243365,25.131759581476306
194.79988372282733,27.015766318348117
194.80775474322098,3.0685789457874773
194.81562576361466,30.14841011097892
194.8234967840083,10.556933916909976
194.831367804402,24.52813085351886
194.83923882479564,52.36480168245422
194.84710984518932,20.62238593296034
194.85498086558297,31.275141580481456
194.86285188597665,54.50015646345535
194.8707229063703,25.369975529195326
194.87859392676398,29.733935007698964
194.88646494715763,27.735683480628204
194.8943359675513,59.93023097986318
194.90220698794496,1.1593834147047672
194.91007800833864,93.3211276142749
194.9179490287323,6.862045931100454
194.92582004912597,26.864709305619268
194.93369106951963,19.158876188851206
194.9415620899133,27.596623439262167
194.94943311030696,31.58688354401476
194.95730413070063,10.463169097493068
194.9651751510943,75.93846713001467
194.97304617148797,18.385903261345007
194.98091719188162,30.75101945892287
194.9887882122753,3.082683075539677
194.99665923266895,19.744383306798483
195.00453025306263,3.613058545815124
195.01240127345628,32.99022127466283
195.02027229384996,101.17497519376167
195.0281433142436,6.88690873590411
195.0360143346373,3.735776001556227
195.04388535503094,42.343537588341455
195.05175637542462,11.33611510575905
195.05962739581827,11.578775513053156
195.06749841621195,49.18853059309506
195.0753694366056,18.041533796977273
195.08324045699928,22.977110281326645
195.09111147739293,52.037843094874596
195.0989824977866,126.02399817967839
195.10685351818026,1.5110696323816835
195.11472453857394,22.425622324450117
195.1225955589676,48.53088900894984
195.13046657936127,19.462018720591157
195.13833759975495,18.544159721622055
195.1462086201486,25.752973764893987
195.15407964054228,33.48884808920612
195.16195066093593,54.259398537775965
195.1698216813296,30.137387684048743
195.17769270172326,68.03585007956877
195.18556372211694,66.43612812067141
195.1934347425106,72.58573524373807
195.20130576290427,25.89197190928165
195.20917678329792,25.782841964770537
195.2170478036916,59.83399634179626
195.22491882408525,41.743915375196806
195.23278984447893,19.05645645015495
195.24066086487258,30.673548349089266
195.24853188526626,12.690256183831144
195.2564029056599,14.944147744439128
195.2642739260536,21.55563784895134
195.27214494644724,23.614204419751218
195.28001596684092,9.831188741733074
195.28788698723457,0.5162768150965849
195.29575800762825,13.391138574118855
195.3036290280219,44.31963200623879
195.31150004841558,9.775677134241237
195.31937106880923,24.33376020497515
195.3272420892029,20.941517196561566
195.33511310959656,26.9715836181543
195.34298412999024,20.86747226008761
195.3508551503839,1.4867202587829231
195.35872617077757,57.689245944120366
195.36659719117122,133.32473859057393
195.3744682115649,10.667582175788711
195.38233923195855,3.1155857428234546
195.39021025235223,37.83700635732635
195.39808127274588,47.17713297660915
195.40595229313956,31.387762289322684
195.41382331353321,19.980214648451813
195.4216943339269,31.405315237023576
195.42956535432054,55.810170218122764
195.43743637471422,95.51907774435914
195.44530739510787,123.82681157628848
195.45317841550155,9.745560820903089
195.4610494358952,20.940148336950912
195.46892045628888,76.87436474882448
195.47679147668256,13.155979114096526
195.48466249707622,35.61508938324919
195.4925335174699,87.69178491971014
195.50040453786355,13.301413757576046
195.50827555825722,19.84841264261715
195.51614657865088,24.884972440692653
195.52401759904456,7.6597717339049725
195.5318886194382,8.916576054792285
195.53975963983189,11.896464798040952
195.54763066022554,39.61471449762547
195.55550168061922,105.1521824038592
195.56337270101287,35.4901869237052
195.57124372140655,47.97217371184019
195.5791147418002,30.54559211305703
195.58698576219388,5.145092142201478
195.59485678258753,3.8542202781156063
195.6027278029812,11.488094876197106
195.61059882337486,29.97124278275896
195.61846984376854,54.585630996716645
195.6263408641622,64.56919751599376
195.63421188455587,8.624920232375674
195.64208290494952,12.522190647383166
195.6499539253432,10.027805422571014
195.65782494573685,4.03165801273007
195.66569596613053,24.753489111129543
195.67356698652418,12.726343254260886
195.68143800691786,31.7152460259677
195.6893090273115,84.41105414540296
195.6971800477052,20.79532389447297
195.70505106809884,43.13441478402134
195.71292208849252,0.39525808142081503
195.72079310888617,14.580391052254246
195.72866412927985,6.402720689585413
195.7365351496735,25.983095498456095
195.74440617006718,20.714390778495012
195.75227719046083,0.27641435285167976
195.7601482108545,1.5488126386045193
195.76801923124816,20.835075861270784
195.77589025164184,14.644994316747063
195.7837612720355,37.27981218516692
195.79163229242917,96.83659735277796
195.79950331282282,11.392297676871534
195.8073743332165,13.662414064052866
195.81524535361018,8.000496883551747
195.82311637400383,53.40656903757954
195.8309873943975,1.9073164509007359
195.83885841479116,64.25067849055085
195.84672943518484,17.143796997171673
195.8546004555785,23.485462392560247
195.86247147597217,19.41716756699294
195.87034249636582,15.761741892397968
195.8782135167595,24.22173258597133
195.88608453715315,26.076386876950522
195.89395555754683,35.84852611733487
195.90182657794048,30.470882296782925
195.90969759833416,1.6056478683437172
195.9175686187278,121.15866702813179
195.9254396391215,46.900369647032285
195.93331065951514,91.57223229019908
195.94118167990882,95.71872993466266
195.94905270030247,43.251696823845954
195.95692372069615,31.99931295707171
195.9647947410898,2.492042482438619
195.97266576148348,2.895210839716007
195.98053678187713,3.4193010014442575
195.9884078022708,274.76585705641384
195.99627882266446,4.281512171429013
196.00414984305814,48.45331417143474
196.0120208634518,45.49322143796025
196.01989188384547,27.706152934076396
196.02776290423913,0.38102123464156434
196.0356339246328,124.52880828885127
196.04350494502646,79.22721354303323
196.05137596542014,38.05066487591185
196.0592469858138,216.80282075672145
196.06711800620747,24.31982099105155
196.07498902660112,109.22072467385921
196.0828600469948,72.83951287641614
196.09073106738845,127.61957051506204
196.09860208778213,205.75817348238627
196.10647310817578,40.46058630199656
196.11434412856946,47.95191467754233
196.1222151489631,18.553887235940646
196.1300861693568,3.022138743763476
196.13795718975044,20.209989671221503
196.14582821014412,149.0438224310829
196.1536992305378,20.37092297858109
196.16157025093145,31.180737968157345
196.16944127132513,68.19506181811651
196.17731229171878,4.749524170371215
196.18518331211246,14.716223331244878
196.1930543325061,61.18916699663827
196.2009253528998,97.95114769723766
196.20879637329344,80.4210530640376
196.21666739368712,39.09460728852264
196.22453841408077,2.756286477904187
196.23240943447445,27.34489907416246
196.2402804548681,114.47561889435096
196.24815147526178,38.60115646942676
196.25602249565543,18.5146890575889
196.2638935160491,2.249011137136023
196.27176453644276,36.35276963965509
196.27963555683644,20.694949247711765
196.2875065772301,16.267812243954676
196.29537759762377,0.36317163600045527
196.30324861801742,11.485376097350326
196.3111196384111,5.638652200508414
196.31899065880475,5.083904885755549
196.32686167919843,48.44432762655837
196.33473269959208,38.041056286223444
196.34260371998576,0.980390638409317
196.3504747403794,6.150905286412569
196.3583457607731,66.42549996769547
196.36621678116674,51.02184204794052
196.37408780156042,11.222336173289465
196.38195882195407,19.106113829285103
196.38982984234775,6.832198248578168
196.3977008627414,7.473291369416212
196.40557188313508,34.0024803846881
196.41344290352873,223.64625797068965
196.4213139239224,54.759344873164395
196.42918494431606,10.8031806394544
196.43705596470974,50.86037248076887
196.4449269851034,80.49326108852588
196.45279800549707,35.992750587015784
196.46066902589072,11.16909638629393
196.4685400462844,2.562515814634827
196.47641106667805,19.379657219208955
196.48428208707173,55.007299963815065
196.4921531074654,14.024577422493081
196.50002412785906,1.1585652586371806
196.50789514825274,55.555961945288594
196.5157661686464,47.64520539208938
196.52363718904007,45.380670228317705
196.53150820943372,16.543427731936966
196.5393792298274,11.773112005949296
196.54725025022105,55.5109839136346
196.55512127061473,29.452499736929635
196.56299229100838,9.641565149550791
196.57086331140206,41.30857884281652
196.57873433179572,4.282827472597536
196.5866053521894,51.235700391406255
196.59447637258305,26.402388532389672
196.60234739297672,76.35594292772448
196.61021841337038,128.15460048090515
196.61808943376406,12.05794835221806
196.6259604541577,26.859843566653005
196.63383147455139,24.749857345905696
196.64170249494504,30.760661304540324
196.64957351533872,18.667412140315903
196.65744453573237,15.770293892691575
196.66531555612605,13.959540779524197
196.6731865765197,17.509914630177242
196.68105759691338,81.41066585766724
196.68892861730703,59.311047930248534
196.6967996377007,23.677439375444198
196.70467065809436,26.470265909282187
196.71254167848804,62.01443364893092
196.7204126988817,20.126689138454147
196.72828371927537,59.95945513933638
196.73615473966902,31.83434805335535
196.7440257600627,3.3654752674928674
196.75189678045635,3.9457249515079322
196.75976780085003,24.785256308069606
196.76763882124368,35.39799025048124
196.77550984163736,54.541530383523764
196.783380862031,3.403930281854942
196.7912518824247,1.2482875664616728
196.79912290281834,10.21170638248797
196.80699392321202,7.855769913761139
196.81486494360567,18.764765051293075
196.82273596399935,18.00170652092097
196.83060698439303,8.396054761605965
196.83847800478668,34.73932037567249
196.84634902518036,19.255884820744097
196.854220045574,36.12985545737242
196.8620910659677,38.673034163063335
196.86996208636134,147.13783694877984
196.87783310675502,33.68465607120472
196.88570412714867,74.36373750642221
196.89357514754235,13.105653372006039
196.901446167936,31.211655183672647
196.90931718832968,29.663702384103715
196.91718820872333,25.47657924684601
196.925059229117,7.059742835105835
196.93293024951066,41.54095711831581
196.94080126990434,125.96442427091213
196.948672290298,60.850262520645074
196.95654331069167,3.4795655448816083
196.96441433108532,39.40521668362265
196.972285351479,0.4447239012858706
196.98015637187265,66.61690181016014
196.98802739226633,9.487895537573415
196.99589841265998,30.06925805420793
197.00376943305366,35.90621200516933
197.0116404534473,39.62123529501509
197.019511473841,31.132492675848543
197.02738249423464,14.89704343915226
197.03525351462832,42.314856311516316
197.04312453502197,22.46963588082097
197.05099555541565,10.526804100952427
197.0588665758093,84.1047516006625
197.06673759620298,28.559549787966922
197.07460861659663,29.373691351650834
197.0824796369903,22.943616449816382
197.09035065738396,16.562741816108822
197.09822167777764,4.0310344942801235
197.1060926981713,40.26244665944885
197.11396371856497,92.67784282482116
197.12183473895863,76.31147854712582
197.1297057593523,13.931206360398049
197.13757677974596,191.48813627281217
197.14544780013964,49.867162400872274
197.1533188205333,27.34608380075466
197.16118984092697,15.70352726596477
197.16906086132065,94.00105504504968
197.1769318817143,0.018022892890380754
197.18480290210798,137.80011676273008
197.19267392250163,6.408025139624444
197.2005449428953,11.87458470750223
197.20841596328896,24.63051961949187
197.21628698368264,1.8171433460690913
197.2241580040763,31.784155998213578
197.23202902446997,7.177137900164176
197.23990004486362,19.234839334496755
197.2477710652573,1.3233877234998457
197.25564208565095,29.471785629147963
197.26351310604463,50.022789918164605
197.27138412643828,62.491661277519306
197.27925514683196,8.953628921078147
197.2871261672256,15.846311208823957
197.2949971876193,45.0727891581092
197.30286820801294,2.7866023721210995
197.31073922840662,7.360564972582464
197.31861024880027,10.458769535399592
197.32648126919395,44.477966111114156
197.3343522895876,51.74762292222488
197.34222330998128,17.888032318216037
197.35009433037493,24.195483011259853
197.3579653507686,5.69597648024287
197.36583637116226,13.164961175683276
197.37370739155594,51.028314052731304
197.3815784119496,8.111388065242588
197.38944943234327,29.06313163793521
197.39732045273692,20.174906998199532
197.4051914731306,5.428179423365028
197.41306249352425,19.312799405822002
197.42093351391793,16.01478644062717
197.42880453431158,65.99302199002938
197.43667555470526,47.44154290693163
197.4445465750989,3.5326618969264616
197.4524175954926,47.03251642388165
197.46028861588624,7.487992249238942
197.46815963627992,6.474088474858135
197.47603065667357,18.05922997794025
197.48390167706725,21.55214785092673
197.4917726974609,22.320022534765826
197.49964371785458,34.26672304067054
197.50751473824826,62.55662382738376
197.5153857586419,10.196806973389227
197.5232567790356,5.763844947827894
197.53112779942924,16.94796340948442
197.53899881982292,29.345561944402387
197.54686984021657,136.9906419095909
197.55474086061025,176.01442502245985
197.5626118810039,114.43074690340731
197.57048290139758,25.69768274695528
197.57835392179123,43.955884859556825
197.5862249421849,50.222632658423606
197.59409596257856,1.0413357462262238
197.60196698297224,3.5185264967695926
197.6098380033659,3.271998267606604
197.61770902375957,24.819256132544005
197.62558004415322,69.25094720389407
197.6334510645469,11.723230968184431
197.64132208494055,32.03514377550917
197.64919310533423,63.32084038899185
197.65706412572789,56.96894247978133
197.66493514612156,10.422532815792948
197.67280616651522,9.232385141825066
197.6806771869089,14.533923029358293
197.68854820730255,66.73620239459214
197.69641922769623,11.114763131466376
197.70429024808988,90.99824920214002
197.71216126848356,4.298805514873831
197.7200322888772,13.128581997868283
197.72790330927089,5.111360688479084
197.73577432966454,0.8597206722895129
197.74364535005822,28.972216484357514
197.75151637045187,163.00219014838495
197.75938739084555,64.36493040274654
197.7672584112392,42.3979780625154
197.77512943163288,19.062058798050476
197.78300045202653,29.599635827412843
197.7908714724202,8.262249915536252
197.79874249281386,14.737176451237573
197.80661351320754,8.770162544386341
197.8144845336012,42.52017857890727
197.82235555399487,1.9108663516635251
197.83022657438852,9.129319345834219
197.8380975947822,0.12579335062116614
197.84596861517588,31.635361867038984
197.85383963556953,15.614461246495415
197.8617106559632,7.278731800185874
197.86958167635686,43.928963452842844
197.87745269675054,89.17707510328532
197.8853237171442,42.937480077190564
197.89319473753787,21.60518918900302
197.90106575793152,25.5360477270204
197.9089367783252,82.9881559981175
197.91680779871885,11.23471917314233
197.92467881911253,48.63274778105616
197.93254983950618,46.71381453986755
197.94042085989986,32.36852195607548
197.9482918802935,192.53613527816321
197.9561629006872,2.6075913319326167
197.96403392108084,11.324493236049358
197.97190494147452,66.90338707387023
197.97977596186817,58.71518273559982
197.98764698226185,13.356374996099538
197.9955180026555,42.96416051609163
198.00338902304918,0.9730969130845893
198.01126004344283,17.99995528112717
198.0191310638365,0.15504314659491988
198.02700208423016,10.091199066521058
198.03487310462384,9.683336355686778
198.0427441250175,13.755090432408979
198.05061514541117,8.28359063908632
198.05848616580482,21.738870030751247
198.0663571861985,68.39166970076064
198.07422820659215,80.36284965466177
198.08209922698583,35.19539649051405
198.08997024737948,6.908823815481204
198.09784126777316,4.818468628216311
198.1057122881668,33.39530291570368
198.1135833085605,67.73497218593496
198.12145432895414,79.08240410914681
198.12932534934782,59.44993313241467
198.13719636974147,10.801900798077039
198.14506739013515,38.89651599197843
198.1529384105288,6.120932773864526
198.16080943092248,30.22136948627524
198.16868045131613,5.348607430914513
198.17655147170981,15.335305231721392
198.1844224921035,27.553922474172495
198.19229351249714,60.77488041264233
198.20016453289082,22.135760455160337
198.20803555328447,12.508583877675763
198.21590657367815,13.66832264261107
198.2237775940718,2.8934821185718542
198.23164861446548,127.62274654115642
198.23951963485914,47.66565744912018
198.24739065525281,3.587209880622061
198.25526167564647,0.5650527989127767
198.26313269604015,103.828834056576
198.2710037164338,2.601447590504123
198.27887473682748,15.870613885656242
198.28674575722113,4.451365923214691
198.2946167776148,2.0849919437981526
198.30248779800846,53.34278409257923
198.31035881840214,100.36690090099657
198.3182298387958,36.143283684257284
198.32610085918947,3.4708691425756886
198.33397187958312,96.82544912832057
198.3418428999768,0.7077834943918133
198.34971392037045,3.7455456464126766
198.35758494076413,0.5201371749776277
198.36545596115778,16.253373613391304
198.37332698155146,61.856362195918145
198.3811980019451,105.22285382794436
198.3890690223388,4.109689062776764
198.39694004273244,15.467945712466543
198.40481106312612,64.76815943161087
198.41268208351977,48.88770873232075
198.42055310391345,28.70622007679067
198.4284241243071,28.746738917641235
198.43629514470078,15.129388680687146
198.44416616509443,85.65221148105562
198.4520371854881,26.242985077910003
198.45990820588176,40.505049072768074
198.46777922627544,120.9721636804348
198.4756502466691,37.19494399835232
198.48352126706277,6.97437356056791
198.49139228745642,91.08751844253835
198.4992633078501,90.60525574135468
198.50713432824375,26.18067380234651
198.51500534863743,93.3474390067628
198.5228763690311,49.79112683664961
198.53074738942476,120.7987410351205
198.53861840981844,10.309263911657448
198.5464894302121,19.843373252362344
198.55436045060577,0.08146201346033312
198.56223147099942,13.970450021841913
198.5701024913931,23.413404550311682
198.57797351178675,22.187598796853
198.58584453218043,22.96953863709415
198.59371555257408,18.279305397613264
198.60158657296776,21.330233277236463
198.6094575933614,33.90092173090497
198.6173286137551,125.75378338609605
198.62519963414874,9.519534119016367
198.63307065454242,14.314682430081476
198.64094167493607,1.6547366057126764
198.64881269532975,10.986110091123416
198.6566837157234,13.240374420131392
198.66455473611708,17.899259640896954
198.67242575651073,80.56788126413353
198.6802967769044,17.79584522460156
198.68816779729806,7.302153741986001
198.69603881769174,43.876989388279625
198.7039098380854,14.476894002968976
198.71178085847907,99.16856457087194
198.71965187887272,19.347363845718924
198.7275228992664,69.58520903431459
198.73539391966005,17.544265969592807
198.74326494005373,64.08771856348933
198.75113596044739,77.82035472198785
198.75900698084106,56.325025258987296
198.76687800123472,133.5583875693451
198.7747490216284,12.256312023082618
198.78262004202205,46.26208225871796
198.79049106241573,57.40638334415042
198.79836208280938,16.133938347011288
198.80623310320306,40.5276801229584
198.8141041235967,22.882227607660123
198.8219751439904,47.518360656530334
198.82984616438404,16.218963793498506
198.83771718477772,18.240700845981454
198.84558820517137,7.7491471603600255
198.85345922556505,38.104794348768294
198.86133024595873,46.95252233735495
198.86920126635238,21.98154964784159
198.87707228674606,63.10762909940914
198.8849433071397,58.82260188173795
198.8928143275334,82.6273822018231
198.90068534792704,118.48531454234319
198.90855636832072,13.069598930314612
198.91642738871437,18.21489393599321
198.92429840910805,16.093784381155807
198.9321694295017,10.82233764384675
198.94004044989538,71.34773838354769
198.94791147028903,20.291870866053404
198.9557824906827,31.09973255138493
198.96365351107636,68.15008323903665
198.97152453147004,11.189616843717468
198.9793955518637,27.288277904004087
198.98726657225737,80.68254324161072
198.99513759265102,103.69225576892683
199.0030086130447,44.57261905221555
199.01087963343835,191.39623855692875
199.01875065383203,76.52353907316242
199.02662167422568,36.661135658647986
199.03449269461936,9.685474198765144
199.042363715013,59.32099090913588
199.0502347354067,3.3507228698543843
199.05810575580034,47.80186520175856
199.06597677619402,28.810200388923842
199.07384779658767,36.810881652063294
199.08171881698135,95.76123844383655
199.089589837375,55.89163356386405
199.09746085776868,9.83082905759101
199.10533187816233,30.15254850615679
199.113202898556,11.97272455053091
199.12107391894966,98.24832455568352
199.12894493934334,7.3670400293877485
199.136815959737,21.276445728117185
199.14468698013067,1.8718287855117357
199.15255800052432,22.74062578387304
199.160429020918,27.306036821636766
199.16830004131165,23.392006153274735
199.17617106170533,11.613993236209122
199.18404208209898,23.96775174168524
199.19191310249266,16.049799364491598
199.19978412288634,10.778355820282151
199.20765514328,51.98906468638974
199.21552616367367,20.923789793064806
199.22339718406732,61.35336732249657
199.231268204461,6.829681113164055
199.23913922485465,6.002645996482079
199.24701024524833,10.958287336966448
199.25488126564198,41.26718477680622
199.26275228603566,52.853325130415485
199.27062330642931,8.178778046746363
199.278494326823,50.247777110601696
199.28636534721664,11.530436157261741
199.29423636761032,36.78848421276554
199.30210738800398,1.571209653195888
199.30997840839765,12.300089979235679
199.3178494287913,6.525726024021616
199.32572044918498,4.368550997410218
199.33359146957864,16.906890526539993
199.34146248997232,9.593052312908645
199.34933351036597,99.316273600982
199.35720453075965,12.067890532342817
199.3650755511533,101.40127511452879
199.37294657154698,8.368060057089721
199.38081759194063,175.14793452232954
199.3886886123343,132.40129421710398
199.39655963272796,16.129170832694022
199.40443065312164,220.42944011228678
199.4123016735153,62.789459186912595
199.42017269390897,24.700770971202147
199.42804371430262,4.56075375316292
199.4359147346963,20.959572567141453
199.44378575508995,25.037285947960257
199.45165677548363,11.424076252489227
199.45952779587728,4.697054257335037
199.46739881627096,17.567786644210358
199.4752698366646,4.0698594196607285
199.4831408570583,57.11209225713429
199.49101187745194,51.7579742170287
199.49888289784562,41.47760639941317
199.50675391823927,73.8076730534312
199.51462493863295,28.767065290835134
199.5224959590266,11.330041484368053
199.53036697942028,6.959921771756899
199.53823799981396,78.97576925303584
199.5461090202076,104.68192208437273
199.5539800406013,12.011176455006803
199.56185106099494,31.348788913815817
199.56972208138862,17.173460118926638
199.57759310178227,52.80736021649865
199.58546412217595,43.86732717843502
199.5933351425696,39.527579472194134
199.60120616296328,13.309591027445931
199.60907718335693,174.82574052178657
199.6169482037506,10.540785184898478
199.62481922414426,63.29261528612661
199.63269024453794,79.29397070949406
199.6405612649316,24.34454372160688
199.64843228532527,23.76234120223907
199.65630330571892,15.794729420227261
199.6641743261126,8.255005896414206
199.67204534650625,2.3349585301777793
199.67991636689993,3.63210051030152
199.68778738729358,16.203301410421428
199.69565840768726,0.6370764483784105
199.7035294280809,3.327057690154427
199.7114004484746,0.8433828043188896
199.71927146886824,62.021261706065054
199.72714248926192,38.28528175955858
199.73501350965557,17.531568121655827
199.74288453004925,12.325014189684307
199.7507555504429,7.132496163311434
199.75862657083658,19.282119262323683
199.76649759123023,0.23481640065114445
199.7743686116239,28.531355422619807
199.78223963201756,4.150824969524857
199.79011065241124,26.87925774473378
199.7979816728049,48.76833578929942
199.80585269319857,92.02092955512556
199.81372371359222,45.78832095859293
199.8215947339859,16.283031170553098
199.82946575437956,82.89499709277035
199.83733677477323,124.489491553269
199.84520779516689,1.3151050828026147
199.85307881556056,29.104052495089654
199.86094983595424,54.06844769758609
199.8688208563479,182.85738707942443
199.87669187674157,10.215629402988775
199.88456289713523,22.940632692588522
199.8924339175289,32.435481312758924
199.90030493792256,86.66821691881432
199.90817595831624,28.859984056489992
199.9160469787099,19.363990049964382
199.92391799910357,41.877529145045266
199.93178901949722,7.862047684858957
199.9396600398909,30.53344802275412
199.94753106028455,38.971876736185884
199.95540208067823,24.089045986428804
199.96327310107188,31.288599045821403
199.97114412146556,20.309616319066443
199.9790151418592,42.07536218210649
199.9868861622529,102.60446830631393
199.99475718264654,1.525214579243697
200.00262820304022,53.408609128098
200.01049922343387,14.789074398587097
200.01837024382755,71.86763241499611
200.0262412642212,92.97294946287046
200.03411228461488,113.60380578801268
200.04198330500853,102.45060939069843
200.0498543254022,17.91242229132191
200.05772534579586,119.3620550163377
200.06559636618954,32.466083084260006
200.0734673865832,31.433420459089522
200.08133840697687,2.4451488821714364
200.08920942737052,41.26781867089312
200.0970804477642,23.987600400641423
200.10495146815785,16.201762606270062
200.11282248855153,5.462519633595196
200.12069350894518,4.556851457567972
200.12856452933886,16.60973859706784
200.1364355497325,17.398607120344003
200.1443065701262,38.02720210193316
200.15217759051984,16.908522983192803
200.16004861091352,16.998494891880295
200.16791963130717,3.5262043036436954
200.17579065170085,1.1835063809792965
200.1836616720945,30.835297804570423
200.19153269248818,33.304381176601616
200.19940371288186,3.952847177208607
200.2072747332755,40.952002452125576
200.2151457536692,17.48023363827331
200.22301677406284,0.4381347460445152
200.23088779445652,42.76376374447881
200.23875881485017,74.25361573953293
200.24662983524385,3.6460021059352274
200.2545008556375,100.54587421212932
200.26237187603118,0.5608320724623215
200.27024289642483,23.831208678213617
200.2781139168185,13.22182503713531
200.28598493721216,126.73179008686063
200.29385595760584,26.12345971466826
200.3017269779995,25.94678192064231
200.30959799839317,3.937122964130609
200.31746901878682,65.78910986045126
200.3253400391805,39.84998876893329
200.33321105957415,5.168927631287006
200.34108207996783,5.565717812201383
200.34895310036148,19.172513207505716
200.35682412075516,7.782275729226803
200.36469514114881,3.097396843358958
200.3725661615425,3.3847934458177895
200.38043718193614,3.5410445231306866
200.38830820232982,5.672171450005138
200.39617922272348,2.187646595999129
200.40405024311715,4.094631754583248
200.4119212635108,13.29700285378435
200.41979228390448,5.049974721472974
200.42766330429814,40.36297328914262
200.43553432469182,16.793505032123438
200.44340534508547,7.963602960777111
200.45127636547915,18.04092975927967
200.4591473858728,75.96666249547492
200.46701840626648,2.074650171827661
200.47488942666013,24.179431662169158
200.4827604470538,17.341669758785475
200.49063146744746,43.32866542899039
200.49850248784114,0.1902643246849199
200.5063735082348,18.787602746089586
200.51424452862847,1.1724280077241642
200.52211554902212,35.6186065001201
200.5299865694158,5.471624924363714
200.53785758980948,14.773289201498523
200.54572861020313,41.06117749759394
200.5535996305968,48.60474089283269
200.56147065099046,14.71764347775086
200.56934167138414,41.77414574606214
200.5772126917778,5.290219582893642
200.58508371217147,34.52405599908383
200.59295473256512,4.945125561872044
200.6008257529588,30.027507676541035
200.60869677335245,12.092066259421221
200.61656779374613,11.787216707071206
200.62443881413978,21.375788916357237
200.63230983453346,16.571115832478508
200.6401808549271,18.32630144185109
200.6480518753208,0.992927838846098
200.65592289571444,78.67057681868286
200.66379391610812,119.60200101505366
200.67166493650177,9.616121102833153
200.67953595689545,108.47663951602887
200.6874069772891,13.649023962927478
200.69527799768278,41.881831617339515
200.70314901807643,106.32461690695163
200.7110200384701,3.651265961469834
200.71889105886376,80.08050603544207
200.72676207925744,4.319139699013209
200.7346330996511,21.658934693557967
200.74250412004477,23.846664375429796
200.75037514043842,0.20352936460937196
200.7582461608321,11.529132409578065
200.76611718122575,9.522313182715182
200.77398820161943,33.57308833295095
200.78185922201308,85.62914786958815
200.78973024240676,4.976983613863483
200.7976012628004,10.827097839652676
200.8054722831941,20.492034359911898
200.81334330358774,127.5430319926886
200.82121432398142,78.80031255535354
200.82908534437507,48.12897245070732
200.83695636476875,46.8607268858025
200.8448273851624,19.540818237170303
200.85269840555608,37.89149444988327
200.86056942594973,51.79578800612566
200.8684404463434,19.89945570977016
200.8763114667371,84.69479587528217
200.88418248713074,18.177250190972824
200.89205350752442,25.750548177639168
200.89992452791807,38.5180072391799
200.90779554831175,8.654618009778531
200.9156665687054,15.422024344213838
200.92353758909908,17.94796571566329
200.93140860949273,68.48521807661992
200.9392796298864,51.67928571207222
200.94715065028007,25.906251031170225
200.95502167067374,0.32002344076060574
200.9628926910674,71.04989744479795
200.97076371146107,27.722393959419946
200.97863473185473,19.915791103953463
200.9865057522484,6.939047631364786
200.99437677264206,32.29704110217692
201.00224779303574,13.546829418266686
201.0101188134294,11.169897888733663
201.01798983382307,0.47990934932317314
201.02586085421672,0.7784121256558694
201.0337318746104,0.5422782759514969
201.04160289500405,59.927946689454814
201.04947391539773,49.702718052045604
201.05734493579138,113.20900875593786
201.06521595618506,32.80474234057541
201.0730869765787,48.758822246555
201.0809579969724,27.78978291474992
201.08882901736604,5.332459887831315
201.09670003775972,35.192953679234044
201.10457105815337,56.2312479642585
201.11244207854705,62.15601436447967
201.1203130989407,40.511787972199784
201.12818411933438,41.460473468065956
201.13605513972803,85.47418342132787
201.1439261601217,84.80590177085408
201.15179718051536,7.846728256031612
201.15966820090904,8.660606781282821
201.1675392213027,23.395138901749043
201.17541024169637,2.7789774689514593
201.18328126209002,11.852697790152657
201.1911522824837,6.185671073287574
201.19902330287735,13.058925691405264
201.20689432327103,56.42102287632032
201.2147653436647,54.17040141799531
201.22263636405836,1.963831229852076
201.23050738445204,1.4033018339581202
201.2383784048457,22.089002949835326
201.24624942523937,2.2765282902565542
201.25412044563302,68.025725852602
201.2619914660267,10.056903208940868
201.26986248642035,7.923211410625481
201.27773350681403,118.54354744363407
201.28560452720768,33.939160781011935
201.29347554760136,0.9349414930756922
201.301346567995,14.906269938369114
201.3092175883887,2.7111805963208506
201.31708860878234,42.361523181733055
201.32495962917602,39.757714124657795
201.33283064956967,189.44223074359797
201.34070166996335,48.84544595141784
201.348572690357,6.24986817892529
201.35644371075068,5.933333976910033
201.36431473114433,19.278110939006172
201.372185751538,7.584497504379801
201.38005677193166,0.01962346037781814
201.38792779232534,10.928732411747363
201.395798812719,58.12660923978785
201.40366983311267,11.013382148500483
201.41154085350632,7.165264236578596
201.4194118739,1.0142663062562502
201.42728289429365,12.388726041296339
201.43515391468733,101.35423118671098
201.44302493508098,12.132725540776095
201.45089595547466,17.628289289637692
201.45876697586831,36.49666313555836
201.466637996262,39.17097218505398
201.47450901665565,136.9493634389532
201.48238003704932,6.757526339475925
201.49025105744298,54.07043795239751
201.49812207783665,2.1851643536300895
201.5059930982303,29.901348505210198
201.51386411862399,20.306094638175388
201.52173513901764,103.27078278021474
201.52960615941132,36.741595772578364
201.53747717980497,70.38886154044576
201.54534820019865,1.4697153481147374
201.55321922059233,8.168035629470724
201.56109024098598,3.8717270169522684
201.56896126137966,25.34643627308075
201.5768322817733,45.20693904577186
201.584703302167,184.46193972044637
201.59257432256064,166.81116912020573
201.60044534295432,54.65713893115878
201.60831636334797,28.28646873794175
201.61618738374165,9.38722815198443
201.6240584041353,12.961307140623044
201.63192942452898,30.6920601236216
201.63980044492263,7.932438390049678
201.6476714653163,1.0954376542175652
201.65554248570996,51.143468600482116
201.66341350610364,80.31798765516515
201.6712845264973,5.187797200850188
201.67915554689097,190.68509804590803
201.68702656728462,15.992180422710883
201.6948975876783,13.664869671587711
201.70276860807195,12.956283636436183
201.71063962846563,35.52543659680596
201.71851064885928,29.28937928466793
201.72638166925296,17.974150578418083
201.7342526896466,4.898792207075651
201.7421237100403,3.1340498370015415
201.74999473043394,67.37827360495221
201.75786575082762,3.758993855503022
201.76573677122127,54.558190507757274
201.77360779161495,19.34073441362523
201.7814788120086,125.13166338001868
201.78934983240228,82.52885135546397
201.79722085279593,29.11853098631278
201.8050918731896,51.99613296869397
201.81296289358326,45.95166391937866
201.82083391397694,14.87014259480996
201.8287049343706,14.604261502677444
201.83657595476427,40.18323071758391
201.84444697515792,34.441840657301874
201.8523179955516,46.87968634345063
201.86018901594525,53.456592612667436
201.86806003633893,13.78581936009766
201.87593105673258,57.50443861016757
201.88380207712626,1.2227876833545714
201.89167309751994,7.645127180697602
201.8995441179136,40.3054276574528
201.90741513830727,24.682719568780424
201.91528615870092,41.31181108129545
201.9231571790946,7.387428128032978
201.93102819948825,49.63065883578771
201.93889921988193,1.6572576825290246
201.94677024027558,43.26253518981559
201.95464126066926,19.55573029414098
201.9625122810629,80.63922458954623
201.9703833014566,3.521143110823272
201.97825432185024,18.74219089132288
201.98612534224392,24.07855094678732
201.99399636263757,10.346250277051338
202.00186738303125,15.164839336607105
202.0097384034249,10.496369589516071
202.01760942381858,74.78981083654745
202.02548044421223,16.172555237779918
202.03335146460591,4.960287805104671
202.04122248499957,1.180946532149613
202.04909350539324,10.677358894989748
202.0569645257869,35.19412797542567
202.06483554618057,22.491496737939535
202.07270656657423,1.1972836145204655
202.0805775869679,45.169641761044154
202.08844860736156,75.3136514933705
202.09631962775524,22.57413441348782
202.1041906481489,29.420314131537037
202.11206166854257,33.71846175767104
202.11993268893622,7.573020108954836
202.1278037093299,23.309095706066664
202.13567472972355,12.886223609587558
202.14354575011723,16.700991738978612
202.15141677051088,155.75609151702895
202.15928779090456,45.86327587038737
202.1671588112982,215.61059808104224
202.1750298316919,3.2431426882000927
202.18290085208554,28.787533315524886
202.19077187247922,2.647952555032059
202.19864289287287,43.70523325735649
202.20651391326655,78.20519601621135
202.2143849336602,3.5975999323905805
202.22225595405388,22.511924864889966
202.23012697444756,140.25713074219345
202.2379979948412,9.036072592577096
202.2458690152349,83.9247518953296
202.25374003562854,13.296646724813579
202.26161105602222,23.209179657484377
202.26948207641587,19.795914489774553
202.27735309680955,45.6505366940537
202.2852241172032,13.491215165201147
202.29309513759688,36.57258378081922
202.30096615799053,36.60964402783741
202.3088371783842,13.321933982713928
202.31670819877786,12.134797281855272
202.32457921917154,47.47432717171668
202.3324502395652,9.125257102776912
202.34032125995887,21.698113673107688
202.34819228035252,6.826113579761715
202.3560633007462,19.074865298527744
202.36393432113985,8.60347916165184
202.37180534153353,3.7503329729210395
202.37967636192718,74.67083999563752
202.38754738232086,4.094012311055636
202.3954184027145,62.531449933508455
202.4032894231082,23.83354937626377
202.41116044350184,11.813387301523697
202.41903146389552,0.17859620723445685
202.42690248428917,174.7376213503914
202.43477350468285,18.089507266595508
202.4426445250765,12.225954326948926
202.45051554547018,5.08569264394464
202.45838656586383,59.36403165569666
202.4662575862575,140.11988752730898
202.47412860665116,24.067087892454776
202.48199962704484,91.54055857723988
202.4898706474385,3.158773238834118
202.49774166783217,25.14705738247467
202.50561268822582,15.405888144258274
202.5134837086195,4.8795237722436
202.52135472901315,7.023501317324991
202.52922574940683,2.1701801041523905
202.53709676980048,14.069679275190742
202.54496779019416,106.49206730297729
202.55283881058782,0.6953380905454001
202.5607098309815,94.50034579691443
202.56858085137517,98.61983362723828
202.57645187176882,67.09179944747989
202.5843228921625,39.29898485910073
202.59219391255616,76.88649255582654
202.60006493294983,9.28893190938742
202.60793595334349,14.240591319889964
202.61580697373716,27.36522317489878
202.62367799413082,14.257296661477172
202.6315490145245,3.8257895111385354
202.63942003491815,19.14924209300874
202.64729105531183,20.33022811599501
202.65516207570548,2.4700317367432687
202.66303309609916,0.5835548496548385
202.6709041164928,34.12455103943005
202.6787751368865,19.11419075068837
202.68664615728014,20.547321337876962
202.69451717767382,19.267068309286824
202.70238819806747,12.193853857028975
202.71025921846115,6.41579007761754
202.7181302388548,7.11917104508897
202.72600125924848,110.35623411961657
202.73387227964213,21.975555449281902
202.7417433000358,24.617115944176884
202.74961432042946,32.303302491093184
202.75748534082314,10.076136148498032
202.7653563612168,10.107216504905217
202.77322738161047,9.058803261354686
202.78109840200412,20.043930281995063
202.7889694223978,36.44022906650357
202.79684044279145,13.944009614115904
202.80471146318513,15.839610670857521
202.81258248357878,20.822895424647655
202.82045350397246,45.02340725656175
202.8283245243661,23.756103544912
202.8361955447598,6.709844283249207
202.84406656515344,26.78588490770259
202.85193758554712,15.716403602872214
202.85980860594077,3.760144426442302
202.86767962633445,132.8537720267757
202.8755506467281,38.92932308561996
202.88342166712178,47.66519682785225
202.89129268751543,22.239440704512482
202.8991637079091,116.81900232762169
202.9070347283028,7.081262935306256
202.91490574869644,47.811619134719294
202.92277676909012,177.8187394998187
202.93064778948377,24.86697962664556
202.93851880987745,3.9044098948883263
202.9463898302711,88.93155019123593
202.95426085066478,2.9618773168406785
202.96213187105843,9.161048074095584
202.9700028914521,5.632109316013166
202.97787391184576,12.036370124495829
202.98574493223944,22.639033151411763
202.9936159526331,31.304500316802866
203.00148697302677,20.22238834536489
203.00935799342042,19.819685506017343
203.0172290138141,55.90581599038664
203.02510003420775,1.9655721962915158
203.03297105460143,34.261039230556115
203.04084207499508,11.898382679431775
203.04871309538876,15.506652303685927
203.0565841157824,11.61844143093222
203.0644551361761,119.55153281886304
203.07232615656974,18.0040570012808
203.08019717696342,10.79020548647279
203.08806819735707,12.699290659217137
203.09593921775075,6.70599188999679
203.1038102381444,12.17267633708281
203.11168125853808,37.85000072663094
203.11955227893174,11.069587000236771
203.12742329932541,13.175511354747275
203.13529431971907,7.189597949531478
203.14316534011274,23.704998684833498
203.1510363605064,33.7847856181624
203.15890738090008,23.165478356230384
203.16677840129373,8.028439508656358
203.1746494216874,1.223563971886709
203.18252044208106,10.953995506710225
203.19039146247474,5.664304249515016
203.1982624828684,8.482052024603682
203.20613350326207,31.919463879896288
203.21400452365572,37.65527863674586
203.2218755440494,40.8218612681364
203.22974656444305,25.547274757023235
203.23761758483673,10.441280792003036
203.2454886052304,34.45888230163718
203.25335962562406,74.5231402411132
203.26123064601774,70.27867714974478
203.2691016664114,42.893106922431876
203.27697268680507,216.30100562808389
203.28484370719872,36.57812591667346
203.2927147275924,6.8725586244860155
203.30058574798605,2.558520577351258
203.30845676837973,4.301403204745223
203.31632778877338,22.420495535249064
203.32419880916706,19.417384012936022
203.3320698295607,62.2203340891188
203.3399408499544,10.286674332078343
203.34781187034804,18.332472998696037
203.35568289074172,1.0285591283334194
203.36355391113537,46.43539960481633
203.37142493152905,16.803053654883847
203.3792959519227,4.923840909020984
203.38716697231638,19.28326837902099
203.39503799271003,52.01574463538907
203.4029090131037,54.99227408213393
203.41078003349736,1.2657465087454325
203.41865105389104,3.4818322207614845
203.4265220742847,2.33561794953241
203.43439309467837,1.508581455671458
203.44226411507202,10.50945142520793
203.4501351354657,20.352555585684247
203.45800615585935,11.367011552451402
203.46587717625303,62.48689223220509
203.47374819664668,6.5231465539405855
203.48161921704036,18.144875452356168
203.489490237434,123.6245878581853
203.4973612578277,9.6203881399076
203.50523227822134,61.13331546047989
203.51310329861502,4.424638865699561
203.52097431900867,2.349265701522596
203.52884533940235,25.963647694152296
203.536716359796,19.091597055525316
203.54458738018968,14.411443250830889
203.55245840058333,41.071688160155354
203.560329420977,16.105862440042152
203.56820044137066,191.17208165829373
203.57607146176434,5.627747194268904
203.58394248215802,14.318078140518745
203.59181350255167,35.97849264045718
203.59968452294535,76.27055605855246
203.607555543339,8.253995087348404
203.61542656373268,40.35194330828673
203.62329758412633,1.967070410016786
203.63116860452,34.21337103052881
203.63903962491366,14.291942449018292
203.64691064530734,5.595677610278764
203.654781665701,1.064468118232104
203.66265268609467,0.26064774739036245
203.67052370648832,62.31993228715301
203.678394726882,45.7462320375088
203.68626574727566,63.16140187451303
203.69413676766933,2.0263078213589885
203.70200778806299,17.876516426324315
203.70987880845666,18.449521219101705
203.71774982885032,40.15120931015008
203.725620849244,169.1365895374615
203.73349186963765,14.343233685423456
203.74136289003133,16.796602058077486
203.74923391042498,11.718410252220478
203.75710493081866,0.5579564251646552
203.7649759512123,2.9207488742136185
203.772846971606,13.89237157428743
203.78071799199964,21.84057462390775
203.78858901239332,20.608783238887987
203.79646003278697,20.590742105310838
203.80433105318065,50.280075666975655
203.8122020735743,23.346399128298277
203.82007309396798,7.081167183695044
203.82794411436163,4.653619816471133
203.8358151347553,11.104352541864552
203.84368615514896,1.8340533938617516
203.85155717554264,2.0190317895653687
203.8594281959363,12.371390012480198
203.86729921632997,8.601518620722288
203.87517023672362,46.56776188644813
203.8830412571173,25.863418885136692
203.89091227751095,7.074076354236565
203.89878329790463,10.087404586130297
203.90665431829828,6.802352862538873
203.91452533869196,23.0142560749064
203.92239635908564,50.86785681202411
203.9302673794793,58.73703313956125
203.93813839987297,5.740647514703724
203.94600942026662,17.749817317880776
203.9538804406603,57.78776688463231
203.96175146105395,8.248430650239298
203.96962248144763,8.236766960930076
203.97749350184128,48.67355873155883
203.98536452223496,113.49178640877685
203.9932355426286,20.941128110312917
204.0011065630223,3.034235343490381
204.00897758341594,3.590682709828971
204.01684860380962,8.912333752129383
204.02471962420327,9.273137658830601
204.03259064459695,11.207580592804957
204.0404616649906,19.992304481232605
204.04833268538428,28.199831934088422
204.05620370577793,12.067021696271306
204.0640747261716,14.20718992153979
204.07194574656526,59.907286257309465
204.07981676695894,63.71612539779689
204.0876877873526,25.163495193435132
204.09555880774627,2.1505647648808397
204.10342982813992,1.8179245844993406
204.1113008485336,61.928807017204434
204.11917186892725,28.055135484336144
204.12704288932093,21.329025499097206
204.13491390971458,1.2532234078498914
204.14278493010826,324.2170171360185
204.1506559505019,9.186240266059151
204.1585269708956,7.600713718520018
204.16639799128924,42.2027077137052
204.17426901168292,101.4142434878031
204.18214003207657,6.091100366669721
204.19001105247025,38.512932358930776
204.1978820728639,45.23313854399288
204.20575309325758,16.82807830537973
204.21362411365124,16.175809422462073
204.22149513404491,21.41838532079059
204.22936615443857,1.893814391735245
204.23723717483225,15.20162641256542
204.2451081952259,7.1220363402433335
204.25297921561958,41.17024263926014
204.26085023601325,22.7103675599249
204.2687212564069,68.56007534877841
204.27659227680059,92.2926395253748
204.28446329719424,49.23659375615411
204.29233431758792,48.38606831614569
204.30020533798157,2.900837812983507
204.30807635837525,22.651667651508816
204.3159473787689,27.390974985956586
204.32381839916258,49.258828532851574
204.33168941955623,5.799467544962808
204.3395604399499,9.109638854637053
204.34743146034356,0.5104160764348628
204.35530248073724,3.0456739812102374
204.3631735011309,6.846242269431488
204.37104452152457,3.129067015189953
204.37891554191822,3.267427112026645
204.3867865623119,32.35058178494275
204.39465758270555,29.835011282204054
204.40252860309923,14.66580335078216
204.41039962349288,8.361939672385429
204.41827064388656,15.280919043178075
204.4261416642802,32.52979156587706
204.4340126846739,29.177456766642702
204.44188370506754,29.211897190453918
204.44975472546122,28.706729502659435
204.45762574585487,5.102045485781472
204.46549676624855,29.690554276520825
204.4733677866422,2.451291436898142
204.48123880703588,38.22463934373667
204.48910982742953,25.153424323212793
204.4969808478232,16.70671270911392
204.50485186821686,15.808238125958061
204.51272288861054,3.0738945972791663
204.5205939090042,2.0640562650735754
204.52846492939787,10.968253010758065
204.53633594979152,114.90303245781625
204.5442069701852,16.139450793225393
204.55207799057885,67.9903311407319
204.55994901097253,7.976420240303299
204.56782003136618,15.198368511352193
204.57569105175986,12.937004089346546
204.5835620721535,20.99907765175456
204.5914330925472,6.504348199546197
204.59930411294087,5.816871188888986
204.60717513333452,3.89750916590641
204.6150461537282,28.364473538917533
204.62291717412185,36.56998749042533
204.63078819451553,106.47245281692828
204.63865921490918,13.049730484558877
204.64653023530286,44.390311666979784
204.6544012556965,2.50659429812133
204.6622722760902,5.63338449197926
204.67014329648384,10.230452361978003
204.67801431687752,0.7647015894167006
204.68588533727117,20.99275885752892
204.69375635766485,8.330263856358682
204.7016273780585,17.476594887762715
204.70949839845218,73.8660004191906
204.71736941884583,23.18914986422777
204.7252404392395,95.90887190564503
204.73311145963316,44.086668223208896
204.74098248002684,40.406381541643555
204.7488535004205,17.23959167618874
204.75672452081417,38.33894985663029
204.76459554120783,2.9521366120618833
204.7724665616015,1.4036570158212571
204.78033758199516,26.265777699015725
204.78820860238883,104.15724256329317
204.79607962278249,54.01472710376872
204.80395064317617,13.607121356044074
204.81182166356982,68.93080299092236
204.8196926839635,17.183821807298568
204.82756370435715,31.42953872911549
204.83543472475083,25.90253782025215
204.84330574514448,26.495792006216053
204.85117676553816,13.94619226721272
204.8590477859318,15.843906984480816
204.8669188063255,8.309222440403966
204.87478982671914,17.652656687908607
204.88266084711282,31.18895508771142
204.89053186750647,11.065845675624402
204.89840288790015,13.204247555175058
204.9062739082938,22.02759469858724
204.91414492868748,80.92484250422574
204.92201594908113,51.26627436288388
204.9298869694748,16.123983870073346
204.9377579898685,5.006024513871178
204.94562901026214,0.5186589578749984
204.95350003065582,29.03014859642354
204.96137105104947,79.80006175236319
204.96924207144315,10.070205385829851
204.9771130918368,9.7325291936892
204.98498411223048,17.448623672494936
204.99285513262413,18.868242078457406
205.0007261530178,0.5422108840057983
205.00859717341146,42.76316947281155
205.01646819380514,9.57150298087846
205.0243392141988,41.56150899455231
205.03221023459247,35.885476367577546
205.04008125498612,60.70600196113578
205.0479522753798,9.54067909148959
205.05582329577345,14.72437185744891
205.06369431616713,17.59490728880602
205.07156533656078,27.581643022776134
205.07943635695446,18.972469659218795
205.0873073773481,6.002127159008662
205.0951783977418,15.624343827581193
205.10304941813544,300.2314743419869
205.11092043852912,43.80085846147385
205.11879145892277,28.316621621391306
205.12666247931645,57.624816355673154
205.1345334997101,52.32778900260952
205.14240452010378,48.94621173745456
205.15027554049743,30.492120573613796
205.1581465608911,90.82910566727186
205.16601758128476,35.9887598888037
205.17388860167844,6.25592681698006
205.1817596220721,8.299098387313958
205.18963064246577,13.297866338926793
205.19750166285942,9.811615638197685
205.2053726832531,6.022717853608612
205.21324370364675,35.642420188608796
205.22111472404043,29.009363680125055
205.22898574443408,5.76097673693005
205.23685676482776,7.184398392424973
205.24472778522141,91.15447299607392
205.2525988056151,86.97667494349636
205.26046982600874,14.014701100275381
205.26834084640242,8.989173276534823
205.2762118667961,1.9082375450319518
205.28408288718975,43.0652890753591
205.29195390758343,34.314618394575184
205.29982492797708,5.752389462155717
205.30769594837076,34.21761361191846
205.31556696876441,25.503821458322264
205.3234379891581,9.092376731594575
205.33130900955175,40.79701986051874
205.33918002994542,14.941826261277557
205.34705105033908,12.38673855536831
205.35492207073275,28.584643462809172
205.3627930911264,87.06129297303748
205.37066411152009,185.10818037448942
205.37853513191374,36.01051090091891
205.38640615230742,6.226703432905294
205.39427717270107,24.596351454353773
205.40214819309475,36.77795043742338
205.4100192134884,40.193474628554654
205.41789023388208,25.949866430016527
205.42576125427573,33.88977165913636
205.4336322746694,29.044783397084505
205.44150329506306,6.434383115755978
205.44937431545674,1.4317936165345622
205.4572453358504,150.90133935108722
205.46511635624407,130.0387085672267
205.47298737663772,62.432582536413726
205.4808583970314,24.661019280293587
205.48872941742505,23.52956761031545
205.49660043781873,2.2547044525532467
205.50447145821238,20.08000461536647
205.51234247860606,14.370650235852773
205.5202134989997,36.70085536986891
205.5280845193934,71.57497076638421
205.53595553978704,25.671851673903088
205.54382656018072,9.03315769055256
205.55169758057437,1.8953021533779428
205.55956860096805,0.48317488426133565
205.5674396213617,23.38249820176622
205.57531064175538,29.097389321335925
205.58318166214903,11.566295788837833
205.5910526825427,5.854223047322729
205.59892370293636,100.81854979836476
205.60679472333004,16.361904287264
205.61466574372372,38.38948874334121
205.62253676411737,23.067596107679094
205.63040778451105,41.170763227472285
205.6382788049047,34.88212180854075
205.64614982529838,1.2121747932886546
205.65402084569203,80.12543790445457
205.6618918660857,110.3186245034301
205.66976288647936,2.2775088833707913
205.67763390687304,43.81557147345754
205.6855049272667,24.152612683724783
205.69337594766037,41.84184123771724
205.70124696805402,47.63378631485568
205.7091179884477,41.70966018658134
205.71698900884135,21.063146697273293
205.72486002923503,4.691067451561786
205.73273104962868,14.930966947645958
205.74060207002236,16.75738555966663
205.748473090416,13.936683118631919
205.7563441108097,20.001750715952664
205.76421513120334,27.78092657523816
205.77208615159702,20.879722164512046
205.77995717199067,6.788431144967705
205.78782819238435,31.725838533825353
205.795699212778,34.91909000081613
205.80357023317168,73.83235513425349
205.81144125356533,16.42497868111834
205.819312273959,2.1471721704631164
205.82718329435266,8.958840422597028
205.83505431474634,21.179854504383563
205.84292533514,5.6516642104914645
205.85079635553367,24.024102674191504
205.85866737592733,178.7900708782598
205.866538396321,8.99422644020831
205.87440941671466,52.514226494449154
205.88228043710834,11.850627138106894
205.890151457502,4.800332275142511
205.89802247789567,21.103119051705118
205.90589349828932,4.647257706657164
205.913764518683,28.07775161809037
205.92163553907665,0.8226119808015425
205.92950655947033,10.614692063465014
205.937377579864,25.971007237579645
205.94524860025766,117.77082011983505
205.95311962065134,4.268349607740733
205.960990641045,61.500197365158606
205.96886166143867,0.19400248372417042
205.97673268183232,11.844325638570664
205.984603702226,8.524521004110975
205.99247472261965,33.69957773374707
206.00034574301333,7.7500610651096045
206.00821676340698,95.33431210554639
206.01608778380066,14.74554244683773
206.0239588041943,5.726347559737285
206.031829824588,17.97006362404909
206.03970084498164,225.621849433059
206.04757186537532,143.63194555324495
206.05544288576897,77.08965467746596
206.06331390616265,11.396837555460468
206.0711849265563,4.188358589447398
206.07905594694998,40.524417266584365
206.08692696734363,0.53343867936727
206.0947979877373,25.71959415965831
206.10266900813096,118.96955218866572
206.11054002852464,2.917555430258911
206.1184110489183,5.977805257192464
206.12628206931197,17.306612694101098
206.13415308970562,87.72082105231803
206.1420241100993,7.342848821229703
206.14989513049295,3.4134823311677334
206.15776615088663,2.483530897912229
206.16563717128028,52.03867879062348
206.17350819167396,33.56589443014381
206.1813792120676,54.157512154370735
206.1892502324613,4.388172528407655
206.19712125285494,13.198942493527108
206.20499227324862,31.34287618370586
206.21286329364227,8.432437635607712
206.22073431403595,1.747861838507076
206.2286053344296,25.739555972008464
206.23647635482328,144.33851413553344
206.24434737521693,24.228357856408447
206.2522183956106,11.170160277338208
206.26008941600426,29.394598222728447
206.26796043639794,20.31740316380006
206.27583145679162,18.993642273869675
206.28370247718527,47.78637534870146
206.29157349757895,10.111586807319021
206.2994445179726,2.338768078557282
206.30731553836628,37.778194919882715
206.31518655875993,32.402094938885924
206.3230575791536,28.0545957088455
206.33092859954726,30.097459831202467
206.33879961994094,95.99285419886718
206.3466706403346,15.565662097812046
206.35454166072827,12.474228681202453
206.36241268112192,7.254697729177783
206.3702837015156,40.97679280811317
206.37815472190925,11.35980326832234
206.38602574230293,9.101921793169334
206.39389676269658,25.557656204466685
206.40176778309026,13.6588713971356
206.40963880348392,15.286112798452013
206.4175098238776,20.243148485710638
206.42538084427125,15.203870367858645
206.43325186466492,1.419390639523092
206.44112288505858,19.687759204193316
206.44899390545226,7.142815444254247
206.4568649258459,12.183799245061394
206.46473594623959,11.930704047421957
206.47260696663324,10.15474326437452
206.48047798702692,63.73862474970478
206.48834900742057,16.702678109908813
206.49622002781425,0.02292981806761186
206.5040910482079,46.68645161962614
206.51196206860158,16.022726517006067
206.51983308899523,21.00011172859982
206.5277041093889,60.49506434912447
206.53557512978256,3.8555350734175304
206.54344615017624,10.877167563080873
206.5513171705699,35.76337058321044
206.55918819096357,9.804013154945363
206.56705921135722,45.5450076712816
206.5749302317509,28.227809046631243
206.58280125214455,8.221629659070251
206.59067227253823,19.11763789947598
206.59854329293188,10.934353092315648
206.60641431332556,92.17775594761993
206.61428533371924,1.0851911708136623
206.6221563541129,1.8998369956793315
206.63002737450657,4.83031654597617
206.63789839490022,2.92854958670862
206.6457694152939,0.7491224579574647
206.65364043568755,1.0866523200590033
206.66151145608123,3.867296821685858
206.66938247647488,13.39065838680877
206.67725349686856,1.7206445179044734
206.6851245172622,33.73295391983382
206.6929955376559,26.899975657349504
206.70086655804954,9.549034051015443
206.70873757844322,40.156050347279624
206.71660859883687,149.1911137514742
206.72447961923055,11.425129656234958
206.7323506396242,5.707835593413359
206.74022166001788,7.314635151550712
206.74809268041153,56.20222574909355
206.7559637008052,13.822382862077262
206.76383472119886,67.26161799544593
206.77170574159254,13.20053307448652
206.7795767619862,30.46199441478154
206.78744778237987,21.527326306805115
206.79531880277352,51.72622164358125
206.8031898231672,15.099444313694999
206.81106084356085,1.7168847796715703
206.81893186395453,5.401354857729712
206.82680288434818,5.353116920790311
206.83467390474186,30.80854109207377
206.8425449251355,47.00744653772973
206.8504159455292,46.795787230061464
206.85828696592284,17.245830940409334
206.86615798631652,0.3385759493232069
206.87402900671017,19.763070024109684
206.88190002710385,9.527150323135675
206.8897710474975,48.37305334044477
206.89764206789118,9.662941606742413
206.90551308828483,24.143148964148246
206.9133841086785,0.8826422323610202
206.92125512907216,2.2123392854806165
206.92912614946584,13.636641171192482
206.9369971698595,16.469036311592543
206.94486819025317,1.2697836011420718
206.95273921064685,41.245622658773435
206.9606102310405,11.306739601017984
206.96848125143418,3.6056371419930224
206.97635227182784,26.764102166649977
206.98422329222151,8.873209760041895
206.99209431261517,64.56068795907284
206.99996533300884,0.4481160914748035
207.0078363534025,60.05720394033174
207.01570737379618,10.615636408150417
207.02357839418983,5.013329198727792
207.0314494145835,28.139642930731217
207.03932043497716,20.28250773352172
207.04719145537084,7.034243963271554
207.0550624757645,0.5332852388896985
207.06293349615817,55.246443971687086
207.07080451655182,76.68126659017746
207.0786755369455,107.0580921575045
207.08654655733915,4.229173937336131
207.09441757773283,54.603891850650704
207.10228859812648,12.096175494427985
207.11015961852016,32.00952490849604
207.1180306389138,2.63256345045647
207.1259016593075,8.581741501962286
207.13377267970114,62.863740668168944
207.14164370009482,20.493267078828868
207.14951472048847,4.777531690663728
207.15738574088215,10.544635140087156
207.1652567612758,10.80666342580228
207.17312778166948,0.6384770974566601
207.18099880206313,18.67088430418638
207.1888698224568,10.543060982924615
207.19674084285046,42.85962162858822
207.20461186324414,13.980102481547096
207.2124828836378,8.230745248160755
207.22035390403147,57.875279491327056
207.22822492442512,75.80919192361358
207.2360959448188,2.038554425112205
207.24396696521245,36.93521408122109
207.25183798560613,56.59623685059966
207.25970900599978,19.560342757479056
207.26758002639346,35.099181053402994
207.2754510467871,4.8728537169524735
207.2833220671808,86.63739225036328
207.29119308757447,78.43214668031565
207.29906410796812,29.79144674444232
207.3069351283618,53.66584823408256
207.31480614875545,25.37249339125864
207.32267716914913,28.19484884888549
207.33054818954278,69.40869844820874
207.33841920993646,58.42200878445374
207.3462902303301,11.455912702386287
207.3541612507238,10.328430030890113
207.36203227111744,31.7608373512282
207.36990329151112,19.606574510794122
207.37777431190477,2.1330349426123942
207.38564533229845,16.688206571333453
207.3935163526921,2.1468662737736297
207.40138737308578,20.17116948059881
207.40925839347943,32.44195780406868
207.4171294138731,48.45162417127448
207.42500043426676,78.19992190321445
207.43287145466044,17.77514906988525
207.4407424750541,31.80435698715564
207.44861349544777,16.857277745493672
207.45648451584142,17.20405355423326
207.4643555362351,5.147438539449917
207.47222655662875,1.9541852864369342
207.48009757702243,4.657392392719009
207.48796859741609,28.10923604581015
207.49583961780976,23.806541657856478
207.50371063820342,25.785995251395335
207.5115816585971,16.73073256376168
207.51945267899075,13.687273139056645
207.52732369938443,19.373841636390534
207.53519471977808,25.90322258442288
207.54306574017176,73.79983967665413
207.5509367605654,6.223509588184769
207.55880778095909,14.889794103524641
207.56667880135274,28.673987575439035
207.57454982174642,33.19824228410342
207.58242084214007,17.836210283766604
207.59029186253375,28.18590291182205
207.5981628829274,29.655563469212648
207.60603390332108,13.706881482047136
207.61390492371473,1.4936683502640886
207.6217759441084,1.8179934031982876
207.6296469645021,1.1268789577630822
207.63751798489574,5.012597343401103
207.64538900528942,49.882733569688845
207.65326002568307,12.702772155825988
207.66113104607675,8.216188271977737
207.6690020664704,54.53149271504006
207.67687308686408,49.42699047090358
207.68474410725773,8.800298164691512
207.6926151276514,50.32272281642333
207.70048614804506,13.21968527136229
207.70835716843874,131.10580530820855
207.7162281888324,0.300598908761977
207.72409920922607,11.753652921398265
207.73197022961972,5.989756018537421
207.7398412500134,33.02963365586279
207.74771227040705,68.68372079689726
207.75558329080073,22.430136090228892
207.76345431119438,53.79110627322738
207.77132533158806,1.3144882662202961
207.7791963519817,8.656136874370642
207.7870673723754,14.585978854811533
207.79493839276904,0.8225284886954901
207.80280941316272,68.87468045907518
207.81068043355637,34.368088038319016
207.81855145395005,25.789737223071086
207.8264224743437,56.25526654995604
207.83429349473738,10.209965274147027
207.84216451513103,62.52978023448085
207.8500355355247,3.012730841213158
207.85790655591836,2.492352363484932
207.86577757631204,29.16669255469687
207.8736485967057,30.85215981185197
207.88151961709937,44.249487700327734
207.88939063749302,50.809955001729435
207.8972616578867,2.0354015963548977
207.90513267828035,64.97757320376398
207.91300369867403,42.947893240679676
207.92087471906768,3.2933288060499306
207.92874573946136,49.50332333590407
207.936616759855,41.858616158152714
207.9444877802487,14.017691385521276
207.95235880064234,6.454485438095041
207.96022982103602,10.994332460943301
207.9681008414297,8.756864227846446
207.97597186182335,69.94945023261205
207.98384288221703,12.205264893597631
207.99171390261068,66.60739731742359
207.99958492300436,22.643396610071854
208.007455943398,18.296413932753033
208.0153269637917,45.09385208904733
208.02319798418534,26.480175502847167
208.03106900457902,27.38329412905868
208.03894002497267,13.142620024637178
208.04681104536635,2.893816305936998
208.05468206576,10.373106465181568
208.06255308615368,23.189736436085802
208.07042410654734,29.4308705160689
208.07829512694101,101.46926266066696
208.08616614733467,57.39809721760959
208.09403716772835,54.025473120080164
208.101908188122,39.5489245661779
208.10977920851568,61.02414380568654
208.11765022890933,46.251230927085615
208.125521249303,21.271327904667334
208.13339226969666,34.27546994433803
208.14126329009034,8.08895102399875
208.149134310484,143.19702089676466
208.15700533087767,13.569726468231906
208.16487635127132,14.259743622120599
208.172747371665,115.52274954519375
208.18061839205865,18.894695783277594
208.18848941245233,0.2679810250190725
208.19636043284598,47.58806792103227
208.20423145323966,28.054743613597058
208.2121024736333,4.308635358621876
208.219973494027,26.573192203970116
208.22784451442064,7.948676540590088
208.23571553481432,30.16463186611932
208.24358655520797,44.52286430006481
208.25145757560165,23.15213775293648
208.2593285959953,27.034480882016634
208.26719961638898,0.06858974054030346
208.27507063678263,38.05777050544854
208.2829416571763,31.183808696324768
208.29081267756996,29.60757085109864
208.29868369796364,37.329281947158776
208.30655471835732,15.09142289778525
208.31442573875097,20.242570675218033
208.32229675914465,10.599990430021567
208.3301677795383,12.922917580414898
208.33803879993198,80.38223191831561
208.34590982032563,24.805525105446847
208.3537808407193,19.793783740724614
208.36165186111296,152.40589529359835
208.36952288150664,8.40530274785189
208.3773939019003,0.03257410410599016
208.38526492229397,1.7850743467459214
208.39313594268762,13.137684574452923
208.4010069630813,2.0394222146958256
208.40887798347495,19.642333546522753
208.41674900386863,58.16112409502484
208.42462002426228,87.52999958392981
208.43249104465596,3.640551649310528
208.4403620650496,9.975161259268072
208.4482330854433,1.1603884692626458
208.45610410583694,46.48999270980437
208.46397512623062,5.395031196715941
208.47184614662427,24.201502910800098
208.47971716701795,12.584346296268247
208.4875881874116,93.59050289214957
208.49545920780528,19.036692870003282
208.50333022819893,58.39758615676518
208.5112012485926,11.426994427671813
208.51907226898626,107.97244139285414
208.52694328937994,35.93056629160218
208.5348143097736,66.14705610480726
208.54268533016727,36.96487507152436
208.55055635056092,29.605982779902156
208.5584273709546,68.23203076837203
208.56629839134825,15.389567394028488
208.57416941174193,39.252409796868946
208.58204043213559,4.2295284912501465
208.58991145252926,2.454983835440728
208.59778247292292,9.674724083067987
208.6056534933166,54.42440885190386
208.61352451371025,17.608043989809442
208.62139553410393,44.91457580626788
208.62926655449758,4.56376988068813
208.63713757489126,37.65473084276424
208.64500859528493,53.18782603267335
208.6528796156786,29.429426441839013
208.66075063607227,36.77910536053257
208.66862165646592,23.279635746552685
208.6764926768596,50.485408352721485
208.68436369725325,39.51022097877519
208.69223471764693,7.381229552256523
208.70010573804058,0.34490568022321333
208.70797675843426,47.131426098249555
208.7158477788279,12.534856447411077
208.7237187992216,55.083049323877866
208.73158981961524,18.259212358444998
208.73946084000892,95.28819966600544
208.74733186040257,24.872323281277787
208.75520288079625,11.26052406842701
208.7630739011899,12.134323251370997
208.77094492158358,6.457704421072496
208.77881594197723,1.8903538996545322
208.7866869623709,149.24000912946485
208.79455798276456,7.919202551770166
208.80242900315824,21.816651694834537
208.8103000235519,12.769774248269657
208.81817104394557,13.496278007447492
208.82604206433922,46.251549159526206
208.8339130847329,35.74211956068438
208.84178410512655,0.05407523789756655
208.84965512552023,11.592483455367066
208.85752614591388,10.425686936686525
208.86539716630756,38.84204570499036
208.8732681867012,22.477940408810117
208.8811392070949,3.3030257996191486
208.88901022748854,62.166112829223195
208.89688124788222,28.940037280526486
208.90475226827587,63.83660133095917
208.91262328866955,77.23033928296476
208.9204943090632,11.827963761890683
208.92836532945688,45.06684895171137
208.93623634985053,112.76264269873477
208.9441073702442,14.806157509863414
208.95197839063786,5.297264560557299
208.95984941103154,0.3797184759153361
208.9677204314252,5.293368084978421
208.97559145181887,26.621310840230986
208.98346247221255,5.641893526624753
208.9913334926062,23.13419879654826
208.99920451299988,6.357288126856659
209.00707553339353,10.583450245859629
209.0149465537872,5.928527370658047
209.02281757418086,43.09499985909762
209.03068859457454,46.030542585980804
209.0385596149682,8.761784139344817
209.04643063536187,3.2001874037340534
209.05430165575552,92.3729428902646
209.0621726761492,27.619895815316415
209.07004369654285,41.83042047871975
209.07791471693653,49.470048378117106
209.08578573733018,43.51498197937283
209.09365675772386,19.76130045941556
209.10152777811751,5.108936484044725
209.1093987985112,44.34814704529298
209.11726981890484,24.943517063644023
209.12514083929852,19.359517418208487
209.13301185969217,12.95874115461325
209.14088288008585,27.19171505356392
209.1487539004795,12.623409480683765
209.15662492087318,48.16612571475859
209.16449594126684,6.005234428419609
209.17236696166052,178.91726275635762
209.18023798205417,37.66128043776219
209.18810900244785,0.39411849215094985
209.1959800228415,0.3948598958934458
209.20385104323518,27.674618136129574
209.21172206362883,10.324055462151241
209.2195930840225,16.257395135304883
209.22746410441616,3.8865621304887306
209.23533512480984,30.97940121682749
209.2432061452035,43.483518750194804
209.25107716559717,12.362472946214492
209.25894818599082,3.7695354853265726
209.2668192063845,15.023333825878295
209.27469022677815,97.11517832950685
209.28256124717183,14.524446637177068
209.29043226756548,3.518405986047782
209.29830328795916,52.243748779626266
209.3061743083528,30.717725574905053
209.3140453287465,36.18504568599127
209.32191634914017,37.94341461082369
209.32978736953382,53.37583717925505
209.3376583899275,10.0251411000986
209.34552941032115,38.414506059600065
209.35340043071483,74.11708940357252
209.36127145110848,35.70310483719243
209.36914247150216,58.79223531679504
209.3770134918958,54.87281901036187
209.3848845122895,61.00352631562539
209.39275553268314,27.741469050102438
209.40062655307682,22.67296705435021
209.40849757347047,5.474708489969031
209.41636859386415,27.20017759556397
209.4242396142578,23.885619282079293
209.43211063465148,9.164182308565056
209.43998165504513,11.954166851985839
209.4478526754388,1.021483423402208
209.45572369583246,2.5339921964874907
209.46359471622614,87.84032381805967
209.4714657366198,27.2920500176819
209.47933675701347,0.5595098721844182
209.48720777740712,4.018524732867008
209.4950787978008,0.23562787607653685
209.50294981819445,78.90529947597454
209.51082083858813,13.781338916731936
209.51869185898178,6.7531678912753685
209.52656287937546,11.521006151293642
209.5344338997691,32.12206118620723
209.5423049201628,27.043437066204525
209.55017594055644,9.947780829202943
209.55804696095012,2.9836041165565534
209.56591798134377,119.79331310281985
209.57378900173745,20.061706997773975
209.5816600221311,56.240839466611476
209.58953104252478,86.8031793537889
209.59740206291843,7.559517462233755
209.6052730833121,32.11821654777034
209.61314410370576,9.914643530229624
209.62101512409944,17.879769004166977
209.6288861444931,8.860003322667591
209.63675716488677,19.2399777543375
209.64462818528042,19.19145647900319
209.6524992056741,0.2517775105701666
209.66037022606778,25.30549774519616
209.66824124646143,2.8666025182325376
209.6761122668551,20.832613311366796
209.68398328724876,8.33080807331402
209.69185430764244,2.275151295338075
209.6997253280361,6.604218497562033
209.70759634842977,10.979421127554334
209.71546736882343,34.917699075949145
209.7233383892171,22.09704304254667
209.73120940961076,64.73154003359203
209.73908043000444,28.404340055592392
209.7469514503981,37.25010972672123
209.75482247079177,9.544783434235812
209.76269349118542,84.55757035190129
209.7705645115791,3.850430614421619
209.77843553197275,14.073688665940974
209.78630655236643,19.26146368260646
209.79417757276008,11.490462882500646
209.80204859315376,7.702291200563263
209.8099196135474,6.481302522617073
209.8177906339411,8.3166876865091
209.82566165433474,49.55233291337672
209.83353267472842,0.8715637244564463
209.84140369512207,0.845346818893854
209.84927471551575,17.40817403226005
209.8571457359094,8.686963865123944
209.86501675630308,53.961965959845784
209.87288777669673,13.86698436802248
209.8807587970904,13.677477974543518
209.88862981748406,42.66997985230857
209.89650083787774,9.7352805195817
209.9043718582714,16.004844276791214
209.91224287866507,52.61885818483781
209.92011389905872,41.830668610579195
209.9279849194524,3.92870593324042
209.93585593984605,3.0891104403195166
209.94372696023973,154.63175618577145
209.95159798063338,89.23906883495299
209.95946900102706,12.435747034784912
209.9673400214207,2.810291926541023
209.9752110418144,211.10175452364726
209.98308206220804,105.41079954300456
209.99095308260172,1.0700621919904374
209.9988241029954,1.8619196881988465
210.00669512338905,40.80923668123803
210.01456614378273,160.57412913104022
210.02243716417638,60.488249125624584
210.03030818457006,16.22578544477814
210.0381792049637,14.72076290927061
210.0460502253574,17.445539953504046
210.05392124575104,20.763435904856113
210.06179226614472,70.26737966544177
210.06966328653837,33.574773392951116
210.07753430693205,4.814186610985733
210.0854053273257,90.74452221791455
210.09327634771938,0.35586812319361666
210.10114736811303,75.41866965827376
210.1090183885067,92.78284738972954
210.11688940890036,90.48922988280506
210.12476042929404,24.882885628236753
210.1326314496877,44.19661538639326
210.14050247008137,0.888856218284961
210.14837349047502,4.825427902377744
210.1562445108687,18.687721769779817
210.16411553126235,8.219950900745697
210.17198655165603,5.167856355208107
210.17985757204968,1.0703814771505218
210.18772859244336,7.052463929302859
210.19559961283701,2.9817734831308624
210.2034706332307,9.620854044476214
210.21134165362434,135.49890567155327
210.21921267401802,8.54185577232517
210.22708369441168,12.352626064267286
210.23495471480535,8.396743653232535
210.242825735199,6.768368897009276
210.25069675559268,2.775775179869978
210.25856777598634,16.879214374840952
210.26643879638002,39.592192088360335
210.27430981677367,61.12769726506153
210.28218083716735,79.19265814107803
210.290051857561,5.906349717220816
210.29792287795468,4.37841596460621
210.30579389834833,78.07046181583371
210.313664918742,11.65590539817082
210.32153593913566,12.145949579253617
210.32940695952934,1.25383450882602
210.33727797992302,2.0904397508865378
210.34514900031667,9.9106355368603
210.35302002071035,3.6782207650647254
210.360891041104,18.983188708130108
210.36876206149768,6.506531759677009
210.37663308189133,0.29956618422127657
210.384504102285,19.1918684366007
210.39237512267866,57.900614461847596
210.40024614307234,2.7221779966748363
210.408117163466,5.8273001760719625
210.41598818385967,7.8607719058201955
210.42385920425332,8.272811302617885
210.431730224647,23.96929972339814
210.43960124504065,17.189277019534345
210.44747226543433,29.034000812911845
210.45534328582798,43.010427920474456
210.46321430622166,15.147425130594618
210.4710853266153,28.96278615207583
210.478956347009,55.751755294412376
210.48682736740264,84.63414747340431
210.49469838779632,7.593236546281945
210.50256940818997,45.13300919198088
210.51044042858365,132.8437129587195
210.5183114489773,10.502109968729464
210.52618246937098,11.88473299329133
210.53405348976463,66.4531627515878
210.5419245101583,28.939580611365365
210.54979553055196,8.864894994442727
210.55766655094564,28.240217996311863
210.5655375713393,16.324901969465042
210.57340859173297,47.86961748234602
210.58127961212662,6.240145137755924
210.5891506325203,3.4221501858979004
210.59702165291395,97.41087249677717
210.60489267330763,12.847750086973688
210.61276369370128,12.612824898904018
210.62063471409496,37.12186242572378
210.6285057344886,20.3318516532024
210.6363767548823,31.330757194887816
210.64424777527594,60.38170649742492
210.65211879566962,73.03833521469537
210.65998981606327,21.461047250281233
210.66786083645695,1.1135443998023205
210.67573185685063,0.7008671135367253
210.68360287724428,21.176535184579382
210.69147389763796,12.12974415329257
210.6993449180316,39.09488834166779
210.7072159384253,66.9295134514376
210.71508695881894,3.5440648482172756
210.72295797921262,7.571843210951577
210.73082899960627,165.41122770118992
210.73870001999995,5.3884068157572
210.7465710403936,19.321844696488483
210.75444206078728,4.9028560803650665
210.76231308118093,26.72018321805571
210.7701841015746,9.550967295862758
210.77805512196826,2.3603186606988658
210.78592614236194,2.9166599637918167
210.7937971627556,17.061389087923498
210.80166818314927,27.706096688524305
210.80953920354293,7.388200382280352
210.8174102239366,46.34386586446153
210.82528124433026,14.413691619740055
210.83315226472394,18.675164584015086
210.8410232851176,44.34290162088309
210.84889430551127,16.430635915415046
210.85676532590492,30.25846477895937
210.8646363462986,170.33281303736882
210.87250736669225,9.908406835353432
210.88037838708593,1.9685881618896648
210.88824940747958,8.482900200737426
210.89612042787326,7.96577236840581
210.9039914482669,0.8143644738491523
210.9118624686606,15.337134583145016
210.91973348905424,0.11602578223390309
210.92760450944792,10.516385729600396
210.93547552984157,33.20261110134998
210.94334655023525,38.10402091376463
210.9512175706289,0.7810596630757521
210.95908859102258,4.358898769926179
210.96695961141623,6.252706597767832
210.9748306318099,2.949894746113978
210.98270165220356,15.155553167521767
210.99057267259724,2.0364856960424182
210.9984436929909,11.23279496215909
211.00631471338457,91.02372076261923
211.01418573377825,10.983734732866882
211.0220567541719,2.2998071029091576
211.02992777456558,5.441127630120327
211.03779879495923,53.34816913828537
211.0456698153529,3.9945630495151043
211.05354083574656,7.858802290402154
211.06141185614024,57.33000932866004
211.0692828765339,9.593273842967507
211.07715389692757,5.930009157998299
211.08502491732122,11.495934626772353
211.0928959377149,32.24974178970347
211.10076695810855,4.022498565023096
211.10863797850223,9.27380824119846
211.11650899889588,1.7918251738647388
211.12438001928956,2.1073830092440393
211.1322510396832,13.458548212427397
211.1401220600769,10.963635244042408
211.14799308047054,5.644678695855276
211.15586410086422,26.668229351541964
211.16373512125787,26.4467705874271
211.17160614165155,6.185446321348822
211.1794771620452,11.812936081768964
211.18734818243888,46.533166841866574
211.19521920283253,88.30850564994294
211.2030902232262,19.571099618268367
211.21096124361986,48.0797826115607
211.21883226401354,60.298171628432215
211.2267032844072,35.61534290193547
211.23457430480087,30.42662509690825
211.24244532519452,12.204293250328522
211.2503163455882,5.992132382487149
211.25818736598185,97.78590378787688
211.26605838637553,84.64460570597595
211.27392940676918,36.25721223534489
211.28180042716286,21.954346519299524
211.28967144755651,15.386017264075921
211.2975424679502,19.554875493002914
211.30541348834385,82.04155150862388
211.31328450873752,42.75125494443694
211.32115552913118,22.02229291892315
211.32902654952485,0.6691519598207232
211.3368975699185,31.81824189581454
211.34476859031219,45.6253104492927
211.35263961070586,82.91348875325099
211.36051063109952,41.579490434501764
211.3683816514932,13.366074829463283
211.37625267188685,12.746301559855949
211.38412369228053,120.09751043977958
211.39199471267418,34.229800714794735
211.39986573306786,30.068940117797705
211.4077367534615,89.51395192451325
211.41560777385519,10.602774965961135
211.42347879424884,0.6304666843819177
211.43134981464252,113.87259085758755
211.43922083503617,24.867741869903075
211.44709185542985,7.040358418109326
211.4549628758235,8.90803167671542
211.46283389621718,43.35081181184946
211.47070491661083,17.713092243692202
211.4785759370045,37.69971207948929
211.48644695739816,19.49632863763842
211.49431797779184,3.3419365317290355
211.5021889981855,2.6828896757663294
211.51006001857917,44.44687773895773
211.51793103897282,3.0709356667372183
211.5258020593665,3.1827788194509616
211.53367307976015,4.700166475776846
211.54154410015383,34.77246696251689
211.54941512054748,30.203065765790264
211.55728614094116,33.53512353952204
211.5651571613348,16.8344790968424
211.5730281817285,24.61308747129825
211.58089920212214,4.843065353407962
211.58877022251582,0.1616841709021821
211.59664124290947,22.370975182187074
211.60451226330315,28.935911935531184
211.6123832836968,4.936668978759185
211.62025430409048,18.264518676711212
211.62812532448413,15.465225695784127
211.6359963448778,25.33254118665709
211.64386736527146,19.818579111024622
211.65173838566514,11.801797404970046
211.6596094060588,6.395794418683924
211.66748042645247,6.656740082554745
211.67535144684612,34.933844439464295
211.6832224672398,40.245794370522326
211.69109348763348,12.733253259574925
211.69896450802713,26.969651512963008
211.7068355284208,200.19750583096175
211.71470654881446,16.74587960888295
211.72257756920814,35.2669496025438
211.7304485896018,22.10296008747404
211.73831960999547,85.55130725880723
211.74619063038912,87.33749792067627
211.7540616507828,12.908553482682654
211.76193267117645,7.6755555049039925
211.76980369157013,3.561940054104473
211.77767471196378,34.606704651140106
211.78554573235746,79.61206742401696
211.7934167527511,9.98827000095558
211.8012877731448,22.566005664156904
211.80915879353844,13.487220929800747
211.81702981393212,3.9717605886562377
211.82490083432577,22.664140374771385
211.83277185471945,18.606440379813616
211.8406428751131,0.14685730873392044
211.84851389550678,3.825453128062871
211.85638491590043,25.842535297574514
211.86425593629411,10.37024173664385
211.87212695668777,163.20179176166135
211.87999797708144,23.844016845061397
211.8878689974751,17.08468115060779
211.89574001786877,57.35748917644795
211.90361103826243,4.006356430151182
211.9114820586561,57.70708620156139
211.91935307904976,42.84054599829072
211.92722409944344,84.8616329161814
211.9350951198371,6.979591079277152
211.94296614023077,5.661472303744303
211.95083716062442,35.457600026979705
211.9587081810181,1.0845656359735465
211.96657920141175,10.046476300119846
211.97445022180543,8.066181496659572
211.98232124219908,68.80659284308211
211.99019226259276,0.5843097349837822
211.9980632829864,45.868598223199406
212.0059343033801,10.423774255617602
212.01380532377377,1.4970108023775832
212.02167634416742,1.7982951260226538
212.0295473645611,22.414733137062132
212.03741838495475,46.909355433481146
212.04528940534843,60.02469388363435
212.05316042574208,53.796805084312595
212.06103144613576,35.35001936096465
212.0689024665294,10.848847100820736
212.0767734869231,3.741443357065494
212.08464450731674,70.83819009543821
212.09251552771042,16.314946762213125
212.10038654810407,2.6115558739627667
212.10825756849775,0.33658363185329604
212.1161285888914,84.4024229079795
212.12399960928508,12.23188149641458
212.13187062967873,6.311512284628375
212.1397416500724,8.745291751086421
212.14761267046606,21.874455032932744
212.15548369085974,136.0098120071879
212.1633547112534,1.4055451915134487
212.17122573164707,7.69428873989513
212.17909675204072,4.2731419017582
212.1869677724344,22.161304144880678
212.19483879282805,4.118137392489819
212.20270981322173,4.722106666713122
212.21058083361538,8.165817199071329
212.21845185400906,14.371341146697079
212.2263228744027,30.456693005914637
212.2341938947964,48.746986949027296
212.24206491519004,43.8546973010739
212.24993593558372,22.83880857367633
212.25780695597737,28.213809525474076
212.26567797637105,70.45535742903724
212.2735489967647,2.1308591729625617
212.28142001715838,17.163403213557892
212.28929103755203,39.38354616221631
212.2971620579457,16.548318707375895
212.30503307833936,2.87694013867143
212.31290409873304,48.174427465890126
212.3207751191267,144.8871180777191
212.32864613952037,9.517581834714765
212.33651715991402,159.57151940538554
212.3443881803077,35.873961996073746
212.35225920070138,87.35139829110808
212.36013022109503,58.52175709688337
212.3680012414887,245.363925715391
212.37587226188236,3.6278993682108767
212.38374328227604,0.411046582444968
212.3916143026697,20.357736374584807
212.39948532306337,50.772323837520574
212.40735634345702,16.559735824163496
212.4152273638507,3.543698128713621
212.42309838424435,3.6333279968283754
212.43096940463803,34.167998935012506
212.43884042503169,18.36075779291689
212.44671144542536,24.47036677214084
212.45458246581902,16.38062904219677
212.4624534862127,28.406392498119665
212.47032450660635,1.2078740327254907
212.47819552700003,104.4510342014032
212.48606654739368,40.67361726762213
212.49393756778736,27.20205468917339
212.501808588181,59.48621902924841
212.5096796085747,30.766908777876576
212.51755062896834,13.336963183215866
212.52542164936202,19.460858731594875
212.53329266975567,96.49544383322488
212.54116369014935,7.439620830115214
212.549034710543,10.057143001516607
212.55690573093668,26.19194344697789
212.56477675133033,17.294818910479755
212.572647771724,4.9793738831097905
212.58051879211766,2.561983324857539
212.58838981251134,47.452973308670146
212.596260832905,45.4110530056327
212.60413185329867,8.521809894083308
212.61200287369232,53.23667264528685
212.619873894086,51.87723211426403
212.62774491447965,5.208355576038005
212.63561593487333,58.954230812733236
212.64348695526698,21.767998404199737
212.65135797566066,22.43513719107919
212.6592289960543,4.866212126696029
212.667100016448,15.851295296979426
212.67497103684164,109.0936237789146
212.68284205723532,10.44393107357127
212.690713077629,7.422265957263483
212.69858409802265,12.375711121613007
212.70645511841633,8.566706129010592
212.71432613880998,5.945075011198024
212.72219715920366,5.242933915736282
212.7300681795973,35.39463244533945
212.737939199991,88.80101883019643
212.74581022038464,12.859978081779035
212.75368124077832,0.35086397055667834
212.76155226117197,19.18392514308029
212.76942328156565,4.6610823532197285
212.7772943019593,12.543494342862925
212.78516532235298,4.506771217918388
212.79303634274663,14.774893139775806
212.8009073631403,31.404641978083205
212.80877838353396,5.878462438484262
212.81664940392764,44.47567750870464
212.8245204243213,181.41237496255152
212.83239144471497,14.264125821495657
212.84026246510862,94.91288643218374
212.8481334855023,21.401711854140736
212.85600450589595,0.28805423754056925
212.86387552628963,9.87480041528358
212.87174654668328,5.960043607301609
212.87961756707696,25.05732001335612
212.8874885874706,28.071530926126563
212.8953596078643,82.35961639826813
212.90323062825794,42.29989177865126
212.91110164865162,3.551775265716593
212.91897266904527,17.48663890098354
212.92684368943895,58.80249701201993
212.9347147098326,50.78315810213225
212.94258573022628,31.651127686465248
212.95045675061994,24.768461942244997
212.95832777101361,63.64749191180693
212.96619879140727,23.732420019476326
212.97406981180094,12.30556206212474
212.9819408321946,39.69959961535393
212.98981185258828,12.092137544262883
212.99768287298193,165.8859136415132
213.0055538933756,26.332438032518816
213.01342491376926,1.1523776854264753
213.02129593416294,26.244172214344342
213.02916695455662,9.390492433735337
213.03703797495027,15.099864894125352
213.04490899534395,78.1755188256974
213.0527800157376,61.589852678925126
213.06065103613128,11.266651143991057
213.06852205652493,106.92062852724652
213.0763930769186,29.26122822287397
213.08426409731226,27.349081037646954
213.09213511770594,20.96547512443667
213.1000061380996,8.379486618514328
213.10787715849327,9.830056995566858
213.11574817888692,124.13931459146865
213.1236191992806,2.349797137042839
213.13149021967425,9.303883736454491
213.13936124006793,1.5564093382223425
213.14723226046158,59.64842854814471
213.15510328085526,67.38616937397089
213.1629743012489,60.95927259654148
213.1708453216426,46.211599654391804
213.17871634203624,19.415123589504628
213.18658736242992,33.25759847139021
213.19445838282357,4.7985539446160645
213.20232940321725,39.30479687674878
213.2102004236109,39.69163889210099
213.21807144400458,105.52423185770668
213.22594246439823,25.386972126215483
213.2338134847919,7.407222014959626
213.24168450518556,8.325606092840529
213.24955552557924,10.876244865469651
213.2574265459729,31.819921242385696
213.26529756636657,38.74943694171053
213.27316858676022,13.287791597272292
213.2810396071539,4.658833752904953
213.28891062754755,4.260391643194588
213.29678164794123,87.74871853057506
213.30465266833488,5.501793044219117
213.31252368872856,14.63373744047213
213.3203947091222,19.873160892781655
213.3282657295159,21.599117435979874
213.33613674990954,22.326677762243268
213.34400777030322,64.1021438294704
213.35187879069687,1.2461803597224792
213.35974981109055,117.87093953538601
213.36762083148423,6.08437895644859
213.37549185187788,37.81538811413791
213.38336287227156,5.1736886961183215
213.3912338926652,41.64214930108833
213.3991049130589,10.194094786669835
213.40697593345254,21.30554606314044
213.41484695384622,74.90885950381106
213.42271797423987,5.269974790749284
213.43058899463355,54.76296569223486
213.4384600150272,5.778549787357521
213.44633103542088,17.560339652498353
213.45420205581453,11.589854384910694
213.4620730762082,28.440774957390627
213.46994409660186,33.191680428118
213.47781511699554,79.28208457581052
213.4856861373892,1.8416195611251611
213.49355715778287,13.813950922383924
213.50142817817652,15.505289818493747
213.5092991985702,117.96974772095258
213.51717021896386,43.435776812862045
213.52504123935753,20.208525442138196
213.53291225975119,129.32443800274814
213.54078328014486,68.46107493896032
213.54865430053852,114.24476851227482
213.5565253209322,49.37489723849834
213.56439634132585,31.448222918706886
213.57226736171953,39.27413138927053
213.58013838211318,20.49533320292797
213.58800940250686,87.81072896079849
213.5958804229005,13.906408841725353
213.6037514432942,74.49586292852743
213.61162246368784,19.81827999305319
213.61949348408152,167.731818940308
213.62736450447517,30.07617268364908
213.63523552486885,18.925154994204984
213.6431065452625,18.922016744927554
213.65097756565618,7.353701565627382
213.65884858604983,15.365198203465937
213.6667196064435,7.87009205122564
213.67459062683716,20.255502991434906
213.68246164723084,80.7249616258415
213.6903326676245,5.656769975424983
213.69820368801817,4.660335914712404
213.70607470841185,5.580572627149051
213.7139457288055,9.440649126634513
213.72181674919918,22.66771627868883
213.72968776959283,0.3537573505941146
213.7375587899865,5.93759353496475
213.74542981038016,0.369689242138886
213.75330083077384,1.2510819313520876
213.7611718511675,65.70446189826232
213.76904287156117,5.772276801917105
213.77691389195482,51.07535878338789
213.7847849123485,1.6504462277443959
213.79265593274215,8.171624920934498
213.80052695313583,32.18776323821367
213.80839797352948,47.81624790515125
213.81626899392316,21.830060114597288
213.8241400143168,8.37150831405471
213.8320110347105,45.4579412430054
213.83988205510414,2.730315032124063
213.84775307549782,38.99277735369629
213.85562409589147,55.07350972415447
213.86349511628515,82.43589329475682
213.8713661366788,48.652590674003434
213.87923715707248,67.59370389041474
213.88710817746613,6.120370933597037
213.8949791978598,39.16402172053007
213.90285021825346,128.53586813866855
213.91072123864714,66.4121117351734
213.9185922590408,44.55312703339111
213.92646327943447,3.989850259900922
213.93433429982812,33.94106826217248
213.9422053202218,120.80453936512124
213.95007634061545,64.94134983257494
213.95794736100913,103.3923052592097
213.96581838140278,38.81029026491779
213.97368940179646,46.23063212846778
213.9815604221901,5.456769261402319
213.9894314425838,13.289466743211387
213.99730246297744,0.0965712924945187
214.00517348337112,19.93525660262929
214.01304450376477,82.32922033212331
214.02091552415845,32.10397190982722
214.0287865445521,0.9660185746365774
214.03665756494578,14.49519731810627
214.04452858533946,14.961073476447066
214.05239960573311,1.2514069486879738
214.0602706261268,4.645511428859919
214.06814164652044,23.285972020370618
214.07601266691412,18.8002620196952
214.08388368730778,22.252305982346257
214.09175470770145,4.975733868035885
214.0996257280951,4.534843402623292
214.10749674848878,2.2404746465347887
214.11536776888244,10.10099809259569
214.12323878927612,30.42403822875141
214.13110980966977,178.87871422152259
214.13898083006345,97.94563460586274
214.1468518504571,21.657453920119128
214.15472287085078,80.09725553859433
214.16259389124443,106.48738340198648
214.1704649116381,57.81235549299289
214.17833593203176,20.213131941404473
214.18620695242544,35.57576609065427
214.1940779728191,14.86749266298277
214.20194899321277,4.366236989252991
214.20982001360642,21.133182921932853
214.2176910340001,19.285026935775196
214.22556205439375,1.2857456085525893
214.23343307478743,6.124756184442412
214.24130409518108,23.616219488550186
214.24917511557476,45.416743721415365
214.2570461359684,33.89825348627966
214.2649171563621,50.13619965383467
214.27278817675574,27.518888753352158
214.28065919714942,6.966527955987445
214.28853021754307,9.312931436444192
214.29640123793675,85.61957620660978
214.3042722583304,10.023790561461219
214.31214327872408,5.636026111816029
214.32001429911773,154.4190596798838
214.3278853195114,18.956844738723632
214.33575633990506,31.098199932382
214.34362736029874,14.667240995063436
214.3514983806924,22.187745405472207
214.35936940108607,80.28267758825343
214.36724042147972,84.95283147957481
214.3751114418734,20.771741403898755
214.38298246226708,9.291298174596356
214.39085348266073,0.9074207233323255
214.3987245030544,11.644787075969402
214.40659552344806,4.747531421771981
214.41446654384174,9.256468165800554
214.4223375642354,3.6110377561885323
214.43020858462907,58.01648663784088
214.43807960502272,20.845505371602318
214.4459506254164,47.742490614716175
214.45382164581005,50.930162354411564
214.46169266620373,19.579355238317163
214.46956368659738,30.768021948247913
214.47743470699106,15.191911118561539
214.4853057273847,33.62931635575658
214.4931767477784,62.06293972026704
214.50104776817204,1.5223973208770805
214.50891878856572,2.7958414475904916
214.51678980895937,19.37389026019067
214.52466082935305,33.590308733011625
214.5325318497467,20.083373604342402
214.54040287014038,25.730958672895184
214.54827389053403,12.396140545058252
214.5561449109277,24.67690756494555
214.56401593132136,48.846294655249196
214.57188695171504,39.08405975293753
214.5797579721087,9.830890411474128
214.58762899250237,4.000599084996332
214.59550001289603,3.1419233587706077
214.6033710332897,3.922940044356752
214.61124205368336,0.08878614622679515
214.61911307407703,0.2829556791653651
214.62698409447069,3.9673999892662035
214.63485511486437,5.354189098498155
214.64272613525802,2.2085558318345515
214.6505971556517,65.88810698758883
214.65846817604535,20.740624003626994
214.66633919643903,22.176035458526474
214.67421021683268,64.04623825136585
214.68208123722636,9.487634147320362
214.68995225762,6.156947936121965
214.6978232780137,29.185635717771973
214.70569429840734,50.70048322009531
214.71356531880102,3.150743144357865
214.7214363391947,75.22917487155036
214.72930735958835,23.739555420549394
214.73717837998203,89.03777274531508
214.74504940037568,27.707815441980866
214.75292042076936,9.166833269505975
214.760791441163,81.86756227982735
214.7686624615567,9.599666413453305
214.77653348195034,33.67243560718035
214.78440450234402,29.93376959175049
214.79227552273767,103.55494544865368
214.80014654313135,16.374435922883496
214.808017563525,4.7992794576886935
214.81588858391868,5.036645855948017
214.82375960431233,12.72866483073389
214.831630624706,156.59306144342378
214.83950164509966,152.96137185183707
214.84737266549334,47.11736217306146
214.855243685887,17.615182854246044
214.86311470628067,15.285395486379675
214.87098572667432,14.018875195112125
214.878856747068,19.673578106558956
214.88672776746165,10.311374741553239
214.89459878785533,0.4354117293591284
214.90246980824898,4.697629606930826
214.91034082864266,5.0876485529616335
214.9182118490363,10.198832930072435
214.92608286943,8.041042656183867
214.93395388982364,6.373149623520488
214.94182491021732,45.65964276712803
214.94969593061097,73.35327018898617
214.95756695100465,21.90472948410927
214.9654379713983,7.692923168451537
214.97330899179198,10.366044084463805
214.98118001218563,32.31415505029688
214.9890510325793,56.1695324389792
214.99692205297296,25.493096581735088
215.00479307336664,8.16618404224576
215.0126640937603,18.262980166457133
215.02053511415397,8.792848737290553
215.02840613454762,0.1290127569284797
215.0362771549413,17.73500370868961
215.04414817533495,26.00793409501034
215.05201919572863,31.55666110464578
215.0598902161223,15.712497936052102
215.06776123651596,31.46287683283458
215.07563225690964,33.57734429900202
215.0835032773033,43.571529498246356
215.09137429769697,62.20512366525034
215.09924531809062,0.6504811204757992
215.1071163384843,11.835415005204162
215.11498735887795,11.696401818872705
215.12285837927163,22.702448887543756
215.13072939966528,4.310437856355611
215.13860042005896,40.07019726520792
215.14647144045261,95.31999931263094
215.1543424608463,98.27936190043306
215.16221348123995,6.22619984474335
215.17008450163362,1.9192703660836004
215.17795552202728,35.58211360141971
215.18582654242095,51.33202129169235
215.1936975628146,63.07865124984894
215.20156858320829,75.8136771699535
215.20943960360194,16.26260968118903
215.21731062399562,1.3520438508019332
215.22518164438927,8.560670656306868
215.23305266478295,93.46721510715842
215.2409236851766,0.257702433153902
215.24879470557028,24.628906644870693
215.25666572596393,44.445467531665685
215.2645367463576,70.84326726773281
215.27240776675126,4.223114284855071
215.28027878714494,54.4435957664417
215.2881498075386,44.896489832303665
215.29602082793227,69.10559244376131
215.30389184832592,22.842541047865083
215.3117628687196,16.391053021692564
215.31963388911325,8.453243941319409
215.32750490950693,15.307507310535007
215.33537592990058,2.6899423504632316
215.34324695029426,35.703713431494215
215.3511179706879,15.871659847090564
215.3589889910816,36.64316504050233
215.36686001147524,4.573936345036083
215.37473103186892,98.92623637365087
215.38260205226257,11.139768547152668
215.39047307265625,23.608609702295677
215.39834409304993,1.9761731357157752
215.40621511344358,91.85104707455774
215.41408613383726,19.029195724237027
215.4219571542309,90.272369331865
215.4298281746246,24.522756337589186
215.43769919501824,23.031673460429626
215.44557021541192,12.454614041739356
215.45344123580557,28.29289288429676
215.46131225619925,13.56647281262474
215.4691832765929,39.715205330444114
215.47705429698658,12.42660611325459
215.48492531738023,3.119207359522487
215.4927963377739,1.4596680840280993
215.50066735816756,10.843160349102558
215.50853837856124,18.642056687470614
215.5164093989549,46.80070489854125
215.52428041934857,68.78268634230254
215.53215143974222,113.372807550752
215.5400224601359,4.991889088302251
215.54789348052955,0.297708454566416
215.55576450092323,0.19091457903594253
215.56363552131688,4.199717691499831
215.57150654171056,19.12501340555924
215.5793775621042,13.398287055389256
215.5872485824979,0.6141441995103593
215.59511960289154,73.72060849335311
215.60299062328522,19.944494350579834
215.61086164367887,12.020496256388112
215.61873266407255,6.449404958058906
215.6266036844662,17.54125841014182
215.63447470485988,11.990887543043371
215.64234572525353,79.109444600614
215.6502167456472,27.83889759591092
215.65808776604086,84.66111411223076
215.66595878643454,12.880566619501774
215.6738298068282,2.896959627014509
215.68170082722187,1.8573187527020347
215.68957184761553,73.49628446438051
215.6974428680092,350.41592311264543
215.70531388840286,0.2086623378012145
215.71318490879653,149.3702415159063
215.7210559291902,116.95008787403822
215.72892694958387,50.982147281605194
215.73679796997754,22.305052535910058
215.7446689903712,62.147899605671405
215.75254001076487,17.19115114776554
215.76041103115853,25.485238909789345
215.7682820515522,42.50427481148073
215.77615307194586,17.207369644291386
215.78402409233954,50.04219518009903
215.7918951127332,6.857840714562384
215.79976613312687,17.745938497359933
215.80763715352052,17.356426622195855
215.8155081739142,55.966915584221056
215.82337919430785,9.270099876541966
215.83125021470153,70.43162725052443
215.83912123509518,0.9528988076929057
215.84699225548886,2.5955790903301867
215.8548632758825,22.688956967608604
215.8627342962762,44.67506710418703
215.87060531666984,4.033300278783711
215.87847633706352,1.5661260434000042
215.88634735745717,23.262956999527113
215.89421837785085,48.75445533549182
215.9020893982445,12.467642459663054
215.90996041863818,1.9289833475399571
215.91783143903183,56.63548335081083
215.9257024594255,53.030190546882956
215.93357347981916,12.432198146758912
215.94144450021284,32.62847945818824
215.9493155206065,14.684744916532384
215.95718654100017,44.77261132844717
215.96505756139382,50.64845635685039
215.9729285817875,1.9125208400938172
215.98079960218115,47.489986334777775
215.98867062257483,35.8002681517366
215.99654164296848,16.783494793222147
216.00441266336216,11.306393895603659
216.0122836837558,3.1394133500594625
216.0201547041495,22.293773498360707
216.02802572454314,21.75562047086502
216.03589674493682,16.099380871160943
216.04376776533047,15.580138842466196
216.05163878572415,0.5310175823675776
216.0595098061178,17.693781217462025
216.06738082651148,16.59572130441109
216.07525184690516,5.739905176354275
216.0831228672988,81.43534540175636
216.0909938876925,67.72563607281195
216.09886490808614,128.8716056822771
216.10673592847982,125.77595850536962
216.11460694887347,12.02176007476797
216.12247796926715,31.433015105630147
216.1303489896608,5.930140667445276
216.13822001005448,6.6956510341164694
216.14609103044813,5.50857248432442
216.1539620508418,28.71109829102438
216.16183307123546,28.0313671704891
216.16970409162914,11.760423635098327
216.1775751120228,1.7478934538980333
216.18544613241647,7.303333838051235
216.19331715281012,11.197707797708496
216.2011881732038,94.25623712996503
216.20905919359745,2.6100765673768
216.21693021399113,104.5600396306545
216.22480123438478,1.2697964806219597
216.23267225477846,47.7221461427245
216.24054327517212,23.662102842141497
216.2484142955658,5.20472721137136
216.25628531595945,3.4431341406673557
216.26415633635312,71.20194938273252
216.27202735674678,24.191545938205053
216.27989837714046,32.86364201714711
216.2877693975341,3.835833127780966
216.29564041792779,49.3567594889396
216.30351143832144,11.090733784196475
216.31138245871512,4.768022089101346
216.31925347910877,32.26270065971393
216.32712449950245,4.597985096573773
216.3349955198961,23.029843114500164
216.34286654028978,2.69620156527686
216.35073756068343,23.755850868925602
216.3586085810771,3.955522436712989
216.36647960147076,0.07513429246435714
216.37435062186444,9.00323988052224
216.3822216422581,20.955249152586134
216.39009266265177,19.368366744061067
216.39796368304542,17.50822994132346
216.4058347034391,58.07658605377564
216.41370572383278,0.2044244685186869
216.42157674422643,12.347923170807068
216.4294477646201,1.1761795802085582
216.43731878501376,1.9771515931424968
216.44518980540744,87.7037731827176
216.4530608258011,64.31823378986427
216.46093184619477,123.01487583865557
216.46880286658842,3.475664931413661
216.4766738869821,13.32930887114783
216.48454490737575,42.8216629429181
216.49241592776943,10.575605786270815
216.50028694816308,1.5068778036328596
216.50815796855676,80.89808332288435
216.5160289889504,26.25076619114826
216.5239000093441,1.2453994932891856
216.53177102973774,13.030526740456779
216.53964205013142,1.013318601949376
216.54751307052507,14.556216233195986
216.55538409091875,5.416769209140936
216.5632551113124,75.74049614795724
216.57112613170608,88.35535493472469
216.57899715209973,4.102068859196113
216.5868681724934,2.1704277101386147
216.59473919288706,64.40405034002303
216.60261021328074,17.9544587680395
216.6104812336744,22.825465321273676
216.61835225406807,0.18625953431597375
216.62622327446172,108.14109049371073
216.6340942948554,2.027690971553206
216.64196531524905,77.91566148689128
216.64983633564273,12.597386464932638
216.65770735603638,6.075133999888705
216.66557837643006,6.5254560658228895
216.6734493968237,28.49935836574931
216.6813204172174,12.015343599994218
216.68919143761104,66.50851362452296
216.69706245800472,11.901134844173392
216.70493347839837,87.21315450643549
216.71280449879205,14.5304579856085
216.7206755191857,1.4474246188961013
216.72854653957938,53.292023727469285
216.73641755997303,11.723931259567012
216.7442885803667,78.08946862147019
216.7521596007604,2.931759433043295
216.76003062115404,31.100893310813746
216.76790164154772,0.653611191139367
216.77577266194137,84.28435814784835
216.78364368233505,35.13129899254172
216.7915147027287,11.810772494530893
216.79938572312238,16.90843545282428
216.80725674351604,22.51515164009785
216.81512776390971,3.834510137471885
216.82299878430337,7.877594156003772
216.83086980469704,8.941756116931263
216.8387408250907,4.4383112146559345
216.84661184548438,0.0635160152756533
216.85448286587803,8.619277049971814
216.8623538862717,31.815473064710652
216.87022490666536,7.13355125913051
216.87809592705904,4.654333586918256
216.8859669474527,35.6166283244431
216.89383796784637,57.06827852019191
216.90170898824002,11.999272231177692
216.9095800086337,47.40399185033844
216.91745102902735,24.440312232641382
216.92532204942103,30.42345843039002
216.93319306981468,8.145024949367368
216.94106409020836,4.721095164199702
216.948935110602,70.14490296308438
216.9568061309957,11.911610192714921
216.96467715138934,24.301485607046878
216.97254817178302,11.728969768111462
216.98041919217667,14.384320198742634
216.98829021257035,3.437172369981247
216.996161232964,11.835689829725146
217.00403225335768,21.151959712165045
217.01190327375133,38.40070974691765
217.019774294145,27.212719455218274
217.02764531453866,19.01564104379887
217.03551633493234,0.956112777105541
217.043387355326,42.134957518104905
217.05125837571967,6.330537621492794
217.05912939611332,77.38384934477031
217.067000416507,37.84988745294486
217.07487143690065,53.50605771540977
217.08274245729433,51.34169811357823
217.090613477688,90.69269903868069
217.09848449808166,12.750254385696067
217.10635551847534,2.518019715900593
217.114226538869,4.4331140673616005
217.12209755926267,14.851504067000064
217.12996857965632,3.7348467456790524
217.13783960005,8.14081019980082
217.14571062044365,17.804134888379394
217.15358164083733,6.138524790849421
217.16145266123098,4.101610734179803
217.16932368162466,1.9933525659641729
217.1771947020183,3.24843864692917
217.185065722412,8.086867472917312
217.19293674280564,37.79507968825194
217.20080776319932,20.41686757612914
217.20867878359297,7.8707213370720295
217.21654980398665,14.643180984543656
217.2244208243803,14.09815997438121
217.23229184477398,2.081568764916775
217.24016286516763,136.4852134463397
217.2480338855613,53.10310009668177
217.25590490595496,15.766279572407834
217.26377592634864,36.185699628639924
217.2716469467423,35.110505357512416
217.27951796713597,91.66979066289767
217.28738898752962,31.061494595367634
217.2952600079233,44.58583079265615
217.30313102831695,6.0532771201140765
217.31100204871063,12.88915888725791
217.31887306910428,39.43180526448841
217.32674408949796,11.749119795050186
217.33461510989162,23.713810987998883
217.3424861302853,7.817563373070447
217.35035715067895,27.342877100754755
217.35822817107262,86.19893839282015
217.36609919146628,81.24159400449882
217.37397021185996,109.73622709154556
217.3818412322536,3.2291527491854315
217.38971225264729,36.369186981321384
217.39758327304094,140.31489237928122
217.40545429343462,45.47039649740818
217.41332531382827,55.08186727703734
217.42119633422195,28.893735870986408
217.42906735461563,26.21181162987427
217.43693837500928,20.740432475797355
217.44480939540296,186.91676274141741
217.4526804157966,1.4660197951650176
217.4605514361903,28.9836259402677
217.46842245658394,29.519946889933674
217.47629347697762,14.80619659831835
217.48416449737127,1.0233749997734374
217.49203551776495,64.8688796869415
217.4999065381586,30.866738994362194
217.50777755855228,17.503797386184317
217.51564857894593,1.0311735066196843
217.5235195993396,24.48089843287512
217.53139061973326,38.081644919611996
217.53926164012694,125.393725657695
217.5471326605206,1.6404448032713685
217.55500368091427,6.6368445664238225
217.56287470130792,13.510951966537009
217.5707457217016,41.49845317397094
217.57861674209525,96.9959564427039
217.58648776248893,19.69304351201652
217.59435878288258,259.4872610915704
217.60222980327626,42.590141635202116
217.6101008236699,41.40700463364877
217.6179718440636,20.833261329544584
217.62584286445724,6.015470097356286
217.63371388485092,13.72098612895756
217.64158490524457,8.068505806050744
217.64945592563825,3.1319873885971443
217.6573269460319,99.90013740890898
217.66519796642558,93.20546217772096
217.67306898681923,50.482400352777134
217.6809400072129,49.74403509446921
217.68881102760656,33.71900376223712
217.69668204800024,6.2776608789261665
217.7045530683939,5.327975142854597
217.71242408878757,6.078982064143781
217.72029510918122,2.5290693316626336
217.7281661295749,25.252440016705396
217.73603714996855,14.422432240071943
217.74390817036223,4.330864366288097
217.75177919075588,11.680628649950362
217.75965021114956,20.81709099438823
217.76752123154324,28.46044209550717
217.7753922519369,42.72223973746754
217.78326327233057,20.546768737443216
217.79113429272422,29.446023315627524
217.7990053131179,23.49072012085115
217.80687633351155,7.690354851156555
217.81474735390523,47.55743305326111
217.82261837429888,71.7042765186953
217.83048939469256,19.567074942970624
217.8383604150862,28.557407478618213
217.8462314354799,205.08463447151746
217.85410245587354,2.497592841254475
217.86197347626722,63.223352739143316
217.86984449666087,25.960574676227925
217.87771551705455,8.754281357292255
217.8855865374482,86.60212435106435
217.89345755784188,36.14268461293363
217.90132857823554,40.80403241377728
217.90919959862921,36.88300753326419
217.91707061902287,94.51561409124595
217.92494163941655,133.31878205710163
217.9328126598102,82.22015694176444
217.94068368020388,21.58605844619466
217.94855470059753,39.585827956428425
217.9564257209912,10.270967578608108
217.96429674138486,4.72202655717922
217.97216776177854,7.274662474393664
217.9800387821722,1.274501447008186
217.98790980256587,1.9764949918300414
217.99578082295952,12.332286465117555
218.0036518433532,15.844629731974356
218.01152286374685,8.158262543133725
218.01939388414053,7.915607620503134
218.02726490453418,19.774083890986997
218.03513592492786,34.71209335097764
218.0430069453215,0.7204677290598793
218.0508779657152,7.348725223546605
218.05874898610884,65.46461279483992
218.06662000650252,3.501646892502981
218.07449102689617,83.02904121015538
218.08236204728985,4.015143117047382
218.09023306768353,89.09076436346209
218.09810408807718,2.881030031607392
218.10597510847086,67.64007544134498
218.1138461288645,18.729229296823487
218.1217171492582,8.163549650125974
218.12958816965184,8.90537024111857
218.13745919004552,24.19938319952197
218.14533021043917,1.0303292050210775
218.15320123083285,17.60858196023372
218.1610722512265,18.774325017270808
218.16894327162018,4.8222386137814235
218.17681429201383,59.691388728083695
218.1846853124075,114.78676365716004
218.19255633280116,11.012319620770825
218.20042735319484,0.4833955166762238
218.2082983735885,30.320052368873316
218.21616939398217,0.10294112246064611
218.22404041437582,3.348892378661099
218.2319114347695,1.752448830738633
218.23978245516315,8.249252908964856
218.24765347555683,22.544190270089434
218.25552449595048,0.7049269065524169
218.26339551634416,8.588738267130893
218.2712665367378,11.170897846654071
218.2791375571315,40.8857321339058
218.28700857752514,22.444643866639044
218.29487959791882,28.55751452403474
218.30275061831247,6.27703471343576
218.31062163870615,53.72156355552387
218.3184926590998,5.256412454806066
218.32636367949348,1.1539389416447359
218.33423469988713,8.729290913353854
218.3421057202808,13.62259309420875
218.34997674067446,1.2686822073490283
218.35784776106814,9.745659150491148
218.3657187814618,4.81835921477154
218.37358980185547,114.17000177698068
218.38146082224912,4.570569654584598
218.3893318426428,36.633222634945405
218.39720286303645,20.39715273938879
218.40507388343013,3.8450773284185606
218.41294490382379,45.07483843511211
218.42081592421746,8.926369255500862
218.42868694461114,185.42352450670012
218.4365579650048,21.036329758145254
218.44442898539847,66.28404938905635
218.45230000579213,31.752760012512436
218.4601710261858,106.76618449776056
218.46804204657946,0.3416800233646632
218.47591306697313,28.077270350237725
218.4837840873668,25.784480236918366
218.49165510776047,27.508924778000033
218.49952612815412,5.993582382123303
218.5073971485478,17.102914591524513
218.51526816894145,0.03717926588221861
218.52313918933513,50.77734828503993
218.53101020972878,0.8643221425987313
218.53888123012246,41.79336262411868
218.5467522505161,45.56455171180436
218.5546232709098,123.01416061657673
218.56249429130344,67.96965361494321
218.57036531169712,103.93124285758836
218.57823633209077,22.29811975241061
218.58610735248445,21.111372414579954
218.5939783728781,62.62978567530989
218.60184939327178,22.37652912999948
218.60972041366543,9.754051877445702
218.6175914340591,32.92159843784595
218.62546245445276,75.56546982042421
218.63333347484644,1.0845313277850643
218.6412044952401,1.3040313531958885
218.64907551563377,2.946745607080902
218.65694653602742,18.433799038334293
218.6648175564211,0.0832979253806217
218.67268857681475,17.027568869305977
218.68055959720843,47.52975048651745
218.68843061760208,66.5160238375179
218.69630163799576,10.749276519778233
218.7041726583894,34.25674977487928
218.7120436787831,74.6204643730653
218.71991469917674,72.45807034068427
218.72778571957042,24.35598492095286
218.73565673996407,15.594503235899033
218.74352776035775,63.044903296005046
218.7513987807514,17.182084215615774
218.75926980114508,1.9981067604298899
218.76714082153876,0.9127970642459304
218.7750118419324,1.7324441029206379
218.7828828623261,2.237721689535892
218.79075388271974,1.9751184217211044
218.79862490311342,1.2630855494696285
218.80649592350707,8.60275528126214
218.81436694390075,80.82371109292214
218.8222379642944,36.42051183570123
218.83010898468808,14.10864719771691
218.83798000508173,19.560953096345283
218.8458510254754,3.3185234929453475
218.85372204586906,0.6134702869528253
218.86159306626274,14.409712323726012
218.8694640866564,23.080973414917032
218.87733510705007,45.118126249125886
218.88520612744372,40.5555428219457
218.8930771478374,71.80306625159824
218.90094816823105,4.61528633915075
218.90881918862473,15.966871430349517
218.91669020901838,45.3567109971092
218.92456122941206,23.154525509275334
218.93243224980571,79.14522271195239
218.9403032701994,83.67669847450739
218.94817429059304,10.52066194991325
218.95604531098672,80.61853017843177
218.96391633138037,15.585964240927916
218.97178735177405,11.154423246877792
218.9796583721677,3.1432068126607144
218.98752939256138,58.957860240115934
218.99540041295504,6.777290893095733
219.00327143334871,0.4310491589072944
219.01114245374237,20.949376283043716
219.01901347413605,5.383461259860542
219.0268844945297,11.977760436131513
219.03475551492338,3.340136834841964
219.04262653531703,77.56702889725275
219.0504975557107,45.270415341594436
219.05836857610436,2.489985163802344
219.06623959649804,50.95708497811218
219.0741106168917,130.7511772162337
219.08198163728537,1.797333598308481
219.08985265767902,29.18969297720681
219.0977236780727,20.118399103642126
219.10559469846638,30.391336977486056
219.11346571886003,21.326000242573357
219.1213367392537,9.087560278021012
219.12920775964736,10.52669625677434
219.13707878004104,12.643517075502768
219.1449498004347,2.232341532445039
219.15282082082837,11.449875238328012
219.16069184122202,9.973191380218996
219.1685628616157,3.849838308299712
219.17643388200935,11.259613416108557
219.18430490240303,4.3865287593065885
219.19217592279668,43.9970645089701
219.20004694319036,6.3096537754349145
219.207917963584,4.252123530284829
219.2157889839777,20.297422325490032
219.22366000437134,37.80833751673545
219.23153102476502,50.266692110328385
219.23940204515867,6.348311538817019
219.24727306555235,11.972766431516014
219.255144085946,41.762586834053934
219.26301510633968,29.57018235481541
219.27088612673333,49.26460777288782
219.278757147127,25.68848886198478
219.28662816752066,27.901721186406306
219.29449918791434,15.358567583606558
219.302370208308,27.48042547030766
219.31024122870167,2.173014313315329
219.31811224909532,5.027056829739919
219.325983269489,75.99686267206692
219.33385428988265,10.10036194860432
219.34172531027633,22.448563109787337
219.34959633066998,14.476595164560143
219.35746735106366,1.3040911415627998
219.3653383714573,2.1567746441649223
219.373209391851,2.508507536558252
219.38108041224464,25.04924190036771
219.38895143263832,5.665588588699011
219.39682245303197,24.269147723706
219.40469347342565,25.51763230441407
219.4125644938193,33.04196030199044
219.42043551421298,12.685562506770975
219.42830653460663,26.785672887484534
219.4361775550003,7.3859382675784415
219.444048575394,1.5247082332087947
219.45191959578764,3.403334358457517
219.45979061618132,39.04132028593272
219.46766163657497,8.880982574764952
219.47553265696865,3.849130555700094
219.4834036773623,6.065410478358035
219.49127469775598,29.49112115142828
219.49914571814963,31.062301119676782
219.5070167385433,24.375482703431224
219.51488775893696,13.176245773080948
219.52275877933064,0.8602167144218812
219.5306297997243,30.669309337973107
219.53850082011797,1.0553937737535088
219.54637184051163,28.172150416030092
219.5542428609053,1.434475093595317
219.56211388129896,60.552991316146006
219.56998490169264,18.716618897485755
219.5778559220863,0.8154789170728999
219.58572694247997,52.43431180783845
219.59359796287362,49.96995682005493
219.6014689832673,7.774148610249816
219.60934000366095,6.0717968197236925
219.61721102405463,22.15731676197635
219.62508204444828,95.82339642283509
219.63295306484196,5.9340276228104125
219.6408240852356,10.08121962993441
219.6486951056293,4.46060566248463
219.65656612602294,0.3835646178627329
219.66443714641662,11.487890873474788
219.67230816681027,4.450917125826589
219.68017918720395,32.56916994596446
219.6880502075976,93.90564787224929
219.69592122799128,36.11484750518806
219.70379224838493,21.585913872963054
219.7116632687786,26.048461036441147
219.71953428917226,13.133306539606838
219.72740530956594,3.1023425146324657
219.7352763299596,6.285182734428878
219.74314735035327,5.228440534449541
219.75101837074692,15.119806203654354
219.7588893911406,1.587998367378781
219.76676041153425,9.246357347968464
219.77463143192793,3.103385866868982
219.7825024523216,58.92100316716713
219.79037347271526,106.07828921569751
219.79824449310894,2.6363356542145766
219.8061155135026,14.803763190959355
219.81398653389627,12.131834828596881
219.82185755428992,0.6986410000155322
219.8297285746836,66.52292761898384
219.83759959507725,8.57807988002205
219.84547061547093,48.98160570783671
219.85334163586458,12.627711948775179
219.86121265625826,34.36451972206544
219.8690836766519,120.3603820731114
219.8769546970456,61.360722464571964
219.88482571743924,10.343951217300797
219.89269673783292,15.457144389887413
219.90056775822657,20.292435489585245
219.90843877862025,73.04495201207862
219.9163097990139,64.88433610531354
219.92418081940758,2.1431653720638706
219.93205183980123,4.976826708927879
219.9399228601949,60.85856878390555
219.94779388058856,36.68681991289996
219.95566490098224,29.407756191741356
219.9635359213759,11.947744522030817
219.97140694176957,57.851676349566524
219.97927796216322,7.4374499775945395
219.9871489825569,7.804219736476768
219.99502000295055,6.281887913918542
220.00289102334423,9.857379823620514
220.01076204373788,11.577529606157293
220.01863306413156,82.57244675989271
220.02650408452521,47.09129062707049
220.0343751049189,10.776065209683734
220.04224612531254,27.323607966562466
220.05011714570622,58.01029964076847
220.05798816609988,10.452703957429375
220.06585918649355,15.14069961962324
220.0737302068872,80.42579874748046
220.08160122728088,36.32980749417331
220.08947224767454,26.69378729196712
220.09734326806822,22.528956437485437
220.10521428846187,60.90963261109934
220.11308530885555,64.49765357370877
220.12095632924922,6.163452956985351
220.12882734964288,41.5209006843705
220.13669837003656,135.18406432779224
220.1445693904302,180.92893381004788
220.15244041082389,24.936818708029342
220.16031143121754,15.341980631341826
220.16818245161122,30.877162323108045
220.17605347200487,126.73147557898236
220.18392449239855,12.877863292256956
220.1917955127922,64.43040962369655
220.19966653318588,0.21068947089458884
220.20753755357953,11.228347098636728
220.2154085739732,78.28612269052239
220.22327959436686,111.68900106780437
220.23115061476054,1.712217758048704
220.2390216351542,44.90611707016161
220.24689265554787,32.257969926812294
220.25476367594152,13.60258599284104
220.2626346963352,8.113837371304388
220.27050571672885,11.471405486529036
220.27837673712253,30.7435290103228
220.28624775751618,4.799654647429506
220.29411877790986,80.8495590886751
220.3019897983035,10.640924112260876
220.3098608186972,42.89816807774264
220.31773183909084,27.659226498088334
220.32560285948452,24.21496191566754
220.33347387987817,14.249458855047042
220.34134490027185,19.33720054827492
220.3492159206655,130.74156700090145
220.35708694105918,20.823630755871317
220.36495796145283,17.406767829305235
220.3728289818465,15.316984208859969
220.38070000224016,12.31237172714128
220.38857102263384,85.26183387591291
220.3964420430275,57.24399073609944
220.40431306342117,8.617598503482323
220.41218408381482,41.08022162791849
220.4200551042085,29.67794281545538
220.42792612460215,5.535985422231806
220.43579714499583,19.706334993419766
220.44366816538948,42.86669306602164
220.45153918578316,63.4155366499264
220.45941020617684,45.643473900164466
220.4672812265705,32.92076117604504
220.47515224696417,4.3687756349170614
220.48302326735782,6.2408918441015615
220.4908942877515,71.74573441631004
220.49876530814515,10.551263066763651
220.50663632853883,90.69583923812522
220.51450734893248,52.624872023904196
220.52237836932616,21.781766202347097
220.5302493897198,2.849232933213115
220.5381204101135,29.9750017692163
220.54599143050714,17.209927865405007
220.55386245090082,7.176068229097316
220.56173347129447,66.10211906559286
220.56960449168815,11.632860817713077
220.5774755120818,8.289967740140266
220.58534653247548,232.71460373484237
220.59321755286913,177.071889070973
220.6010885732628,7.3371470511112005
220.60895959365646,42.25674046983979
220.61683061405014,123.7173337960699
220.6247016344438,21.705762179882708
220.63257265483747,8.876485940397286
220.64044367523113,12.457258115723613
220.6483146956248,60.14027858574644
220.65618571601846,44.64783912861146
220.66405673641214,238.95099224224947
220.6719277568058,36.962033775347095
220.67979877719947,22.120542064180434
220.68766979759312,22.885672657170264
220.6955408179868,10.281703601831074
220.70341183838045,26.202013245945256
220.71128285877413,6.680434117111365
220.71915387916778,7.537795536167953
220.72702489956146,44.845784607397746
220.7348959199551,32.156622092703785
220.7427669403488,62.13349187789365
220.75063796074244,3.6425805202433508
220.75850898113612,3.9090710130037083
220.76638000152977,6.889202790129789
220.77425102192345,95.57747527590654
220.7821220423171,74.63847535857028
220.78999306271078,215.0251738407451
220.79786408310446,114.00284159647649
220.8057351034981,24.93495196297793
220.8136061238918,20.092952792816032
220.82147714428544,111.35973332354095
220.82934816467912,53.010749298679194
220.83721918507277,23.229462957476287
220.84509020546645,40.34056281412343
220.8529612258601,45.05961650792147
220.86083224625378,0.9552575146851335
220.86870326664743,13.672473986444519
220.8765742870411,37.67107497233136
220.88444530743476,67.13405495672282
220.89231632782844,7.023534019852543
220.9001873482221,62.55669047343961
220.90805836861577,49.26217618558267
220.91592938900942,13.921347171166007
220.9238004094031,21.54679031416574
220.93167142979675,60.51372520474523
220.93954245019043,8.97942683853323
220.94741347058408,21.45666409858762
220.95528449097776,12.53571355540921
220.9631555113714,8.688049110183067
220.9710265317651,37.27496855506109
220.97889755215874,0.24549914494397773
220.98676857255242,16.22432971780819
220.99463959294607,44.21911370941221
221.00251061333975,2.227500871666948
221.0103816337334,19.42018473291996
221.01825265412708,19.977358368879578
221.02612367452073,0.8795459750631978
221.0339946949144,6.396402956999903
221.04186571530806,14.813630268881512
221.04973673570174,126.50251111509098
221.0576077560954,21.5662309920814
221.06547877648907,32.07524075209351
221.07334979688272,38.96166196360433
221.0812208172764,4.477291127081029
221.08909183767005,0.7647123730335258
221.09696285806373,22.064177637785665
221.10483387845738,63.100471095667785
221.11270489885106,30.475928618029776
221.12057591924471,23.395622774750642
221.1284469396384,57.37314476123053
221.13631796003207,2.8822859491979407
221.14418898042572,51.31328173222704
221.1520600008194,28.48958206504466
221.15993102121305,17.887998872338436
221.16780204160673,93.8730881776177
221.17567306200039,89.07439072961682
221.18354408239406,29.31521105756123
221.19141510278772,12.000047381097447
221.1992861231814,18.363951034063614
221.20715714357505,3.2254004794036906
221.21502816396873,17.212167547927226
221.22289918436238,144.97359196193713
221.23077020475606,13.733568600222322
221.2386412251497,14.888948508104985
221.24651224554339,1.3099814601536754
221.25438326593704,11.826453922565843
221.26225428633072,5.9434668323661555
221.27012530672437,2.65265868925547
221.27799632711805,6.9739761022960165
221.2858673475117,16.829623291049177
221.29373836790538,3.640542808659185
221.30160938829903,24.493855303964185
221.3094804086927,29.796000902014708
221.31735142908636,20.7493372453593
221.32522244948004,0.316638366971889
221.3330934698737,32.446923677437525
221.34096449026737,41.73644386075129
221.34883551066102,11.54861125155625
221.3567065310547,27.594701726602075
221.36457755144835,38.365222106528975
221.37244857184203,23.53359863608198
221.38031959223568,50.24759146367398
221.38819061262936,134.8980574253034
221.396061633023,25.49067915135502
221.4039326534167,40.59521955519167
221.41180367381034,15.095122800899622
221.41967469420402,0.7381300317631357
221.42754571459767,7.636905796657962
221.43541673499135,15.544900396345014
221.443287755385,14.383243645642986
221.45115877577868,17.11683093728498
221.45902979617233,2.3590519937529097
221.466900816566,42.39424100701842
221.4747718369597,5.7874676063963335
221.48264285735334,15.964555424154312
221.49051387774702,6.4153170453533575
221.49838489814067,3.129286868651818
221.50625591853435,10.932357890353881
221.514126938928,41.03193417079148
221.52199795932168,81.20560687221757
221.52986897971533,126.9611857291137
221.537740000109,176.26302599348642
221.54561102050266,35.29709794403084
221.55348204089634,52.15301214847174
221.56135306129,29.70100184782818
221.56922408168367,16.2069253440442
221.57709510207732,34.74492488336408
221.584966122471,3.870791593260231
221.59283714286465,22.27402725003068
221.60070816325833,12.636458518049894
221.60857918365198,169.6008590128791
221.61645020404566,5.174680302678907
221.6243212244393,7.208299613240254
221.632192244833,27.018977318014368
221.64006326522664,24.916964175647994
221.64793428562032,10.02743226190151
221.65580530601397,84.54221362506694
221.66367632640765,59.694564222840285
221.6715473468013,45.631266584835664
221.67941836719498,13.096224801582943
221.68728938758863,36.56132467341481
221.6951604079823,7.344041497021249
221.70303142837597,14.249401296067997
221.71090244876964,13.024354762740206
221.7187734691633,1.049772107580981
221.72664448955697,49.97593564880378
221.73451550995063,17.510549692891257
221.7423865303443,29.0242823377718
221.75025755073796,14.474045891267744
221.75812857113164,35.60211781220293
221.7659995915253,10.144415472109948
221.77387061191897,25.47269543798828
221.78174163231262,27.68973866745772
221.7896126527063,33.09096483258228
221.79748367309995,6.862003412048961
221.80535469349363,2.49737044447779
221.8132257138873,2.547834949724478
221.82109673428096,0.7835878818177674
221.82896775467464,28.42794414276941
221.8368387750683,18.32068469684732
221.84470979546197,24.25224266057459
221.85258081585562,0.19008213498126253
221.8604518362493,9.808943289813751
221.86832285664295,3.838891117029099
221.87619387703663,21.290650689152717
221.88406489743028,11.795282099953651
221.89193591782396,12.13456732581031
221.8998069382176,1.2966964499621227
221.9076779586113,7.360173863129263
221.91554897900494,15.33832838298067
221.92341999939862,23.552419871099836
221.93129101979227,5.168093939359795
221.93916204018595,12.112203322595263
221.9470330605796,20.537873830690103
221.95490408097328,67.64798386166807
221.96277510136693,110.83701925884684
221.9706461217606,6.875358564495561
221.97851714215426,10.057967364277674
221.98638816254794,1.9087226954136964
221.9942591829416,48.45874642015642
222.00213020333527,38.24828752118595
222.01000122372892,80.11178414140937
222.0178722441226,17.777801683535774
222.02574326451625,21.12332719295648
222.03361428490993,35.006023513124724
222.04148530530358,16.579104867731846
222.04935632569726,27.209977928649586
222.0572273460909,55.9374624037594
222.0650983664846,157.41070951837196
222.07296938687824,6.833677040028712
222.08084040727192,12.988815656738623
222.08871142766557,11.898430019084735
222.09658244805925,1.308605129692242
222.1044534684529,14.787269619961434
222.11232448884658,169.44560937629169
222.12019550924023,15.714283817011541
222.1280665296339,0.5705544178426801
222.13593755002756,22.112713852069454
222.14380857042124,58.11051171193217
222.15167959081492,18.73826563260936
222.15955061120857,12.282181112881712
222.16742163160225,6.3449579803597995
222.1752926519959,3.1148911089999864
222.18316367238958,27.671018682465164
222.19103469278323,37.42025766620644
222.1989057131769,14.897005468705212
222.20677673357056,21.89384630027074
222.21464775396424,5.9863727332109296
222.2225187743579,162.59677187835698
222.23038979475157,2.1836110038067105
222.23826081514522,10.123525520435674
222.2461318355389,6.617788005975847
222.25400285593255,52.85218389747121
222.26187387632623,6.284940983009075
222.26974489671989,106.36282559606683
222.27761591711356,84.03367240702168
222.28548693750722,8.246657744173584
222.2933579579009,26.85425161714836
222.30122897829455,0.3520805933547231
222.30909999868823,4.607270312457911
222.31697101908188,0.8402994336957228
222.32484203947556,14.836686592830734
222.3327130598692,21.864423692770117
222.3405840802629,22.507458829326097
222.34845510065654,32.87397445727854
222.35632612105022,17.865273827326142
222.36419714144387,0.11171110372093405
222.37206816183755,6.569202634244653
222.3799391822312,21.701147076889654
222.38781020262488,16.397191891737624
222.39568122301853,0.9170782887875025
222.4035522434122,10.722708110251283
222.41142326380586,43.48313093777395
222.41929428419954,22.719238085930986
222.4271653045932,12.285744562575998
222.43503632498687,1.4106153963693442
222.44290734538052,59.246852075770256
222.4507783657742,23.679915037464045
222.45864938616785,69.68701830551507
222.46652040656153,25.7488049511073
222.47439142695518,68.59307060433301
222.48226244734886,3.124913631793182
222.49013346774254,4.814362328884235
222.4980044881362,80.59905679850836
222.50587550852987,50.98060807924952
222.51374652892352,4.698766568673365
222.5216175493172,52.971611734523485
222.52948856971085,53.77279599953653
222.53735959010453,36.494061343426935
222.54523061049818,66.38531456358331
222.55310163089186,21.739776908797708
222.5609726512855,3.7417979273593343
222.5688436716792,3.2463013538286702
222.57671469207284,32.86661058296576
222.58458571246652,85.14188993736482
222.59245673286017,64.17940731975449
222.60032775325385,14.38820943602532
222.6081987736475,15.244283339463092
222.61606979404118,8.130697699665848
222.62394081443483,4.207124130274739
222.6318118348285,1.2333985896869772
222.63968285522216,16.116158464497882
222.64755387561584,6.9656559275473695
222.6554248960095,9.264044849720271
222.66329591640317,5.873818331165466
222.67116693679682,0.21527948972954444
222.6790379571905,11.531927233619067
222.68690897758415,94.19740560015713
222.69477999797783,11.941169530950384
222.70265101837148,10.404975271877545
222.71052203876516,6.884010911842134
222.7183930591588,21.964611924709583
222.7262640795525,4.154110450350651
222.73413509994614,21.208649204123134
222.74200612033982,0.42534784879955334
222.74987714073347,37.42860532849075
222.75774816112715,56.34545431148032
222.7656191815208,36.0105551617623
222.77349020191448,69.29410040550894
222.78136122230813,47.730699486609886
222.78923224270181,21.242519524708808
222.79710326309547,91.85391280897706
222.80497428348914,3.9143005409791827
222.8128453038828,3.0921252178063274
222.82071632427648,1.2117401450013279
222.82858734467015,18.546844873260643
222.8364583650638,16.87749863345411
222.84432938545748,7.810105754405872
222.85220040585114,50.154076341006764
222.86007142624482,14.595774756932904
222.86794244663847,18.275051941586053
222.87581346703215,55.0113310603057
222.8836844874258,0.247684195077011
222.89155550781948,106.70752873365564
222.89942652821313,10.025737571570868
222.9072975486068,68.39999823099714
222.91516856900046,12.251781984701537
222.92303958939414,29.33154572011695
222.9309106097878,3.023827749036568
222.93878163018147,21.60044450087378
222.94665265057512,42.87237056644072
222.9545236709688,38.90840075870555
222.96239469136245,8.741870948425172
222.97026571175613,40.12945313030449
222.97813673214978,33.724134031007246
222.98600775254346,9.13368756259637
222.9938787729371,28.66192586858849
223.0017497933308,7.966195843698583
223.00962081372444,19.521328229234737
223.01749183411812,23.92076290290349
223.02536285451177,84.68162465540298
223.03323387490545,17.218683720003348
223.0411048952991,75.22666438809294
223.04897591569278,106.06041318467983
223.05684693608643,118.02522992189583
223.0647179564801,112.88321615834883
223.07258897687376,13.914267167884862
223.08045999726744,76.99521533346149
223.0883310176611,17.006905558777266
223.09620203805477,0.9817428814346709
223.10407305844842,21.06308791420892
223.1119440788421,14.129747334814333
223.11981509923575,0.7187206053924597
223.12768611962943,34.96309470310325
223.13555714002308,3.08182599318963
223.14342816041676,171.67294405372377
223.1512991808104,100.16106762399544
223.1591702012041,22.136795055196814
223.16704122159777,31.877869187611687
223.17491224199142,17.562706158790604
223.1827832623851,67.17455814767855
223.19065428277875,8.954330583387975
223.19852530317243,4.497199622393808
223.20639632356608,9.556943744178607
223.21426734395976,85.37149958491747
223.2221383643534,7.0615141882976875
223.2300093847471,24.22043695479464
223.23788040514074,53.448591072482
223.24575142553442,73.17010760291556
223.25362244592807,11.538481453929812
223.26149346632175,21.47795963412076
223.2693644867154,36.71444550518381
223.27723550710908,5.42663327344803
223.28510652750273,0.11348296734231224
223.2929775478964,13.406006196882904
223.30084856829006,41.68408043067469
223.30871958868374,25.220305663464387
223.3165906090774,22.733817787570157
223.32446162947107,68.3621152042408
223.33233264986472,31.629257354868944
223.3402036702584,130.2145087882478
223.34807469065206,72.19724278680968
223.35594571104573,6.548700415005454
223.36381673143939,40.94789748306714
223.37168775183306,36.79843078660323
223.37955877222672,93.9565532342918
223.3874297926204,12.061291345933176
223.39530081301405,1.8477416612290882
223.40317183340773,20.27558181056792
223.41104285380138,34.350656140930354
223.41891387419506,0.8361033231294328
223.4267848945887,31.941954918244992
223.4346559149824,53.26803012495728
223.44252693537604,11.31606706402029
223.45039795576972,0.5195771151767334
223.45826897616337,22.470327524582583
223.46613999655705,4.434252164959206
223.4740110169507,26.233147964598157
223.48188203734438,167.72628589513263
223.48975305773803,42.15849693398041
223.4976240781317,1.324567712101737
223.5054950985254,9.015136944418503
223.51336611891904,12.442920207055927
223.52123713931272,36.1704985622655
223.52910815970637,15.19109108429578
223.53697918010005,50.524677856128655
223.5448502004937,44.54585353548812
223.55272122088738,4.57205981536395
223.56059224128103,15.801057456348952
223.5684632616747,54.743906951484135
223.57633428206836,38.72516649415074
223.58420530246204,36.39767170772216
223.5920763228557,83.01076195781796
223.59994734324937,14.44579157628729
223.60781836364302,124.62521120906177
223.6156893840367,3.125954708269255
223.62356040443035,13.608451475236595
223.63143142482403,72.91685177356554
223.63930244521768,26.16490980554472
223.64717346561136,27.64481981897833
223.655044486005,17.95741804179109
223.6629155063987,7.199212765914744
223.67078652679234,20.987597524479362
223.67865754718602,6.441100815081215
223.68652856757967,68.76897526712673
223.69439958797335,13.967779463335981
223.702270608367,2.1289914996508137
223.71014162876068,34.257658428762596
223.71801264915433,43.7286071451693
223.725883669548,21.673172337986724
223.73375468994166,23.97674560452706
223.74162571033534,21.754227863190533
223.749496730729,21.909924128000725
223.75736775112267,55.533726329449514
223.76523877151632,9.923599975410479
223.77310979191,4.40825442924743
223.78098081230365,3.1695508445596534
223.78885183269733,19.83975508834654
223.79672285309098,3.6151476227192787
223.80459387348466,6.050361901234457
223.8124648938783,4.900579751061155
223.820335914272,3.4653331947883084
223.82820693466564,41.63371959730266
223.83607795505932,2.802275188819779
223.843948975453,36.71802875175295
223.85181999584665,2.508472991329504
223.85969101624033,15.661720496742793
223.86756203663398,37.788888846054896
223.87543305702766,14.85354283282429
223.88330407742131,45.98982300694226
223.891175097815,23.999650691402064
223.89904611820864,27.354732678777502
223.90691713860232,32.83757276766623
223.91478815899598,12.818908622080727
223.92265917938965,33.92424346624796
223.9305301997833,28.080551447518207
223.93840122017698,63.976690834000124
223.94627224057064,7.887516045220506
223.95414326096432,10.003682108344071
223.96201428135797,1.7048082727135627
223.96988530175165,34.142473264817326
223.9777563221453,8.013368679227566
223.98562734253898,37.636397069108725
223.99349836293263,8.855802309448718
224.0013693833263,84.46291773843562
224.00924040371996,6.2528429140920085
224.01711142411364,4.103563815760871
224.0249824445073,11.693273678618352
224.03285346490097,8.667725261935788
224.04072448529462,4.334645912406436
224.0485955056883,25.059911079514322
224.05646652608195,46.05213676408487
224.06433754647563,94.94496183179892
224.07220856686928,78.53250756325079
224.08007958726296,10.843424244789809
224.0879506076566,2.140547334287198
224.0958216280503,19.048097720178966
224.10369264844394,10.182673245823677
224.11156366883762,24.168434244668948
224.11943468923127,60.91011567254804
224.12730570962495,64.20156301401192
224.1351767300186,5.808313499456274
224.14304775041228,14.120783088075058
224.15091877080593,25.946672140353556
224.1587897911996,14.813163996487157
224.1666608115933,11.064284628629897
224.17453183198694,25.086611411903363
224.18240285238062,12.020961784956084
224.19027387277427,5.1771479664189
224.19814489316795,31.311985987554994
224.2060159135616,16.047772118210055
224.21388693395528,3.0136320178286464
224.22175795434893,18.306146976703914
224.2296289747426,21.568101263065905
224.23749999513626,20.30289316620736
224.24537101552994,20.451093702607423
224.2532420359236,14.96913966912143
224.26111305631727,0.5065699228388433
224.26898407671092,41.22079996979584
224.2768550971046,50.52658763249491
224.28472611749825,13.620740446344024
224.29259713789193,12.003220633497724
224.30046815828558,8.896561886263022
224.30833917867926,7.303678956009447
224.3162101990729,18.89247632095265
224.3240812194666,13.472353171522734
224.33195223986024,26.788946502585276
224.33982326025392,12.919589223167813
224.34769428064757,36.29712385025976
224.35556530104125,76.11292876205701
224.3634363214349,25.589372329186112
224.37130734182858,30.152219477182708
224.37917836222223,27.027092851703323
224.3870493826159,18.15162831722361
224.39492040300956,62.03262229686606
224.40279142340324,38.753419681463654
224.4106624437969,2.697320627492359
224.41853346419057,7.943095267722088
224.42640448458422,13.46579213485772
224.4342755049779,21.49188086463834
224.44214652537156,70.50141771205318
224.45001754576523,40.06488099325843
224.45788856615889,8.860052862892998
224.46575958655256,3.6019201432112293
224.47363060694622,8.807045608011121
224.4815016273399,6.2100064412815765
224.48937264773355,25.21649000418669
224.49724366812723,136.57402466213088
224.5051146885209,30.4379679964266
224.51298570891456,76.26997492332659
224.52085672930824,103.25192089166953
224.5287277497019,35.30259141319759
224.53659877009557,113.92097885335053
224.54446979048922,9.096554640515798
224.5523408108829,18.182495142631183
224.56021183127655,25.384168107125294
224.56808285167023,44.487899532558004
224.57595387206388,53.44879931001827
224.58382489245756,10.774147580208382
224.5916959128512,11.072930736415964
224.5995669332449,127.52297346735476
224.60743795363854,82.36522363405972
224.61530897403222,45.81701181367328
224.62317999442587,0.23561876406929885
224.63105101481955,53.09521463619827
224.6389220352132,27.48776146124487
224.64679305560688,80.49093224752397
224.65466407600053,15.868009286029917
224.6625350963942,0.5413488260670736
224.67040611678786,5.813081679205937
224.67827713718154,12.071805922944822
224.6861481575752,27.148705668324187
224.69401917796887,73.17544327622025
224.70189019836252,2.641097100542022
224.7097612187562,33.86140768649791
224.71763223914985,44.11100590865526
224.72550325954353,49.72426819832209
224.73337427993718,90.0348726869743
224.74124530033086,23.190872594291672
224.7491163207245,19.445958516862266
224.7569873411182,49.562823141874425
224.76485836151184,12.87855493107355
224.77272938190552,20.704840001098294
224.78060040229917,30.651132941982294
224.78847142269285,98.94034972915856
224.7963424430865,34.72397792979135
224.80421346348018,15.890043169617629
224.81208448387383,5.643304700086581
224.8199555042675,26.984937836069637
224.82782652466116,31.823283133920345
224.83569754505484,9.774060893023096
224.84356856544852,69.94883430735905
224.85143958584217,7.31941785991309
224.85931060623585,9.700289034918638
224.8671816266295,21.057204850744874
224.87505264702318,3.367892385433287
224.88292366741683,29.900473110871037
224.8907946878105,46.754668738795615
224.89866570820416,35.418657170608306
224.90653672859784,55.8352092516484
224.9144077489915,5.0971728910852505
224.92227876938517,52.112255602971985
224.93014978977882,34.53858049849076
224.9380208101725,58.516690277354655
224.94589183056615,33.23699024489763
224.95376285095983,8.518926297775172
224.96163387135348,38.58228181503899
224.96950489174716,191.59156109105
224.97737591214081,7.452210364803119
224.9852469325345,0.14717555711106423
224.99311795292815,140.30629612998604
225.00098897332182,5.710711087576137
225.00885999371548,52.19547325237802
225.01673101410915,16.755577010182765
225.0246020345028,3.6734797538161192
225.03247305489649,35.00185869351002
225.04034407529014,19.676026517173284
225.04821509568382,64.05658959800107
225.05608611607747,4.042058651333398
225.06395713647115,11.096483703976773
225.0718281568648,55.957009797886826
225.07969917725848,177.61760115604702
225.08757019765213,45.490469847316575
225.0954412180458,14.47937168226418
225.10331223843946,21.74887382160906
225.11118325883314,51.86118225053354
225.1190542792268,24.006097420091553
225.12692529962047,3.7610964034640673
225.13479632001412,28.572137759404633
225.1426673404078,41.17460785191039
225.15053836080145,31.464822947446198
225.15840938119513,19.35745305145139
225.16628040158878,111.23493830403939
225.17415142198246,111.90592331588658
225.18202244237614,1.1470152167740064
225.1898934627698,57.65389298387272
225.19776448316347,31.300731716510434
225.20563550355712,5.891930484075557
225.2135065239508,35.25676348190327
225.22137754434445,3.4122694773725124
225.22924856473813,9.3994737668287
225.23711958513178,43.5063230683533
225.24499060552546,106.99351801690081
225.2528616259191,36.565870547970846
225.2607326463128,8.556197025467796
225.26860366670644,20.013697829685796
225.27647468710012,42.12348519670498
225.28434570749377,14.88657621339764
225.29221672788745,9.048361077317537
225.3000877482811,6.5768085681956645
225.30795876867478,48.4932236925633
225.31582978906843,18.434016577603366
225.3237008094621,30.64985701144367
225.33157182985576,15.082318631349823
225.33944285024944,6.9398214084645335
225.3473138706431,12.262604587962235
225.35518489103677,49.280624274664035
225.36305591143042,19.672643138016078
225.3709269318241,32.12687782793196
225.37879795221775,23.93531595537027
225.38666897261143,29.44725689339616
225.39453999300508,0.3684327409479425
225.40241101339876,14.183711608063268
225.4102820337924,48.588557034063655
225.4181530541861,19.146884215263423
225.42602407457974,18.745192258642547
225.43389509497342,18.726231037331335
225.44176611536707,0.8282957348905771
225.44963713576075,61.82426103516594
225.4575081561544,23.603047587946243
225.46537917654808,21.36322701952035
225.47325019694173,4.095904569224893
225.4811212173354,6.268831290449897
225.48899223772906,18.908270792731233
225.49686325812274,14.73434364365559
225.5047342785164,3.2730123233690094
225.51260529891007,8.551315510571207
225.52047631930375,3.6725384837554227
225.5283473396974,7.5947128197215985
225.53621836009108,63.03088716750702
225.54408938048473,6.172514777984108
225.55196040087841,14.616465367753054
225.55983142127207,10.78821427432389
225.56770244166574,20.934066580757637
225.5755734620594,56.34891549821537
225.58344448245307,18.28114512760711
225.59131550284673,53.645242137064116
225.5991865232404,3.4809487644051944
225.60705754363406,29.637672761815484
225.61492856402774,9.694069772142294
225.6227995844214,25.051360805718048
225.63067060481507,132.97188223890302
225.63854162520872,27.334922391136192
225.6464126456024,8.521016567138284
225.65428366599605,47.07210207857595
225.66215468638973,44.15074460895582
225.67002570678338,2.5727840803471955
225.67789672717706,19.81849409802219
225.6857677475707,2.9572457666507526
225.6936387679644,11.134748282967625
225.70150978835804,5.480533562832808
225.70938080875172,1.6176388054978044
225.71725182914537,16.68576344029493
225.72512284953905,28.84113485251428
225.7329938699327,4.166516402258692
225.74086489032638,34.71914499439909
225.74873591072003,23.562046195156363
225.7566069311137,32.306406596334526
225.76447795150736,37.69200139186861
225.77234897190104,13.9285440160003
225.7802199922947,39.252836420530045
225.78809101268837,31.4259357087387
225.79596203308202,0.9057198173599484
225.8038330534757,1.041835929410181
225.81170407386935,13.710546328426163
225.81957509426303,2.396042110568114
225.82744611465668,7.444487952158461
225.83531713505036,14.887223173103164
225.843188155444,7.618432616855762
225.8510591758377,0.16788306512863863
225.85893019623137,12.054326719859104
225.86680121662502,7.82128454112721
225.8746722370187,25.84550354737086
225.88254325741235,51.48224799520013
225.89041427780603,16.10179217642161
225.89828529819968,15.865370851120607
225.90615631859336,126.43850471385247
225.914027338987,19.051300389294543
225.9218983593807,23.321456597421584
225.92976937977434,31.965113529433975
225.93764040016802,10.054082311371877
225.94551142056167,0.09680296920396526
225.95338244095535,11.307392416965673
225.961253461349,69.32269988635606
225.96912448174268,1.7926358701506242
225.97699550213633,5.087606889795198
225.98486652253,3.4151124885567468
225.99273754292366,10.831719841567041
226.00060856331734,12.674767603041353
226.008479583711,0.9435609003570475
226.01635060410467,9.531147761178259
226.02422162449832,5.7524020008031105
226.032092644892,52.6738875380718
226.03996366528565,61.23160012746857
226.04783468567933,2.353222519115076
226.05570570607298,14.907610535288814
226.06357672646666,5.652210931886414
226.07144774686031,8.71654864526081
226.079318767254,26.632864820237312
226.08718978764765,21.38188715394689
226.09506080804132,20.726565312014678
226.10293182843498,1.8023891231808307
226.11080284882865,35.277377664462065
226.1186738692223,10.712574662709791
226.12654488961599,75.08937674596491
226.13441591000964,28.003600864942058
226.14228693040332,6.167631871842213
226.15015795079697,13.596836048939563
226.15802897119065,25.34479525160517
226.1658999915843,9.5053393935995
226.17377101197798,5.382037637091837
226.18164203237163,14.819999600612208
226.1895130527653,9.08680431047107
226.197384073159,6.114055798549715
226.20525509355264,4.585591644731514
226.21312611394632,5.239115945726896
226.22099713433997,1.7714119256186556
226.22886815473365,37.72007428416709
226.2367391751273,24.665400805968478
226.24461019552098,0.23583560832216818
226.25248121591463,8.637350857856585
226.2603522363083,53.45228127972639
226.26822325670196,13.287418153889671
226.27609427709564,25.530929826071258
226.2839652974893,88.06483561889502
226.29183631788297,15.179311984439309
226.29970733827662,4.679657245117609
226.3075783586703,6.998227251934055
226.31544937906395,33.50344445614041
226.32332039945763,4.767781402559946
226.33119141985128,4.072903774714531
226.33906244024496,7.890859542730306
226.3469334606386,41.28840462410661
226.3548044810323,5.078713792666562
226.36267550142594,39.821209209956265
226.37054652181962,3.052024510914682
226.37841754221327,5.446412876693835
226.38628856260695,11.010189405543317
226.3941595830006,35.220788333255385
226.40203060339428,111.1449930079216
226.40990162378793,19.875484654320715
226.4177726441816,88.3873099061433
226.42564366457526,29.173421425106994
226.43351468496894,0.16241232410620862
226.4413857053626,11.07127189036333
226.44925672575627,51.77320114859889
226.45712774614992,58.2814942710084
226.4649987665436,14.037947692390206
226.47286978693725,9.552213821209321
226.48074080733093,3.3089804730636523
226.48861182772458,1.0738145363770908
226.49648284811826,26.270004778606072
226.5043538685119,49.13845942007662
226.5122248889056,1.9655489121674337
226.52009590929924,2.8445721883944257
226.52796692969292,1.05826882915157
226.5358379500866,4.90658052087504
226.54370897048025,0.38597161936943747
226.55157999087393,12.113970627903733
226.55945101126758,5.907091136589002
226.56732203166126,11.275854355415026
226.5751930520549,10.286545252676422
226.5830640724486,242.3997896397209
226.59093509284224,63.42993087462534
226.59880611323592,0.9648085257719519
226.60667713362957,25.084208531958176
226.61454815402325,99.42543676572956
226.6224191744169,2.191077519638932
226.63029019481058,22.531288555747274
226.63816121520424,102.42219342281086
226.64603223559791,4.045059460218771
226.65390325599157,17.59296957514037
226.66177427638524,20.829145491463425
226.6696452967789,17.946410141033752
226.67751631717258,0.5810067283600598
226.68538733756623,27.911762647713335
226.6932583579599,3.0650142268024134
226.70112937835356,14.861123827020531
226.70900039874724,7.7867778453717635
226.7168714191409,1.672773255570245
226.72474243953457,2.6680753969065094
226.73261345992822,13.539160399465604
226.7404844803219,28.65801091638399
226.74835550071555,122.29759209209547
226.75622652110923,26.42567955093754
226.76409754150288,24.68542131084179
226.77196856189656,5.932488534765773
226.7798395822902,48.326031415472684
226.7877106026839,12.144849404681269
226.79558162307754,13.479014908185512
226.80345264347122,7.519870764220416
226.81132366386487,26.387767746387052
226.81919468425855,23.65127318182584
226.8270657046522,2.8814460801286077
226.83493672504588,15.111121443589878
226.84280774543953,10.488004156452885
226.8506787658332,23.178204142009427
226.85854978622686,4.510710792705849
226.86642080662054,5.733564554629464
226.87429182701422,15.130806641471992
226.88216284740787,7.062118567119843
226.89003386780155,6.133151898399574
226.8979048881952,27.17518359667626
226.90577590858888,7.964548061065007
226.91364692898253,44.55854291732806
226.9215179493762,21.243786439714043
226.92938896976986,94.42226787321192
226.93725999016354,8.650581291106977
226.9451310105572,0.3202264739853902
226.95300203095087,1.0507774874335207
226.96087305134452,10.365120936092188
226.9687440717382,5.083032874561164
226.97661509213185,24.119613390501975
226.98448611252553,7.091988483394651
226.99235713291918,52.58553750345993
227.00022815331286,93.1525909908059
227.0080991737065,101.59457649462864
227.0159701941002,10.279086313373993
227.02384121449384,4.999720765654648
227.03171223488752,23.651198714612622
227.03958325528117,157.05983979840573
227.04745427567485,0.8061593641792247
227.0553252960685,10.562663797701509
227.06319631646218,8.36054959958744
227.07106733685583,21.083414733819858
227.0789383572495,135.42521453880872
227.08680937764316,73.80793197442077
227.09468039803684,26.874308884830317
227.1025514184305,103.24450162086518
227.11042243882417,21.531910744737118
227.11829345921782,20.44380195408107
227.1261644796115,0.13641530817420733
227.13403550000515,83.46529734050074
227.14190652039883,28.119681729482867
227.14977754079248,1.5332220765982068
227.15764856118616,2.8712766851190326
227.16551958157982,19.758960316919513
227.1733906019735,11.80041247148484
227.18126162236715,162.38921617328685
227.18913264276082,40.80725377890456
227.19700366315448,18.109441197253826
227.20487468354816,7.264974962000442
227.21274570394183,28.892519602416105
227.22061672433549,12.755123552066323
227.22848774472916,9.909769082062914
227.23635876512282,27.93069688756951
227.2442297855165,6.641532815000278
227.25210080591015,14.198419072886278
227.25997182630383,69.81725741854497
227.26784284669748,16.632814366957643
227.27571386709116,43.73319398969009
227.2835848874848,31.0600046299523
227.2914559078785,81.48204259610783
227.29932692827214,140.2636160220195
227.30719794866582,5.261787152794375
227.31506896905947,114.55274272684359
227.32293998945315,47.91038445965198
227.3308110098468,41.95724699064522
227.33868203024048,260.813589208242
227.34655305063413,62.653593379007965
227.3544240710278,8.95749784825812
227.36229509142146,27.232003798599102
227.37016611181514,64.94334410572412
227.3780371322088,47.344507732493526
227.38590815260247,43.757529838613124
227.39377917299612,53.5028853906466
227.4016501933898,103.96778798467528
227.40952121378345,2.425827498154876
227.41739223417713,11.960436799552117
227.42526325457078,171.1766531622717
227.43313427496446,68.44167676739282
227.4410052953581,2.2525141702581335
227.4488763157518,51.80654320443258
227.45674733614544,27.36139650159525
227.46461835653912,18.264505062874036
227.47248937693277,5.360997217470009
227.48036039732645,7.925167630676418
227.4882314177201,5.075420505563397
227.49610243811378,25.540144019222595
227.50397345850743,9.715240463273789
227.5118444789011,65.38396316286175
227.51971549929476,6.076397709381313
227.52758651968844,7.398426177243639
227.5354575400821,8.628447782371467
227.54332856047577,66.23434598662531
227.55119958086945,19.13444710038403
227.5590706012631,43.24440415574838
227.56694162165678,17.089353430250913
227.57481264205043,20.77459296965732
227.5826836624441,4.24028867545025
227.59055468283776,31.714938341097906
227.59842570323144,98.15844984111882
227.6062967236251,2.081199365876208
227.61416774401877,48.943894789939066
227.62203876441242,46.757604203101494
227.6299097848061,4.605526998476681
227.63778080519975,5.674806605035793
227.64565182559343,14.378389598093792
227.65352284598708,41.08433881572451
227.66139386638076,34.858582033524016
227.6692648867744,4.9029807284535805
227.6771359071681,39.08281389074212
227.68500692756174,93.72570614705094
227.69287794795542,42.01067119450518
227.70074896834907,27.470807751912833
227.70861998874275,29.076493224173408
227.7164910091364,8.003270139625766
227.72436202953008,40.69735007388125
227.73223304992374,73.02774319390265
227.74010407031741,39.09275785084374
227.74797509071107,9.127868597138583
227.75584611110474,21.585218150948307
227.7637171314984,113.41802167116866
227.77158815189208,7.379846827227898
227.77945917228573,14.011742423040184
227.7873301926794,0.8213213202219192
227.79520121307306,11.503760736143471
227.80307223346674,1.2299474795148213
227.8109432538604,30.315796929778482
227.81881427425407,37.593287725191104
227.82668529464772,50.18010124511253
227.8345563150414,4.63709980664544
227.84242733543505,65.75057693696897
227.85029835582873,2.8553009089397814
227.85816937622238,59.00344900973361
227.86604039661606,146.72135828109884
227.8739114170097,52.31497990483817
227.8817824374034,28.84238018703029
227.88965345779707,11.48719650957014
227.89752447819072,50.82493766530303
227.9053954985844,142.93533160828372
227.91326651897805,4.333437873487174
227.92113753937173,22.13633355440791
227.92900855976538,37.91952211920604
227.93687958015906,48.58389090790185
227.9447506005527,3.2514139954224652
227.9526216209464,26.124440756160453
227.96049264134004,18.66701065125218
227.96836366173372,10.700304199090626
227.97623468212737,7.012083654117385
227.98410570252105,11.750456213257413
227.9919767229147,28.6176241425063
227.99984774330838,24.634643584891364
228.00771876370203,55.70051766943329
228.0155897840957,27.454870529210982
228.02346080448936,19.31094985941705
228.03133182488304,16.92508075757776
228.0392028452767,19.324978283007336
228.04707386567037,23.85277119270926
228.05494488606402,1.4901520686997765
228.0628159064577,3.3982360195336025
228.07068692685135,55.980293530329305
228.07855794724503,23.52958498970838
228.08642896763868,56.76673185670926
228.09429998803236,37.623106950842
228.102171008426,17.367509497640658
228.1100420288197,18.026292329077336
228.11791304921334,4.653034886956554
228.12578406960702,2.954943628682133
228.13365509000067,127.24905759737284
228.14152611039435,67.47528978264603
228.149397130788,6.0186052129256264
228.15726815118168,15.847669160695599
228.16513917157533,54.467342936625165
228.173010191969,10.9195750485755
228.18088121236266,11.124088540975674
228.18875223275634,57.0578740800298
228.19662325315,104.76546644967414
228.20449427354367,77.72975471183963
228.21236529393732,16.569224457139292
228.220236314331,3.7212150439624367
228.22810733472468,20.37476951994032
228.23597835511833,48.76422010021807
228.243849375512,4.916529897936952
228.25172039590566,33.959297347906
228.25959141629934,67.92101465266728
228.267462436693,5.7871450558386455
228.27533345708667,18.12467716408936
228.28320447748033,66.93069478869613
228.291075497874,3.767860061616554
228.29894651826766,19.538085241225183
228.30681753866133,45.85266980192017
228.31468855905499,46.10617218520238
228.32255957944867,54.1149028479934
228.33043059984232,9.642499229993673
228.338301620236,17.041453595931475
228.34617264062965,18.596238417334373
228.35404366102333,16.57783981608417
228.36191468141698,0.8659268245210442
228.36978570181066,52.967321465926894
228.3776567222043,24.31341070643195
228.385527742598,106.15122677296473
228.39339876299164,25.192688206521836
228.40126978338532,18.035433100318084
228.40914080377897,11.173823864490613
228.41701182417265,51.54519180441555
228.4248828445663,33.77282471809948
228.43275386495998,4.928137290836423
228.44062488535363,0.5646131952427899
228.4484959057473,3.2797387398645137
228.45636692614096,12.945899683126365
228.46423794653464,6.943703859495877
228.4721089669283,11.379925321082787
228.47997998732197,0.7631725914846047
228.48785100771562,6.741072185942776
228.4957220281093,0.8252935033127876
228.50359304850295,3.0047961504480543
228.51146406889663,0.31299180074808086
228.51933508929028,4.417395404651655
228.52720610968396,25.15634705484288
228.5350771300776,19.19345369902042
228.5429481504713,16.19430195247413
228.55081917086494,9.907934686840978
228.55869019125862,23.893739063543467
228.5665612116523,39.683030734602184
228.57443223204595,51.10197121511577
228.58230325243963,4.503109615791247
228.59017427283328,51.04107592737944
228.59804529322696,50.53189813315491
228.6059163136206,22.539539119872018
228.6137873340143,50.784339858457976
228.62165835440794,53.94956283471849
228.62952937480162,37.4076262552041
228.63740039519527,53.918883039524225
228.64527141558895,79.65571501325185
228.6531424359826,11.414055279611809
228.66101345637628,10.840626930867966
228.66888447676993,20.485173729559303
228.6767554971636,45.23805793834426
228.68462651755726,32.06370467696963
228.69249753795094,55.16079216708386
228.7003685583446,50.788977408373434
228.70823957873827,29.05127172623934
228.71611059913192,14.954168894586116
228.7239816195256,3.135956465473188
228.73185263991925,6.183232767226747
228.73972366031293,10.714869230425997
228.74759468070658,7.968457862550677
228.75546570110026,6.1097029968771785
228.7633367214939,11.635205645803278
228.7712077418876,5.5228193756551
228.77907876228124,10.67779053094293
228.78694978267492,39.464830990432866
228.79482080306857,83.50152162256015
228.80269182346225,13.455788139643358
228.8105628438559,94.77234447629141
228.81843386424958,59.466253189854314
228.82630488464324,10.78828264503433
228.83417590503691,9.436390218731093
228.84204692543057,19.193883757624413
228.84991794582425,29.508535731702725
228.8577889662179,56.00549102995264
228.86565998661158,12.584508477081393
228.87353100700523,228.79063528173216
228.8814020273989,10.64475938458765
228.88927304779256,17.60894458558885
228.89714406818624,52.04551783127008
228.90501508857992,32.44285633539449
228.91288610897357,0.1944910972896269
228.92075712936725,33.96930712375229
228.9286281497609,53.83954169425675
228.93649917015458,23.82551986089028
228.94437019054823,14.878172509871998
228.9522412109419,69.89018247696602
228.96011223133556,6.557135667190229
228.96798325172924,11.095583481435197
228.9758542721229,4.662181057963733
228.98372529251657,1.0227990189631095
228.99159631291022,139.0891062030708
228.9994673333039,7.904958944371557
229.00733835369755,12.702409807460512
229.01520937409123,20.818638835165395
229.02308039448488,44.95801238109229
229.03095141487856,39.00526356743025
229.0388224352722,12.669811437228264
229.0466934556659,4.199227808132158
229.05456447605954,11.03214897942993
229.06243549645322,19.51622280774433
229.07030651684687,35.424728421617644
229.07817753724055,2.201545605257476
229.0860485576342,13.710585380848984
229.09391957802788,5.8998293632872
229.10179059842153,5.405549030805686
229.1096616188152,2.681300038559229
229.11753263920886,7.489070916599049
229.12540365960254,2.4030941090097104
229.1332746799962,61.5952989410816
229.14114570038987,66.21189380543429
229.14901672078352,30.51870748145163
229.1568877411772,15.482469155449456
229.16475876157085,52.82330098110681
229.17262978196453,25.56550792927622
229.18050080235818,20.05588521012143
229.18837182275186,7.642327570886656
229.1962428431455,30.91071030331203
229.2041138635392,119.73538957790053
229.21198488393284,71.70967880125755
229.21985590432652,10.951315713549674
229.22772692472017,61.081180707223446
229.23559794511385,5.7466689644777365
229.24346896550753,10.015734384317634
229.25133998590118,20.158857322489617
229.25921100629486,3.354015906406437
229.2670820266885,24.956248372996306
229.2749530470822,19.40082356065418
229.28282406747584,7.040896123991961
229.29069508786952,49.864625606813064
229.29856610826317,6.497282422100241
229.30643712865685,18.617241372872233
229.3143081490505,35.003647248537284
229.32217916944418,222.22867910167156
229.33005018983783,0.823218274424659
229.3379212102315,17.873563423555456
229.34579223062516,92.01330744322361
229.35366325101884,16.578898197793276
229.3615342714125,32.261231946006106
229.36940529180617,20.50835129705926
229.37727631219983,5.959058571898843
229.3851473325935,6.111691343483033
229.39301835298716,38.40368878625027
229.40088937338083,84.30568935252786
229.4087603937745,22.43484858538032
229.41663141416817,1.1966841359966292
229.42450243456182,21.911933797406856
229.4323734549555,41.034012830581304
229.44024447534915,24.82860702295739
229.44811549574283,50.897587880690374
229.45598651613648,25.19455913771858
229.46385753653016,57.18018540402298
229.4717285569238,51.96689337218829
229.4795995773175,84.33907717630505
229.48747059771114,84.5614252337486
229.49534161810482,1.1012043657314476
229.50321263849847,18.269250674364066
229.51108365889215,41.51987288440332
229.5189546792858,3.5412134034150977
229.52682569967948,59.91368711999947
229.53469672007313,18.096181227065102
229.5425677404668,44.40674944930944
229.55043876086046,34.14214388861647
229.55830978125414,5.999183503392671
229.5661808016478,23.502838012211402
229.57405182204147,37.23691176868828
229.58192284243515,3.1520743112329868
229.5897938628288,50.61324043246746
229.59766488322248,61.086091450584284
229.60553590361613,8.20781330811666
229.6134069240098,84.12831347012505
229.62127794440346,96.31648168776034
229.62914896479714,135.92971504121314
229.6370199851908,48.45387268815109
229.64489100558447,27.018285292086404
229.65276202597812,6.578508541530513
229.6606330463718,109.33581933731648
229.66850406676545,20.41513320414871
229.67637508715913,7.18148521721773
229.68424610755278,27.172155962406634
229.69211712794646,19.667472937266453
229.6999881483401,23.98874966505685
229.7078591687338,63.53611079572581
229.71573018912744,26.404859828296157
229.72360120952112,65.53988575421914
229.73147222991477,23.764248800912664
229.73934325030845,11.889481314616134
229.7472142707021,25.803917451683883
229.75508529109578,22.67646574219896
229.76295631148943,18.91544627599812
229.7708273318831,21.556159109024254
229.77869835227676,73.56957318204516
229.78656937267044,23.609275017689335
229.7944403930641,54.40501305439826
229.80231141345777,3.0881831574755245
229.81018243385142,29.128373114741887
229.8180534542451,38.73198860046809
229.82592447463875,31.14227067108271
229.83379549503243,76.43114302794912
229.84166651542608,0.8354435768580823
229.84953753581976,5.4964093342372315
229.85740855621341,61.60351330280737
229.8652795766071,49.5131378247932
229.87315059700074,36.95488165417039
229.88102161739442,45.34642463428483
229.88889263778808,47.08360882203791
229.89676365818175,2.717721929671718
229.9046346785754,77.11233978726466
229.91250569896908,35.571892995397064
229.92037671936276,17.04809510460726
229.92824773975642,37.73881361803689
229.9361187601501,9.278535466795583
229.94398978054375,5.036529034883398
229.95186080093742,29.47999668422033
229.95973182133108,13.76271966501128
229.96760284172476,31.754946030844014
229.9754738621184,49.61765814757217
229.98334488251209,12.295116489456735
229.99121590290574,9.67043501079054
229.99908692329942,19.82673493602959
230.00695794369307,73.27125024702491
230.01482896408675,89.2144648110302
230.0226999844804,82.08352338558367
230.03057100487408,84.3206045247452
230.03844202526773,1.3752793382305553
230.0463130456614,13.559506072028185
230.05418406605506,5.711692397560397
230.06205508644874,77.39408948735935
230.0699261068424,23.416161754387883
230.07779712723607,13.163915027532365
230.08566814762972,9.77563660373974
230.0935391680234,8.150763077913808
230.10141018841705,19.407371153381607
230.10928120881073,3.6043792001066137
230.11715222920438,5.070053552956347
230.12502324959806,20.032275689873664
230.1328942699917,18.039547283891967
230.1407652903854,13.714326952810813
230.14863631077904,20.87399221802087
230.15650733117272,1.1871218323100616
230.16437835156637,18.737232035085103
230.17224937196005,30.266607182613335
230.1801203923537,0.8714473624283787
230.18799141274738,0.17467043065650661
230.19586243314103,26.405824410178624
230.2037334535347,3.123884250459206
230.21160447392836,6.320469344938537
230.21947549432204,85.92431906918814
230.2273465147157,1.4277653792549372
230.23521753510937,18.685030443925935
230.24308855550302,67.00205412394571
230.2509595758967,39.88087462586965
230.25883059629038,7.11812232959301
230.26670161668403,35.07802186166877
230.2745726370777,63.1290292517434
230.28244365747136,33.30734202965846
230.29031467786504,79.4299851592658
230.2981856982587,10.135468471272876
230.30605671865237,4.261162743377106
230.31392773904602,21.830614946316597
230.3217987594397,47.137023447063335
230.32966977983335,2.0462372376416504
230.33754080022703,9.274678119352318
230.34541182062068,152.36685720473594
230.35328284101436,16.89204824671276
230.361153861408,35.449963090386476
230.3690248818017,3.4164282301849296
230.37689590219534,1.679466382939898
230.38476692258902,3.413591887109977
230.39263794298267,18.354202407071757
230.40050896337635,26.007471250117135
230.40837998377,14.147878089723044
230.41625100416368,29.83066017904099
230.42412202455733,14.03969361371341
230.431993044951,30.31570669741176
230.43986406534466,3.9233459997250706
230.44773508573834,22.16633542988697
230.455606106132,7.25987835778786
230.46347712652567,98.58516563828101
230.47134814691933,28.156030779681263
230.479219167313,60.444845317646056
230.48709018770666,99.07143114727266
230.49496120810034,6.1533944780113226
230.502832228494,3.388589028558563
230.51070324888767,5.149467547734793
230.51857426928132,0.7578307219127443
230.526445289675,60.73688682064277
230.53431631006865,5.9731416161464095
230.54218733046233,12.576458241995256
230.55005835085598,46.62016782316269
230.55792937124966,39.164296147211324
230.5658003916433,44.820356954644694
230.573671412037,10.747801242437014
230.58154243243067,43.38360672771725
230.58941345282432,7.896131561015388
230.597284473218,34.78324382040181
230.60515549361165,2.1167630395796295
230.61302651400533,56.50955880515229
230.62089753439898,26.9559757533272
230.62876855479266,8.859644490547419
230.6366395751863,110.68494045798133
230.64451059558,15.169774029010464
230.65238161597364,58.61002376686024
230.66025263636732,20.571660911887125
230.66812365676097,17.003495171997432
230.67599467715465,2.2545551690235115
230.6838656975483,34.61085329597451
230.69173671794198,22.10621107773396
230.69960773833563,177.94745170705062
230.7074787587293,20.792123559645507
230.71534977912296,82.07806981076958
230.72322079951664,9.061004066973412
230.7310918199103,64.23491703286354
230.73896284030397,15.719075629092806
230.74683386069762,2.1386003740796644
230.7547048810913,14.29574330083437
230.76257590148495,23.17910961060264
230.77044692187863,3.044922023198822
230.77831794227228,9.83520639644298
230.78618896266596,40.24411778463533
230.7940599830596,104.86178382677691
230.8019310034533,57.148157093068605
230.80980202384694,87.72836896653891
230.81767304424062,9.213220250436677
230.82554406463427,58.26830268734214
230.83341508502795,37.709323143935336
230.8412861054216,66.94838133469418
230.84915712581528,41.02950131551667
230.85702814620893,35.04198553505875
230.8648991666026,91.09270153803017
230.87277018699626,6.026712804817097
230.88064120738994,21.580955280994065
230.8885122277836,18.70995829975273
230.89638324817727,45.23082307632001
230.90425426857092,0.3229211891894687
230.9121252889646,13.801838639189288
230.91999630935828,111.668336791364
230.92786732975193,61.6140646551849
230.9357383501456,67.00775195638157
230.94360937053926,41.50668330847276
230.95148039093294,87.30473218261835
230.9593514113266,3.4574062438949835
230.96722243172027,6.782333969605593
230.97509345211392,9.189335678273107
230.9829644725076,12.375263395193008
230.99083549290125,41.170556929679485
230.99870651329493,12.49682355929473
231.00657753368858,41.23653579725874
231.01444855408226,6.917045170387364
231.02231957447592,51.29533449290949
231.0301905948696,42.031466602744715
231.03806161526325,2.707558878884053
231.04593263565692,12.359972925252888
231.05380365605058,42.61158830862749
231.06167467644426,11.73411934924905
231.0695456968379,20.897478720635018
231.07741671723159,10.60584936899362
231.08528773762524,23.749823729062825
231.09315875801892,11.345309284242427
231.10102977841257,0.082834786143184
231.10890079880625,39.347239363764395
231.1167718191999,35.43527801499088
231.12464283959358,21.17373491193945
231.13251385998723,44.76200852857105
231.1403848803809,23.166825235920868
231.14825590077456,52.29671602917039
231.15612692116824,15.125644882064428
231.1639979415619,28.33267464507656
231.17186896195557,17.969441885561015
231.17973998234922,21.20462737007581
231.1876110027429,33.89728212934392
231.19548202313655,46.346538291292845
231.20335304353023,9.785816573414246
231.21122406392388,3.749008423077364
231.21909508431756,2.9855590921628283
231.2269661047112,4.130824548944725
231.2348371251049,30.088572249104015
231.24270814549854,34.54804495679121
231.25057916589222,2.4093124074227363
231.2584501862859,6.083445043736955
231.26632120667955,22.896398357483974
231.27419222707323,24.359359941352054
231.28206324746688,18.77774365822434
231.28993426786056,26.210602529081516
231.2978052882542,8.874394489622437
231.3056763086479,9.213821574289296
231.31354732904154,16.128067341088627
231.32141834943522,9.464659723293195
231.32928936982887,10.504454292658199
231.33716039022255,100.19046148677782
231.3450314106162,15.109002562644395
231.35290243100988,9.812058240218954
231.36077345140353,1.8496238830675964
231.3686444717972,0.3694520920211519
231.37651549219086,6.330247186778555
231.38438651258454,49.90848478411969
231.3922575329782,32.9646453797619
231.40012855337187,68.73837191952099
231.40799957376552,5.796889048796181
231.4158705941592,20.917080854109315
231.42374161455285,29.387598248225604
231.43161263494653,3.123684612990616
231.43948365534018,5.322786202886521
231.44735467573386,20.694063405514193
231.4552256961275,10.208842170721207
231.4630967165212,0.9291480056522279
231.47096773691484,35.627314020594724
231.47883875730852,17.0512970424204
231.48670977770217,13.493147345110124
231.49458079809585,30.7374956041186
231.5024518184895,52.43857613037539
231.51032283888318,0.0476992167755882
231.51819385927683,52.028324518402094
231.5260648796705,79.49730141463037
231.53393590006417,22.107101390718668
231.54180692045784,4.233970016829797
231.5496779408515,34.22169681255133
231.55754896124517,33.032333667409674
231.56541998163883,26.72696734539689
231.5732910020325,6.654359844131069
231.58116202242616,11.930161926847543
231.58903304281984,38.773841751925836
231.59690406321351,5.1344352050118225
231.60477508360717,27.325790757691212
231.61264610400085,39.79598165311278
231.6205171243945,9.084787641915502
231.62838814478818,2.5607714668174375
231.63625916518183,7.56158617175063
231.6441301855755,17.253866263238645
231.65200120596916,12.109925234088877
231.65987222636284,7.602297645100067
231.6677432467565,45.23622782353954
231.67561426715017,8.218180974557157
231.68348528754382,1.4406262273846449
231.6913563079375,2.3078524004335663
231.69922732833115,0.26133362902135543
231.70709834872483,5.645370355399935
231.71496936911848,16.40762668757784
231.72284038951216,55.58777222683451
231.7307114099058,12.0058820655961
231.7385824302995,12.02445671874661
231.74645345069314,24.103992764188
231.75432447108682,23.234403155084046
231.76219549148047,96.9122605761926
231.77006651187415,4.671052759500407
231.7779375322678,27.147499391056844
231.78580855266148,4.075330452201081
231.79367957305513,15.604942019002577
231.8015505934488,43.06865039567141
231.80942161384246,12.465234160870951
231.81729263423614,16.624151211542415
231.8251636546298,46.288347568655105
231.83303467502347,0.005516188858343415
231.84090569541712,2.4410148730152064
231.8487767158108,30.184806451917378
231.85664773620445,1.987156861237635
231.86451875659813,34.40817578904985
231.87238977699178,10.755413690788563
231.88026079738546,71.10846050576954
231.8881318177791,16.03038293934297
231.8960028381728,11.957073617141598
231.90387385856644,7.6954153632585225
231.91174487896012,2.7499336319377607
231.91961589935377,8.482302992943968
231.92748691974745,18.12999440071587
231.93535794014113,63.71057006295676
231.94322896053478,11.11570182104958
231.95109998092846,10.606164300516632
231.9589710013221,7.709460596442173
231.9668420217158,3.2371848160938708
231.97471304210944,9.713142220071072
231.98258406250312,2.228319914440946
231.99045508289677,14.65951402852282
231.99832610329045,12.355240239545134
232.0061971236841,33.517870332478196
232.01406814407778,6.062461777040057
232.02193916447143,83.47939527416897
232.0298101848651,128.94589319731438
232.03768120525876,3.2907854926181295
232.04555222565244,20.20682166723527
232.0534232460461,10.681404055173783
232.06129426643977,10.68520923760755
232.06916528683342,31.383190905405275
232.0770363072271,0.7690925477352667
232.08490732762075,14.90826881599955
232.09277834801443,47.25409083837957
232.10064936840809,8.85143445587266
232.10852038880176,114.98697010080882
232.11639140919542,26.462891920943402
232.1242624295891,42.46666679488902
232.13213344998275,4.835712227409069
232.14000447037643,9.648047732063986
232.14787549077008,5.731922270101589
232.15574651116376,39.518554717367756
232.1636175315574,52.605881079205744
232.1714885519511,6.8980960572539125
232.17935957234474,3.7546910827507523
232.18723059273842,12.804297145552772
232.19510161313207,9.541813326088104
232.20297263352575,22.49829969016471
232.2108436539194,58.450335025642445
232.21871467431308,14.60410821132184
232.22658569470673,12.993195767456616
232.2344567151004,18.51505951835604
232.24232773549406,12.300766191298921
232.25019875588774,17.684958640503925
232.2580697762814,39.14740599412862
232.26594079667507,131.74150611103357
232.27381181706875,35.67028552615481
232.2816828374624,12.882812789025163
232.28955385785608,4.237472892279092
232.29742487824973,21.30045524461719
232.3052958986434,142.40411049600863
232.31316691903706,52.84476682243257
232.32103793943074,0.23139375099695378
232.3289089598244,20.737892331094187
232.33677998021807,43.152906279413465
232.34465100061172,112.66937348331365
232.3525220210054,1.970453981145926
232.36039304139905,19.202778594828676
232.36826406179273,13.027693094593229
232.37613508218638,36.7151791689123
232.38400610258006,39.85471282384645
232.3918771229737,56.88517804928771
232.3997481433674,194.24435368993397
232.40761916376104,0.2113808988521595
232.41549018415472,6.4166483012528115
232.42336120454837,35.111885780588366
232.43123222494205,4.424653815610708
232.4391032453357,12.309503087802023
232.44697426572938,42.48825294715962
232.45484528612303,4.819578995640197
232.4627163065167,16.032880752604417
232.47058732691036,10.874818686371805
232.47845834730404,9.775798706193509
232.4863293676977,37.93519511233645
232.49420038809137,38.3927086239572
232.50207140848502,2.7870033142628845
232.5099424288787,39.599605679825686
232.51781344927235,1.1329447291402637
232.52568446966603,38.010733998177905
232.53355549005968,8.431883890413015
232.54142651045336,8.532082323615638
232.549297530847,0.28316096423237147
232.5571685512407,29.053363038793044
232.56503957163434,17.62286495254689
232.57291059202802,25.495039814712992
232.58078161242167,27.207819603365195
232.58865263281535,92.72938349058661
232.596523653209,62.71633460929174
232.60439467360268,85.45497648918897
232.61226569399636,10.162693972007256
232.62013671439001,37.471106294667635
232.6280077347837,41.54959536527076
232.63587875517734,35.00216674037995
232.64374977557102,23.364208639673056
232.65162079596467,5.347870805076776
232.65949181635835,66.9567590473461
232.667362836752,11.950656869443991
232.67523385714568,2.2391169148164445
232.68310487753934,38.7885033928766
232.69097589793301,73.38864875185809
232.69884691832667,83.41862361087179
232.70671793872035,60.48714075146774
232.714588959114,138.80549588961665
232.72245997950768,28.742849540852568
232.73033099990133,49.58824571552596
232.738202020295,162.45495613907428
232.74607304068866,39.374179120339356
232.75394406108234,25.598994503127326
232.761815081476,42.42552442901137
232.76968610186967,74.97496137500906
232.77755712226332,40.507359437591404
232.785428142657,9.501892292822493
232.79329916305065,7.600053731162608
232.80117018344433,67.55515153973532
232.80904120383798,112.37777408176989
232.81691222423166,61.730319018827714
232.8247832446253,213.72348806312664
232.832654265019,18.36368978598796
232.84052528541264,11.164312591793589
232.84839630580632,19.402030498057883
232.85626732619997,0.7247902061587417
232.86413834659365,31.356299817050708
232.8720093669873,5.163422656048303
232.87988038738098,13.703766793009729
232.88775140777463,15.479606494596934
232.8956224281683,66.24296265097456
232.90349344856196,43.19566047184115
232.91136446895564,3.007107831671636
232.9192354893493,4.104259356508031
232.92710650974297,13.228784973590122
232.93497753013662,147.1752914654647
232.9428485505303,5.219886073610709
232.95071957092398,7.725703497694457
232.95859059131763,8.450839836892753
232.9664616117113,18.04825686046275
232.97433263210496,49.345246232766726
232.98220365249864,15.278401404109479
232.9900746728923,41.795783462600504
232.99794569328597,39.27559400381018
233.00581671367962,37.25817936441056
233.0136877340733,60.39708102423967
233.02155875446695,44.91097975362926
233.02942977486063,2.3204978970320793
233.03730079525428,47.98992222157915
233.04517181564796,7.851056350383891
233.0530428360416,135.89969990232936
233.0609138564353,16.973598796362026
233.06878487682894,55.20501139610155
233.07665589722262,7.778462767308108
233.08452691761627,22.611838260539063
233.09239793800995,4.023396414597108
233.1002689584036,6.451628166215878
233.10813997879728,8.824047393532345
233.11601099919093,32.20719610697356
233.1238820195846,1.9012761181636875
233.13175303997826,25.948287574608667
233.13962406037194,70.72925423490815
233.1474950807656,0.53162325845357
233.15536610115927,15.470315938959647
233.16323712155292,38.905159109510656
233.1711081419466,42.974992497801836
233.17897916234026,17.040517414947125
233.18685018273393,60.12519644268391
233.19472120312759,72.62806300072792
233.20259222352126,48.379408591617704
233.21046324391492,8.396455798686281
233.2183342643086,24.45579565554564
233.22620528470225,3.9884211357240993
233.23407630509593,1.1842654437252456
233.24194732548958,33.56445750761023
233.24981834588326,15.824122920976775
233.2576893662769,66.18933866763255
233.2655603866706,0.6985100445121033
233.27343140706424,21.434108620282977
233.28130242745792,34.18313400878777
233.2891734478516,91.27012139129099
233.29704446824525,5.518506147900985
233.30491548863893,20.535903247021835
233.31278650903258,60.4009817338249
233.32065752942626,5.941907662100606
233.3285285498199,9.5687388072873
233.3363995702136,22.690625587387462
233.34427059060724,28.40798444874094
233.35214161100092,4.89011677452045
233.36001263139457,0.09765235462675792
233.36788365178825,11.15014685329933
233.3757546721819,3.026082515184285
233.38362569257558,37.18999227951142
233.39149671296923,28.833038197576727
233.3993677333629,48.00428735554406
233.40723875375656,10.467162784950997
233.41510977415024,4.2144660253080195
233.4229807945439,46.443670121819785
233.43085181493757,1.4763910341447546
233.43872283533122,25.57563011146674
233.4465938557249,72.29156954199732
233.45446487611855,42.39843786959569
233.46233589651223,36.80797926418193
233.47020691690588,57.933504345005005
233.47807793729956,28.63084283958658
233.4859489576932,2.284777708725931
233.4938199780869,10.01242221974692
233.50169099848054,43.15179589302535
233.50956201887422,14.491555726643055
233.51743303926787,18.230328069685502
233.52530405966155,99.52131042035391
233.5331750800552,60.66727334315982
233.54104610044888,27.446278748351755
233.54891712084253,15.657693968741928
233.5567881412362,186.4891602982865
233.56465916162986,4.69870025370757
233.57253018202354,78.91105497511218
233.5804012024172,81.06949248717468
233.58827222281087,93.65712389666177
233.59614324320452,50.97090032489239
233.6040142635982,2.050261205085643
233.61188528399185,0.732955556308319
233.61975630438553,10.060695098453209
233.6276273247792,17.048997489899648
233.63549834517286,17.863632369548707
233.64336936556654,111.53617214991306
233.6512403859602,37.714177171906115
233.65911140635387,93.28320606513114
233.66698242674752,10.069059164870701
233.6748534471412,28.25384669901101
233.68272446753485,13.77187670403812
233.69059548792853,14.262707848340716
233.69846650832218,11.349468658494972
233.70633752871586,11.00632381202257
233.71420854910951,12.80073158899894
233.7220795695032,1.3426234772388712
233.72995058989684,54.79016061892187
233.73782161029052,2.408528706700012
233.74569263068418,3.7758824445613093
233.75356365107785,5.555242663998759
233.7614346714715,2.8700442344912287
233.76930569186518,17.5678658771208
233.77717671225884,23.788427897194133
233.78504773265252,4.697847550740007
233.79291875304617,10.584194530506247
233.80078977343985,23.005262697689854
233.8086607938335,3.576138792708791
233.81653181422718,235.2941388223344
233.82440283462083,18.856842072772753
233.8322738550145,19.289681950505553
233.84014487540816,10.960991377600402
233.84801589580184,2.5579495961492245
233.8558869161955,6.013614851673901
233.86375793658917,4.563861054741117
233.87162895698282,34.75264085740525
233.8794999773765,29.751278739714994
233.88737099777015,12.402515564401092
233.89524201816383,14.420423514705883
233.90311303855748,52.529406600404535
233.91098405895116,94.75637325789478
233.9188550793448,26.10341776081028
233.9267260997385,12.85261769648616
233.93459712013214,3.211702711915439
233.94246814052582,13.356319250473888
233.95033916091947,20.057181468098324
233.95821018131315,69.81470197706608
233.96608120170683,41.83480972374654
233.97395222210048,107.6680894156119
233.98182324249416,42.43582910836045
233.9896942628878,16.41136564236663
233.9975652832815,67.8562000174404
234.00543630367514,28.00986991061429
234.01330732406882,7.584806411782105
234.02117834446247,16.5930140475435
234.02904936485615,4.58451592795265
234.0369203852498,30.076223622726975
234.04479140564348,84.27373622829435
234.05266242603713,13.972001821649172
234.0605334464308,169.48623523218768
234.06840446682446,14.379558710511201
234.07627548721814,15.339959699993518
234.0841465076118,18.491194328143862
234.09201752800547,126.42447220599779
234.09988854839912,53.871461267707645
234.1077595687928,38.66964920144305
234.11563058918645,80.7299523606958
234.12350160958013,22.368469656052383
234.13137262997378,109.11604049971874
234.13924365036746,51.83570311727622
234.1471146707611,5.918419840635377
234.1549856911548,81.53813678187703
234.16285671154844,19.016659092772255
234.17072773194212,2.7123578334127343
234.17859875233577,6.139559775322945
234.18646977272945,13.537580184763891
234.1943407931231,19.03148180372838
234.20221181351678,40.68351304497869
234.21008283391043,48.01850721108325
234.2179538543041,22.250101529687946
234.22582487469776,6.391057568005557
234.23369589509144,1.155417924772651
234.2415669154851,32.50599169496091
234.24943793587877,33.24388650696131
234.25730895627242,13.018498554809966
234.2651799766661,0.42446487565926144
234.27305099705976,15.687152338021344
234.28092201745343,15.225173370291223
234.28879303784709,14.373941118754493
234.29666405824076,8.382306001150706
234.30453507863444,60.111338353670924
234.3124060990281,31.897418671686697
234.32027711942177,21.86043138984035
234.32814813981543,72.18806315070046
234.3360191602091,10.306891007827252
234.34389018060276,21.363279318019522
234.35176120099644,2.048507749218862
234.3596322213901,39.99537861300215
234.36750324178377,1.371033939300548
234.37537426217742,10.206669293921463
234.3832452825711,3.066812750494548
234.39111630296475,25.315619359987362
234.39898732335843,4.989604430614838
234.40685834375208,34.69905399098971
234.41472936414576,3.9513111517936186
234.4226003845394,39.19029021534276
234.4304714049331,17.012777337370398
234.43834242532674,8.865225230322832
234.44621344572042,2.3415611308446063
234.45408446611407,5.144843435362661
234.46195548650775,16.96306037478502
234.4698265069014,1.4095900635184189
234.47769752729508,16.708929998311472
234.48556854768873,0.6608847260914658
234.4934395680824,22.858153003351656
234.50131058847606,7.370899469069588
234.50918160886974,3.142444508494368
234.5170526292634,7.182884400529843
234.52492364965707,10.832342011117126
234.53279467005072,20.239077177413545
234.5406656904444,2.3812929879514395
234.54853671083805,39.79192369990108
234.55640773123173,17.00491377183948
234.56427875162538,39.36196598859217
234.57214977201906,26.55550928280693
234.5800207924127,41.68670689923141
234.5878918128064,3.6957808954910454
234.59576283320004,41.00655422324659
234.60363385359372,13.918519101808393
234.61150487398737,50.694241308819365
234.61937589438105,37.977961110897695
234.6272469147747,44.34434092645398
234.63511793516838,25.89110767570952
234.64298895556206,8.094295537752403
234.6508599759557,26.60360000758618
234.6587309963494,11.88401273931206
234.66660201674304,0.43136585414919565
234.67447303713672,48.3757577571742
234.68234405753037,7.51921902558597
234.69021507792405,43.6405328263688
234.6980860983177,57.84181354257012
234.70595711871138,28.609523386715658
234.71382813910503,3.126406714871421
234.7216991594987,28.505678585407875
234.72957017989236,62.32702992159665
234.73744120028604,8.726809074039513
234.7453122206797,6.986345979454687
234.75318324107337,20.159164274514342
234.76105426146702,12.303946945974577
234.7689252818607,17.58681111092909
234.77679630225435,1.4116753907165953
234.78466732264803,4.578479486027087
234.79253834304168,78.14819624112411
234.80040936343536,27.558224099322413
234.80828038382901,23.314618775604256
234.8161514042227,75.22122078861823
234.82402242461635,6.165831308457907
234.83189344501002,1.367649959022255
234.83976446540368,6.417636676834137
234.84763548579735,8.802866167259225
234.855506506191,2.969616662911482
234.86337752658469,61.68830287603809
234.87124854697834,2.3529569321615904
234.87911956737202,97.82167201765385
234.88699058776567,41.7491996657514
234.89486160815935,19.575774269976883
234.902732628553,14.524992308284174
234.91060364894668,26.374071124064002
234.91847466934033,3.257884574668265
234.926345689734,4.067958240684474
234.93421671012766,49.19878425027853
234.94208773052134,98.18166811448444
234.949958750915,21.220215442445202
234.95782977130867,6.122720265649411
234.96570079170232,7.7373364278378745
234.973571812096,10.09682913472845
234.98144283248968,58.85809285235969
234.98931385288333,56.94799587392371
234.997184873277,51.695172542199394
235.00505589367066,49.81024877952618
235.01292691406434,32.030608896239954
235.020797934458,124.4590785673147
235.02866895485167,3.272369359576034
235.03653997524532,4.241409863284654
235.044410995639,3.4465749964654955
235.05228201603265,15.637453442386617
235.06015303642633,11.165262215837664
235.06802405681998,0.42702390188592293
235.07589507721366,3.873850266011132
235.0837660976073,12.927966854975633
235.091637118001,1.9698504806585617
235.09950813839464,9.340624699678834
235.10737915878832,3.7650212998147885
235.11525017918197,12.984348464659725
235.12312119957565,47.76726365757292
235.1309922199693,26.898990490538118
235.13886324036298,65.94280393128024
235.14673426075663,32.76445962852566
235.1546052811503,1.2675283158234785
235.16247630154396,20.1755527077154
235.17034732193764,3.7882797884931336
235.1782183423313,6.195618388992309
235.18608936272497,12.713638321945277
235.19396038311862,7.263515839129813
235.2018314035123,5.110057858979913
235.20970242390595,0.2896757706646949
235.21757344429963,70.8127880879155
235.22544446469328,27.58478812610807
235.23331548508696,3.279901171715861
235.2411865054806,0.8403725154213216
235.2490575258743,9.266715805074615
235.25692854626794,15.454481605767386
235.26479956666162,57.05345254615599
235.27267058705527,45.57797235927474
235.28054160744895,3.1874219078848087
235.2884126278426,15.701377073302455
235.29628364823628,1.2065979692077817
235.30415466862993,20.182337056034232
235.3120256890236,110.35800534801008
235.3198967094173,9.844937925653964
235.32776772981094,72.1887486513099
235.33563875020462,91.95952774529295
235.34350977059827,15.965627713189743
235.35138079099195,22.724436049623357
235.3592518113856,222.8613709347503
235.36712283177928,88.47363657000204
235.37499385217293,2.2097345266633086
235.3828648725666,17.052118102735214
235.39073589296027,63.10206548482431
235.39860691335394,27.903366998266783
235.4064779337476,33.13478678689093
235.41434895414127,9.863599860579429
235.42221997453493,12.064116947467639
235.4300909949286,49.66787827623518
235.43796201532226,10.17228926640222
235.44583303571594,109.6989460899217
235.4537040561096,2.714198333591465
235.46157507650327,58.834127731194506
235.46944609689692,57.158421687251575
235.4773171172906,10.182839745196459
235.48518813768425,0.146606972098346
235.49305915807793,4.492544984828017
235.50093017847158,35.161546085502124
235.50880119886526,93.88001276955312
235.5166722192589,74.50927333962956
235.5245432396526,9.038843440738768
235.53241426004624,15.52341348674097
235.54028528043992,34.46482956699673
235.54815630083357,29.127233152013503
235.55602732122725,8.932769521937281
235.5638983416209,13.123992036808886
235.57176936201458,1.202839113618009
235.57964038240823,21.912027095560465
235.5875114028019,20.41314581938117
235.59538242319556,16.62647539255012
235.60325344358924,59.33797932625813
235.6111244639829,55.829553937034035
235.61899548437657,21.061253694184334
235.62686650477022,32.19738895294558
235.6347375251639,11.1109603777258
235.64260854555755,5.836470041222287
235.65047956595123,15.424369157746552
235.6583505863449,21.995337491821317
235.66622160673856,10.290159805146772
235.67409262713224,34.55225325760497
235.6819636475259,21.197285343059093
235.68983466791957,13.869477402281852
235.69770568831322,13.194998612844982
235.7055767087069,11.451373598649486
235.71344772910055,22.710893349877747
235.72131874949423,8.404370247338118
235.72918976988788,2.3475261781190304
235.73706079028156,1.6628395612213691
235.7449318106752,11.623025895089878
235.7528028310689,27.54144178104933
235.76067385146254,18.847287662931684
235.76854487185622,42.86618205380495
235.77641589224987,11.719820456025326
235.78428691264355,64.98058884744846
235.7921579330372,40.16647419569396
235.80002895343088,18.97669025295728
235.80789997382453,2.3163951908767966
235.8157709942182,1.845388128474681
235.82364201461186,40.29706187193732
235.83151303500554,20.410352517352198
235.8393840553992,57.66272738183497
235.84725507579287,43.316159891369026
235.85512609618652,19.451839223272863
235.8629971165802,3.837750234998668
235.87086813697385,10.166340965484359
235.87873915736753,4.290007248316832
235.88661017776118,98.82954835188522
235.89448119815486,1.8752637926015219
235.90235221854851,9.159558410081345
235.9102232389422,1.2529593069850473
235.91809425933585,42.12744393747078
235.92596527972952,22.862712558331445
235.93383630012318,31.86386380332202
235.94170732051685,82.36208557439359
235.9495783409105,31.84880327643963
235.95744936130419,6.936979136751991
235.96532038169784,22.625504860901152
235.97319140209152,38.1721829662498
235.98106242248517,31.63931512148026
235.98893344287885,17.11829002451179
235.99680446327253,10.758978371457896
236.00467548366618,3.8311000872654755
236.01254650405986,7.486544279636903
236.0204175244535,5.502756681357263
236.0282885448472,7.92561658057062
236.03615956524084,119.13385594900909
236.04403058563452,27.55190094150179
236.05190160602817,19.102099218238873
236.05977262642185,8.37456096840752
236.0676436468155,47.81545806127611
236.07551466720918,4.920705471059191
236.08338568760283,6.180334949342197
236.0912567079965,10.993787767311176
236.09912772839016,5.620134331521291
236.10699874878384,107.44855651408307
236.1148697691775,6.232191729769218
236.12274078957117,49.62067122339352
236.13061180996482,43.418683551598605
236.1384828303585,5.101690973662676
236.14635385075215,21.18651438290714
236.15422487114583,34.42242602940448
236.16209589153948,20.999447122785753
236.16996691193316,15.340739640665989
236.1778379323268,3.6301600777793004
236.1857089527205,16.362987058013534
236.19357997311414,46.16888020638602
236.20145099350782,82.71532939964797
236.20932201390147,36.357662091265055
236.21719303429515,12.726483752847344
236.2250640546888,117.02861249736225
236.23293507508248,2.4134068305872436
236.24080609547613,14.98696298985904
236.2486771158698,97.83968042000599
236.25654813626346,17.797379922086883
236.26441915665714,11.778649243584027
236.2722901770508,5.891369689878178
236.28016119744447,3.9960657491120757
236.28803221783812,40.26869959955946
236.2959032382318,24.412275891407994
236.30377425862545,11.85823309820508
236.31164527901913,73.6093808787591
236.31951629941278,15.185562963019615
236.32738731980646,8.637620317085544
236.33525834020014,14.566949961707943
236.3431293605938,13.92439061396305
236.35100038098747,4.006110708145939
236.35887140138112,18.848197214689673
236.3667424217748,1.6278649635321227
236.37461344216845,39.90074206122287
236.38248446256213,43.92457635634716
236.39035548295578,32.81702608871276
236.39822650334946,3.56782068001703
236.4060975237431,28.83604971593094
236.4139685441368,6.2101816573419635
236.42183956453044,9.543250229008015
236.42971058492412,12.325952120764669
236.43758160531777,37.99326222621358
236.44545262571145,8.846681213192346
236.4533236461051,2.7180729760852156
236.46119466649878,31.69012696808213
236.46906568689243,36.68979272996119
236.47693670728611,14.713747745199312
236.48480772767977,53.75589420689199
236.49267874807344,89.04668266925898
236.5005497684671,6.517978303498446
236.50842078886078,64.96661144819741
236.51629180925443,6.8749606097820655
236.5241628296481,74.37977443412785
236.53203385004176,69.64088659107
236.53990487043544,26.304518872676805
236.5477758908291,17.72840740884497
236.55564691122277,3.7992004223253932
236.56351793161642,0.9980185592137275
236.5713889520101,0.7103718591132605
236.57925997240375,6.097525039930421
236.58713099279743,18.218025077842643
236.59500201319108,1.2613891308882874
236.60287303358476,26.264336735904493
236.6107440539784,8.119989299232891
236.6186150743721,32.078446183178706
236.62648609476574,0.7006647483328293
236.63435711515942,159.5665686105264
236.64222813555307,20.26842255370019
236.65009915594675,16.995021674609532
236.65797017634043,22.971034829722335
236.66584119673408,6.7268823205673804
236.67371221712776,28.16328818599015
236.6815832375214,0.8080442305873786
236.6894542579151,16.429673029174236
236.69732527830874,106.40502204731804
236.70519629870242,23.129857092132895
236.71306731909607,2.019053917892176
236.72093833948975,6.82923890402578
236.7288093598834,18.518117349493455
236.73668038027708,11.172106941248632
236.74455140067073,103.03289029202627
236.7524224210644,18.10785134091116
236.76029344145806,67.60961218215634
236.76816446185174,22.31237021505661
236.7760354822454,21.43198484561743
236.78390650263907,85.44608589993861
236.79177752303272,14.572759200835746
236.7996485434264,7.208819308339615
236.80751956382005,0.4386521861310018
236.81539058421373,4.040492616220948
236.82326160460738,3.3353599698721497
236.83113262500106,3.2370806005374604
236.8390036453947,1.2792544980976621
236.8468746657884,12.959166903971994
236.85474568618204,15.881666541529146
236.86261670657572,0.22355819264773338
236.87048772696937,5.387410373740802
236.87835874736305,7.730831669655914
236.8862297677567,2.314871262554013
236.89410078815038,62.75417731006739
236.90197180854403,0.13427681016085202
236.9098428289377,17.081616356092802
236.91771384933136,12.622291817746444
236.92558486972504,5.992884095629597
236.9334558901187,1.757123548663451
236.94132691051237,86.25256971743696
236.94919793090602,15.388665357949954
236.9570689512997,13.099147071004094
236.96493997169335,61.045283195989875
236.97281099208703,7.757593123796725
236.98068201248068,20.982103966859192
236.98855303287436,30.37252926388781
236.99642405326804,3.912233061458661
237.0042950736617,3.7723672787564775
237.01216609405537,89.20938195708315
237.02003711444902,111.81023542803686
237.0279081348427,3.2378802454290567
237.03577915523636,80.26453824712782
237.04365017563003,51.25386104212055
237.05152119602369,18.487400140168493
237.05939221641736,3.496534395876408
237.06726323681102,34.85890804525914
237.0751342572047,7.6474926422526694
237.08300527759835,0.8326127394568453
237.09087629799203,50.54799561070306
237.09874731838568,67.21349837652271
237.10661833877936,29.643115742353974
237.114489359173,41.17793067855312
237.1223603795667,68.87587651702104
237.13023139996034,62.05937587080611
237.13810242035402,42.9000532923613
237.14597344074767,38.516421102211176
237.15384446114135,9.898688492428988
237.161715481535,86.02057414978775
237.16958650192868,66.53971437300848
237.17745752232233,28.173998426132314
237.185328542716,0.7334777504009572
237.19319956310966,14.250865766504855
237.20107058350334,9.544533968030146
237.208941603897,6.463867192837953
237.21681262429067,4.158606140148309
237.22468364468432,7.79210205906614
237.232554665078,10.256399619573033
237.24042568547165,43.24039712432999
237.24829670586533,6.463538483726071
237.25616772625898,19.31254208428276
237.26403874665266,19.548492992476707
237.2719097670463,50.57645236295858
237.27978078744,65.16459769640768
237.28765180783364,19.675245709843807
237.29552282822732,26.23690313927616
237.30339384862097,41.47725541943172
237.31126486901465,26.396349407014092
237.3191358894083,23.074442105057248
237.32700690980198,40.684340822495415
237.33487793019566,2.52357240953453
237.3427489505893,3.3850162145680054
237.350619970983,3.3933983901857077
237.35849099137664,4.574337500766699
237.36636201177032,28.96170799648906
237.37423303216397,34.7741881624145
237.38210405255765,4.821414020539336
237.3899750729513,24.042875897989795
237.39784609334498,41.55736795571282
237.40571711373863,15.069403074490657
237.4135881341323,26.93260048722321
237.42145915452596,8.972533950434768
237.42933017491964,6.402072608233561
237.4372011953133,8.68845476227748
237.44507221570697,11.930450334071327
237.45294323610062,23.68670440331244
237.4608142564943,59.80880038061104
237.46868527688795,100.10372744373451
237.47655629728163,22.84929964789046
237.48442731767528,1.588660578067777
237.49229833806896,18.06743306241184
237.5001693584626,126.13352928144896
237.5080403788563,24.85402842413587
237.51591139924994,65.23838028303318
237.52378241964362,51.01283890909309
237.53165344003727,86.13874608036556
237.53952446043095,16.782611674963867
237.5473954808246,5.660690723914187
237.55526650121828,0.4552827818116332
237.56313752161194,9.677917302966684
237.57100854200561,8.84552673852804
237.57887956239927,34.33015598574967
237.58675058279294,21.17582160593326
237.5946216031866,14.432293486351368
237.60249262358028,73.14426109641784
237.61036364397393,1.819651542277544
237.6182346643676,4.369518125921788
237.62610568476126,27.083575510065607
237.63397670515494,28.865539000795234
237.6418477255486,4.659117143894856
237.64971874594227,12.988040873718255
237.65758976633592,1.9381337274371702
237.6654607867296,4.220839125761984
237.67333180712328,74.24084744366888
237.68120282751693,161.26304645595002
237.6890738479106,94.37551812625087
237.69694486830426,26.19574865374204
237.70481588869794,41.17645506297936
237.7126869090916,21.818317482664437
237.72055792948527,105.20626990037297
237.72842894987892,72.19198403930466
237.7362999702726,0.6104164890564648
237.74417099066625,23.959976188497443
237.75204201105993,20.685243712907088
237.75991303145358,31.28253729718561
237.76778405184726,1.8621156176954676
237.7756550722409,1.7244638316192948
237.7835260926346,3.685357708912488
237.79139711302824,6.56179346470234
237.79926813342192,0.06204108860801971
237.80713915381557,48.216854716211266
237.81501017420925,10.748781946099946
237.8228811946029,8.910294857041892
237.83075221499658,10.200672311020133
237.83862323539023,39.24053413696233
237.8464942557839,75.94516174549888
237.85436527617756,10.766735563358635
237.86223629657124,3.1997805823188905
237.8701073169649,37.31827475773738
237.87797833735857,24.00121158286612
237.88584935775222,2.918006078446474
237.8937203781459,13.54491773891946
237.90159139853955,20.49871598168037
237.90946241893323,40.95603508989037
237.91733343932688,70.69667152243717
237.92520445972056,3.9207472822484424
237.9330754801142,6.217441519012564
237.9409465005079,78.84060217068006
237.94881752090154,21.50428600239112
237.95668854129522,47.55067026979311
237.96455956168887,4.541647924934484
237.97243058208255,23.55036257713914
237.9803016024762,8.41662983717209
237.98817262286988,1.0425350786703798
237.99604364326353,10.108386017840985
238.0039146636572,0.10004453673555802
238.0117856840509,10.739255837565889
238.01965670444454,16.012682497013824
238.02752772483822,93.4295958126626
238.03539874523187,4.763858027934647
238.04326976562555,8.093215488291916
238.0511407860192,4.519327447193038
238.05901180641288,0.36599644799422715
238.06688282680653,16.17898078309207
238.0747538472002,3.073621022933939
238.08262486759386,6.518073102638284
238.09049588798754,1.4169211656909007
238.0983669083812,3.7927116704892523
238.10623792877487,12.968958669830082
238.11410894916852,8.605255093386651
238.1219799695622,3.5002397618420145
238.12985098995586,2.3494350837187663
238.13772201034953,36.1443317700116
238.14559303074319,12.248117859739072
238.15346405113687,0.9196203861912957
238.16133507153052,15.692658012588666
238.1692060919242,27.093897990551937
238.17707711231785,0.020335176749059106
238.18494813271153,6.133494279669783
238.19281915310518,1.6335616166182085
238.20069017349886,6.134298503325806
238.2085611938925,55.53548364801985
238.2164322142862,5.264433250590573
238.22430323467984,2.8986592559865487
238.23217425507352,11.91247117699014
238.24004527546717,4.868216126990182
238.24791629586085,8.634103904849246
238.2557873162545,34.8572786667898
238.26365833664818,55.653723550212824
238.27152935704183,37.654153925247776
238.2794003774355,87.10216433615543
238.28727139782916,27.41371840332451
238.29514241822284,11.782199474142635
238.3030134386165,1.8495305712333294
238.31088445901017,182.773997430928
238.31875547940382,23.79981932422537
238.3266264997975,29.54649684209328
238.33449752019115,14.759919054477724
238.34236854058483,21.586851694497902
238.3502395609785,71.43801369798749
238.35811058137216,3.1832012107893006
238.36598160176584,45.097066503592835
238.3738526221595,27.553992852883354
238.38172364255317,21.463172717411872
238.38959466294682,39.79908627697992
238.3974656833405,40.11711049308393
238.40533670373415,1.527263409943806
238.41320772412783,5.895067322422747
238.42107874452148,79.90701655173223
238.42894976491516,1.8143237872998792
238.4368207853088,3.1143709680582363
238.4446918057025,7.358065788551788
238.45256282609614,13.299265148900401
238.46043384648982,21.197243267851295
238.46830486688347,16.869460194517362
238.47617588727715,6.809159667132086
238.4840469076708,9.041342263771629
238.49191792806448,12.624426749518578
238.49978894845813,9.008928755265325
238.5076599688518,4.70178291644525
238.51553098924546,58.451314600221906
238.52340200963914,71.6329707158027
238.5312730300328,36.89425704980445
238.53914405042647,13.825166464719498
238.54701507082012,0.3415209965486269
238.5548860912138,5.2963789175330716
238.56275711160745,27.96837538449238
238.57062813200113,40.024514244230645
238.57849915239478,30.252629646935837
238.58637017278846,4.81453485343727
238.5942411931821,0.4205367124391302
238.6021122135758,11.327985166779335
238.60998323396944,12.272350868530834
238.61785425436312,36.30119771608177
238.62572527475677,25.68947540666038
238.63359629515045,17.378167447725385
238.6414673155441,31.927607903772703
238.64933833593778,4.5726552541104954
238.65720935633144,3.788379016383274
238.66508037672511,23.14370369027436
238.67295139711877,18.43893231547141
238.68082241751245,114.50064652701002
238.68869343790612,6.1516385957049
238.69656445829978,0.841175230487144
238.70443547869345,9.575389060480447
238.7123064990871,44.41395720037591
238.72017751948079,1.164828843335269
238.72804853987444,3.8420496223930067
238.73591956026812,12.005881926732698
238.74379058066177,2.7278749980180823
238.75166160105545,6.50508735964072
238.7595326214491,0.8299811602209559
238.76740364184278,10.644817553931464
238.77527466223643,29.687478496454982
238.7831456826301,50.28768176631366
238.79101670302376,24.56749354153699
238.79888772341744,22.1863435814741
238.8067587438111,6.567715746685768
238.81462976420477,18.812151958651405
238.82250078459842,52.169292490664255
238.8303718049921,37.367171820732345
238.83824282538575,44.885783442052144
238.84611384577943,8.35251100212361
238.85398486617308,17.8661510257179
238.86185588656676,22.771872636868892
238.8697269069604,98.24108634600147
238.8775979273541,14.606583342491984
238.88546894774774,29.058761261824724
238.89333996814142,15.486392875537067
238.90121098853507,28.49476496784468
238.90908200892875,9.623260970095112
238.9169530293224,89.3266852039867
238.92482404971608,51.223591613848484
238.93269507010973,212.91713936102127
238.9405660905034,27.26313373616622
238.94843711089706,44.272831321250095
238.95630813129074,38.04362634494199
238.9641791516844,44.062452969022296
238.97205017207807,14.34321921479513
238.97992119247172,1.2560891645617576
238.9877922128654,24.957049927488992
238.99566323325905,13.922539090391474
239.00353425365273,11.53275196280052
239.01140527404638,11.221909804986396
239.01927629444006,20.199963124046125
239.02714731483374,17.72778595824969
239.0350183352274,5.148355425129319
239.04288935562107,42.13491118493759
239.05076037601472,23.32924554085122
239.0586313964084,47.57926063406967
239.06650241680205,32.09754048719802
239.07437343719573,3.456889325306544
239.08224445758938,16.065460201023622
239.09011547798306,32.86018565206205
239.0979864983767,53.94973922302108
239.1058575187704,24.029208004854503
239.11372853916404,84.43847097221989
239.12159955955772,13.794026042086784
239.12947057995137,31.26303389604461
239.13734160034505,13.17487240669803
239.1452126207387,0.20333864790863776
239.15308364113238,5.235583448224061
239.16095466152603,8.679107632987545
239.1688256819197,6.735659351797079
239.17669670231336,18.011567829813057
239.18456772270704,62.87687001964045
239.1924387431007,12.090482701495967
239.20030976349437,2.5645064232559283
239.20818078388803,1.093051896482336
239.2160518042817,8.122787884284921
239.22392282467536,8.173501059848565
239.23179384506903,31.709299066553914
239.2396648654627,66.28332350331549
239.24753588585637,10.897626686601896
239.25540690625002,7.954814571887433
239.2632779266437,0.6758048334317355
239.27114894703735,16.6833961434407
239.27901996743103,54.94131724560978
239.28689098782468,5.6315813802257795
239.29476200821836,52.943763410301614
239.302633028612,24.704734574759986
239.3105040490057,16.24523263120498
239.31837506939934,11.593531804834347
239.32624608979302,8.860830147043893
239.33411711018667,140.77622848254623
239.34198813058035,28.35316362800687
239.349859150974,16.38414961393717
239.35773017136768,3.2867611079190753
239.36560119176136,45.75857496811719
239.373472212155,9.99552473772215
239.3813432325487,47.56666191302114
239.38921425294234,10.343909488718674
239.39708527333602,38.33966018947978
239.40495629372967,14.472573683611369
239.41282731412335,0.9300454053127993
239.420698334517,21.905938938085708
239.42856935491068,68.46276013105016
239.43644037530433,96.61667562889764
239.444311395698,33.80197964876625
239.45218241609166,16.12451582216389
239.46005343648534,48.163083010813246
239.467924456879,1.7751303646408547
239.47579547727267,10.677292270431899
239.48366649766632,59.27474847686615
239.49153751806,47.72911672328887
239.49940853845365,42.43847120372164
239.50727955884733,71.12532245545144
239.51515057924098,8.522405847801652
239.52302159963466,36.11024279258637
239.5308926200283,14.736069494072158
239.538763640422,2.8159090728048315
239.54663466081564,15.825852624538632
239.55450568120932,18.66050131642399
239.56237670160297,20.033982567268197
239.57024772199665,11.276363896680763
239.5781187423903,19.60951773579601
239.58598976278398,23.712598888839135
239.59386078317763,13.792465931762399
239.6017318035713,7.252843485693518
239.60960282396496,1.848030007123055
239.61747384435864,1.3157270128604994
239.6253448647523,2.8745503293405537
239.63321588514597,105.30095087584036
239.64108690553962,2.459396161978446
239.6489579259333,4.66591637475686
239.65682894632695,5.370563423462507
239.66469996672063,140.2168140854363
239.67257098711428,150.81639319765634
239.68044200750796,28.793992188829982
239.68831302790161,24.414542825442073
239.6961840482953,7.701956512502767
239.70405506868897,13.572819126246394
239.71192608908262,8.067426920239571
239.7197971094763,5.0573634258584965
239.72766812986995,17.112512839145577
239.73553915026363,90.82346722476154
239.74341017065728,2.7595083885364957
239.75128119105096,1.5568398853055327
239.75915221144461,0.0001810964646880806
239.7670232318383,53.72065078406402
239.77489425223195,41.2311520794655
239.78276527262562,8.798050866102283
239.79063629301928,1.4356120828404233
239.79850731341295,30.99198778111847
239.8063783338066,3.6512167011933787
239.81424935420029,3.360679209526388
239.82212037459394,4.028262011637604
239.82999139498762,14.978653947800503
239.83786241538127,15.174132063414328
239.84573343577495,23.828334624799464
239.8536044561686,41.2577677640375
239.86147547656228,82.82086414403585
239.86934649695593,48.259478885709036
239.8772175173496,7.360588978295521
239.88508853774326,14.04403141580029
239.89295955813694,11.343596529826835
239.9008305785306,4.500004194455037
239.90870159892427,34.09938349728554
239.91657261931792,7.892568455286892
239.9244436397116,19.56044964470216
239.93231466010525,5.906622035757304
239.94018568049893,141.86465765141125
239.94805670089258,38.45774166121042
239.95592772128626,18.104388311559642
239.9637987416799,12.330184939709556
239.9716697620736,24.560243617875248
239.97954078246724,72.60075382552978
239.98741180286092,54.96579585321183
239.99528282325457,220.31509254351033
240.00315384364825,5.669209460385721
240.0110248640419,1.9669022052554017
240.01889588443558,20.232107921861203
240.02676690482923,4.223106919456201
240.0346379252229,40.979639754792395
240.0425089456166,3.8408452678148506
240.05037996601024,17.508319075725527
240.05825098640392,6.962619914649845
240.06612200679757,27.63586284623325
240.07399302719125,12.426212985300593
240.0818640475849,25.985247833581433
240.08973506797858,9.29461038201153
240.09760608837223,63.85596269491703
240.1054771087659,28.48835672412938
240.11334812915956,204.26020218456796
240.12121914955324,21.020800882191985
240.1290901699469,103.19212085449459
240.13696119034057,10.347755471345064
240.14483221073422,85.718680880373
240.1527032311279,50.15390837792602
240.16057425152155,125.08126897235668
240.16844527191523,3.4810310663304267
240.17631629230888,0.6392653177102678
240.18418731270256,42.082591153868435
240.1920583330962,60.30472500496862
240.1999293534899,35.124057919443665
240.20780037388354,4.675841516124726
240.21567139427722,7.634135304295658
240.22354241467087,36.784583217247246
240.23141343506455,53.56136983722478
240.2392844554582,18.813714672547647
240.24715547585188,26.30397302030757
240.25502649624553,93.82099226347717
240.2628975166392,37.2900785299761
240.27076853703286,19.08202729927097
240.27863955742654,125.04384527437772
240.2865105778202,2.325321170035117
240.29438159821387,122.5829458421845
240.30225261860753,76.59849424049486
240.3101236390012,50.854315939012466
240.31799465939486,79.46912653746635
240.32586567978854,5.359637704893953
240.3337367001822,5.482504766407628
240.34160772057587,19.63009221631309
240.34947874096952,4.788451381258669
240.3573497613632,28.55050828788938
240.36522078175685,3.1124331256662643
240.37309180215053,56.21781047903869
240.3809628225442,30.695692519428704
240.38883384293786,16.019226108222153
240.39670486333154,2.8233886847903222
240.4045758837252,4.150624479053771
240.41244690411887,27.66736460163988
240.42031792451252,2.26005786357984
240.4281889449062,37.89096283338478
240.43605996529985,11.971932225533626
240.44393098569353,0.03556034721405002
240.45180200608718,7.562798277630202
240.45967302648086,5.065539300099069
240.4675440468745,12.094438877139009
240.4754150672682,6.793325573613541
240.48328608766184,19.170927265552987
240.49115710805552,33.547331046547264
240.49902812844917,2.575820989530454
240.50689914884285,63.76707314390962
240.5147701692365,0.6795757170689533
240.52264118963018,1.146679979897126
240.53051221002383,0.9811918242803096
240.5383832304175,20.270696609581314
240.54625425081116,4.133696097937443
240.55412527120484,1.836204610811129
240.5619962915985,14.057231062112294
240.56986731199217,4.027014423492598
240.57773833238582,25.66570133061052
240.5856093527795,13.416186701046895
240.59348037317315,3.3905236080512626
240.60135139356683,19.345518545615164
240.60922241396048,0.8032778384811043
240.61709343435416,19.870999891641198
240.6249644547478,14.860387568060844
240.6328354751415,139.1756182056983
240.64070649553514,15.270288451277608
240.64857751592882,31.520916245058615
240.65644853632247,5.925653307455466
240.66431955671615,43.00544565205954
240.6721905771098,2.237450551851704
240.68006159750348,3.8442106236925673
240.68793261789713,22.343597847414518
240.6958036382908,63.31911761667582
240.70367465868446,2.2341531607764806
240.71154567907814,6.455029151365896
240.71941669947182,2.493204268463228
240.72728771986547,2.0076720100073713
240.73515874025915,4.182623280889134
240.7430297606528,2.804579601233392
240.75090078104648,5.128976959270616
240.75877180144013,9.182641611657523
240.7666428218338,4.699764905707885
240.77451384222746,7.87371293417588
240.78238486262114,0.11907197259652023
240.7902558830148,4.300578464124273
240.79812690340847,1.375717355701576
240.80599792380212,8.09383589378942
240.8138689441958,52.26769595881745
240.82173996458945,5.6477908476963
240.82961098498313,9.68690688177389
240.83748200537678,9.422630460080123
240.84535302577046,14.663307052823924
240.85322404616412,24.68438432927223
240.8610950665578,58.08160516586775
240.86896608695145,6.319054705752569
240.87683710734512,39.95864845739002
240.88470812773878,48.9053504951848
240.89257914813246,22.872252936791604
240.9004501685261,6.041777133690986
240.90832118891979,157.87654235030314
240.91619220931344,0.6161469700642024
240.92406322970712,164.4951007850602
240.93193425010077,3.3698744345203138
240.93980527049445,17.15593282630564
240.9476762908881,6.152036322941485
240.95554731128178,19.604562684862127
240.96341833167543,1.266387908448031
240.9712893520691,58.66405277703866
240.97916037246276,8.898069401974956
240.98703139285644,16.942533095983897
240.9949024132501,94.33537096710772
241.00277343364377,34.679698738341756
241.01064445403742,20.96291983510263
241.0185154744311,0.4458740050604418
241.02638649482475,0.6076564268109395
241.03425751521843,0.5062867401243513
241.04212853561208,63.334727628039914
241.04999955600576,30.11208552648144
241.05787057639944,29.140608271014663
241.0657415967931,175.53232269676033
241.07361261718677,8.047908038701259
241.08148363758042,13.747639694258245
241.0893546579741,46.90207668964456
241.09722567836775,15.032331735890553
241.10509669876143,12.247784225245706
241.11296771915508,10.651594494872755
241.12083873954876,27.208611023382268
241.1287097599424,93.60784690827427
241.1365807803361,55.64933577076444
241.14445180072974,11.321099778548819
241.15232282112342,28.148072348018562
241.16019384151707,0.35534668516372653
241.16806486191075,1.7603294728861758
241.1759358823044,50.99231550414927
241.18380690269808,13.380246331792913
241.19167792309173,21.488069214781437
241.1995489434854,3.904134817815489
241.20741996387906,7.195196001626465
241.21529098427274,66.01130018760261
241.2231620046664,43.997895715682894
241.23103302506007,36.75747223017877
241.23890404545372,35.40878090999575
241.2467750658474,95.98347415307799
241.25464608624105,1.9434461394155116
241.26251710663473,25.487117528909973
241.27038812702838,28.304644745321205
241.27825914742206,8.038768762440508
241.2861301678157,30.625184936499124
241.2940011882094,48.45993762272881
241.30187220860304,23.77802892320593
241.30974322899672,39.72942947842307
241.31761424939037,45.52410970479225
241.32548526978405,8.050402785568796
241.3333562901777,7.558269028065591
241.34122731057138,0.18381170684702205
241.34909833096503,2.8166427997528016
241.3569693513587,1.896116887113984
241.36484037175236,43.18273826092674
241.37271139214604,2.9883130626303553
241.3805824125397,3.7188411316275736
241.38845343293337,11.420139836096078
241.39632445332705,11.627261944073219
241.4041954737207,16.104039358579783
241.41206649411438,31.074985251080527
241.41993751450804,31.634661862220174
241.42780853490171,29.46555021623606
241.43567955529537,33.35326251122618
241.44355057568904,43.78964508846018
241.4514215960827,20.71545548058552
241.45929261647638,9.300475851727706
241.46716363687003,29.66989746650683
241.4750346572637,22.582949224612268
241.48290567765736,44.202718405188826
241.49077669805104,35.356073175639025
241.4986477184447,17.344600338780527
241.50651873883837,74.3943192218204
241.51438975923202,5.331664327636163
241.5222607796257,8.828462176745443
241.53013180001935,20.065050020713347
241.53800282041303,174.13009419862357
241.54587384080668,72.15597295954441
241.55374486120036,40.43188758510897
241.561615881594,65.40711696529746
241.5694869019877,13.630404163799412
241.57735792238134,15.25623334211374
241.58522894277502,108.34113975461543
241.59309996316867,21.190745004960426
241.60097098356235,49.159514239071534
241.608842003956,30.15740469029968
241.61671302434968,3.2144978214989286
241.62458404474333,18.66862441199989
241.632455065137,31.904412101959835
241.64032608553066,4.164329015137226
241.64819710592434,97.35322271664062
241.656068126318,32.04625133880225
241.66393914671167,29.010498960928345
241.67181016710532,60.5524414019607
241.679681187499,8.881530028253867
241.68755220789265,15.112461676555979
241.69542322828633,75.80415308603615
241.70329424867998,19.606374895067447
241.71116526907366,70.05216225968422
241.7190362894673,20.226691805491495
241.726907309861,4.095591416476756
241.73477833025467,22.407278262384622
241.74264935064832,5.604720763944673
241.750520371042,3.557669150241302
241.75839139143565,3.199190783124603
241.76626241182933,21.5664422884196
241.77413343222298,63.93779088767017
241.78200445261666,50.8828333502421
241.7898754730103,5.836739492100593
241.797746493404,15.271040852831884
241.80561751379764,77.95647559742926
241.81348853419132,72.80117590181891
241.82135955458497,15.979650168567403
241.82923057497865,71.37666013932498
241.8371015953723,5.583413857268891
241.84497261576598,35.827342643057065
241.85284363615963,42.00690550033222
241.8607146565533,8.881637857063927
241.86858567694696,94.87993429506061
241.87645669734064,36.200590637027986
241.8843277177343,2.8653522648954044
241.89219873812797,1.2383941499454498
241.90006975852162,40.79642288037607
241.9079407789153,29.883426209626705
241.91581179930895,2.7287093566765424
241.92368281970263,64.18932244242023
241.93155384009629,18.844810602221663
241.93942486048996,41.738374803742865
241.94729588088362,3.663258259372191
241.9551669012773,0.35299937630882966
241.96303792167095,5.549930641543809
241.97090894206463,19.600672656628685
241.97877996245828,27.104411807962897
241.98665098285196,6.832994880730893
241.9945220032456,0.521605888429646
242.00239302363929,9.235943674517499
242.01026404403294,3.147002887657135
242.01813506442662,2.60877523808993
242.02600608482027,12.869446855694797
242.03387710521395,79.38234998796595
242.0417481256076,44.83423628917473
242.04961914600128,3.132665759030631
242.05749016639493,17.030781117006214
242.0653611867886,44.39123747015129
242.0732322071823,2.4106698777472038
242.08110322757594,14.092207655115716
242.08897424796962,7.5771410144713
242.09684526836327,6.75082996864928
242.10471628875695,3.275097479733498
242.1125873091506,20.95729288170904
242.12045832954428,9.526668623117036
242.12832934993793,15.301414516715335
242.1362003703316,3.554315757536204
242.14407139072526,2.5453400458596525
242.15194241111894,22.679575465463923
242.1598134315126,3.7451265866143326
242.16768445190627,25.71074864059345
242.17555547229992,16.130547982908066
242.1834264926936,0.0721189394075803
242.19129751308725,25.891089900962996
242.19916853348093,2.188367372853013
242.20703955387458,11.653853333745351
242.21491057426826,9.438511215977712
242.2227815946619,40.629732361576494
242.2306526150556,14.819321843516551
242.23852363544924,9.38567775373833
242.24639465584292,0.7639987012548204
242.25426567623657,1.392572608903047
242.26213669663025,17.03958567090389
242.2700077170239,10.761422051980068
242.27787873741758,32.34029833727638
242.28574975781123,13.915206359886648
242.2936207782049,5.162026905513561
242.30149179859856,18.08135713663648
242.30936281899224,49.12955279644563
242.3172338393859,13.795303800651537
242.32510485977957,36.217355643597124
242.33297588017322,28.62852430563876
242.3408469005669,36.18249512236572
242.34871792096055,1.5909061056723452
242.35658894135423,4.625799888402648
242.36445996174788,30.518584530963953
242.37233098214156,123.2586217400161
242.3802020025352,0.08655234515685321
242.3880730229289,3.3152120226883985
242.39594404332254,14.567585631088946
242.40381506371622,38.0124103020751
242.4116860841099,67.05335123457833
242.41955710450355,22.236780627256852
242.42742812489723,112.32308547243181
242.43529914529088,97.13336219635902
242.44317016568456,47.817711495785495
242.4510411860782,43.531946223052664
242.4589122064719,10.851735213917765
242.46678322686554,99.913148322948
242.47465424725922,0.05885585943955915
242.48252526765287,31.47214316139771
242.49039628804655,14.448132237042113
242.4982673084402,5.0726981503375965
242.50613832883388,11.518500617991347
242.51400934922754,109.90383696308359
242.52188036962121,37.197316615458355
242.52975139001487,9.307420009448728
242.53762241040855,6.601014442237702
242.5454934308022,61.165149553292416
242.55336445119588,13.347460332731597
242.56123547158953,5.742827001048799
242.5691064919832,6.886367954139269
242.57697751237686,5.685519358892896
242.58484853277054,102.60624388489116
242.5927195531642,0.5424550135710285
242.60059057355787,34.02287459596493
242.60846159395152,26.640608365190282
242.6163326143452,12.078957647935807
242.62420363473885,36.992301242365045
242.63207465513253,255.55525892686617
242.63994567552618,153.30655046314615
242.64781669591986,57.42027484691381
242.6556877163135,9.411785616733535
242.6635587367072,93.03752185602201
242.67142975710084,5.272111215832434
242.67930077749452,6.034703195413296
242.68717179788817,5.58998940847909
242.69504281828185,2.6001353468056227
242.7029138386755,3.2590247116452735
242.71078485906918,9.607549747995254
242.71865587946283,39.19291188479356
242.7265268998565,1.9128616692930986
242.7343979202502,17.36834564706678
242.74226894064384,7.657230970824346
242.75013996103752,39.88420105983402
242.75801098143117,42.68742663315438
242.76588200182485,6.334286581562554
242.7737530222185,24.52964860996185
242.78162404261218,5.162674744743142
242.78949506300583,14.372929127372508
242.7973660833995,61.0905174328755
242.80523710379316,11.31304334111675
242.81310812418684,38.869950171969556
242.8209791445805,16.814119908453435
242.82885016497417,124.0148574505103
242.83672118536782,0.6589348510956221
242.8445922057615,13.129149112333241
242.85246322615515,27.052371123080622
242.86033424654883,6.806804020486163
242.86820526694248,0.2601834767366467
242.87607628733616,23.290395233862565
242.8839473077298,17.170520410538124
242.8918183281235,59.23815631133632
242.89968934851714,49.63793084941698
242.90756036891082,90.46811406269686
242.91543138930447,23.198048760259358
242.92330240969815,5.082046436868909
242.9311734300918,40.17295991338619
242.93904445048548,73.64022160923643
242.94691547087913,11.704359911251053
242.9547864912728,17.64889037915414
242.96265751166646,6.0476221090518925
242.97052853206014,4.716363681835863
242.9783995524538,10.002853288255865
242.98627057284747,1.2746715672774434
242.99414159324112,0.45455708140677037
243.0020126136348,95.0436480380314
243.00988363402845,13.637107789804487
243.01775465442213,45.60082623469858
243.02562567481579,32.527702317253585
243.03349669520946,185.07278835254755
243.04136771560312,0.034557443437794745
243.0492387359968,5.340099896156022
243.05710975639045,2.856792682455586
243.06498077678413,5.461359994412631
243.0728517971778,35.79152585185395
243.08072281757146,6.021246816885452
243.08859383796513,98.47374503687915
243.0964648583588,22.570675677080693
243.10433587875247,46.348800917248326
243.11220689914612,14.65241031693528
243.1200779195398,11.476128301878832
243.12794893993345,11.400999306849798
243.13581996032713,52.1674835567579
243.14369098072078,9.22536905303493
243.15156200111446,178.30190213133525
243.1594330215081,32.13641948567106
243.1673040419018,22.184780390450417
243.17517506229544,1.5808564011756776
243.18304608268912,59.01547229533141
243.19091710308277,3.424637713841252
243.19878812347645,2.6976643910523084
243.2066591438701,10.58308363077816
243.21453016426378,5.41662205183106
243.22240118465743,0.3543404151301787
243.2302722050511,5.091627290934566
243.23814322544476,18.259728301852164
243.24601424583844,12.420510257915659
243.2538852662321,13.076888396788888
243.26175628662577,28.706020836130975
243.26962730701942,10.926533404003692
243.2774983274131,77.68690274581068
243.28536934780675,60.23765915806727
243.29324036820043,17.1176321858161
243.30111138859408,1.009665447953351
243.30898240898776,5.835889267420144
243.3168534293814,49.827329588063755
243.3247244497751,17.44443850469987
243.33259547016874,28.881165880514114
243.34046649056242,24.24578419904656
243.34833751095607,19.04709066787028
243.35620853134975,53.644754676054816
243.3640795517434,21.501700859270763
243.37195057213708,7.533589785179521
243.37982159253073,15.000335042455049
243.3876926129244,85.77028172274859
243.39556363331806,27.51141007910311
243.40343465371174,63.78402378995114
243.41130567410542,25.1746238406397
243.41917669449907,84.58976525497964
243.42704771489275,108.75306317634373
243.4349187352864,88.01786375320783
243.44278975568008,6.291097439444761
243.45066077607373,16.111751793116262
243.4585317964674,16.932693368611982
243.46640281686106,1.2234057464710626
243.47427383725474,24.258888321896055
243.4821448576484,44.38191191542272
243.49001587804207,38.06739861909021
243.49788689843572,2.0565055042378537
243.5057579188294,2.423187016954649
243.51362893922305,45.57135401377759
243.52149995961673,28.81976134991942
243.52937098001038,10.224631684474451
243.53724200040406,7.955157911089868
243.54511302079771,95.56136837179783
243.5529840411914,33.348465198679925
243.56085506158504,30.82056870197325
243.56872608197872,3.1843896435806776
243.57659710237238,5.406689341461662
243.58446812276605,17.51267209095495
243.5923391431597,29.12499831513326
243.60021016355338,67.9737560870993
243.60808118394704,23.620904336490856
243.61595220434072,19.414741651832237
243.62382322473437,28.517948128662475
243.63169424512805,61.033764197186
243.6395652655217,42.41569934574583
243.64743628591538,22.201550095637476
243.65530730630903,8.637420211247917
243.6631783267027,2.4809339887026005
243.67104934709636,3.5740659164648108
243.67892036749004,25.738492998619193
243.6867913878837,1.2536383206240205
243.69466240827737,67.62314964895985
243.70253342867102,34.81252768264782
243.7104044490647,1.681171741582066
243.71827546945835,0.6856372326378816
243.72614648985203,3.858526263011205
243.73401751024568,4.1176917070557835
243.74188853063936,4.2219814202307315
243.74975955103304,30.856516400898226
243.7576305714267,3.2704013111026566
243.76550159182037,3.76291462596583
243.77337261221402,4.318954822936205
243.7812436326077,1.8470514115065821
243.78911465300135,1.0891219588089072
243.79698567339503,21.63127246731895
243.80485669378868,4.466871264225166
243.81272771418236,8.892720827990185
243.820598734576,105.60002434410144
243.8284697549697,27.309337029225844
243.83634077536334,32.779602855891575
243.84421179575702,83.73349925886264
243.85208281615067,14.88355793069283
243.85995383654435,111.71296992232149
243.867824856938,30.27124712038464
243.87569587733168,42.793126075042515
243.88356689772533,62.510955958851014
243.891437918119,16.29115646316459
243.89930893851266,17.2959178334301
243.90717995890634,9.013740639907356
243.9150509793,34.258098574786004
243.92292199969367,8.895010675361043
243.93079302008732,4.307225164289387
243.938664040481,53.29154422314018
243.94653506087465,28.82175749049073
243.95440608126833,3.45868519969694
243.96227710166198,2.3395966030506328
243.97014812205566,10.313891292143222
243.9780191424493,38.563599246267096
243.985890162843,46.1158970228304
243.99376118323664,28.254202037162653
244.00163220363032,9.18994667012135
244.00950322402397,45.113070662438496
244.01737424441765,0.13025432472708207
244.0252452648113,19.398785021183922
244.03311628520498,19.405185793263414
244.04098730559863,16.11728874880184
244.0488583259923,6.883163201385689
244.05672934638596,13.574445057551854
244.06460036677964,4.81471278927983
244.0724713871733,36.43562139067124
244.08034240756697,37.90282852007263
244.08821342796065,25.59060685013669
244.0960844483543,104.33360875460019
244.10395546874798,6.069326184212947
244.11182648914163,24.06948511520755
244.1196975095353,1.3936803021910842
244.12756852992896,8.105869275730688
244.13543955032264,1.9331224905878157
244.1433105707163,14.338921225526615
244.15118159110997,3.9470638345885454
244.15905261150363,63.09425641534692
244.1669236318973,22.615312319001337
244.17479465229096,13.864543470895699
244.18266567268464,63.90898418283623
244.1905366930783,65.34141594845585
244.19840771347197,48.75071416801042
244.20627873386562,16.18519507193602
244.2141497542593,33.32232832088241
244.22202077465295,62.0182508471149
244.22989179504663,5.596604428275649
244.23776281544028,52.45646511062135
244.24563383583396,29.766386299377896
244.2535048562276,21.095698026204794
244.2613758766213,16.0714698212983
244.26924689701494,11.87984773522494
244.27711791740862,21.38842141177189
244.28498893780227,3.8283883905475977
244.29285995819595,0.832562943572642
244.3007309785896,17.281202543961825
244.30860199898328,57.75735847360544
244.31647301937693,3.831066944695668
244.3243440397706,14.987822143135613
244.33221506016426,51.341554905064115
244.34008608055794,0.06519757037642952
244.3479571009516,0.8004782596596853
244.35582812134527,20.349017097357912
244.36369914173892,2.2339618568454482
244.3715701621326,51.069124035841774
244.37944118252625,37.93345311357176
244.38731220291993,9.709377219178904
244.39518322331358,38.0861627297772
244.40305424370726,4.639501379960657
244.4109252641009,40.66334181879831
244.4187962844946,24.80116063543889
244.42666730488827,47.10385580317274
244.43453832528192,130.19771229123043
244.4424093456756,44.025563235559716
244.45028036606925,51.77611748917987
244.45815138646293,63.020266411457555
244.46602240685658,2.1469703118433308
244.47389342725026,13.625826108185434
244.4817644476439,3.5677460124973686
244.4896354680376,5.888229700277607
244.49750648843124,8.46785467967953
244.50537750882492,12.004237450898202
244.51324852921857,22.426980022448582
244.52111954961225,2.6525948272900353
244.5289905700059,3.635037404615609
244.53686159039958,178.57711712018263
244.54473261079323,7.096906415599116
244.5526036311869,36.493269977375924
244.56047465158056,2.1798493103264565
244.56834567197424,26.633799680404525
244.5762166923679,8.073842974791104
244.58408771276157,1.4903363908875087
244.59195873315522,1.04531771040597
244.5998297535489,24.914446274580406
244.60770077394255,1.3037349868357482
244.61557179433623,11.997612715773624
244.62344281472988,5.515714819598976
244.63131383512356,9.5674618653328
244.63918485551721,2.9393134753760335
244.6470558759109,28.758695593608138
244.65492689630454,6.984883169676673
244.66279791669822,8.805338196957315
244.67066893709188,4.089576080764358
244.67853995748555,9.808087672332688
244.6864109778792,25.02130296320171
244.69428199827288,2.149519322303942
244.70215301866654,8.940910903845392
244.71002403906022,0.9275798418201565
244.71789505945387,5.109808455344171
244.72576607984755,10.236367483878984
244.7336371002412,1.7458104279650044
244.74150812063488,5.250433605858927
244.74937914102853,9.373228779181986
244.7572501614222,10.41708105776269
244.76512118181589,1.3663649659305528
244.77299220220954,17.339427674550528
244.78086322260322,117.64929593312928
244.78873424299687,10.105978028888702
244.79660526339055,2.910845987523773
244.8044762837842,4.2524626858369245
244.81234730417788,81.81829283983775
244.82021832457153,29.45035597365259
244.8280893449652,11.279929679234685
244.83596036535886,1.5533817848873626
244.84383138575254,128.59518517478395
244.8517024061462,139.27605709729104
244.85957342653987,33.39359827448358
244.86744444693352,15.06266901333991
244.8753154673272,10.782776579111454
244.88318648772085,12.835824738459566
244.89105750811453,12.680117063117809
244.89892852850818,81.43926505012294
244.90679954890186,25.7351676921076
244.9146705692955,68.72100475065163
244.9225415896892,32.41230698344771
244.93041261008284,15.70853148545921
244.93828363047652,5.905098811067736
244.94615465087017,18.242921901466207
244.95402567126385,21.21241835477666
244.9618966916575,65.84705142369646
244.96976771205118,13.026650390748518
244.97763873244483,102.81196265918908
244.9855097528385,1.3657512526710174
244.99338077323216,12.753422942583368
245.00125179362584,24.082869273550266
245.0091228140195,90.28894027568961
245.01699383441317,2.9379321318964418
245.02486485480682,1.4847598509880127
245.0327358752005,17.04494118899045
245.04060689559415,9.913134003059987
245.04847791598783,4.617553122773316
245.05634893638148,8.904183826885305
245.06421995677516,14.533505819898515
245.0720909771688,8.718430708310917
245.0799619975625,61.90630862838613
245.08783301795614,29.414856510502833
245.09570403834982,42.55350422573957
245.1035750587435,120.50847776933287
245.11144607913715,12.297730113442451
245.11931709953083,26.63864292267232
245.12718811992448,183.9172880312712
245.13505914031816,2.380452167336776
245.1429301607118,19.68872312804605
245.1508011811055,39.05741548510438
245.15867220149914,28.199410525576535
245.16654322189282,2.465961158992012
245.17441424228647,34.23460050105686
245.18228526268015,2.52095568338217
245.1901562830738,274.59748039171984
245.19802730346748,2.9014031040981743
245.20589832386113,8.241803948392599
245.2137693442548,45.7109180828437
245.22164036464847,61.09704020660463
245.22951138504214,34.84029782068495
245.2373824054358,2.8745800728137474
245.24525342582947,5.0996249273288425
245.25312444622313,11.202920361039606
245.2609954666168,20.14925749111691
245.26886648701046,13.184497471526957
245.27673750740414,5.778301354177566
245.2846085277978,54.78237701903814
245.29247954819147,38.11099431684055
245.30035056858512,21.599499988361075
245.3082215889788,38.426915418023746
245.31609260937245,37.89728715745867
245.32396362976613,21.363110206024814
245.33183465015978,14.637886461574329
245.33970567055346,66.52944853762192
245.3475766909471,17.555334552060383
245.3554477113408,2.9638826348302265
245.36331873173444,21.372641860637334
245.37118975212812,1.6362162904149526
245.37906077252177,28.841562206371993
245.38693179291545,137.75121476656506
245.3948028133091,78.84030839538464
245.40267383370278,25.85052763027567
245.41054485409643,2.9439105210405354
245.4184158744901,17.51918682282583
245.42628689488376,21.76955383940557
245.43415791527744,35.67580557013045
245.44202893567112,2.441877390022779
245.44989995606477,103.11315373122262
245.45777097645845,10.759795221531755
245.4656419968521,137.9131939253291
245.47351301724578,58.07602382299431
245.48138403763943,46.055281867556886
245.4892550580331,25.45209128505568
245.49712607842676,14.731607428562585
245.50499709882044,24.21311942049616
245.5128681192141,10.470449801564982
245.52073913960777,6.197945808715565
245.52861016000142,24.52397640819993
245.5364811803951,106.32689305778338
245.54435220078875,3.716363013514045
245.55222322118243,25.184303416365303
245.56009424157608,21.30195323386785
245.56796526196976,33.18027242418127
245.5758362823634,59.41579106538465
245.5837073027571,27.183397191870313
245.59157832315074,4.021958781502265
245.59944934354442,47.30898830715176
245.60732036393807,4.127263896818854
245.61519138433175,94.80184395872165
245.6230624047254,27.693880254298815
245.63093342511908,8.193180816186514
245.63880444551273,1.6913940941590664
245.6466754659064,99.13518450697414
245.65454648630006,139.47104443784292
245.66241750669374,0.10885325288061341
245.6702885270874,16.947106017600134
245.67815954748107,31.87500903735554
245.68603056787472,23.014685644204235
245.6939015882684,15.136797298886012
245.70177260866205,16.787984179477252
245.70964362905573,44.66288657565399
245.71751464944938,1.8527383620310445
245.72538566984306,16.021983509107358
245.73325669023671,54.247362431067906
245.7411277106304,90.28342463540733
245.74899873102405,10.917818130681884
245.75686975141772,55.46434081795758
245.76474077181138,35.16313253522121
245.77261179220505,1.230093365206821
245.78048281259873,7.529006790028756
245.78835383299239,3.0343755595010022
245.79622485338606,1.7844960586875087
245.80409587377972,34.799553498951326
245.8119668941734,30.40975967738462
245.81983791456705,18.493677949950285
245.82770893496073,20.760177890898483
245.83557995535438,10.58696445777975
245.84345097574806,72.8678351314087
245.8513219961417,34.21549224002045
245.8591930165354,24.877174228344977
245.86706403692904,22.378914789609055
245.87493505732272,9.351856814939586
245.88280607771637,51.89541461279755
245.89067709811005,5.547327744270546
245.8985481185037,14.098462602628867
245.90641913889738,1.868867578736187
245.91429015929103,25.99631920135261
245.9221611796847,18.747505338020375
245.93003220007836,10.512164796587221
245.93790322047204,3.5261436607171768
245.9457742408657,10.050008856578316
245.95364526125937,15.435320294162546
245.96151628165302,14.727580299086513
245.9693873020467,9.179458066675128
245.97725832244035,0.9407901671553083
245.98512934283403,3.696550219038933
245.99300036322768,9.970854451256683
246.00087138362136,9.086652744383079
246.008742404015,0.47314031224359143
246.0166134244087,26.67328695652687
246.02448444480234,2.6699663779910634
246.03235546519602,0.5644602026569334
246.04022648558967,4.000698556347529
246.04809750598335,11.3617682402396
246.055968526377,0.9080477507887761
246.06383954677068,97.57573840271054
246.07171056716433,55.10468355545726
246.079581587558,29.88948422111546
246.08745260795166,31.144530592953195
246.09532362834534,46.30107296949229
246.103194648739,26.833889862341135
246.11106566913267,4.133111644024607
246.11893668952635,12.52947692512186
246.12680770992,1.080157030331571
246.13467873031368,37.948903526352154
246.14254975070733,15.021050575874291
246.150420771101,11.851867750460956
246.15829179149466,13.3873286459108
246.16616281188834,1.2161348526179676
246.174033832282,6.0457439764086605
246.18190485267567,74.52441604755529
246.18977587306932,0.24517615345885066
246.197646893463,33.003596395113185
246.20551791385665,47.47382571931842
246.21338893425033,28.092824939636948
246.22125995464398,30.03459805320107
246.22913097503766,23.51053812418902
246.2370019954313,0.09122331727158103
246.244873015825,6.919020879429805
246.25274403621864,1.9746082605440771
246.26061505661232,76.8184017858656
246.26848607700597,5.994361576940655
246.27635709739965,6.519014118906466
246.2842281177933,48.38353580311831
246.29209913818698,29.48453626232555
246.29997015858063,1.2105146361050994
246.30784117897431,50.38412215765363
246.31571219936797,9.124491110099344
246.32358321976164,10.985458300668046
246.3314542401553,1.6429431013339424
246.33932526054897,15.66991539161378
246.34719628094263,56.549972737683184
246.3550673013363,35.56116929757499
246.36293832172996,3.9156550189680153
246.37080934212364,34.05886175630717
246.3786803625173,6.716026866712973
246.38655138291097,3.9079262051888093
246.39442240330462,8.233017078688603
246.4022934236983,8.292314675597407
246.41016444409195,19.497496927655266
246.41803546448563,27.521889083148526
246.42590648487928,1.45209342890121
246.43377750527296,14.385219733017514
246.4416485256666,51.031038554924976
246.4495195460603,13.63303517199639
246.45739056645397,31.366508807716706
246.46526158684762,6.8174995523465505
246.4731326072413,21.29505425108349
246.48100362763495,33.75569729345224
246.48887464802863,19.219976512710012
246.49674566842228,1.9526010162315495
246.50461668881596,1.8898813789350062
246.5124877092096,19.99936265524614
246.5203587296033,0.6018746949760243
246.52822974999694,22.093433025930647
246.53610077039062,73.91366201315236
246.54397179078427,82.20843573463762
246.55184281117795,44.29168772886295
246.5597138315716,21.68052279169573
246.56758485196528,25.604745773901293
246.57545587235893,8.712478132455592
246.5833268927526,12.102745404500874
246.59119791314626,1.8040648158445727
246.59906893353994,11.646539606662078
246.6069399539336,42.26507424593845
246.61481097432727,28.271194321708695
246.62268199472092,18.399795397313177
246.6305530151146,11.557872428255155
246.63842403550825,13.36714144899781
246.64629505590193,12.462780947029309
246.65416607629558,14.8058940416203
246.66203709668926,4.924810123347669
246.6699081170829,10.577880151074782
246.6777791374766,7.778671187638345
246.68565015787024,22.747869988834918
246.69352117826392,7.0809005432557655
246.70139219865757,1.0824798744713504
246.70926321905125,17.27950594008981
246.7171342394449,6.545943145994122
246.72500525983858,7.296048494829148
246.73287628023223,11.440179645488232
246.7407473006259,20.10170198936399
246.74861832101956,28.453275263574216
246.75648934141324,14.111203094635213
246.7643603618069,7.425434477385268
246.77223138220057,28.63788599197656
246.78010240259422,46.979017306608746
246.7879734229879,19.86794076242723
246.79584444338158,24.792727104688588
246.80371546377523,0.16608290204943552
246.8115864841689,22.790599950090634
246.81945750456256,90.30838991598088
246.82732852495624,7.2873874952668025
246.8351995453499,47.41695507986046
246.84307056574357,34.89278261645429
246.85094158613722,13.335518197310154
246.8588126065309,52.475305273280135
246.86668362692456,17.176503647635702
246.87455464731823,1.1591923012024847
246.88242566771189,29.82324598072753
246.89029668810556,20.424663058503512
246.89816770849922,12.533638876459483
246.9060387288929,17.005864335129647
246.91390974928655,46.369618801930365
246.92178076968023,21.689265703270245
246.92965179007388,3.9505769904739387
246.93752281046756,0.014901690058122771
246.9453938308612,4.949245882220025
246.9532648512549,3.237089804084472
246.96113587164854,2.3662827675135474
246.96900689204222,1.3156316862064672
246.97687791243587,36.62602158883138
246.98474893282955,72.17561585978738
246.9926199532232,7.076672266838258
247.00049097361688,3.2033546385815383
247.00836199401053,27.41181785793228
247.0162330144042,5.510529960922916
247.02410403479786,5.572966452222097
247.03197505519154,24.595553556886465
247.0398460755852,4.777226552117286
247.04771709597887,32.06494774843089
247.05558811637252,18.365763802704084
247.0634591367662,108.07893206516552
247.07133015715985,29.87521375861359
247.07920117755353,15.78373016998254
247.08707219794718,29.148982458948254
247.09494321834086,60.060469252900084
247.1028142387345,63.35054337319929
247.1106852591282,4.959423095419694
247.11855627952184,3.299237106573353
247.12642729991552,32.34815328888963
247.1342983203092,44.73094153351189
247.14216934070285,11.177905013663949
247.15004036109653,30.44300156308707
247.15791138149018,92.79117552187581
247.16578240188386,15.910768367864618
247.1736534222775,130.42304629466256
247.1815244426712,43.028642170316026
247.18939546306484,14.38871872210951
247.19726648345852,7.790293794361921
247.20513750385217,59.338573834961096
247.21300852424585,9.604079849343897
247.2208795446395,28.55414171892477
247.22875056503318,0.062229240325679995
247.23662158542683,13.536873062718001
247.2444926058205,3.9277637693256553
247.25236362621416,13.824372801313983
247.26023464660784,31.72575952171535
247.2681056670015,95.05677101516201
247.27597668739517,14.039006913330946
247.28384770778882,83.54127451102703
247.2917187281825,20.28667993466019
247.29958974857615,26.863852499307846
247.30746076896983,44.910041803419084
247.31533178936348,36.07370634665434
247.32320280975716,14.512077611922278
247.3310738301508,3.4504951922416094
247.3389448505445,8.07276385133403
247.34681587093814,25.119439912426703
247.35468689133182,12.241714787574399
247.36255791172547,2.824014657080125
247.37042893211915,20.95087945688153
247.3782999525128,7.953804957671858
247.38617097290648,33.62298202908596
247.39404199330014,13.522963268181067
247.40191301369381,59.39468719566372
247.40978403408747,3.4988649884180636
247.41765505448114,13.786256563231627
247.4255260748748,15.406290947083745
247.43339709526848,17.776326659640024
247.44126811566213,61.92415643505605
247.4491391360558,19.279217506346797
247.45701015644946,7.793263260131669
247.46488117684314,24.915495907278185
247.47275219723682,31.377935288278984
247.48062321763047,50.15640005142769
247.48849423802415,28.607113333344266
247.4963652584178,30.64742160070499
247.50423627881148,30.848861110965696
247.51210729920513,5.3496555906759165
247.5199783195988,7.513716005490777
247.52784933999246,4.322858845553345
247.53572036038614,24.936490694374037
247.5435913807798,7.218800116590713
247.55146240117347,18.962049982333777
247.55933342156712,4.756753050500505
247.5672044419608,41.53000578532306
247.57507546235445,57.42427918703034
247.58294648274813,1.9480616100145873
247.59081750314178,7.345227063087264
247.59868852353546,4.539890076274292
247.6065595439291,11.895260208928844
247.6144305643228,43.60158970908735
247.62230158471644,14.702715979810906
247.63017260511012,55.454760499930146
247.63804362550377,42.83757176568561
247.64591464589745,2.7618608987261353
247.6537856662911,31.036337075361782
247.66165668668478,9.267366530150428
247.66952770707843,63.782014257477954
247.6773987274721,48.43288213343712
247.68526974786576,0.19547101309756537
247.69314076825944,9.237950621233209
247.7010117886531,26.61723281247404
247.70888280904677,5.3618241792727614
247.71675382944042,78.47991974000152
247.7246248498341,8.504028952609511
247.73249587022775,4.790017359208602
247.74036689062143,17.757501856207252
247.74823791101508,20.428235394956403
247.75610893140876,19.363812673864345
247.7639799518024,34.643444477080266
247.7718509721961,118.78853196192908
247.77972199258974,11.794631770338812
247.78759301298342,146.93682823875866
247.79546403337707,26.772256139280646
247.80333505377075,9.338439810713693
247.81120607416443,40.82251215324772
247.81907709455808,30.889970783612917
247.82694811495176,26.604182882644736
247.8348191353454,5.043087845316623
247.8426901557391,95.32606892052631
247.85056117613274,23.054227217654745
247.85843219652642,2.686001282491824
247.86630321692007,3.3246003263642847
247.87417423731375,27.54250149686819
247.8820452577074,13.964081620520759
247.88991627810108,1.5473838122883687
247.89778729849473,21.740139914605887
247.9056583188884,9.527659474407088
247.91352933928206,51.170168712517516
247.92140035967574,2.2924871424387474
247.9292713800694,19.86480694174416
247.93714240046307,43.5248780084281
247.94501342085672,41.15447335126043
247.9528844412504,2.777743304792448
247.96075546164406,13.819436372609246
247.96862648203773,4.830664664246782
247.97649750243139,21.995304592139522
247.98436852282506,60.33398144691972
247.99223954321872,20.876334547954283
248.0001105636124,4.560977638055819
248.00798158400605,13.544909053705084
248.01585260439973,4.691942957505388
248.02372362479338,21.515231553266815
248.03159464518706,0.4967265407430691
248.0394656655807,86.18814369196384
248.0473366859744,48.60338817158968
248.05520770636804,5.236450663912628
248.06307872676172,1.9845547562130699
248.07094974715537,12.711002913998962
248.07882076754905,11.530487949104026
248.0866917879427,2.5814969782751374
248.09456280833638,13.1955203218807
248.10243382873003,13.577275458169149
248.1103048491237,50.80888046218721
248.11817586951736,60.55986487626248
248.12604688991104,25.74269984548251
248.1339179103047,50.46863638792485
248.14178893069837,19.490835349416834
248.14965995109205,32.33442888719706
248.1575309714857,7.58680668515184
248.16540199187938,18.97038849372513
248.17327301227303,2.5946816362894323
248.1811440326667,11.148868359063009
248.18901505306036,42.239004616374096
248.19688607345404,2.1920420726054073
248.2047570938477,1.6192078815040216
248.21262811424137,24.657675839066233
248.22049913463502,2.0836498684981053
248.2283701550287,1.7071120398021198
248.23624117542235,77.50441123267781
248.24411219581603,43.239810548357504
248.25198321620968,8.413076438368563
248.25985423660336,11.014640980274054
248.267725256997,76.17866124962951
248.2755962773907,11.878755109659489
248.28346729778434,14.439426849512314
248.29133831817802,42.98246287995087
248.29920933857167,54.76918673539366
248.30708035896535,10.44270225798412
248.314951379359,32.6171822403663
248.32282239975268,29.635114656847946
248.33069342014633,149.23872035527947
248.33856444054,2.560390472321034
248.34643546093366,41.51421036843939
248.35430648132734,4.051022218647186
248.362177501721,32.53923480785182
248.37004852211467,15.772488738957032
248.37791954250832,15.912601895112825
248.385790562902,5.644324173060836
248.39366158329565,9.836515392503367
248.40153260368933,49.18146379101061
248.40940362408298,30.3860931019889
248.41727464447666,15.098671075504834
248.4251456648703,36.45899334010376
248.433016685264,4.4623895803484865
248.44088770565764,3.781354233291663
248.44875872605132,5.311990076744387
248.45662974644497,37.80839196170826
248.46450076683865,27.828437946807025
248.4723717872323,124.52398070476129
248.48024280762598,25.402907925069766
248.48811382801966,27.398906869215903
248.49598484841331,22.046825667435755
248.503855868807,21.0237109644093
248.51172688920065,15.681094326109447
248.51959790959432,0.6732291088324066
248.52746892998798,6.600312102353502
248.53533995038165,5.38631941063989
248.5432109707753,3.1962919872970605
248.55108199116899,28.438395654771895
248.55895301156264,3.832190804709983
248.56682403195632,20.600977334622705
248.57469505234997,19.384363706824153
248.58256607274365,4.777116096087363
248.5904370931373,11.832973201506972
248.59830811353098,44.413576311802125
248.60617913392463,2.194891139873505
248.6140501543183,1.2528590928534071
248.62192117471196,11.63220499274542
248.62979219510564,18.750397295623515
248.6376632154993,8.453097193939065
248.64553423589297,14.068222637016783
248.65340525628662,29.458976396711446
248.6612762766803,21.36992199934792
248.66914729707395,26.446197343344856
248.67701831746763,76.78347437573056
248.68488933786128,13.385887796404035
248.69276035825496,26.230435229481714
248.7006313786486,1.0243428378715482
248.7085023990423,50.43755945611572
248.71637341943594,78.79822192132002
248.72424443982962,47.13883483296545
248.73211546022327,129.42032540280675
248.73998648061695,14.766721151516931
248.7478575010106,0.17620271388190373
248.75572852140428,24.01306850560346
248.76359954179793,14.097219893614634
248.7714705621916,3.6525687314187287
248.77934158258526,4.006196786476722
248.78721260297894,9.201278483621394
248.7950836233726,13.861178194687216
248.80295464376627,1.1144341958997612
248.81082566415995,21.534409153600226
248.8186966845536,19.449300075548123
248.82656770494728,5.837933905735395
248.83443872534093,27.765380303065346
248.8423097457346,8.922706890293764
248.85018076612826,18.78770091273343
248.85805178652194,45.63462039887503
248.8659228069156,52.5348089393343
248.87379382730927,40.66625848375964
248.88166484770292,12.072311512406664
248.8895358680966,59.89122693168849
248.89740688849025,15.677508063009501
248.90527790888393,16.37677284584343
248.91314892927758,10.570045003273737
248.92101994967126,20.45985258501035
248.9288909700649,17.032768017875565
248.9367619904586,34.58931527961035
248.94463301085224,4.695915098087242
248.95250403124592,9.915487098072182
248.96037505163957,0.2658465149484518
248.96824607203325,34.46824821250248
248.9761170924269,7.614339144569263
248.98398811282058,48.64982619756786
248.99185913321423,20.558810774875912
248.9997301536079,5.1856437508834485
249.00760117400156,5.7090259764401745
249.01547219439524,11.953799378925389
249.0233432147889,15.560677978229506
249.03121423518257,14.723274939493482
249.03908525557623,3.457662924676706
249.0469562759699,2.099978703554294
249.05482729636356,96.60023033967026
249.06269831675723,17.287454280558787
249.07056933715089,66.38965098439407
249.07844035754457,3.4993703015687476
249.08631137793822,34.44801817711984
249.0941823983319,29.237412026010826
249.10205341872555,8.528640909003842
249.10992443911923,51.05874075773314
249.11779545951288,5.5333320586169
249.12566647990656,2.0133448871944495
249.1335375003002,51.97660141195905
249.1414085206939,20.93792775083669
249.14927954108757,10.697266936617948
249.15715056148122,17.813692908946976
249.1650215818749,46.851750569341036
249.17289260226855,5.168227311132677
249.18076362266223,0.020758653555497487
249.18863464305588,0.7007854788393474
249.19650566344956,8.739037925570566
249.2043766838432,13.529998544461147
249.2122477042369,14.282382870336582
249.22011872463054,4.915175573677229
249.22798974502422,10.49813874187702
249.23586076541787,4.734119492529425
249.24373178581155,16.549390299652348
249.2516028062052,8.111986522945296
249.25947382659888,40.48151273331149
249.26734484699253,48.43895460218578
249.2752158673862,3.4919746020485385
249.28308688777986,30.813005698670775
249.29095790817354,69.20481688208675
249.2988289285672,29.367386470245545
249.30669994896087,6.200086828648578
249.31457096935452,14.069023087828047
249.3224419897482,24.353904300240337
249.33031301014185,1.4767180471867225
249.33818403053553,4.737823248651988
249.34605505092918,5.99138832148941
249.35392607132286,39.278012725039
249.3617970917165,26.923094406527458
249.3696681121102,1.784165396767904
249.37753913250384,38.235969723691625
249.38541015289752,8.02667574771252
249.39328117329117,39.01445744497676
249.40115219368485,16.731084911488217
249.4090232140785,34.839905465592935
249.41689423447218,22.002515229946198
249.42476525486583,42.75608361700324
249.4326362752595,3.069484804305204
249.44050729565316,130.13352519126855
249.44837831604684,5.334194442183312
249.4562493364405,42.044634711480796
249.46412035683417,6.986705991958292
249.47199137722782,65.25139491643368
249.4798623976215,35.608126247492706
249.48773341801518,197.552587878352
249.49560443840883,66.76141387740618
249.5034754588025,83.49739194291556
249.51134647919616,245.55435468638467
249.51921749958984,48.46816266738888
249.5270885199835,19.79573110731976
249.53495954037717,7.402020810805033
249.54283056077082,52.91166542668303
249.5507015811645,119.73477289690331
249.55857260155815,25.04988346948579
249.56644362195183,7.029445053630184
249.57431464234548,18.977975162176993
249.58218566273916,29.027770760158496
249.59005668313281,39.53114896527854
249.5979277035265,11.72115761296787
249.60579872392015,32.130388990175284
249.61366974431382,10.072842345028018
249.62154076470748,24.770457061619794
249.62941178510115,10.750103985773256
249.6372828054948,47.844824686411584
249.64515382588849,3.8174654766984943
249.65302484628214,28.55420927987573
249.66089586667582,36.777990592298025
249.66876688706947,86.17848716414755
249.67663790746315,29.71415038651483
249.6845089278568,23.683072340317544
249.69237994825048,17.12809565572372
249.70025096864413,33.6461601041341
249.7081219890378,23.034898482504715
249.71599300943146,11.780184499590288
249.72386402982514,13.549807578164135
249.7317350502188,9.099265326770016
249.73960607061247,14.558556495189162
249.74747709100612,50.20288681078977
249.7553481113998,4.635317743263652
249.76321913179345,35.279020578557954
249.77109015218713,3.8249361855005977
249.77896117258078,53.44447904371075
249.78683219297446,11.62921514100892
249.7947032133681,4.975996676796362
249.8025742337618,4.73065719915692
249.81044525415544,45.42534676075992
249.81831627454912,4.369823859481634
249.8261872949428,145.234106354755
249.83405831533645,7.541617858895893
249.84192933573013,37.21169629837588
249.84980035612378,16.72175666854994
249.85767137651746,36.68827248238996
249.8655423969111,15.913643854676234
249.8734134173048,217.90538529312266
249.88128443769844,7.441521945040034
249.88915545809212,131.04319346099098
249.89702647848577,55.39070342117329
249.90489749887945,15.926357762184251
249.9127685192731,45.84391188581743
249.92063953966678,55.19741292246203
249.92851056006043,29.255626980845808
249.9363815804541,44.48126435779986
249.94425260084776,68.76433030564613
249.95212362124144,19.56305549351739
249.9599946416351,8.82828838504403
249.96786566202877,54.49598862412444
249.97573668242242,10.345582972086463
249.9836077028161,0.08909487506999882
249.99147872320975,11.624984277637008
249.99934974360343,1.747711652152485
250.00722076399708,23.533556141805853
250.01509178439076,51.72007056368425
250.0229628047844,47.755010825204685
250.0308338251781,60.54167762754218
250.03870484557174,7.496109839760892
250.04657586596542,6.719252343271895
250.05444688635907,17.386023062584357
250.06231790675275,6.487082012889842
250.0701889271464,3.4257346515568683
250.07805994754008,10.382225372378777
250.08593096793373,124.81447287882526
250.0938019883274,12.881712005749192
250.10167300872106,13.501924360510245
250.10954402911474,16.884973201969803
250.1174150495084,17.788663304700453
250.12528606990207,4.568375786372034
250.13315709029573,96.09006443964535
250.1410281106894,131.79758072596786
250.14889913108306,6.157391055943533
250.15677015147674,22.416457129386465
250.16464117187041,26.081697662498676
250.17251219226407,39.99580191434636
250.18038321265774,2.4330703902457893
250.1882542330514,24.417634178782357
250.19612525344508,57.124940699207286
250.20399627383873,0.010180405335306186
250.2118672942324,6.551907438898596
250.21973831462606,5.326432992659822
250.22760933501974,59.27584736434373
250.2354803554134,32.189423991214575
250.24335137580707,71.09552177655324
250.25122239620072,118.76577036070303
250.2590934165944,1.6978673951783767
250.26696443698805,124.28691011645721
250.27483545738173,30.022877159678973
250.28270647777538,55.1499891858039
250.29057749816906,33.96883527178211
250.2984485185627,82.4668895103091
250.3063195389564,87.47577382764344
250.31419055935004,56.217943833350475
250.32206157974372,14.927490998543478
250.32993260013737,33.68416975540748
250.33780362053105,1.407133537016223
250.3456746409247,21.500909733414087
250.35354566131838,40.43139973245149
250.36141668171203,58.241358986303
250.3692877021057,41.9563730621265
250.37715872249936,36.017163924704576
250.38502974289304,22.116924633605795
250.3929007632867,37.70040656356897
250.40077178368037,0.1613106160555815
250.40864280407402,17.78359441998178
250.4165138244677,19.81575005708687
250.42438484486135,17.825377720596208
250.43225586525503,11.05116253049688
250.44012688564868,0.6826635492596593
250.44799790604236,28.787740827262255
250.455868926436,26.574323110560535
250.4637399468297,13.236733670487297
250.47161096722334,24.118093854174344
250.47948198761702,29.516664795864163
250.48735300801067,14.201139788633405
250.49522402840435,8.692460311637662
250.50309504879803,2.609817176988771
250.51096606919168,15.198301776387755
250.51883708958536,12.299244132579947
250.526708109979,0.59623849205954
250.5345791303727,22.1851061114738
250.54245015076634,25.70279447194726
250.55032117116002,13.6278394221168
250.55819219155367,15.029315166335
250.56606321194735,6.6756660740620095
250.573934232341,9.81077207886371
250.58180525273468,34.81552782835407
250.58967627312833,16.119303348360116
250.597547293522,52.60156356214241
250.60541831391566,33.77255846282744
250.61328933430934,3.0520010228749923
250.621160354703,114.03047137778611
250.62903137509667,90.03055856628046
250.63690239549032,19.056397920826093
250.644773415884,53.43130035187031
250.65264443627765,139.48246592898448
250.66051545667133,17.41798919566321
250.66838647706498,25.183858925719754
250.67625749745866,2.448505599761725
250.68412851785232,24.327236956464
250.691999538246,11.731468501873655
250.69987055863965,34.698457447711945
250.70774157903332,1.4854041503899356
250.71561259942698,5.397182464588154
250.72348361982066,81.30182232188866
250.7313546402143,17.196008085260974
250.73922566060799,12.34959786262094
250.74709668100164,53.69654984466169
250.75496770139532,63.33476747169219
250.76283872178897,13.786562563994831
250.77070974218265,0.25521558402709643
250.7785807625763,62.88960292938032
250.78645178296998,30.44646237375856
250.79432280336363,30.331648824654685
250.8021938237573,9.929201472162374
250.81006484415096,39.06826670784664
250.81793586454464,24.507235268272673
250.8258068849383,19.744532848666463
250.83367790533197,28.839048788021977
250.84154892572565,16.513241047154786
250.8494199461193,86.8710523357443
250.85729096651298,2.622189894646746
250.86516198690663,19.83484919916672
250.8730330073003,15.985862865113662
250.88090402769396,12.210872161227886
250.88877504808764,4.801087980469323
250.8966460684813,6.4615120924835265
250.90451708887497,0.6831503077355298
250.91238810926862,22.93664850181254
250.9202591296623,19.151592100520052
250.92813015005595,32.90581944919455
250.93600117044963,58.597805956586555
250.94387219084328,68.91838324433844
250.95174321123696,6.554699426507425
250.9596142316306,60.57521645914785
250.9674852520243,53.11985114930286
250.97535627241794,6.259559232156284
250.98322729281162,14.49576071014849
250.99109831320527,53.9568372803069
250.99896933359895,0.3212778479668415
251.0068403539926,74.11576755971183
251.01471137438628,3.0935904748117085
251.02258239477993,60.89251342139181
251.0304534151736,58.24876170828953
251.03832443556726,3.5704807930894527
251.04619545596094,0.7818263365686502
251.0540664763546,13.896724972686771
251.06193749674827,4.044205135309542
251.06980851714192,120.75884923739476
251.0776795375356,46.31350240811785
251.08555055792925,19.021598431790448
251.09342157832293,90.47332654646233
251.10129259871658,35.190825472070024
251.10916361911026,2.810633237392836
251.1170346395039,15.896302737701053
251.1249056598976,14.243003547902145
251.13277668029124,19.003270994823566
251.14064770068492,76.93851449185163
251.14851872107857,67.20376069865954
251.15638974147225,39.31138863338209
251.1642607618659,69.84070995775785
251.17213178225958,75.75606815215816
251.18000280265326,3.6931641326084965
251.1878738230469,5.271870837567715
251.1957448434406,3.4178189545250413
251.20361586383424,32.80427769799576
251.21148688422792,92.97620580826708
251.21935790462157,40.85713616656655
251.22722892501525,21.3229465222071
251.2350999454089,6.645906196127024
251.24297096580258,37.522960402859084
251.25084198619624,79.23040632916883
251.25871300658991,201.40343609599856
251.26658402698357,46.29462989448561
251.27445504737724,3.7428462855383478
251.2823260677709,21.945807187907878
251.29019708816458,0.6674964007521381
251.29806810855823,48.93077157209429
251.3059391289519,126.79736241446545
251.31381014934556,7.513700525505836
251.32168116973924,79.33778517781806
251.3295521901329,7.468689853890002
251.33742321052657,12.205509557270606
251.34529423092022,40.78441861326914
251.3531652513139,53.735737247004515
251.36103627170755,46.13756613493016
251.36890729210123,8.942850402239083
251.37677831249488,3.3064115957096467
251.38464933288856,33.89188482268971
251.3925203532822,85.40208809112433
251.4003913736759,179.80376955409628
251.40826239406954,58.682950204749936
251.41613341446322,5.200105891098256
251.42400443485687,25.76351461272372
251.43187545525055,36.50031440068025
251.4397464756442,19.39122427224885
251.44761749603788,24.741786085417385
251.45548851643153,63.18835699804393
251.4633595368252,91.28310345031512
251.47123055721886,42.458698306215425
251.47910157761254,21.568161304513048
251.4869725980062,82.87358544625928
251.49484361839987,36.475531682938254
251.50271463879352,28.21767211991531
251.5105856591872,2.258829573986543
251.51845667958088,8.612708065947192
251.52632769997453,23.42317673370252
251.5341987203682,0.6678861362750667
251.54206974076186,0.0523223848498867
251.54994076115554,12.365106715898852
251.5578117815492,85.24168058920435
251.56568280194287,23.640082867677215
251.57355382233652,11.445955540358227
251.5814248427302,34.76936300141244
251.58929586312385,14.148872667787199
251.59716688351753,27.76312996264054
251.60503790391118,70.48517184811182
251.61290892430486,38.574252377282725
251.6207799446985,6.381359127542409
251.6286509650922,13.711256154057633
251.63652198548584,16.828169141815692
251.64439300587952,51.53840380713373
251.65226402627317,1.7362935003838076
251.66013504666685,38.09205457811551
251.6680060670605,30.847119361924513
251.67587708745418,0.8388303363051832
251.68374810784783,36.069551807722846
251.6916191282415,20.56684858407841
251.69949014863516,25.793593723209344
251.70736116902884,78.8678653383178
251.7152321894225,14.069360581185165
251.72310320981617,35.99190545129977
251.73097423020982,1.8755265670796757
251.7388452506035,16.154257214200065
251.74671627099715,148.29574819759782
251.75458729139083,1.3402731490104056
251.76245831178448,1.4622887810163803
251.77032933217816,8.743266307848147
251.77820035257182,29.063545140517142
251.7860713729655,1.3629517775025741
251.79394239335915,22.745869470396148
251.80181341375282,22.028347922475376
251.80968443414648,12.912246000669532
251.81755545454016,16.745037974514116
251.8254264749338,59.91203379431262
251.83329749532749,9.121394945114263
251.84116851572114,3.26641799504981
251.84903953611482,54.754743860560495
251.8569105565085,11.67472743315954
251.86478157690215,4.5665416393889835
251.87265259729583,51.35851100831238
251.88052361768948,80.55011278935291
251.88839463808316,37.12793888821354
251.8962656584768,2.323074929464185
251.9041366788705,18.090904185898342
251.91200769926414,41.77207459050056
251.91987871965782,7.291003470153984
251.92774974005147,4.402256540371765
251.93562076044515,14.466080996027696
251.9434917808388,10.789587051764341
251.95136280123248,17.782815483085905
251.95923382162613,28.769587533990368
251.9671048420198,42.35420745993075
251.97497586241346,38.83996072185352
251.98284688280714,17.973653870902385
251.9907179032008,26.27427974012254
251.99858892359447,36.51181339600788
252.00645994398812,39.273338949129574
252.0143309643818,68.25448674697776
252.02220198477545,73.03277506010242
252.03007300516913,29.7275092731223
252.03794402556278,1.1718591438073345
252.04581504595646,8.786246404514603
252.0536860663501,8.0739236076334
252.0615570867438,75.81739125470139
252.06942810713744,30.673591636796083
252.07729912753112,31.61081488394689
252.08517014792477,9.099760949110541
252.09304116831845,12.689984544204188
252.1009121887121,2.9450786368667194
252.10878320910578,1.8388043923590955
252.11665422949943,11.669263913367418
252.1245252498931,19.142640311945186
252.13239627028676,32.82410884788789
252.14026729068044,35.375236429757216
252.1481383110741,0.6160753496886001
252.15600933146777,29.922492196299572
252.16388035186142,1.936219963257245
252.1717513722551,10.00297736786158
252.17962239264875,2.2047211805914784
252.18749341304243,4.15636704697471
252.1953644334361,53.18452313618211
252.20323545382976,129.98659401318932
252.21110647422344,1.0273614083782692
252.2189774946171,8.857464352294526
252.22684851501077,2.097120340768796
252.23471953540442,4.731696019475298
252.2425905557981,3.140108171693207
252.25046157619175,67.12137575644302
252.25833259658543,16.305501809348975
252.26620361697908,54.866239448931665
252.27407463737276,0.17202051841300994
252.2819456577664,8.291898208086309
252.2898166781601,14.052536334363854
252.29768769855374,49.004721362936074
252.30555871894742,11.06669093871894
252.31342973934107,46.34478548719906
252.32130075973475,26.06881376468228
252.3291717801284,8.808995438846303
252.33704280052208,19.0930772010415
252.34491382091574,2.53530257962121
252.35278484130941,2.299812904403819
252.36065586170307,36.992918227470284
252.36852688209675,13.75740650900353
252.3763979024904,2.2863313057289574
252.38426892288408,32.17069006152189
252.39213994327773,18.200094878494518
252.4000109636714,11.103246415021545
252.40788198406506,20.94225144322552
252.41575300445874,102.55496115753655
252.4236240248524,20.797371632170684
252.43149504524607,67.5751843759907
252.43936606563972,9.451707951403487
252.4472370860334,34.547839286804304
252.45510810642705,22.64399847106011
252.46297912682073,5.931249408805778
252.47085014721438,1.4140491120857142
252.47872116760806,16.19326068212417
252.4865921880017,11.836473543549102
252.4944632083954,19.711535131683185
252.50233422878904,21.459347453747494
252.51020524918272,73.07587328964311
252.51807626957637,20.394419626589766
252.52594728997005,1.1452984315423795
252.53381831036373,1.0496474735338504
252.54168933075738,72.64319632504754
252.54956035115106,21.190077816940722
252.5574313715447,14.724738552474825
252.5653023919384,1.714891984533169
252.57317341233204,4.606745264797765
252.58104443272572,16.215919117071852
252.58891545311937,75.91379965278934
252.59678647351305,5.0182098188902104
252.6046574939067,19.840779970623817
252.61252851430038,9.504901341434428
252.62039953469403,36.426558279334465
252.6282705550877,12.352579396776678
252.63614157548136,1.8778888294077407
252.64401259587504,100.90733444063036
252.6518836162687,32.00907170920435
252.65975463666237,58.75888996961786
252.66762565705602,148.34528628491978
252.6754966774497,18.955341724807216
252.68336769784335,140.21868925030105
252.69123871823703,43.80390831462373
252.69910973863068,19.730830330271694
252.70698075902436,32.019552374130946
252.714851779418,18.336694975364306
252.7227227998117,14.699498414524834
252.73059382020534,15.05705901374754
252.73846484059902,24.12339505377596
252.74633586099267,10.749870443907552
252.75420688138635,14.447043817234954
252.76207790178,37.93795449551762
252.76994892217368,14.317091486852409
252.77781994256733,23.555010579147314
252.785690962961,2.309565520071043
252.79356198335466,7.555459703880268
252.80143300374834,20.13314164157491
252.809304024142,79.40714457298152
252.81717504453567,33.378373738868
252.82504606492932,59.49672239532905
252.832917085323,40.941482270407896
252.84078810571665,60.30259381639629
252.84865912611033,40.77022322888425
252.85653014650399,1.6183828402287888
252.86440116689766,11.554467457994283
252.87227218729134,8.437654251632935
252.880143207685,13.932275490233462
252.88801422807867,9.743532520624704
252.89588524847233,7.271176335669368
252.903756268866,4.11380187949907
252.91162728925966,51.61908699287512
252.91949830965333,52.986014049372386
252.927369330047,19.096577631515206
252.93524035044067,2.196617750456058
252.94311137083432,137.24712225205238
252.950982391228,44.73809425217744
252.95885341162165,2.372034629291833
252.96672443201533,110.8801351793535
252.97459545240898,85.262002616471
252.98246647280266,52.00825801751435
252.9903374931963,18.803928768273813
252.99820851359,117.20617348198117
253.00607953398364,7.471584469375002
253.01395055437732,51.6456025617271
253.02182157477097,13.98812876465447
253.02969259516465,18.131175866300698
253.0375636155583,18.48454030081891
253.04543463595198,9.79172990395956
253.05330565634563,25.528903592146072
253.0611766767393,47.802195519435166
253.06904769713296,20.583981817854102
253.07691871752664,36.37635584419068
253.0847897379203,24.013520128362245
253.09266075831397,8.030233475422579
253.10053177870762,4.054020459020393
253.1084027991013,10.358016371874324
253.11627381949495,18.465395088633
253.12414483988863,149.7633425279431
253.13201586028228,10.767188724633606
253.13988688067596,54.77032187860223
253.1477579010696,46.22136414643736
253.1556289214633,9.328112560895708
253.16349994185694,0.004563459332313999
253.17137096225062,50.185504107311765
253.17924198264427,37.9740875939025
253.18711300303795,133.5547383908081
253.1949840234316,6.661109929087378
253.20285504382528,89.84695155526468
253.21072606421896,19.584062289349504
253.2185970846126,30.581306961364394
253.2264681050063,20.035796510817026
253.23433912539994,8.546211172348512
253.24221014579362,0.27739525526561865
253.25008116618727,14.820840430025546
253.25795218658095,7.1230050212689395
253.2658232069746,8.615975132009588
253.27369422736828,16.324077765427326
253.28156524776193,5.212726593655859
253.2894362681556,13.916112644994831
253.29730728854926,5.917809652898392
253.30517830894294,2.65278153995985
253.3130493293366,4.127021004589651
253.32092034973027,0.6355297228972921
253.32879137012392,5.6120209137365595
253.3366623905176,3.446556863172128
253.34453341091125,1.8402205402568848
253.35240443130493,11.69463375197552
253.36027545169858,52.15946069973939
253.36814647209226,1.8878903964735825
253.37601749248591,1.7763281653333205
253.3838885128796,26.131648165983638
253.39175953327324,214.00073005263312
253.39963055366692,55.75714948529423
253.40750157406057,12.955244247792196
253.41537259445425,7.220522412364196
253.4232436148479,27.955695147863153
253.43111463524158,0.6311097159447148
253.43898565563524,0.39831924657934903
253.44685667602891,19.23150180231623
253.45472769642257,82.40876033613058
253.46259871681625,12.015787620744485
253.4704697372099,31.05590637391529
253.47834075760358,41.93150822603074
253.48621177799723,31.84267350899689
253.4940827983909,8.897696494527137
253.50195381878456,23.921332975665823
253.50982483917824,36.20659557698554
253.5176958595719,37.322528681401344
253.52556687996557,9.59643417005384
253.53343790035922,10.650888495331408
253.5413089207529,29.086338287267605
253.54917994114658,5.810803423441784
253.55705096154023,44.11002757249081
253.5649219819339,0.5673462816999018
253.57279300232756,30.95412940026504
253.58066402272124,3.833132642019858
253.5885350431149,8.99838673414579
253.59640606350857,17.028084617956775
253.60427708390222,21.259681736669528
253.6121481042959,4.052362502006461
253.62001912468955,9.127878162588122
253.62789014508323,171.77509858161838
253.63576116547688,31.99224753956738
253.64363218587056,2.568362266214546
253.6515032062642,4.287112215291801
253.6593742266579,4.003889825547438
253.66724524705154,7.0694087577363245
253.67511626744522,26.089314885553726
253.68298728783887,18.654621092070123
253.69085830823255,45.040588839124986
253.6987293286262,87.68604939141005
253.70660034901988,0.6442412021707776
253.71447136941353,49.510389925981116
253.7223423898072,18.197676328002274
253.73021341020086,28.95945724677517
253.73808443059454,28.560767038057225
253.7459554509882,4.579361527165776
253.75382647138187,81.9944866952547
253.76169749177552,0.5679818042589093
253.7695685121692,15.407147575920986
253.77743953256285,61.95921319380592
253.78531055295653,5.3869672378832165
253.79318157335018,93.98233517259834
253.80105259374386,14.18773003781416
253.8089236141375,8.500252509774041
253.8167946345312,22.831699348038367
253.82466565492484,8.231436091649165
253.83253667531852,2.936590902472989
253.84040769571217,71.12550539208834
253.84827871610585,20.347938027926993
253.8561497364995,27.736988985996145
253.86402075689318,4.033851173518642
253.87189177728683,3.791531625876126
253.8797627976805,9.181099316049616
253.8876338180742,164.2264543512851
253.89550483846784,22.747290674111703
253.90337585886152,6.499221586954532
253.91124687925517,13.732523834063711
253.91911789964885,37.38187622578311
253.9269889200425,5.975974071420058
253.93485994043618,35.848708796977874
253.94273096082983,15.760975146751028
253.9506019812235,34.926879254541966
253.95847300161716,31.58550431912947
253.96634402201084,71.25627688780735
253.9742150424045,15.246926354882612
253.98208606279817,11.964481911397025
253.98995708319183,3.573709677161561
253.9978281035855,13.620130882365698
254.00569912397916,37.4056342879791
254.01357014437284,20.754378281268675
254.0214411647665,38.7788363562419
254.02931218516017,5.978203818454308
254.03718320555382,27.12828697467248
254.0450542259475,50.33112126028271
254.05292524634115,29.606769709574305
254.06079626673483,4.172782907665404
254.06866728712848,26.801053685272162
254.07653830752216,117.01921551018685
254.0844093279158,46.340835043477526
254.0922803483095,8.587538374683378
254.10015136870314,6.797681970035288
254.10802238909682,39.01492873991051
254.11589340949047,65.08235762525442
254.12376442988415,80.43610427963098
254.1316354502778,77.49778079175537
254.13950647067148,72.37551008995518
254.14737749106513,21.584314267108997
254.1552485114588,2.851103628391922
254.16311953185246,29.959995318854432
254.17099055224614,7.101821285383403
254.1788615726398,26.644882670800502
254.18673259303347,2.529752300842861
254.19460361342712,1.6591846969057453
254.2024746338208,4.759887114481807
254.21034565421445,5.153198390181531
254.21821667460813,7.43088042392279
254.2260876950018,16.846220023257676
254.23395871539546,75.930199537342
254.24182973578914,30.156968051625846
254.2497007561828,58.73610095141316
254.25757177657647,9.05412817368601
254.26544279697012,32.13974440997518
254.2733138173638,60.141432727695616
254.28118483775745,10.099111763072337
254.28905585815113,18.811170842390748
254.29692687854478,88.83693742901175
254.30479789893846,34.270843949089326
254.3126689193321,49.52284613419164
254.3205399397258,78.13130527985784
254.32841096011944,21.073933709670374
254.33628198051312,6.025738229547933
254.34415300090677,7.549140010034173
254.35202402130045,14.250752550563721
254.3598950416941,11.34955502744679
254.36776606208778,0.8215961312764288
254.37563708248143,22.92796516907331
254.3835081028751,27.11870300624704
254.39137912326876,3.4710124176830655
254.39925014366244,0.19739183577137548
254.4071211640561,4.345234149179549
254.41499218444977,4.50883257577148
254.42286320484342,7.03454498907067
254.4307342252371,31.762495191509025
254.43860524563075,2.593347292599466
254.44647626602443,18.98155276937718
254.45434728641808,60.29502582150914
254.46221830681176,12.085111462091978
254.47008932720541,22.394787206216076
254.4779603475991,67.02558898629826
254.48583136799274,47.331117402719066
254.49370238838642,2.8638023838897193
254.50157340878008,6.3834667446596844
254.50944442917375,220.67215595522543
254.5173154495674,218.96916111919273
254.52518646996108,31.65993000520164
254.53305749035474,115.54783375273793
254.54092851074842,15.038168637385597
254.54879953114207,45.64560518356089
254.55667055153575,62.7347701206221
254.56454157192942,32.66443407020434
254.57241259232308,23.037762093063108
254.58028361271676,6.461416351482843
254.5881546331104,45.36810281941662
254.59602565350409,56.01268310548895
254.60389667389774,40.47054246266362
254.61176769429142,0.6745326103383418
254.61963871468507,9.658567895220838
254.62750973507875,88.63047460450967
254.6353807554724,24.503916056652805
254.64325177586608,42.28412797738683
254.65112279625973,52.03806924902075
254.6589938166534,5.164183689423304
254.66686483704706,7.336602284088291
254.67473585744074,19.128604483185793
254.6826068778344,8.643024381196636
254.69047789822807,45.99129900525442
254.69834891862172,61.22800387737199
254.7062199390154,121.16594303355132
254.71409095940905,36.16377357186605
254.72196197980273,39.903510502163535
254.72983300019638,3.9484068699640695
254.73770402059006,41.763984504007425
254.7455750409837,7.905892395920998
254.7534460613774,28.89466541461753
254.76131708177104,52.77038363557286
254.76918810216472,38.76318476890648
254.77705912255837,2.5932799522733223
254.78493014295205,58.100623658523034
254.7928011633457,133.80499763578788
254.80067218373938,9.57698602401336
254.80854320413303,56.73354299143358
254.8164142245267,11.5797180744101
254.82428524492036,19.87809018911406
254.83215626531404,6.400106523376346
254.8400272857077,82.93126669995213
254.84789830610137,1.0330526387344772
254.85576932649502,5.573270146473375
254.8636403468887,0.19776129299934259
254.87151136728235,7.2706046836738585
254.87938238767603,20.03360891480554
254.8872534080697,2.111197661919347
254.89512442846336,0.33394999755012367
254.90299544885704,1.114595664425468
254.9108664692507,96.38234099697709
254.91873748964437,15.015870660757914
254.92660851003802,63.11978680708739
254.9344795304317,44.0520163532866
254.94235055082535,15.364724729007172
254.95022157121903,39.815593331607545
254.95809259161268,7.263596818174075
254.96596361200636,6.150511469371162
254.9738346324,139.8948138989732
254.9817056527937,22.330015367076925
254.98957667318734,58.24692082378942
254.99744769358102,14.402439464176206
255.00531871397467,13.500320049604749
255.01318973436835,61.9257532189676
255.021060754762,7.237214870995174
255.02893177515568,76.63190745613475
255.03680279554933,38.42343135052191
255.044673815943,10.472008281541552
255.05254483633666,23.035629367548875
255.06041585673034,14.710774166667376
255.068286877124,8.340772422965818
255.07615789751767,64.46277687373495
255.08402891791133,10.916136752660984
255.091899938305,26.948919749210937
255.09977095869866,2.652765895825357
255.10764197909234,14.60448793351366
255.115512999486,11.130113128244137
255.12338401987967,59.05880116997344
255.13125504027332,40.50727658522088
255.139126060667,39.734138512730866
255.14699708106065,67.39103200809552
255.15486810145433,29.813405352946813
255.16273912184798,43.95229149289211
255.17061014224166,111.18954844041147
255.1784811626353,49.46563281155143
255.186352183029,48.77426774127732
255.19422320342264,15.880202131107843
255.20209422381632,6.118286023277026
255.20996524420997,27.99717757474836
255.21783626460365,24.641419643704385
255.22570728499733,25.274912201050878
255.23357830539098,12.99326435141619
255.24144932578466,4.940725470108903
255.2493203461783,32.44720337338665
255.257191366572,134.6623955143996
255.26506238696564,48.93812188034397
255.27293340735932,26.21658211730879
255.28080442775297,29.64131987116075
255.28867544814665,27.318143664275173
255.2965464685403,0.30481027473412703
255.30441748893398,60.11130815371227
255.31228850932763,6.563849007818922
255.3201595297213,40.65408682838719
255.32803055011496,133.58642947666817
255.33590157050864,56.21433672957307
255.3437725909023,12.874302695246607
255.35164361129597,42.72642727833555
255.35951463168962,10.540423847284126
255.3673856520833,9.930452333855426
255.37525667247695,57.40566981395949
255.38312769287063,1.251852745283771
255.39099871326428,7.500086531060268
255.39886973365796,0.5642007915030071
255.4067407540516,29.23574383266514
255.4146117744453,43.27641290849275
255.42248279483894,32.468872967795996
255.43035381523262,22.693050735152116
255.43822483562627,66.28219290769442
255.44609585601995,177.9153707417612
255.4539668764136,10.785388433923128
255.46183789680728,28.638897445977264
255.46970891720093,61.35924474718856
255.4775799375946,21.432963362302516
255.48545095798826,9.698135015253833
255.49332197838194,28.298185134023655
255.5011929987756,18.13992448196042
255.50906401916927,29.76474572669252
255.51693503956292,97.62327751079837
255.5248060599566,61.03861151028608
255.53267708035025,93.27173778304761
255.54054810074393,27.03519845578339
255.54841912113758,13.755351839307947
255.55629014153126,1.3161428196766054
255.56416116192494,31.875932837533878
255.5720321823186,9.620850750920187
255.57990320271227,2.0592547116790585
255.58777422310592,4.411753706810529
255.5956452434996,56.13521623130611
255.60351626389325,23.765650243528313
255.61138728428693,11.686520155900178
255.61925830468059,28.693145447477242
255.62712932507426,9.02282192029303
255.63500034546792,10.097336944523736
255.6428713658616,9.9240061614632
255.65074238625525,61.9689645518415
255.65861340664893,26.411922665087296
255.66648442704258,13.41712198674863
255.67435544743626,2.0031360283692514
255.6822264678299,92.49436435665987
255.69009748822359,10.717876925284248
255.69796850861724,101.90697389047487
255.70583952901092,22.90603369599238
255.71371054940457,65.79494248267972
255.72158156979825,9.53335495606849
255.7294525901919,2.1150665668619677
255.73732361058558,0.22591873895209602
255.74519463097923,29.80153480050325
255.7530656513729,7.800228611084136
255.76093667176656,48.45708079936068
255.76880769216024,1.1057009421647586
255.7766787125539,21.860372253434765
255.78454973294757,2.657482669622924
255.79242075334122,8.973084783871318
255.8002917737349,3.867081138807728
255.80816279412855,20.579699939121767
255.81603381452223,12.243135886037884
255.82390483491588,36.20577810918105
255.83177585530956,11.612233968370209
255.8396468757032,29.653205273149464
255.8475178960969,42.653916860862026
255.85538891649054,41.97878293025165
255.86325993688422,25.895613984449568
255.87113095727787,5.42957973384671
255.87900197767155,0.3242690169146217
255.8868729980652,12.73565136643215
255.89474401845888,19.81021304120379
255.90261503885256,23.270384915417875
255.9104860592462,2.09163558625173
255.9183570796399,11.908740401765888
255.92622810003354,22.07621561041426
255.93409912042722,70.59410105632043
255.94197014082087,24.213277488972217
255.94984116121455,28.976775569072096
255.9577121816082,8.357985162190925
255.96558320200188,86.89585303049762
255.97345422239553,7.430671042138619
255.9813252427892,17.678958642109084
255.98919626318286,5.81657818722676
255.99706728357654,7.684195839934146
256.00493830397016,4.325094082491612
256.01280932436384,29.602221312050705
256.0206803447575,5.993052944647288
256.0285513651512,4.0843582145170165
256.0364223855449,10.679447571417123
256.0442934059385,12.614595902288865
256.0521644263322,37.807177871732875
256.06003544672586,57.58404388831983
256.06790646711954,1.917482422967964
256.07577748751316,6.246106903366315
256.08364850790684,30.390344290352076
256.0915195283005,109.57565826654694
256.0993905486942,63.87962913316318
256.1072615690878,16.111806195577127
256.1151325894815,147.3223956461365
256.1230036098752,27.276058816029206
256.13087463026886,17.163398109462044
256.1387456506625,22.917657887491497
256.14661667105617,7.968836857857646
256.15448769144984,5.44176291831545
256.1623587118435,6.63067862474382
256.17022973223715,22.127136380077964
256.1781007526308,95.87307409819549
256.1859717730245,39.884482119856976
256.1938427934182,9.068183976458618
256.2017138138118,0.7976844017246291
256.2095848342055,0.34370325538515
256.21745585459917,1.3259876017701668
256.22532687499285,65.76379364745374
256.23319789538647,35.00915778476463
256.24106891578015,72.09154434669914
256.2489399361738,29.314980336755596
256.2568109565675,23.260367995239104
256.2646819769612,19.4953466494082
256.2725529973548,42.40306010529413
256.2804240177485,28.736045042524168
256.28829503814217,27.29636690959718
256.29616605853585,3.325524929857753
256.30403707892947,14.75045405829108
256.31190809932315,14.41721401659204
256.3197791197168,4.185787229404816
256.3276501401105,3.812066248803687
256.33552116050413,1.1995157453312009
256.3433921808978,5.591147033470205
256.3512632012915,3.250057376213432
256.35913422168517,0.514980820068464
256.3670052420788,9.879217184971004
256.37487626247247,9.17403281851599
256.38274728286615,45.417932652446105
256.3906183032598,15.092768632839404
256.39848932365345,3.97992120857532
256.40636034404713,5.210385593651761
256.4142313644408,4.787387031133089
256.4221023848345,27.345545811068302
256.4299734052281,40.05166464778821
256.4378444256218,8.763076566779898
256.44571544601547,47.397040410073124
256.45358646640915,7.983843309132818
256.4614574868028,11.523371085003504
256.46932850719645,42.29093938734081
256.47719952759013,118.68520277773173
256.4850705479838,67.32079843338134
256.49294156837743,5.5970092019960225
256.5008125887711,14.797895060721322
256.5086836091648,5.575916044651417
256.51655462955847,12.58584835004428
256.5244256499521,19.978954439763257
256.5322966703458,24.546674132144904
256.54016769073945,4.702980921168996
256.54803871113313,17.11649241208717
256.55590973152675,104.34180512614908
256.56378075192043,9.841962401835213
256.5716517723141,10.376310380473988
256.5795227927078,10.77800720297914
256.58739381310147,36.16177341036064
256.5952648334951,19.45382406958934
256.6031358538888,2.6574410708763643
256.61100687428245,50.972379647507275
256.61887789467613,81.09097487877
256.62674891506975,2.84179597508219
256.63461993546343,0.626034788344904
256.6424909558571,11.981326555518486
256.6503619762508,23.189770960019004
256.6582329966444,81.51482359370154
256.6661040170381,1.9859886047729212
256.6739750374318,2.924938336813372
256.68184605782545,7.3508957128871515
256.6897170782191,13.42636728610476
256.69758809861275,31.591125460270913
256.70545911900643,69.78755279812891
256.7133301394001,12.216557109319115
256.72120115979374,6.056574457905591
256.7290721801874,11.023171465898173
256.7369432005811,16.804585034725683
256.7448142209748,6.256403403394822
256.7526852413684,32.26639190062188
256.7605562617621,60.23433536670646
256.76842728215576,10.636368993022641
256.77629830254943,24.095737731414747
256.78416932294306,4.817338575523082
256.79204034333674,39.01134755784808
256.7999113637304,62.5854065527444
256.8077823841241,61.184290306611956
256.8156534045177,38.7599197364552
256.8235244249114,147.8087159939024
256.8313954453051,15.395928536348379
256.83926646569876,122.07922416418671
256.8471374860924,7.042543741064071
256.85500850648606,20.673717995359
256.86287952687974,265.9997052181517
256.8707505472734,54.51288217303685
256.87862156766704,4.211121288545953
256.8864925880607,0.8380045667474142
256.8943636084544,15.02098150349402
256.9022346288481,4.025646620668002
256.9101056492417,19.806337891473767
256.9179766696354,146.07483200081336
256.92584769002906,45.96761558176212
256.93371871042274,161.04329504100062
256.9415897308164,67.47068455263762
256.94946075121004,116.92948578822764
256.9573317716037,19.91943023523535
256.9652027919974,14.14405448446495
256.9730738123911,31.221311605771934
256.9809448327847,94.3453359930582
256.9888158531784,20.93283260337592
256.99668687357206,6.792514809846427
257.00455789396574,8.256640218710977
257.01242891435936,20.045724195285615
257.02029993475304,136.24351527207313
257.0281709551467,2.05773573082053
257.0360419755404,24.861716774308913
257.043912995934,4.438125872410981
257.0517840163277,87.20785654351208
257.0596550367214,3.0528890955006136
257.06752605711506,26.63854345324235
257.0753970775087,10.941457949054547
257.08326809790236,42.4898762748725
257.09113911829604,2.9943261116822866
257.0990101386897,3.1701283026711766
257.10688115908334,4.677937002383156
257.114752179477,41.221515240023756
257.1226231998707,31.590486486435776
257.1304942202644,268.4712853566556
257.138365240658,11.025296517257463
257.1462362610517,28.90809431116406
257.15410728144536,1.3313534396542386
257.16197830183904,25.83791111166973
257.16984932223266,11.715986797002826
257.17772034262634,4.984087589447105
257.18559136302,83.56344431587709
257.1934623834137,8.42439264155948
257.2013334038073,12.896132989291912
257.209204424201,4.856805924555594
257.2170754445947,15.710080403969872
257.22494646498836,55.947497838375504
257.232817485382,1.6482305582442134
257.24068850577567,20.48227616658908
257.24855952616934,25.037164755845804
257.256430546563,28.416724480859823
257.2643015669567,0.05621491958213624
257.2721725873503,21.411926028825405
257.280043607744,92.2520104089885
257.2879146281377,81.83844619685556
257.29578564853136,111.17473327064592
257.303656668925,47.961252675742536
257.31152768931867,12.78240629942485
257.31939870971235,3.898628191042032
257.327269730106,2.3711046028048703
257.33514075049965,1.259453349699059
257.3430117708933,98.29291100744454
257.350882791287,12.676044043112991
257.3587538116807,4.490333783301375
257.3666248320743,2.0248272288547042
257.374495852468,10.877718938654473
257.38236687286167,37.700904900157624
257.39023789325535,7.190867983753394
257.39810891364897,0.8588659300889459
257.40597993404265,34.856508528956915
257.4138509544363,19.29341687951115
257.42172197483,5.5290638844494495
257.42959299522363,7.822167541433412
257.4374640156173,6.137011935636502
257.445335036011,0.9770836047251379
257.45320605640467,15.43200603378157
257.4610770767983,5.6056301643518855
257.46894809719197,44.82935429065379
257.47681911758565,92.73310655321673
257.4846901379793,39.644578086573766
257.49256115837295,43.12483976320566
257.50043217876663,21.192564290730445
257.5083031991603,30.818219983011804
257.516174219554,6.958637435222756
257.5240452399476,45.63878782703151
257.5319162603413,1.9537678069482693
257.53978728073497,2.270708913824012
257.54765830112865,6.553609751875796
257.5555293215223,25.242795009483704
257.56340034191595,11.720119669012128
257.57127136230963,19.257131425129007
257.5791423827033,22.1650220116901
257.58701340309693,0.06541970487183554
257.5948844234906,8.702617090841214
257.6027554438843,7.445219651435381
257.61062646427797,39.782446813239716
257.61849748467165,24.18474578746467
257.6263685050653,9.585810713953805
257.63423952545895,3.2878319538678786
257.64211054585263,26.69401255629123
257.6499815662463,7.748794075644857
257.65785258663993,42.54969191479716
257.6657236070336,0.33155842785528805
257.6735946274273,2.47518164884351
257.68146564782097,26.15394465051962
257.6893366682146,22.836501139888043
257.6972076886083,52.60055360207845
257.70507870900195,14.860497469019476
257.71294972939563,101.22036825972162
257.72082074978925,1.0562005239841097
257.72869177018293,5.989151535037195
257.7365627905766,5.3322708185339405
257.7444338109703,8.421941928048971
257.7523048313639,102.20519377585045
257.7601758517576,16.93828981230583
257.7680468721513,181.92901939837583
257.77591789254495,8.550624704104646
257.7837889129386,73.80547464087401
257.79165993333226,2.4524837649446636
257.79953095372593,20.568236825672752
257.8074019741196,17.13970663925599
257.81527299451324,23.87494231709908
257.8231440149069,18.769120810337878
257.8310150353006,26.29633298902765
257.8388860556943,15.139972890457523
257.8467570760879,6.6327239499673745
257.8546280964816,2.6651358039836115
257.86249911687526,4.489391352154458
257.87037013726894,105.35242488663081
257.87824115766256,17.603701756595537
257.88611217805624,125.0887103608616
257.8939831984499,31.381638782406228
257.9018542188436,10.308782505115111
257.9097252392372,7.323687419818478
257.9175962596309,8.493814093168824
257.9254672800246,14.6981826959111
257.93333830041826,3.3681366975207965
257.94120932081194,1.951713224348552
257.94908034120556,42.04153752396697
257.95695136159924,139.45380495172665
257.9648223819929,55.21696134592002
257.9726934023866,46.82420100246063
257.9805644227802,3.1774724659384654
257.9884354431739,16.67473932380224
257.9963064635676,33.4518583119999
258.00417748396126,194.79309119321414
258.0120485043549,38.722933060819685
258.01991952474856,50.16263114039025
258.02779054514224,8.647271683858635
258.0356615655359,132.822319276907
258.04353258592954,11.057579554747079
258.0514036063232,5.028853096779946
258.0592746267169,8.801588861574384
258.0671456471106,89.6503038929268
258.0750166675042,15.089900660840373
258.0828876878979,7.461779952078184
258.09075870829156,3.140963138938133
258.09862972868524,2.299048854696837
258.10650074907886,198.5332557160789
258.11437176947254,2.4838950042132075
258.1222427898662,14.067123534256798
258.1301138102599,50.32186997800414
258.1379848306535,31.15269566170143
258.1458558510472,6.8179096790277764
258.1537268714409,9.478432373737983
258.16159789183456,111.30312460068438
258.1694689122282,10.86319802242429
258.17733993262186,36.11092516812534
258.18521095301554,40.39128041507828
258.1930819734092,29.31545772989922
258.20095299380284,0.7411312321250144
258.2088240141965,23.463294580312574
258.2166950345902,19.298190918068805
258.2245660549839,1.7449487213325883
258.2324370753775,26.526994334750018
258.2403080957712,14.085833617349445
258.24817911616486,12.851599366934606
258.25605013655854,8.056359890036171
258.2639211569522,15.936064924903606
258.27179217734584,128.5430971888753
258.2796631977395,22.950664860670706
258.2875342181332,85.28096888721214
258.2954052385269,30.052186309660303
258.3032762589205,40.024468386402596
258.3111472793142,30.71628068002225
258.31901829970786,15.939163091653128
258.32688932010154,4.315889588650393
258.33476034049517,41.021786141204615
258.34263136088884,23.663296025636516
258.3505023812825,8.758354305963882
258.3583734016762,20.7987800087766
258.3662444220698,2.296821355434781
258.3741154424635,47.36104592587724
258.3819864628572,33.10720925153642
258.38985748325086,0.7181140400043284
258.3977285036445,10.515347387433142
258.40559952403817,6.099526083870538
258.41347054443185,5.70581706396538
258.4213415648255,11.718412823689855
258.42921258521915,12.967338352765278
258.4370836056128,5.56824138808782
258.4449546260065,20.02240752208838
258.4528256464002,30.059786940786154
258.4606966667938,21.19409409431644
258.4685676871875,31.36885012853144
258.47643870758117,15.170785630819687
258.48430972797485,34.55963417971457
258.49218074836847,5.046446921393803
258.50005176876215,6.82267609766583
258.5079227891558,51.92330274069958
258.5157938095495,3.439358641254353
258.52366482994313,6.928743168987919
258.5315358503368,34.31661312708769
258.5394068707305,101.01214569027664
258.54727789112417,72.28589466205803
258.5551489115178,36.971673301986606
258.56301993191147,4.780459328195184
258.57089095230515,23.267983799854786
258.5787619726988,57.18162836972709
258.58663299309245,30.777533223025458
258.59450401348613,32.36933814967202
258.6023750338798,0.3981075908932243
258.6102460542735,91.52808318360643
258.61811707466717,0.8142643255371973
258.6259880950608,10.058800937855766
258.63385911545447,61.354102665792084
258.64173013584815,68.35849833324745
258.64960115624183,32.60529792652808
258.65747217663545,136.8199837130618
258.66534319702913,2.480103261165464
258.6732142174228,18.924120139955278
258.6810852378165,67.82455250120161
258.6889562582101,74.91402831341789
258.6968272786038,7.553944683699941
258.70469829899747,14.72790158122118
258.71256931939115,6.801023147486173
258.7204403397848,21.90037376818831
258.72831136017845,4.684831391797358
258.73618238057213,17.47171561726129
258.7440534009658,100.05260647716649
258.75192442135943,39.44760085775314
258.7597954417531,24.416410641391103
258.7676664621468,9.841628415316919
258.77553748254047,20.260974264053257
258.7834085029341,19.01320082759836
258.7912795233278,63.08383059844623
258.79915054372145,10.261837617804405
258.80702156411513,0.901044512380714
258.81489258450875,24.42875594963287
258.82276360490243,2.4158475708945124
258.8306346252961,2.739215411376994
258.8385056456898,17.926758042704797
258.8463766660834,8.081304335606276
258.8542476864771,1.203903394004907
258.8621187068708,7.843576949747581
258.86998972726445,22.752723833102486
258.8778607476581,136.66357563143006
258.88573176805176,56.53313574101834
258.89360278844543,13.186839837376079
258.9014738088391,24.171288530546338
258.90934482923274,14.366091761507045
258.9172158496264,36.36177681685174
258.9250868700201,12.492572362512945
258.9329578904138,181.07689879890978
258.94082891080745,102.78221736119242
258.9486999312011,190.93389468037714
258.95657095159476,3.3013287400653533
258.96444197198844,1.05181890232285
258.9723129923821,24.799934442462764
258.98018401277574,19.85741354482556
258.9880550331694,48.790035637259976
258.9959260535631,1.545748343788442
259.0037970739568,26.76724300788195
259.0116680943504,5.696738835336041
259.0195391147441,125.41746904111724
259.02741013513776,24.905059590970097
259.03528115553144,4.244749601994706
259.04315217592506,55.02254433623676
259.05102319631874,5.169968620915049
259.0588942167124,67.38611895552363
259.0667652371061,90.68944230283222
259.0746362574997,0.9756477674529161
259.0825072778934,128.55315079512587
259.0903782982871,0.7184034134314594
259.09824931868076,29.122813378474184
259.1061203390744,0.7764856480383164
259.11399135946806,2.5696659219027733
259.12186237986174,10.440576608717917
259.1297334002554,11.709900608100327
259.13760442064904,1.2835711369118508
259.1454754410427,28.051986124672677
259.1533464614364,59.64803549760556
259.1612174818301,3.5718430742204657
259.1690885022237,8.050940592073001
259.1769595226174,21.89434805727474
259.18483054301106,20.913074436319533
259.19270156340474,16.07059104025349
259.20057258379836,35.836003105074354
259.20844360419204,4.909211681089006
259.2163146245857,33.68095100957566
259.2241856449794,40.11368409222099
259.232056665373,4.072954377254774
259.2399276857667,4.064844690798754
259.2477987061604,19.478350608653255
259.25566972655406,88.50135847603373
259.2635407469477,5.614750200645149
259.27141176734136,26.951916825875156
259.27928278773504,16.03140770820094
259.2871538081287,54.14647188135607
259.2950248285224,11.442503660978483
259.302895848916,9.174611970157839
259.3107668693097,30.748959876575334
259.3186378897034,19.916729389710284
259.32650891009706,38.156337559476604
259.3343799304907,106.75948902402095
259.34225095088436,23.54563810841766
259.35012197127804,57.5658035045402
259.3579929916717,14.1573714452487
259.36586401206534,9.282256320673845
259.373735032459,140.33244066061147
259.3816060528527,114.93107973289763
259.3894770732464,11.053698784152724
259.39734809364,30.72257976642375
259.4052191140337,25.713053632652223
259.41309013442736,47.5183432972638
259.42096115482104,7.863105470016941
259.42883217521467,10.328924809530719
259.43670319560835,25.434940506292502
259.444574216002,10.411863576532925
259.4524452363957,12.151621085973916
259.4603162567893,86.42830737810797
259.468187277183,59.78871670408822
259.4760582975767,74.03067080717798
259.48392931797036,4.694054791410136
259.491800338364,41.94051621458449
259.49967135875767,12.916093246236292
259.50754237915135,9.750881244440842
259.515413399545,28.163611721339176
259.52328441993865,52.404224809535265
259.5311554403323,17.772812127895886
259.539026460726,4.0263164774607025
259.5468974811197,95.62834191225704
259.5547685015133,33.38041609847547
259.562639521907,41.41029607744291
259.57051054230067,4.099220324985967
259.57838156269435,166.22600388057026
259.58625258308797,162.6053468441507
259.59412360348165,31.056536097587415
259.6019946238753,23.292758442195456
259.609865644269,91.99318888576695
259.6177366646627,37.201752946120166
259.6256076850563,14.833817679540292
259.63347870545,10.644787980353415
259.64134972584367,40.747552091887066
259.64922074623735,69.3957955855664
259.65709176663097,4.5862707939362135
259.66496278702465,1.6726285887469663
259.67283380741833,84.9575655921494
259.680704827812,0.6588059938631492
259.68857584820563,1.3394276513594923
259.6964468685993,39.079782397826946
259.704317888993,21.3705562415706
259.71218890938667,15.612058481112074
259.7200599297803,52.2055958012173
259.72793095017397,19.105822134604495
259.73580197056765,38.18110042423329
259.74367299096133,53.84776621813697
259.75154401135495,30.258105271818373
259.75941503174863,3.0631155072275975
259.7672860521423,5.349723713812314
259.775157072536,24.684765026281507
259.7830280929296,19.775110769258458
259.7908991133233,43.31794128804751
259.79877013371697,5.005537384825017
259.80664115411065,10.9578097220407
259.8145121745043,3.3968773530604275
259.82238319489795,9.762305118749468
259.83025421529163,3.023376685767915
259.8381252356853,1.610236463346888
259.84599625607893,44.196014886129845
259.8538672764726,22.23772764060395
259.8617382968663,5.964563011868369
259.86960931726,10.542455440970887
259.8774803376536,6.747076094005005
259.8853513580473,9.889238918604377
259.89322237844095,41.00975527927054
259.90109339883463,7.295566143756429
259.90896441922825,172.3941528659736
259.91683543962193,7.320835939076265
259.9247064600156,38.38150569807435
259.9325774804093,26.345429493345005
259.9404485008029,38.26738084171934
259.9483195211966,34.62800984389412
259.9561905415903,10.06746952234784
259.96406156198395,4.433051038072885
259.97193258237763,1.1528207989298962
259.97980360277126,44.601449730333826
259.98767462316493,7.799636451301237
259.9955456435586,28.787475080192745
260.0034166639523,204.0616466884661
260.0112876843459,15.58938513306725
260.0191587047396,27.839349410636917
260.0270297251333,2.4621753102208803
260.03490074552695,15.04198940942202
260.0427717659206,34.63051978323266
260.05064278631426,68.51961259434445
260.05851380670794,6.378708510451311
260.0663848271016,30.22262988856095
260.07425584749524,7.892809333820781
260.0821268678889,10.070409999992929
260.0899978882826,97.1272989887875
260.0978689086763,29.83746208837347
260.1057399290699,33.89941279390863
260.1136109494636,71.03445262512876
260.12148196985726,47.057720418918514
260.12935299025094,0.9707748220518366
260.13722401064456,20.769419084858118
260.14509503103824,49.991479138888714
260.1529660514319,15.529442605137243
260.1608370718256,73.28472925940453
260.1687080922192,18.605590127317225
260.1765791126129,5.739411838312982
260.1844501330066,3.1099932703216857
260.19232115340026,12.466492931809798
260.2001921737939,5.954477390921825
260.20806319418756,17.160460278226136
260.21593421458124,34.996554095561436
260.2238052349749,2.2026866222907286
260.23167625536854,29.996529910924682
260.2395472757622,42.19061965486721
260.2474182961559,2.150246225045689
260.2552893165496,14.400409981959713
260.2631603369432,9.724173368948138
260.2710313573369,0.8796694847044059
260.27890237773056,17.90276709477609
260.28677339812424,60.62406893335036
260.2946444185179,1.2756206002545236
260.30251543891154,19.67084351376718
260.3103864593052,93.29912254837028
260.3182574796989,3.093176870820803
260.3261285000926,25.16538774858757
260.3339995204862,67.94151266218434
260.3418705408799,5.674539483273902
260.34974156127356,2.7431689277293216
260.35761258166724,48.60885596248355
260.36548360206086,47.16072944663854
260.37335462245454,6.418678674815849
260.3812256428482,8.994036807297057
260.3890966632419,14.092938620633156
260.3969676836355,32.33937875844052
260.4048387040292,33.796638727815825
260.4127097244229,45.35980143830279
260.42058074481656,7.144796590219479
260.4284517652102,115.92525838462241
260.43632278560386,1.361510833701505
260.44419380599754,30.972663897586248
260.4520648263912,7.8095054607648
260.45993584678484,19.854622641948882
260.4678068671785,59.515579290280414
260.4756778875722,63.48277940232471
260.4835489079659,5.246128809834245
260.4914199283595,3.9351991431948323
260.4992909487532,18.130101216030333
260.50716196914686,148.46846805960172
260.51503298954054,38.31344509249869
260.52290400993417,15.44131826672219
260.53077503032785,19.91177758571841
260.5386460507215,36.78673235018628
260.5465170711152,10.230920524451136
260.5543880915088,13.423160497799167
260.5622591119025,130.38916152686483
260.5701301322962,51.38188364988142
260.57800115268986,13.982457917301934
260.5858721730835,14.002420882727257
260.59374319347717,20.977549760373098
260.60161421387085,19.441338114080516
260.6094852342645,19.489377663603587
260.61735625465815,16.43960016297662
260.6252272750518,8.513383957966877
260.6330982954455,31.446632488780875
260.6409693158392,1.7569842201525512
260.64884033623287,6.982802345668857
260.6567113566265,42.82884553266632
260.66458237702017,12.341139760727751
260.67245339741385,13.222938978498085
260.6803244178075,6.849974408052294
260.68819543820115,1.2153438277311386
260.6960664585948,8.571795133810518
260.7039374789885,1.8963330511617151
260.7118084993822,18.31256638465833
260.7196795197758,53.921627317247165
260.7275505401695,45.156109488837316
260.73542156056317,18.731330138409945
260.74329258095685,12.918864131587522
260.75116360135047,22.736724902306694
260.75903462174415,35.27965973835427
260.76690564213783,7.206865887895993
260.7747766625315,2.1090511659929065
260.78264768292513,0.1259304533240531
260.7905187033188,37.907335299872926
260.7983897237125,0.6729379245064501
260.80626074410617,12.27321908582854
260.8141317644998,28.069333189184928
260.82200278489347,21.28512851857667
260.82987380528715,29.426801947838655
260.83774482568083,47.1394512489498
260.84561584607445,19.092002143625436
260.85348686646813,23.203468606505027
260.8613578868618,3.1614052495717053
260.8692289072555,1.431674884566248
260.8770999276491,8.856487511533063
260.8849709480428,10.141603417322456
260.89284196843647,5.732968080119222
260.90071298883015,25.231793665938483
260.9085840092238,15.02756206296199
260.91645502961745,1.7988755352395565
260.92432605001113,10.514756223717297
260.9321970704048,48.752131840021875
260.94006809079843,23.472244506982516
260.9479391111921,41.500713344506494
260.9558101315858,20.352593710880207
260.9636811519795,19.70247388296325
260.97155217237315,34.10993899936548
260.9794231927668,34.565985253843955
260.98729421316045,55.437649983778265
260.99516523355413,5.396635536994367
261.0030362539478,50.61837876936967
261.01090727434143,8.381863117119916
261.0187782947351,1.7554398808602103
261.0266493151288,7.560852857192139
261.0345203355225,2.4415253439016773
261.0423913559161,27.500097015930308
261.0502623763098,59.54181890019364
261.05813339670345,2.0230629108394766
261.06600441709713,8.659151990036522
261.07387543749076,54.45632449219065
261.08174645788444,5.840911839412165
261.0896174782781,42.13863631821129
261.0974884986718,5.2575333962475055
261.1053595190654,7.384491271071742
261.1132305394591,10.42657905723938
261.1211015598528,69.1872233578793
261.12897258024645,35.25716809075449
261.1368436006401,32.412241620955655
261.14471462103376,1.7623066310601048
261.15258564142744,24.526046771802452
261.1604566618211,18.158323425518454
261.16832768221474,46.57968424579203
261.1761987026084,83.97299471518826
261.1840697230021,8.42657765131902
261.1919407433958,32.25486929720152
261.1998117637894,1.7522359117617798
261.2076827841831,1.4162257123732944
261.21555380457676,42.130314421888684
261.22342482497044,11.268529340499752
261.23129584536406,10.567667423642034
261.23916686575774,5.927199899779418
261.2470378861514,4.918459619845652
261.2549089065451,7.258446591112809
261.2627799269387,2.497533606237318
261.2706509473324,18.70825612831546
261.2785219677261,114.6929560279865
261.28639298811976,22.45708508028661
261.2942640085134,16.71593538021158
261.30213502890706,30.971912343067203
261.31000604930074,6.776745874465739
261.3178770696944,7.30202386633361
261.3257480900881,30.535500050839673
261.3336191104817,89.13685954402416
261.3414901308754,111.39372694309806
261.3493611512691,13.935138335630597
261.35723217166276,20.147266522985504
261.3651031920564,55.55472135222686
261.37297421245006,16.82127208866919
261.38084523284374,42.887115758648214
261.3887162532374,30.11151456022744
261.39658727363104,14.340995550855249
261.4044582940247,8.988165095949705
261.4123293144184,8.373057096288148
261.4202003348121,0.959035146800482
261.4280713552057,45.874695275097594
261.4359423755994,20.872131512873384
261.44381339599306,15.726249470547495
261.45168441638674,11.256633336366095
261.45955543678036,112.50065868391175
261.46742645717404,27.48916487888624
261.4752974775677,79.986200475708
261.4831684979614,37.51655568480946
261.491039518355,64.52580499154371
261.4989105387487,25.017386053699163
261.5067815591424,27.498845547040865
261.51465257953606,34.103310910232054
261.5225235999297,6.45890410639319
261.53039462032336,65.4559229857465
261.53826564071704,40.92279156774118
261.5461366611107,6.587288119936357
261.55400768150434,42.06649919533821
261.561878701898,3.2468521660360383
261.5697497222917,9.534233704133074
261.5776207426854,9.458343946733983
261.585491763079,127.44361812855448
261.5933627834727,9.181829540198308
261.60123380386636,5.38094996014874
261.60910482426004,3.9435780133879703
261.61697584465367,0.7239217249328606
261.62484686504735,6.810022498889935
261.632717885441,3.750677405223524
261.6405889058347,3.8950347755872152
261.6484599262284,60.23461698168094
261.656330946622,0.14675909633307618
261.6642019670157,1.307615209321917
261.67207298740936,7.580560927775655
261.67994400780304,0.9345884492702338
261.68781502819667,20.71855996559165
261.69568604859035,48.873343440590304
261.703557068984,18.830698478696114
261.7114280893777,9.964737440400128
261.7192991097713,22.499356146312465
261.727170130165,38.00760357333693
261.7350411505587,82.877938848698
261.74291217095237,59.96571984198588
261.750783191346,21.147064774998217
261.75865421173967,12.090338472612645
261.76652523213335,21.92762726077163
261.774396252527,0.506918206253123
261.78226727292065,8.720336290671664
261.7901382933143,26.52592456308263
261.798009313708,24.45735485168114
261.8058803341017,44.49443780986941
261.8137513544953,102.05862147273454
261.821622374889,1.668800298306431
261.82949339528267,5.78403385478234
261.83736441567635,46.59611106553653
261.84523543606997,131.88815032549323
261.85310645646365,41.841116145357375
261.86097747685733,1.4107172242728356
261.868848497251,78.20338204429316
261.87671951764463,63.14269828261827
261.8845905380383,88.09278796834214
261.892461558432,34.843096068055786
261.90033257882567,13.495769052724834
261.9082035992193,23.763746135837444
261.91607461961297,8.504687718908867
261.92394564000665,32.31806855168463
261.93181666040033,27.355539163898964
261.93968768079395,4.028095905219751
261.94755870118763,5.157007672052642
261.9554297215813,4.793217525038204
261.963300741975,2.2699616285050968
261.9711717623686,7.0849160587201
261.9790427827623,0.5258969096364543
261.98691380315597,2.6531809056692346
261.99478482354965,18.66780948580005
262.00265584394333,35.358384958620356
262.01052686433695,11.864472859490215
262.01839788473063,24.518276671087147
262.0262689051243,17.05438818181211
262.034139925518,62.63062931585254
262.0420109459116,13.637490504644985
262.0498819663053,40.98053961060188
262.057752986699,28.5546095807353
262.06562400709265,16.693070738397044
262.0734950274863,1.3026235113731313
262.08136604787995,2.562806000402791
262.08923706827363,46.898372598023045
262.0971080886673,33.46796379092464
262.10497910906093,9.525382208049177
262.1128501294546,23.261272117665047
262.1207211498483,35.587398974671856
262.128592170242,0.1856938947562121
262.1364631906356,20.510372432554284
262.1443342110293,127.20593686792485
262.15220523142295,32.87437281377481
262.16007625181663,8.481999381674461
262.16794727221026,13.881571909590898
262.17581829260394,29.246522263115207
262.1836893129976,22.659350550439573
262.1915603333913,42.826796384035475
262.1994313537849,22.82900339865985
262.2073023741786,146.070989062741
262.2151733945723,0.38262056247389414
262.22304441496595,27.91985457610548
262.2309154353596,70.35372437561837
262.23878645575326,63.911698530507365
262.24665747614694,9.064257854735374
262.2545284965406,62.364917901078556
262.26239951693424,36.13774453345025
262.2702705373279,5.391173393697253
262.2781415577216,17.802860971903794
262.2860125781153,40.21094111694068
262.2938835985089,11.376571469395204
262.3017546189026,112.15869650080717
262.30962563929626,18.89420478205763
262.31749665968994,197.6176143310454
262.3253676800836,28.858298332072902
262.33323870047724,19.689713522364574
262.3411097208709,22.55450516244905
262.3489807412646,68.40438420533813
262.3568517616583,24.980079008736105
262.3647227820519,0.1528292737382049
262.3725938024456,7.362112961676278
262.38046482283926,118.5086955000804
262.38833584323294,35.54230869065212
262.39620686362656,71.84239943521752
262.40407788402024,3.388914858224677
262.4119489044139,28.24312446935826
262.4198199248076,37.64492294631256
262.4276909452012,55.790940277150575
262.4355619655949,4.009649649325836
262.4434329859886,16.586837645838575
262.45130400638226,43.51548549337837
262.4591750267759,34.10366922054806
262.46704604716956,108.90572969552018
262.47491706756324,19.186438358207685
262.4827880879569,69.04321530684322
262.49065910835054,99.27264831089906
262.4985301287442,18.059547904169662
262.5064011491379,16.18607052871667
262.5142721695316,6.88217814656728
262.5221431899252,11.357605965057093
262.5300142103189,4.7888052176882026
262.53788523071256,8.378950582227473
262.54575625110624,7.764382473410633
262.55362727149986,4.575782191476335
262.56149829189354,22.14510209456378
262.5693693122872,17.603565964062884
262.5772403326809,12.840871402763419
262.5851113530745,14.76597064413419
262.5929823734682,3.2641457813103902
262.6008533938619,30.88226602068673
262.60872441425556,8.55825043747484
262.6165954346492,32.81615221517122
262.62446645504286,11.287032190512036
262.63233747543654,7.07648999048461
262.6402084958302,13.141749220666979
262.64807951622385,15.545245488934894
262.6559505366175,26.95618606613667
262.6638215570112,6.712114312414832
262.6716925774049,192.90878896701946
262.67956359779856,60.538129904845306
262.6874346181922,49.663123233814204
262.69530563858586,15.88253662136655
262.70317665897954,11.267048166693105
262.7110476793732,40.42945795546076
262.71891869976685,13.956097509075533
262.7267897201605,82.79752130176658
262.7346607405542,3.1811334812062233
262.7425317609479,83.50381758616494
262.7504027813415,4.676532425164971
262.7582738017352,44.71164197898796
262.76614482212887,38.97245337349803
262.77401584252254,37.3283659661164
262.78188686291617,19.71245616087069
262.78975788330985,31.496048614544573
262.7976289037035,3.4974928399650826
262.8054999240972,18.28597292372782
262.8133709444908,16.440257936772305
262.8212419648845,22.793517153694786
262.8291129852782,8.404427970658142
262.83698400567187,14.500382472964
262.8448550260655,9.857995228842357
262.85272604645917,16.722579415744438
262.86059706685285,12.443018281501253
262.8684680872465,44.146708247508776
262.87633910764015,115.68511809001485
262.8842101280338,19.652653452392258
262.8920811484275,7.0674524535994765
262.8999521688212,41.637082371669145
262.9078231892148,77.2424994474741
262.9156942096085,17.429792595434485
262.92356523000217,11.992305851202653
262.93143625039585,38.41449111798858
262.93930727078947,62.496328958031874
262.94717829118315,64.34650263291716
262.95504931157683,279.85159332348326
262.9629203319705,0.9802501491929384
262.97079135236413,47.89707231061816
262.9786623727578,3.7569206946341347
262.9865333931515,15.274919093496115
262.99440441354517,25.83562336895602
263.00227543393885,10.937439976094641
263.01014645433247,2.6379170406559074
263.01801747472615,36.280207823045515
263.02588849511983,24.580497499273967
263.0337595155135,6.9583589886671575
263.04163053590713,9.35170643570129
263.0495015563008,20.200128201622547
263.0573725766945,27.73716912154167
263.06524359708817,14.493440000546698
263.0731146174818,53.86003652020329
263.0809856378755,1.8333335042539787
263.08885665826915,11.206003595202699
263.09672767866283,22.021637102796156
263.10459869905645,41.93076417264579
263.11246971945013,13.199486931965197
263.1203407398438,29.739574849578844
263.1282117602375,1.1284847145781378
263.1360827806311,28.339745870274623
263.1439538010248,4.918773288337172
263.1518248214185,0.37888783507294943
263.15969584181215,4.781820609174698
263.1675668622058,9.058444475264498
263.17543788259945,1.4002024521979866
263.18330890299313,0.17455240082554788
263.1911799233868,2.3894240509655797
263.19905094378043,0.33482306796748884
263.2069219641741,4.33098013471351
263.2147929845678,8.720702353158014
263.2226640049615,25.81627479984675
263.2305350253551,9.300317465596619
263.2384060457488,5.8844605646683235
263.24627706614245,1.8157500427901359
263.25414808653613,49.83260329349765
263.26201910692976,23.698435819710554
263.26989012732344,1.2963437075245337
263.2777611477171,26.655989148415603
263.2856321681108,121.1755393593886
263.2935031885044,43.254140381681474
263.3013742088981,25.184160514111923
263.3092452292918,5.395010511020216
263.31711624968545,7.915882263100027
263.3249872700791,78.94312711358575
263.33285829047276,88.83793383347425
263.34072931086644,148.07460094324261
263.3486003312601,26.924365448979145
263.3564713516538,4.1232212785828
263.3643423720474,7.481792010363914
263.3722133924411,111.28752423791985
263.3800844128348,36.452616306001964
263.38795543322846,10.221133264488858
263.3958264536221,55.920946890166704
263.40369747401576,27.171242370328862
263.41156849440944,40.04492918449665
263.4194395148031,0.545423685506613
263.42731053519674,36.558661677167905
263.4351815555904,41.46806555927887
263.4430525759841,50.97900501742164
263.4509235963778,14.328023379363923
263.4587946167714,50.749136800337034
263.4666656371651,30.353227215526008
263.47453665755876,0.747938395978861
263.48240767795244,0.7446177688734938
263.49027869834606,7.634567293750599
263.49814971873974,5.726470615582943
263.5060207391334,31.739668913038447
263.5138917595271,14.607787106202286
263.5217627799207,18.81957582926394
263.5296338003144,54.566232768375976
263.5375048207081,4.164900629838748
263.54537584110176,73.10180216874912
263.5532468614954,20.671605342484277
263.56111788188906,3.0117921375912675
263.56898890228274,7.0935754148731265
263.5768599226764,7.395029007350532
263.58473094307004,6.773726763629337
263.5926019634637,13.918062239690762
263.6004729838574,50.6337095328597
263.6083440042511,62.14657089484526
263.6162150246447,13.835914973612127
263.6240860450384,56.619559200192256
263.63195706543206,18.927656315389477
263.63982808582574,35.77649852674831
263.64769910621936,39.76871097133603
263.65557012661304,0.027683628991190038
263.6634411470067,36.723458598980216
263.6713121674004,0.2203951543159452
263.6791831877941,25.101063210771326
263.6870542081877,43.53983551668085
263.6949252285814,4.688429311866227
263.70279624897506,20.78623333425523
263.71066726936874,43.12960700688617
263.71853828976236,3.28536663844433
263.72640931015604,33.04520436722542
263.7342803305497,22.422159213727728
263.7421513509434,13.635671707619043
263.750022371337,30.247972214639347
263.7578933917307,3.485874028206676
263.7657644121244,7.976315200038846
263.77363543251806,6.3254591792272565
263.7815064529117,7.993173321935638
263.78937747330536,23.526681292312407
263.79724849369904,25.317554370011475
263.8051195140927,74.47470486375829
263.81299053448635,28.700680976439315
263.82086155488,3.826843161108025
263.8287325752737,19.03410215869332
263.8366035956674,10.469447250152388
263.844474616061,36.69997152147517
263.8523456364547,11.091579452408117
263.86021665684837,25.070658756004697
263.86808767724204,185.5645190852049
263.87595869763567,3.8305866334885725
263.88382971802935,30.09277123748851
263.891700738423,14.316922544481939
263.8995717588167,52.857548722517784
263.9074427792103,25.023688913939797
263.915313799604,107.98306462562495
263.9231848199977,8.859097394433034
263.93105584039137,52.3356978214482
263.938926860785,3.1038037614873533
263.94679788117867,7.856561566558717
263.95466890157235,8.865062832159252
263.962539921966,81.27912776911084
263.97041094235965,98.27347369363213
263.97828196275333,28.568017063537653
263.986152983147,37.83967810871984
263.9940240035407,14.572691630378069
264.0018950239343,83.12751945596973
264.009766044328,1.47995588687954
264.01763706472167,37.543263553619376
264.02550808511535,0.8797060088125737
264.033379105509,1.597999477197556
264.04125012590265,66.80154418253592
264.04912114629633,52.23310164560602
264.05699216669,77.11250042683513
264.0648631870837,12.701570094259129
264.0727342074773,51.455763151421095
264.080605227871,81.23608337944589
264.08847624826467,32.33952269377447
264.09634726865835,36.39243593637641
264.10421828905197,7.545407586622578
264.11208930944565,15.66420859034009
264.11996032983933,6.190165097862228
264.127831350233,42.44299437293963
264.13570237062663,38.78478358209048
264.1435733910203,29.509041582274282
264.151444411414,2.825423346773017
264.15931543180767,1.812687945476987
264.1671864522013,38.10528709952204
264.175057472595,103.6351721105081
264.18292849298865,25.542679000911438
264.19079951338233,5.572758612665513
264.19867053377595,18.784684518043846
264.20654155416963,55.80947605100042
264.2144125745633,45.23201047287422
264.222283594957,46.95047531613787
264.2301546153506,10.766355030550683
264.2380256357443,101.43884964608024
264.245896656138,51.94733254783624
264.25376767653165,11.69370022235695
264.2616386969253,2.5481112629432516
264.26950971731895,5.614565923356744
264.27738073771263,89.18907197615466
264.2852517581063,101.03313015662356
264.29312277849994,66.40173367047092
264.3009937988936,23.998191071834448
264.3088648192873,23.927830466293976
264.316735839681,43.8620961662159
264.3246068600746,33.13826214470558
264.3324778804683,15.449906746528068
264.34034890086195,13.136516843052169
264.34821992125563,108.6739011594237
264.3560909416493,11.885554897971595
264.36396196204294,4.631205243700013
264.3718329824366,77.82992079190825
264.3797040028303,78.51290604221828
264.387575023224,4.038361658011082
264.3954460436176,63.66607134496332
264.4033170640113,36.06049213517476
264.41118808440496,63.92911080907115
264.41905910479863,30.649416020191495
264.42693012519226,48.3400280942887
264.43480114558594,0.4620995371035401
264.4426721659796,49.232145696988674
264.4505431863733,0.7228743337131726
264.4584142067669,103.18213190447538
264.4662852271606,26.883427760721304
264.4741562475543,17.315101755938212
264.48202726794796,4.7503603745437175
264.4898982883416,6.1185070017696255
264.49776930873526,3.7398697494893467
264.50564032912894,30.509387169584034
264.5135113495226,7.285832844078663
264.52138236991624,37.833593746713234
264.5292533903099,29.25603144813247
264.5371244107036,9.067880442261124
264.5449954310973,2.793898128620089
264.5528664514909,28.01197725510904
264.5607374718846,62.43974274403969
264.56860849227826,73.61293661173204
264.57647951267194,8.244768083289305
264.58435053306556,5.840193744975129
264.59222155345924,0.3314880800641494
264.6000925738529,5.701499932364805
264.6079635942466,73.23040853954427
264.6158346146402,17.597210011924258
264.6237056350339,16.372643946361762
264.6315766554276,5.068778151107086
264.63944767582126,85.7151088248201
264.6473186962149,47.966676959876544
264.65518971660856,141.82849049783758
264.66306073700224,32.501313181293895
264.6709317573959,19.28787005131409
264.6788027777896,147.72470297509986
264.6866737981832,65.31098855318048
264.6945448185769,5.195467744189275
264.7024158389706,22.453394009953428
264.71028685936426,3.0069195469750754
264.7181578797579,17.62511353116458
264.72602890015156,0.5905210298757739
264.73389992054524,2.0836932226972262
264.7417709409389,0.8064722741387644
264.74964196133254,0.44875733532362716
264.7575129817262,6.504277468922894
264.7653840021199,12.94505231596007
264.7732550225136,10.021950728604835
264.7811260429072,27.672298142626545
264.7889970633009,7.226919370328992
264.79686808369456,7.762882612260408
264.80473910408824,124.58836653968687
264.81261012448186,97.30083242911535
264.82048114487554,69.16480979478291
264.8283521652692,4.5423414760577465
264.8362231856629,53.34400225055666
264.8440942060565,16.855996745028918
264.8519652264502,34.79794721213283
264.8598362468439,10.734896737759968
264.86770726723756,136.25767094043618
264.8755782876312,93.61414925692021
264.88344930802486,3.126015735046896
264.89132032841854,5.656775129821114
264.8991913488122,2.499864361611938
264.90706236920585,2.661346147285873
264.9149333895995,9.997616289940282
264.9228044099932,7.574979922330622
264.9306754303869,9.155955752157098
264.9385464507805,7.868336293322279
264.9464174711742,12.100020613961767
264.95428849156787,22.255073930432665
264.96215951196154,23.55010023558447
264.97003053235517,46.04174459764012
264.97790155274885,6.081892258024098
264.9857725731425,30.9117114426235
264.9936435935362,23.777987503555746
265.0015146139298,22.950670010838387
265.0093856343235,8.779062186795027
265.0172566547172,16.195875874248657
265.02512767511087,12.45273924983148
265.03299869550455,38.31999008397432
265.04086971589817,6.9551354492968676
265.04874073629185,0.940577920422797
265.0566117566855,53.41165371172309
265.0644827770792,2.6678507013018087
265.07235379747283,22.029780685509266
265.0802248178665,10.863520995264558
265.0880958382602,0.7494940169210024
265.09596685865387,45.6510547300971
265.1038378790475,6.704508100401752
265.11170889944117,30.734066600903216
265.11957991983485,7.2491426016549525
265.1274509402285,56.727924952503784
265.13532196062215,39.6761658172357
265.14319298101583,35.75707841268384
265.1510640014095,6.760894270355669
265.1589350218032,3.884209679786744
265.1668060421968,9.458578371278703
265.1746770625905,53.76491011546472
265.18254808298417,0.12579414167403277
265.19041910337785,42.940858282566474
265.19829012377147,22.79215190674209
265.20616114416515,32.00930955699273
265.21403216455883,137.2412570154651
265.2219031849525,14.049165924168124
265.22977420534613,18.456045098105005
265.2376452257398,3.406097494716939
265.2455162461335,30.85444815774427
265.25338726652717,26.093530824564596
265.2612582869208,29.472613287429194
265.2691293073145,15.364917255948288
265.27700032770815,19.349983676549943
265.28487134810183,13.603934252814945
265.29274236849545,9.123284285196362
265.30061338888913,115.50088114346842
265.3084844092828,10.98046341688491
265.3163554296765,7.805283249440349
265.3242264500701,13.423726971700745
265.3320974704638,89.08589363212192
265.3399684908575,29.14260624219329
265.34783951125115,155.630431643277
265.35571053164483,5.975088570053138
265.36358155203845,7.906671350383475
265.37145257243213,15.064315078342824
265.3793235928258,5.1634671527338725
265.3871946132195,8.192877570357153
265.3950656336131,0.20115048835502297
265.4029366540068,21.249958649345455
265.4108076744005,57.41400680250125
265.41867869479415,17.464260285519455
265.4265497151878,4.8008615068321205
265.43442073558145,47.90528163651657
265.44229175597513,45.92689322074825
265.4501627763688,28.46247655885747
265.45803379676244,28.685905147461074
265.4659048171561,19.50515546843362
265.4737758375498,48.784769800165186
265.4816468579435,87.57925436320552
265.4895178783371,44.0177527633125
265.4973888987308,30.361581944197425
265.50525991912446,59.02833209052955
265.51313093951813,51.640264115712235
265.52100195991176,111.74340525918366
265.52887298030544,33.36263267563165
265.5367440006991,7.341361960040355
265.5446150210928,3.6122616712502063
265.5524860414864,1.9741267842115657
265.5603570618801,28.30960739598255
265.5682280822738,2.943712599744432
265.57609910266746,11.682983966337822
265.5839701230611,4.301523551362105
265.59184114345476,1.1837616667718514
265.59971216384844,7.470565191712004
265.6075831842421,15.499231048076268
265.61545420463574,40.584452823177884
265.6233252250294,13.191413813729405
265.6311962454231,1.9037741803507169
265.6390672658168,2.7652200836488117
265.6469382862104,0.47366673022900185
265.6548093066041,25.976001272954317
265.66268032699776,8.209581558752626
265.67055134739144,51.79720336941137
265.67842236778506,16.023881320167646
265.68629338817874,3.8919750997859985
265.6941644085724,43.66477533281268
265.7020354289661,18.557747579239212
265.7099064493598,23.279312024355875
265.7177774697534,9.283541294328595
265.7256484901471,10.28433244284474
265.73351951054076,82.6040398905617
265.74139053093444,77.76356108240509
265.74926155132806,47.41512694265638
265.75713257172174,12.607096790402467
265.7650035921154,25.757497117161716
265.7728746125091,10.408696117760885
265.7807456329027,9.222584001201296
265.7886166532964,24.737798811659196
265.7964876736901,7.310022754640969
265.80435869408376,1.4001377109119795
265.8122297144774,5.7291243455050465
265.82010073487106,11.3361841125666
265.82797175526474,124.16178238684537
265.8358427756584,4.944060933829001
265.84371379605204,63.20486286124189
265.8515848164457,24.50356731074925
265.8594558368394,7.088355682047112
265.8673268572331,0.16388859516839027
265.8751978776267,52.957115038161795
265.8830688980204,3.7072783331542323
265.89093991841406,6.553534859394419
265.89881093880774,44.00526836082812
265.90668195920136,44.529040862105994
265.91455297959504,31.790730534264405
265.9224239999887,67.3509107656511
265.9302950203824,1.776322708557846
265.938166040776,21.41522089124664
265.9460370611697,153.41992353173015
265.9539080815634,20.896244658398683
265.96177910195706,30.820321632718052
265.9696501223507,8.822584820334386
265.97752114274437,34.184587879519356
265.98539216313804,65.87040816491725
265.9932631835317,16.36425664531064
266.00113420392535,15.718144455202019
266.009005224319,97.98459071819666
266.0168762447127,2.2357914902617715
266.0247472651064,6.386840679036737
266.03261828550006,2.6259397440885732
266.0404893058937,40.26575835754975
266.04836032628737,17.897334559960747
266.05623134668105,30.54607206324097
266.0641023670747,3.273067039512972
266.07197338746835,15.296414634654555
266.079844407862,18.59808984786366
266.0877154282557,18.40468284419413
266.0955864486494,73.02597196170862
266.103457469043,0.9745270351264329
266.1113284894367,20.18459528106682
266.11919950983037,14.393423915757367
266.12707053022405,59.47221082915194
266.13494155061767,76.48267238686174
266.14281257101135,60.28694630330425
266.150683591405,12.289490152617976
266.1585546117987,0.8677716213766605
266.16642563219233,15.615016066588808
266.174296652586,72.1193120060341
266.1821676729797,7.816335494408559
266.19003869337337,30.32494333649872
266.197909713767,3.0169213197385467
266.20578073416067,6.627547875125585
266.21365175455435,2.4379750883273412
266.221522774948,3.3712286232632187
266.22939379534165,5.5988992315305754
266.23726481573533,18.790708615135873
266.245135836129,5.542675897617159
266.2530068565227,19.219940235181205
266.2608778769163,9.331228947945968
266.26874889731,6.870004808356748
266.27661991770367,63.196784445485214
266.28449093809735,58.10373162513449
266.29236195849097,4.089991663564542
266.30023297888465,2.5693104881029356
266.30810399927833,5.117104049065355
266.315975019672,31.321417034447062
266.32384604006563,75.31077294215714
266.3317170604593,12.316324398225776
266.339588080853,32.13818165338008
266.34745910124667,16.956127272781416
266.3553301216403,50.60047634379398
266.363201142034,1.1272559124147052
266.37107216242765,51.061093113789696
266.37894318282133,35.47548249262295
266.386814203215,22.504941961815753
266.39468522360863,64.44519884120697
266.4025562440023,8.15228084957496
266.410427264396,11.273973839456536
266.41829828478967,7.222675435458969
266.4261693051833,86.1359167450294
266.434040325577,3.282839065485988
266.44191134597065,30.928893118226746
266.44978236636433,11.558815078201787
266.45765338675795,7.189209198028218
266.46552440715163,6.343554243263042
266.4733954275453,106.80768090800409
266.481266447939,70.91534642209092
266.4891374683326,28.56666028709925
266.4970084887263,26.069414250338426
266.50487950912,29.402384890652684
266.51275052951365,5.303568458088971
266.5206215499073,3.1019481571185783
266.52849257030095,72.63312097394426
266.53636359069463,2.3321771991182136
266.5442346110883,0.9710050708786606
266.55210563148194,67.45025861320005
266.5599766518756,16.820133902613517
266.5678476722693,18.386058467196175
266.575718692663,53.909133185924375
266.5835897130566,18.458898380812094
266.5914607334503,7.861145014384789
266.59933175384396,3.939589005340773
266.60720277423763,35.43038567271528
266.61507379463126,6.26269946975593
266.62294481502494,38.58963474926409
266.6308158354186,2.1744940883051433
266.6386868558123,1.480979952935154
266.6465578762059,54.93057304717247
266.6544288965996,5.837089826447467
266.6622999169933,12.055064732032045
266.67017093738696,11.0043145428751
266.6780419577806,24.95156160285895
266.68591297817426,8.010189333172642
266.69378399856794,11.84762009602775
266.7016550189616,14.519121463725142
266.7095260393553,20.68517938577512
266.7173970597489,5.835155326053823
266.7252680801426,26.7564930334691
266.7331391005363,14.757226538249316
266.74101012092996,20.34697106095485
266.7488811413236,18.12100367431051
266.75675216171726,36.95309992601742
266.76462318211094,17.765284051735502
266.7724942025046,5.826146430926422
266.78036522289824,7.206139169039469
266.7882362432919,3.600454627335857
266.7961072636856,7.623063934041131
266.8039782840793,14.834497059371213
266.8118493044729,2.0041546224276643
266.8197203248666,4.077578281768889
266.82759134526026,0.012121988354040698
266.83546236565394,52.0367016225287
266.84333338604756,43.22066152830239
266.85120440644124,4.858742179206274
266.8590754268349,0.8436925070470471
266.8669464472286,47.75127903290102
266.8748174676222,58.713840700589046
266.8826884880159,4.847146079682243
266.8905595084096,2.062204934601383
266.89843052880326,0.6412081693268935
266.9063015491969,13.770598751072088
266.91417256959056,9.67779650805771
266.92204358998424,12.940368728138232
266.9299146103779,62.43751198696157
266.93778563077154,5.32208420508758
266.9456566511652,38.95532338627137
266.9535276715589,17.90039070162519
266.9613986919526,27.394164197878148
266.9692697123462,17.866041461754016
266.9771407327399,76.74358815144556
266.98501175313356,17.903434585032652
266.99288277352724,68.1720604792655
267.00075379392086,40.929282726609
267.00862481431454,126.20061190665751
267.0164958347082,25.43526476271081
267.0243668551019,6.859572673766393
267.0322378754955,35.56390716016529
267.0401088958892,8.516561584742687
267.0479799162829,121.41834371756703
267.05585093667656,68.6337591663322
267.06372195707024,39.44409716677103
267.07159297746387,45.39696322968143
267.07946399785754,19.15563248667837
267.0873350182512,30.832484201339913
267.0952060386449,112.837804266312
267.1030770590385,61.48577585968789
267.1109480794322,37.95713858501155
267.1188190998259,19.242357964920604
267.12669012021956,18.44427070394203
267.1345611406132,69.17353656825664
267.14243216100687,2.2119894974346748
267.15030318140055,8.803861987925485
267.1581742017942,20.569157143655485
267.16604522218785,30.725938952570033
267.1739162425815,0.9943937610550866
267.1817872629752,37.26269207804342
267.1896582833689,18.217694216849814
267.1975293037625,90.96016048331082
267.2054003241562,13.723324212363542
267.21327134454987,43.55220166816815
267.22114236494355,52.32148774358823
267.22901338533717,19.284115801610657
267.23688440573085,10.140477094972143
267.2447554261245,27.970614002132304
267.2526264465182,19.271001270871214
267.26049746691183,50.595406540287996
267.2683684873055,47.15559241616975
267.2762395076992,4.14900774688473
267.28411052809287,7.044045594701469
267.2919815484865,1.1505290895746658
267.29985256888017,12.32909328939397
267.30772358927385,14.812328928910183
267.3155946096675,4.5252723360513345
267.32346563006115,15.41243691975336
267.33133665045483,15.255232684088478
267.3392076708485,5.219134243161941
267.3470786912422,127.12754571077114
267.3549497116358,26.614973798605686
267.3628207320295,96.18368013932866
267.37069175242317,17.072814459466425
267.37856277281685,32.96350140395918
267.38643379321053,25.66730309871499
267.39430481360415,12.468446060112504
267.40217583399783,14.936824555771377
267.4100468543915,10.085597070342432
267.4179178747852,33.70610563399334
267.4257888951788,4.871029615465667
267.4336599155725,8.647253594463125
267.44153093596617,6.695876609547816
267.44940195635985,4.282602621920642
267.4572729767535,2.031840336042228
267.46514399714715,17.79023070648178
267.47301501754083,42.6988970139072
267.4808860379345,8.717924015834184
267.48875705832813,7.574052835784593
267.4966280787218,27.02148509030406
267.5044990991155,107.44948085818201
267.51237011950917,25.18356748983466
267.5202411399028,42.3924535470896
267.5281121602965,1.6165361596242385
267.53598318069015,14.833357510083376
267.54385420108383,36.45618871394465
267.55172522147745,125.29011657368005
267.55959624187113,0.6229688612224392
267.5674672622648,38.3210144693736
267.5753382826585,35.47541107197817
267.5832093030521,24.695525061749205
267.5910803234458,98.58615530016601
267.5989513438395,39.988622994896154
267.60682236423315,47.995121803903956
267.6146933846268,57.51012474161535
267.62256440502046,15.934335443443656
267.63043542541413,3.5261886795772526
267.6383064458078,6.622645266429555
267.64617746620144,15.468583856642454
267.6540484865951,47.0965832377945
267.6619195069888,2.92307522098102
267.6697905273825,11.141490393398307
267.6776615477761,18.391333616460077
267.6855325681698,49.67571978702249
267.69340358856346,22.033358831415434
267.70127460895714,20.32597570766915
267.70914562935076,13.112695245931139
267.71701664974444,9.916282453243625
267.7248876701381,3.9001040091700934
267.7327586905318,17.901131157899393
267.7406297109255,9.916393298414823
267.7485007313191,53.88621493223356
267.7563717517128,8.550099584119897
267.76424277210646,11.408580162682027
267.77211379250014,83.00816681558226
267.77998481289376,58.81369678891102
267.78785583328744,7.516213894281079
267.7957268536811,47.78870375065769
267.8035978740748,8.427830375656846
267.8114688944684,16.416967894505014
267.8193399148621,2.222646717493887
267.8272109352558,12.352358436876928
267.83508195564946,30.8816296351325
267.8429529760431,3.463959116652238
267.85082399643676,24.681034442196502
267.85869501683044,13.801576778695296
267.8665660372241,52.539643717727564
267.87443705761774,37.386553103268405
267.8823080780114,14.040131777874333
267.8901790984051,6.633321257559775
267.8980501187988,1.2318602574602402
267.9059211391924,11.11656103220788
267.9137921595861,35.36758340558425
267.92166317997976,1.0570854777608625
267.92953420037344,3.365708870332152
267.93740522076706,1.9164609886191695
267.94527624116074,3.3276889838615245
267.9531472615544,46.20445535124437
267.9610182819481,10.418871826467239
267.9688893023417,7.428745549321287
267.9767603227354,20.404202525472126
267.9846313431291,120.3429365289442
267.99250236352276,10.116241227349406
268.0003733839164,0.2462466916287878
268.00824440431006,15.316642917383673
268.01611542470374,2.744596815529912
268.0239864450974,46.81556881893447
268.03185746549104,21.43432078456954
268.0397284858847,47.75432928408951
268.0475995062784,10.215919446542076
268.0554705266721,9.835558274911099
268.06334154706576,52.86008783938662
268.0712125674594,82.9866995906118
268.07908358785306,37.81065364932335
268.08695460824674,34.72009374785654
268.0948256286404,13.85005701305196
268.10269664903404,58.26912829535815
268.1105676694277,98.2101580833802
268.1184386898214,60.45325514706037
268.1263097102151,47.023161381763394
268.1341807306087,15.20969432622618
268.1420517510024,16.77024140909068
268.14992277139606,1.9884838476696796
268.15779379178974,8.291990345737473
268.16566481218337,17.194533756742334
268.17353583257704,75.98702179556524
268.1814068529707,147.76045396091374
268.1892778733644,5.595657829021369
268.197148893758,2.650124117794296
268.2050199141517,0.7652767860448889
268.2128909345454,115.59538171650316
268.22076195493906,39.81942096914932
268.2286329753327,6.478554425969147
268.23650399572637,122.60599553509314
268.24437501612005,26.67096858173323
268.2522460365137,7.600472861547984
268.26011705690735,99.3228902004823
268.267988077301,8.952720651231253
268.2758590976947,39.85912282322553
268.2837301180884,14.913975673032757
268.291601138482,55.560297026459885
268.2994721588757,6.876807298355962
268.30734317926937,61.77074789219877
268.31521419966305,19.663341036610564
268.32308522005667,105.2069428403584
268.33095624045035,42.10123156766106
268.338827260844,1.7275663000352424
268.3466982812377,12.483869466675598
268.35456930163133,14.226756878364911
268.362440322025,7.81999369129653
268.3703113424187,8.946512590809533
268.37818236281237,3.0135899917203406
268.386053383206,16.3165183980813
268.39392440359967,13.029767657095498
268.40179542399335,20.038403738738822
268.409666444387,12.906425813062656
268.4175374647807,8.33813046972072
268.42540848517433,6.88325427604466
268.433279505568,18.55329214164464
268.4411505259617,3.986951078047621
268.44902154635537,4.151958315446537
268.456892566749,24.69578646487957
268.46476358714267,17.486143987533584
268.47263460753635,8.047079930925218
268.48050562793003,12.19876462152808
268.48837664832365,5.219382006004998
268.49624766871733,14.955623628778053
268.504118689111,15.846143984826945
268.5119897095047,196.6020524572113
268.5198607298983,25.787698865795093
268.527731750292,1.1883782826282392
268.53560277068567,15.588859233845906
268.54347379107935,36.3927825474987
268.551344811473,11.768146241700126
268.55921583186665,12.628300988482064
268.56708685226033,13.208324569462064
268.574957872654,31.643615307303637
268.58282889304763,9.63612919552876
268.5906999134413,1.9978729974734912
268.598570933835,53.336185153666904
268.60644195422867,125.33879815258372
268.6143129746223,7.871636112594657
268.622183995016,8.024334077628083
268.63005501540965,39.829607698172886
268.63792603580333,52.446690603640064
268.64579705619695,51.19993763495832
268.65366807659063,44.70042341869121
268.6615390969843,47.21882414232831
268.669410117378,56.50143238404959
268.6772811377716,14.989380734296963
268.6851521581653,16.88444059320908
268.693023178559,36.735946602832
268.70089419895265,25.958889886024288
268.7087652193463,16.95271656793929
268.71663623973996,0.341037405479302
268.72450726013363,17.45429031536373
268.7323782805273,42.37983377887096
268.740249300921,0.44274999487373573
268.7481203213146,35.55874760745263
268.7559913417083,3.834902442821404
268.763862362102,52.52462508570757
268.77173338249565,9.225475431518886
268.7796044028893,23.627903615410347
268.78747542328296,12.034824167205299
268.79534644367664,81.6535820224228
268.8032174640703,74.05050168115021
268.81108848446394,38.315888804541764
268.8189595048576,50.08270317796206
268.8268305252513,21.46659389850672
268.834701545645,22.753451887193922
268.8425725660386,16.883505728349828
268.8504435864323,10.791853240992971
268.85831460682596,4.113853397979687
268.86618562721964,25.008282098850636
268.87405664761326,43.33971993254238
268.88192766800694,26.315486726525975
268.8897986884006,16.58865513980964
268.8976697087943,1.5070165980169754
268.9055407291879,3.820931017520935
268.9134117495816,3.3529297390056296
268.9212827699753,15.976293810441954
268.92915379036896,39.43683087424072
268.9370248107626,22.456164799543295
268.94489583115626,10.188974596316807
268.95276685154994,54.66145750104449
268.9606378719436,0.8828535947520668
268.96850889233724,13.686545534549595
268.9763799127309,1.0605682153040876
268.9842509331246,31.374020589717592
268.9921219535183,47.68830053960911
268.9999929739119,18.400862801697333
269.0078639943056,1.924098467818265
269.01573501469926,1.6475699525316736
269.02360603509294,40.50135795822832
269.03147705548656,4.7105875920012314
269.03934807588024,63.85715604286164
269.0472190962739,5.257267522160804
269.0550901166676,2.696269909137126
269.0629611370612,1.0034473672914308
269.0708321574549,21.167381395196347
269.0787031778486,15.998029784912434
269.08657419824226,46.657010525490854
269.09444521863594,45.001523588813434
269.10231623902956,3.55196610330334
269.11018725942324,4.894090651467913
269.1180582798169,3.752142970436128
269.1259293002106,15.240215515541838
269.1338003206042,1.7440747719434266
269.1416713409979,1.4941567659431534
269.1495423613916,20.53829791411071
269.15741338178526,31.691127995428086
269.1652844021789,11.026011542664106
269.17315542257256,41.95246660538875
269.18102644296624,166.6134230075088
269.1888974633599,15.39701540749549
269.19676848375354,35.22298611325841
269.2046395041472,6.204721921109971
269.2125105245409,61.146660429219565
269.2203815449346,4.904958912858962
269.2282525653282,1.4777646210978732
269.2361235857219,42.3544864588252
269.24399460611556,5.717443587504012
269.25186562650924,258.3190375479456
269.25973664690287,104.73620976234159
269.26760766729655,29.432809073360236
269.2754786876902,113.59004589092858
269.2833497080839,52.17917340025906
269.2912207284775,39.4942148332522
269.2990917488712,4.784078235837397
269.3069627692649,53.649721677066736
269.31483378965856,37.22731831518254
269.3227048100522,13.585077639977648
269.33057583044587,124.88271161768364
269.33844685083955,4.116242242039214
269.3463178712332,31.345343509581546
269.35418889162685,5.576850289409216
269.3620599120205,8.734762918529164
269.3699309324142,44.96264520115543
269.3778019528079,31.19701547370087
269.3856729732015,2.61920901212589
269.3935439935952,22.71853746649419
269.40141501398887,12.17135258712066
269.40928603438255,106.79051461136842
269.4171570547762,28.348237037031886
269.42502807516985,5.745496347366321
269.4328990955635,19.845375474852414
269.4407701159572,19.010389552954862
269.4486411363509,0.9161146553008074
269.4565121567445,14.576863669179687
269.4643831771382,59.790797431302124
269.47225419753187,42.142774405001724
269.48012521792555,0.3433073004089388
269.48799623831917,3.0538488950541955
269.49586725871285,8.893705243414017
269.5037382791065,92.55542754170845
269.5116092995002,0.25455424838304663
269.51948031989383,0.3972903984367616
269.5273513402875,3.3544026582318454
269.5352223606812,55.565924051375404
269.54309338107487,3.974166830941194
269.5509644014685,22.642355541624813
269.55883542186217,6.076383884823666
269.56670644225585,6.11760145519299
269.57457746264953,26.57986262295311
269.58244848304315,1.2927283423366467
269.59031950343683,26.65196143842973
269.5981905238305,8.24555465143113
269.6060615442242,43.249682185100866
269.6139325646178,103.49631960180751
269.6218035850115,8.660442147629015
269.62967460540517,24.00889015657617
269.63754562579885,9.268071371356546
269.6454166461925,11.560162691704353
269.65328766658615,10.92314111248079
269.66115868697983,4.4641930629255
269.6690297073735,6.760741577934493
269.67690072776713,5.943756513447336
269.6847717481608,7.2908495752003315
269.6926427685545,9.601967071278548
269.7005137889482,9.554716241922085
269.7083848093418,1.6598470881745881
269.7162558297355,14.211268745705084
269.72412685012915,30.098838198605204
269.73199787052283,31.50984940504001
269.73986889091645,97.50744018905124
269.74773991131013,12.693411187812547
269.7556109317038,18.748369573456486
269.7634819520975,100.02481466772464
269.7713529724912,11.220599595305856
269.7792239928848,12.037132447031125
269.7870950132785,115.39644393031665
269.79496603367215,50.64098748916771
269.80283705406583,7.063860605137978
269.81070807445946,0.225415395163341
269.81857909485313,2.5926559511408067
269.8264501152468,2.1736598160774423
269.8343211356405,68.9349764059422
269.8421921560341,9.40567155191183
269.8500631764278,29.53091776200043
269.8579341968215,13.027277943663396
269.86580521721515,3.168428599679164
269.8736762376088,17.908906227210924
269.88154725800246,20.086478344241343
269.88941827839614,2.8114695840234827
269.8972892987898,5.859742653370459
269.90516031918344,41.28188814485289
269.9130313395771,54.67229227820478
269.9209023599708,104.3515950047127
269.9287733803645,31.822684538699637
269.9366444007581,3.0509973373435364
269.9445154211518,1.4830513695493457
269.95238644154546,11.086048143263108
269.96025746193914,3.5231427968566082
269.96812848233276,37.38598893786485
269.97599950272644,61.063413596063405
269.9838705231201,3.0042034010037724
269.9917415435138,5.770313187194965
269.9996125639074,5.1616309829206255
270.0074835843011,101.37992126414214
270.0153546046948,10.954458861491142
270.02322562508846,9.956437882902266
270.0310966454821,19.048434962710658
270.03896766587576,24.80308938568511
270.04683868626944,38.02159203470291
270.0547097066631,18.13843419708066
270.06258072705674,14.783984869548426
270.0704517474504,30.124820437320686
270.0783227678441,22.979124397398543
270.0861937882378,2.379664689674304
270.09406480863146,57.50823875695572
270.1019358290251,31.378579816921345
270.10980684941876,4.008187545826191
270.11767786981244,21.935418153212094
270.1255488902061,68.12986674672727
270.13341991059974,16.84684156076995
270.1412909309934,7.561172195163789
270.1491619513871,60.14246889898239
270.1570329717808,11.219835958499173
270.1649039921744,27.245832912971753
270.1727750125681,138.99358395397428
270.18064603296176,24.614499272822822
270.18851705335544,62.63970407243957
270.19638807374906,8.22873979548615
270.20425909414274,71.0284686596497
270.2121301145364,34.258258597379516
270.2200011349301,7.912963198432702
270.2278721553237,5.396484336116342
270.2357431757174,17.97778309454819
270.2436141961111,24.828064164704227
270.25148521650476,0.3192253977459145
270.2593562368984,38.58383852060889
270.26722725729206,2.5088278525989187
270.27509827768574,42.20406108046127
270.2829692980794,7.852612659302842
270.29084031847304,4.226235386601035
270.2987113388667,19.324635089709588
270.3065823592604,28.939830072091837
270.3144533796541,10.297886410401425
270.3223244000477,23.938426183244605
270.3301954204414,116.00845463112316
270.33806644083506,5.736674123604967
270.34593746122874,39.05155104812247
270.35380848162237,1.4877231497225691
270.36167950201605,43.766037351504345
270.3695505224097,17.37657601916767
270.3774215428034,44.813780375381214
270.385292563197,75.4748217420554
270.3931635835907,16.12008238061731
270.4010346039844,8.202839549443318
270.40890562437806,68.99283169256756
270.41677664477174,26.58267586637964
270.42464766516537,36.413066414038255
270.43251868555905,6.830093499650337
270.4403897059527,6.994679311631164
270.4482607263464,93.04254683869755
270.45613174674,24.03207521739074
270.4640027671337,25.199189527588448
270.4718737875274,17.358082687950265
270.47974480792107,10.76269353136025
270.4876158283147,14.398086220872749
270.49548684870837,11.830508157118459
270.50335786910205,12.31782366576672
270.5112288894957,38.43295193496643
270.51909990988935,14.602945363437975
270.526970930283,14.693994010707767
270.5348419506767,10.356863462792857
270.5427129710704,24.792913980448006
270.550583991464,34.440416442951665
270.5584550118577,6.7651979304525005
270.56632603225137,22.513007555701996
270.57419705264505,6.160469503419309
270.58206807303867,36.68808498061191
270.58993909343235,34.00889116598576
270.59781011382603,100.45601756953884
270.6056811342197,0.13088338120682957
270.61355215461333,32.92861596040126
270.621423175007,181.42322349748392
270.6292941954007,25.340385479885988
270.63716521579437,95.40708055184375
270.645036236188,58.6899125110252
270.65290725658167,81.25856551915317
270.66077827697535,2.082399956616314
270.66864929736903,77.96038642817679
270.67652031776265,3.86182834606228
270.68439133815633,24.323907008363967
270.69226235855,54.21106971891273
270.7001333789437,4.683358658928058
270.7080043993373,15.095868466024541
270.715875419731,44.601278999
270.72374644012467,3.0319613862277275
270.73161746051835,40.60747951596451
270.739488480912,20.8043552609134
270.74735950130565,2.411457788206197
270.75523052169933,11.446266014424038
270.763101542093,52.61057589888121
270.7709725624867,1.1773120133809285
270.7788435828803,5.815524784678306
270.786714603274,20.20072247250689
270.7945856236677,34.081315379807954
270.80245664406135,26.925874241006824
270.810327664455,20.48955673202899
270.81819868484865,0.657536864616638
270.82606970524233,53.955653207149325
270.833940725636,12.272657781121476
270.84181174602963,21.21585170788227
270.8496827664233,41.59166656524733
270.857553786817,164.25430794685164
270.8654248072107,0.13353602327408226
270.8732958276043,13.40535189608401
270.881166847998,23.197344282780186
270.88903786839165,0.976604302776524
270.89690888878533,42.456466768881334
270.90477990917896,1.6807639795993938
270.91265092957264,29.071149284929398
270.9205219499663,21.169369056736098
270.92839297036,9.511818137783521
270.9362639907536,52.94404443102595
270.9441350111473,22.22453122666481
270.952006031541,98.68573176302212
270.95987705193465,4.850149561854238
270.9677480723283,1.7458153183022755
270.97561909272196,3.0020364579166166
270.98349011311564,13.999101869910378
270.9913611335093,9.87016569697824
270.99923215390294,20.97629606577602
271.0071031742966,21.694963953228015
271.0149741946903,11.953002237650116
271.022845215084,11.60059076977726
271.0307162354776,20.20303704986042
271.0385872558713,20.409085889071612
271.04645827626496,11.764169408754338
271.05432929665864,7.327846890386649
271.06220031705226,52.694070092647635
271.07007133744594,71.15108023375521
271.0779423578396,71.61038656043814
271.0858133782333,132.427876301654
271.093684398627,6.578349982568131
271.1015554190206,4.944816985516527
271.1094264394143,91.40432942516456
271.11729745980796,6.960900400602061
271.12516848020164,11.431473652699239
271.13303950059526,8.204131012524586
271.14091052098894,60.29719519702108
271.1487815413826,57.407309194539614
271.1566525617763,12.226887595834578
271.1645235821699,86.16782919217923
271.1723946025636,2.0498630780738596
271.1802656229573,2.2484558403896933
271.18813664335096,34.198519214980564
271.1960076637446,11.966542144411116
271.20387868413826,207.23799960947957
271.21174970453194,9.3658174108581
271.2196207249256,16.017665135031564
271.22749174531924,35.021122418921905
271.2353627657129,122.64024399167852
271.2432337861066,8.400665803032597
271.2511048065003,10.355556415888291
271.2589758268939,5.510321245834956
271.2668468472876,25.862332093663824
271.27471786768126,3.8895777359953416
271.28258888807494,12.175701306173954
271.29045990846856,120.38391193903432
271.29833092886224,100.90826063010448
271.3062019492559,14.639647190620089
271.3140729696496,27.934304916072623
271.3219439900432,61.615955878773995
271.3298150104369,18.460000393869578
271.3376860308306,27.020608984810146
271.34555705122426,22.8510298761421
271.3534280716179,16.225396117756038
271.36129909201156,92.78188043046886
271.36917011240524,8.730626331090047
271.3770411327989,29.633818593409284
271.38491215319254,125.67603584952666
271.3927831735862,242.84773886561817
271.4006541939799,28.061397605701806
271.4085252143736,10.68723491083511
271.4163962347672,4.8685895088141855
271.4242672551609,5.901063322109651
271.43213827555456,0.35604354075817507
271.44000929594824,48.0622669070535
271.4478803163419,8.10723907095137
271.45575133673555,37.79533328457409
271.4636223571292,25.236442624756464
271.4714933775229,29.760276767546785
271.4793643979166,28.194241206674334
271.4872354183102,17.905476571580962
271.4951064387039,74.58073055049648
271.50297745909756,58.65387137856419
271.51084847949124,8.8278757153401
271.51871949988487,4.648430638660852
271.52659052027855,1.851994844727977
271.5344615406722,5.156742054846384
271.5423325610659,78.68770333467681
271.5502035814595,2.549344008569896
271.5580746018532,45.74520218940878
271.5659456222469,17.293787099909935
271.57381664264057,45.082689963169315
271.5816876630342,29.511534434729338
271.58955868342787,16.88238214477425
271.59742970382155,57.90923268958191
271.6053007242152,15.91345640018113
271.61317174460885,9.50460125105139
271.6210427650025,5.150252157211015
271.6289137853962,21.162871981163168
271.6367848057899,64.15485200694677
271.6446558261835,8.796570382250968
271.6525268465772,4.6153522521648735
271.66039786697087,8.194853452370452
271.66826888736455,4.363573413471064
271.67613990775817,48.13415689492286
271.68401092815185,3.041776027286897
271.69188194854553,4.9439797880628635
271.6997529689392,5.993505255169352
271.70762398933283,6.734544377672621
271.7154950097265,78.28692902202233
271.7233660301202,13.944961439106544
271.73123705051387,7.72289486664532
271.7391080709075,2.536267930001708
271.74697909130117,4.928509896265311
271.75485011169485,2.720137664292088
271.76272113208853,8.096636665461775
271.7705921524822,5.904166454517016
271.77846317287583,3.8441303305542807
271.7863341932695,3.3194615679199457
271.7942052136632,10.98180916350291
271.80207623405687,3.090721552748388
271.8099472544505,7.873719141498869
271.81781827484417,49.712020216114844
271.82568929523785,62.69526223727073
271.83356031563153,17.904044135380815
271.84143133602515,21.552759614146687
271.84930235641883,17.39696109668608
271.8571733768125,9.514859036978164
271.8650443972062,11.740000485812185
271.8729154175998,25.80542850194148
271.8807864379935,1.7680685775939953
271.8886574583872,81.29694909114045
271.89652847878085,1.7330241880333084
271.9043994991745,36.182639599103396
271.91227051956815,12.163270271183352
271.92014153996183,11.809920321767654
271.9280125603555,16.33803820968638
271.93588358074913,15.35673569608736
271.9437546011428,10.563429747810392
271.9516256215365,15.41402181240862
271.9594966419302,12.911905542034397
271.9673676623238,23.90270524899156
271.9752386827175,27.532120183383064
271.98310970311115,5.72660091731239
271.99098072350483,8.657757525172148
271.99885174389846,1.7910006480501004
272.00672276429214,112.36270396247484
272.0145937846858,12.70063303629111
272.0224648050795,23.7312699775368
272.0303358254731,24.655554634450912
272.0382068458668,9.900888994871416
272.0460778662605,9.390109499737946
272.05394888665415,9.458903731205025
272.0618199070478,13.735650325788848
272.06969092744146,64.71277091600233
272.07756194783514,20.622152516174218
272.0854329682288,19.36708980819812
272.09330398862244,15.594417424046306
272.1011750090161,51.00372798746406
272.1090460294098,89.96401231422846
272.1169170498035,31.271336264602542
272.12478807019716,35.07572056356491
272.1326590905908,93.4032317778504
272.14053011098446,36.89068083768489
272.14840113137814,33.356945312604076
272.1562721517718,88.52829453877327
272.16414317216544,63.91595722224856
272.1720141925591,4.817311915500023
272.1798852129528,94.03601129093182
272.1877562333465,11.382873103090073
272.1956272537401,4.991254560608498
272.2034982741338,2.8873855312719248
272.21136929452746,33.70935029484757
272.21924031492114,7.991797270642271
272.22711133531476,37.3527986399787
272.23498235570844,2.588124998793149
272.2428533761021,0.6349144401146773
272.2507243964958,8.103463102136908
272.2585954168894,2.2255635462412164
272.2664664372831,39.019898327586674
272.2743374576768,16.33304085712431
272.28220847807046,85.26573490318744
272.2900794984641,56.528158120539146
272.29795051885776,60.72273409346967
272.30582153925144,17.026212240231324
272.3136925596451,4.337504800513998
272.32156358003874,8.303696029392961
272.3294346004324,13.466765821351228
272.3373056208261,7.060436286611462
272.3451766412198,0.7025225886264618
272.3530476616134,7.879791454130368
272.3609186820071,6.872250934382374
272.36878970240076,19.442351773348186
272.37666072279444,5.147372780918215
272.38453174318806,2.8867891847199343
272.39240276358174,39.554435864342274
272.4002737839754,37.488117566995726
272.4081448043691,29.972769510299898
272.4160158247627,7.4161507956260975
272.4238868451564,89.03917766631209
272.4317578655501,0.05935033552278385
272.43962888594376,12.924415158471692
272.44749990633744,13.24198010602641
272.45537092673106,58.58111032923008
272.46324194712474,15.583123734063513
272.4711129675184,101.0672975573241
272.4789839879121,32.918443823016176
272.4868550083057,61.20338147833228
272.4947260286994,21.891552876636275
272.5025970490931,20.98293569113779
272.51046806948676,14.73720890436587
272.5183390898804,9.327604564583835
272.52621011027406,10.650800748819167
272.53408113066774,7.867309650551536
272.5419521510614,9.120039477076682
272.54982317145505,53.748576510792624
272.5576941918487,0.5557238446789498
272.5655652122424,37.43262291708844
272.5734362326361,14.87615108979358
272.5813072530297,10.685550323185684
272.5891782734234,4.004503563422559
272.59704929381707,2.6423842254592507
272.60492031421074,8.12732459951911
272.61279133460437,23.27794295793429
272.62066235499805,6.024474279519208
272.6285333753917,47.6033875372054
272.6364043957854,21.112782928862764
272.644275416179,12.568212640226644
272.6521464365727,69.68369307700321
272.6600174569664,2.826464213047715
272.66788847736007,25.470864683629426
272.6757594977537,251.1732565107218
272.68363051814737,22.534683737361004
272.69150153854105,13.426605296755035
272.6993725589347,4.216706274175717
272.70724357932835,21.98104489662692
272.715114599722,43.34911076546433
272.7229856201157,14.46534138160422
272.7308566405094,3.9469167354451296
272.738727660903,24.466694137072835
272.7465986812967,3.4823890413539265
272.75446970169037,2.9553384481950427
272.76234072208405,18.548057612201255
272.77021174247767,54.702388214633395
272.77808276287135,10.166799649803611
272.78595378326503,17.929037244843016
272.7938248036587,47.69009333719291
272.8016958240524,7.288141797824346
272.809566844446,30.854835156000938
272.8174378648397,14.634881032871693
272.82530888523337,1.574365425214946
272.83317990562705,13.126483949820116
272.84105092602067,104.7349237864909
272.84892194641435,70.27906100037443
272.85679296680803,0.23766765225344796
272.8646639872017,6.577869179810148
272.87253500759533,117.78952390305653
272.880406027989,8.8146300362539
272.8882770483827,6.306281972273712
272.89614806877637,17.84697412156103
272.90401908917,79.79111772543251
272.91189010956367,1.873127914070643
272.91976112995735,3.4870884875363957
272.92763215035103,2.082998407668281
272.93550317074465,19.00798500267272
272.94337419113833,9.118094645465327
272.951245211532,30.0262659919869
272.9591162319257,104.53051502083792
272.9669872523193,23.802125889117825
272.974858272713,134.04049434132432
272.9827292931067,6.97144393907199
272.99060031350035,14.975654664109207
272.998471333894,5.487170684142456
273.00634235428765,94.1051506815858
273.01421337468133,60.74945605501025
273.022084395075,68.3269801347992
273.02995541546863,117.69066152956445
273.0378264358623,73.80461736919564
273.045697456256,1.663085374617219
273.0535684766497,0.3610021907564527
273.0614394970433,78.48372080379126
273.069310517437,5.903483042644705
273.07718153783065,3.553672951695173
273.08505255822433,99.32708363167285
273.09292357861796,73.91885270311077
273.10079459901164,186.42255074397525
273.1086656194053,39.14407252358575
273.116536639799,2.0385643740898636
273.1244076601927,22.060022263280985
273.1322786805863,13.878391792763317
273.14014970098,35.07379608779172
273.14802072137365,9.880376196480777
273.15589174176733,20.27949115707825
273.16376276216096,5.794764303019052
273.17163378255464,17.8967745013386
273.1795048029483,18.600524090456776
273.187375823342,13.769658449765632
273.1952468437356,31.20604059006364
273.2031178641293,5.457988504131557
273.210988884523,4.403387024113461
273.21885990491666,33.72181845108372
273.2267309253103,22.761324115361848
273.23460194570396,39.14525706460551
273.24247296609764,7.864362497106564
273.2503439864913,17.856768350407183
273.25821500688494,2.238142118278775
273.2660860272786,50.822895668407604
273.2739570476723,4.788118607679804
273.281828068066,15.533607187185725
273.2896990884596,2.432888682834734
273.2975701088533,25.70454026844342
273.30544112924696,3.163628364084248
273.31331214964064,124.7133006136304
273.32118317003426,87.69501445795585
273.32905419042794,58.645238815052416
273.3369252108216,73.50874314959289
273.3447962312153,7.950121390524119
273.3526672516089,11.339758799954172
273.3605382720026,5.477427205649927
273.3684092923963,21.022053009911236
273.37628031278996,16.830702049677935
273.3841513331836,9.204198945289848
273.39202235357726,25.82202811532498
273.39989337397094,9.07422219009475
273.4077643943646,9.13858155676226
273.41563541475824,12.846499504644113
273.4235064351519,78.31798103287115
273.4313774555456,3.623706685575917
273.4392484759393,21.26676505174361
273.4471194963329,15.416224428128864
273.4549905167266,14.696569857789594
273.46286153712026,3.3090384582785655
273.47073255751394,5.720816904198728
273.4786035779076,1.1237082833154068
273.48647459830124,15.074939221722945
273.4943456186949,2.2818779479788747
273.5022166390886,35.29875665147347
273.5100876594823,28.317310561556578
273.5179586798759,35.35188819828706
273.5258297002696,7.626673048875168
273.53370072066326,3.4571210652325113
273.54157174105694,9.25194082593221
273.54944276145056,35.36650895954009
273.55731378184424,29.416637712291564
273.5651848022379,84.78695494016864
273.5730558226316,4.20112265705556
273.5809268430252,31.638379824355894
273.5887978634189,27.40525327047147
273.5966688838126,28.637449849808764
273.60453990420626,52.411490625105216
273.6124109245999,43.95614943832448
273.62028194499356,7.840581969131179
273.62815296538724,0.8590252128347435
273.6360239857809,45.64437804663495
273.64389500617455,3.5945746718783806
273.6517660265682,2.799405684833894
273.6596370469619,3.7485326821352674
273.6675080673556,4.102247854196581
273.6753790877492,20.734500236778274
273.6832501081429,13.68736267416914
273.69112112853657,6.110095353544847
273.69899214893024,8.341999751046176
273.70686316932387,57.031745662769325
273.71473418971755,18.99814442839656
273.7226052101112,10.642807598132409
273.7304762305049,18.16834208882112
273.7383472508985,20.162953790422996
273.7462182712922,1.5554407028131616
273.7540892916859,28.659947521333216
273.76196031207957,0.40166366280098764
273.7698313324732,1.8799717847079669
273.77770235286687,15.342562092248071
273.78557337326055,43.66864557837863
273.7934443936542,1.450484896528584
273.8013154140479,3.2666132241355257
273.80918643444153,20.408013893897714
273.8170574548352,35.03609011755626
273.8249284752289,11.421055123785646
273.83279949562257,1.0873125511708868
273.8406705160162,23.66189939996169
273.84854153640987,13.891387706183982
273.85641255680355,66.97634440785413
273.8642835771972,16.058278018304584
273.87215459759085,14.664422354999761
273.88002561798453,0.4896401383266957
273.8878966383782,39.2639594675879
273.8957676587719,7.667269306558634
273.9036386791655,0.5684258375623599
273.9115096995592,82.72620057322109
273.91938071995287,60.89912911955385
273.92725174034655,36.2866277074875
273.93512276074017,21.33933293340887
273.94299378113385,0.7918900521647662
273.95086480152753,6.678185066932646
273.9587358219212,2.5204340502619975
273.96660684231483,3.03518011819999
273.9744778627085,8.4733946804395
273.9823488831022,57.91091952124339
273.99021990349587,7.828374559066236
273.9980909238895,16.661135516625357
274.0059619442832,82.47389324859417
274.01383296467685,27.21639073918639
274.02170398507053,23.819471014242524
274.02957500546415,49.480615171315975
274.03744602585783,15.362387283837391
274.0453170462515,70.87210666152815
274.0531880666452,22.317657801128604
274.0610590870388,9.035072672882217
274.0689301074325,5.998566165306941
274.0768011278262,8.38859334556272
274.08467214821985,32.291009186914884
274.0925431686135,13.818538146846695
274.10041418900715,1.4144401304488667
274.10828520940083,0.9095364633959931
274.1161562297945,19.664631853283755
274.12402725018813,13.81251683935578
274.1318982705818,113.85788874840645
274.1397692909755,3.200607516755788
274.1476403113692,17.258728232692796
274.15551133176285,17.081806587520877
274.1633823521565,2.397544797100458
274.17125337255015,2.4902540344233395
274.17912439294383,3.202419945645132
274.1869954133375,28.665379646841807
274.19486643373114,47.77434852303605
274.2027374541248,29.53035556510152
274.2106084745185,21.9354426482387
274.2184794949122,71.14550246283989
274.2263505153058,12.670792271722817
274.2342215356995,60.93124473506977
274.24209255609316,31.149283382841666
274.24996357648683,0.6638829836338277
274.25783459688046,4.481501605591799
274.26570561727414,0.25335203872651413
274.2735766376678,11.895443469547544
274.2814476580615,10.20813620644852
274.2893186784551,6.389596425879515
274.2971896988488,6.457592215099673
274.3050607192425,2.484386840088261
274.31293173963616,1.320267478625161
274.3208027600298,0.2731805028100027
274.32867378042346,1.6634996323294313
274.33654480081714,2.1178020136383435
274.3444158212108,12.331742323419725
274.35228684160444,14.106624626949912
274.3601578619981,19.66110096839466
274.3680288823918,33.90315014063009
274.3758999027855,24.5931909242046
274.3837709231791,0.9238674595245008
274.3916419435728,18.676115708823115
274.39951296396646,17.03616782264205
274.40738398436014,74.71877535666759
274.41525500475376,8.48739019376535
274.42312602514744,23.004301561745127
274.4309970455411,45.0885262589762
274.4388680659348,3.6662402291202136
274.4467390863284,19.98619886959884
274.4546101067221,3.6464449923407978
274.4624811271158,20.748812198570054
274.47035214750946,1.299903165949165
274.47822316790314,13.687997348706633
274.48609418829676,112.83490216770923
274.49396520869044,46.836268798750496
274.5018362290841,2.8564885938305413
274.5097072494778,25.85840842280965
274.5175782698714,32.84625128396382
274.5254492902651,19.76590193667151
274.5333203106588,11.172536960476599
274.54119133105246,7.973350971171773
274.5490623514461,22.404002618620986
274.55693337183976,25.166959356249308
274.56480439223344,37.17424282847859
274.5726754126271,46.27411605151491
274.58054643302074,10.432644460427367
274.5884174534144,10.122269893896247
274.5962884738081,33.9195719908059
274.6041594942018,32.65734343152346
274.6120305145954,9.498695012836437
274.6199015349891,29.97038699538144
274.62777255538276,65.45553274077402
274.63564357577644,24.40678723055372
274.64351459617006,6.941509392411858
274.65138561656374,12.15009469353082
274.6592566369574,8.361658137822493
274.6671276573511,68.80164823784813
274.6749986777447,52.87781546008467
274.6828696981384,7.1781641966204495
274.6907407185321,38.2401304699574
274.69861173892576,110.45765571304759
274.7064827593194,0.8047057113121142
274.71435377971306,14.313049387112384
274.72222480010674,12.419888782211201
274.7300958205004,11.469014549633762
274.73796684089405,21.3966845491594
274.7458378612877,73.74082590332412
274.7537088816814,21.262195969917375
274.7615799020751,2.3300809175514825
274.7694509224687,0.9715663650714953
274.7773219428624,132.50174454476954
274.78519296325607,24.93521835148548
274.79306398364974,24.28872987246302
274.80093500404337,127.11208933475577
274.80880602443705,67.0392837309019
274.8166770448307,3.275146246467972
274.8245480652244,9.750000302743413
274.8324190856181,51.34048573731916
274.8402901060117,62.91851592590458
274.8481611264054,103.53092543114946
274.85603214679907,15.264185008164121
274.86390316719275,20.77497272458615
274.87177418758637,54.147630904333305
274.87964520798005,0.042900886784635
274.8875162283737,22.565760514127245
274.8953872487674,19.931764679267175
274.90325826916103,30.270686323135795
274.9111292895547,1.6211404034091221
274.9190003099484,39.47163629775848
274.92687133034207,12.669206713542607
274.9347423507357,14.063826078845873
274.94261337112937,28.168425429560937
274.95048439152305,6.095469988406388
274.9583554119167,66.04545944798639
274.96622643231035,3.4523530901877195
274.97409745270403,22.68396155079435
274.9819684730977,33.45312152799732
274.9898394934914,74.54100121365762
274.997710513885,64.21628942867929
275.0055815342787,7.084630445439469
275.01345255467237,1.5494425088806532
275.02132357506605,11.411646773874057
275.02919459545967,14.311738982497962
275.03706561585335,34.2857493946946
275.04493663624703,12.410713331666663
275.0528076566407,1.8070766363209982
275.06067867703433,30.929820970741016
275.068549697428,67.7286834615828
275.0764207178217,9.85018539016439
275.08429173821537,4.701124130170704
275.092162758609,3.866943841770973
275.1000337790027,52.4192702818197
275.10790479939635,3.47192463208246
275.11577581979003,5.675852687087114
275.12364684018365,7.21970920896226
275.13151786057733,2.273663534881487
275.139388880971,1.93403495488018
275.1472599013647,3.055288233379463
275.15513092175837,1.5786422267818225
275.163001942152,2.4819618081242565
275.1708729625457,24.89266250262981
275.17874398293935,6.646843200657694
275.18661500333303,53.472411955842226
275.19448602372665,22.609885128804667
275.20235704412033,24.925206241783133
275.210228064514,6.5208535309690365
275.2180990849077,3.289660508189804
275.2259701053013,40.26168825534552
275.233841125695,67.51169019639865
275.2417121460887,34.2347666335695
275.24958316648235,5.567814277701671
275.257454186876,17.01998187889278
275.26532520726965,2.891235010883039
275.27319622766333,9.001251639599703
275.281067248057,94.55894000046925
275.28893826845064,17.82495626845516
275.2968092888443,35.25601086801677
275.304680309238,1.4181231900739302
275.3125513296317,0.5630076709360098
275.3204223500253,3.204221477030222
275.328293370419,8.223091699220705
275.33616439081266,10.748694530787686
275.34403541120633,6.798422173062315
275.35190643159996,8.981385270239429
275.35977745199364,45.47650999292364
275.3676484723873,74.9969657039132
275.375519492781,24.276684753384142
275.3833905131746,39.48379302501352
275.3912615335683,38.30482735737498
275.399132553962,18.614510265723542
275.40700357435566,9.164140677769238
275.4148745947493,8.163526372124291
275.42274561514296,53.46531034640936
275.43061663553664,4.147615087486087
275.4384876559303,18.873043568306038
275.44635867632394,30.787534318429767
275.4542296967176,7.31622685961244
275.4621007171113,1.0273202256170406
275.469971737505,14.400355121148664
275.4778427578986,28.308923966586512
275.4857137782923,9.206853052165801
275.49358479868596,5.148305083214102
275.50145581907964,34.88792750454908
275.5093268394733,20.09928285646405
275.51719785986694,11.938972169103486
275.5250688802606,2.7709580837333503
275.5329399006543,9.581852333854787
275.540810921048,53.30367123382474
275.5486819414416,34.12221202738473
275.5565529618353,34.43716015396794
275.56442398222896,85.89894283980503
275.57229500262264,3.9581502948127167
275.58016602301626,112.14008755462304
275.58803704340994,30.044592133764638
275.5959080638036,3.5784341885475355
275.6037790841973,0.5415941749922332
275.6116501045909,5.327658508408904
275.6195211249846,59.92765400304217
275.6273921453783,0.5893775084456209
275.63526316577196,26.533694304985083
275.6431341861656,3.2318992725342683
275.65100520655926,14.6476991706354
275.65887622695294,22.216508532649144
275.6667472473466,43.346186726194965
275.67461826774024,20.52912616866213
275.6824892881339,32.751449723062215
275.6903603085276,10.61464128203628
275.6982313289213,47.49135000781221
275.7061023493149,2.991248233853009
275.7139733697086,9.761483732345296
275.72184439010226,10.679685003017472
275.72971541049594,43.62225770918788
275.73758643088956,6.263042978098983
275.74545745128324,25.82273428272169
275.7533284716769,6.63900892758002
275.7611994920706,17.667808252492698
275.7690705124642,39.835550219441316
275.7769415328579,56.1983384072939
275.7848125532516,16.060799598059333
275.79268357364526,6.255729450344286
275.8005545940389,14.349206224801918
275.80842561443256,60.420355417203005
275.81629663482624,17.7327426797126
275.8241676552199,2.0731421107078356
275.8320386756136,4.189859720366131
275.8399096960072,48.84887437126368
275.8477807164009,53.91197961084492
275.8556517367946,11.484258116842915
275.86352275718826,28.80825447601528
275.8713937775819,26.57774672647777
275.87926479797557,24.495885054187312
275.88713581836925,7.30081086728195
275.8950068387629,15.87407123325975
275.90287785915655,16.879522177871323
275.9107488795502,61.77789876679155
275.9186198999439,33.32656125212395
275.9264909203376,14.32328634896145
275.9343619407312,150.44493732150718
275.9422329611249,181.59289672427855
275.95010398151857,32.314279479189786
275.95797500191225,2.423891889080814
275.96584602230587,0.23017529774236298
275.97371704269955,37.15382973355764
275.9815880630932,29.591071646747967
275.9894590834869,125.56352168982052
275.99733010388053,30.413752815962035
276.0052011242742,31.77936159034572
276.0130721446679,5.745641419874232
276.02094316506157,28.35114336856262
276.0288141854552,3.6005257535309036
276.03668520584887,9.56202670198758
276.04455622624255,27.30660950130084
276.0524272466362,37.04841803633831
276.06029826702985,2.2787138651046916
276.06816928742353,11.220406286228178
276.0760403078172,3.3502762020950625
276.0839113282109,0.5075006747190243
276.0917823486045,9.680462951041388
276.0996533689982,10.775744621494848
276.10752438939187,37.20658966209088
276.11539540978555,25.19991503508841
276.12326643017917,1.095592064883923
276.13113745057285,3.372851045118125
276.13900847096653,74.52388818574501
276.1468794913602,9.056003854360691
276.15475051175383,56.4948212211462
276.1626215321475,57.85054009125212
276.1704925525412,149.02647522206956
276.17836357293487,17.26622389558748
276.18623459332855,23.22030598882875
276.1941056137222,5.749306775931919
276.20197663411585,105.9989486818247
276.20984765450953,22.75959338155904
276.2177186749032,72.71005447955213
276.22558969529683,2.8055268510218436
276.2334607156905,15.400381265836721
276.2413317360842,12.606173482913167
276.24920275647787,33.62827107186485
276.2570737768715,8.875180555565679
276.2649447972652,51.21378643438698
276.27281581765885,12.459026112925345
276.28068683805253,63.14591972038679
276.28855785844615,16.649050955325485
276.29642887883983,69.13656318861446
276.3042998992335,10.973715337960067
276.3121709196272,27.367430046915885
276.3200419400208,2.0829013371353473
276.3279129604145,0.8110464758765777
276.3357839808082,25.59545044729616
276.34365500120185,10.609378219955651
276.3515260215955,2.066494427990584
276.35939704198915,12.931096997213471
276.36726806238283,1.5454825501202027
276.3751390827765,32.4699456549523
276.38301010317014,70.20358754291243
276.3908811235638,37.00291776274667
276.3987521439575,33.590310197456
276.4066231643512,3.3911716955756757
276.4144941847448,18.810496276694582
276.4223652051385,1.3033592612876035
276.43023622553216,21.4802585114008
276.43810724592583,30.605289624532496
276.44597826631946,4.300408884745318
276.45384928671314,0.7903089978863362
276.4617203071068,23.28664493646135
276.4695913275005,11.554496544227337
276.4774623478941,2.4678065830702143
276.4853333682878,7.598587279821206
276.4932043886815,17.884378299846638
276.50107540907516,49.174951339148826
276.50894642946884,12.79676593286378
276.51681744986246,19.458606791430046
276.52468847025614,1.8800377318858914
276.5325594906498,25.760641037691013
276.5404305110435,12.267371768175714
276.5483015314371,23.74835282751903
276.5561725518308,0.001470259551098627
276.5640435722245,27.345934226030145
276.57191459261816,3.8403144361049284
276.5797856130118,17.081908841432238
276.58765663340546,11.03198362315191
276.59552765379914,7.4193554397992525
276.6033986741928,4.216125066376723
276.61126969458644,16.924034152817867
276.6191407149801,16.806878196996426
276.6270117353738,11.318932183594123
276.6348827557675,83.86714416003241
276.6427537761611,16.660453149828065
276.6506247965548,38.35678410864911
276.65849581694846,16.606550571555374
276.66636683734214,1.5681473155621928
276.67423785773576,14.503496436468048
276.68210887812944,0.24492941134313284
276.6899798985231,4.403297116023764
276.6978509189168,0.17138158922118504
276.7057219393104,24.371690116634255
276.7135929597041,8.9404374997577
276.7214639800978,1.7841828130580624
276.72933500049146,15.155742541355748
276.7372060208851,3.443014455826961
276.74507704127876,74.4842228818057
276.75294806167244,125.96329849123325
276.7608190820661,14.639724977199664
276.76869010245974,16.171295353350985
276.7765611228534,34.75339615834187
276.7844321432471,25.2090626680477
276.7923031636408,114.25668384332315
276.8001741840344,23.813244212594363
276.8080452044281,17.69820485118094
276.81591622482176,3.7899037859201363
276.82378724521544,2.0008848922538154
276.8316582656091,76.69504979824721
276.83952928600274,87.12563088664564
276.8474003063964,0.9121814374325977
276.8552713267901,45.216042805205014
276.8631423471838,5.712531453844515
276.8710133675774,114.21714674982132
276.8788843879711,10.617467767750057
276.88675540836476,35.59408349781834
276.89462642875844,8.062469197427859
276.90249744915207,20.349338629639313
276.91036846954574,23.178243499254734
276.9182394899394,14.010055875960926
276.9261105103331,21.014569352815442
276.9339815307267,27.534779835831984
276.9418525511204,8.102290038253042
276.9497235715141,90.60544639353942
276.95759459190776,13.257075636610491
276.9654656123014,2.3931894380274166
276.97333663269507,53.03183912265001
276.98120765308875,16.096163323278837
276.9890786734824,19.486894183161215
276.99694969387605,52.12949583405258
277.0048207142697,10.576948610040727
277.0126917346634,47.02098572840081
277.0205627550571,112.19853795930011
277.0284337754507,47.41994229546721
277.0363047958444,60.07424966854476
277.04417581623807,4.43088129964695
277.05204683663175,45.88503944571588
277.05991785702537,23.9686896201537
277.06778887741905,144.2102729819984
277.0756598978127,30.974554151727528
277.0835309182064,145.95067107080683
277.09140193860003,27.186493525919843
277.0992729589937,39.846554728415654
277.1071439793874,14.350241495493623
277.11501499978107,7.317603825468145
277.1228860201747,5.204071079778539
277.13075704056837,26.569965691139405
277.13862806096205,14.521560236008805
277.1464990813557,45.31308177249875
277.15437010174935,5.5501606739974925
277.16224112214303,14.734311617120216
277.1701121425367,7.2593102910678535
277.1779831629304,34.24922221206719
277.18585418332407,3.7175026415057832
277.1937252037177,57.24799626631248
277.20159622411137,4.1868492391073
277.20946724450505,1.3671265330156712
277.21733826489873,13.686091007793443
277.22520928529235,41.955139670461364
277.23308030568603,36.5679525964075
277.2409513260797,20.729268371319144
277.2488223464734,3.1067244787076223
277.256693366867,20.425822981054434
277.2645643872607,20.75798928819509
277.27243540765437,66.62431546105705
277.28030642804805,30.394882104407976
277.2881774484417,2.596418672500339
277.29604846883535,15.828351012294203
277.30391948922903,64.0093845014553
277.3117905096227,1.8377635070842953
277.31966153001633,12.943165137585787
277.32753255041,5.296405340032948
277.3354035708037,6.131193327615178
277.34327459119737,5.396359423250576
277.351145611591,1.3369609536444247
277.3590166319847,0.4573548676940645
277.36688765237835,21.278660689740168
277.37475867277203,7.0184611141120845
277.38262969316565,14.425592345423768
277.39050071355933,1.7242948524562114
277.398371733953,3.4941383166315525
277.4062427543467,61.75922370722931
277.4141137747403,11.534910952061958
277.421984795134,10.716237468269851
277.4298558155277,14.344978843058756
277.43772683592135,53.16976840539601
277.445597856315,28.67666501747919
277.45346887670865,4.909874477461613
277.46133989710233,19.554365986822212
277.469210917496,9.313934584588965
277.47708193788964,12.412424849808254
277.4849529582833,38.47848442663112
277.492823978677,43.35322322651286
277.5006949990707,7.473829680446633
277.50856601946435,21.359740595385937
277.516437039858,0.3276042481627075
277.52430806025166,18.741978130987935
277.53217908064534,4.954988550326252
277.540050101039,39.810445337637894
277.54792112143264,71.45869146824553
277.5557921418263,59.78915199691547
277.56366316222,45.10975392884854
277.5715341826137,127.67913250558857
277.5794052030073,23.640993509515173
277.587276223401,19.427703614987365
277.59514724379466,19.826812031917626
277.60301826418834,69.8784340694949
277.61088928458196,17.181636082329405
277.61876030497564,14.235873364899152
277.6266313253693,6.590156495007982
277.634502345763,5.954326028374042
277.6423733661566,15.946792949852895
277.6502443865503,61.41798079605
277.658115406944,7.0302681787033645
277.66598642733766,22.65900110721747
277.6738574477313,78.54656454907115
277.68172846812496,306.99178898396144
277.68959948851864,19.452125671186014
277.6974705089123,27.862790459716646
277.70534152930594,14.571671592544106
277.7132125496996,33.874478361378095
277.7210835700933,8.341591146709657
277.728954590487,60.28627514571666
277.7368256108806,15.595892304021284
277.7446966312743,10.298380729063846
277.75256765166796,28.987912437762475
277.76043867206164,14.576771206989392
277.76830969245526,22.40784150745458
277.77618071284894,2.803941976775584
277.7840517332426,17.31553386295782
277.7919227536363,14.396129134549952
277.7997937740299,63.57419628460602
277.8076647944236,26.886021691183647
277.8155358148173,32.14129475196615
277.82340683521096,9.82939356911114
277.8312778556046,57.21987692564161
277.83914887599826,5.821373269189414
277.84701989639194,0.970807895668693
277.8548909167856,3.9030306158895463
277.8627619371793,7.327621253010791
277.8706329575729,18.080921552007247
277.8785039779666,49.03720387914141
277.8863749983603,2.5352654296887787
277.89424601875396,4.692972944343033
277.9021170391476,12.446958168376588
277.90998805954126,32.543426858559215
277.91785907993494,2.024318891882985
277.9257301003286,12.411519945190536
277.93360112072224,20.63431695692064
277.9414721411159,18.43110714822694
277.9493431615096,38.529067840530004
277.9572141819033,1.8642913518281858
277.9650852022969,66.17141597099382
277.9729562226906,6.478818706018318
277.98082724308426,60.17204206175977
277.98869826347794,1.531638416318276
277.99656928387157,5.483074364144658
278.00444030426524,47.312481986481416
278.0123113246589,36.36208391697492
278.0201823450526,88.30285304593473
278.0280533654462,1.8326786093497174
278.0359243858399,16.721688467057884
278.0437954062336,12.45469594752387
278.05166642662726,9.60720511040659
278.0595374470209,15.747791481904251
278.06740846741457,6.682010186350348
278.07527948780825,109.38374475536814
278.0831505082019,22.770680847164105
278.09102152859555,0.5645251267986745
278.0988925489892,2.917284167726031
278.1067635693829,5.847800039732158
278.1146345897766,24.593035040967575
278.1225056101702,1.9805359155838138
278.1303766305639,13.923779317881818
278.13824765095757,7.710736667514629
278.14611867135125,63.88014266069505
278.15398969174487,58.10721760599701
278.16186071213855,72.52636479447257
278.1697317325322,53.06205330303068
278.1776027529259,29.381867027549035
278.1854737733196,22.712136264186594
278.1933447937132,22.519329458660213
278.2012158141069,74.12259594704952
278.20908683450057,129.72361699830145
278.21695785489425,31.947422351661263
278.22482887528787,47.62165217359646
278.23269989568155,11.664863081625393
278.2405709160752,12.582528063804935
278.2484419364689,31.168203955834436
278.25631295686253,20.325679594523653
278.2641839772562,64.57019273613345
278.2720549976499,31.451336327723872
278.27992601804357,7.493329517456061
278.2877970384372,11.12642593385967
278.29566805883087,2.7224502845160115
278.30353907922455,31.97773841047929
278.31141009961823,10.367100750881542
278.31928112001185,1.4379516026091723
278.32715214040553,18.3468932175368
278.3350231607992,23.063292766496374
278.3428941811929,8.310939587618991
278.3507652015865,17.109849060593604
278.3586362219802,41.671791112410254
278.36650724237387,23.743287065216307
278.37437826276755,90.27674877014168
278.3822492831612,2.3295753508138226
278.39012030355485,88.54939867749586
278.39799132394853,48.6705239076297
278.4058623443422,15.621748398837802
278.41373336473583,3.4510765397445815
278.4216043851295,13.522714086574538
278.4294754055232,60.25564592208451
278.43734642591687,9.609946740277596
278.4452174463105,22.783612310982125
278.4530884667042,114.31306708424037
278.46095948709785,4.213656988716956
278.46883050749153,14.818634641601536
278.47670152788515,1.8862720834972502
278.48457254827883,35.71201856975892
278.4924435686725,3.9859853996501537
278.5003145890662,25.506957941568693
278.5081856094598,9.201161075533141
278.5160566298535,59.8880955358075
278.5239276502472,21.359106727057387
278.53179867064085,114.99183748209379
278.53966969103453,7.176295361331291
278.54754071142816,2.618477623543539
278.55541173182183,140.58054939427262
278.5632827522155,27.713884028584705
278.5711537726092,8.694822463998342
278.5790247930028,34.06060536364486
278.5868958133965,18.360643154335854
278.5947668337902,14.191372564300424
278.60263785418385,13.854382095484755
278.6105088745775,2.0586223525105467
278.61837989497116,47.48239391484764
278.62625091536484,40.95524456771893
278.6341219357585,30.821034513180106
278.64199295615214,4.067086667044955
278.6498639765458,102.39925044066948
278.6577349969395,30.605105302068498
278.6656060173332,38.61365240480982
278.6734770377268,6.5297475583752425
278.6813480581205,7.8869039107221965
278.68921907851416,26.535550758027846
278.69709009890784,5.045063865193857
278.70496111930146,32.61027971549381
278.71283213969514,15.05009040769271
278.7207031600888,10.191640531563262
278.7285741804825,52.404343956090855
278.7364452008761,29.701226549650098
278.7443162212698,21.234686939588187
278.7521872416635,7.11150880242725
278.76005826205716,75.94258085177356
278.7679292824508,50.49475609740859
278.77580030284446,23.479272971095195
278.78367132323814,61.3244808946298
278.7915423436318,39.3092470735129
278.79941336402544,31.84580603206813
278.8072843844191,34.488771971116094
278.8151554048128,166.1574850108016
278.8230264252065,58.858327812712055
278.8308974456001,9.914097271676333
278.8387684659938,164.7881559062372
278.84663948638746,14.691256638784058
278.85451050678114,42.5619603895738
278.8623815271748,7.541027058365043
278.87025254756844,13.123722451035077
278.8781235679621,100.88597755450976
278.8859945883558,56.52762871691752
278.8938656087495,19.123352590721137
278.9017366291431,159.02351897554158
278.9096076495368,16.38261572832736
278.91747866993046,21.188515127528515
278.92534969032414,10.699799729066363
278.93322071071776,39.05072698325777
278.94109173111144,22.8419932383585
278.9489627515051,19.47570477777223
278.9568337718988,9.16544387378363
278.9647047922924,51.856087406232746
278.9725758126861,80.25974621081735
278.9804468330798,1.1675951045991018
278.98831785347346,70.14851998006723
278.9961888738671,1.1959687038436775
279.00405989426076,26.87442365461588
279.01193091465444,1.8124896532515282
279.0198019350481,6.437092710452776
279.02767295544174,5.411941456345997
279.0355439758354,23.02402601079793
279.0434149962291,69.29474903447209
279.0512860166228,31.51370211055711
279.0591570370164,9.95722712200474
279.0670280574101,4.080017218588446
279.07489907780376,18.502952957265823
279.08277009819744,0.08177414914134155
279.09064111859107,6.868073925063289
279.09851213898474,6.14114432487774
279.1063831593784,2.4582872638463145
279.1142541797721,8.443037269323625
279.1221252001657,7.613583870997875
279.1299962205594,8.013164718264822
279.1378672409531,60.19237706651441
279.14573826134676,28.022776622466065
279.1536092817404,5.3502203272403825
279.16148030213407,10.842618884068811
279.16935132252775,15.245802032534439
279.1772223429214,40.97359723908411
279.18509336331505,17.453931053333648
279.1929643837087,10.67261481051327
279.2008354041024,16.03494018800991
279.2087064244961,10.463414805301822
279.21657744488977,31.603109266480985
279.2244484652834,30.531739801397805
279.23231948567707,116.60021520288181
279.24019050607075,19.212432524011145
279.2480615264644,53.01023663880693
279.25593254685805,2.9782216681755105
279.2638035672517,29.515323488200327
279.2716745876454,24.950164654008336
279.2795456080391,1.392455818129399
279.2874166284327,41.1446082936386
279.2952876488264,14.735105307632047
279.30315866922007,3.114225610818283
279.31102968961375,8.897030009184942
279.31890071000737,1.5121564061562145
279.32677173040105,1.386474029679195
279.3346427507947,5.2692561728601115
279.3425137711884,4.77328185413721
279.35038479158203,7.96637627243404
279.3582558119757,32.62760099858885
279.3661268323694,17.56489437423997
279.37399785276307,2.5315687858330973
279.3818688731567,5.789065915453115
279.38973989355037,45.83550395351796
279.39761091394405,1.2038786828574735
279.40548193433773,0.8893302130551345
279.41335295473135,1.9212625536374164
279.42122397512503,13.01070794945863
279.4290949955187,1.765859466381295
279.4369660159124,16.385390671554543
279.444837036306,6.67584703751841
279.4527080566997,12.82049723214208
279.46057907709337,57.80780439926194
279.46845009748705,20.020791729669128
279.4763211178807,10.520057894705303
279.48419213827435,4.647492346486068
279.49206315866803,9.595663667196785
279.4999341790617,33.40652423702559
279.50780519945533,67.02407403886427
279.515676219849,63.21249959139643
279.5235472402427,13.100514617263613
279.53141826063637,26.72991325185863
279.53928928103005,3.616040603136839
279.5471603014237,15.827457783909447
279.55503132181735,29.446204399984087
279.56290234221103,9.558066802341038
279.5707733626047,11.899818018586565
279.57864438299833,16.807754201010457
279.586515403392,24.882806523852658
279.5943864237857,7.1935278546326105
279.6022574441794,32.02292595451747
279.610128464573,1.3498605110652624
279.6179994849667,91.50114385920487
279.62587050536035,4.5987909294492875
279.63374152575403,12.545665348094687
279.64161254614766,52.88050251851567
279.64948356654133,49.54882657568475
279.657354586935,17.513020213834597
279.6652256073287,12.15235499322089
279.6730966277223,17.18983749408879
279.680967648116,3.6647640971130975
279.6888386685097,14.51921874520301
279.69670968890335,27.231612970255856
279.704580709297,10.261350648712368
279.71245172969066,45.284447165717786
279.72032275008434,27.886913255719012
279.728193770478,17.07151473826433
279.73606479087164,1.4950880574864278
279.7439358112653,13.51371944391769
279.751806831659,13.863948146846031
279.7596778520527,12.992249868687283
279.7675488724463,12.029483523615168
279.77541989284,30.169659086777873
279.78329091323366,2.396152435973891
279.79116193362734,20.980807328558324
279.79903295402096,0.042926072993782344
279.80690397441464,14.545146535828602
279.8147749948083,60.16826112249171
279.822646015202,10.727106482221611
279.8305170355956,9.586417400968157
279.8383880559893,37.355107151181045
279.846259076383,0.4241087888745354
279.85413009677666,3.349927791552314
279.8620011171703,16.399644439952738
279.86987213756396,16.90940130180495
279.87774315795764,6.0805730129623905
279.8856141783513,49.25574530482612
279.893485198745,19.462971558181195
279.9013562191386,186.69298841101622
279.9092272395323,115.98047439881317
279.917098259926,56.02713906480405
279.92496928031966,12.063768541874087
279.9328403007133,9.4080113671544
279.94071132110696,10.401265545952437
279.94858234150064,47.70210567487608
279.9564533618943,9.459211215318224
279.96432438228794,22.373721853707472
279.9721954026816,134.32355955170536
279.9800664230753,20.35122239238774
279.987937443469,39.75910131532834
279.9958084638626,14.680209567041139
280.0036794842563,32.39754559503019
280.01155050464996,35.49099850211862
280.01942152504364,12.105640463453003
280.02729254543726,8.41591335158394
280.03516356583094,63.42618884507416
280.0430345862246,23.67369770264591
280.0509056066183,41.94758963179897
280.0587766270119,9.338282199380414
280.0666476474056,29.128857548980225
280.0745186677993,13.761689589303778
280.08238968819296,8.222571361485299
280.0902607085866,3.3634638159679953
280.09813172898026,61.12158194855953
280.10600274937394,60.406393010208
280.1138737697676,6.779862699946068
280.12174479016124,5.5481219441502025
280.1296158105549,61.6442219344531
280.1374868309486,0.37994652755301234
280.1453578513423,88.41104519543283
280.1532288717359,2.5956753766307425
280.1610998921296,0.6017427203190807
280.16897091252326,16.282463293917637
280.17684193291694,3.5130052641813982
280.18471295331057,1.736584160955147
280.19258397370425,26.34865197655371
280.2004549940979,5.690276805065121
280.2083260144916,4.094904564358856
280.2161970348853,21.694172021156803
280.2240680552789,2.2416349475099144
280.2319390756726,9.135656150294917
280.23981009606626,22.913054470960066
280.24768111645994,22.067321276087043
280.25555213685357,15.74601146725107
280.26342315724725,0.7670423933964795
280.2712941776409,8.276811948871739
280.2791651980346,1.966349186972916
280.2870362184282,6.319811980112694
280.2949072388219,4.210344078392199
280.3027782592156,7.502086868842674
280.31064927960927,6.037600029416687
280.3185203000029,1.71363607733911
280.32639132039657,32.49326341376407
280.33426234079025,12.676355891418314
280.3421333611839,4.733275463141287
280.35000438157755,3.0602595704747473
280.3578754019712,60.79448967923955
280.3657464223649,31.52283560684127
280.3736174427586,0.009805493062422604
280.3814884631522,16.54104412072761
280.3893594835459,111.94275926800564
280.39723050393957,27.448689658165748
280.40510152433325,26.54282501017794
280.41297254472687,1.8807911222495322
280.42084356512055,10.070345794941518
280.42871458551423,1.3337135783529137
280.4365856059079,22.053836569472445
280.44445662630153,25.59845559987286
280.4523276466952,22.87371076940831
280.4601986670889,25.166142765575685
280.46806968748257,17.098994690846865
280.4759407078762,37.98951905457799
280.48381172826987,6.185957355437912
280.49168274866355,15.584835541004436
280.49955376905723,15.184124346935006
280.50742478945085,19.265465518964113
280.51529580984453,15.099345085544748
280.5231668302382,10.104393116030344
280.5310378506319,4.488747644579458
280.5389088710255,18.771379383867618
280.5467798914192,22.239197219356036
280.55465091181287,30.813499911602914
280.56252193220655,0.6377328247769162
280.57039295260023,7.65273228602565
280.57826397299385,2.0667361079639104
280.58613499338753,79.5287435163213
280.5940060137812,17.08426200849639
280.6018770341749,29.24780285178781
280.6097480545685,9.829502693201539
280.6176190749622,8.573640937452849
280.6254900953559,5.441876302994936
280.63336111574955,16.414213098893068
280.6412321361432,2.6597542384130604
280.64910315653685,8.27320398102466
280.65697417693053,5.939489659320974
280.6648451973242,17.560344750907557
280.67271621771783,129.30423620756184
280.6805872381115,42.77429006560485
280.6884582585052,39.96085849607848
280.6963292788989,54.957588319666016
280.7042002992925,73.68242248163156
280.7120713196862,7.040969517206845
280.71994234007985,102.89886560616661
280.72781336047353,0.6963778327219524
280.73568438086716,9.990100886241478
280.74355540126083,9.812273112028361
280.7514264216545,9.502803489866768
280.7592974420482,18.153113409223614
280.7671684624418,9.474061033421226
280.7750394828355,5.122420232885195
280.7829105032292,14.234099269888079
280.79078152362285,0.23025683139699216
280.7986525440165,16.616571207649795
280.80652356441016,6.373100797839325
280.81439458480384,62.18048667241764
280.8222656051975,29.109147855932918
280.83013662559114,14.40838434153225
280.8380076459848,2.4627832456343115
280.8458786663785,33.34936542892029
280.8537496867722,6.1383600334142905
280.8616207071658,17.817609691085416
280.8694917275595,76.45657286985774
280.87736274795316,71.40203832963034
280.88523376834684,59.68777844734089
280.8931047887405,32.792047361904665
280.90097580913414,2.1761574682068776
280.9088468295278,75.76933518017067
280.9167178499215,22.80946422713014
280.9245888703152,12.460986100049432
280.9324598907088,0.26960306925690586
280.9403309111025,24.60319914597577
280.94820193149616,1.0627219185443724
280.95607295188984,2.8481190130828704
280.96394397228346,36.03302220084759
280.97181499267714,14.919007582150849
280.9796860130708,56.433755519137236
280.9875570334645,2.469655646978838
280.9954280538581,17.117211615162997
281.0032990742518,8.600742615806096
281.0111700946455,15.090164791414155
281.01904111503916,3.561924551287294
281.0269121354328,1.5672131745119113
281.03478315582646,38.20837069059489
281.04265417622014,0.3796974885738876
281.0505251966138,27.99481580243038
281.05839621700744,35.281882379414064
281.0662672374011,45.13582494905068
281.0741382577948,0.7439850021854892
281.0820092781885,20.791874405317827
281.0898802985821,24.45316597660246
281.0977513189758,75.87417162380403
281.10562233936946,45.080581671545346
281.11349335976314,32.53509443769199
281.12136438015676,47.86690273233694
281.12923540055044,1.9899185026316821
281.1371064209441,9.563604196997455
281.1449774413378,12.94585597044733
281.1528484617314,9.118618617222833
281.1607194821251,11.055572070602866
281.1685905025188,56.61131393824996
281.17646152291246,53.55990117954329
281.1843325433061,37.10476513453053
281.19220356369976,9.18154930895003
281.20007458409344,4.19219611600383
281.2079456044871,54.76245947951328
281.21581662488074,44.030615159913964
281.2236876452744,9.407445262130253
281.2315586656681,12.775914703465572
281.2394296860618,1.3843315100233016
281.24730070645546,4.819858451280862
281.2551717268491,46.05789363282252
281.26304274724276,78.36033950450677
281.27091376763644,6.678379974919074
281.2787847880301,4.386236213490871
281.28665580842375,5.618593274919584
281.2945268288174,21.896574250987957
281.3023978492111,35.78708133010356
281.3102688696048,148.13692420755623
281.3181398899984,33.823698610058145
281.3260109103921,81.94595411432522
281.33388193078576,151.90444398005698
281.34175295117944,38.04816563946527
281.34962397157307,4.4442002082975804
281.35749499196675,2.747201292375164
281.3653660123604,11.69719062296882
281.3732370327541,2.423749169733165
281.3811080531477,7.9636698442869625
281.3889790735414,24.50959234387618
281.3968500939351,5.740145268959549
281.40472111432877,3.027511254003105
281.4125921347224,0.6573001661591779
281.42046315511607,23.637151043501568
281.42833417550975,14.471554885767208
281.4362051959034,4.14504852817041
281.44407621629705,13.46856078779747
281.4519472366907,8.182701952318068
281.4598182570844,171.91578634964333
281.4676892774781,39.27121033352368
281.4755602978717,17.702759062904732
281.4834313182654,63.48338040277891
281.49130233865907,4.7747589407175415
281.49917335905275,5.422098554355417
281.50704437944637,12.661496454431107
281.51491539984005,10.555323251585254
281.52278642023373,4.172859279004369
281.5306574406274,78.37204382192722
281.53852846102103,19.636229004330442
281.5463994814147,13.685704192455706
281.5542705018084,14.76296995431037
281.56214152220207,2.039567736077435
281.57001254259575,27.454442829086148
281.57788356298937,23.567888933909792
281.58575458338305,8.230392668663795
281.59362560377673,34.235856938207235
281.6014966241704,82.39156033231893
281.60936764456403,71.94114684085484
281.6172386649577,14.671652673690136
281.6251096853514,18.052398933461053
281.63298070574507,53.846185734747515
281.6408517261387,81.1469455025035
281.64872274653237,14.227638825257937
281.65659376692605,1.8102279652111612
281.66446478731973,16.473611554244684
281.67233580771335,3.33628594864553
281.68020682810703,14.111345769805624
281.6880778485007,9.711105055132126
281.6959488688944,13.956282858591175
281.703819889288,15.49480741645974
281.7116909096817,1.1572711090998582
281.7195619300754,8.653998519529443
281.72743295046905,3.4178565509049927
281.7353039708627,9.443196222895148
281.74317499125635,17.21147316027799
281.75104601165003,47.64324154933654
281.7589170320437,44.941200771277984
281.76678805243733,27.151637476046727
281.774659072831,93.33196348300525
281.7825300932247,87.45178216238955
281.7904011136184,7.971760229487395
281.798272134012,27.59082428701541
281.8061431544057,8.378379840055583
281.81401417479935,53.56811880533809
281.82188519519303,19.715241280373252
281.82975621558666,28.011790838968814
281.83762723598034,46.699555602320146
281.845498256374,67.35023759031877
281.8533692767677,27.125020881126257
281.8612402971613,88.98643861844518
281.869111317555,37.78230110563059
281.8769823379487,10.819344634125688
281.88485335834235,0.30468235373865765
281.892724378736,22.43975572791829
281.90059539912966,44.22126140994832
281.90846641952334,0.7425891738064387
281.916337439917,8.179911346532315
281.9242084603107,7.988290748983204
281.9320794807043,2.4647270826888827
281.939950501098,1.3181537626838453
281.9478215214917,21.476471614583396
281.95569254188536,19.469670150700352
281.963563562279,12.959510686080325
281.97143458267266,7.516014180112535
281.97930560306634,0.9411283780946312
281.98717662346,0.449922037209553
281.99504764385364,1.2580181966761719
282.0029186642473,10.059923323843568
282.010789684641,2.510358427110573
282.0186607050347,6.981366931916405
282.0265317254283,3.0683487259860396
282.034402745822,23.27122728183677
282.04227376621566,14.617357935608197
282.05014478660934,1.1188032817372175
282.05801580700296,1.0322450182126162
282.06588682739664,2.7846187418461814
282.0737578477903,36.94857436681398
282.081628868184,10.804708858767805
282.0894998885776,25.582561034673784
282.0973709089713,15.42235868485627
282.105241929365,4.167246176357455
282.11311294975866,21.893936764009922
282.1209839701523,4.120823408339204
282.12885499054596,1.968236408401191
282.13672601093964,118.87198511856835
282.1445970313333,18.053764861723085
282.15246805172694,7.023393367619328
282.1603390721206,50.51136610554578
282.1682100925143,66.98724502716757
282.176081112908,16.480514338267675
282.1839521333016,112.60622400052915
282.1918231536953,10.653934617127366
282.19969417408896,34.89184799575555
282.20756519448264,18.329931114546355
282.21543621487626,65.94883455657407
282.22330723526994,11.053430295655454
282.2311782556636,5.536206362541749
282.2390492760573,0.8684937080363697
282.246920296451,2.623815104743221
282.2547913168446,3.2887070041261217
282.2626623372383,12.932669287402272
282.27053335763196,2.6365860238442407
282.27840437802564,2.010625287418195
282.28627539841926,5.985871005367163
282.29414641881294,5.52172463879282
282.3020174392066,16.851138145474774
282.3098884596003,4.455589933371059
282.3177594799939,52.0325450398703
282.3256305003876,33.640213709341374
282.3335015207813,37.56189092372573
282.34137254117496,51.68405492164588
282.3492435615686,10.895563210778898
282.35711458196226,23.53520337762696
282.36498560235594,0.1819579473016356
282.3728566227496,11.338011921816307
282.38072764314325,1.8980346136945083
282.3885986635369,7.067675500903872
282.3964696839306,4.951373150698735
282.4043407043243,14.257946015387414
282.4122117247179,9.213900982558261
282.4200827451116,24.65474756870829
282.42795376550526,19.623590931713245
282.43582478589894,33.92482965578502
282.44369580629257,2.7531745096906945
282.45156682668625,50.06343878490451
282.4594378470799,40.35007519509922
282.4673088674736,0.4198283875037732
282.4751798878672,18.43704606103026
282.4830509082609,41.67167019472774
282.4909219286546,32.57118406700808
282.49879294904827,5.677950515009192
282.5066639694419,21.219176310543357
282.51453498983557,40.55378118954896
282.52240601022925,14.993105346036652
282.5302770306229,1.8037639681651287
282.53814805101655,39.81733994221936
282.5460190714102,3.481738182414616
282.5538900918039,19.12901497365229
282.5617611121976,35.936181522604265
282.56963213259127,128.25763433619477
282.5775031529849,21.258082087355326
282.58537417337857,73.5549643868992
282.59324519377225,2.784339384491144
282.6011162141659,12.39294910512512
282.60898723455955,19.499511105886256
282.61685825495323,8.162284653250914
282.6247292753469,50.14520851570546
282.6326002957406,21.55224914789032
282.6404713161342,25.731608150226215
282.6483423365279,4.459870603483627
282.65621335692157,19.61811892148029
282.66408437731525,6.680913943030882
282.67195539770887,77.13994785541145
282.67982641810255,0.38068539338731366
282.68769743849623,6.360583377638131
282.6955684588899,109.02762985605207
282.70343947928353,46.028733201191045
282.7113104996772,11.036264926033429
282.7191815200709,2.443826525028441
282.72705254046457,31.671628450111836
282.7349235608582,12.420765667476346
282.74279458125187,12.602505395560687
282.75066560164555,3.4223690285458503
282.75853662203923,23.953984962219142
282.76640764243285,6.739993038183083
282.77427866282653,14.546672818066614
282.7821496832202,5.0008419783490705
282.7900207036139,26.087308411710147
282.7978917240075,8.890950817969259
282.8057627444012,0.41734305122319715
282.8136337647949,8.477674611755946
282.82150478518855,29.040765418156738
282.8293758055822,3.0567706448796135
282.83724682597585,5.711120261442202
282.84511784636953,18.40419832171272
282.8529888667632,11.100236063362162
282.86085988715683,27.4962991540287
282.8687309075505,20.191574023370762
282.8766019279442,24.395125765747434
282.8844729483379,11.927781658947008
282.8923439687315,58.71641275169384
282.9002149891252,3.598730883546437
282.90808600951885,6.617400229331475
282.91595702991253,12.698628858726696
282.9238280503062,3.263700849463682
282.93169907069984,54.1181946797638
282.9395700910935,50.71578024674229
282.9474411114872,25.688048299089125
282.9553121318809,48.191601446206114
282.9631831522745,27.327863077829146
282.9710541726682,2.6333902654848993
282.97892519306185,23.42795379507957
282.98679621345553,2.360770860050817
282.99466723384916,36.54431759425131
283.00253825424284,57.81279377357046
283.0104092746365,10.664178967033571
283.0182802950302,52.84886672238305
283.0261513154238,16.01386905618295
283.0340223358175,18.90890646326796
283.0418933562112,45.18824268771986
283.04976437660486,20.35980305523572
283.0576353969985,146.90712235657287
283.06550641739216,47.28616217752528
283.07337743778584,14.737124732763727
283.0812484581795,102.35696326411812
283.08911947857314,5.850267906326237
283.0969904989668,17.043160866608474
283.1048615193605,73.82926278577993
283.1127325397542,99.47178396142938
283.1206035601478,92.95294759415285
283.1284745805415,41.26676365078325
283.13634560093516,33.53080696893104
283.14421662132884,29.881430872213503
283.15208764172246,61.24105180279758
283.15995866211614,29.152886237480093
283.1678296825098,20.56067359869906
283.1757007029035,14.474911618426779
283.1835717232971,118.64690881567765
283.1914427436908,57.46112182020643
283.1993137640845,14.66048489859436
283.20718478447816,101.4827424397054
