frequency,power
0.009335388266882023,1.1332746356556258
0.018670776533764047,7.460124761278039
0.02800616480064607,98.8089488917166
0.037341553067528094,66.94777271394722
0.04667694133441012,267.71079550702353
0.05601232960129214,1060.4440326666727
0.06534771786817417,31.325405776733202
0.07468310613505619,947.6349046074457
0.0840184944019382,2604.627234432879
0.09335388266882022,484.0632016087586
0.10268927093570226,5266.253597958585
0.11202465920258428,7159.882659004359
0.1213600474694663,4442.573901466667
0.13069543573634831,7742.676825426553
0.14003082400323036,7524.320122777744
0.14936621227011238,2782.3982493336775
0.1587016005369944,1115.4518805069163
0.1680369888038764,6607.581378318032
0.17737237707075842,4652.577338488306
0.18670776533764047,15858.506313389229
0.19604315360452249,11694.161633776583
0.2053785418714045,16916.428363162133
0.21471393013828655,44322.37414471555
0.22404931840516856,15747.59105616085
0.23338470667205058,14201.456148175237
0.2427200949389326,19798.966141279903
0.2520554832058146,37917.259859719285
0.26139087147269663,6872.780902863435
0.2707262597395787,3765.724512204149
0.2800616480064607,32804.71546813478
0.28939703627334273,16437.37761949171
0.29873242454022475,8102.993424754767
0.30806781280710677,1689.3420431585103
0.3174032010739888,30403.874779261976
0.3267385893408708,18810.723853890537
0.3360739776077528,4645.005191469537
0.34540936587463483,2400.987615594236
0.3547447541415169,13394.414771038013
0.3640801424083989,1292.65326627108
0.37341553067528094,6038.751600709639
0.38275091894216295,22273.054302165983
0.39208630720904497,2657.8928506568045
0.401421695475927,7307.683521620058
0.410757083742809,13868.34956628169
0.4200924720096911,2786.8107232989914
0.4294278602765731,5704.892023696344
0.4387632485434551,7389.711803173479
0.4480986368103371,3172.904167061798
0.45743402507721914,1243.393434222707
0.46676941334410116,27731.585694531157
0.4761048016109832,831.3441210925798
0.4854401898778652,89.51540999103321
0.4947755781447472,18940.408001968397
0.5041109664116293,13666.889265623187
0.5134463546785113,5327.576642138671
0.5227817429453934,15658.897975889884
0.5321171312122754,6497.664995722646
0.5414525194791574,3647.409283393786
0.5507879077460395,4952.353099154565
0.5601232960129214,2394.9531383053454
0.5694586842798035,2393.055123927215
0.5787940725466855,5309.428970460428
0.5881294608135675,1718.7090517282986
0.5974648490804495,3604.6527000175647
0.6068002373473316,7987.105483049264
0.6161356256142136,6458.922734679777
0.6254710138810956,4657.273268783326
0.6348064021479777,3597.089743174384
0.6441417904148596,6724.613207967342
0.6534771786817417,290.04556112881113
0.6628125669486237,1813.2839027417092
0.6721479552155057,7812.824226275047
0.6814833434823877,530.4769483961853
0.6908187317492698,1358.902244434733
0.7001541200161518,18657.153768534452
0.7094895082830338,717.4048006497586
0.7188248965499159,7654.77090224132
0.7281602848167978,4731.066971851087
0.7374956730836799,3639.233083989103
0.7468310613505619,80.52207824049201
0.756166449617444,11057.559972230983
0.765501837884326,157.92075452940844
0.774837226151208,902.7081911677886
0.78417261441809,855.0773660557079
0.793508002684972,4107.992112944119
0.8028433909518541,2144.165354960902
0.812178779218736,5261.867356269952
0.8215141674856181,88.46917724594991
0.8308495557525002,616.5213907214394
0.8401849440193822,2761.328117460917
0.8495203322862642,11890.149290298277
0.8588557205531462,283.46257080461885
0.8681911088200283,4306.507414162726
0.8775264970869102,10204.860084617778
0.8868618853537923,3831.245367431765
0.8961972736206743,479.1620324542445
0.9055326618875563,8641.708626656547
0.9148680501544384,2522.301374525366
0.9242034384213204,471.26839226119773
0.9335388266882024,2337.4640996635426
0.9428742149550844,3278.03749600764
0.9522096032219665,936.5305471013484
0.9615449914888484,985.0855963647901
0.9708803797557305,3189.492735332322
0.9802157680226125,2611.4629772815338
0.9895511562894945,1080.6163072562658
0.9988865445563766,1874.3249143442415
1.0082219328232584,6933.9328353475685
1.0175573210901405,1155.2921059872137
1.0268927093570226,902.6541830302999
1.0362280976239047,4008.6434503932746
1.0455634858907867,7728.190402782707
1.0548988741576688,971.3155614302917
1.0642342624245507,2821.7192886548487
1.0735696506914327,14360.28255222859
1.0829050389583148,1495.805954914186
1.0922404272251969,8924.02529084178
1.1015758154920787,8656.979497242983
1.1109112037589608,401.8253298697486
1.1202465920258429,4448.210193181254
1.129581980292725,5314.8238093272985
1.138917368559607,528.8621892511852
1.1482527568264889,1259.4938290134635
1.157588145093371,4734.87831787784
1.166923533360253,218.39118014858343
1.176258921627135,1418.2950314666089
1.185594309894017,702.3969128204164
1.194929698160899,1637.4557330407913
1.204265086427781,146.78860523331082
1.2136004746946631,189.2145738676452
1.2229358629615452,1677.0311233193408
1.232271251228427,3170.8522981566493
1.2416066394953091,1989.3018645086006
1.2509420277621912,6344.293972394109
1.2602774160290733,920.8898114825439
1.2696128042959551,1156.711756236515
1.2789481925628372,4212.830649824338
1.2882835808297193,303.3808116160496
1.2976189690966013,2516.207760739943
1.3069543573634834,6106.033263300879
1.3162897456303653,592.1018448616254
1.3256251338972473,3876.28055252161
1.3349605221641294,4521.1882595870975
1.3442959104310115,1572.9816833261575
1.3536312986978933,6051.468343926472
1.3629666869647754,739.6428016740579
1.3723020752316575,663.5781176268176
1.3816374634985396,5724.114661268841
1.3909728517654216,1577.1836871341022
1.4003082400323035,2504.631722561999
1.4096436282991855,3417.208875092263
1.4189790165660676,2351.5924702672
1.4283144048329497,4887.060033965247
1.4376497930998318,2579.2302072587654
1.4469851813667136,1570.7069041158898
1.4563205696335957,3424.2103384147913
1.4656559579004778,1043.8009241148277
1.4749913461673598,5163.77475913575
1.4843267344342417,5350.844344223794
1.4936621227011238,874.7795140164549
1.5029975109680058,1914.2133899671085
1.512332899234888,2271.5619953876712
1.52166828750177,58.95938580966466
1.5310036757686518,1259.4164178112298
1.540339064035534,3.3218325387312833
1.549674452302416,1465.572513609897
1.559009840569298,471.03816894943157
1.5683452288361799,1063.460702669664
1.577680617103062,267.3914297072363
1.587016005369944,1361.452597004949
1.596351393636826,413.6517459005928
1.6056867819037082,1101.3359323777847
1.61502217017059,657.7970706589242
1.624357558437472,2790.8853063387696
1.6336929467043542,285.3936111937039
1.6430283349712362,1515.7699028724833
1.6523637232381183,2840.0794034705877
1.6616991115050002,1178.7105715136058
1.6710344997718822,2386.2602980324796
1.6803698880387643,1636.7900089740656
1.6897052763056464,5099.9396066962345
1.6990406645725282,317.1141461838428
1.7083760528394103,882.2688190675522
1.7177114411062924,1016.4652256719
1.7270468293731744,185.73915652450304
1.7363822176400565,1588.1290074696833
1.7457176059069384,21.41125942735479
1.7550529941738204,274.52263024581373
1.7643883824407025,270.0817206289319
1.7737237707075846,2804.9129564795007
1.7830591589744664,346.70936311077514
1.7923945472413485,2515.0205932067915
1.8017299355082306,1625.0072757318019
1.8110653237751126,427.3067656697431
1.8204007120419947,415.6990563695577
1.8297361003088766,1304.5549000577414
1.8390714885757586,1239.3870211770447
1.8484068768426407,181.89710490611267
1.8577422651095228,1216.469378869881
1.8670776533764046,1547.911067755379
1.8764130416432867,217.8641261737922
1.8857484299101688,565.1453350262836
1.8950838181770508,1921.4107561503565
1.904419206443933,149.92503732216895
1.9137545947108148,1748.4594868874647
1.9230899829776968,3331.643972526624
1.932425371244579,974.5212518463189
1.941760759511461,2895.1982390084213
1.9510961477783428,4903.216021398403
1.960431536045225,2167.178106739418
1.969766924312107,2499.4610761991507
1.979102312578989,2883.296736276252
1.9884377008458711,154.01766382797453
1.997773089112753,242.64883094877342
2.007108477379635,340.914493109263
2.016443865646517,557.6003752832394
2.0257792539133987,712.097544356326
2.035114642180281,419.2352996560192
2.044450030447163,861.1364198102533
2.053785418714045,39.42749243845639
2.063120806980927,2551.323127490007
2.072456195247809,167.9207401476205
2.081791583514691,1019.2655363596721
2.091126971781573,1330.4753195232388
2.1004623600484553,2136.7276321269755
2.109797748315337,771.6693394098071
2.119133136582219,6592.189290784255
2.1284685248491013,28.10741031671214
2.137803913115983,1275.1325012913342
2.147139301382865,2569.6899263748714
2.1564746896497473,3063.4883249482364
2.165810077916629,462.91735229089653
2.1751454661835115,3598.1152666732105
2.1844808544503933,557.8919658860088
2.193816242717275,1053.3818398864114
2.2031516309841574,2022.4780658535115
2.2124870192510393,1317.6891074126581
2.2218224075179216,263.06212362941085
2.2311577957848034,78.359843360969
2.2404931840516853,1393.7958928648327
2.2498285723185676,1009.4755480598318
2.2591639605854494,1372.6135775303965
2.2684993488523317,556.8214565716396
2.2778347371192136,570.550542188308
2.2871701253860954,731.4707791048443
2.2965055136529777,2807.140866408182
2.3058409019198596,1681.9334993255404
2.3151762901867414,3968.9595030137443
2.3245116784536237,3343.326544731186
2.3338470667205056,823.6901093622012
2.343182454987388,1901.7909230029165
2.3525178432542697,1095.3849483237677
2.3618532315211516,30.740998360392272
2.371188619788034,2351.481994065728
2.3805240080549157,852.268075300784
2.389859396321798,33.419278078623734
2.39919478458868,2110.639864733251
2.4085301728555617,1210.098505474034
2.417865561122444,142.3483127232571
2.427200949389326,2721.2783573607967
2.436536337656208,5068.954710944574
2.44587172592309,16.745084332589602
2.455207114189972,727.9344074072656
2.464542502456854,3497.7192776374873
2.473877890723736,2949.6330883801766
2.4832132789906183,148.00157729691085
2.4925486672575,487.2092148125841
2.501884055524382,4527.098753026737
2.5112194437912643,868.6794372098673
2.520554832058146,270.96805646090223
2.529890220325028,4930.034769153544
2.5392256085919103,320.17563748655044
2.548560996858792,4349.074715265111
2.5578963851256744,3435.378714909138
2.5672317733925563,3620.245045566945
2.576567161659438,2594.991212425455
2.5859025499263204,195.94707417714972
2.5952379381932023,3401.484452245157
2.6045733264600845,156.38471035502678
2.6139087147269664,1173.195799854617
2.6232441029938482,1989.354751073475
2.6325794912607305,1047.4363847386605
2.6419148795276124,420.97015065828
2.6512502677944947,1219.4034705162478
2.6605856560613765,416.177153829758
2.6699210443282584,350.15013261005294
2.6792564325951407,522.8957313132541
2.6885918208620225,1380.1596295310812
2.6979272091289044,842.7747424409608
2.7072625973957867,602.1761455085344
2.7165979856626685,1563.0252100787397
2.725933373929551,1327.765622082959
2.7352687621964327,850.430892179186
2.7446041504633145,916.6560467486743
2.753939538730197,988.564400175323
2.7632749269970787,1.3057288131659783
2.772610315263961,2914.980834529086
2.781945703530843,250.72881772028546
2.7912810917977247,503.0158962988015
2.800616480064607,3326.020213433185
2.809951868331489,645.7457422060702
2.819287256598371,887.058881622871
2.828622644865253,1464.5728555686976
2.837958033132135,1596.6125678814226
2.847293421399017,392.9366651505802
2.856628809665899,151.1363408024381
2.8659641979327812,1754.4764885319662
2.875299586199663,2294.37204652107
2.884634974466545,468.24128531737273
2.8939703627334272,775.6719075662977
2.903305751000309,120.26409765247223
2.912641139267191,1192.838640129139
2.921976527534073,370.99759118742253
2.931311915800955,972.6896419943199
2.9406473040678374,1399.899742721709
2.949982692334719,307.0782402170752
2.959318080601601,3260.435054731814
2.9686534688684834,533.4121802208439
2.977988857135365,655.1542507429529
2.9873242454022475,1270.421349789014
2.9966596336691294,222.87377247520908
3.005995021936011,244.84015500715728
3.0153304102028935,874.2002640248593
3.0246657984697753,232.1264070053322
3.0340011867366576,2044.699806078449
3.0433365750035395,918.2651951994467
3.0526719632704213,260.6196783478507
3.0620073515373036,568.8456304391253
3.0713427398041855,1078.1660647943056
3.080678128071068,114.12353831645758
3.0900135163379496,619.5175818090162
3.0993489046048315,224.2982043133282
3.1086842928717138,687.0591293765733
3.1180196811385956,53.71772600372607
3.1273550694054775,169.8880114912076
3.1366904576723598,771.112673234556
3.1460258459392416,39.91432778273954
3.155361234206124,673.31629774585
3.1646966224730058,1418.2544552900333
3.1740320107398876,2380.66950389801
3.18336739900677,38.50151039957893
3.1927027872736518,146.73158500466843
3.202038175540534,2878.978594780122
3.211373563807416,3352.45817786598
3.2207089520742977,466.7353602752893
3.23004434034118,388.5229269053123
3.239379728608062,2953.9199847073965
3.248715116874944,34.46614490070342
3.258050505141826,262.9391624184206
3.267385893408708,2334.4932413713514
3.27672128167559,62.044104419552276
3.286056669942472,119.41304771876351
3.2953920582093543,1227.1547103231978
3.304727446476236,110.27136161568679
3.314062834743118,2388.7362264149347
3.3233982230100003,1138.0713407843975
3.332733611276882,2372.1797151189794
3.342068999543764,4414.575638731598
3.3514043878106463,957.6243977986059
3.360739776077528,861.8045416970768
3.3700751643444105,106.84039465278752
3.3794105526112923,6359.258597937052
3.388745940878174,573.6450409355532
3.3980813291450565,1101.242442826699
3.4074167174119383,3798.124295125301
3.4167521056788206,80.66851420117105
3.4260874939457024,196.01836045539702
3.4354228822125843,4524.728073188274
3.4447582704794666,124.51091551541882
3.4540936587463484,144.40254333494835
3.4634290470132307,2536.9162178107767
3.4727644352801126,170.35259603156015
3.4820998235469944,281.6293210310762
3.4914352118138767,2529.1650673128515
3.5007706000807586,617.2259731675442
3.5101059883476404,380.1165114092914
3.5194413766145227,2388.8578763019646
3.5287767648814046,316.59315921768336
3.538112153148287,430.72598996198735
3.5474475414151687,3579.3416080131033
3.5567829296820506,277.11933937901165
3.566118317948933,952.1179790903144
3.5754537062158147,980.2091457934519
3.584789094482697,555.733167785537
3.594124482749579,3285.728593665418
3.6034598710164607,206.24715250071657
3.612795259283343,278.926262832809
3.622130647550225,732.7347013648993
3.631466035817107,4872.677129872001
3.640801424083989,532.5124209862905
3.650136812350871,2508.882969762266
3.659472200617753,6696.981199292535
3.668807588884635,367.27976148551016
3.6781429771515173,563.5015651714853
3.687478365418399,4945.871492451597
3.696813753685281,2074.974023805304
3.7061491419521633,496.85303590104985
3.715484530219045,1322.4664148781128
3.724819918485927,3689.155172398997
3.7341553067528093,468.401965463379
3.743490695019691,579.816431703474
3.7528260832865734,900.0116519944787
3.7621614715534553,567.0495791241531
3.771496859820337,370.1466608745582
3.7808322480872194,1103.989200459845
3.7901676363541013,604.2280384556618
3.7995030246209835,1174.387271073057
3.8088384128878654,1249.2405312265653
3.8181738011547472,100.5858005153661
3.8275091894216295,1428.680223044076
3.8368445776885114,802.1436923158716
3.8461799659553937,8.943993823477408
3.8555153542222755,1171.551091859812
3.8648507424891574,745.9171207226707
3.8741861307560397,1241.368330685016
3.8835215190229215,321.7130436695403
3.8928569072898034,119.24817514979033
3.9021922955566857,3290.1696170700393
3.9115276838235675,269.4263407498835
3.92086307209045,937.3716647000042
3.9301984603573317,3352.736251800678
3.9395338486242135,3124.8022632933244
3.948869236891096,2405.900984042306
3.9582046251579777,575.3542454699451
3.96754001342486,6939.032110845307
3.976875401691742,1164.148751058901
3.9862107899586237,496.7305635253397
3.995546178225506,4179.884411372065
4.004881566492388,830.2698341913976
4.01421695475927,111.02809724432174
4.023552343026152,1496.9942119214584
4.032887731293034,244.9803048454983
4.042223119559916,372.4936012609191
4.051558507826798,549.8848189170683
4.06089389609368,723.4448179144473
4.070229284360562,249.40663864741083
4.079564672627444,573.264760758026
4.088900060894326,674.1999547532872
4.0982354491612085,241.83966597251194
4.10757083742809,619.9922058552163
4.116906225694972,403.6066836391581
4.126241613961854,344.53748228092485
4.135577002228736,199.97238340034025
4.144912390495619,347.11200255712714
4.1542477787625005,172.03061043171076
4.163583167029382,81.64266423494523
4.172918555296264,937.5827774840332
4.182253943563146,234.35838950611222
4.191589331830029,1697.2014343001783
4.200924720096911,373.54031578184157
4.2102601083637925,1611.4122527802729
4.219595496630674,873.4535699145962
4.228930884897556,1799.0876002525442
4.238266273164438,2717.76968539307
4.247601661431321,1788.3535672550618
4.256937049698203,1687.6593251025586
4.2662724379650845,1640.5318680966093
4.275607826231966,971.2538049692573
4.284943214498848,2305.918616717787
4.294278602765731,1536.067140422675
4.303613991032613,5213.558889988107
4.312949379299495,509.71729856201756
4.3222847675663765,1647.8966036432264
4.331620155833258,1787.842627149041
4.340955544100141,525.6757000492134
4.350290932367023,930.4222751524842
4.359626320633905,53.54611569212432
4.368961708900787,393.7891681131468
4.3782970971676685,429.96479306775467
4.387632485434551,1227.2541416507943
4.396967873701433,2.5955776546442504
4.406303261968315,310.4643143717836
4.415638650235197,514.2241039478893
4.424974038502079,1500.8954345610405
4.434309426768961,923.5603287379869
4.443644815035843,601.028867796905
4.452980203302725,2749.3245195004047
4.462315591569607,944.3615720795668
4.471650979836489,958.3849461732975
4.4809863681033715,645.3731965667309
4.490321756370253,2160.55276412308
4.499657144637135,2612.271514556184
4.508992532904017,5188.3373971311285
4.518327921170899,6848.212180533281
4.527663309437782,1593.94610667238
4.5369986977046635,1284.2859206001976
4.546334085971545,1367.7551067869417
4.555669474238427,47.98024369921794
4.565004862505309,467.14784132888866
4.574340250772192,69.56674055267862
4.583675639039074,1709.050029385441
4.5930110273059555,587.889867960911
4.602346415572837,204.0655781856205
4.611681803839719,321.919510151357
4.621017192106601,2002.0950335077114
4.630352580373484,3870.179462590254
4.639687968640366,1473.5257237009696
4.649023356907247,1779.2151244716633
4.658358745174129,733.304278118815
4.667694133441011,153.68816008431054
4.677029521707894,18.60827738100117
4.686364909974776,547.0640725571124
4.695700298241658,867.9182419292894
4.705035686508539,44.91698167368375
4.714371074775421,182.3550918973516
4.723706463042304,638.1816705143741
4.733041851309186,698.3859751014405
4.742377239576068,626.5805099006056
4.75171262784295,692.4715358657037
4.761048016109831,1063.195334167849
4.770383404376714,2168.830170348975
4.779718792643596,4545.100605713404
4.789054180910478,573.2312288979485
4.79838956917736,788.3112475448875
4.8077249574442416,379.03823197839114
4.817060345711124,502.32942530532443
4.826395733978006,124.59460227919949
4.835731122244888,149.84408221744928
4.84506651051177,833.1963481181217
4.854401898778652,454.91423682034554
4.863737287045534,250.1060571815033
4.873072675312416,732.6004763433688
4.882408063579298,1815.9843806654894
4.89174345184618,710.4887747395092
4.901078840113062,645.827986271128
4.910414228379945,39.2096792841584
4.919749616646826,1603.848517565049
4.929085004913708,1111.1450104761411
4.93842039318059,1317.2431200062924
4.947755781447472,375.7688265346577
4.957091169714355,882.5098775814357
4.9664265579812366,512.0521390995675
4.975761946248118,995.3901542474604
4.985097334515,351.92955104610127
4.994432722781882,499.06334184200813
5.003768111048764,121.6608645106149
5.013103499315647,619.0645787615591
5.0224388875825285,108.5013196194499
5.03177427584941,162.29303166691906
5.041109664116292,769.4184924733687
5.050445052383174,39.619418477234724
5.059780440650057,110.55937455554745
5.069115828916939,21.851487776783653
5.0784512171838205,578.8648211604703
5.087786605450702,41.95913248702297
5.097121993717584,51.634544828862474
5.106457381984467,1150.6870082264968
5.115792770251349,99.37783298263415
5.125128158518231,138.6867494393718
5.1344635467851125,213.4619725246475
5.143798935051994,800.1361379243955
5.153134323318877,446.3676500435344
5.162469711585759,104.26381956352758
5.171805099852641,72.2669087567721
5.181140488119523,214.2290992560018
5.1904758763864045,619.1916999164811
5.199811264653287,134.2048368310493
5.209146652920169,591.43126516409
5.218482041187051,19.635284981461233
5.227817429453933,1450.032388366701
5.237152817720815,274.0281423348455
5.246488205987697,1252.9748209657405
5.255823594254579,307.4962947479875
5.265158982521461,1148.4353602897654
5.274494370788343,732.0236797389208
5.283829759055225,677.2105586658995
5.2931651473221075,235.01697915370355
5.302500535588989,1322.4539712831026
5.311835923855871,665.335811977008
5.321171312122753,847.9560494984031
5.330506700389635,33.658300237204514
5.339842088656518,504.38037773161733
5.3491774769233995,66.73048405473844
5.358512865190281,362.3033630867965
5.367848253457163,525.3902397471863
5.377183641724045,42.666857052280044
5.386519029990927,270.5323873504183
5.39585441825781,415.9425478641868
5.4051898065246915,1602.0488667595232
5.414525194791573,397.7096442187156
5.423860583058455,1624.8726583978346
5.433195971325337,522.790242698573
5.44253135959222,273.1603512048521
5.451866747859102,481.36722310786706
5.4612021361259835,439.0481435848013
5.470537524392865,1232.859085107564
5.479872912659747,1287.4681448038846
5.48920830092663,1094.0514025569903
5.498543689193512,866.9955807819391
5.507879077460394,456.9117931926221
5.5172144657272755,1243.3214503569748
5.526549853994157,4508.992162089456
5.53588524226104,3969.5021344695074
5.545220630527922,4615.004381987237
5.554556018794804,2837.743370395114
5.563891407061686,119.50321197176164
5.5732267953285675,629.4748883911299
5.58256218359545,655.3410950893026
5.591897571862332,977.9054390861442
5.601232960129214,859.3984415223491
5.610568348396096,279.09059870290486
5.619903736662978,1130.1135781145192
5.62923912492986,352.2007881187136
5.638574513196742,751.7887791859465
5.647909901463624,31.032149302126843
5.657245289730506,1816.3691841287894
5.666580677997388,1900.8566299057156
5.6759160662642705,1136.9894287292605
5.685251454531152,1006.1923918211094
5.694586842798034,1293.1043480857206
5.703922231064916,528.4581152979017
5.713257619331798,278.9442748453314
5.722593007598681,2437.2754703721353
5.7319283958655625,351.49776810995075
5.741263784132444,158.89847078332767
5.750599172399326,912.9540353053352
5.759934560666208,370.8513426112998
5.769269948933091,74.23711137144801
5.778605337199973,887.227736227697
5.7879407254668545,214.43781196486714
5.797276113733736,919.6865039820497
5.806611502000618,786.667501532447
5.8159468902675,1447.8584790743494
5.825282278534383,405.9330181079261
5.834617666801265,924.326271262444
5.843953055068146,1574.621596477467
5.853288443335028,1876.0409205602145
5.86262383160191,2249.4718966406786
5.871959219868793,1791.9379268610846
5.881294608135675,552.2717431597852
5.890629996402557,516.8656030674424
5.899965384669438,539.8470182425879
5.90930077293632,416.3214901415013
5.918636161203203,1247.4726728627306
5.927971549470085,1071.5375098739714
5.937306937736967,674.4740457747123
5.946642326003849,827.7431698812843
5.95597771427073,1062.286532318098
5.965313102537613,390.86058024942145
5.974648490804495,362.94065538727733
5.983983879071377,683.2325047631936
5.993319267338259,229.18080765142213
6.0026546556051406,377.99353827728675
6.011990043872023,642.2523183179659
6.021325432138905,182.02889366420922
6.030660820405787,264.9565850877827
6.039996208672669,217.63120526919866
6.049331596939551,1751.2023959705382
6.058666985206433,146.46186149265645
6.068002373473315,1044.3441293139317
6.077337761740197,1903.6717444331716
6.086673150007079,351.3360795117259
6.096008538273961,1218.2043883772787
6.105343926540844,2199.9446012909493
6.114679314807725,1032.2031661109168
6.124014703074607,2471.4535861764966
6.133350091341489,230.07393149653157
6.142685479608371,1340.4054194964485
6.152020867875254,2087.813375429821
6.161356256142136,1574.3444928618228
6.170691644409017,2516.9335848477544
6.180027032675899,566.4110292678466
6.189362420942781,3313.2240437963164
6.198697809209663,984.7399801749259
6.208033197476546,304.5808315256936
6.2173685857434275,4798.139448889941
6.226703974010309,987.6083461558823
6.236039362277191,2548.208343165643
6.245374750544073,1379.8930531897477
6.254710138810956,602.8643261022812
6.264045527077838,138.79982226701563
6.2733809153447195,5575.314656908891
6.282716303611601,21.533869840545506
6.292051691878483,852.4757995652823
6.301387080145366,2675.338857830063
6.310722468412248,2238.02923148228
6.32005785667913,331.22576659405735
6.3293932449460115,151.68232643525184
6.338728633212893,4986.307340889209
6.348064021479776,720.2051444465283
6.357399409746658,152.10536604678074
6.36673479801354,2041.3033696772102
6.376070186280422,156.94100426641944
6.3854055745473035,1356.785403616507
6.394740962814186,414.80021340157754
6.404076351081068,285.0507946330534
6.41341173934795,1175.6141326914226
6.422747127614832,699.5914104351474
6.432082515881714,1771.0652183832506
6.441417904148596,264.8357285363064
6.450753292415478,3104.110620228532
6.46008868068236,960.4925114578003
6.469424068949242,191.10509674898174
6.478759457216124,524.7952120652803
6.4880948454830065,1422.7167232710092
6.497430233749888,1036.312634491008
6.50676562201677,2859.9123505705493
6.516101010283652,3037.0093189572503
6.525436398550534,245.24177623762492
6.534771786817417,1685.5363924454343
6.5441071750842985,134.04112056545458
6.55344256335118,1219.513004950211
6.562777951618062,301.84231075794986
6.572113339884944,203.9200220685145
6.581448728151827,1428.9813806775996
6.590784116418709,55.23118200768941
6.6001195046855905,1012.317182768651
6.609454892952472,937.8727151582101
6.618790281219354,2622.2364655801034
6.628125669486236,523.7645047294778
6.637461057753119,422.9195113854046
6.646796446020001,1492.4598766921476
6.6561318342868825,685.7432385832109
6.665467222553764,10.378571572315588
6.674802610820646,554.0103520417758
6.684137999087529,594.5201853617289
6.693473387354411,626.5784303705644
6.702808775621293,2201.080930267909
6.7121441638881745,1169.2815057109572
6.721479552155056,473.3815200880247
6.730814940421939,1672.8985716125935
6.740150328688821,258.1001467508945
6.749485716955703,703.3500714498522
6.758821105222585,300.6761765226625
6.7681564934894665,1799.2766546187663
6.777491881756349,3270.658364322221
6.786827270023231,1885.6283278924527
6.796162658290113,2410.3270019343818
6.805498046556995,1669.5025824939585
6.814833434823877,860.9295408201704
6.824168823090759,118.06588839923911
6.833504211357641,3.39082402569664
6.842839599624523,432.30687141381446
6.852174987891405,71.4946693298828
6.861510376158287,574.2946841716
6.8708457644251695,473.54026417865884
6.880181152692051,819.0772695668928
6.889516540958933,106.41584626533596
6.898851929225815,1008.6232551683803
6.908187317492697,573.6269155297081
6.91752270575958,44.67230487827795
6.9268580940264615,1138.3900972484128
6.936193482293343,464.0897361602075
6.945528870560225,199.12654461196487
6.954864258827107,573.3015707159547
6.96419964709399,279.5624918592111
6.973535035360872,15.568872648234038
6.9828704236277535,493.3864440419647
6.992205811894635,540.5837014779773
7.001541200161517,663.1753797706243
7.010876588428399,1298.4703263868341
7.020211976695282,26.57468940314345
7.029547364962164,373.62587826776223
7.038882753229045,567.5168670865025
7.048218141495927,1627.7673774365105
7.057553529762809,199.88909801705455
7.066888918029692,2803.9023129503307
7.076224306296574,357.18715435626217
7.085559694563456,1823.8653458693605
7.094895082830337,900.0159970420685
7.104230471097219,1173.8906602018242
7.113565859364102,1968.285953680734
7.122901247630984,146.7992693354506
7.132236635897866,1160.7897195335395
7.141572024164748,805.9739888270991
7.150907412431629,178.8721994872093
7.160242800698512,1084.3292955184845
7.169578188965394,230.44045398422102
7.178913577232276,6.11724626256743
7.188248965499158,1068.363978092559
7.1975843537660396,69.2754256570969
7.206919742032922,388.3635170300607
7.216255130299804,1278.2571346906489
7.225590518566686,583.7177195633506
7.234925906833568,712.8490730985999
7.24426129510045,911.0356461742472
7.253596683367332,70.53694452129494
7.262932071634214,129.78644003293928
7.272267459901096,1861.7829731656934
7.281602848167978,602.421964378478
7.29093823643486,462.5160447205076
7.300273624701743,293.39901978493555
7.309609012968624,1953.7749211443552
7.318944401235506,1399.295723014315
7.328279789502388,2918.365099068087
7.33761517776927,3962.79421045533
7.346950566036153,445.99205317495364
7.356285954303035,337.35893597999035
7.365621342569916,1790.9983076866931
7.374956730836798,1921.4155571036756
7.38429211910368,658.7688179247159
7.393627507370562,1935.233539914947
7.402962895637445,108.94084996079015
7.4122982839043265,58.759414161170646
7.421633672171208,2334.104492096884
7.43096906043809,1081.7450598302025
7.440304448704972,1158.4129492144375
7.449639836971855,2589.7035589044135
7.458975225238737,1918.2512879748413
7.4683106135056185,759.8405700875842
7.4776460017725,678.1479181517511
7.486981390039382,75.42107458730715
7.496316778306265,773.3208750432264
7.505652166573147,2254.425536498196
7.514987554840029,2189.80992385875
7.5243229431069105,1331.6382825464293
7.533658331373792,1169.5572195894547
7.542993719640675,115.29975469545514
7.552329107907557,134.10149527856922
7.561664496174439,2432.08702764496
7.570999884441321,436.98895147727984
7.5803352727082025,37.083420859709676
7.589670660975085,1378.902161154367
7.599006049241967,683.4193978503951
7.608341437508849,79.74696122692845
7.617676825775731,1206.2307164383146
7.627012214042613,792.157419869573
7.636347602309495,1777.9787699349615
7.645682990576377,1635.8800228026034
7.655018378843259,558.5533768293818
7.664353767110141,215.59014331113272
7.673689155377023,661.9995393293793
7.6830245436439055,3178.045535740256
7.692359931910787,367.790240273619
7.701695320177669,643.6752594123072
7.711030708444551,389.3349331828973
7.720366096711433,4126.882924515131
7.729701484978316,3968.246194691878
7.7390368732451975,527.2069604914171
7.748372261512079,401.3117641415038
7.757707649778961,1224.158051156748
7.767043038045843,1104.243533132837
7.776378426312725,1111.668444799321
7.785713814579608,406.00578908115335
7.7950492028464895,595.858088329265
7.804384591113371,71.97925514082777
7.813719979380253,260.99208397506504
7.823055367647135,1356.8025238487526
7.832390755914018,622.9591239999571
7.8417261441809,1186.3120865722062
7.8510615324477815,588.5573066729559
7.860396920714663,836.5810697110408
7.869732308981545,918.2610135445615
7.879067697248428,2046.9071954793803
7.88840308551531,2270.940577528583
7.897738473782192,1075.045817266062
7.9070738620490735,1876.6553979623677
7.916409250315955,185.3920875438792
7.925744638582838,2572.769441555488
7.93508002684972,1172.7193461607737
7.944415415116602,665.6025672636727
7.953750803383484,532.6011141825435
7.9630861916503655,1949.8550928254792
7.972421579917248,2114.0120014667214
7.98175696818413,61.68323366069423
7.991092356451012,1420.5292040480936
8.000427744717895,73.13388356770052
8.009763132984776,459.3762802556419
8.019098521251658,537.2784566206955
8.02843390951854,800.924935238723
8.037769297785422,774.0404362212013
8.047104686052304,217.07083266459696
8.056440074319186,2050.7977984495533
8.065775462586068,678.3007711867717
8.07511085085295,367.97360119414503
8.084446239119831,1587.5374293445416
8.093781627386715,658.7769617035476
8.103117015653597,746.9421271878175
8.112452403920479,1051.052896648312
8.12178779218736,278.63539629748095
8.131123180454242,126.23545983293931
8.140458568721124,172.82996618938907
8.149793956988006,401.8879394877766
8.159129345254888,2017.1629814503526
8.16846473352177,509.9194536577014
8.177800121788652,1268.3405544025193
8.187135510055535,652.6150949183684
8.196470898322417,2856.7953805061675
8.205806286589299,728.814812920481
8.21514167485618,48.53922335572719
8.224477063123063,596.1220309298807
8.233812451389944,2770.751142818681
8.243147839656826,79.88727970032686
8.252483227923708,540.6210298253603
8.26181861619059,2229.8132229767866
8.271154004457472,4465.255574024749
8.280489392724355,3079.802323038517
8.289824780991237,1683.290997711188
8.29916016925812,2678.702880888384
8.308495557525001,154.81644007433727
8.317830945791883,2615.638652685343
8.327166334058765,521.7458892942016
8.336501722325647,1583.9818504099014
8.345837110592528,5423.533195404251
8.35517249885941,897.9082385178596
8.364507887126292,2012.384599089609
8.373843275393176,3408.0138446357255
8.383178663660058,2347.8196506683994
8.39251405192694,938.5295047343978
8.401849440193821,1365.480964253094
8.411184828460703,5983.82308325002
8.420520216727585,931.4253639426227
8.429855604994467,3397.4743470803533
8.439190993261349,785.7476495715366
8.44852638152823,759.7842317943732
8.457861769795112,3269.1048030559587
8.467197158061994,1456.161033361633
8.476532546328878,317.91044674509465
8.48586793459576,1153.806384319848
8.495203322862642,1636.896432372482
8.504538711129523,940.4925143155259
8.513874099396405,275.4800321880771
8.523209487663287,3165.6221024471765
8.532544875930169,2295.502178792571
8.54188026419705,338.49730493318856
8.551215652463933,144.69703440724757
8.560551040730815,185.50453749416843
8.569886428997698,1433.2001655546142
8.57922181726458,3536.6144957973947
8.588557205531462,121.11042952726953
8.597892593798344,234.03446745477393
8.607227982065226,262.52792611934314
8.616563370332107,2004.316214700866
8.62589875859899,368.5536784870269
8.635234146865871,171.38596123107283
8.644569535132753,582.1912646721684
8.653904923399635,612.9109472567881
8.663240311666518,137.65898921683913
8.6725756999334,1461.878244407728
8.681911088200282,47.205297882003805
8.691246476467164,724.5000001192408
8.700581864734046,886.696026195315
8.709917253000928,279.430992200086
8.71925264126781,220.21254743537568
8.728588029534691,4675.326506178277
8.737923417801573,359.24098675051357
8.747258806068455,162.26188572671415
8.756594194335339,670.3593315885148
8.76592958260222,2711.1128169297745
8.775264970869102,1329.5607854308269
8.784600359135984,1344.4423570220529
8.793935747402866,578.6813462661275
8.803271135669748,102.80794720212856
8.81260652393663,523.7591137440796
8.821941912203512,1216.4879628345238
8.831277300470393,1270.6624430751685
8.840612688737275,93.27688293862212
8.849948077004157,58.39056689868214
8.85928346527104,474.24647108224497
8.868618853537923,407.2488517301892
8.877954241804805,74.69002844624524
8.887289630071686,437.5756599585732
8.896625018338568,748.9502629184536
8.90596040660545,6.46402378816848
8.915295794872332,344.0803002286295
8.924631183139214,609.2788879872045
8.933966571406096,12.905469300688967
8.943301959672977,132.3132466505977
8.952637347939861,363.10313972440446
8.961972736206743,60.04177356354346
8.971308124473625,366.42533720804613
8.980643512740507,702.7779975560765
8.989978901007389,126.38248357149992
8.99931428927427,236.6886663095523
9.008649677541152,1628.7867534701365
9.017985065808034,977.2182228541612
9.027320454074916,1316.9013309715958
9.036655842341798,1655.317043861767
9.045991230608681,4233.327536601196
9.055326618875563,1033.8060070415083
9.064662007142445,195.32615159202567
9.073997395409327,1992.338777228658
9.083332783676209,1310.8824899051858
9.09266817194309,1648.97123916798
9.102003560209972,2157.691926783698
9.111338948476854,2664.391070012374
9.120674336743736,1745.846895494853
9.130009725010618,1268.9734892615672
9.139345113277502,2860.0856448039685
9.148680501544384,819.0945191649661
9.158015889811265,36.98106940865935
9.167351278078147,1310.5931114039315
9.176686666345029,332.1681787320135
9.186022054611911,369.08188411893815
9.195357442878793,2496.757519079412
9.204692831145675,443.5673915376362
9.214028219412556,106.56678845159567
9.223363607679438,998.9571885473307
9.23269899594632,547.2037791693037
9.242034384213204,439.7363017975372
9.251369772480086,1238.1424136065386
9.260705160746967,143.16145701201046
9.27004054901385,1696.6107480850715
9.279375937280731,808.2551365170955
9.288711325547613,592.8613243342492
9.298046713814495,234.75493973514094
9.307382102081377,937.0485930087533
9.316717490348259,263.0807530845522
9.32605287861514,176.30738052612287
9.335388266882024,112.62434754670493
9.344723655148906,550.86839110568
9.354059043415788,670.9513503661076
9.36339443168267,338.0603022602218
9.372729819949551,82.85242960578717
9.382065208216433,165.7923045769962
9.391400596483315,150.27326970867517
9.400735984750197,1048.5496353800381
9.410071373017079,54.85219154068807
9.41940676128396,539.5604079242227
9.428742149550844,276.3624456704181
9.438077537817726,56.12394663603374
9.447412926084608,127.28683814671501
9.45674831435149,1123.1128732642876
9.466083702618372,649.9133486032415
9.475419090885254,1105.3603150069418
9.484754479152135,21.440634484348163
9.494089867419017,1076.9513669203059
9.5034252556859,1193.7675980217514
9.512760643952781,3082.1919567903656
9.522096032219665,869.7032985408617
9.531431420486546,198.16248873773023
9.540766808753428,499.50123075736985
9.55010219702031,1662.0489018539872
9.559437585287192,3232.071003221674
9.568772973554074,1362.3688538853824
9.578108361820956,67.1782686681503
9.587443750087838,180.0273493913291
9.59677913835472,939.1510524676961
9.606114526621601,1424.5710490792428
9.615449914888483,894.8317852033147
9.624785303155367,612.968733418976
9.634120691422249,4154.6463256019515
9.64345607968913,1790.2593299472123
9.652791467956012,4177.478479348436
9.662126856222894,1920.1171373436407
9.671462244489776,1093.1883721146141
9.680797632756658,97.44028612460403
9.69013302102354,2106.2360504946623
9.699468409290422,2094.2586289271458
9.708803797557303,194.42407346085818
9.718139185824187,261.64337938025955
9.727474574091069,125.3734448970085
9.73680996235795,365.5146457418148
9.746145350624833,39.33648739688665
9.755480738891714,25.96419094542929
9.764816127158596,207.33192765275214
9.774151515425478,611.6083618831275
9.78348690369236,112.4659750634788
9.792822291959242,539.8973286986259
9.802157680226124,240.75338774250918
9.811493068493007,687.736499068147
9.82082845675989,1100.4272812594572
9.830163845026771,63.40027469200918
9.839499233293653,1557.5200248383292
9.848834621560535,1026.8507905554488
9.858170009827417,850.6649910442883
9.867505398094298,874.6525659719701
9.87684078636118,432.86167781571675
9.886176174628062,1577.7360665310853
9.895511562894944,650.6824111888131
9.904846951161828,61.182225788669754
9.91418233942871,253.9248500441505
9.923517727695591,39.820773822608366
9.932853115962473,202.9565068204334
9.942188504229355,478.53421605746564
9.951523892496237,1885.498317857129
9.960859280763119,794.5394674444602
9.97019466903,371.84781855787566
9.979530057296882,854.6501401650091
9.988865445563764,1311.4606383444293
9.998200833830646,1958.1378144543605
10.00753622209753,229.24741851750287
10.016871610364412,2221.9724805011438
10.026206998631293,974.2224971233744
10.035542386898175,603.3875896286896
10.044877775165057,449.94095248983024
10.054213163431939,1177.1938396571743
10.06354855169882,2577.1035950035284
10.072883939965703,1244.7595154020369
10.082219328232584,1378.280172719377
10.091554716499466,196.0505194004273
10.10089010476635,3646.223855944217
10.110225493033232,439.91197550842145
10.119560881300114,861.8043886377453
10.128896269566996,3481.6720595985557
10.138231657833877,286.1626042375163
10.14756704610076,726.4509160885566
10.156902434367641,1066.9251085860021
10.166237822634523,84.38599694882964
10.175573210901405,147.59008217366718
10.184908599168287,56.95426651467424
10.19424398743517,98.50698746774115
10.203579375702052,47.15362708914874
10.212914763968934,88.88339377066022
10.222250152235816,1023.1999127072296
10.231585540502698,83.12037584147451
10.24092092876958,356.59311732658887
10.250256317036461,2601.3384191320233
10.259591705303343,574.5755414551102
10.268927093570225,871.5935809166215
10.278262481837107,1141.2354846610071
10.28759787010399,118.49043264875812
10.296933258370872,99.41638145773119
10.306268646637754,655.6496546747319
10.315604034904636,841.7548596379755
10.324939423171518,253.9664135662531
10.3342748114384,1101.2160549142425
10.343610199705282,582.7390877955439
10.352945587972163,933.2073627376373
10.362280976239045,3981.1751546963555
10.371616364505927,1453.3570254845006
10.380951752772809,2163.263790103497
10.390287141039693,2069.717835452264
10.399622529306574,815.0678710008609
10.408957917573456,808.1799737506839
10.418293305840338,683.7798327810829
10.42762869410722,3162.369894424627
10.436964082374102,1004.5297086748684
10.446299470640984,654.469951180603
10.455634858907866,355.97322333829754
10.464970247174747,667.8216497684706
10.47430563544163,686.0622073047163
10.483641023708513,516.8165273902094
10.492976411975395,1059.9585154276363
10.502311800242277,412.92719858399505
10.511647188509158,1499.8488327007667
10.52098257677604,85.33104468827943
10.530317965042922,170.67326612416448
10.539653353309804,1323.9679575653
10.548988741576686,548.3247582686021
10.558324129843568,58.65096074898473
10.56765951811045,744.3702394931742
10.576994906377333,1065.318351074569
10.586330294644215,87.91513542249186
10.595665682911097,206.7987649892546
10.605001071177979,922.5810347227563
10.61433645944486,161.46061458557924
10.623671847711742,80.81129667038948
10.633007235978624,79.09177364824498
10.642342624245506,1000.4412246535747
10.651678012512388,465.36611851750115
10.66101340077927,424.31079488912684
10.670348789046153,1157.0468934910546
10.679684177313035,252.03770325820415
10.689019565579917,1173.0634369679308
10.698354953846799,1116.5898791781858
10.70769034211368,365.380603946282
10.717025730380563,62.899287296024866
10.726361118647445,62.99007934150314
10.735696506914326,2119.5017248522054
10.745031895181208,163.2489914557248
10.75436728344809,358.74399818712084
10.763702671714972,1468.0476196203683
10.773038059981856,306.87149250873546
10.782373448248737,544.711687641696
10.79170883651562,438.1399121515548
10.801044224782501,512.1547533118506
10.810379613049383,362.09528573412905
10.819715001316265,135.48560100196028
10.829050389583147,558.7769428491573
10.838385777850029,556.2228376842633
10.84772116611691,917.1651467739679
10.857056554383792,663.2668925093556
10.866391942650676,443.2233571787726
10.875727330917558,449.5014774733979
10.88506271918444,319.24895162364396
10.894398107451321,8.536099467278245
10.903733495718203,31.640611351491746
10.913068883985085,345.68725068898095
10.922404272251967,242.92733805665156
10.931739660518849,173.1320343389772
10.94107504878573,889.4561328868513
10.950410437052613,1767.66404463627
10.959745825319496,173.83494620220134
10.969081213586378,207.9320370219194
10.97841660185326,2326.8331682293106
10.987751990120142,2106.7555761121025
10.997087378387024,621.5199966945036
11.006422766653905,78.95850151835052
11.015758154920787,538.610047538303
11.025093543187669,814.7995517003336
11.034428931454551,1328.641937967317
11.043764319721433,16.073143729380007
11.053099707988316,533.414125237445
11.062435096255198,612.4154086779988
11.07177048452208,183.6673473120921
11.081105872788962,886.1510416325756
11.090441261055844,1463.0260760816075
11.099776649322726,243.2772621005981
11.109112037589608,856.5004058939587
11.11844742585649,2799.8978934308093
11.127782814123371,907.1704988046332
11.137118202390253,517.7218869008639
11.146453590657137,172.98164052569305
11.155788978924019,370.9669994021743
11.1651243671909,275.3657014132535
11.174459755457782,178.40858019105187
11.183795143724664,150.19690753266616
11.193130531991546,1270.9265825720556
11.202465920258428,726.0283225907519
11.21180130852531,1536.286620641258
11.221136696792192,1246.4320426415572
11.230472085059073,292.4556132494596
11.239807473325955,1311.4029238471958
11.249142861592839,1062.1851101867755
11.25847824985972,432.3989640081847
11.267813638126603,3323.059176021633
11.277149026393484,780.1076145029815
11.286484414660366,846.4679403344174
11.295819802927248,1218.614959285937
11.30515519119413,100.67736623760402
11.314490579461012,1565.3053491602473
11.323825967727894,62.3724683590591
11.333161355994775,587.106771012124
11.342496744261659,1989.6233681350982
11.351832132528541,622.493847999847
11.361167520795423,1185.7100844502452
11.370502909062305,616.0105986158754
11.379838297329187,1895.9703844877877
11.389173685596068,270.1392252075064
11.39850907386295,101.20157130040303
11.407844462129832,1105.1055694807333
11.417179850396714,1593.5702082512992
11.426515238663596,267.9251150528706
11.43585062693048,442.41832458973573
11.445186015197361,3763.5450275668186
11.454521403464243,1461.787536455286
11.463856791731125,2000.9525537392497
11.473192179998007,2215.4849333784355
11.482527568264889,965.550191556829
11.49186295653177,788.6727472213407
11.501198344798652,3630.7537403592396
11.510533733065534,1013.4816941586529
11.519869121332416,154.36082837133364
11.5292045095993,482.8296413809779
11.538539897866182,3933.558823311394
11.547875286133063,343.5592598164916
11.557210674399945,29.076378017248267
11.566546062666827,273.20243177957246
11.575881450933709,551.8407514970104
11.58521683920059,801.1279332945854
11.594552227467473,417.7752162960365
11.603887615734354,400.6667559144827
11.613223004001236,616.3598539722371
11.622558392268118,2.309455454935334
11.631893780535002,1100.7514354394016
11.641229168801884,439.2008108583884
11.650564557068765,64.69685182961025
11.659899945335647,1248.8913611497335
11.66923533360253,66.28300892624593
11.678570721869411,1324.5088223650653
11.687906110136293,251.87070400572972
11.697241498403175,1138.7269685025447
11.706576886670057,801.2501210628578
11.715912274936938,1896.596805806132
11.725247663203822,232.97963996524072
11.734583051470704,601.5885332630871
11.743918439737586,1574.325741539888
11.753253828004468,950.695606667813
11.76258921627135,183.90758871537557
11.771924604538231,343.41909435327887
11.781259992805113,96.73724380147794
11.790595381071995,123.86093046140533
11.799930769338877,911.4416995010105
11.809266157605759,477.71708369545433
11.818601545872642,511.6672140006682
11.827936934139524,617.6912784618964
11.837272322406406,460.48402588474323
11.846607710673288,651.7390017955576
11.85594309894017,733.8714376867533
11.865278487207052,107.1074100023821
11.874613875473933,799.5160289932634
11.883949263740815,1170.1646646420606
11.893284652007697,155.02382464772506
11.902620040274579,518.412649544128
11.911955428541463,447.8676479800107
11.921290816808344,515.8180322384318
11.930626205075226,176.62055590685273
11.939961593342108,513.5104257466982
11.94929698160899,328.89856635975946
11.958632369875872,196.7878212599948
11.967967758142754,97.39943601564985
11.977303146409636,706.6615733523648
11.986638534676517,85.3752961505178
11.9959739229434,338.8014018586121
12.005309311210281,265.5009592309129
12.014644699477165,231.1536368375743
12.023980087744047,34.63060352405851
12.033315476010928,372.290139764249
12.04265086427781,109.83779779063684
12.051986252544692,865.546505169593
12.061321640811574,448.59861027083747
12.070657029078456,166.04432346030467
12.079992417345338,112.70510536546666
12.08932780561222,898.476166716896
12.098663193879101,1192.3688425617422
12.107998582145985,145.4410745107338
12.117333970412867,195.56104732911237
12.126669358679749,249.93925180550747
12.13600474694663,406.2580032857701
12.145340135213512,924.7783266433522
12.154675523480394,954.0411147300224
12.164010911747276,312.3967844909738
12.173346300014158,543.0774187951389
12.18268168828104,826.7563304698933
12.192017076547922,395.29559364587385
12.201352464814805,201.30167980189708
12.210687853081687,443.5052585592279
12.220023241348569,816.6322870235248
12.22935862961545,785.7582305460257
12.238694017882333,322.2949533928602
12.248029406149215,447.6985305961295
12.257364794416096,880.2329017769138
12.266700182682978,43.08617360771441
12.27603557094986,664.937685305165
12.285370959216742,19.70819855156511
12.294706347483626,394.846990917455
12.304041735750507,397.3566693186147
12.31337712401739,503.2035217078877
12.322712512284271,178.31019128028672
12.332047900551153,3097.683871766654
12.341383288818035,2002.302448511134
12.350718677084917,76.83633374607578
12.360054065351799,1738.9334005066473
12.36938945361868,274.457475575093
12.378724841885562,520.9298598654439
12.388060230152444,677.3300212444764
12.397395618419328,773.5184293073494
12.40673100668621,83.92323246596023
12.416066394953091,659.1515439858719
12.425401783219973,2797.248556347726
12.434737171486855,303.7135147602328
12.444072559753737,163.84419655738344
12.453407948020619,811.4492905028662
12.4627433362875,309.11221750865593
12.472078724554382,1820.8540987783913
12.481414112821264,211.01818580711608
12.490749501088148,266.7859116766097
12.50008488935503,2461.6154825053572
12.509420277621912,588.1438156221391
12.518755665888794,120.9297544067286
12.528091054155675,2682.4258358020725
12.537426442422557,1912.9922342650095
12.546761830689439,291.11392394161606
12.556097218956321,680.3773215809858
12.565432607223203,3166.8046172360055
12.574767995490085,131.6866419940026
12.584103383756968,1247.7699379845483
12.59343877202385,466.5888820914016
12.602774160290732,268.7212223566531
12.612109548557614,2224.3005194429356
12.621444936824496,115.23266021676532
12.630780325091377,78.20133843166825
12.64011571335826,1908.0439998405036
12.649451101625141,186.1282038143694
12.658786489892023,154.66434055430102
12.668121878158905,628.0480701599516
12.677457266425789,837.1712355339279
12.68679265469267,456.30207523624773
12.696128042959552,598.7850653148278
12.705463431226434,747.4216001353827
12.714798819493316,507.24070639287964
12.724134207760198,1671.4403078110067
12.73346959602708,605.9132573431107
12.742804984293961,847.2267429291036
12.752140372560843,315.49815762381775
12.761475760827725,41.41477859852422
12.770811149094607,72.27506111704042
12.78014653736149,304.48919379366976
12.789481925628372,38.204004737120854
12.798817313895254,133.88454108878503
12.808152702162136,70.641091728051
12.817488090429018,1008.0751585756867
12.8268234786959,1187.00899434132
12.836158866962782,194.67455404156863
12.845494255229664,704.0460883493241
12.854829643496545,370.3542170415716
12.864165031763427,532.0915388733854
12.873500420030311,415.5845155913844
12.882835808297193,1452.7975319210736
12.892171196564075,11.33312430067192
12.901506584830956,717.1310565592983
12.910841973097838,93.72962879008655
12.92017736136472,985.9808083512186
12.929512749631602,342.3374005139933
12.938848137898484,274.2039063764584
12.948183526165366,250.81824441930215
12.957518914432248,1070.7122764995695
12.966854302699131,104.79487028310896
12.976189690966013,576.3817154891203
12.985525079232895,804.6675084066624
12.994860467499777,207.94588960497552
13.004195855766659,166.16735404735778
13.01353124403354,246.3148537798402
13.022866632300422,427.41726515119893
13.032202020567304,516.5666940841004
13.041537408834186,558.5320636210563
13.050872797101068,799.6137542012607
13.060208185367951,523.7452217906713
13.069543573634833,457.7771146853959
13.078878961901715,776.4218874554576
13.088214350168597,187.18626981302071
13.097549738435479,329.8290602988317
13.10688512670236,540.5947388696006
13.116220514969243,457.2864464272374
13.125555903236124,210.4868070380651
13.134891291503006,943.2270212688537
13.144226679769888,746.4911770354166
13.153562068036772,167.1765093410341
13.162897456303654,336.2933524235929
13.172232844570535,323.964971392897
13.181568232837417,35.65028691684703
13.1909036211043,359.27975618061345
13.200239009371181,194.5911853246097
13.209574397638063,1188.0028508630323
13.218909785904945,3252.1792060776233
13.228245174171827,373.951471758409
13.237580562438708,3159.099804348267
13.24691595070559,2630.1438643848305
13.256251338972474,273.9336334837378
13.265586727239356,448.0310400674444
13.274922115506238,510.0470060522512
13.28425750377312,817.8280874532568
13.293592892040001,85.05415934925156
13.302928280306883,1015.9778752337121
13.312263668573765,1881.6029168974103
13.321599056840647,144.1205346345597
13.330934445107529,1171.7262170391464
13.34026983337441,369.90952628975367
13.349605221641294,263.3476666042762
13.358940609908176,1480.839043760352
13.368275998175058,1620.4017706463937
13.37761138644194,1354.796456074074
13.386946774708822,613.770137452989
13.396282162975703,3332.0192899509175
13.405617551242585,615.1557679930862
13.414952939509467,654.3063299568931
13.424288327776349,205.51276040760195
13.43362371604323,270.0251766256394
13.442959104310114,649.7462561345919
13.452294492576996,38.18078309860959
13.461629880843878,214.16819044324305
13.47096526911076,2578.1383470042224
13.480300657377642,644.4570717173491
13.489636045644524,703.9720783136203
13.498971433911406,1071.9147711750948
13.508306822178287,31.348051188293823
13.51764221044517,2102.9257905782974
13.526977598712051,943.935140940853
13.536312986978935,1445.0530982946548
13.545648375245817,199.8038292289621
13.554983763512698,1406.007839590625
13.56431915177958,1667.5233457574689
13.573654540046462,1701.0595104998079
13.582989928313344,7.604194078364247
13.592325316580226,141.3471270196545
13.601660704847108,4530.162822832502
13.61099609311399,705.9459895199913
13.620331481380871,680.1736055168702
13.629666869647753,3701.5684237880982
13.639002257914637,3688.560461196292
13.648337646181519,744.7616680346936
13.6576730344484,1525.4064245238587
13.667008422715282,4938.498032412836
13.676343810982164,210.3457692370188
13.685679199249046,1233.80684833159
13.695014587515928,4751.067492636252
13.70434997578281,1224.510241318901
13.713685364049692,592.5329020824619
13.723020752316573,391.14997190541334
13.732356140583457,1629.6274473235799
13.741691528850339,53.401755567494405
13.75102691711722,7.975556854146593
13.760362305384103,652.305869420641
13.769697693650985,266.0595872618425
13.779033081917866,454.5504668687361
13.788368470184748,425.90761522019227
13.79770385845163,1173.7082638362556
13.807039246718512,355.12557621490055
13.816374634985394,1610.767444381673
13.825710023252277,221.28226294268498
13.83504541151916,929.7503043652024
13.844380799786041,1258.606507982248
13.853716188052923,273.17159667259637
13.863051576319805,587.4518919439513
13.872386964586687,312.8669250351572
13.881722352853568,178.16225115235335
13.89105774112045,600.3031165063319
13.900393129387332,159.03162660548386
13.909728517654214,47.711502581874164
13.919063905921098,327.06422599547153
13.92839929418798,508.1483319253752
13.937734682454861,78.81274256071845
13.947070070721743,848.9175384268618
13.956405458988625,2588.6511302953427
13.965740847255507,582.3224627585893
13.975076235522389,2178.908251336984
13.98441162378927,2054.349346548386
13.993747012056152,96.55475438098807
14.003082400323034,1484.9516261712945
14.012417788589916,1071.0839575153532
14.0217531768568,92.2947527453933
14.031088565123682,380.7100806332517
14.040423953390563,99.82440744816819
14.049759341657445,904.2545891698093
14.059094729924327,47.63253835224451
14.068430118191209,287.34397188731344
14.07776550645809,131.98408030594797
14.087100894724973,45.8166413235706
14.096436282991855,37.28213718064642
14.105771671258736,80.41080477923565
14.11510705952562,349.7516067031507
14.124442447792502,448.36539988874927
14.133777836059384,1018.4898713550697
14.143113224326266,127.81105944102502
14.152448612593147,682.8447493750116
14.16178400086003,213.94310831587885
14.171119389126911,1118.885795573223
14.180454777393793,27.143492857600222
14.189790165660675,159.48820335340108
14.199125553927557,35.713568056629285
14.20846094219444,1459.2841539975625
14.217796330461322,1101.6934716684752
14.227131718728204,37.1035211825273
14.236467106995086,611.6397329806217
14.245802495261968,68.40871644212456
14.25513788352885,2026.502082257509
14.264473271795731,364.8663705807204
14.273808660062613,141.6857270158809
14.283144048329495,770.4351670662377
14.292479436596377,3403.2217217253306
14.30181482486326,3307.3155115682885
14.311150213130142,1833.2936726498972
14.320485601397024,3448.5146618836684
14.329820989663906,1461.671146537817
14.339156377930788,118.89688642925798
14.34849176619767,1941.3114318881599
14.357827154464552,2015.3072995188747
14.367162542731434,213.95140257661586
14.376497930998315,811.4832124217504
14.385833319265197,2297.1651354635555
14.395168707532079,89.02042684621337
14.404504095798963,492.3612212351081
14.413839484065845,947.2729277091076
14.423174872332726,171.99489514487013
14.432510260599608,954.6020229080073
14.44184564886649,511.7364678434496
14.451181037133372,1765.8918992600597
14.460516425400254,2607.979857012523
14.469851813667136,113.83977859070875
14.479187201934018,2436.8915000347033
14.4885225902009,548.0101311382266
14.497857978467783,495.36089542232656
14.507193366734665,1444.5977353462551
14.516528755001547,65.90805964988617
14.525864143268429,479.1369982954669
14.53519953153531,2218.221472347665
14.544534919802192,160.92884102945052
14.553870308069074,330.50022119295215
14.563205696335956,1630.352186572806
14.572541084602838,446.8239874143275
14.58187647286972,1004.5156449055612
14.591211861136603,301.9235517333761
14.600547249403485,1919.2128215420607
14.609882637670367,34.68580133877469
14.619218025937249,1286.5691497406976
14.62855341420413,1369.0376774557167
14.637888802471013,2346.4876618054254
14.647224190737894,3004.590236614216
14.656559579004776,1966.0860137462769
14.665894967271658,2051.30925417935
14.67523035553854,1866.3830283047573
14.684565743805424,706.7700191655009
14.693901132072305,806.8489041462584
14.703236520339187,1088.4786166526612
14.71257190860607,194.30133781701556
14.721907296872951,184.58528681816463
14.731242685139833,373.3665661440495
14.740578073406715,760.4826634600612
14.749913461673597,767.8692347724698
14.759248849940478,5.4542541744459765
14.76858423820736,407.23153964506054
14.777919626474242,138.31128981940975
14.787255014741126,859.7464726459577
14.796590403008008,1299.452624270897
14.80592579127489,108.38324356107127
14.815261179541771,942.7476806321711
14.824596567808653,257.77033227535526
14.833931956075535,993.7913134509643
14.843267344342417,516.1874802624939
14.852602732609299,294.3509471523138
14.86193812087618,1292.8563755527655
14.871273509143062,129.69088063111366
14.880608897409946,300.28739349107025
14.889944285676828,157.02277262193846
14.89927967394371,1414.5055423072356
14.908615062210592,115.82583131127599
14.917950450477473,618.6729732726851
14.927285838744355,392.9197436579584
14.936621227011237,81.64248102248125
14.945956615278119,22.94161360306133
14.955292003545,432.34171439879185
14.964627391811883,809.0605469386558
14.973962780078766,669.6470377318414
14.983298168345648,718.9952344916428
14.99263355661253,963.8305551604226
15.001968944879412,426.9901976736106
15.011304333146294,9.799347884391079
15.020639721413175,1164.7470895655008
15.029975109680057,211.324253081938
15.03931049794694,120.87527143884574
15.048645886213821,1795.4818364006446
15.057981274480703,125.63999498624327
15.067316662747587,25.71397979014811
15.076652051014468,1712.403736017754
15.08598743928135,516.9319460430191
15.095322827548232,1546.2588903794617
15.104658215815114,1312.5956453998806
15.113993604081996,2612.550364571291
15.123328992348878,901.0176665015767
15.13266438061576,62.34277194020687
15.141999768882641,235.6817408886159
15.151335157149523,669.5941211775777
15.160670545416405,314.9451727784748
15.170005933683289,4.666350139819246
15.17934132195017,780.5529752940471
15.188676710217052,399.93010594006176
15.198012098483934,998.9474115027672
15.207347486750816,586.4230340576428
15.216682875017698,905.2955109672415
15.22601826328458,397.44274909084413
15.235353651551462,284.3415304214746
15.244689039818343,836.8519446207368
15.254024428085225,1.9152618346894184
15.263359816352109,93.94371094881467
15.27269520461899,1066.3223301860626
15.282030592885873,447.6661183336556
15.291365981152754,559.8674369685646
15.300701369419636,1172.7907069596051
15.310036757686518,3608.591744646459
15.3193721459534,1274.1329426766938
15.328707534220282,1126.1422303874115
15.338042922487164,1444.943700845208
15.347378310754046,1076.8227090248176
15.35671369902093,896.6272740396745
15.366049087287811,1812.4086691078367
15.375384475554693,1354.18351754224
15.384719863821575,847.2969194727348
15.394055252088457,427.6605969318083
15.403390640355338,69.83226215256865
15.41272602862222,794.4102498858218
15.422061416889102,640.4110740674865
15.431396805155984,54.201038650424216
15.440732193422866,290.94663524519876
15.45006758168975,2654.9915539094786
15.459402969956631,71.87077124165103
15.468738358223513,148.18955893480052
15.478073746490395,1961.0824290377354
15.487409134757277,877.4969452844017
15.496744523024159,605.7205557985026
15.50607991129104,448.6342560882564
15.515415299557922,1217.2472444443372
15.524750687824804,399.86167148601766
15.534086076091686,397.5899415674353
15.543421464358568,199.6630316680152
15.552756852625452,1034.785533342877
15.562092240892333,93.22287857877795
15.571427629159215,564.8266370035051
15.580763017426097,1118.8504712391868
15.590098405692979,710.9055737939015
15.59943379395986,396.87042179438856
15.608769182226743,852.5993819855701
15.618104570493625,276.907053343043
15.627439958760506,51.49671805791539
15.636775347027388,1332.977703788598
15.646110735294272,634.9691974572057
15.655446123561154,94.36557844391172
15.664781511828036,307.00270027389513
15.674116900094917,2782.017442999503
15.6834522883618,959.6776970289573
15.692787676628681,1156.3225238851742
15.702123064895563,3790.889832841492
15.711458453162445,3027.885761316744
15.720793841429327,411.57206560243054
15.730129229696209,433.81728780402995
15.739464617963092,641.6325874912674
15.748800006229974,2703.7542698356447
15.758135394496856,2232.1051472480067
15.767470782763738,355.1744841559424
15.77680617103062,826.4165571125569
15.786141559297501,292.2095306672481
15.795476947564383,3524.0384108219273
15.804812335831265,1344.4866442466553
15.814147724098147,49.5425769218287
15.823483112365029,616.7684280298666
15.832818500631912,1686.9257970532092
15.842153888898794,3639.8341287836097
15.851489277165676,4933.782283287955
15.860824665432558,700.7106906987143
15.87016005369944,720.0215550999857
15.879495441966322,229.41549744674302
15.888830830233204,881.4340522059482
15.898166218500085,470.04996249201423
15.907501606766967,646.1743593211113
15.916836995033849,391.18147610858205
15.926172383300733,174.37297847482716
15.935507771567615,1715.05115774622
15.944843159834496,4.637112125687289
15.954178548101378,38.69014923383853
15.96351393636826,2247.0963745529584
15.972849324635142,1006.9538262650433
15.982184712902024,1032.8615607154575
15.991520101168906,1674.0302753498352
16.00085548943579,3815.948578920746
16.010190877702673,712.7401028186626
16.019526265969553,1239.4600390830933
16.028861654236437,964.7823179037567
16.038197042503317,3592.7466757426523
16.0475324307702,3004.260116037722
16.05686781903708,1920.8532615314853
16.066203207303964,1673.3815456153382
16.075538595570848,1184.7108673391194
16.084873983837728,1186.0491357141466
16.09420937210461,441.3853262800335
16.10354476037149,1510.5213426769094
16.112880148638375,12.281603014522155
16.122215536905255,41.95073896274119
16.13155092517214,773.3774329439786
16.14088631343902,1053.8201426665782
16.150221701705902,62.666659120169776
16.159557089972783,238.30871233408772
16.168892478239666,938.8732702379646
16.17822786650655,847.9557872209508
16.18756325477343,828.6362610166926
16.196898643040313,865.7645667087647
16.206234031307194,736.5886198441805
16.215569419574077,96.79928787347522
16.224904807840957,36.5298066722335
16.23424019610784,375.15055011817304
16.24357558437472,383.4213736550503
16.252910972641605,538.8008902611836
16.262246360908488,281.30268106767693
16.27158174917537,849.4276738667965
16.280917137442252,1003.6042672405778
16.290252525709132,247.5421484701454
16.299587913976016,39.25379079333051
16.308923302242896,62.41965379152768
16.31825869050978,337.26980509138093
16.32759407877666,1897.8557459536307
16.336929467043543,219.56535621638304
16.346264855310423,170.01614279450547
16.355600243577307,318.13925621756886
16.36493563184419,4358.59455039676
16.37427102011107,218.57100371952032
16.383606408377954,208.32120812798735
16.392941796644834,3215.3706864008
16.402277184911718,418.0177981021292
16.411612573178598,244.35436501770258
16.42094796144548,1069.5619391216212
16.43028334971236,532.8298981920462
16.439618737979245,231.17629373869272
16.448954126246125,15.66670548095449
16.45828951451301,629.4552519202238
16.467624902779892,437.6985860423903
16.476960291046773,635.6074380330492
16.486295679313656,1010.4701212921855
16.495631067580536,2065.0099440574913
16.50496645584742,633.2571769706692
16.5143018441143,1965.1229974775913
16.523637232381184,2884.1801462515937
16.532972620648064,1806.0254604867118
16.542308008914947,2161.2255960541715
16.55164339718183,3646.783315487737
16.56097878544871,293.036367846005
16.570314173715595,3.6003000393112923
16.579649561982475,1904.9623784687576
16.58898495024936,474.18579076752127
16.59832033851624,774.5781503386753
16.607655726783122,358.9370946634369
16.616991115050002,1446.1481614104214
16.626326503316886,1604.1369662417007
16.635661891583766,432.7552802512301
16.64499727985065,480.75900215030157
16.654332668117533,882.8399248935586
16.663668056384413,492.01948960256055
16.673003444651297,227.03349278226972
16.682338832918177,261.94882156264686
16.69167422118506,329.8090037077209
16.70100960945194,695.0771132222496
16.710344997718824,819.7157280449368
16.719680385985704,113.87823523948387
16.729015774252588,585.2188542799288
16.73835116251947,2360.4882573079017
16.74768655078635,2.5959336992582944
16.757021939053235,185.29346564856684
16.766357327320115,1915.09834075987
16.775692715587,1127.1044452912522
16.78502810385388,2086.0447143962147
16.794363492120763,724.3128614137155
16.803698880387643,1004.1280513839107
16.813034268654526,1442.8626318794497
16.822369656921406,13.408975907292833
16.83170504518829,394.81954921684047
16.841040433455174,251.16114610696107
16.850375821722054,1773.5617446517422
16.859711209988937,763.0926300526116
16.869046598255817,62.55890703087217
16.8783819865227,1470.9609794565354
16.88771737478958,1438.9623116581436
16.897052763056465,136.3118496274888
16.906388151323345,455.1431028248385
16.91572353959023,173.07897550386534
16.92505892785711,410.58582589235095
16.934394316123992,801.4306871954927
16.943729704390876,70.72266272034895
16.953065092657756,210.22399198888644
16.96240048092464,1052.475050532816
16.97173586919152,47.620058231772774
16.981071257458403,1580.7426148861307
16.990406645725283,1811.3450846741882
16.999742033992167,785.9085418300754
17.009077422259047,1328.9251015623656
17.01841281052593,602.614343026304
17.027748198792814,3461.5823889653375
17.037083587059694,379.25010628391664
17.046418975326578,2402.0980162033748
17.055754363593458,529.1786740139179
17.06508975186034,793.8617306568057
17.07442514012722,1180.6495766894661
17.083760528394105,1146.8654993548541
17.093095916660985,117.47090846781884
17.10243130492787,1392.5123050635225
17.11176669319475,1517.5809864722592
17.121102081461633,2984.7269270683173
17.130437469728516,937.735782455307
17.139772857995396,2494.929608898462
17.14910824626228,490.11507717611175
17.15844363452916,243.10438178142604
17.167779022796044,313.02859666998813
17.177114411062924,395.7662891174208
17.186449799329807,228.56415318929393
17.195785187596687,275.83939870812907
17.20512057586357,1381.995379806462
17.21445596413045,219.00423578637663
17.223791352397335,621.0938299171253
17.23312674066422,1684.8688931324418
17.2424621289311,1643.9156203380885
17.251797517197982,1343.2700914139211
17.261132905464862,331.69590273131485
17.270468293731746,1924.4995306666833
17.279803681998626,11.19616422891152
17.28913907026551,423.06387939130803
17.29847445853239,819.2677015370607
17.307809846799273,484.8354257461262
17.317145235066157,2387.8434467744096
17.326480623333037,1535.4505702837132
17.33581601159992,265.7050207253008
17.3451513998668,1896.2346318203245
17.354486788133684,204.40095495912732
17.363822176400564,538.9369415230416
17.373157564667448,137.8615667481751
17.382492952934328,2015.8420415080884
17.39182834120121,1324.6921401201228
17.40116372946809,781.9636562035821
17.410499117734975,409.3202685230636
17.41983450600186,195.34032964450614
17.42916989426874,187.00060517155052
17.438505282535623,1205.810835201604
17.447840670802503,509.7225832126131
17.457176059069386,1158.4966741601663
17.466511447336266,534.9100856071142
17.47584683560315,372.77318899608696
17.48518222387003,854.4459692868646
17.494517612136914,1090.199488761295
17.503853000403797,11.728241065502045
17.513188388670677,618.5225936174365
17.52252377693756,1375.5458735299765
17.53185916520444,33.21965514283288
17.541194553471325,195.453668443125
17.550529941738205,2518.600132213215
17.55986533000509,360.2548891403749
17.56920071827197,585.7480014627934
17.578536106538852,76.18928937796117
17.587871494805732,931.228204939255
17.597206883072616,1088.29195963701
17.6065422713395,1261.486137079864
17.61587765960638,1831.8039223332823
17.625213047873263,259.8874121601774
17.634548436140143,1567.196268195402
17.643883824407027,208.00639311112042
17.653219212673907,2791.476233906231
17.66255460094079,290.3225631170757
17.67188998920767,100.86233721966947
17.681225377474554,1836.8132433756878
17.690560765741434,2457.923716371548
17.699896154008318,764.4700986439316
17.7092315422752,4876.881658842396
17.71856693054208,689.0678615681737
17.727902318808965,1043.193731913579
17.737237707075845,727.1979293744832
17.74657309534273,866.7550438525055
17.75590848360961,575.5913547791636
17.765243871876493,10.103737028495443
17.774579260143373,910.2508485138218
17.783914648410256,283.4449873315971
17.79325003667714,485.9486879040484
17.80258542494402,714.0110057205926
17.811920813210904,181.48152271602694
17.821256201477784,454.668543701867
17.830591589744667,426.1980448232563
17.839926978011547,122.96475366095565
17.84926236627843,139.2457291420653
17.85859775454531,254.09358640520492
17.867933142812195,228.10225606270708
17.877268531079075,425.0976258541827
17.88660391934596,585.7011458961947
17.895939307612842,1195.2846720387927
17.905274695879722,216.61137449079382
17.914610084146606,1459.0183061548373
17.923945472413486,1959.1004357997504
17.93328086068037,2324.2461664761254
17.94261624894725,833.1853499925115
17.951951637214133,4093.8312001531144
17.961287025481013,2245.0719066240513
17.970622413747897,870.6446616312173
17.979957802014777,1234.7360062341097
17.98929319028166,1502.269120366292
17.998628578548544,863.9380811196261
18.007963966815424,1054.5900972941683
18.017299355082308,1315.6863197242083
18.026634743349188,212.33535569185798
18.03597013161607,1049.9796441457797
18.04530551988295,37.535409106882234
18.054640908149835,734.0700838633667
18.063976296416715,2350.6698076811613
18.0733116846836,887.9964164170585
18.082647072950483,1470.9075015134147
18.091982461217363,287.577546335356
18.101317849484246,340.994486680509
18.110653237751126,113.9503105939994
18.11998862601801,912.7950589602035
18.12932401428489,156.5735255265082
18.138659402551774,246.46644128757634
18.147994790818654,954.2736831553938
18.157330179085537,219.57824175283454
18.166665567352418,1060.8555476607376
18.1760009556193,3758.293011484687
18.185336343886185,314.38071426651203
18.194671732153065,1110.5540043644453
18.20400712041995,582.4153785745759
18.21334250868683,813.4977364990244
18.222677896953712,220.48074946405336
18.232013285220592,157.92599770438156
18.241348673487476,1796.735355025963
18.250684061754356,486.4130068459876
18.26001945002124,60.80929429991437
18.269354838288123,2093.596566291552
18.278690226555003,202.50221301319914
18.288025614821887,137.59267141959137
18.297361003088767,1124.5759644831296
18.30669639135565,198.9066853924596
18.31603177962253,309.4052330045596
18.325367167889414,200.00370447306744
18.334702556156294,112.64279230322326
18.344037944423178,713.4647526511407
18.353373332690058,674.2314249551772
18.36270872095694,977.2252294733421
18.372044109223825,966.0235952546245
18.381379497490705,61.87844449295174
18.39071488575759,372.37726099402687
18.40005027402447,232.7093770860125
18.409385662291353,898.7920224645843
18.418721050558233,721.4135412602853
18.428056438825116,33.951325280255915
18.437391827091997,1162.419972152056
18.44672721535888,2650.6709614364013
18.45606260362576,686.5596304925587
18.465397991892644,1242.1273446341143
18.474733380159527,2352.29085259802
18.484068768426408,388.7735138295108
18.49340415669329,354.827603581299
18.50273954496017,9.865355553779928
18.512074933227055,91.88174509153687
18.521410321493935,286.9172658778069
18.53074570976082,503.6696831750452
18.5400810980277,1024.9029974058697
18.549416486294582,1443.6375643485364
18.558751874561466,1122.6937431482281
18.568087262828346,199.60116716979317
18.57742265109523,1136.3224989160415
18.58675803936211,950.0127208155543
18.596093427628993,995.5415375374067
18.605428815895873,89.84485408926308
18.614764204162757,759.5195595682192
18.624099592429637,21.94098028365636
18.63343498069652,1032.4859946275149
18.6427703689634,630.5584704839971
18.652105757230284,579.3216053392497
18.661441145497168,552.5376488610141
18.670776533764048,1200.3744554503355
18.68011192203093,357.9337293017372
18.689447310297812,131.04663520688666
18.698782698564695,34.96518169350248
18.708118086831576,44.320447430995834
18.71745347509846,3.073548194802259
18.72678886336534,68.65685741248434
18.736124251632223,132.88767422706485
18.745459639899103,188.9599362451685
18.754795028165987,130.99498338825032
18.76413041643287,451.09597775966705
18.77346580469975,144.1844113127787
18.782801192966634,191.300155456848
18.792136581233514,1233.9621154017304
18.801471969500398,140.48012414572878
18.810807357767278,263.43208430601834
18.82014274603416,634.2176405342626
18.82947813430104,341.5315345320696
18.838813522567925,799.594479021424
18.84814891083481,54.862679458285925
18.85748429910169,826.49834718694
18.866819687368572,1288.625722950578
18.876155075635452,9.428339071450242
18.885490463902336,449.87608335740185
18.894825852169216,1480.874193133312
18.9041612404361,1005.2916479092744
18.91349662870298,2555.2208299309896
18.922832016969863,2454.6693810170923
18.932167405236743,268.3437441151766
18.941502793503627,541.2151853199435
18.95083818177051,243.83131364478425
18.96017357003739,2092.689827648087
18.969508958304274,296.02711993026975
18.978844346571154,289.33775627182615
18.988179734838038,35.069800447560716
18.997515123104918,1067.2355579605694
19.006850511371802,1381.3204701396567
19.016185899638682,742.1122127470456
19.025521287905566,511.7406130392357
19.03485667617245,819.7297296547563
19.04419206443933,1854.5767289468304
19.053527452706213,250.2776837012727
19.062862840973093,3919.8325816616602
19.072198229239977,3651.5663102637127
19.081533617506857,40.48204176723996
19.09086900577374,1830.7642024006748
19.10020439404062,109.97549561864678
19.109539782307504,3456.408057173086
19.118875170574384,3305.436770474327
19.128210558841268,1168.5489257255622
19.13754594710815,802.5593920795944
19.14688133537503,1502.123021832229
19.156216723641915,1929.4608488420517
19.165552111908795,1131.3784813493635
19.17488750017568,511.75533476749285
19.18422288844256,2443.5806275672694
19.193558276709442,184.53778914245675
19.202893664976322,2933.417507961952
19.212229053243206,427.4560352128869
19.221564441510086,176.99007296487835
19.23089982977697,998.6785544809918
19.240235218043853,1651.7457924388975
19.249570606310733,2226.585798383844
19.258905994577617,26.67914601866723
19.268241382844497,1868.0765837463296
19.27757677111138,430.90403483548926
19.28691215937826,1034.4506393225927
19.296247547645144,1111.2650528108709
19.305582935912025,232.2441505625956
19.314918324178908,1035.448265817555
19.324253712445792,48.370745206371
19.333589100712672,1783.9738658712067
19.342924488979556,315.8147084645008
19.352259877246436,355.48267994325306
19.36159526551332,702.8780172462043
19.3709306537802,533.3411085309926
19.380266042047083,1827.9634266181142
19.389601430313963,904.8098187253055
19.398936818580847,236.06149239865098
19.408272206847727,795.4764186407936
19.41760759511461,592.879224035003
19.426942983381494,770.1967982314447
19.436278371648374,218.08793931061146
19.445613759915258,407.0949805316307
19.454949148182138,2768.8300538654635
19.46428453644902,514.4594905853528
19.4736199247159,1708.2923451305105
19.482955312982785,3869.3198569861524
19.492290701249665,704.5567955644976
19.50162608951655,165.41870620286727
19.510961477783432,2790.060501387795
19.520296866050312,1692.9636609947472
19.529632254317196,1001.8974444386572
19.538967642584076,1389.129189937872
19.54830303085096,299.66607513426965
19.55763841911784,293.68599804893927
19.566973807384723,237.16999113373458
19.576309195651604,305.07743113175354
19.585644583918487,1045.9350505184086
19.594979972185367,1561.3504003789133
19.60431536045225,937.1212664718573
19.613650748719134,264.82773451130737
19.622986136986015,1539.0636082789026
19.632321525252898,675.5040044095396
19.64165691351978,296.128172453567
19.650992301786662,381.4063688415575
19.660327690053542,230.57183571154093
19.669663078320426,1085.7677023434703
19.678998466587306,883.5787701908887
19.68833385485419,841.9353659399003
19.69766924312107,596.1923445629346
19.707004631387953,920.527322890432
19.716340019654837,2120.079011996428
19.725675407921717,1163.0181086880286
19.7350107961886,803.5555052928183
19.74434618445548,491.3922731878616
19.753681572722364,27.533732582681992
19.763016960989244,642.1582138256747
19.772352349256128,428.96712707505634
19.781687737523008,246.5836526286204
19.79102312578989,532.7952805284488
19.800358514056775,674.9227746396534
19.809693902323655,164.45088657721033
19.81902929059054,256.0014207826363
19.82836467885742,2182.674941830937
19.837700067124302,153.3147813767777
19.847035455391183,96.65563202370491
19.856370843658066,966.517777959474
19.865706231924946,1419.5749841145368
19.87504162019183,152.84991107330728
19.88437700845871,236.49783302886064
19.893712396725594,3172.5377720312913
19.903047784992477,408.97526248269105
19.912383173259357,55.32874025286945
19.92171856152624,1752.5745506075843
19.93105394979312,1178.6488275030827
19.940389338060005,356.7236131251443
19.949724726326885,1176.1837258322091
19.95906011459377,254.60605476507303
19.96839550286065,57.83482052095692
19.977730891127532,703.7856523005935
19.987066279394412,157.81990233669077
19.996401667661296,1133.548759876763
20.00573705592818,222.88055536770824
20.01507244419506,365.1867402439131
20.024407832461943,881.9853393671267
20.033743220728823,499.98766760037114
20.043078608995707,482.570491663344
20.052413997262587,92.83187393938931
20.06174938552947,1087.2407351521194
20.07108477379635,1264.4017609913037
20.080420162063234,966.0944581181251
20.089755550330118,955.4352425467455
20.099090938596998,979.1472620655527
20.10842632686388,1234.4559031674385
20.11776171513076,111.72966388176035
20.127097103397645,633.6233027851249
20.136432491664525,202.65325015442676
20.14576787993141,211.00213451361398
20.15510326819829,103.59722984664134
20.164438656465173,538.364385486428
20.173774044732053,575.1641369177872
20.183109432998936,364.5200103645559
20.19244482126582,814.1759541791619
20.2017802095327,226.65396360990178
20.211115597799584,115.00448437080314
20.220450986066464,923.8578582796007
20.229786374333347,282.5010341178534
20.239121762600227,475.7706229735646
20.24845715086711,786.2174238379316
20.25779253913399,351.2936657319559
20.267127927400875,347.26315178257846
20.27646331566776,648.4877703192777
20.28579870393464,506.92024592550325
20.295134092201522,285.29658174197266
20.304469480468402,1982.9328750526613
20.313804868735286,485.951029288636
20.323140257002166,403.45914857191104
20.33247564526905,265.60420138320234
20.34181103353593,1249.7878792672004
20.351146421802813,578.3122252437291
20.360481810069693,145.7448428749861
20.369817198336577,19.316936906178356
20.37915258660346,1438.0036618278439
20.38848797487034,551.6739626960198
20.397823363137224,121.0069547763238
20.407158751404104,832.2737523025731
20.416494139670988,4.719762696992242
20.425829527937868,867.9446045927964
20.43516491620475,1258.8664543814823
20.44450030447163,285.7573055034373
20.453835692738515,135.0921125079657
20.463171081005395,1126.0046338771224
20.47250646927228,396.0167255967488
20.481841857539163,86.19657562112094
20.491177245806043,172.8223982001738
20.500512634072926,1124.7188464265832
20.509848022339806,579.9213518292032
20.51918341060669,676.3850958887822
20.52851879887357,850.6820345439843
20.537854187140454,164.18608070065756
20.547189575407334,702.5424866357724
20.556524963674217,2037.0973438639096
20.5658603519411,2697.1769971558283
20.57519574020798,520.0831015757833
20.584531128474865,975.2928041321703
20.593866516741745,172.43421802964593
20.60320190500863,1046.72112367813
20.61253729327551,1452.9279735708676
20.621872681542392,881.6671908839413
20.631208069809272,126.5891580218985
20.640543458076156,1598.318378933061
20.649878846343036,436.07474011193887
20.65921423460992,572.035055280762
20.668549622876803,134.5713796449727
20.677885011143683,723.5667019252642
20.687220399410567,130.9621326023204
20.696555787677447,336.73035327145556
20.70589117594433,601.0201545304158
20.71522656421121,154.6260808062873
20.724561952478094,487.11392741886266
20.733897340744974,242.69199083087835
20.743232729011858,1233.4806811410203
20.752568117278738,1827.7130219748522
20.76190350554562,1435.536296918662
20.771238893812505,546.606620339242
20.780574282079385,376.755506282381
20.78990967034627,760.4027435453419
20.79924505861315,148.83771940069613
20.808580446880033,157.56221658865988
20.817915835146913,2.4569976546154444
20.827251223413796,1763.9492197955847
20.836586611680676,718.7452054063257
20.84592199994756,531.5077837112216
20.855257388214444,1018.8674812274216
20.864592776481324,239.33100071233247
20.873928164748207,267.49386082253
20.883263553015087,258.41881748429444
20.89259894128197,1490.122269106119
20.90193432954885,859.7589558854525
20.911269717815735,780.4721716335617
20.920605106082615,326.20633137160723
20.9299404943495,2660.3496827339063
20.93927588261638,1179.9275485332798
20.948611270883262,618.1563072515788
20.957946659150146,2295.6636063831393
20.967282047417026,2211.3591763751906
20.97661743568391,366.54071203469476
20.98595282395079,439.54200700018146
20.995288212217673,2841.072628497558
21.004623600484553,1664.4070856221688
21.013958988751437,110.27077872943292
21.023294377018317,351.67011461288405
21.0326297652852,210.8332824945953
21.041965153552084,1663.9161469627227
21.051300541818964,1064.998653339173
21.060635930085848,1179.995849920557
21.069971318352728,1213.3095222148982
21.07930670661961,1608.8400232649522
21.08864209488649,509.1726996066384
21.097977483153375,222.33689645193027
21.107312871420255,1428.668137843294
21.11664825968714,587.1525989383339
21.12598364795402,79.86453242125546
21.135319036220903,70.09099470695185
21.144654424487786,1251.5317483952967
21.153989812754666,590.8123309632259
21.16332520102155,511.74987521217014
21.17266058928843,311.34131253590147
21.181995977555314,4078.0888593725917
21.191331365822194,427.7570749303059
21.200666754089077,872.2389300869789
21.210002142355957,1632.6772075677106
21.21933753062284,1216.494504874796
21.22867291888972,240.47487420457784
21.238008307156605,897.4100940704591
21.24734369542349,873.9072294708584
21.25667908369037,536.9246053273217
21.266014471957252,537.2842913218
21.275349860224132,401.64386301919245
21.284685248491016,832.4789017008966
21.294020636757896,157.17407182969004
21.30335602502478,174.36031455146278
21.31269141329166,1526.837753700916
21.322026801558543,58.69385562424271
21.331362189825427,504.9799441520108
21.340697578092307,268.1885607379828
21.35003296635919,339.250596865315
21.35936835462607,1353.8196835515694
21.368703742892954,126.06091857003643
21.378039131159834,140.6961225266377
21.387374519426718,822.7203058139444
21.396709907693598,1206.6046694895049
21.40604529596048,489.3702198189606
21.41538068422736,38.30279696114482
21.424716072494245,1975.3855029736517
21.43405146076113,341.5604071926604
21.44338684902801,356.7784342346516
21.452722237294893,775.7392333624384
21.462057625561773,481.9680582789059
21.471393013828656,21.766688205174713
21.480728402095536,485.85510625735907
21.49006379036242,10.408254519064386
21.4993991786293,332.63071955804594
21.508734566896184,406.57794741133256
21.518069955163064,43.70236872810718
21.527405343429947,367.9298569185376
21.53674073169683,193.92026929137654
21.54607611996371,54.69826853462666
21.555411508230595,292.51655673966536
21.564746896497475,351.1883064306062
21.57408228476436,40.49893090546236
21.58341767303124,7.308200843848467
21.592753061298122,282.41164634891646
21.602088449565002,205.29531941448843
21.611423837831886,325.22859651174133
21.62075922609877,321.7963215509922
21.63009461436565,64.72139936063516
21.639430002632533,400.71816150201937
21.648765390899413,698.6128732101022
21.658100779166297,57.07507924501841
21.667436167433177,350.9790381002172
21.67677155570006,85.36281709581407
21.68610694396694,478.29759259543
21.695442332233824,23.755808353091943
21.704777720500704,203.03709062923582
21.714113108767588,331.433947897278
21.72344849703447,47.28871305216473
21.73278388530135,287.6856947205255
21.742119273568235,1821.0473860576833
21.751454661835115,707.5811277049218
21.760790050102,590.5035754109999
21.77012543836888,3902.231192657404
21.779460826635763,329.8146447586807
21.788796214902643,231.72199011197202
21.798131603169526,94.67922067783698
21.80746699143641,2255.2699388461174
21.81680237970329,980.7648946861893
21.826137767970174,477.78322201340455
21.835473156237054,938.9751336741477
21.844808544503937,135.11620711425033
21.854143932770818,289.06965689553647
21.8634793210377,15.158606560286485
21.87281470930458,368.3175912741638
21.882150097571465,246.76492384741928
21.891485485838345,964.7574710333287
21.90082087410523,99.19763313127247
21.910156262372112,1184.1976941587673
21.919491650638992,1128.6135565459274
21.928827038905876,1172.8963126142705
21.938162427172756,54.007742508902425
21.94749781543964,501.3270394435736
21.95683320370652,1948.6139733014659
21.966168591973403,1161.5606557078206
21.975503980240283,229.87996733791672
21.984839368507167,846.823500047223
21.994174756774047,1014.1182288629259
22.00351014504093,1447.2135705909332
22.012845533307814,352.5438052043229
22.022180921574694,113.72524838352899
22.031516309841578,1039.0135572725414
22.040851698108458,203.7513211068625
22.05018708637534,1733.5287999347695
22.059522474642222,205.466352464598
22.068857862909105,1497.8402690387613
22.078193251175986,2108.1819674089506
22.08752863944287,170.72676661883926
22.096864027709753,308.53673125111345
22.106199415976633,429.3596120860471
22.115534804243516,1215.1436054189257
22.124870192510397,1127.8608421325907
22.13420558077728,1130.329643974981
22.14354096904416,261.07463942228253
22.152876357311044,543.183291067989
22.162211745577924,525.5533848949826
22.171547133844808,564.1624526710796
22.180882522111688,103.12914927888252
22.19021791037857,84.93968118109684
22.199553298645455,342.9132316066907
22.208888686912335,391.1608896483952
22.21822407517922,157.49918652858216
22.2275594634461,62.47496253812306
22.236894851712982,457.3051989121271
22.246230239979862,108.77242382916545
22.255565628246746,111.85500881532855
22.264901016513626,294.0513277470987
22.27423640478051,168.73432359964536
22.283571793047393,66.40078473067946
22.292907181314273,1671.9521665677426
22.302242569581157,768.974790376402
22.311577957848037,2565.37485342259
22.32091334611492,1974.8214515656045
22.3302487343818,428.7875739457098
22.339584122648684,340.06140636287273
22.348919510915565,2481.039565898343
22.358254899182448,390.51071080418626
22.367590287449328,433.9264165468671
22.376925675716212,2459.8009907564483
22.386261063983095,0.06790595846496322
22.395596452249976,158.64716589222843
22.40493184051686,405.8209309255621
22.41426722878374,222.32887555140167
22.423602617050623,150.42642468986423
22.432938005317503,1484.5767865088264
22.442273393584387,404.0472507776733
22.451608781851267,99.99104960271933
22.46094417011815,2810.398288896051
22.47027955838503,87.11560103043095
22.479614946651914,352.7769309064542
22.488950334918798,2378.8838268849486
22.498285723185678,534.1347506952823
22.50762111145256,181.78125288230592
22.51695649971944,186.11352668037665
22.526291887986325,1166.2709397102178
22.535627276253205,82.35495749335462
22.54496266452009,234.82123848796115
22.55429805278697,561.8048819432009
22.563633441053852,227.69916406336736
22.572968829320736,1251.713177440165
22.582304217587616,181.9681439045968
22.5916396058545,494.2115087106876
22.60097499412138,867.5685480913875
22.610310382388263,55.435585148186625
22.619645770655143,1355.2263849910175
22.628981158922027,246.3610516698268
22.638316547188907,42.957257091850884
22.64765193545579,1280.758124444207
22.65698732372267,431.5277410751241
22.666322711989555,81.73650179685923
22.675658100256438,349.46461306770715
22.684993488523318,845.0612981744285
22.694328876790202,142.81520111130038
22.703664265057082,143.0626282688714
22.712999653323966,825.3427881316329
22.722335041590846,12.040947494294658
22.73167042985773,213.74850771434265
22.74100581812461,355.4613228325382
22.750341206391493,53.19704775608663
22.759676594658373,241.23226931011686
22.769011982925257,19.659854504924787
22.77834737119214,19.457369974618693
22.78768275945902,995.063736891854
22.797018147725904,42.903853248602054
22.806353535992784,142.2368665237408
22.815688924259668,844.3513775750679
22.825024312526548,566.0658860121581
22.83435970079343,74.92049180039822
22.84369508906031,1350.4213106089942
22.853030477327195,303.40237562137713
22.86236586559408,642.1904982439432
22.87170125386096,1639.9282699975572
22.881036642127842,520.8528269748964
22.890372030394722,619.3660180500156
22.899707418661606,385.8705100876196
22.909042806928486,256.0526824696731
22.91837819519537,699.6838335593817
22.92771358346225,533.5996835168086
22.937048971729133,630.7726464189819
22.946384359996014,272.35594451053663
22.955719748262897,1695.6687695707142
22.96505513652978,1545.9738896789543
22.97439052479666,2106.9833886266842
22.983725913063545,270.89528843350695
22.993061301330425,735.2442713280819
23.002396689597308,578.7393246557499
23.01173207786419,366.4776558823539
23.021067466131072,985.6557586314611
23.030402854397952,164.3813016582658
23.039738242664836,53.2983798491488
23.04907363093172,168.22995482177748
23.0584090191986,1828.0060714181875
23.067744407465483,1203.9640487225317
23.077079795732363,974.7124778413198
23.086415183999247,4316.701825835042
23.095750572266127,549.264010581757
23.10508596053301,740.8153743281105
23.11442134879989,1565.5920871547135
23.123756737066774,394.90349900617423
23.133092125333654,157.32001917685147
23.142427513600538,706.1677067228842
23.15176290186742,1338.0843629151552
23.1610982901343,82.79198706901224
23.170433678401185,263.30285794967136
23.179769066668065,399.1311305528416
23.18910445493495,261.72934352326337
23.19843984320183,128.66146399061708
23.207775231468712,56.93105556789036
23.217110619735593,355.0428082605022
23.226446008002476,141.28494835195795
23.235781396269356,1104.5488945500601
23.24511678453624,413.21659012134893
23.254452172803123,252.50269941810026
23.263787561070004,1263.982598305592
23.273122949336887,366.30975152202586
23.282458337603767,45.90931611266769
23.29179372587065,277.56985021006017
23.30112911413753,1046.8671506571943
23.310464502404415,442.0707966432253
23.319799890671295,319.131760071781
23.32913527893818,1772.683957603898
23.338470667205062,48.318481607114975
23.347806055471942,123.79324082667328
23.357141443738826,363.8440149286581
23.366476832005706,651.3965647307341
23.37581222027259,60.59900022790766
23.38514760853947,1001.9418316856825
23.394482996806353,166.639190030615
23.403818385073233,687.3163267384947
23.413153773340117,179.23514187434776
23.422489161606997,472.5292785881055
23.43182454987388,742.4190353732492
23.441159938140764,1265.396729673658
23.450495326407644,1036.0595027536413
23.459830714674528,1529.5804149021128
23.469166102941408,410.01929555783846
23.47850149120829,901.765151085559
23.48783687947517,368.56289041822583
23.497172267742055,133.60610928762432
23.506507656008935,37.3803275419254
23.51584304427582,1307.601130572719
23.5251784325427,867.2256028058925
23.534513820809583,7.24182692754492
23.543849209076466,967.2517848147595
23.553184597343346,123.75295585988927
23.56251998561023,1017.3023520589185
23.57185537387711,918.1766223019071
23.581190762143994,238.59661856326645
23.590526150410874,1694.697032847997
23.599861538677757,912.2491199744995
23.609196926944637,399.33111120472523
23.61853231521152,944.2449662400725
23.627867703478405,756.0299420835221
23.637203091745285,618.8499384689447
23.64653848001217,881.2993617455784
23.65587386827905,1109.7293274088363
23.665209256545932,412.9939540552817
23.674544644812812,253.49891529563334
23.683880033079696,183.64768268327845
23.693215421346576,64.41006185920983
23.70255080961346,546.0321438004963
23.71188619788034,581.1856816117781
23.721221586147223,693.069453066872
23.730556974414107,920.1948544824079
23.739892362680987,152.84559059111726
23.74922775094787,443.9165247495748
23.75856313921475,1207.369454468747
23.767898527481634,786.4274174421149
23.777233915748514,1374.2481506516185
23.786569304015398,1603.761148420874
23.795904692282278,948.8411660605648
23.80524008054916,1222.661687114332
23.814575468816045,1114.1336052332585
23.823910857082925,932.8193416758004
23.83324624534981,875.5614829944911
23.84258163361669,1103.778604857497
23.851917021883573,106.89104299321728
23.861252410150453,99.79725022958215
23.870587798417336,428.40068471845075
23.879923186684216,141.36862418899779
23.8892585749511,351.67308716603515
23.89859396321798,138.38239110925008
23.907929351484864,762.8650327431302
23.917264739751747,118.80052054275293
23.926600128018627,80.82716397305715
23.93593551628551,1340.8386482644726
23.94527090455239,387.4861376181419
23.954606292819275,497.3680428414774
23.963941681086155,1267.9242877539075
23.97327706935304,1008.6134885832104
23.98261245761992,1069.2229330134614
23.991947845886802,33.25925270941017
24.001283234153682,528.9682888112295
24.010618622420566,105.92604227194725
24.01995401068745,980.6485101222756
24.02928939895433,106.05204768731474
24.038624787221213,1529.5421028603453
24.047960175488093,670.7880929931899
24.057295563754977,375.2703736721569
24.066630952021857,1599.0683700567915
24.07596634028874,191.57493569513022
24.08530172855562,182.3885346175747
24.094637116822504,546.2009306121298
24.103972505089388,407.3939185128639
24.113307893356268,88.50312499140686
24.12264328162315,192.3470464299577
24.13197866989003,1420.9042954645977
24.141314058156915,185.9139039958313
24.150649446423795,83.37233979683577
24.15998483469068,191.2185084609722
24.16932022295756,1601.3142501670961
24.178655611224443,2617.5544646939697
24.187990999491323,1444.2378478913959
24.197326387758206,1109.9403460724702
24.20666177602509,774.118704643243
24.21599716429197,600.5726014148898
24.225332552558854,476.8660619212887
24.234667940825734,438.4085367282533
24.244003329092617,89.2428863442536
24.253338717359497,398.712808093957
24.26267410562638,445.9628138509258
24.27200949389326,356.2367465675417
24.281344882160145,92.38317865127944
24.29068027042703,545.4670335068666
24.30001565869391,641.8422915528149
24.309351046960792,207.14682089603
24.318686435227672,1218.5300073324324
24.328021823494556,26.619303470361526
24.337357211761436,576.3727050627504
24.34669260002832,18.14201133280945
24.3560279882952,1329.9373780678036
24.365363376562083,549.4506347011514
24.374698764828963,120.17721276989002
24.384034153095847,297.56556328729886
24.39336954136273,2.1162086050834983
24.40270492962961,130.57692457995415
24.412040317896494,458.1736427807537
24.421375706163374,58.3706822042708
24.430711094430258,142.63039661929633
24.440046482697138,572.3260814199073
24.44938187096402,111.57088861333989
24.4587172592309,259.3163291971824
24.468052647497785,111.6786422575591
24.477388035764665,602.3288915244466
24.48672342403155,231.1971040489338
24.496058812298433,1146.5720720158806
24.505394200565313,18.996346434072038
24.514729588832196,513.2421425378327
24.524064977099076,74.93508596553156
24.53340036536596,2234.170357607258
24.54273575363284,763.1256378320361
24.552071141899724,2757.2666964510836
24.561406530166604,1811.0360316805732
24.570741918433487,378.44719255209145
24.58007730670037,1052.295838660228
24.58941269496725,1239.3592862305209
24.598748083234135,198.87793593996815
24.608083471501015,484.7331290999549
24.6174188597679,23.482517608528752
24.62675424803478,982.609790020325
24.636089636301662,881.2375952943376
24.645425024568542,860.9733743395855
24.654760412835426,585.4975057387658
24.664095801102306,257.1744941553176
24.67343118936919,1481.2732127159584
24.682766577636073,642.3875215778079
24.692101965902953,2260.429162577866
24.701437354169837,0.056388659114035
24.710772742436717,1766.9678072226905
24.7201081307036,615.9382953953873
24.72944351897048,224.94910748968067
24.738778907237364,1888.7658153486386
24.748114295504244,689.7151433463591
24.757449683771128,317.383949635039
24.766785072038008,1482.9228375848088
24.77612046030489,440.88384593941396
24.785455848571775,511.5169758494456
24.794791236838655,214.6568991642012
24.80412662510554,576.9188937235061
24.81346201337242,220.4343306266069
24.822797401639303,483.89777702769703
24.832132789906183,110.656624438112
24.841468178173066,480.80790878596923
24.850803566439946,408.27521633784596
24.86013895470683,637.0719568762768
24.869474342973714,656.6143359079405
24.878809731240594,326.4943941264601
24.888145119507477,1537.2499600313447
24.897480507774358,207.04592526056896
24.90681589604124,1137.0109248075494
24.91615128430812,13.077524826967696
24.925486672575005,1701.1011964412958
24.934822060841885,167.1386175660419
24.94415744910877,1261.644969345645
24.95349283737565,1638.9333013058506
24.962828225642532,261.3150910019709
24.972163613909416,599.3175344420218
24.981499002176296,153.4313922955485
24.99083439044318,543.6961755943075
25.00016977871006,866.4489757877653
25.009505166976943,315.05197151568836
25.018840555243823,854.0180685498023
25.028175943510707,163.57675655497255
25.037511331777587,711.8018152341187
25.04684672004447,219.15059564087414
25.056182108311354,1593.1509009496203
25.065517496578234,453.67347276605716
25.074852884845118,75.13376653171728
25.084188273111998,189.43347067618186
25.09352366137888,415.40599138050476
25.10285904964576,92.33756976311506
25.112194437912645,119.10488133500867
25.121529826179525,175.83616790476933
25.13086521444641,443.9555700898355
25.14020060271329,453.25444650406604
25.149535990980173,114.3551087465422
25.158871379247056,557.8822806104185
25.168206767513936,204.02369268132168
25.17754215578082,452.56383079715016
25.1868775440477,383.93949905042615
25.196212932314584,37.34907299413013
25.205548320581464,630.649345996555
25.214883708848348,263.0813164950825
25.224219097115228,338.7906422107939
25.23355448538211,1529.6287945171177
25.24288987364899,634.5322388519445
25.252225261915875,754.0627351888769
25.26156065018276,1883.295029995641
25.27089603844964,418.0170813763907
25.280231426716522,544.8858349050093
25.289566814983402,151.0345362540848
25.298902203250286,481.52886988926804
25.308237591517166,272.90370967618844
25.31757297978405,1203.1644603445463
25.32690836805093,789.7314730024896
25.336243756317813,564.5565656078713
25.345579144584697,3619.2759320090586
25.354914532851577,2545.3402087681357
25.36424992111846,411.3183247058505
25.37358530938534,521.6004943005686
25.382920697652224,969.0620310428226
25.392256085919104,1484.0717331543422
25.401591474185988,81.75023446764514
25.410926862452868,451.994951038199
25.42026225071975,9.739679524980602
25.429597638986632,540.1545355239235
25.438933027253515,29.337562796196316
25.4482684155204,574.1999837503087
25.45760380378728,475.17978953098174
25.466939192054163,527.1747076666675
25.476274580321043,998.9658705086994
25.485609968587926,264.8499865425396
25.494945356854807,301.2110589176449
25.50428074512169,308.6669371455747
25.51361613338857,240.4664336111062
25.522951521655454,166.29863457814542
25.532286909922334,77.0104462150133
25.541622298189218,57.17131028368303
25.5509576864561,527.8309882600489
25.56029307472298,86.65975765170249
25.569628462989865,10.93501810179224
25.578963851256745,604.101980689065
25.58829923952363,7.444170462063893
25.59763462779051,398.47232733157796
25.606970016057392,1080.4449201209115
25.616305404324272,68.67766785747756
25.625640792591156,7.259054095775673
25.63497618085804,61.52829778241032
25.64431156912492,1024.0738593976257
25.653646957391803,1084.1303232301648
25.662982345658683,262.1317802661266
25.672317733925567,231.2601443314492
25.681653122192447,31.00402641301177
25.69098851045933,406.95569134338893
25.70032389872621,203.99165087317104
25.709659286993094,58.49573351907229
25.718994675259975,47.36216852241048
25.728330063526858,254.6660248390568
25.73766545179374,290.1661992276007
25.747000840060622,262.3325783799802
25.756336228327505,32.67798879562737
25.765671616594386,547.9329331750429
25.77500700486127,1412.1840891003408
25.78434239312815,1082.9934928871596
25.793677781395033,2567.5293486860746
25.803013169661913,1520.4603648979073
25.812348557928797,159.30257789625642
25.82168394619568,247.71722633257397
25.83101933446256,142.93592197718735
25.840354722729444,955.0236232574634
25.849690110996324,562.8629056804859
25.859025499263208,199.36487492103603
25.868360887530088,566.6307352367642
25.87769627579697,787.3570576732475
25.88703166406385,930.4580567677142
25.896367052330735,558.4030103104623
25.905702440597615,412.7881117187614
25.9150378288645,20.2222926549393
25.924373217131382,352.7114547379535
25.933708605398262,1348.1140136676215
25.943043993665146,221.94381924229387
25.952379381932026,580.8116806176071
25.96171477019891,411.74417691745873
25.97105015846579,38.97214725620756
25.980385546732673,125.57888250594382
25.989720934999553,2151.8611412490477
25.999056323266437,160.8481602292981
26.008391711533317,68.1452513516431
26.0177270998002,1302.4473198026074
26.027062488067084,633.4874708663658
26.036397876333965,217.31721365226628
26.045733264600848,308.8390183989451
26.055068652867728,279.7590444788408
26.064404041134612,516.4089526706035
26.073739429401492,918.394021203974
26.083074817668376,19.331108291130757
26.092410205935256,1223.849493427045
26.10174559420214,11.757161034028577
26.111080982469023,272.6871508339351
26.120416370735903,275.82238753016696
26.129751759002787,1217.3806653716558
26.139087147269667,341.90588929279204
26.14842253553655,14.58101574555802
26.15775792380343,757.7871174736878
26.167093312070314,694.1238418887057
26.176428700337194,624.4330030988189
26.185764088604078,238.13205518088785
26.195099476870958,2501.640064196595
26.20443486513784,163.38721952436313
26.213770253404725,370.5201459901901
26.223105641671605,201.16660715239237
26.23244102993849,341.8418053103419
26.24177641820537,185.03627764606017
26.251111806472252,525.1761077781684
26.260447194739132,33.339575816580485
26.269782583006016,892.4427469583296
26.279117971272896,160.81364193016037
26.28845335953978,87.8203333222291
26.297788747806663,97.37083237455028
26.307124136073543,1519.9518343529153
26.316459524340427,181.25558120251657
26.325794912607307,415.89081908706453
26.33513030087419,64.03489015285282
26.34446568914107,737.888303625588
26.353801077407955,413.1993776202312
26.363136465674835,638.248292474392
26.372471853941718,665.0389985321543
26.3818072422086,168.87792783759085
26.391142630475482,177.95518150370998
26.400478018742366,43.129136732441445
26.409813407009246,1572.0979621464514
26.41914879527613,68.70969535522512
26.42848418354301,33.03027183386337
26.437819571809893,728.6832192746809
26.447154960076773,490.87301071581226
26.456490348343657,89.48051023204573
26.465825736610537,337.32276614502103
26.47516112487742,1123.2604685652843
26.4844965131443,126.96533596629132
26.493831901411184,236.30081273207972
26.503167289678068,401.28911542018744
26.512502677944948,35.408865531907786
26.52183806621183,36.5017278640219
26.53117345447871,37.68779630797823
26.540508842745595,63.362723052949114
26.549844231012475,219.28298965694665
26.55917961927936,66.5677228134564
26.56851500754624,143.6737908397317
26.577850395813122,267.7503336991349
26.587185784080006,41.32873396071353
26.596521172346886,807.4377373622364
26.60585656061377,538.4868055785953
26.61519194888065,32.23658317552753
26.624527337147534,1484.5016937460082
26.633862725414414,330.05979373281167
26.643198113681297,349.4328943918669
26.652533501948177,558.8847987630219
26.66186889021506,469.64401758256787
26.67120427848194,540.678462047064
26.680539666748825,683.3864020513438
26.68987505501571,35.727008994423564
26.69921044328259,110.75113292135934
26.708545831549472,1929.7481711197618
26.717881219816352,69.32073439904615
26.727216608083236,33.4112531958052
26.736551996350116,348.9497708288178
26.745887384617,937.9867977119344
26.75522277288388,261.44420791014085
26.764558161150763,19.122496206427193
26.773893549417643,1114.0454580120227
26.783228937684527,131.89297645954662
26.79256432595141,560.8596135475145
26.80189971421829,938.4120108521055
26.811235102485174,24.27825097418462
26.820570490752054,230.85674120890855
26.829905879018938,367.77157822570393
26.839241267285818,38.70219037783852
26.8485766555527,37.826024178245625
26.85791204381958,18.980962868116798
26.867247432086465,157.3963974100918
26.87658282035335,190.1394182099973
26.88591820862023,308.17288456030013
26.895253596887112,337.1041657847253
26.904588985153993,68.10146167552078
26.913924373420876,1769.7304695212238
26.923259761687756,603.4835992436014
26.93259514995464,444.73172255119584
26.94193053822152,336.9164138117879
26.951265926488404,992.5849047561182
26.960601314755284,882.1836262186404
26.969936703022167,92.17664413320315
26.97927209128905,1190.622171674673
26.98860747955593,112.28805044030364
26.997942867822815,483.82786652192596
27.007278256089695,152.2377100659889
27.01661364435658,614.2247677281784
27.02594903262346,731.2701544064878
27.035284420890342,59.70938843978124
27.044619809157222,212.70473311891013
27.053955197424106,175.48656096191263
27.06329058569099,56.892722645183895
27.07262597395787,286.64058069385425
27.081961362224753,57.8309909596756
27.091296750491633,150.03775691141234
27.100632138758517,164.84371739606246
27.109967527025397,91.03041091463989
27.11930291529228,105.33410718291846
27.12863830355916,1436.673725372243
27.137973691826044,600.4955393346738
27.147309080092924,1052.118907689117
27.156644468359808,1940.6555972148765
27.16597985662669,567.1174339897983
27.17531524489357,956.1253655213566
27.184650633160455,1465.3095249327966
27.193986021427335,630.0712953818713
27.20332140969422,254.69952542915107
27.2126567979611,341.7349588619691
27.221992186227983,316.8282121697286
27.231327574494863,722.909084130137
27.240662962761746,114.04461170524178
27.249998351028626,445.25704730822764
27.25933373929551,1090.068235709971
27.268669127562394,50.22439505984567
27.278004515829274,293.202553508289
27.287339904096157,551.7451282292126
27.296675292363037,354.9413476558347
27.30601068062992,205.75808624652421
27.3153460688968,314.50374220563583
27.324681457163685,476.69393979730717
27.334016845430565,189.42826508835844
27.34335223369745,82.97614491481691
27.352687621964332,114.61286368582675
27.362023010231212,492.0458910305151
27.371358398498096,1055.2553119540614
27.380693786764976,440.8123578134827
27.39002917503186,190.22065105920078
27.39936456329874,187.85327141805328
27.408699951565623,226.10402754099002
27.418035339832503,383.2401268416253
27.427370728099387,389.8853323375505
27.436706116366267,244.21430838635413
27.44604150463315,88.80879062311914
27.455376892900034,180.9465544623807
27.464712281166914,212.01989795412447
27.474047669433798,240.34739263124297
27.483383057700678,571.890644786509
27.49271844596756,55.662787807286705
27.50205383423444,614.7105316385092
27.511389222501325,510.6307923178695
27.520724610768205,118.85296973192148
27.53005999903509,1200.0048554594277
27.53939538730197,1264.7251479021159
27.548730775568853,1033.257742428844
27.558066163835736,1704.548174818415
27.567401552102616,15.703078223872676
27.5767369403695,504.3884617819442
27.58607232863638,64.24911130727877
27.595407716903264,1870.6148966072708
27.604743105170144,164.77467722789498
27.614078493437027,1009.3585835569731
27.623413881703907,417.3432105973711
27.63274926997079,685.2365601691362
27.642084658237675,36.042212217129475
27.651420046504555,278.50737803409595
27.66075543477144,286.75397177433615
27.67009082303832,213.96371879052114
27.679426211305202,150.24301514403894
27.688761599572082,434.4588891311533
27.698096987838966,639.9787372967864
27.707432376105846,1094.9543529204007
27.71676776437273,290.324844443289
27.72610315263961,361.53063352109456
27.735438540906493,880.9233201729509
27.744773929173377,26.446451847021894
27.754109317440257,475.90519470648525
27.76344470570714,957.1993420201035
27.77278009397402,237.50553288292957
27.782115482240904,582.0853376077097
27.791450870507784,369.3435019340193
27.800786258774668,1182.1606687388924
27.810121647041548,163.53516782646827
27.81945703530843,82.98832714710733
27.828792423575315,702.7391506815746
27.838127811842195,999.6530357889873
27.84746320010908,346.5315275764932
27.85679858837596,38.89317132836368
27.866133976642843,1412.2411002594863
27.875469364909723,18.904312460651663
27.884804753176606,99.19800518522206
27.894140141443486,498.2778262988574
27.90347552971037,301.68236108415454
27.91281091797725,652.2196159565308
27.922146306244134,113.2786239979001
27.931481694511017,943.0309445248113
27.940817082777897,370.9264097537552
27.95015247104478,123.01602204235684
27.95948785931166,1335.6391890661573
27.968823247578545,846.1978483758113
27.978158635845425,16.207958731355372
27.98749402411231,1599.5803551525864
27.99682941237919,11.825779143950314
28.006164800646072,575.866084618207
28.015500188912952,413.34618928874517
28.024835577179836,487.6147483264706
28.03417096544672,519.9416393021754
28.0435063537136,496.8841604346104
28.052841741980483,49.894109325223
28.062177130247363,40.94862223857321
28.071512518514247,251.37114483767542
28.080847906781127,188.9736824731484
28.09018329504801,63.79493639974578
28.09951868331489,110.94682967165463
28.108854071581774,201.04778984042355
28.118189459848658,158.40889869299284
28.127524848115538,1009.2278115820881
28.13686023638242,186.54232699020525
28.1461956246493,347.4044873010743
28.155531012916185,817.8121204623826
28.164866401183065,119.48375022520098
28.17420178944995,465.81051234873826
28.18353717771683,548.6184671732991
28.192872565983713,673.5747477937788
28.202207954250593,126.01765736503056
28.211543342517476,46.84682937180506
28.22087873078436,1559.6406642288418
28.23021411905124,88.73985013182298
28.239549507318124,833.4035812822137
28.248884895585004,238.34990098555477
28.258220283851887,257.8614447721475
28.267555672118768,373.353395975178
28.27689106038565,1251.529649010018
28.28622644865253,159.56117379001694
28.295561836919415,963.1225221834057
28.304897225186295,1714.6174012785398
28.31423261345318,701.23043792166
28.323568001720062,897.1802694095874
28.332903389986942,754.0423550634218
28.342238778253826,400.39012584072975
28.351574166520706,221.49218996761516
28.36090955478759,187.0347775957035
28.37024494305447,95.87766968106534
28.379580331321353,1.346712140933119
28.388915719588233,148.52526004391137
28.398251107855117,82.57590015947679
28.407586496122,97.15561492535477
28.41692188438888,140.04766135286013
28.426257272655764,181.58521755660112
28.435592660922644,93.91038288766055
28.444928049189528,96.7681922051855
28.454263437456408,91.69281080311262
28.46359882572329,177.05868047945395
28.47293421399017,424.30710874253634
28.482269602257055,381.6035976610847
28.491604990523935,158.3678258922631
28.50094037879082,295.2259261291676
28.510275767057703,82.94799708386228
28.519611155324583,150.65680092216306
28.528946543591466,196.3045001373764
28.538281931858346,35.938375171804594
28.54761732012523,61.25424221677962
28.55695270839211,388.2796402025485
28.566288096658994,397.50860314091545
28.575623484925874,83.93992283023898
28.584958873192758,294.04001822634757
28.59429426145964,239.1174959598097
28.60362964972652,12.157970258447243
28.612965037993405,377.10171178090013
28.622300426260285,600.2195377621736
28.63163581452717,394.91451291110957
28.64097120279405,349.89102000021376
28.650306591060932,425.3117742204821
28.659641979327812,771.5958179141119
28.668977367594696,72.97511540880966
28.678312755861576,204.34091469227187
28.68764814412846,6.836104627377352
28.696983532395343,160.88405453625168
28.706318920662223,198.74489075197295
28.715654308929107,125.27154823951075
28.724989697195987,20.755665882714762
28.73432508546287,22.76843114540237
28.74366047372975,381.59595803290443
28.752995861996634,106.34935039423992
28.762331250263514,197.54471353180807
28.771666638530398,345.088474607607
28.781002026797278,9.023531142651725
28.79033741506416,50.84832530373378
28.799672803331045,265.49533310167044
28.809008191597925,223.63529248295927
28.81834357986481,62.44350817347329
28.82767896813169,66.61560832380744
28.837014356398573,479.9343163453833
28.846349744665453,323.7241846429457
28.855685132932337,434.87782290428214
28.865020521199217,116.78387469521151
28.8743559094661,120.38428551417601
28.883691297732984,91.03305692715182
28.893026685999864,67.29059223312365
28.902362074266748,2.1733070953946414
28.911697462533628,161.50083867973729
28.92103285080051,694.5658227733786
28.93036823906739,738.6162019647636
28.939703627334275,323.197563701427
28.949039015601155,294.0983031063372
28.95837440386804,99.84219092923296
28.96770979213492,159.88224023843878
28.977045180401802,61.42253945998756
28.986380568668686,101.79012412199309
28.995715956935566,52.49830869690565
29.00505134520245,29.655903156772226
29.01438673346933,278.2498756350062
29.023722121736213,45.80913542214749
29.033057510003093,735.9946119211494
29.042392898269977,834.4891855073893
29.051728286536857,58.826980580049856
29.06106367480374,400.5512888963551
29.070399063070624,29.825132214936236
29.079734451337504,377.1280579490556
29.089069839604388,244.8617977933759
29.098405227871268,316.1722013716096
29.107740616138152,1049.9192744950549
29.117076004405032,249.62377274925763
29.126411392671915,871.3865639859399
29.135746780938796,521.4670829220548
29.14508216920568,111.39314693499746
29.15441755747256,452.46081022537936
29.163752945739443,165.25212106823048
29.173088334006327,803.3331184977602
29.182423722273207,264.2736536533748
29.19175911054009,175.8910334413928
29.20109449880697,148.86113903749148
29.210429887073854,448.24221411662916
29.219765275340734,385.8338623263123
29.229100663607618,260.8204652765529
29.238436051874498,84.10346239530818
29.24777144014138,352.9166167362042
29.25710682840826,304.44332643772753
29.266442216675145,787.243055409545
29.27577760494203,492.01114892514875
29.28511299320891,505.5757312989443
29.294448381475792,133.17808190223118
29.303783769742672,198.0238201162579
29.313119158009556,144.23684834665195
29.322454546276436,117.70776786416982
29.33178993454332,506.08206035824924
29.3411253228102,81.00329816135813
29.350460711077083,37.109926049677696
29.359796099343967,15.45041167687296
29.369131487610847,310.82132992205595
29.37846687587773,286.41575710627137
29.38780226414461,493.99971542136086
29.397137652411494,102.60694639352519
29.406473040678375,523.5866931655027
29.415808428945258,29.833699077892486
29.42514381721214,103.28457666929303
29.434479205479022,25.91952227261024
29.443814593745902,273.63181450362885
29.453149982012786,155.09894981554845
29.46248537027967,95.07264638532791
29.47182075854655,244.42975541830307
29.481156146813433,267.6003015926466
29.490491535080313,343.22534568887323
29.499826923347197,1.8434246921137223
29.509162311614077,105.15005565980195
29.51849769988096,123.96834886694884
29.52783308814784,1288.4082134222497
29.537168476414724,501.150870790172
29.546503864681604,278.15671962841174
29.555839252948488,987.6951603851129
29.56517464121537,759.6835406985309
29.57451002948225,289.84292399073155
29.583845417749135,1075.2282125166926
29.593180806016015,394.9226608783741
29.6025161942829,17.355893485108325
29.61185158254978,57.54632160337435
29.621186970816662,165.92805573414546
29.630522359083542,1082.876487198714
29.639857747350426,509.9817057368411
29.64919313561731,588.6070419032873
29.65852852388419,1597.228013109763
29.667863912151073,137.29065917437805
29.677199300417954,1108.8535348511025
29.686534688684837,726.3204680423764
29.695870076951717,459.43259646273333
29.7052054652186,383.5559357132014
29.71454085348548,437.17819371281706
29.723876241752365,1735.8591339218367
29.733211630019245,104.63881699287909
29.74254701828613,601.0694929708964
29.751882406553012,1170.111036578057
29.761217794819892,21.22726241286772
29.770553183086776,285.12431508918434
29.779888571353656,159.8770991762803
29.78922395962054,593.0050738680476
29.79855934788742,1083.2313846447698
29.807894736154303,8.336490845762095
29.817230124421183,453.0719584078047
29.826565512688067,385.1762846150841
29.83590090095495,517.0563426684351
29.84523628922183,31.03381632126259
29.854571677488714,26.118705045957967
29.863907065755594,530.520056206419
29.873242454022478,20.967759576700214
29.882577842289358,441.59703784815014
29.89191323055624,170.891211966891
29.90124861882312,79.56783782068209
29.910584007090005,278.12910701518905
29.919919395356885,140.12785220611
29.92925478362377,91.83608016401534
29.938590171890652,1286.247029690462
29.947925560157532,620.1427285530207
29.957260948424416,1221.672865947963
29.966596336691296,606.6097034800706
29.97593172495818,190.44383418134254
29.98526711322506,1425.0212522156019
29.994602501491944,454.71619793368393
30.003937889758824,167.51707455187994
30.013273278025707,791.1294283443318
30.022608666292587,1281.9162777974686
30.03194405455947,63.781331877960255
30.041279442826355,666.7564885633899
30.050614831093235,659.3399469996842
30.05995021936012,540.4188067959591
30.069285607627,279.9594901527011
30.078620995893882,359.4614106460383
30.087956384160762,933.9310638439989
30.097291772427646,772.8223247698471
30.106627160694526,491.0819185538839
30.11596254896141,570.3920202356547
30.125297937228293,2294.989953106887
30.134633325495173,846.7882926569857
30.143968713762057,289.41597066613633
30.153304102028937,2195.431161999017
30.16263949029582,255.7138936522235
30.1719748785627,72.33365503649226
30.181310266829584,170.35073410120904
30.190645655096464,781.262504613562
30.199981043363348,2239.48519704813
30.209316431630228,594.5480451674993
30.21865181989711,1333.5352401177277
30.227987208163995,1442.228208846757
30.237322596430875,61.45356736599968
30.24665798469776,300.9351922731598
30.25599337296464,137.53425595950364
30.265328761231522,288.89367713609545
30.274664149498403,101.83146351220034
30.283999537765286,64.91145466180346
30.293334926032166,627.4902607849772
30.30267031429905,15.892641132498612
30.31200570256593,125.46732885621961
30.321341090832814,788.4942046294651
30.330676479099697,215.31083539197428
30.340011867366577,91.02737881064591
30.34934725563346,275.04406045194713
30.35868264390034,109.40128128564311
30.368018032167225,25.949273013159477
30.377353420434105,463.65131396478426
30.38668880870099,248.78957318751526
30.39602419696787,18.000658625494406
30.405359585234752,489.0555522383896
30.414694973501636,704.847109873316
30.424030361768516,31.918524644491225
30.4333657500354,401.1908863111797
30.44270113830228,2005.1518674174054
30.452036526569163,148.0918490181383
30.461371914836043,225.27067407225695
30.470707303102927,1888.5076594877942
30.480042691369807,2457.683748748432
30.48937807963669,139.54556545684275
30.49871346790357,103.12888346268795
30.508048856170454,1298.056484860864
30.517384244437338,929.3375057452333
30.526719632704218,369.8629564011885
30.5360550209711,157.96003932530073
30.54539040923798,1520.5407636205114
30.554725797504865,331.43880722301253
30.564061185771745,268.03365931822964
30.57339657403863,294.01893377193517
30.58273196230551,9.464669075560856
30.592067350572393,232.7510416520508
30.601402738839276,1194.0165897880613
30.610738127106156,424.6811508647861
30.62007351537304,368.46320400315824
30.62940890363992,577.7076638699327
30.638744291906804,175.9549556017973
30.648079680173684,439.63709700922306
30.657415068440567,604.6923821204189
30.666750456707447,146.66675794228854
30.67608584497433,348.07486529699077
30.68542123324121,83.05107998134396
30.694756621508095,23.010294695488035
30.70409200977498,112.93839699740434
30.71342739804186,51.899810006850856
30.722762786308742,17.024732009366716
30.732098174575622,65.40097188044014
30.741433562842506,529.1550500029088
30.750768951109386,140.5926762530407
30.76010433937627,145.53100694363889
30.76943972764315,63.15212300040309
30.778775115910033,319.8349958472218
30.788110504176913,199.32113554386473
30.797445892443797,294.0642045787243
30.80678128071068,110.4872687102163
30.81611666897756,53.2884651602258
30.825452057244444,409.36325021164686
30.834787445511324,759.5044730709812
30.844122833778208,522.8277118241489
30.853458222045088,424.7444616066647
30.86279361031197,103.39544556492451
30.87212899857885,241.1429475140557
30.881464386845735,164.4416340906065
30.89079977511262,155.79112122960552
30.9001351633795,545.4870134905013
30.909470551646383,29.32833292592083
30.918805939913263,174.7636163844244
30.928141328180146,796.7765281891898
30.937476716447026,109.16704792063783
30.94681210471391,214.3611023034134
30.95614749298079,354.7366669663423
30.965482881247674,779.1449272635429
30.974818269514554,383.9963249662321
30.984153657781437,24.12466566153643
30.99348904604832,2957.552128798304
31.0028244343152,852.6606480809786
31.012159822582085,655.5121323308114
31.021495210848965,3631.9484912749213
31.03083059911585,104.91711872610308
31.04016598738273,402.69483198345756
31.049501375649612,370.49118404518356
31.058836763916492,773.5915220388788
31.068172152183376,193.45092298481356
31.077507540450256,175.00700055371559
31.08684292871714,520.6328932616062
31.096178316984023,50.64446700047852
31.105513705250903,0.11688126137539424
31.114849093517787,61.30243148647141
31.124184481784667,69.48197182590607
31.13351987005155,16.19475528804298
31.14285525831843,326.252271406583
31.152190646585314,255.00947433360432
31.161526034852194,185.33488863102818
31.170861423119078,898.8657578000614
31.18019681138596,75.691325106656
31.18953219965284,101.24069758295184
31.198867587919725,160.23212289373146
31.208202976186605,1748.3208369738807
31.21753836445349,770.8827300590741
31.22687375272037,173.29341425766785
31.236209140987253,234.48871495793858
31.245544529254133,299.1260733961214
31.254879917521016,64.17606767949043
31.264215305787896,116.8780505736391
31.27355069405478,1834.6847766439002
31.282886082321664,459.97408640155544
31.292221470588544,1741.475529269608
31.301556858855427,1201.212277696413
31.310892247122307,212.85830266502418
31.32022763538919,1.7613115078510613
31.32956302365607,1431.2493027800767
31.338898411922955,789.702529552451
31.348233800189835,232.74252135989465
31.35756918845672,564.3237459661015
31.366904576723602,473.6059724714212
31.376239964990482,10.63706396968795
31.385575353257366,584.5796039335971
31.394910741524246,455.6995592908084
31.40424612979113,641.1915695169237
31.41358151805801,633.9143989606786
31.422916906324893,561.5939593235162
31.432252294591773,199.76508679210522
31.441587682858657,1236.4314134834167
31.450923071125537,2018.829754349139
31.46025845939242,393.22169573922434
31.469593847659304,543.7529093927842
31.478929235926184,754.4734900581583
31.488264624193068,1648.3486934454938
31.497600012459948,388.8931389812865
31.50693540072683,398.5863089460383
31.51627078899371,1057.0932336383778
31.525606177260595,14.298844355339032
31.534941565527475,432.2622246862581
31.54427695379436,563.9333563301248
31.55361234206124,78.57559253681673
31.562947730328123,313.02079115499686
31.572283118595006,273.9474475356373
31.581618506861886,3.170803931676588
31.59095389512877,259.57708424303746
31.60028928339565,59.982410327468855
31.609624671662534,14.60286581372316
31.618960059929414,154.98268056924434
31.628295448196297,214.74396901614716
31.637630836463178,379.05059953136754
31.64696622473006,55.3537711075055
31.656301612996945,1177.887602365709
31.665637001263825,309.9100214303941
31.67497238953071,455.9968899764206
31.68430777779759,1114.8974188896725
31.693643166064472,970.1581103208435
31.702978554331352,1540.1429393725712
31.712313942598236,517.6617803254426
31.721649330865116,862.6107291231439
31.730984719132,704.2053516873875
31.74032010739888,360.9276879193443
31.749655495665763,659.2121899833011
31.758990883932647,98.4524515102549
31.768326272199527,1205.9090080702742
31.77766166046641,96.16587037914637
31.78699704873329,332.68702350667894
31.796332437000174,528.805753718192
31.805667825267054,489.5779727925028
31.815003213533938,388.4734465969834
31.824338601800818,173.96205098070254
31.8336739900677,209.66891238951717
31.843009378334585,437.8261001456305
31.852344766601465,204.55377616046292
31.86168015486835,657.1903677392306
31.87101554313523,1068.7435455946022
31.880350931402113,816.105155611854
31.889686319668993,941.1235340022687
31.899021707935876,267.5058350250317
31.908357096202757,63.48028778007158
31.91769248446964,2411.4762228557665
31.92702787273652,128.4769912821995
31.936363261003404,235.0099496013304
31.945698649270287,2250.515431293706
31.955034037537168,464.63396268010825
31.96436942580405,354.3517398553586
31.97370481407093,1308.096838981731
31.983040202337815,591.4919594873182
31.992375590604695,98.84063676768443
32.00171097887158,130.74790214081415
32.01104636713846,267.042219871766
32.02038175540534,134.67353681409236
32.02971714367222,28.0393420393806
32.039052531939106,0.1638666247352838
32.04838792020599,71.00754503407755
32.05772330847287,64.9058589951669
32.06705869673975,6.014926351132401
32.07639408500663,158.92606306322799
32.08572947327352,56.01169267274467
32.0950648615404,40.28024057206168
32.10440024980728,451.4685730381322
32.11373563807416,113.19625898965228
32.123071026341044,0.2310218250842022
32.13240641460793,373.69542351578815
32.14174180287481,159.09808849158722
32.15107719114169,66.87482659435737
32.16041257940857,795.4153263836519
32.169747967675455,372.7463584248747
32.17908335594234,227.2968166353443
32.188418744209216,220.8624961159323
32.1977541324761,1150.8556105574025
32.20708952074298,159.19852852023973
32.216424909009866,122.61095959690431
32.22576029727675,578.692330915743
32.23509568554363,77.26815749556492
32.24443107381051,686.5347929476858
32.253766462077394,11.515777332559034
32.26310185034428,349.6196314577088
32.272437238611154,737.2724525675003
32.28177262687804,28.887719495162276
32.29110801514492,28.703235715489043
32.300443403411805,894.7202344163203
32.30977879167868,24.753320845823477
32.319114179945565,64.21879697790163
32.32844956821245,520.738830291052
32.33778495647933,6.515495630436178
32.347120344746216,343.2520023584912
32.35645573301309,637.0157084212403
32.365791121279976,44.74631050808348
32.37512650954686,143.9177040577785
32.38446189781374,37.105181884211774
32.39379728608062,128.17245183078586
32.4031326743475,301.0201300847575
32.41246806261439,561.5633087020875
32.42180345088127,470.1138773915148
32.431138839148154,444.6957790668753
32.44047422741503,1053.8723668172056
32.449809615681914,2583.920620823178
32.4591450039488,953.8037604569321
32.46848039221568,218.69429702781048
32.47781578048256,2419.5212182606974
32.48715116874944,374.63267275139907
32.496486557016325,1110.7220216988837
32.50582194528321,3061.3317214727444
32.51515733355009,630.7174998239751
32.52449272181697,1540.5405053424097
32.53382811008385,391.08821393963524
32.54316349835074,1247.1521768372766
32.55249888661762,2681.9488896139346
32.5618342748845,513.246155030092
32.57116966315138,1468.361869177058
32.580505051418264,1010.401615903175
32.58984043968515,606.5164269436596
32.599175827952024,235.66528673024064
32.60851121621891,432.28318313837343
32.61784660448579,1765.2887435597645
32.627181992752675,544.1947568503283
32.63651738101956,160.20029012532476
32.645852769286435,197.74689773160355
32.65518815755332,988.361143886495
32.6645235458202,236.07922977805822
32.673858934087086,158.77084106002826
32.68319432235396,475.7114966187813
32.692529710620846,318.7254606520029
32.70186509888773,361.4891539839326
32.71120048715461,218.24472552899758
32.7205358754215,292.10961274235234
32.72987126368837,534.915290078371
32.73920665195526,110.94521370852233
32.74854204022214,1008.6206562078479
32.757877428489024,601.6912236462106
32.7672128167559,1203.7449174468009
32.776548205022785,1347.3909642570152
32.78588359328967,742.9660175472566
32.79521898155655,878.8713315693617
32.804554369823435,960.6121540754616
32.81388975809031,76.5967716679859
32.823225146357196,794.1416730997964
32.83256053462408,298.54865270837246
32.84189592289096,788.4393862094054
32.85123131115784,878.263460257957
32.86056669942472,2105.96625382344
32.86990208769161,64.79402646976122
32.87923747595849,260.7028496684668
32.88857286422537,1240.1931783275004
32.89790825249225,484.12150476800673
32.907243640759134,172.60665813248625
32.91657902902602,327.80207961114877
32.9259144172929,0.09656939020342609
32.93524980555978,231.05260168806868
32.94458519382666,1566.1404918844285
32.953920582093545,797.8134193990866
32.96325597036043,298.4594478643609
32.972591358627305,1617.3102391848295
32.98192674689419,248.83977760023694
32.99126213516107,194.38582930287606
33.000597523427956,689.7828100838717
33.00993291169484,206.49880265456636
33.019268299961716,1024.8163464147035
33.0286036882286,428.5900391573896
33.03793907649548,1245.3341026457585
33.04727446476237,652.1962243453837
33.056609853029244,197.71304337034985
33.06594524129613,1117.9959835319394
33.07528062956301,130.0205405922113
33.084616017829894,798.5224648064938
33.09395140609678,447.69358904457266
33.103286794363655,1115.2562838349284
33.11262218263054,356.3391599724002
33.12195757089742,80.18369044652086
33.131292959164306,587.1419833826768
33.14062834743118,96.2143804791621
33.149963735698066,129.9933004286371
33.15929912396495,474.7239911975807
33.16863451223183,440.0489461471851
33.17796990049871,80.13221095362799
33.18730528876559,371.87034992180503
33.19664067703248,163.78802906054773
33.20597606529936,782.3068096628454
33.215311453566244,753.7884343026127
33.22464684183312,286.6354170867065
33.233982230100004,783.6310440282707
33.24331761836689,514.620441554289
33.25265300663377,745.1279607599874
33.26198839490065,225.14023833112245
33.27132378316753,303.67971261838755
33.280659171434415,675.827954071401
33.2899945597013,472.80202284370176
33.29932994796818,134.43264817248496
33.30866533623506,30.107243685747886
33.31800072450194,132.16281711367077
33.327336112768826,396.69479887938934
33.33667150103571,8.24999281661267
33.346006889302586,33.83436920822142
33.35534227756947,26.38725426281002
33.36467766583635,220.1299757660075
33.37401305410324,5.299467362698165
33.38334844237012,0.46145766654068043
33.392683830637,11.250045398935324
33.40201921890388,744.6797185572674
33.411354607170765,409.43313511761227
33.42068999543765,261.4539698840791
33.430025383704525,682.330190434334
33.43936077197141,264.3548824594802
33.44869616023829,53.547578224740946
33.458031548505176,2.6198197408709465
33.46736693677206,478.7282812719718
33.476702325038936,576.6844147334783
33.48603771330582,47.70622554824202
33.4953731015727,201.9373719250082
33.50470848983959,88.25568391139963
33.51404387810646,321.1424231699286
33.52337926637335,657.2065241866534
33.53271465464023,108.25628160144794
33.542050042907114,144.8242627375599
33.55138543117399,1558.768570050241
33.560720819440874,39.78414745925814
33.57005620770776,87.63111197308224
33.57939159597464,1047.0079175944313
33.588726984241525,131.72666846648826
33.5980623725084,75.5618688964389
33.607397760775285,1869.7265355566126
33.61673314904217,256.5824678695384
33.62606853730905,980.7302934891753
33.63540392557593,1970.5827391298894
33.64473931384281,240.91494610552033
33.654074702109696,812.7309905410142
33.66341009037658,78.31829694860446
33.67274547864346,388.5724253105354
33.68208086691034,67.42286171609115
33.691416255177224,352.97389407802393
33.70075164344411,68.02010235609112
33.71008703171099,28.223487575128985
33.71942241997787,109.16221443965671
33.72875780824475,325.76274767630815
33.738093196511635,859.2232037436038
33.74742858477852,57.16968382609163
33.7567639730454,187.55063321965528
33.76609936131228,607.4778061285756
33.77543474957916,275.92677940579927
33.784770137846046,114.78487595667575
33.79410552611293,21.494994673792764
33.803440914379806,314.32264221282605
33.81277630264669,35.22784622504927
33.82211169091357,784.5393977320547
33.83144707918046,331.236130280752
33.84078246744733,314.49858353414555
33.85011785571422,576.1550086630825
33.8594532439811,390.43128078253244
33.868788632247984,204.1390735177702
33.87812402051487,200.27521211411536
33.887459408781744,1501.716008819217
33.89679479704863,121.61927221269461
33.90613018531551,51.647183766886215
33.915465573582395,294.5461360189875
33.92480096184927,213.95075336597804
33.934136350116155,141.30497577295495
33.94347173838304,593.722468679273
33.95280712664992,41.76682794349724
33.962142514916806,33.88505179446655
33.97147790318368,3.0447945769684313
33.980813291450566,602.7097961399004
33.99014867971745,277.23333809737943
33.99948406798433,125.59739452931011
34.00881945625121,181.8976645540702
34.018154844518094,69.54745549939089
34.02749023278498,408.43733254660134
34.03682562105186,1062.132895663996
34.046161009318745,596.3264171244557
34.05549639758562,1139.0938490553965
34.064831785852505,574.9260757576844
34.07416717411939,214.79556336380114
34.08350256238627,128.61869193457338
34.09283795065315,57.30500036592253
34.10217333892003,108.76968934059435
34.111508727186916,118.81689880842124
34.1208441154538,47.16879360039201
34.130179503720676,441.8810315530137
34.13951489198756,29.104856953710627
34.14885028025444,41.52043346320161
34.15818566852133,886.7074931424559
34.16752105678821,16.058072665873585
34.17685644505509,180.78134144924152
34.18619183332197,237.69094188125374
34.195527221588854,222.26951354646866
34.20486260985574,33.184086853392806
34.214197998122614,463.7689529116601
34.2235333863895,115.47653784605448
34.23286877465638,68.556742087846
34.242204162923265,149.40501250345162
34.25153955119015,128.87160937832363
34.260874939457025,53.92447226953876
34.27021032772391,289.2362732822571
34.27954571599079,39.216809907343155
34.288881104257676,232.56796693507422
34.29821649252455,369.85018558483887
34.307551880791436,778.8169139511136
34.31688726905832,44.34895860350238
34.326222657325204,78.43768593820799
34.33555804559209,721.690048742901
34.344893433858964,259.5350493212071
34.35422882212585,8.661704813971765
34.36356421039273,339.40768829031816
34.372899598659615,166.96418526965056
34.38223498692649,270.25791194042534
34.391570375193375,526.74183935166
34.40090576346026,36.340090973815414
34.41024115172714,326.0807615513882
34.41957653999402,619.182072456622
34.4289119282609,126.77428236818713
34.438247316527786,844.7497202066784
34.44758270479467,436.8505977005334
34.45691809306155,38.64213124630735
34.46625348132843,47.503859817355504
34.47558886959531,454.39230461527194
34.4849242578622,437.39344370060525
34.49425964612908,1122.4887936746404
34.50359503439596,1029.8824606625371
34.51293042266284,888.8512865603376
34.522265810929724,298.90986039840476
34.53160119919661,109.13572277761064
34.54093658746349,199.15628036705996
34.55027197573037,953.2920416013887
34.55960736399725,1814.4017173412733
34.568942752264135,382.21124384616013
34.57827814053102,677.9906737137612
34.587613528797895,136.41113775129378
34.59694891706478,623.3475737475699
34.60628430533166,25.69019828346933
34.615619693598546,285.714590307721
34.62495508186543,442.30815986338825
34.634290470132306,20.436275763222472
34.64362585839919,709.7413079146417
34.652961246666074,779.6820179747896
34.66229663493296,227.36835588664658
34.671632023199834,2263.357571441929
34.68096741146672,1238.666347210507
34.6903027997336,74.26039094184068
34.699638188000485,661.518694298695
34.70897357626736,358.3866435533144
34.718308964534245,1201.6788906429829
34.72764435280113,547.1124225563186
34.73697974106801,149.6586706565255
34.746315129334896,2051.1355759512503
34.75565051760177,352.47018037736314
34.764985905868656,166.99607082985975
34.77432129413554,676.1732239175581
34.78365668240242,2890.658495959607
34.7929920706693,1141.1066821837242
34.80232745893618,802.6797257332532
34.81166284720307,5795.238046184649
34.82099823546995,887.3057824695526
34.830333623736834,233.2058498854948
34.83966901200371,1016.9895067028066
34.849004400270594,776.5590293012543
34.85833978853748,56.37869400924175
34.86767517680436,88.25805597091917
34.87701056507124,1305.0068164751851
34.88634595333812,365.43904022427125
34.895681341605005,257.65381771951013
34.90501672987189,534.3458209571058
34.91435211813877,339.1232169301595
34.92368750640565,87.36119253378071
34.93302289467253,267.74475433651344
34.942358282939416,1070.020675536521
34.9516936712063,367.634180144894
34.96102905947318,296.40123762346695
34.97036444774006,102.08683078538904
34.979699836006944,14.452825294464853
34.98903522427383,66.58470783567152
34.99837061254071,39.596560847973144
35.00770600080759,15.798342679135425
35.01704138907447,10.468735257462221
35.026376777341355,286.8707749855198
35.03571216560824,729.0764615396287
35.045047553875115,158.61454753451278
35.054382942142,601.630575665343
35.06371833040888,341.20124770625335
35.073053718675766,156.12622265411326
35.08238910694264,55.21363616503143
35.091724495209526,313.30992653671115
35.10105988347641,548.1049703684652
35.11039527174329,32.581375461003
35.11973066001018,213.52724497162902
35.12906604827705,37.969808577564685
35.13840143654394,59.60936603409269
35.14773682481082,117.74490077028639
35.157072213077704,18.71379977530195
35.16640760134458,240.16479852145366
35.175742989611464,99.18579249711068
35.18507837787835,8.869604278441683
35.19441376614523,443.42282144639694
35.203749154412115,456.56931569778294
35.21308454267899,4.159036867004406
35.222419930945875,355.5062605112768
35.23175531921276,810.6752417288527
35.24109070747964,74.94792930642262
35.25042609574652,116.42860768879227
35.2597614840134,1289.1394336833441
35.26909687228029,74.18922812930005
35.27843226054717,79.54901470210066
35.287767648814054,897.086079303587
35.29710303708093,525.3070129321912
35.306438425347814,168.1211874090866
35.3157738136147,139.47165914368276
35.32510920188158,498.6286594993889
35.33444459014846,155.79954731279344
35.34377997841534,46.033236478978814
35.353115366682225,229.47172672879555
35.36245075494911,151.8588914898342
35.371786143215985,67.8733974190791
35.38112153148287,142.62405063124436
35.39045691974975,423.49510789109314
35.399792308016636,369.1621560229847
35.40912769628352,185.32468512296322
35.418463084550396,260.2672657431549
35.42779847281728,905.3875399177579
35.43713386108416,545.3315973019403
35.44646924935105,756.1959977667913
35.45580463761792,305.4021059301988
35.46514002588481,1204.893171093075
35.47447541415169,167.5252008850941
35.483810802418574,49.94834972762724
35.49314619068546,744.697993152203
35.502481578952334,217.53193093594496
35.51181696721922,362.24789405186027
35.5211523554861,687.137228997663
35.530487743752985,67.5212681908027
35.53982313201986,258.10429824308386
35.549158520286745,31.89673157193985
35.55849390855363,674.2015156463046
35.56782929682051,738.4872651713875
35.577164685087396,43.562689754409526
35.58650007335427,10.451051941118338
35.59583546162116,234.655392427008
35.60517084988804,1716.6436799236574
35.614506238154924,430.57738985904246
35.6238416264218,261.6872072404426
35.633177014688684,1314.020107570621
35.64251240295557,4.367266458982028
35.65184779122245,45.22271818210366
35.66118317948933,686.3768310139318
35.67051856775621,94.58901588864448
35.679853956023095,6.2523640332864945
35.68918934428998,107.83909798136526
35.69852473255686,673.8467182313074
35.70786012082374,88.45808902161902
35.71719550909062,22.035841491542982
35.726530897357506,446.70732013648126
35.73586628562439,9.76393267080449
35.745201673891266,127.7749682917627
35.75453706215815,292.96341569325733
35.76387245042503,144.43640819207707
35.77320783869192,12.7610814703016
35.7825432269588,220.92104285736022
35.79187861522568,431.8542487358565
35.80121400349256,1.2423471603388172
35.810549391759444,148.98835994535375
35.81988478002633,61.22690727161503
35.829220168293205,233.8296744753256
35.83855555656009,108.4730569626058
35.84789094482697,69.58342973244913
35.857226333093855,540.2538249094421
35.86656172136074,353.82432307094587
35.875897109627616,1008.7790407025293
35.8852324978945,1191.9999203498903
35.89456788616138,701.2629389134433
35.90390327442827,722.1851046184595
35.91323866269514,491.68808589286226
35.92257405096203,542.9887490050234
35.93190943922891,223.88850794201716
35.941244827495794,125.87916910574657
35.95058021576267,603.7453014455225
35.959915604029554,181.73534489997974
35.96925099229644,134.84839066008877
35.97858638056332,341.1842942618407
35.987921768830205,29.496595033941396
35.99725715709708,82.95897991827368
36.006592545363965,454.4435188817216
36.01592793363085,63.164450311698936
36.02526332189773,41.123713574653785
36.03459871016461,176.61837315867788
36.04393409843149,51.83347932832917
36.053269486698376,484.29655873938276
36.06260487496526,39.79074766468076
36.07194026323214,71.76110433402059
36.08127565149902,91.45119328723332
36.0906110397659,143.14017749839522
36.09994642803279,139.56165661758735
36.10928181629967,290.9927240728349
36.11861720456655,33.235735625791094
36.12795259283343,82.88438757495233
36.137287981100314,171.3667209723453
36.1466233693672,61.67601431612471
36.15595875763408,47.16898819353096
36.16529414590096,16.082316504122385
36.17462953416784,109.10808666893645
36.183964922434726,73.53848308867397
36.19330031070161,24.270851309726094
36.202635698968486,256.57560691393286
36.21197108723537,304.42756127108356
36.22130647550225,8.43574372614822
36.23064186376914,422.88739634064757
36.23997725203602,386.1269721947666
36.2493126403029,65.86605136745526
36.25864802856978,852.0860098480406
36.267983416836664,121.4026127023975
36.27731880510355,381.18887959624584
36.286654193370424,664.0615992955776
36.29598958163731,631.4225841678574
36.30532496990419,207.65897565910367
36.314660358171075,29.63279055407888
36.32399574643795,1081.3119143879953
36.333331134704835,625.2236169127069
36.34266652297172,390.3857791377687
36.3520019112386,611.4048979441243
36.361337299505486,551.9784744745114
36.37067268777236,89.68540342286778
36.380008076039246,312.61197216188214
36.38934346430613,201.5276301721396
36.39867885257301,1100.427770337116
36.40801424083989,606.5788995529227
36.41734962910677,412.5894078743449
36.42668501737366,281.8726593988652
36.43602040564054,82.23729776827284
36.445355793907424,298.7015289763729
36.4546911821743,18.008680420994125
36.464026570441185,240.01527081295401
36.47336195870807,65.95524690541043
36.48269734697495,1122.7835187985427
36.49203273524183,479.29538381527846
36.50136812350871,494.46504449053674
36.510703511775596,423.6140201937394
36.52003890004248,287.8047459849762
36.52937428830936,188.91331719727367
36.53870967657624,276.9935971630886
36.54804506484312,240.95022711529688
36.55738045311001,306.8054054921288
36.56671584137689,45.81385616970293
36.57605122964377,83.46436620541175
36.58538661791065,129.35965782403267
36.594722006177534,449.409541686005
36.60405739444442,10.994361550808863
36.613392782711294,40.411106578455154
36.62272817097818,6.7572714870804065
36.63206355924506,569.8728759798588
36.641398947511945,15.3914410286787
36.65073433577883,6.715998141516685
36.660069724045705,189.23153400429845
36.66940511231259,117.91208208942048
36.67874050057947,77.42951212597232
36.688075888846356,174.8146688230246
36.69741127711323,31.992273044628792
36.706746665380116,59.44172328686778
36.716082053647,388.3186998342003
36.72541744191388,6.337006547349406
36.73475283018077,75.369088540553
36.744088218447644,250.3032968379934
36.75342360671453,20.922651781111703
36.76275899498141,150.48694596092557
36.772094383248294,255.69488813698325
36.78142977151517,6.3900613158813275
36.790765159782055,585.9035173454747
36.80010054804894,500.44007786854274
36.80943593631582,180.27569396796375
36.818771324582706,1162.1693035751218
36.82810671284958,386.3478752259843
36.837442101116466,192.35077780208732
36.84677748938335,550.8139907390268
36.85611287765023,664.235595820391
36.86544826591711,1067.395005101244
36.87478365418399,604.0446429063162
36.88411904245088,1453.6929213932933
36.89345443071776,1058.8331873974153
36.90278981898464,164.59639398467917
36.91212520725152,536.5892554708828
36.921460595518404,158.93814452104786
36.93079598378529,168.01766683627017
36.94013137205217,122.58346709991525
36.94946676031905,193.18840313283033
36.95880214858593,439.47975925545626
36.968137536852815,43.42077285879683
36.9774729251197,264.72554880683396
36.986808313386575,941.785404899949
36.99614370165346,43.1606225401322
37.00547908992034,600.7127648537711
37.014814478187226,370.64631610458656
37.02414986645411,846.427658952808
37.033485254720986,67.34272218688496
37.04282064298787,283.91959470701295
37.05215603125475,313.7423586409346
37.06149141952164,197.15518980937185
37.070826807788514,107.9442919063366
37.0801621960554,519.8973169872421
37.08949758432228,808.3243781952518
37.098832972589165,586.8943764556218
37.10816836085605,468.83859823885365
37.117503749122925,246.43914614188793
37.12683913738981,23.775397240157563
37.13617452565669,299.2714685916605
37.145509913923576,200.74163408995784
37.15484530219045,15.852162355699429
37.164180690457336,10.510801114702021
37.17351607872422,258.29197237172014
37.1828514669911,1038.8574372033718
37.19218685525798,195.0628764063065
37.20152224352486,90.69455364900294
37.21085763179175,899.5125467210337
37.22019302005863,118.84680788075654
37.229528408325514,44.28055302216088
37.23886379659239,327.2589226198376
37.248199184859274,249.24488874804157
37.25753457312616,275.70471728617593
37.26686996139304,597.1659418667473
37.27620534965992,463.8098168044533
37.2855407379268,787.4360203153702
37.294876126193685,957.6860158415251
37.30421151446057,716.8959614105719
37.31354690272745,918.3203054389413
37.32288229099433,340.7146069073703
37.33221767926121,119.61165236562933
37.341553067528096,228.79378451793355
37.35088845579498,56.786649573307464
37.360223844061856,30.698557969448657
37.36955923232874,268.4918123167231
37.378894620595624,94.39703460365116
37.38823000886251,128.43103774179562
37.39756539712939,1296.5938559472008
37.40690078539627,80.29250895081093
37.41623617366315,105.56241494476977
37.425571561930035,550.0139207439572
37.43490695019692,169.81241821986092
37.444242338463795,158.4123392746197
37.45357772673068,418.84343826300926
37.46291311499756,69.40784211692247
37.472248503264446,300.4706053831526
37.48158389153132,396.5729718132847
37.490919279798206,237.89756479005362
37.50025466806509,302.4590241701709
37.50959005633197,1147.3558917689784
37.51892544459886,188.2280302244146
37.52826083286573,274.50847985295945
37.53759622113262,160.12235402938552
37.5469316093995,58.07327553356754
37.556266997666384,22.43268729114709
37.56560238593326,431.333724937849
37.574937774200144,78.05382235331874
37.58427316246703,232.58411839648315
37.59360855073391,744.1885831681379
37.602943939000795,128.10040926400453
37.61227932726767,81.63014087175334
37.621614715534555,26.397299815525542
37.63095010380144,450.2752991631166
37.64028549206832,324.4782299186724
37.6496208803352,342.4263501867739
37.65895626860208,970.9760926999946
37.668291656868966,117.68634718262781
37.67762704513585,119.19241320382329
37.68696243340273,111.0319731757157
37.69629782166961,185.77746542157905
37.705633209936494,139.36359472964864
37.71496859820338,48.59601768796861
37.72430398647026,340.1949012286261
37.73363937473714,12.535020436344528
37.74297476300402,234.23846430923686
37.752310151270905,224.36440935911537
37.76164553953779,188.63522172713718
37.77098092780467,215.17021724852364
37.78031631607155,40.14933330196062
37.78965170433843,54.17872193400475
37.798987092605316,82.9613401959654
37.8083224808722,74.11663940906145
37.817657869139076,160.22813845746174
37.82699325740596,177.0763832992622
37.83632864567284,184.64245064017018
37.84566403393973,404.031296258734
37.8549994222066,473.8645565396915
37.86433481047349,648.8135553101093
37.87367019874037,629.2457144874131
37.883005587007254,198.63816033976843
37.89234097527414,154.27379290633425
37.901676363541014,580.2265595057158
37.9110117518079,368.8314929478343
37.92034714007478,59.41062135355857
37.929682528341665,630.5342669840402
37.93901791660854,89.32729521707033
37.948353304875425,96.87315256382172
37.95768869314231,125.81605083731966
37.96702408140919,129.38287704655434
37.976359469676076,210.58865875746687
37.98569485794295,258.0822606053526
37.995030246209836,54.88143152573071
38.00436563447672,4.781424709791001
38.013701022743604,84.44218683194505
38.02303641101048,534.875347086547
38.032371799277364,395.20378197921667
38.04170718754425,700.2765659551625
38.05104257581113,354.594885883283
38.060377964078015,178.31076575504397
38.06971335234489,625.7271841847379
38.079048740611775,349.55800637526926
38.08838412887866,10.895919581896539
38.09771951714554,264.30342324605505
38.10705490541242,879.8843615967171
38.1163902936793,132.27561847948152
38.125725681946186,47.8255332734792
38.13506107021307,598.3118879480708
38.144396458479946,107.02807598887601
38.15373184674683,227.99296127431884
38.16306723501371,197.59194932356928
38.1724026232806,126.84568448029759
38.18173801154748,213.67076106745472
38.19107339981436,27.90536382288343
38.20040878808124,198.52847836657992
38.209744176348124,454.34208475294
38.21907956461501,77.19572851274171
38.228414952881884,160.74075127373973
38.23775034114877,265.3278869576649
38.24708572941565,608.1923233060088
38.256421117682535,83.20927135254094
38.26575650594942,312.8414156674885
38.275091894216295,1957.3176547192602
38.28442728248318,63.849680798962794
38.29376267075006,511.38123813576556
38.303098059016946,806.4880882470538
38.31243344728382,13.059208603404572
38.32176883555071,372.76117128391496
38.33110422381759,354.6414830078263
38.340439612084474,119.04798304476361
38.34977500035136,570.2881333619916
38.359110388618234,270.51929627671217
38.36844577688512,412.3513870796804
38.377781165152,198.64116601005836
38.387116553418885,61.567595203866496
38.39645194168576,215.95137524406195
38.405787329952645,103.75916032663211
38.41512271821953,17.83944599105504
38.42445810648641,112.52427057266189
38.43379349475329,515.2125747424901
38.44312888302017,196.18754369722492
38.452464271287056,196.81309292553857
38.46179965955394,298.3688533184643
38.47113504782082,382.0243080169434
38.4804704360877,8.23373746660965
38.48980582435458,439.60931917718267
38.49914121262147,63.58080078455472
38.50847660088835,50.43157343583869
38.51781198915523,469.49381209504605
38.52714737742211,346.0230688696036
38.536482765688994,8.31606361475882
38.54581815395588,259.5935857536544
38.55515354222276,471.59500765938225
38.56448893048964,214.97560338687362
38.57382431875652,373.1245851362843
38.583159707023405,203.88207499481229
38.59249509529029,321.49873725524526
38.601830483557166,179.3382601703306
38.61116587182405,303.8686550623077
38.62050126009093,580.734653870175
38.629836648357816,123.71269080449207
38.6391720366247,59.67853452709487
38.64850742489158,204.2351766728322
38.65784281315846,1613.9794261378145
38.667178201425344,1028.0421481915748
38.67651358969223,1141.2252501875896
38.685848977959104,695.4427242557449
38.69518436622599,36.007380118907484
38.70451975449287,141.551090628663
38.713855142759755,657.4428023468065
38.72319053102663,99.65991732955378
38.732525919293515,261.3086226546476
38.7418613075604,258.1833537408394
38.75119669582728,3.1377829570746028
38.760532084094166,134.30111500888484
38.76986747236104,273.3690673299509
38.779202860627926,12.33218713231973
38.78853824889481,46.83661999648205
38.79787363716169,82.2489450097518
38.80720902542857,353.31582680938476
38.81654441369545,523.916266557457
38.82587980196234,387.7385678924523
38.83521519022922,357.96107311029533
38.844550578496104,41.083638646368556
38.85388596676298,172.45319892561602
38.863221355029864,47.3486005309135
38.87255674329675,131.41418735907297
38.88189213156363,41.804069996056434
38.89122751983051,119.93125729378254
38.90056290809739,96.7483272426098
38.909898296364275,64.54100407094403
38.91923368463116,193.57134142221884
38.92856907289804,140.85198978716207
38.93790446116492,315.4834602679109
38.9472398494318,301.724171274955
38.95657523769869,15.658148354606526
38.96591062596557,68.57331259525454
38.97524601423245,164.72122806269775
38.98458140249933,159.55762968804027
38.993916790766214,496.75330416358196
39.0032521790331,10.591943490655098
39.01258756729998,136.68355995861043
39.02192295556686,50.298716651402316
39.03125834383374,203.9706715216592
39.040593732100625,315.49707367607436
39.04992912036751,44.91772394195712
39.059264508634385,461.690464497919
39.06859989690127,42.19707723884206
39.07793528516815,998.7596952269093
39.087270673435036,421.93984529226213
39.09660606170191,507.69540983360775
39.105941449968796,1027.351527180705
39.11527683823568,544.9863650606338
39.12461222650256,291.25540179802437
39.13394761476945,89.3882184300666
39.14328300303632,16.988076337471913
39.15261839130321,274.2690781375938
39.16195377957009,551.6331377770782
39.171289167836974,45.31113818508637
39.18062455610385,224.41762254928324
39.189959944370734,1027.026043828939
39.19929533263762,139.50244335386066
39.2086307209045,85.57889770181023
39.217966109171385,2124.488049051501
39.22730149743826,526.1374803785444
39.236636885705146,933.8035469822078
39.24597227397203,719.5878156524832
39.25530766223891,1083.1404573915815
39.26464305050579,621.0564334846022
39.27397843877267,92.11115918201726
39.28331382703956,271.06111969800844
39.29264921530644,16.95293729612959
39.301984603573324,347.22117956897154
39.3113199918402,92.31446209953401
39.320655380107084,278.9427173362941
39.32999076837397,208.85100916858786
39.33932615664085,197.68340529382024
39.34866154490773,118.11640991889504
39.35799693317461,53.42698403382421
39.367332321441495,81.02504765906633
39.37666770970838,134.52409739287617
39.386003097975255,285.8557259760064
39.39533848624214,15.114515603124559
39.40467387450902,133.1015312706497
39.414009262775906,16.43261093018386
39.42334465104279,829.2117934915799
39.432680039309666,318.38148702607754
39.44201542757655,743.058898435133
39.45135081584343,1559.572543708362
39.46068620411032,477.6495593012972
39.47002159237719,646.2928937575952
39.47935698064408,646.2990352870014
39.48869236891096,74.69427196645697
39.498027757177844,133.11303795147745
39.50736314544473,108.0428812945478
39.516698533711605,16.56034119355051
39.52603392197849,55.84587802791982
39.53536931024537,863.7482637845658
39.544704698512255,276.8760544922403
39.55404008677913,444.3187892392951
39.563375475046016,1080.8534194473543
39.5727108633129,61.90212323423905
39.58204625157978,44.70158433337188
39.59138163984667,4.472303654795383
39.60071702811354,269.8117681259698
39.61005241638043,183.0584058969549
39.61938780464731,297.972442425342
39.628723192914194,447.25324307346114
39.63805858118107,35.2145540136248
39.647393969447954,288.32293776589216
39.65672935771484,817.004702277292
39.66606474598172,472.83666572816674
39.6754001342486,501.8762092350202
39.68473552251548,627.2267456858085
39.694070910782365,608.6676100894038
39.70340629904925,61.468785584151505
39.71274168731613,82.23898619433318
39.72207707558301,589.124980414338
39.73141246384989,23.657160837510066
39.740747852116776,390.41120932785054
39.75008324038366,1334.3873312969174
39.759418628650536,5.823751489306889
39.76875401691742,31.879564948755966
39.7780894051843,199.88484507720858
39.78742479345119,1278.9126093522916
39.79676018171807,647.6204338415614
39.80609556998495,280.63067703423565
39.81543095825183,1424.4335565643835
39.824766346518714,15.317443224140924
39.8341017347856,9.692580092871085
39.843437123052475,140.07783428751193
39.85277251131936,167.52401541418027
39.86210789958624,34.45296597289231
39.871443287853126,7.57955926737527
39.88077867612001,209.69754813762833
39.890114064386886,12.968456622243616
39.89944945265377,111.12492879962143
39.90878484092065,64.153756034784
39.91812022918754,177.0288263014143
39.92745561745441,53.54088977703361
39.9367910057213,49.99937448109438
39.94612639398818,5.2740060506841875
39.955461782255064,28.12585259703365
39.96479717052194,22.410042724145473
39.974132558788824,146.06611088985235
39.98346794705571,152.39450620858403
39.99280333532259,28.168940560448483
40.002138723589475,60.74403080261125
40.01147411185635,288.9381502353797
40.020809500123235,9.47447942266454
40.03014488839012,260.44019397706415
40.039480276657,396.1771505701029
40.04881566492388,50.11401307574399
40.05815105319076,588.0835045024752
40.067486441457646,118.34553575941925
40.07682182972453,5.959393666602792
40.08615721799141,235.56266706224054
40.09549260625829,10.805298202146046
40.10482799452517,60.25920146585712
40.11416338279206,196.90697325517908
40.12349877105894,4.2678386613683195
40.13283415932582,234.32337461338295
40.1421695475927,128.91437388076582
40.151504935859585,154.3806291974684
40.16084032412647,384.2899688753642
40.17017571239335,68.46974365928453
40.17951110066023,314.72925276109817
40.18884648892711,107.54629094435913
40.198181877193996,542.3514871651373
40.20751726546088,141.64191191692112
40.216852653727756,634.777427191557
40.22618804199464,129.46372608234424
40.23552343026152,605.5705973447003
40.24485881852841,52.51576945785213
40.25419420679528,176.2164621430511
40.26352959506217,322.329361060386
40.27286498332905,143.01702574177517
40.282200371595934,285.02560299567415
40.29153575986282,21.60257533533008
40.300871148129694,38.18052686410333
40.31020653639658,18.74298920758641
40.31954192466346,288.52494033535527
40.328877312930345,287.34471616091116
40.33821270119722,218.48584641196427
40.347548089464105,174.51678023494577
40.35688347773099,219.2390402518896
40.36621886599787,23.011416045221306
40.375554254264756,182.37229260105562
40.38488964253163,32.20597867043595
40.394225030798516,227.51989823023976
40.4035604190654,174.8107531441904
40.41289580733228,425.0007200690988
40.42223119559916,56.4049953845114
40.431566583866044,80.17079804278198
40.44090197213293,321.56723468484967
40.45023736039981,44.50060501313621
40.459572748666695,70.8764328708215
40.46890813693357,25.105731745340968
40.478243525200455,385.38322928187756
40.48757891346734,151.25442496607238
40.49691430173422,275.5624135324511
40.5062496900011,422.74053208932725
40.51558507826798,81.56057909071183
40.524920466534866,230.93025938426987
40.53425585480175,41.73089356351876
40.54359124306863,252.987643557571
40.55292663133551,218.0845069670791
40.56226201960239,4.949174827558476
40.57159740786928,434.96575143385064
40.58093279613616,123.01882725695505
40.59026818440304,30.818316970074143
40.59960357266992,529.6178530574904
40.608938960936804,347.9866547990635
40.61827434920369,5.766578710412812
40.627609737470564,254.47158862788433
40.63694512573745,1029.2592301722386
40.64628051400433,32.62463308897899
40.655615902271215,185.44448467791452
40.6649512905381,1511.033848435798
40.674286678804975,68.54731188446152
40.68362206707186,545.8657544020664
40.69295745533874,971.0384968690798
40.702292843605626,100.01587425572401
40.7116282318725,310.1023450192601
40.720963620139386,58.1601687706273
40.73029900840627,321.45777881830566
40.739634396673154,34.40723341996978
40.74896978494004,212.95285846421004
40.758305173206914,10.467346621065934
40.7676405614738,55.30748140407574
40.77697594974068,117.0746643275017
40.786311338007565,296.39506047470974
40.79564672627444,18.06187130274687
40.804982114541325,392.75944135794316
40.81431750280821,1155.8212399368401
40.82365289107509,635.5320144881356
40.832988279341976,837.7392290557837
40.84232366760885,96.43759548098818
40.851659055875736,1025.4583963644789
40.86099444414262,189.71114468059955
40.8703298324095,362.7694229741303
40.87966522067638,216.478174321944
40.88900060894326,503.89260126078096
40.89833599721015,443.0291124109984
40.90767138547703,59.228340616631534
40.91700677374391,96.72782696505618
40.92634216201079,360.5228054156077
40.935677550277674,64.3733497668375
40.94501293854456,142.28206834560405
40.95434832681144,361.74115733714245
40.96368371507832,381.8847721617501
40.9730191033452,245.46479312116185
40.982354491612085,229.92298563222192
40.99168987987897,112.46837271805431
41.001025268145845,59.35528639888974
41.01036065641273,101.16999062578861
41.01969604467961,367.07386786633447
41.029031432946496,22.041613482603324
41.03836682121338,274.89202526966903
41.047702209480256,456.48583145745187
41.05703759774714,164.78595836887055
41.066372986014024,44.73984650757429
41.07570837428091,31.27677687264266
41.085043762547784,638.5869601716723
41.09437915081467,74.58757314708264
41.10371453908155,42.80073875441392
41.113049927348435,782.9920213654995
41.12238531561532,39.278800063092405
41.131720703882195,314.7462600070203
41.14105609214908,391.1899574840604
41.15039148041596,508.09645683500395
41.159726868682846,383.40706322596253
41.16906225694972,171.3896197606234
41.178397645216606,1232.3817572267565
41.18773303348349,55.109519127391664
41.19706842175037,812.669150330938
41.20640381001725,338.07498018082225
41.21573919828413,406.26456577642887
41.22507458655102,697.9984658597302
41.2344099748179,123.2633517839766
41.243745363084784,233.79962446744852
41.25308075135166,657.3438273892405
41.262416139618544,72.3251698286147
41.27175152788543,112.83847195161783
41.28108691615231,107.94751062655985
41.29042230441919,40.17625294498699
41.29975769268607,69.0944316767882
41.309093080952955,66.59489600458187
41.31842846921984,94.00816009169448
41.32776385748672,77.33780901557873
41.3370992457536,33.50772054456143
41.34643463402048,650.4068779595575
41.355770022287366,695.7107638849046
41.36510541055425,457.58158062831524
41.37444079882113,1595.4267782459497
41.38377618708801,184.525217683846
41.393111575354894,19.052352117327292
41.40244696362178,303.99594281572155
41.41178235188866,354.8414682884794
41.42111774015554,23.48838205174461
41.43045312842242,208.526298739106
41.439788516689305,340.47027682833095
41.44912390495619,158.26385932216988
41.458459293223065,1.659008500908989
41.46779468148995,459.49620191155043
41.47713006975683,30.199431382608555
41.486465458023716,139.1627895356538
41.49580084629059,28.960757604776738
41.505136234557476,444.4575081411578
41.51447162282436,132.4576981317798
41.52380701109124,174.11523410457488
41.53314239935813,102.43178775633722
41.542477787625,126.3660985745124
41.55181317589189,531.1280816722784
41.56114856415877,133.71979070384515
41.570483952425654,199.51528808231535
41.57981934069253,114.64104445483737
41.589154728959414,506.8165345776087
41.5984901172263,278.01825210850166
41.60782550549318,504.244817819044
41.617160893760065,1366.0135108501954
41.62649628202694,141.25858712836376
41.635831670293825,167.86220842505327
41.64516705856071,999.9628489162883
41.65450244682759,108.97827401285372
41.66383783509447,2.0178039532833507
41.67317322336135,694.648007122877
41.682508611628236,78.25405179891834
41.69184399989512,308.1865826715647
41.701179388162004,127.54094854023622
41.71051477642888,334.3939691443022
41.719850164695764,458.94389164040365
41.72918555296265,411.9249459315059
41.73852094122953,0.2974123017187149
41.74785632949641,760.2566018560627
41.75719171776329,1343.4594826425143
41.766527106030175,269.9662895220969
41.77586249429706,926.7622693721606
41.78519788256394,1012.9237859748478
41.79453327083082,34.564758921217035
41.8038686590977,225.470461904214
41.813204047364586,226.09533478523664
41.82253943563147,112.1293114592306
41.831874823898346,147.40602956986353
41.84121021216523,336.3860985097512
41.85054560043211,91.2256533491231
41.859880988699,69.79887508672897
41.86921637696587,157.67953183506282
41.87855176523276,22.547058078647602
41.88788715349964,654.6555523372951
41.897222541766524,6.389159398263104
41.90655793003341,108.03827847578403
41.915893318300284,214.70670955022993
41.92522870656717,409.3072276044998
41.93456409483405,131.09210897158093
41.943899483100935,558.0341488909763
41.95323487136781,242.8067606840487
41.962570259634695,106.55324993046
41.97190564790158,181.37166560265422
41.98124103616846,114.88152143224819
41.990576424435346,262.94134207781207
41.99991181270222,24.307181369484002
42.00924720096911,86.55897493716293
42.01858258923599,142.22509308252145
42.027917977502874,125.91109925306007
42.03725336576975,114.37061414780507
42.046588754036634,102.87523715921016
42.05592414230352,40.16397767651285
42.0652595305704,89.97885176793181
42.074594918837285,138.03704411179345
42.08393030710416,58.156094269482686
42.093265695371045,0.42528232431664076
42.10260108363793,172.07603464394964
42.11193647190481,45.80096706789217
42.12127186017169,53.37101743632008
42.13060724843857,32.47765710336008
42.139942636705456,121.76833297446743
42.14927802497234,158.62647739788318
42.158613413239216,124.86486681535973
42.1679488015061,214.26135294649822
42.17728418977298,2.260358397625679
42.18661957803987,49.23923174524149
42.19595496630675,74.73258353469892
42.20529035457363,12.656009963437844
42.21462574284051,132.24888637766867
42.223961131107394,187.24050486993147
42.23329651937428,65.91673386837392
42.242631907641154,132.52627311997801
42.25196729590804,234.2399575377698
42.26130268417492,50.197462155170214
42.270638072441805,65.15524434429354
42.27997346070869,1084.473923800634
42.289308848975566,979.0820723852684
42.29864423724245,149.0906892640961
42.30797962550933,1153.8411393687234
42.317315013776216,260.97117339042615
42.32665040204309,68.6566446875016
42.33598579030998,289.5497107609316
42.34532117857686,112.84847871653352
42.354656566843744,76.5859993464155
42.36399195511063,40.09585886831313
42.373327343377504,245.74797819684161
42.38266273164439,188.67158381493982
42.39199811991127,52.32554939986092
42.401333508178155,214.60635437128926
42.41066889644503,207.3346515645599
42.420004284711915,11.169694416982562
42.4293396729788,452.4846386458563
42.43867506124568,318.0321741641631
42.44801044951256,64.66468895792922
42.45734583777944,260.8720867412149
42.466681226046326,394.770576511774
42.47601661431321,72.06357668866399
42.48535200258009,68.29281746942029
42.49468739084697,972.1433107478578
42.50402277911385,180.3728484008085
42.51335816738074,202.49585305437034
42.52269355564762,449.1888653119187
42.5320289439145,62.631213683679015
42.54136433218138,33.69297860751528
42.550699720448264,420.53908099310047
42.56003510871515,161.99543880565895
42.56937049698203,195.38135008457527
42.57870588524891,440.83150076101043
42.58804127351579,142.26750330563968
42.597376661782675,88.77250857421629
42.60671205004956,693.9571900730807
42.616047438316436,544.6754317300138
42.62538282658332,309.5913890163444
42.6347182148502,889.2142116588415
42.64405360311709,239.35182288273913
42.65338899138397,93.48964415612114
42.66272437965085,322.6453073320592
42.67205976791773,101.49903572562886
42.681395156184614,251.7017235495848
42.6907305444515,525.2565170487575
42.700065932718374,75.51037496742242
42.70940132098526,15.665950464757108
42.71873670925214,12.401034470409003
42.728072097519025,29.46224059390091
42.7374074857859,426.3790311533017
42.746742874052785,372.25042405438086
42.75607826231967,167.56602662941182
42.76541365058655,490.53267761997216
42.774749038853436,736.4264288601853
42.78408442712031,62.309306582916015
42.793419815387196,2035.3505545805551
42.80275520365408,572.2980149247273
42.81209059192096,51.698356682767084
42.82142598018784,1252.275971393427
42.83076136845472,51.59819798217261
42.84009675672161,192.75201441649622
42.84943214498849,719.5396768666133
42.858767533255374,363.54311191497834
42.86810292152225,290.0315689103416
42.877438309789135,81.6016592717647
42.88677369805602,257.95331958643067
42.8961090863229,494.45014772935883
42.90544447458978,35.75495195561951
42.91477986285666,511.7977995967198
42.924115251123546,75.05222099259441
42.93345063939043,694.7661477923809
42.94278602765731,98.52027146028657
42.95212141592419,879.370746452059
42.96145680419107,686.7575591611267
42.97079219245796,266.8169119404573
42.98012758072484,578.2533808069566
42.98946296899172,11.512688410743287
42.9987983572586,150.94397430642078
43.008133745525484,113.66038028966311
43.01746913379237,455.4184162741182
43.026804522059244,17.44979897654299
43.03613991032613,14.169049615854194
43.04547529859301,383.91475260549953
43.054810686859895,142.0027262937607
43.06414607512678,334.40642371642855
43.073481463393655,303.08975327292893
43.08281685166054,543.6945841241759
43.09215223992742,355.1475441266093
43.101487628194306,388.7424394266899
43.11082301646118,1371.4347439593978
43.120158404728066,316.80964512283657
43.12949379299495,743.8518393832272
43.13882918126183,6.941117760267969
43.14816456952872,984.866183077691
43.157499957795594,119.1085813909936
43.16683534606248,338.2694953821781
43.17617073432936,47.40627458343641
43.185506122596244,34.5436495930739
43.19484151086312,261.2881923802153
43.204176899130005,25.305898306640973
43.21351228739689,31.165545713312873
43.22284767566377,477.30942581888127
43.232183063930655,31.427623919009733
43.24151845219753,153.93888799714657
43.250853840464416,342.22554621818534
43.2601892287313,78.7011236819823
43.26952461699818,46.29024171288571
43.27886000526506,19.671706923560414
43.28819539353194,18.72495181354025
43.29753078179883,26.36602563994191
43.30686617006571,22.16175453137668
43.316201558332594,174.40361316030072
43.32553694659947,28.002744491637177
43.334872334866354,307.6541572762746
43.34420772313324,719.1526557831726
43.35354311140012,264.07942488642993
43.362878499667,372.4772792673113
43.37221388793388,13.709663602978848
43.381549276200765,141.89218184945582
43.39088466446765,677.5419113243289
43.400220052734525,513.1641996459477
43.40955544100141,455.47155896676907
43.41889082926829,698.881588400144
43.428226217535176,337.148325386444
43.43756160580206,110.7726029660614
43.446896994068936,746.2596863633589
43.45623238233582,1687.2695528007043
43.4655677706027,1059.925005183535
43.47490315886959,254.22393282360605
43.484238547136464,7.009909848653278
43.49357393540335,191.65391030324432
43.50290932367023,928.5700760932184
43.512244711937115,156.16787592530366
43.521580100204,14.061997829401083
43.530915488470875,181.29135851495073
43.54025087673776,169.07533245804456
43.54958626500464,138.84224449597278
43.558921653271526,191.95495675866013
43.5682570415384,51.940839773891994
43.577592429805286,88.80871660692733
43.58692781807217,194.10408328734007
43.59626320633905,277.681221455473
43.60559859460594,39.89571749680131
43.61493398287281,1141.5331839470366
43.6242693711397,1394.895007126798
43.63360475940658,280.0550095453693
43.642940147673464,781.9009981018778
43.65227553594034,26.062191233382446
43.661610924207224,984.8620264451066
43.67094631247411,158.10470368977278
43.68028170074099,367.34339990145673
43.68961708900787,106.30300890628268
43.69895247727475,811.7036814649148
43.708287865541635,6.214260131533037
43.71762325380852,36.16536333761751
43.7269586420754,410.9685543551886
43.73629403034228,153.42440484504715
43.74562941860916,94.61984869448287
43.754964806876046,240.06511451037633
43.76430019514293,716.5240217579814
43.773635583409806,379.4140109856065
43.78297097167669,398.7616056105295
43.792306359943574,205.0312751592846
43.80164174821046,13.190615473243001
43.81097713647734,6.917897031051077
43.82031252474422,176.81962770295166
43.8296479130111,128.73960782955837
43.838983301277985,8.373402405445516
43.84831868954487,26.96749838709146
43.857654077811745,118.89339814174247
43.86698946607863,351.1505746877576
43.87632485434551,245.86218823424147
43.885660242612396,96.10820450583886
43.89499563087928,98.32179011196509
43.904331019146156,31.03326180659814
43.91366640741304,277.2466166343472
43.92300179567992,155.5655898028651
43.93233718394681,132.83579665282687
43.94167257221368,206.581921740254
43.95100796048057,207.91075240886587
43.96034334874745,233.25966288959592
43.969678737014334,53.00226580522629
43.97901412528121,87.97132755667218
43.988349513548094,331.88462694064503
43.99768490181498,8.837591332813837
44.00702029008186,61.02359302123487
44.016355678348745,180.83003773025743
44.02569106661562,49.29433859492132
44.035026454882505,83.42399268678128
44.04436184314939,145.16489710892054
44.05369723141627,32.11823211719194
44.06303261968315,104.20376526698318
44.07236800795003,112.62966981282139
44.081703396216916,31.610170955713485
44.0910387844838,57.74429545558385
44.10037417275068,330.9899633931595
44.10970956101756,178.444849365862
44.119044949284444,315.58478025451524
44.12838033755133,112.56907388597791
44.13771572581821,217.6698919881716
44.14705111408509,958.1040734811752
44.15638650235197,54.43148002442627
44.165721890618855,28.31377625981726
44.17505727888574,491.7516999975989
44.18439266715262,805.4902370584174
44.1937280554195,369.47992573757745
44.20306344368638,143.13546344619402
44.212398831953266,1025.3567324105836
44.22173422022015,145.57449468780572
44.231069608487026,19.05782805325596
44.24040499675391,23.724316872846952
44.24974038502079,38.83606925501531
44.25907577328768,19.905398966524793
44.26841116155455,42.72941923785787
44.27774654982144,304.4743997013716
44.28708193808832,22.305971936442354
44.296417326355204,20.273373012924203
44.30575271462209,229.64003888929668
44.315088102888964,335.89207106987243
44.32442349115585,60.15027535854212
44.33375887942273,303.1367635410966
44.343094267689615,446.40802549673856
44.35242965595649,40.75359146451783
44.361765044223375,55.53944211335134
44.37110043249026,556.2388541908564
44.38043582075714,3.93725426855066
44.389771209024026,645.4526066663943
44.3991065972909,233.50487272617596
44.408441985557786,526.1716416355666
44.41777737382467,721.6623346835999
44.427112762091554,483.80028315766015
44.43644815035843,376.13478239822535
44.445783538625314,340.98262224205087
44.4551189268922,262.555419915587
44.46445431515908,898.0902724895176
44.473789703425965,136.7386413342006
44.48312509169284,576.4029821751485
44.492460479959725,116.32097279484681
44.50179586822661,1258.7231596268687
44.51113125649349,596.1357484769234
44.52046664476037,163.57512971970075
44.52980203302725,572.9934958508907
44.539137421294136,178.8461598358295
44.54847280956102,258.9561963224672
44.5578081978279,714.7193864507341
44.56714358609478,877.2393867549766
44.57647897436166,605.8817450800501
44.58581436262855,621.2515960125332
44.59514975089543,105.9268588513826
44.60448513916231,384.45164180521937
44.61382052742919,15.537393240753381
44.623155915696074,307.7178240117341
44.63249130396296,450.1172313715423
44.641826692229834,421.97990119760584
44.65116208049672,328.1333769834613
44.6604974687636,1724.3253591934233
44.669832857030485,563.5186285801884
44.67916824529737,161.01634554745084
44.688503633564245,280.9954214690115
44.69783902183113,239.89586271167266
44.70717441009801,398.4186401297382
44.716509798364896,43.206028609289504
44.72584518663177,822.8089927860598
44.735180574898656,418.35564888291674
44.74451596316554,7.222031128710231
44.753851351432424,1280.3936877535316
44.76318673969931,329.8852033112087
44.772522127966184,31.89064798243499
44.78185751623307,1482.5375794896609
44.79119290449995,44.15538037582204
44.800528292766835,174.49189089813808
44.80986368103371,534.5159687291562
44.819199069300595,268.7352118869649
44.82853445756748,73.81571377866491
44.83786984583436,152.87912835324886
44.847205234101246,183.87593851543133
44.85654062236812,61.43015816589334
44.865876010635006,101.20506611843851
44.87521139890189,391.76736724891646
44.88454678716877,39.288310291332934
44.89388217543565,48.705459520120534
44.90321756370253,759.6663611387273
44.91255295196942,263.85202303649214
44.9218883402363,262.9203281209146
44.93122372850318,324.913981614625
44.94055911677006,474.0203046370079
44.949894505036944,58.01909285249391
44.95922989330383,158.75668538932828
44.96856528157071,342.6827112995748
44.97790066983759,23.161879697077573
44.98723605810447,661.1682758422737
44.996571446371355,189.0926119368804
45.00590683463824,27.45574344653581
45.015242222905115,162.65048793827702
45.024577611172,112.90815945919745
45.03391299943888,107.40950052047798
45.043248387705766,1060.6538380088552
45.05258377597265,327.3762553209277
45.06191916423953,183.8598899432583
45.07125455250641,512.6834299146265
45.080589940773294,138.08131151683673
45.08992532904018,133.17230803823836
45.099260717307054,798.0259860660065
45.10859610557394,142.29509526678217
45.11793149384082,311.73309375148136
45.127266882107705,447.33024916510675
45.13660227037459,45.94621889603339
45.145937658641465,979.5192229824287
45.15527304690835,271.536771604895
45.16460843517523,195.68157071237167
45.173943823442116,575.3516460009349
45.18327921170899,180.1505293854328
45.192614599975876,31.79719886961277
45.20194998824276,3.2536832966162637
45.21128537650964,102.93385452660912
45.22062076477652,41.33748688079425
45.2299561530434,58.3950939506361
45.23929154131029,200.3885395626236
45.24862692957717,167.40511514013983
45.257962317844054,128.0126332413918
45.26729770611093,285.83751848859464
45.276633094377814,71.62197177228866
45.2859684826447,70.69136247234572
45.29530387091158,299.58080634269015
45.30463925917846,460.5121131282572
45.31397464744534,190.24836547905028
45.323310035712225,703.2532794818271
45.33264542397911,173.81045522623447
45.34198081224599,122.5748354265896
45.35131620051287,297.6265407645909
45.36065158877975,153.95629257096166
45.369986977046636,244.0580510527789
45.37932236531352,280.3467841440011
45.3886577535804,696.8914030646696
45.39799314184728,1250.5908577132495
45.407328530114164,911.5552231743809
45.41666391838105,1672.044369364198
45.42599930664793,378.6278323389743
45.43533469491481,317.7116014296918
45.44467008318169,271.1258039397521
45.454005471448575,410.92972452801087
45.46334085971546,17.279364733474335
45.472676247982335,32.68246739513251
45.48201163624922,58.53479443480384
45.4913470245161,203.26959328603573
45.500682412782986,18.493114346441384
45.51001780104986,226.02199766058365
45.519353189316746,289.38397744175916
45.52868857758363,458.10639743305694
45.53802396585051,223.3540920769751
45.5473593541174,398.8127357692305
45.55669474238427,67.72508954910603
45.56603013065116,65.44886788339832
45.57536551891804,205.85384629143545
45.584700907184924,20.11663984250675
45.5940362954518,53.966929304716295
45.603371683718684,34.51465247573386
45.61270707198557,943.2360287221333
45.62204246025245,494.4088193686641
45.631377848519335,840.6721088141602
45.64071323678621,134.46588046623242
45.650048625053095,803.9753171882362
45.65938401331998,49.168037830026584
45.66871940158686,282.8068199345668
45.67805478985374,403.95567959450705
45.68739017812062,685.2419584570943
45.69672556638751,27.285233979814745
45.70606095465439,213.4486922113851
45.715396342921274,87.75506786449685
45.72473173118815,563.3147812869731
45.734067119455034,126.7278588380694
45.74340250772192,80.92191028480859
45.7527378959888,41.39191184824597
45.76207328425568,418.66413317643344
45.77140867252256,211.58949484306376
45.780744060789445,13.595180320579386
45.79007944905633,74.84879308743251
45.79941483732321,137.67209000667302
45.80875022559009,136.1892819499901
45.81808561385697,6.3832216264271935
45.827421002123856,131.49718019927283
45.83675639039074,1.562343171807528
45.846091778657616,125.64434189353264
45.8554271669245,97.36269814230427
45.86476255519138,57.15685674219582
45.87409794345827,110.02869854647744
45.88343333172514,16.901328605166334
45.89276871999203,36.63488280113367
45.90210410825891,40.86563143819688
45.911439496525794,33.93551271768866
45.92077488479268,70.76945968335306
45.930110273059555,42.93952573301861
45.93944566132644,143.7328897539409
45.94878104959332,162.75367529777526
45.958116437860205,226.00185267394863
45.96745182612708,92.92790045059695
45.976787214393966,78.0629207734685
45.98612260266085,116.37851567990717
45.99545799092773,210.09770422828598
46.004793379194616,29.702865005867135
46.01412876746149,244.44593342542325
46.02346415572838,303.0701196766479
46.03279954399526,382.0604939174217
46.042134932262144,167.95084352599542
46.05147032052902,389.96050878314276
46.060805708795904,614.84130733069
46.07014109706279,63.77348586351029
46.07947648532967,83.75037801110204
46.088811873596555,1058.827571320459
46.09814726186343,48.02696664565681
46.107482650130315,162.40341769595702
46.1168180383972,178.35315320587785
46.12615342666408,102.86952277740313
46.13548881493096,684.6164831257128
46.14482420319784,25.763007181092835
46.154159591464726,134.1156276264687
46.16349497973161,913.6067236747515
46.172830367998486,112.35733376339756
46.18216575626537,271.19520850729407
46.19150114453225,2495.149441540414
46.20083653279914,183.15838513746533
46.21017192106602,707.2989596505556
46.2195073093329,541.2588127355422
46.22884269759978,749.0747396496217
46.238178085866664,23.655421000067413
46.24751347413355,139.30749057383042
46.256848862400425,279.8543295257019
46.26618425066731,66.03306995813958
46.27551963893419,218.473910684921
46.284855027201075,199.7413039675169
46.29419041546796,287.66091104513134
46.303525803734836,438.5108806672874
46.31286119200172,600.4849967550173
46.3221965802686,159.55888576614208
46.33153196853549,64.26571847964864
46.34086735680236,228.5029726757373
46.35020274506925,312.7908728561564
46.35953813333613,93.53376164760847
46.368873521603014,2.7494109173953003
46.3782089098699,345.89682788349694
46.387544298136774,31.44064471011626
46.39687968640366,330.49598406638364
46.40621507467054,345.3305414446761
46.415550462937425,170.9269785283609
46.4248858512043,262.98706135410305
46.434221239471185,17.01823196632439
46.44355662773807,173.08460131205038
46.45289201600495,22.82674568418562
46.46222740427183,273.32492823853624
46.47156279253871,489.29996773981577
46.480898180805596,570.9340241988887
46.49023356907248,1367.6299228256698
46.49956895733936,846.9439422544806
46.50890434560624,196.60740676188618
46.51823973387312,1068.5309661327149
46.52757512214001,11.357155344019082
46.53691051040689,133.86733075102995
46.54624589867377,205.6776566563298
46.55558128694065,387.5696580331448
46.564916675207535,182.5208924826722
46.57425206347442,155.1942296003056
46.5835874517413,395.8016708261969
46.59292284000818,37.7909291280448
46.60225822827506,134.15535984682322
46.611593616541946,161.0175696277986
46.62092900480883,25.256047084292508
46.630264393075706,162.38670221335192
46.63959978134259,68.34675511342536
46.64893516960947,93.39512061155015
46.65827055787636,82.31732217290572
46.66760594614324,15.059479013631403
46.67694133441012,493.8119852391703
46.686276722677,135.42754911066223
46.695612110943884,174.39607553677408
46.70494749921077,968.4424854909001
46.714282887477644,35.28039654029651
46.72361827574453,148.17597380461416
46.73295366401141,342.94406597897495
46.742289052278295,178.654092779014
46.75162444054517,256.54166610176344
46.760959828812055,46.655548446750174
46.77029521707894,270.95155713804274
46.77963060534582,180.99812905928476
46.788965993612706,61.989106649026716
46.79830138187958,33.15804747166074
46.807636770146466,36.71750032820834
46.81697215841335,182.74670346320042
46.82630754668023,87.7026737106875
46.83564293494711,36.0657062062058
46.844978323213994,103.60529856384711
46.85431371148088,86.96824163931443
46.86364909974776,34.16597105311566
46.872984488014644,19.097930397505262
46.88231987628152,34.03725480058399
46.891655264548405,73.9847139697218
46.90099065281529,233.50764495760694
46.91032604108217,154.4824461507504
46.91966142934905,150.84341043979953
46.92899681761593,87.9903393484275
46.938332205882816,132.07712076728458
46.9476675941497,449.3706669786656
46.95700298241658,785.002694770315
46.96633837068346,542.9934670117796
46.97567375895034,343.56835548260665
46.98500914721723,2046.9973914425937
46.99434453548411,562.5834415848818
47.00367992375099,546.1535715451189
47.01301531201787,144.95386811428978
47.022350700284754,14.009933232549503
47.03168608855164,76.5136468489939
47.041021476818514,218.887654376029
47.0503568650854,6.807299594314643
47.05969225335228,182.0694482198567
47.069027641619165,399.4660681462491
47.07836302988605,19.315496324010866
47.087698418152925,913.334613229927
47.09703380641981,598.5985571252126
47.10636919468669,273.33298415107356
47.115704582953576,449.8656270636998
47.12503997122045,324.2372858596887
47.134375359487336,501.24455921716
47.14371074775422,683.1968494400463
47.1530461360211,796.5093242502571
47.16238152428799,193.50751219764493
47.171716912554864,684.587945100891
47.18105230082175,51.69202313697377
47.19038768908863,844.8846314660315
47.199723077355515,55.693734854531414
47.20905846562239,261.9662632126872
47.218393853889275,609.7558612161968
47.22772924215616,117.64953049160106
47.23706463042304,414.7297015355846
47.246400018689926,330.7154830587834
47.2557354069568,46.160805955003546
47.265070795223686,153.84879008384848
47.27440618349057,79.64072737074865
47.28374157175745,56.82456508693656
47.29307696002433,35.757122778938225
47.30241234829121,228.90364403825006
47.3117477365581,8.328692073167272
47.32108312482498,11.379412955400257
47.330418513091864,163.52786886793913
47.33975390135874,30.067659953918554
47.349089289625624,5.1430638160795725
47.35842467789251,103.89302742307031
47.36776006615939,39.39992437779729
47.37709545442627,20.624657252158087
47.38643084269315,18.580447840790953
47.395766230960035,124.98641674598247
47.40510161922692,202.34395039093877
47.414437007493795,173.3429121802265
47.42377239576068,223.13947083516527
47.43310778402756,60.524419791136346
47.442443172294446,202.76758758929012
47.45177856056133,152.73866590050355
47.461113948828206,284.28441942158486
47.47044933709509,90.54136059545809
47.479784725361974,26.98536421923289
47.48912011362886,351.8484747748067
47.498455501895734,192.8974904339203
47.50779089016262,61.50439324835066
47.5171262784295,136.51055333691914
47.526461666696385,65.74443616992296
47.53579705496327,113.51858508302278
47.545132443230145,476.3344135742324
47.55446783149703,19.161527975903415
47.56380321976391,330.3468646910436
47.573138608030796,302.67320916749816
47.58247399629767,120.71777332499418
47.591809384564556,726.0474198384937
47.60114477283144,97.50520260091295
47.61048016109832,70.5203919347307
47.61981554936521,374.6448449092244
47.62915093763208,31.100231619428488
47.63848632589897,102.33599188354036
47.64782171416585,835.7332825263404
47.657157102432734,518.0413242805247
47.66649249069961,732.6009154952151
47.675827878966494,1176.707831481734
47.68516326723338,393.39039337707317
47.69449865550026,627.3360696493988
47.70383404376714,845.1107370130958
47.71316943203402,139.33298221245045
47.722504820300905,230.8195376875765
47.73184020856779,357.5814374914164
47.74117559683467,371.3983199854946
47.75051098510155,47.84907587616838
47.75984637336843,209.88732669690228
47.769181761635316,86.53290931452807
47.7785171499022,326.01650710553736
47.787852538169076,387.9228940020082
47.79718792643596,30.064389000562343
47.806523314702844,311.208770712148
47.81585870296973,158.56930532017273
47.82519409123661,792.3386555386768
47.83452947950349,512.7038332388997
47.84386486777037,435.1319334860495
47.853200256037255,1436.8973159669877
47.86253564430414,328.88976507654667
47.871871032571015,49.04518730132228
47.8812064208379,193.58522966485194
47.89054180910478,569.135901251451
47.899877197371666,632.8900086362737
47.90921258563855,537.1083878573507
47.918547973905426,32.99541116896072
47.92788336217231,107.02378558278534
47.93721875043919,30.44208062353095
47.94655413870608,443.372652597302
47.95588952697295,80.72377677381655
47.96522491523984,67.15203133255449
47.97456030350672,184.20016914457793
47.983895691773604,53.63242477846463
47.99323108004048,513.1559665826843
48.002566468307364,257.57434642627356
48.01190185657425,200.6820401029885
48.02123724484113,279.56357596755146
48.030572633108015,190.30344337238188
48.03990802137489,740.6231749586594
48.049243409641775,776.058917964525
48.05857879790866,18.74686931056031
48.06791418617554,63.87726435559973
48.07724957444242,278.3971089047335
48.0865849627093,285.77833118237504
48.095920350976186,3.471604663043729
48.10525573924307,97.69502279419169
48.114591127509954,225.443695558472
48.12392651577683,4.152988918402432
48.133261904043714,73.86346401423297
48.1425972923106,6.412920909338708
48.15193268057748,14.738226552548852
48.16126806884436,62.60619932533333
48.17060345711124,78.76929713165333
48.179938845378125,76.87876723130485
48.18927423364501,82.49481936221352
48.19860962191189,1.7020556929021895
48.20794501017877,29.582613538002967
48.21728039844565,58.34295493665398
48.226615786712536,0.8780913739062168
48.23595117497942,276.02923431738503
48.245286563246296,104.70072044822004
48.25462195151318,43.99921751845441
48.26395733978006,526.5155970171915
48.27329272804695,24.426724034679822
48.28262811631382,90.43020062814458
48.29196350458071,367.5504689481714
48.30129889284759,393.6258468458059
48.310634281114474,127.14821564721885
48.31996966938136,58.628385951196925
48.329305057648234,622.4898843509648
48.33864044591512,13.480549577527679
48.347975834182,12.232524138926443
48.357311222448885,319.1088530395502
48.36664661071576,26.48902384547844
48.375981998982645,150.09675329426005
48.38531738724953,151.89964853889424
48.39465277551641,129.53323907347536
48.403988163783296,263.86298034022985
48.41332355205017,315.26116705170375
48.422658940317056,361.95651063582363
48.43199432858394,85.32250728857416
48.441329716850824,11.559804318681977
48.4506651051177,427.6329611362784
48.460000493384584,385.020321660623
48.46933588165147,317.74579787225974
48.47867126991835,1590.0912062033367
48.488006658185235,624.7019440466785
48.49734204645211,1193.5874399801392
48.506677434718995,1326.5448212950116
48.51601282298588,45.53531182808438
48.52534821125276,191.86024151008706
48.53468359951964,45.25783802774197
48.54401898778652,47.59236237166654
48.553354376053406,41.06612411978086
48.56268976432029,26.416578235172206
48.57202515258717,15.219655978304273
48.58136054085405,127.74896600817567
48.59069592912093,3.551841474496779
48.60003131738782,13.754408315569746
48.6093667056547,110.12954726711165
48.61870209392158,33.68948200051256
48.62803748218846,38.38312230588884
48.637372870455344,16.24841163773055
48.64670825872223,17.451833414466808
48.656043646989104,93.90392405732462
48.66537903525599,57.59240794743106
48.67471442352287,148.16873790383985
48.684049811789755,156.33786598230026
48.69338520005664,255.7243324076614
48.702720588323515,332.3684661992805
48.7120559765904,218.4162156521301
48.72139136485728,383.1842232191697
48.730726753124166,176.1184160143293
48.74006214139104,451.03103193168477
48.74939752965793,836.2464404313905
48.75873291792481,34.371253784856535
48.768068306191694,838.2419262772662
48.77740369445858,183.53104522447921
48.786739082725454,613.2203507950617
48.79607447099234,611.5387650323582
48.80540985925922,404.96111109873567
48.814745247526105,110.0988343516591
48.82408063579298,61.695001033770716
48.833416024059865,512.7381220484027
48.84275141232675,90.56036714193162
48.85208680059363,109.23073634419929
48.861422188860516,50.02618415383085
48.87075757712739,37.5662850324807
48.880092965394276,15.781990243729979
48.88942835366116,203.52935723056325
48.89876374192804,227.67135705261188
48.90809913019492,204.38794275881258
48.9174345184618,99.35165022517751
48.92676990672869,1312.3717394572343
48.93610529499557,411.688519020309
48.94544068326245,23.32833536745397
48.95477607152933,647.2049517256459
48.964111459796214,3.321756871477902
48.9734468480631,707.621466442474
48.98278223632998,1083.8358586863255
48.99211762459686,89.9283093838008
49.00145301286374,128.6347606842108
49.010788401130625,166.99829284166577
49.02012378939751,258.3268797546448
49.029459177664386,95.40998775006135
49.03879456593127,432.5828361461256
49.04812995419815,299.70523928284035
49.057465342465036,113.83323548138063
49.06680073073192,386.57460073326826
49.0761361189988,107.89342982065942
49.08547150726568,209.39440184168515
49.094806895532564,316.84556152362825
49.10414228379945,267.4180598529432
49.113477672066324,438.53199167983547
49.12281306033321,48.87424014205561
49.13214844860009,6.4268630810878955
49.141483836866975,22.610838115928004
49.15081922513386,178.40301788844138
49.160154613400735,87.3099953206086
49.16949000166762,85.35358795290455
49.1788253899345,5.290384056147587
49.188160778201386,67.13703755288074
49.19749616646826,125.21611755913234
49.206831554735146,167.38994329295738
49.21616694300203,239.1539127304375
49.22550233126891,164.33232252168614
49.23483771953579,23.54758031684638
49.24417310780267,5.596418852380811
49.25350849606956,212.72436707123973
49.26284388433644,142.94548816236696
49.272179272603324,201.34871236029852
49.2815146608702,30.12000073120794
49.290850049137084,23.330756021611833
49.30018543740397,162.71901096249215
49.30952082567085,388.1436515409025
49.31885621393773,35.79489430485546
49.32819160220461,18.534148982209977
49.337526990471495,431.50102055518636
49.34686237873838,136.20927224243627
49.35619776700526,117.42592739288106
49.36553315527214,200.22354026642446
49.37486854353902,214.75783716461754
49.38420393180591,53.054292839764514
49.39353932007279,187.51458532530017
49.40287470833967,261.880717256786
49.41221009660655,271.6269721516579
49.421545484873434,197.94233430888613
49.43088087314032,144.59771351635254
49.4402162614072,33.07380493039956
49.44955164967408,300.75714856106976
49.45888703794096,95.0062445234963
49.468222426207845,73.35208354000291
49.47755781447473,298.49680257219035
49.486893202741605,336.1292518344422
49.49622859100849,148.20941382710615
49.50556397927537,156.32760278025546
49.514899367542256,15.093494192421756
49.52423475580913,817.556113155945
49.533570144076016,270.080901347417
49.5429055323429,43.266380018829025
49.55224092060978,312.10048435705744
49.56157630887667,0.31180629781677854
49.57091169714354,9.882135493139973
49.58024708541043,10.088998327505195
49.58958247367731,256.88937545347824
49.598917861944194,144.95469019831046
49.60825325021107,270.23233905454634
49.617588638477955,295.8736307868078
49.62692402674484,155.52566348841282
49.63625941501172,160.6243941182807
49.645594803278605,145.62860474010873
49.65493019154548,44.467840963326935
49.664265579812366,127.01170860153277
49.67360096807925,14.133430010889446
49.68293635634613,439.0565741298067
49.69227174461301,53.76593156870469
49.70160713287989,57.51612366758388
49.71094252114678,269.10055981621684
49.72027790941366,6.3204235957858526
49.729613297680544,141.39945888015163
49.73894868594742,540.0661205112566
49.748284074214304,27.10536335852559
49.75761946248119,247.99344993312405
49.76695485074807,264.8220378762022
49.77629023901495,408.22577532728286
49.78562562728183,858.754116256594
49.794961015548715,454.6444620102112
49.8042964038156,105.95842557863905
49.813631792082475,44.94647277949392
49.82296718034936,1468.8632558498164
49.83230256861624,154.00592797721757
49.841637956883126,113.33024146450882
49.85097334515001,745.9651150026771
49.860308733416886,64.16296142074955
49.86964412168377,170.73356353878114
49.87897950995065,211.46455424832934
49.88831489821754,104.95211581073816
49.897650286484414,301.4721920862338
49.9069856747513,29.199617365091136
49.91632106301818,127.54207581178667
49.925656451285064,169.23782212242656
49.93499183955195,73.16065444499247
49.944327227818825,109.58704715112623
49.95366261608571,2.0498604375953895
49.96299800435259,296.3106025010443
49.972333392619475,576.3250905119013
49.98166878088635,165.70326818359578
49.991004169153236,297.49704858150653
50.00033955742012,178.84955895238468
50.009674945687,10.808414671918106
50.01901033395389,21.129547517381646
50.02834572222076,10.05687862654412
50.03768111048765,13.098443528804673
50.04701649875453,38.769100212456394
50.056351887021414,408.37760553540716
50.06568727528829,353.2364496604678
50.075022663555174,378.60212436488047
50.08435805182206,467.1341068799007
50.09369344008894,100.65101038045466
50.103028828355825,276.9896797828924
50.1123642166227,7.556149386413953
50.121699604889585,96.87997423984565
50.13103499315647,294.8270027716641
50.14037038142335,195.4590154198886
50.14970576969023,9.338962747818563
50.15904115795711,520.8011735246178
50.168376546223996,109.07570413493355
50.17771193449088,365.43296343692214
50.187047322757756,1415.416881030671
50.19638271102464,1177.397518289079
50.20571809929152,448.42445564151075
50.21505348755841,858.027515684898
50.22438887582529,478.3575943694721
50.23372426409217,16.30047962297204
50.24305965235905,298.57812945247326
50.252395040625935,14.816916150907854
50.26173042889282,61.99721315077165
50.271065817159695,143.26633487428208
50.28040120542658,151.51348146447356
50.28973659369346,96.66424700765077
50.299071981960346,246.78820305722982
50.30840737022723,269.193620479502
50.317742758494106,152.92027148482762
50.32707814676099,250.13294767617535
50.33641353502787,22.617285036198925
50.34574892329476,243.51037727338965
50.35508431156163,109.69958416072294
50.36441969982852,16.229102854046964
50.3737550880954,311.05054088133596
50.383090476362284,62.61863516549637
50.39242586462917,17.91281765335511
50.401761252896044,100.28980990584328
50.41109664116293,476.4517408538222
50.42043202942981,177.04980786800317
50.429767417696695,68.35190832156576
50.43910280596357,1190.738466545797
50.448438194230455,506.3304811902934
50.45777358249734,126.23677388371216
50.46710897076422,580.0074540274571
50.4764443590311,843.9758241372348
50.48577974729798,3.7061955946016982
50.495115135564866,94.14959553375672
50.50445052383175,1249.0848460151265
50.51378591209863,0.282792115730781
50.52312130036551,268.59276105176684
50.532456688632394,820.9648234826561
50.54179207689928,11.024836599054362
50.55112746516616,282.70648078172707
50.56046285343304,378.2549495802496
50.56979824169992,69.43176128458416
50.579133629966805,331.9786412841807
50.58846901823369,497.4469104339035
50.59780440650057,133.84742549347624
50.60713979476745,200.6473118528641
50.61647518303433,37.06485190670827
50.625810571301216,21.977757796274446
50.6351459595681,83.21174395832472
50.644481347834976,52.65963291762008
50.65381673610186,0.03381141559828417
50.66315212436874,8.566484979196595
50.67248751263563,158.188064420374
50.68182290090251,156.7669067222294
50.69115828916939,256.5193830654639
50.70049367743627,387.9531917708862
50.709829065703154,459.17252326540364
50.71916445397004,104.94116400982757
50.728499842236914,38.914470473877316
50.7378352305038,76.20785765323036
50.74717061877068,382.15748247204937
50.756506007037565,473.02464003505355
50.76584139530444,58.40397017036752
50.775176783571325,312.97678054716835
50.78451217183821,68.39588806777843
50.79384756010509,320.45363029893406
50.803182948371976,233.28843241706628
50.81251833663885,112.54521386937495
50.821853724905736,261.21180769338537
50.83118911317262,511.6791590806751
50.8405245014395,201.3344269902053
50.84985988970638,534.9038768489509
50.859195277973264,81.30261909000434
50.86853066624015,313.52802228967425
50.87786605450703,941.20098386638
50.887201442773915,16.43858268497809
50.89653683104079,443.29876309807634
50.905872219307675,485.0331379161943
50.91520760757456,156.88718148923581
50.92454299584144,76.90138107377648
50.93387838410832,124.73956080746034
50.9432137723752,404.36982466399684
50.952549160642086,146.93344089668946
50.96188454890897,227.2683552510771
50.97121993717585,69.61708380740556
50.98055532544273,365.8990529530748
50.98989071370961,184.47164620269103
50.9992261019765,18.87293929128734
51.00856149024338,292.3985549083154
51.01789687851026,689.7380940566329
51.02723226677714,263.109023759034
51.036567655044024,571.9358821646066
51.04590304331091,128.3317584245981
51.055238431577784,304.5255809415674
51.06457381984467,278.73400791814413
51.07390920811155,323.8839646279341
51.083244596378435,353.86897999905466
51.09257998464532,96.59440416786582
51.101915372912195,69.45230566366124
51.11125076117908,147.60527366601087
51.12058614944596,101.83815401959224
51.129921537712846,181.56579456307674
51.13925692597972,496.7057469549039
51.148592314246606,8.719075150668141
51.15792770251349,57.3195111355207
51.167263090780374,97.57602327271866
51.17659847904726,746.828250634504
51.185933867314134,572.0574552274713
51.19526925558102,300.1125767697178
51.2046046438479,418.9956632854865
51.213940032114785,33.27980087842406
51.22327542038166,121.3249871503409
51.232610808648545,74.58061247790508
51.24194619691543,139.06421446649875
51.25128158518231,283.29686451654374
51.260616973449196,155.24116768822788
51.26995236171607,55.2420152685466
51.279287749982956,465.0671078627915
51.28862313824984,163.26754427444496
51.29795852651672,93.5547902903097
51.3072939147836,568.510627709495
51.31662930305048,213.75493609829522
51.32596469131737,332.41387365660296
51.33530007958425,473.3464660266661
51.344635467851134,82.71050578550832
51.35397085611801,9.468780966821887
51.363306244384894,26.14990490491364
51.37264163265178,265.84620362972066
51.38197702091866,20.07560873641846
51.39131240918554,32.10001381510489
51.40064779745242,420.9068891377641
51.409983185719305,123.93224755996285
51.41931857398619,420.00461014714506
51.428653962253065,359.2878325317934
51.43798935051995,26.21650465977308
51.44732473878683,393.03207025614
51.456660127053716,343.9157022983499
51.4659955153206,66.51554580445307
51.475330903587476,726.9303963761063
51.48466629185436,173.63281456321906
51.494001680121244,74.85488871233818
51.50333706838813,131.21014349843531
51.512672456655004,161.9260220415811
51.52200784492189,117.06553403979032
51.53134323318877,189.67603920432063
51.540678621455655,41.97144729020037
51.55001400972254,81.97487191278229
51.559349397989415,566.4965421998401
51.5686847862563,104.50894959238435
51.57802017452318,190.86965076485
51.587355562790066,627.8994287997203
51.59669095105694,195.3735606336307
51.606026339323826,814.3137235564053
51.61536172759071,430.45893918331
51.62469711585759,272.21554779480607
51.63403250412448,326.13484076009803
51.64336789239135,77.96848232871163
51.65270328065824,359.6055855286126
51.66203866892512,189.57468983464796
51.671374057192004,7.6904518870662
51.68070944545888,295.0254381720942
51.690044833725764,228.95649261483342
51.69938022199265,210.2359397266033
51.70871561025953,568.3312629327538
51.71805099852641,60.40901616337627
51.72738638679329,79.94133990040379
51.736721775060175,466.9709256776001
51.74605716332706,152.201063815853
51.75539255159394,41.080060550403665
51.76472793986082,106.78392046489071
51.7740633281277,166.33971538568036
51.783398716394586,130.5597772278558
51.79273410466147,21.535361667111783
51.80206949292835,175.13912202942416
51.81140488119523,34.85230329184685
51.820740269462114,39.729662777590406
51.830075657729,58.89932863147893
51.83941104599588,3.2128855631102153
51.84874643426276,42.92771437771467
51.85808182252964,142.94870197169996
51.867417210796525,95.27406304617084
51.87675259906341,20.61076105251059
51.886087987330285,297.96742940698783
51.89542337559717,142.5984522422926
51.90475876386405,42.26031064816922
51.914094152130936,311.5240138344597
51.92342954039782,670.1173447377228
51.932764928664696,192.03462728871358
51.94210031693158,590.4096619427083
51.95143570519846,1901.4763301682376
51.96077109346535,130.28449668982736
51.97010648173222,55.51288411395142
51.97944186999911,469.30328660973424
51.98877725826599,306.69276401395405
51.998112646532874,227.75971748810542
52.00744803479975,830.0874412778164
52.016783423066634,186.87406222117994
52.02611881133352,47.07117643712678
52.0354541996004,991.4467728455596
52.044789587867285,80.61503990809918
52.05412497613416,40.70280101424114
52.063460364401045,549.0761062424194
52.07279575266793,141.08560472333798
52.08213114093481,21.993799949694328
52.09146652920169,188.30706452072343
52.10080191746857,221.10745430157607
52.110137305735456,13.972553058739067
52.11947269400234,70.86949834325571
52.128808082269224,273.31873754682636
52.1381434705361,93.81660981490828
52.147478858802984,341.5223195124963
52.15681424706987,55.00566602367691
52.16614963533675,20.312856643704272
52.17548502360363,188.81587861962052
52.18482041187051,664.2902948722491
52.194155800137395,154.96438277572952
52.20349118840428,196.17743862323235
52.21282657667116,214.32344968335667
52.22216196493804,1242.824464415509
52.23149735320492,393.65180054124204
52.240832741471806,82.23400889626926
52.25016812973869,1497.9965572228593
52.259503518005566,56.84408272848474
52.26883890627245,45.5307368449679
52.27817429453933,1838.5904873049797
52.28750968280622,20.379190768001934
52.29684507107309,164.84396486381715
52.30618045933998,412.0586949131591
52.31551584760686,251.94420556293366
52.324851235873744,197.26576816083272
52.33418662414063,339.2364764878234
52.343522012407504,175.92687998363846
52.35285740067439,752.5992377475629
52.36219278894127,126.45920244938331
52.371528177208155,161.76080266382993
52.38086356547503,576.2329591333375
52.390198953741915,473.62585511196744
52.3995343420088,21.939758014608977
52.40886973027568,61.57487330813728
52.418205118542566,99.63776920850093
52.42754050680944,81.99375543000431
52.43687589507633,346.0647510886867
52.44621128334321,391.8252860079379
52.455546671610094,68.12078097722431
52.46488205987697,87.86927723709988
52.474217448143854,45.92799735042277
52.48355283641074,616.2531158888613
52.49288822467762,467.05970635237645
52.502223612944505,371.00599373479184
52.51155900121138,371.6235076201642
52.520894389478265,351.2258515936054
52.53022977774515,25.350363406482998
52.53956516601203,60.833653528973215
52.54890055427891,31.276512786978014
52.55823594254579,33.52460077099861
52.567571330812676,19.45239553123897
52.57690671907956,64.43115199588631
52.58624210734644,44.38734895054712
52.59557749561332,21.668000839286073
52.6049128838802,5.4869561557844415
52.61424827214709,318.1158742770413
52.62358366041397,26.782779127488293
52.63291904868085,139.32829858576608
52.64225443694773,280.86070257395886
52.651589825214614,93.22288231866338
52.6609252134815,7.295410335155247
52.670260601748375,10.49351033456568
52.67959599001526,13.047682038310313
52.68893137828214,147.25424890352812
52.698266766549025,45.68241057697661
52.70760215481591,42.42817143343364
52.716937543082786,6.3358690437503205
52.72627293134967,147.1365921114882
52.73560831961655,86.65083697744734
52.744943707883436,92.76062872593945
52.75427909615031,2.4271746326033994
52.7636144844172,650.0145481642161
52.77294987268408,28.965691277073947
52.782285260950964,144.2828993566067
52.79162064921785,656.2008325950197
52.800956037484724,73.8687356783635
52.81029142575161,271.91603413168446
52.81962681401849,92.0089850168316
52.828962202285375,535.5599329091842
52.83829759055225,288.7006877668886
52.847632978819135,136.86322137107777
52.85696836708602,559.194512608726
52.8663037553529,74.472461696831
52.875639143619786,482.7142457596385
52.88497453188666,243.99394390979575
52.894309920153546,67.86412479542248
52.90364530842043,641.6292692823768
52.91298069668731,125.0937593620207
52.92231608495419,135.63268769184472
52.93165147322107,305.0288171248525
52.94098686148796,90.94008982566318
52.95032224975484,20.65790994634856
52.95965763802172,118.20352573015741
52.9689930262886,470.30499511012647
52.978328414555484,172.11355503726693
52.98766380282237,111.09711102184876
52.99699919108925,57.184975141866616
53.00633457935613,287.73597477167425
53.01566996762301,184.89545434810196
53.025005355889895,713.9435449767661
53.03434074415678,102.95301881153851
53.043676132423656,77.56956206422579
53.05301152069054,241.95015468473508
53.06234690895742,350.9332197597313
53.07168229722431,40.690285787736535
53.08101768549119,95.20467190018599
53.09035307375807,296.9443122083872
53.09968846202495,47.916817455597936
53.109023850291834,61.730505573858395
53.11835923855872,196.51629547295715
53.127694626825594,319.90063812809666
53.13703001509248,51.361898193141286
53.14636540335936,234.0040603838815
53.155700791626245,601.9972205060343
53.16503617989313,45.197105367453744
53.174371568160005,10.573886415605553
53.18370695642689,250.96771011537487
53.19304234469377,90.36838459910219
53.202377732960656,193.67394013520666
53.21171312122753,197.18814673011565
53.221048509494416,23.492377056071287
53.2303838977613,129.53978232064395
53.23971928602818,935.0837906792515
53.24905467429506,81.00011612749128
53.25839006256194,96.7646297782644
53.26772545082883,458.76585264738935
53.27706083909571,179.16962385008347
53.286396227362594,84.03362916033002
53.29573161562947,268.10076237758756
53.305067003896355,308.0064586523949
53.31440239216324,77.83628282068413
53.32373778043012,301.8916526120744
53.333073168697,404.90322386994166
53.34240855696388,32.836922833568245
53.351743945230766,564.3434028774826
53.36107933349765,176.45927421036228
53.37041472176453,662.4396962288968
53.37975011003141,522.6089448199451
53.38908549829829,278.27434613696806
53.39842088656518,286.3281569965541
53.40775627483206,241.2232261158912
53.41709166309894,951.2591757526726
53.42642705136582,29.767158129684336
53.435762439632704,15.256796239483442
53.44509782789959,70.34861957604095
53.45443321616647,460.21057358039764
53.46376860443335,107.17324476442288
53.47310399270023,164.1592725394138
53.482439380967115,14.629500523891528
53.491774769234,47.87280361874924
53.501110157500875,196.105306830367
53.51044554576776,28.377251812330922
53.51978093403464,37.06737169400867
53.529116322301526,367.0530613180999
53.5384517105684,100.0042504332849
53.547787098835286,78.02881749107333
53.55712248710217,205.53414683564245
53.56645787536905,210.6639021210087
53.57579326363594,115.39450948341222
53.585128651902814,368.1396575723454
53.5944640401697,3.972249462952759
53.60379942843658,919.6069709313109
53.613134816703464,238.13970762125865
53.62247020497034,79.42850850901787
53.631805593237225,209.95810529920783
53.64114098150411,314.633147143682
53.65047636977099,284.2443018347788
53.659811758037876,285.3869874787185
53.66914714630475,168.55775578623872
53.678482534571636,11.197293044224454
53.68781792283852,36.38658384687628
53.6971533111054,282.9255291372611
53.70648869937228,2.754636335843825
53.71582408763916,23.833053176148972
53.72515947590605,1.0978346866908673
53.73449486417293,169.86106470909704
53.743830252439814,63.24775584944801
53.75316564070669,330.524817811356
53.762501028973574,140.60037068497823
53.77183641724046,844.7886273352029
53.78117180550734,78.38409396908027
53.79050719377422,403.35836560193684
53.7998425820411,76.99604918720534
53.809177970307985,551.0734903827827
53.81851335857487,304.4452205304104
53.827848746841745,28.67853148210233
53.83718413510863,405.2311703660513
53.84651952337551,476.33256932237595
53.855854911642396,397.7048783743837
53.86519029990928,278.29255872198866
53.874525688176156,813.0097495790011
53.88386107644304,549.7787167821821
53.89319646470992,65.77369710676822
53.90253185297681,564.5324905970907
53.911867241243684,84.91869283059191
53.92120262951057,137.0185082695457
53.93053801777745,207.6726018878023
53.939873406044335,40.03165610094666
53.94920879431122,194.87275241750817
53.958544182578095,148.88871751412094
53.96787957084498,466.21014445958565
53.97721495911186,83.0770703017171
53.986550347378746,176.5437138184214
53.99588573564562,758.4537808234563
54.005221123912506,31.173015147300504
54.01455651217939,118.77738976289454
54.02389190044627,60.739983280943136
54.03322728871316,375.758527298829
54.04256267698003,26.482620338894446
54.05189806524692,79.71216672830359
54.0612334535138,365.74415420943797
54.070568841780684,49.58181298317615
54.07990423004756,156.28245515547374
54.089239618314444,197.4735568772629
54.09857500658133,273.2051751393235
54.10791039484821,16.47785733323804
54.117245783115095,6.918951267621577
54.12658117138197,592.4264523433458
54.135916559648855,74.04830262132815
54.14525194791574,147.30185400211138
54.15458733618262,601.486283393795
54.1639227244495,119.1626363768523
54.17325811271638,460.4487865863065
54.182593500983266,166.97829185587193
54.19192888925015,186.7711150584781
54.201264277517026,842.0156326568592
54.21059966578391,486.10422755749545
54.219935054050794,845.8004346859569
54.22927044231768,961.4095910815853
54.23860583058456,33.33129638506984
54.24794121885144,71.88753823293804
54.25727660711832,81.80668364371124
54.266611995385205,66.88475511400277
54.27594738365209,179.15875445027805
54.285282771918965,116.40754734244497
54.29461816018585,61.496419313605024
54.30395354845273,149.2718112149511
54.313288936719616,24.292246245046403
54.3226243249865,81.84369613449934
54.331959713253376,26.182698621129298
54.34129510152026,159.0637693016285
54.35063048978714,168.59758252267596
54.35996587805403,97.78265417760531
54.3693012663209,571.7199403711487
54.37863665458779,223.07094125521263
54.38797204285467,607.3908950282629
54.397307431121554,40.624475526558655
54.40664281938844,358.65201626051345
54.415978207655314,508.2293462028738
54.4253135959222,204.7407473482538
54.43464898418908,385.09184602365895
54.443984372455965,255.50353997015173
54.45331976072284,148.66312093721714
54.462655148989725,436.9775097553651
54.47199053725661,170.220617925382
54.48132592552349,687.9178574143496
54.49066131379037,62.716837353402646
54.49999670205725,86.96464890957569
54.509332090324136,424.9348506431789
54.51866747859102,352.69620236578675
54.5280028668579,149.1475539225905
54.53733825512478,27.138691929745534
54.546673643391664,134.07903538355117
54.55600903165855,49.91181324129887
54.56534441992543,405.81610932547596
54.57467980819231,184.3848979536904
54.58401519645919,307.29009569120956
54.593350584726075,18.31778860674887
54.60268597299296,40.65979491451681
54.61202136125984,305.6031033931899
54.62135674952672,498.5676966214081
54.6306921377936,27.73447912112023
54.640027526060486,60.67510508248971
54.64936291432737,165.48183416534792
54.658698302594246,41.00064704275811
54.66803369086113,7.606567872345819
54.67736907912801,4.417349534925553
54.6867044673949,97.39476298409713
54.69603985566178,107.25955977646474
54.70537524392866,25.219840054616984
54.71471063219554,447.4717815719242
54.724046020462424,248.92435767492682
54.73338140872931,58.63195055562126
54.742716796996184,322.3094107241386
54.75205218526307,76.44606758760365
54.76138757352995,137.01325104680373
54.770722961796835,396.0438040518135
54.78005835006371,114.98958698773862
54.789393738330595,6.598699442837577
54.79872912659748,121.13536513308759
54.80806451486436,613.4695721227921
54.817399903131246,17.608507967941335
54.82673529139812,18.79107302891165
54.836070679665006,178.31106207320485
54.84540606793189,94.89458222059307
54.854741456198774,37.55966901205425
54.86407684446565,86.89893063821172
54.873412232732534,55.04596896719601
54.88274762099942,331.66607756636415
54.8920830092663,23.503857319940078
54.901418397533185,114.63919211492892
54.91075378580006,224.77826380350126
54.920089174066945,111.20893767141933
54.92942456233383,56.76635662222938
54.93875995060071,30.129964206022247
54.94809533886759,19.562340772722465
54.95743072713447,226.61358964035662
54.966766115401356,23.651235820058503
54.97610150366824,194.35314168968026
54.98543689193512,299.0208747694353
54.994772280202,29.057728490367293
55.00410766846888,84.07603213608922
55.01344305673577,120.51351973903296
55.02277844500265,450.00621565273485
55.03211383326953,173.18996725097747
55.04144922153641,737.065817471857
55.050784609803294,134.90336700180393
55.06011999807018,488.5943045123869
55.069455386337054,143.67343090350346
55.07879077460394,3.7035817249974405
55.08812616287082,186.9887711200763
55.097461551137705,115.90907161258659
55.10679693940459,88.02200728325103
55.116132327671465,210.8281082500265
55.12546771593835,166.7154660417006
55.13480310420523,181.0319226736393
55.144138492472116,48.50111467004109
55.15347388073899,156.04477560476982
55.162809269005876,63.534450962317386
55.17214465727276,50.11813353780045
55.181480045539644,116.36815519105251
55.19081543380653,56.084294218232806
55.200150822073404,87.59817708077152
55.20948621034029,248.64677386535814
55.21882159860717,131.51535393375582
55.228156986874055,162.57500060863802
55.23749237514093,107.56508807700563
55.246827763407815,34.673153436913225
55.2561631516747,220.95006122367954
55.26549853994158,248.66595325634754
55.274833928208466,30.403176280310866
55.28416931647534,38.81152308877162
55.293504704742226,409.6638529125511
55.30284009300911,203.62284356812742
55.31217548127599,265.61690510109855
55.32151086954287,388.633378072599
55.33084625780975,294.77332876782685
55.34018164607664,141.5291697382544
55.34951703434352,509.64598038206486
55.358852422610404,360.98463639215527
55.36818781087728,71.24905735676593
55.377523199144164,14.845340866951759
55.38685858741105,500.5980139434649
55.39619397567793,143.7140856241814
55.40552936394481,44.57586614740585
55.41486475221169,185.2025294922486
55.424200140478575,12.634853495718982
55.43353552874546,470.90731670313625
55.442870917012335,280.29341721493137
55.45220630527922,19.015588389826785
55.4615416935461,165.35780213551513
55.470877081812986,106.49395304192042
55.48021247007987,167.83046137073566
55.48954785834675,58.3410374359931
55.49888324661363,535.2538456808674
55.508218634880514,28.16058829288432
55.5175540231474,4.5950488727632735
55.526889411414274,170.91824031357174
55.53622479968116,61.70001701179576
55.54556018794804,4.119621857814979
55.554895576214925,88.67754223594623
55.56423096448181,240.46374759921628
55.573566352748685,4.074232201814227
55.58290174101557,3.12724317210779
55.59223712928245,304.0367045261196
55.601572517549336,138.1222403362024
55.61090790581621,9.602639250022346
55.620243294083096,232.9595787600797
55.62957868234998,28.814133677341772
55.63891407061686,75.7151216640984
55.64824945888375,303.3710917981863
55.65758484715062,19.59780138583614
55.66692023541751,26.285037889645075
55.67625562368439,1.3557504727633953
55.685591011951274,419.3789836532889
55.69492640021815,273.0814637574225
55.704261788485034,240.07590939791834
55.71359717675192,317.8685769747425
55.7229325650188,74.73173390018394
55.73226795328568,56.33506263243359
55.74160334155256,506.9306223375012
55.750938729819445,109.12270278489079
55.76027411808633,328.80195817035116
55.76960950635321,448.35562254328056
55.77894489462009,290.8361270092302
55.78828028288697,51.88558619364897
55.79761567115386,19.588014837676145
55.80695105942074,447.15689332987114
55.81628644768762,48.42578037392316
55.8256218359545,34.05217492657885
55.834957224221384,251.02035668113857
55.84429261248827,39.93216980154093
55.85362800075515,13.26539616751252
55.86296338902203,30.358683967894347
55.87229877728891,424.76592632177216
55.881634165555795,81.49044803500354
55.89096955382268,13.166909202961532
55.900304942089555,400.1468709219205
55.90964033035644,84.07246856262039
55.91897571862332,227.84446417105178
55.928311106890206,592.3852874384388
55.93764649515709,694.5912576504626
55.946981883423966,735.1048826261224
55.95631727169085,654.3223942459688
55.96565265995773,97.87445807252259
55.97498804822462,88.73726790323995
55.98432343649149,410.21367953577527
55.99365882475838,1425.1144634068346
56.00299421302526,114.64575669903823
56.012329601292144,90.22951316135831
56.02166498955902,168.7228027987034
56.031000377825904,191.943616928555
56.04033576609279,247.86519204226593
56.04967115435967,209.16784173532878
56.059006542626555,33.92320430610239
56.06834193089343,92.70291127199238
56.077677319160316,9.740097339788784
56.0870127074272,0.6669434088030534
56.09634809569408,123.16578492837826
56.10568348396096,129.66405892286951
56.11501887222784,1.2131662334715516
56.12435426049473,239.77951533971336
56.13368964876161,500.8155788798037
56.143025037028494,292.37330991406446
56.15236042529537,1278.645262529109
56.161695813562254,361.74866753748483
56.17103120182914,61.93841149840171
56.18036659009602,303.39183523857616
56.1897019783629,81.89537078750706
56.19903736662978,109.86496829132649
56.208372754896665,422.5743166042873
56.21770814316355,230.46466640169078
56.22704353143043,1332.0484556556512
56.23637891969731,873.5243551846416
56.24571430796419,250.99061661554714
56.255049696231076,484.96450105312556
56.26438508449796,9.549945845416028
56.273720472764836,311.08392930464015
56.28305586103172,221.77237289486146
56.2923912492986,101.71262877658282
56.30172663756549,341.2560793178891
56.31106202583236,19.735210134474574
56.32039741409925,118.7979820832459
56.32973280236613,293.9413545496983
56.339068190633014,237.20279276270122
56.3484035788999,58.94378903776262
56.357738967166775,73.75204152910788
56.36707435543366,445.14333153024734
56.37640974370054,65.81671016316578
56.385745131967425,39.52425966042891
56.3950805202343,60.66991757632427
56.404415908501186,112.61437943020587
56.41375129676807,96.71796208746342
56.42308668503495,169.66980149525403
56.43242207330184,62.7043328916147
56.44175746156871,9.880120025102887
56.4510928498356,416.7921923378711
56.46042823810248,201.71507826900282
56.469763626369364,484.25301963282516
56.47909901463624,710.8696782568605
56.488434402903124,51.277898797501045
56.49776979117001,358.47587069464845
56.50710517943689,63.40750908275575
56.516440567703775,771.1885943123492
56.52577595597065,917.4735867688455
56.535111344237535,71.53314160478234
56.54444673250442,115.09405399620316
56.5537821207713,6.299220053479881
56.56311750903818,1128.1285990958356
56.57245289730506,167.1414626822572
56.581788285571946,146.9679155261481
56.59112367383883,348.4871217519759
56.600459062105706,645.5878632047753
56.60979445037259,183.0683834194783
56.61912983863947,116.09613645160195
56.62846522690636,156.00666548329596
56.63780061517324,15.982614880174465
56.64713600344012,426.1159162585813
56.656471391707,406.19846336048516
56.665806779973884,139.50235359995557
56.67514216824077,247.35417928910115
56.684477556507645,184.4450477524668
56.69381294477453,68.63476341976131
56.70314833304141,246.0818927338358
56.712483721308296,166.8512393154509
56.72181910957518,351.1221643908363
56.731154497842056,375.89281336008344
56.74048988610894,264.112000354061
56.74982527437582,509.24857705926263
56.75916066264271,1.719558022852345
56.76849605090958,130.90135233227534
56.77783143917647,11.900411016795374
56.78716682744335,148.12160642450806
56.796502215710234,42.68354857119728
56.80583760397712,70.52384779943719
56.815172992243994,62.17805001411881
56.82450838051088,164.88707784102525
56.83384376877776,79.74990618560606
56.843179157044645,248.21105427641683
56.85251454531152,482.23203229354397
56.861849933578405,166.40015039384645
56.87118532184529,295.7416753041554
56.88052071011217,495.0136904101386
56.889856098379056,150.89553786422059
56.89919148664593,67.69915518734402
56.908526874912816,64.98284415169239
56.9178622631797,20.3748214218421
56.92719765144658,161.6508696026369
56.93653303971346,8.323372320752572
56.94586842798034,4.593435177022963
56.95520381624723,20.23465929112983
56.96453920451411,410.63757427714177
56.97387459278099,292.4183744557591
56.98320998104787,25.18051013210716
56.992545369314755,602.5293729268036
57.00188075758164,122.92820892053788
57.01121614584852,226.31693459968835
57.0205515341154,567.225998052975
57.02988692238228,144.36119989592203
57.039222310649166,474.70924346332123
57.04855769891605,166.19483455362013
57.057893087182926,63.31986575820765
57.06722847544981,196.24601320890662
57.07656386371669,48.313561475281645
57.08589925198358,335.48885176204885
57.09523464025046,278.5213579148302
57.10457002851734,96.9717242211961
57.11390541678422,248.53757809433793
57.123240805051104,134.66590538204505
57.13257619331799,127.55977371024613
57.141911581584864,101.15294722884043
57.15124696985175,62.35104705540606
57.16058235811863,96.99858788466435
57.169917746385515,49.74787193659782
57.1792531346524,188.40639175938284
57.188588522919275,447.3752492213651
57.19792391118616,81.5530535701653
57.20725929945304,48.85800520421363
57.216594687719926,11.325271394645835
57.2259300759868,618.4946045863672
57.235265464253686,289.770535841635
57.24460085252057,48.73433910311499
57.25393624078745,47.127752734358324
57.26327162905433,252.59820088263172
57.272607017321214,426.5019778290559
57.2819424055881,424.71862217010107
57.29127779385498,110.0779894994504
57.300613182121864,107.1218506432712
57.30994857038874,17.163129679585513
57.319283958655625,32.03974618791658
57.32861934692251,136.3206927489578
57.33795473518939,25.464710377044888
57.34729012345627,72.15876704100354
57.35662551172315,224.25934015875808
57.365960899990036,165.6983441600126
57.37529628825692,143.2865498642614
57.3846316765238,400.3261591167009
57.39396706479068,84.17657333188751
57.40330245305756,48.31968599677039
57.41263784132445,14.530347610179314
57.42197322959133,463.5600512967695
57.43130861785821,18.98591019642854
57.44064400612509,110.48886212623177
57.449979394391974,69.43774593370881
57.45931478265886,86.36962950529245
57.46865017092574,29.278699762162148
57.47798555919262,147.1578481837321
57.4873209474595,13.046465225034433
57.496656335726385,33.71897377933962
57.50599172399327,92.02902559569996
57.515327112260145,29.29540225258674
57.52466250052703,66.53518150220839
57.53399788879391,52.501375265228674
57.543333277060796,83.47715638250779
57.55266866532767,3.2070947583538087
57.562004053594556,287.98710299743294
57.57133944186144,152.774000291407
57.58067483012832,372.4580299653067
57.59001021839521,839.3971482208882
57.599345606662084,256.95005657892256
57.60868099492897,94.12386495256402
57.61801638319585,68.56049939041107
57.627351771462735,84.44071061646503
57.63668715972961,23.015589129360293
57.646022547996495,16.21436872627283
57.65535793626338,42.546301095077936
57.66469332453026,149.4350969457519
57.674028712797146,268.7861109777731
57.68336410106402,298.39819620065776
57.692699489330906,112.81035334639776
57.70203487759779,37.61258517639282
57.71137026586467,219.28006556896477
57.72070565413155,24.09673440134475
57.73004104239843,115.04113720844008
57.73937643066532,101.05509923221096
57.7487118189322,50.4157094874047
57.758047207199084,156.5400203369812
57.76738259546596,418.2749438739133
57.776717983732844,329.469530729369
57.78605337199973,179.0806041868704
57.79538876026661,160.19389011143676
57.80472414853349,210.8172158597017
57.81405953680037,25.86537334275031
57.823394925067255,435.79233701067307
57.83273031333414,284.02234925726435
57.842065701601015,37.48545842091568
57.8514010898679,512.5709944348619
57.86073647813478,360.27218467014944
57.870071866401666,57.692615688401204
57.87940725466855,191.37654844453957
57.888742642935426,164.47112061091127
57.89807803120231,179.16651413119448
57.907413419469194,147.4584002292055
57.91674880773608,43.730797859423376
57.926084196002954,142.50253181303015
57.93541958426984,334.13889611943637
57.94475497253672,27.190852404314544
57.954090360803605,303.7714948490415
57.96342574907049,216.96462939311206
57.972761137337365,37.48252655311799
57.98209652560425,211.00030191774223
57.99143191387113,11.124402340295442
58.000767302138016,66.48245105331881
58.01010269040489,45.463130596207705
58.019438078671776,24.699677681872284
58.02877346693866,124.42596724444034
58.03810885520554,1.5516601977286113
58.04744424347243,45.70684241754338
58.0567796317393,34.93569799777496
58.06611502000619,173.53202636476107
58.07545040827307,171.30985130212989
58.084785796539954,89.78304701024325
58.09412118480683,210.13793177866827
58.103456573073714,102.96565971425933
58.1127919613406,79.4657840229499
58.12212734960748,69.58762529792885
58.131462737874365,48.04214484062142
58.14079812614124,20.377333795585255
58.150133514408125,331.88856924813695
58.15946890267501,58.88540812451944
58.16880429094189,158.488792738828
58.17813967920877,435.2570423083993
58.18747506747565,55.755768753906715
58.196810455742536,132.8034011630331
58.20614584400942,53.7792970335934
58.2154812322763,3.661326434302884
58.22481662054318,56.20240060176828
58.234152008810064,156.0180046015497
58.24348739707695,13.110356700944763
58.25282278534383,157.04256899297582
58.26215817361071,64.44400788907322
58.27149356187759,107.60643362014757
58.280828950144475,133.60893929851585
58.29016433841136,216.3009436023202
58.299499726678235,216.53136051400918
58.30883511494512,6.098994820358557
58.318170503212,171.3093516112597
58.327505891478886,221.94089257897832
58.33684127974577,180.42704916319656
58.346176668012646,60.23364984523653
58.35551205627953,5.29905213364567
58.36484744454641,476.6997385184137
58.3741828328133,10.941430705980464
58.38351822108017,11.881437521862766
58.39285360934706,297.03758380887683
58.40218899761394,67.62415037061137
58.411524385880824,9.378352396633714
58.42085977414771,270.10627119806117
58.430195162414584,128.8873893427752
58.43953055068147,121.19978687717251
58.44886593894835,281.9896714007368
58.458201327215235,8.514591036438683
58.46753671548211,586.2164204897801
58.476872103748995,616.7660932380559
58.48620749201588,960.2122978872649
58.49554288028276,1055.7347639808838
58.50487826854964,835.386754533596
58.51421365681652,503.7076153912312
58.523549045083406,185.33280602828916
58.53288443335029,142.83245650172037
58.542219821617174,21.742531630434726
58.55155520988405,56.42502718486281
58.560890598150934,523.751220257578
58.57022598641782,186.60293372827763
58.5795613746847,456.57080879080075
58.58889676295158,189.71657848930872
58.59823215121846,335.93186814709856
58.607567539485345,166.78125467354008
58.61690292775223,746.7126056939067
58.62623831601911,266.07714642292717
58.63557370428599,413.4690886883705
58.64490909255287,1126.8650058188884
58.654244480819756,336.5081169507247
58.66357986908664,210.5397309676303
58.672915257353516,283.369372611168
58.6822506456204,144.88166256262653
58.69158603388728,5.495945857285581
58.70092142215417,276.7224973157387
58.71025681042105,45.90048513288783
58.71959219868793,74.45879027365986
58.72892758695481,400.50594678235456
58.738262975221694,12.768782104788711
58.74759836348858,188.1988881122594
58.756933751755454,316.31788345325606
58.76626914002234,71.4596603189477
58.77560452828922,43.34047553406092
58.784939916556105,67.50426118637246
58.79427530482298,27.604889787897584
58.803610693089865,132.8688587699554
58.81294608135675,103.54382997884547
58.82228146962363,68.15376909059306
58.831616857890516,221.05807252931433
58.84095224615739,82.50105860365146
58.85028763442428,256.0212582851825
58.85962302269116,271.026006692735
58.868958410958044,275.3267940644794
58.87829379922492,197.56250001418522
58.887629187491804,381.4264807627577
58.89696457575869,955.4493065649119
58.90629996402557,6.494042210760766
58.915635352292455,459.8792667511361
58.92497074055933,218.7562461924424
58.934306128826215,88.4698577847548
58.9436415170931,738.3756992729229
58.95297690535998,182.47950460200053
58.96231229362686,92.56364897965078
58.97164768189374,430.61670900544414
58.980983070160626,4.662198095044218
58.99031845842751,53.01397928957039
58.99965384669439,125.72880634725153
59.00898923496127,15.814872026774522
59.01832462322815,114.54201744440554
59.02766001149504,47.22336049531429
59.03699539976192,16.06136125560943
59.0463307880288,4.649180438267123
59.05566617629568,18.523993180509855
59.065001564562564,25.01158807760853
59.07433695282945,3.334452048175683
59.083672341096324,51.231915283545895
59.09300772936321,6.7036622541991875
59.10234311763009,198.93062972852277
59.111678505896975,79.68299545344348
59.12101389416386,13.555023266112538
59.130349282430736,190.90644806764038
59.13968467069762,25.68877100219132
59.1490200589645,76.05897289138919
59.158355447231386,515.7019982733664
59.16769083549826,227.17086245669185
59.17702622376515,178.25270735055554
59.18636161203203,270.6095474650827
59.195697000298914,149.3708926578672
59.2050323885658,3.723628112371751
59.214367776832674,53.79602961202664
59.22370316509956,37.17095871495399
59.23303855336644,55.65449497681618
59.242373941633325,97.5310466113468
59.2517093299002,17.762226590116654
59.261044718167085,66.52678099577571
59.27038010643397,50.543187653420105
59.27971549470085,18.371997237135133
59.289050882967736,36.702561722599256
59.29838627123461,240.54933367141538
59.307721659501496,49.61425926240805
59.31705704776838,47.56020233150141
59.32639243603526,259.5674462379605
59.33572782430214,40.337346252475314
59.34506321256902,6.757498542571495
59.35439860083591,76.1734700446985
59.36373398910279,286.26724212431867
59.37306937736967,3.111902554469207
59.38240476563655,48.93955673594871
59.391740153903434,237.9267146476057
59.40107554217032,135.68595797962328
59.4104109304372,29.86249302103825
59.41974631870408,32.23734651131113
59.42908170697096,205.43448720030693
59.438417095237845,211.39233299282654
59.44775248350473,61.98818089724828
59.457087871771606,66.96978080580072
59.46642326003849,772.9062020316917
59.47575864830537,267.525379820655
59.48509403657226,117.18347909683592
59.49442942483914,169.26850021852894
59.50376481310602,260.21408960987117
59.5131002013729,35.56661287293828
59.522435589639784,16.776353119275182
59.53177097790667,56.954265413869926
59.541106366173544,329.6052926097654
59.55044175444043,220.47823810760605
59.55977714270731,181.19441217463236
59.569112530974195,34.399689147377394
59.57844791924108,4.730598492419916
59.587783307507955,167.12801709956466
59.59711869577484,9.842906331293113
59.60645408404172,18.851397550668413
59.615789472308606,83.78146905000293
59.62512486057548,136.50698766766538
59.634460248842366,160.10327581638097
59.64379563710925,105.86834058876431
59.65313102537613,7.718451754489236
59.66246641364302,350.25735142570863
59.67180180190989,19.875047129432282
59.68113719017678,49.63950543949701
59.69047257844366,119.60294441689946
59.699807966710544,212.50061070285895
59.70914335497742,136.554539604108
59.718478743244304,154.30592696731938
59.72781413151119,307.2280026989888
59.73714951977807,64.55686292441226
59.74648490804495,106.66986799354737
59.75582029631183,112.84578513310522
59.765155684578716,6.435558466066843
59.7744910728456,2.4133942722138504
59.78382646111248,14.826496768023734
59.79316184937936,72.54569216592084
59.80249723764624,2.4422281618493984
59.81183262591313,42.73849636485138
59.82116801418001,6.407125816020524
59.83050340244689,28.421661100936422
59.83983879071377,87.94809521399812
59.849174178980654,21.118410938646765
59.85850956724754,17.183766690958727
59.86784495551442,23.307365594852943
59.8771803437813,59.65632636895926
59.88651573204818,25.233592357391405
59.895851120315065,5.837956371524551
59.90518650858195,124.89819241703157
59.914521896848825,48.27590937741476
59.92385728511571,231.89742434118122
59.93319267338259,421.6949896557608
59.942528061649476,33.61020896079351
59.95186344991636,250.29899478977177
59.961198838183236,800.5531074736526
59.97053422645012,7.185984148102975
59.979869614717,178.81040317434523
59.98920500298389,195.2781533087747
59.99854039125076,576.2064145309763
60.00787577951765,74.82786991038067
60.01721116778453,124.35147261227861
60.026546556051414,840.8229691381887
60.03588194431829,109.53088019819437
60.045217332585175,0.2836543249683129
60.05455272085206,818.2349942279014
60.06388810911894,162.46469417591712
60.073223497385825,2.974693135589114
60.0825588856527,445.0550283886192
60.091894273919586,153.7435540724511
60.10122966218647,195.70975624667275
60.11056505045335,345.80971777019056
60.11990043872023,6.117980513317649
60.12923582698711,115.10337927044277
60.138571215254,185.00569239899707
60.14790660352088,172.8606693351431
60.157241991787764,491.4183355016013
60.16657738005464,142.59229796515305
60.175912768321524,92.43825940947038
60.18524815658841,53.19922560978624
60.19458354485529,340.09051628184005
60.20391893312217,320.37889440321555
60.21325432138905,82.96326447611372
60.222589709655935,38.30679517241377
60.23192509792282,109.07366280769638
60.2412604861897,441.26130844847063
60.25059587445658,169.2682427474189
60.25993126272346,45.19040950047235
60.269266650990346,232.43074923900284
60.27860203925723,20.98453681511482
60.287937427524106,100.18056763545587
60.29727281579099,516.0370953355698
60.30660820405787,133.80491758628872
60.31594359232476,768.1479914783714
60.325278980591634,272.4470223974241
60.33461436885852,97.48317755200154
60.3439497571254,450.5429175860181
60.353285145392285,345.9622505072076
60.36262053365917,104.44456542870307
60.371955921926045,153.22822786935672
60.38129131019293,95.45808444742599
60.39062669845981,556.0945641518356
60.399962086726696,411.27492854786635
60.40929747499357,309.55341090218604
60.418632863260456,181.80259318255943
60.42796825152734,86.85749589936638
60.43730363979422,263.1560071270441
60.44663902806111,34.79380374768317
60.45597441632798,58.24839792765416
60.46530980459487,176.52217611107432
60.47464519286175,72.4298387089362
60.483980581128634,53.77332612808978
60.49331596939551,137.68781101903176
60.502651357662394,83.38143259680818
60.51198674592928,69.66649186142416
60.52132213419616,276.0594587683547
60.530657522463045,549.7202565382057
60.53999291072992,119.04586352494417
60.549328298996805,85.95326575491565
60.55866368726369,30.78292092277798
60.56799907553057,10.624804471061747
60.57733446379745,331.1665402120702
60.58666985206433,58.58150676578807
60.596005240331216,269.63531218248426
60.6053406285981,149.36306988817046
60.614676016864976,306.44196936662695
60.62401140513186,241.0151107329574
60.633346793398744,386.24624824440195
60.64268218166563,97.4208034211161
60.65201756993251,152.39364652622626
60.66135295819939,1059.5668345509685
60.67068834646627,15.610692324951424
60.680023734733155,46.42116437079681
60.68935912300004,343.31453223633014
60.698694511266915,69.56857205437124
60.7080298995338,40.88290625975406
60.71736528780068,200.76100490546162
60.726700676067566,38.393702636181125
60.73603606433445,71.11821783029043
60.745371452601326,47.683384124901636
60.75470684086821,91.31288347508386
60.76404222913509,178.06163515055187
60.77337761740198,169.45243162139806
60.78271300566885,58.718664672814356
60.79204839393574,29.057022392256908
60.80138378220262,241.78111110423652
60.810719170469504,57.32016897280595
60.82005455873639,57.847100173853136
60.829389947003264,20.29333970083769
60.83872533527015,160.17719702372418
60.84806072353703,167.2597379953389
60.857396111803915,36.18651117936877
60.86673150007079,41.77136421835807
60.876066888337675,60.20241570579948
60.88540227660456,337.48008431393447
60.89473766487144,424.53661019284715
60.904073053138326,160.63113777387142
60.9134084414052,377.9625179902179
60.922743829672086,166.97469373987937
60.93207921793897,0.7601707114999234
60.94141460620585,38.65960660752051
60.95074999447273,54.7525789123661
60.960085382739614,73.1893664006094
60.9694207710065,72.92251832347844
60.97875615927338,196.0423295015612
60.98809154754026,128.61866824554647
60.99742693580714,7.140915231069862
61.006762324074025,535.3600666822481
61.01609771234091,95.23683357274996
61.02543310060779,21.43035827718441
61.03476848887467,161.8243982988292
61.04410387714155,570.2531350218434
61.053439265408436,14.768607842833072
61.06277465367532,210.9823345257119
61.072110041942196,422.70514814991816
61.08144543020908,35.53157059658156
61.09078081847596,145.41530117472502
61.10011620674285,83.02538935773725
61.10945159500973,192.4390803744628
61.11878698327661,66.26005783570406
61.12812237154349,123.78808131753493
61.137457759810374,127.66547626154637
61.14679314807726,26.24301972953026
61.156128536344134,35.77659544025171
61.16546392461102,408.82203357487987
61.1747993128779,472.07954533474856
61.184134701144785,518.2229405396187
61.19347008941167,1131.5278154157415
61.202805477678545,540.2840359367674
61.21214086594543,276.77286073558986
61.22147625421231,117.10936114005918
61.230811642479196,60.70454184843433
61.24014703074607,104.49557463545216
61.249482419012956,295.83339506699014
61.25881780727984,51.48209663102779
61.268153195546724,19.962609878258114
61.2774885838136,71.0271777520056
61.286823972080484,313.839252340546
61.29615936034737,57.68054949738284
61.30549474861425,22.727448225510106
61.314830136881135,45.03225646670462
61.32416552514801,61.183603655022054
61.333500913414895,53.3772352220522
61.34283630168178,146.94359902479422
61.35217168994866,466.97507223496984
61.36150707821554,114.8805870427538
61.37084246648242,341.1731143250269
61.380177854749306,55.568365909769646
61.38951324301619,236.070939544882
61.39884863128307,18.44119000724357
61.40818401954995,820.3734720879906
61.41751940781683,56.788143879960124
61.42685479608372,134.64977775805585
61.4361901843506,192.12854880247048
61.44552557261748,469.4254595762571
61.45486096088436,66.86333184029085
61.464196349151244,200.84774163527942
61.47353173741813,61.519845616861964
61.48286712568501,481.4930011006051
61.49220251395189,205.87038784617178
61.50153790221877,195.0527653258643
61.510873290485655,150.58646256192924
61.52020867875254,236.22717652229372
61.529544067019415,60.594685230573305
61.5388794552863,452.71987829692983
61.54821484355318,891.6455379037922
61.557550231820066,211.61111687774303
61.56688562008694,750.8824386232671
61.576221008353826,366.3506961024728
61.58555639662071,97.26143550083853
61.594891784887594,130.63375575353444
61.60422717315448,328.1460203352211
61.613562561421354,166.458383722176
61.62289794968824,127.79078870283627
61.63223333795512,55.00568892680998
61.641568726222005,236.98067200066683
61.65090411448888,25.755804666754965
61.660239502755765,108.74513897019365
61.66957489102265,173.91295284724472
61.67891027928953,413.69980269252625
61.688245667556416,204.6964818556191
61.69758105582329,468.43492353082206
61.706916444090176,384.7083694705267
61.71625183235706,14.212175773305134
61.72558722062394,106.14588271009549
61.73492260889082,43.60435890761506
61.7442579971577,248.1902561417266
61.75359338542459,31.41389641573579
61.76292877369147,67.58717685289577
61.772264161958354,131.30253868552387
61.78159955022523,99.21990479100214
61.790934938492114,234.7116738072128
61.800270326759,232.23780680951265
61.80960571502588,55.97300485516508
61.81894110329276,186.6943481723317
61.82827649155964,113.04627354014417
61.837611879826525,93.84791410804696
61.84694726809341,321.74087239030484
61.856282656360285,11.117855526736745
61.86561804462717,8.575668960060554
61.87495343289405,70.14371227186939
61.884288821160936,56.893777542413716
61.89362420942782,81.52855816985343
61.9029595976947,63.49664026137142
61.91229498596158,111.57381031082647
61.921630374228464,103.08406373105551
61.93096576249535,6.38147129134194
61.940301150762224,138.6985124535908
61.94963653902911,18.03786473741599
61.95897192729599,78.27363031798454
61.968307315562875,412.5887631575748
61.97764270382976,6.396011793146571
61.986978092096635,27.56951869421033
61.99631348036352,332.3529042218955
62.0056488686304,160.08623675168752
62.014984256897286,11.941009100421518
62.02431964516416,53.612038202471325
62.033655033431046,277.4690629612672
62.04299042169793,473.38542091259046
62.05232580996481,311.21828079963433
62.0616611982317,205.09846212663243
62.07099658649857,196.52077186864582
62.08033197476546,186.0532711488326
62.08966736303234,37.58855049207813
62.099002751299224,91.42050324379017
62.1083381395661,164.996049238851
62.117673527832984,12.027497756866875
62.12700891609987,238.36669194858607
62.13634430436675,52.66253802066979
62.14567969263363,38.59074295566658
62.15501508090051,601.7276210373177
62.164350469167395,151.29496112381452
62.17368585743428,59.553925841454316
62.18302124570116,1239.0251906541628
62.19235663396804,137.6372013526097
62.20169202223492,73.1468635648004
62.211027410501806,455.27787200669627
62.22036279876869,69.86945264567309
62.22969818703557,106.60659609872515
62.23903357530245,306.4500743190058
62.248368963569334,10.72784184753337
62.25770435183622,590.0546986901484
62.2670397401031,1123.0102030599253
62.27637512836998,204.307260731366
62.28571051663686,418.75889075118494
62.295045904903745,137.74076474780847
62.30438129317063,252.69237094688634
62.313716681437505,74.15251788242293
62.32305206970439,197.6891415632784
62.33238745797127,263.1748513909016
62.341722846238156,92.64633757740299
62.35105823450504,93.0332795008573
62.360393622771916,73.37258104412382
62.3697290110388,142.15314213359156
62.37906439930568,135.33590112402317
62.38839978757257,376.3453306821475
62.39773517583944,652.2265237304482
62.40707056410633,677.9957578529945
62.41640595237321,135.6793617786484
62.425741340640094,573.332654627571
62.43507672890698,10.639582726183749
62.444412117173854,56.78549959914209
62.45374750544074,30.187512577628162
62.46308289370762,205.38987629475898
62.472418281974505,36.12683031413851
62.48175367024138,93.84642898735005
62.491089058508265,25.81614833837503
62.50042444677515,111.55472441055521
62.50975983504203,0.19645732196663898
62.51909522330891,98.73474125693092
62.52843061157579,106.3573536529196
62.53776599984268,238.66223721011886
62.54710138810956,153.3235420172466
62.556436776376444,360.7044653379756
62.56577216464332,173.4282047336916
62.575107552910204,40.95629241077312
62.58444294117709,208.02541809969418
62.59377832944397,178.09014760525142
62.60311371771085,405.1146622270587
62.61244910597773,82.63378858661852
62.621784494244615,594.2075470361942
62.6311198825115,250.35701848091693
62.64045527077838,44.783606974640946
62.64979065904526,261.9506979693443
62.65912604731214,269.9637983959781
62.668461435579026,17.541690925595486
62.67779682384591,246.70041059760797
62.687132212112786,552.9980700499917
62.69646760037967,103.60451794135052
62.70580298864655,722.9607982757442
62.71513837691344,683.8271881894922
62.72447376518032,468.48108536361195
62.7338091534472,441.9464408383948
62.74314454171408,71.54074674622191
62.752479929980964,249.81778178787354
62.76181531824785,28.949987275921153
62.771150706514725,119.19912106241351
62.78048609478161,28.743240077280632
62.78982148304849,539.4948878415707
62.799156871315375,536.127473011787
62.80849225958225,328.83374877743705
62.817827647849136,819.753898480801
62.82716303611602,631.207511478517
62.8364984243829,90.68566364400115
62.845833812649786,180.33351023282378
62.85516920091666,21.769377358305075
62.86450458918355,304.0428949418523
62.87383997745043,311.0778101070329
62.883175365717314,0.8029159580331864
62.89251075398419,104.75338178293246
62.901846142251074,97.6285922187455
62.91118153051796,293.0419680259303
62.92051691878484,186.8202309968474
62.929852307051725,18.414583823403756
62.9391876953186,112.27758368647757
62.948523083585485,380.8182680308969
62.95785847185237,68.0887017255024
62.96719386011925,221.06384162460478
62.97652924838613,331.0013240781311
62.98586463665301,2.8693966593925144
62.995200024919896,154.87053277766117
63.00453541318678,36.248259367146275
63.01387080145366,142.30297370853484
63.02320618972054,0.9248962507708571
63.03254157798742,34.388855926497314
63.04187696625431,157.2900167515245
63.05121235452119,81.00168299439436
63.06054774278807,16.8228448491739
63.06988313105495,38.77904143851338
63.079218519321834,84.11382506149491
63.08855390758872,85.22297556141308
63.097889295855595,41.263410783217914
63.10722468412248,95.70114879800698
63.11656007238936,26.393805620359938
63.125895460656245,167.09073950243362
63.13523084892313,146.93720646639264
63.144566237190006,87.17950385992823
63.15390162545689,88.518448214064
63.16323701372377,60.377697663680344
63.17257240199066,17.887896289037393
63.18190779025753,122.9574142521182
63.19124317852442,47.11077264797938
63.2005785667913,58.442239165656446
63.209913955058184,53.899079986493845
63.21924934332507,460.51236103640167
63.228584731591944,243.21014902438677
63.23792011985883,392.543610835296
63.24725550812571,143.6346552196732
63.256590896392595,498.7400840790608
63.26592628465947,13.713775928142516
63.275261672926355,16.03683024101258
63.28459706119324,19.810887951715205
63.29393244946012,260.503230379614
63.303267837727006,107.15775827999332
63.31260322599388,233.62129782939888
63.321938614260766,233.64633784690437
63.33127400252765,188.11580109412353
63.34060939079453,15.291012675940939
63.34994477906141,55.43177682080516
63.35928016732829,3.9105322649175704
63.36861555559518,97.48303560806389
63.37795094386206,140.18931062160556
63.38728633212894,112.9311650918532
63.39662172039582,37.84411388783366
63.405957108662705,1.7590653047793978
63.41529249692959,574.3804165896504
63.42462788519647,367.08103047024093
63.43396327346335,148.3429423088968
63.44329866173023,346.119573530118
63.452634049997116,23.842267991117694
63.461969438264,121.41406281292146
63.471304826530876,260.1689736934863
63.48064021479776,392.275824745683
63.48997560306464,99.92453887991293
63.49931099133153,75.08601316083087
63.50864637959841,46.76015226863807
63.51798176786529,96.90627413695717
63.52731715613217,45.15626158134021
63.536652544399054,108.17728642513501
63.54598793266594,43.91918256371893
63.555323320932814,109.63957345725942
63.5646587091997,446.59580582535773
63.57399409746658,26.075721643272974
63.583329485733465,13.480266204849002
63.59266487400035,26.74320609873276
63.602000262267225,168.22619275042652
63.61133565053411,11.46021951719506
63.62067103880099,12.860440988690776
63.630006427067876,161.89706906889205
63.63934181533475,41.570225372662215
63.648677203601636,151.60744053381217
63.65801259186852,399.7252626570041
63.6673479801354,62.81417290275451
63.67668336840229,7.146376376321783
63.686018756669164,245.56483569836703
63.69535414493605,122.4860929225855
63.70468953320293,135.27497941872568
63.714024921469814,97.52984298294162
63.72336030973669,187.6733683024215
63.732695698003575,24.539672417864235
63.74203108627046,343.14773506982743
63.75136647453734,283.1765428288775
63.76070186280422,39.1581876183519
63.7700372510711,270.22243269782
63.779372639337986,123.08589654648361
63.78870802760487,343.5500167564305
63.79804341587175,81.62270234617904
63.80737880413863,51.4170126474223
63.81671419240551,883.306337431566
63.8260495806724,11.454997540995896
63.83538496893928,21.522506722528735
63.84472035720616,291.3913048619903
63.85405574547304,271.24861907989117
63.863391133739924,62.6111510071622
63.87272652200681,156.2534356324891
63.88206191027369,35.977694576350316
63.89139729854057,534.0086050850119
63.90073268680745,283.23372560109675
63.910068075074335,13.978766622725917
63.91940346334122,628.854293424869
63.928738851608095,29.191141170128688
63.93807423987498,34.63354292637337
63.94740962814186,371.46393085037846
63.956745016408746,21.23080588364087
63.96608040467563,16.199274761208326
63.975415792942506,192.77726482312988
63.98475118120939,69.06553721969105
63.99408656947627,50.19678220818722
64.00342195774316,164.703734068794
64.01275734601003,18.039998355512093
64.02209273427691,105.89355105778542
64.03142812254379,68.42800083599609
64.04076351081068,66.45782784177034
64.05009889907755,19.503501744760264
64.05943428734444,197.45199501369808
64.06876967561132,110.26708453565544
64.0781050638782,106.78981053641132
64.08744045214509,449.93464043219745
64.09677584041196,22.155551169185085
64.10611122867886,25.462278965878753
64.11544661694573,401.37497977882686
64.12478200521261,18.254123651118555
64.1341173934795,275.0709502107023
64.14345278174638,420.1793709624553
64.15278817001325,137.1131127440301
64.16212355828014,8.626861459829058
64.17145894654702,140.8182529141337
64.18079433481391,200.06687579883348
64.19012972308079,384.4152574919537
64.19946511134766,211.99444235223186
64.20880049961455,245.35121161892772
64.21813588788143,14.74290735394442
64.22747127614832,353.91247768428525
64.2368066644152,720.330178274731
64.24614205268207,531.8704976688281
64.25547744094897,81.97521131459804
64.26481282921584,34.43250217764476
64.27414821748273,155.779835798974
64.28348360574961,574.2495350620086
64.29281899401649,294.67824526488454
64.30215438228338,31.287920601785206
64.31148977055025,325.85036666756406
64.32082515881713,157.10638876592674
64.33016054708402,59.11297875551884
64.3394959353509,464.6489273035531
64.34883132361779,433.89347389600835
64.35816671188466,133.32678624222476
64.36750210015154,172.9634320998087
64.37683748841843,55.701796409037314
64.38617287668531,82.59086183874008
64.3955082649522,341.9310558975435
64.40484365321907,320.0934235889814
64.41417904148595,28.73671033323289
64.42351442975284,424.4107884338668
64.43284981801972,12.238286716781737
64.44218520628661,14.306178705648556
64.45152059455349,124.51374891557604
64.46085598282036,62.26805521503428
64.47019137108725,11.258973270667552
64.47952675935413,17.84010794470929
64.488862147621,48.745815175120725
64.4981975358879,140.1916130158378
64.50753292415477,95.06439262603905
64.51686831242166,50.68170092830438
64.52620370068854,97.39879530908063
64.53553908895542,35.29237416962517
64.54487447722231,109.06512687394168
64.55420986548918,257.64778281247527
64.56354525375608,59.808408382216015
64.57288064202295,94.13274894377419
64.58221603028983,369.5710839507647
64.59155141855672,113.51708021943425
64.6008868068236,76.4783252697447
64.61022219509047,527.3021086832649
64.61955758335736,10.279057655192283
64.62889297162424,75.15595880290036
64.63822835989113,102.19136343726322
64.647563748158,68.13329979801821
64.65689913642488,15.639312864769485
64.66623452469177,197.75876716743326
64.67556991295865,48.17182099102723
64.68490530122554,58.171560796892415
64.69424068949242,91.41749301588723
64.7035760777593,15.77434146737205
64.71291146602618,58.53720891245141
64.72224685429306,9.559279139025602
64.73158224255995,63.81584030264821
64.74091763082683,96.94264655107993
64.7502530190937,3.9885437628796745
64.7595884073606,18.278572044942702
64.76892379562747,33.76027932015953
64.77825918389435,31.16092108818974
64.78759457216124,20.79066254396437
64.79692996042812,40.38057817987296
64.806265348695,17.123174914608605
64.81560073696188,49.4377184585349
64.82493612522876,33.85522634560056
64.83427151349565,175.07109739302177
64.84360690176253,48.5334019612051
64.85294229002942,4.444600687984396
64.8622776782963,316.742004348835
64.87161306656317,57.66057246982116
64.88094845483006,57.3462647564238
64.89028384309694,6.761041912781397
64.89961923136381,604.878145830599
64.9089546196307,111.51955298382208
64.91829000789758,470.2254692388639
64.92762539616447,528.4307515951517
64.93696078443135,170.8525741848077
64.94629617269823,154.98063459259802
64.95563156096512,31.78827310659992
64.964966949232,102.79825587742157
64.97430233749888,46.380855804401754
64.98363772576576,172.13559287588083
64.99297311403264,86.27467460446866
65.00230850229953,31.279854893004224
65.0116438905664,830.4146023528561
65.0209792788333,128.91593290753227
65.03031466710017,95.7551987677363
65.03965005536705,458.3671732941159
65.04898544363394,2.3593970785357907
65.05832083190082,81.50217688914248
65.06765622016769,369.1514123472049
65.07699160843458,1.3281832844271566
65.08632699670146,69.55724597205682
65.09566238496835,182.45783403048304
65.10499777323523,21.08582972660662
65.1143331615021,57.11521473010891
65.123668549769,274.2534550081397
65.13300393803587,94.30981925313218
65.14233932630276,106.47248579277183
65.15167471456964,186.04578681969136
65.16101010283651,163.59289724016654
65.1703454911034,78.80404889177596
65.17968087937028,38.355942900622786
65.18901626763716,228.9341750011889
65.19835165590405,87.20589910834147
65.20768704417092,156.94893224434992
65.21702243243782,389.073965221713
65.22635782070469,1.5550853744916642
65.23569320897157,111.1847625838294
65.24502859723846,145.696040648364
65.25436398550534,256.01843778912297
65.26369937377223,166.3934809954654
65.2730347620391,589.7647332966321
65.28237015030598,129.8719429007759
65.29170553857287,96.3428266088433
65.30104092683975,63.259068868732825
65.31037631510664,16.0681254260376
65.31971170337351,56.22224777547725
65.32904709164039,131.18500883350862
65.33838247990728,27.97293661490567
65.34771786817416,1.1280837076030759
65.35705325644103,356.498440724038
65.36638864470792,137.08237776728612
65.3757240329748,100.70966161399313
65.38505942124169,562.4933600146541
65.39439480950857,86.81914729166762
65.40373019777545,89.16137579816372
65.41306558604234,89.53727850269755
65.42240097430921,70.48892204295831
65.4317363625761,0.05654394425921093
65.44107175084298,226.52871555654323
65.45040713910986,92.73873692154349
65.45974252737675,48.73698242595234
65.46907791564362,44.12590986337228
65.4784133039105,108.40971354218411
65.48774869217739,158.464329671174
65.49708408044427,342.96486888924204
65.50641946871116,598.574353490777
65.51575485697803,218.60720034962637
65.52509024524491,161.1771779139856
65.5344256335118,405.4635561484355
65.54376102177868,327.79491935463653
65.55309641004557,14.314678726309438
65.56243179831245,45.819015437625055
65.57176718657932,311.0434406572287
65.58110257484621,156.10311628001162
65.59043796311309,47.264169528857515
65.59977335137998,106.68537563666688
65.60910873964686,97.77447304379729
65.61844412791373,12.613228464220775
65.62777951618062,96.23322731931374
65.6371149044475,14.146807367364454
65.64645029271438,26.07788298247637
65.65578568098127,43.294438696431726
65.66512106924814,78.41295610537101
65.67445645751503,17.287688860993182
65.68379184578191,69.48090355199788
65.69312723404879,40.02165696646737
65.70246262231568,178.05017318127105
65.71179801058256,63.91678954077508
65.72113339884945,108.78541018521886
65.73046878711632,95.76226192673946
65.7398041753832,173.43497274814013
65.74913956365009,6.455238511024451
65.75847495191697,165.2474578904368
65.76781034018384,334.28243251872635
65.77714572845073,28.702368965843004
65.78648111671761,2.8661963757583395
65.7958165049845,458.0938347974747
65.80515189325138,199.49393265304488
65.81448728151825,122.94154543797636
65.82382266978514,92.47541669803266
65.83315805805202,4.523846603558517
65.84249344631891,115.09894068229842
65.85182883458579,762.1905842515424
65.86116422285266,135.5695778267226
65.87049961111956,167.55917934062413
65.87983499938643,622.3647162476021
65.88917038765332,360.3387326369146
65.8985057759202,1123.4312565237847
65.90784116418708,1371.399497822307
65.91717655245397,188.05426458125828
65.92651194072084,397.91995351542806
65.93584732898772,184.2955614757618
65.94518271725461,380.5779347779874
65.95451810552149,157.0167041747093
65.96385349378838,56.29993379139847
65.97318888205525,304.7750409090609
65.98252427032213,295.8982607153675
65.99185965858902,100.40502300000591
66.0011950468559,12.357724388974722
66.01053043512279,470.31939491497866
66.01986582338967,86.03577717368086
66.02920121165654,378.20858441974525
66.03853659992343,587.4244976728897
66.04787198819031,290.7515837453051
66.05720737645719,343.14814051862027
66.06654276472408,43.64896162892877
66.07587815299095,183.8225122162199
66.08521354125784,25.169415729311886
66.09454892952472,120.12647373704138
66.1038843177916,22.467927811628563
66.11321970605849,134.11887690364082
66.12255509432536,61.39067627835267
66.13189048259225,117.99469743285988
66.14122587085913,19.633601792527806
66.15056125912601,70.96399011311088
66.1598966473929,38.86771045017684
66.16923203565977,13.341461213789184
66.17856742392667,144.5601882227481
66.18790281219354,234.08792195798534
66.19723820046042,495.6071226203117
66.20657358872731,110.84113212731852
66.21590897699419,509.00987333540843
66.22524436526106,197.03038544300065
66.23457975352795,30.979978355645944
66.24391514179483,118.87004402654965
66.25325053006172,26.367223924631755
66.2625859183286,184.98892865491632
66.27192130659547,39.17280598955813
66.28125669486236,309.3353579325716
66.29059208312924,900.8237586925615
66.29992747139613,114.25835227184372
66.30926285966301,838.6993419248267
66.31859824792988,371.42874235983686
66.32793363619678,21.50996846298232
66.33726902446365,213.65244699613174
66.34660441273053,23.966475657581537
66.35593980099742,51.621095797752886
66.3652751892643,169.51001238982593
66.37461057753119,43.62876541115319
66.38394596579806,32.92049353803111
66.39328135406494,44.699587210090954
66.40261674233183,39.31390870167773
66.4119521305987,0.8314514031314321
66.4212875188656,128.81533935349464
66.43062290713247,56.03057142695018
66.43995829539935,77.21350780277722
66.44929368366624,100.80645287247157
66.45862907193312,88.44813641247649
66.46796446020001,65.07534185670542
66.47729984846688,46.58745544738023
66.48663523673376,110.38341807365178
66.49597062500065,307.63139793807983
66.50530601326753,21.455502336651747
66.5146414015344,104.27551247930973
66.5239767898013,144.01247212043185
66.53331217806817,120.03114126160253
66.54264756633506,339.28418095767563
66.55198295460194,38.57008473157805
66.56131834286882,153.7016044914124
66.5706537311357,301.06745869010786
66.57998911940258,149.2934407547845
66.58932450766947,375.29074484298496
66.59865989593635,46.81312971626974
66.60799528420323,508.2138657820647
66.61733067247012,185.68025798301096
66.626666060737,22.685504909711707
66.63600144900387,59.27121321514599
66.64533683727076,115.41961389481288
66.65467222553764,7.889612868754506
66.66400761380453,41.03903092473536
66.6733430020714,5.19257567583033
66.68267839033828,115.97316078929805
66.69201377860517,76.14591085447283
66.70134916687205,508.1541472507441
66.71068455513894,315.8947494239842
66.72001994340582,140.9535698176807
66.72935533167269,865.1204489174831
66.73869071993958,14.929776609722762
66.74802610820646,216.93795478744198
66.75736149647335,86.4543530694915
66.76669688474023,435.67548292640697
66.7760322730071,166.5037834747305
66.785367661274,13.84828305741376
66.79470304954087,203.72296503141735
66.80403843780775,385.0461356276086
66.81337382607464,181.3071355076083
66.82270921434151,208.033227036401
66.8320446026084,112.3939532674667
66.84137999087528,895.9438044834028
66.85071537914216,77.03942541756605
66.86005076740905,125.4467719264396
66.86938615567593,734.7056397134209
66.87872154394282,32.280298971366804
66.8880569322097,355.0084322631132
66.89739232047657,341.03443840191323
66.90672770874346,201.89354636633365
66.91606309701034,66.05084319996652
66.92539848527723,19.499211298309728
66.9347338735441,222.3716715742223
66.94406926181098,145.02634259465583
66.95340465007787,2.501240362801588
66.96274003834475,177.57546941539002
66.97207542661162,23.674893661801402
66.98141081487852,144.24518529856232
66.99074620314539,420.5748112551724
67.00008159141228,205.40501210557682
67.00941697967916,9.279529947861743
67.01875236794604,98.51626189599504
67.02808775621293,17.59586994437249
67.0374231444798,41.92070166873689
67.0467585327467,324.5263048598949
67.05609392101357,18.81527374618543
67.06542930928045,22.709205533595412
67.07476469754734,199.7243361531624
67.08410008581421,192.02990613179742
67.09343547408109,338.2810954448498
67.10277086234798,89.36694408460089
67.11210625061486,721.7234395806058
67.12144163888175,294.48960790428146
67.13077702714862,73.3406489240458
67.1401124154155,190.05284283029766
67.14944780368239,197.7566328595637
67.15878319194927,449.68715304304425
67.16811858021616,6.149225654938418
67.17745396848304,730.0076421676735
67.18678935674991,323.54354531721725
67.1961247450168,39.486535575440065
67.20546013328368,608.6897522013627
67.21479552155057,173.27232897035486
67.22413090981745,310.4690258409447
67.23346629808432,695.4022552023507
67.24280168635121,328.9010489950763
67.25213707461809,271.75608184205464
67.26147246288497,128.89467989897042
67.27080785115186,173.2651505234608
67.28014323941873,169.10761028757062
67.28947862768563,157.4237148372431
67.2988140159525,367.62893642374047
67.30814940421938,198.70323920885332
67.31748479248627,10.513277751280507
67.32682018075315,90.81645678015434
67.33615556902004,260.4374248398481
67.34549095728691,146.55333154330972
67.35482634555379,13.641106226424457
67.36416173382068,400.75301710302506
67.37349712208756,208.8944018004607
67.38283251035443,25.685560294827443
67.39216789862132,158.40335735650814
67.4015032868882,245.26013530992844
67.41083867515509,102.02828008100074
67.42017406342197,163.59463823162795
67.42950945168884,29.108374974673175
67.43884483995573,521.6431060718937
67.44818022822261,38.02373088008732
67.4575156164895,562.9387122974083
67.46685100475638,209.2847119857711
67.47618639302326,548.5814486541061
67.48552178129015,634.2719544608001
67.49485716955702,30.07065713838669
67.50419255782391,45.10127886140949
67.51352794609079,52.50261979304479
67.52286333435767,358.60653351427175
67.53219872262456,41.957219234850434
67.54153411089143,130.6745533674254
67.55086949915831,52.84785968069346
67.5602048874252,260.19987301128367
67.56954027569208,30.511132032579265
67.57887566395897,300.278821563725
67.58821105222584,95.39557697393286
67.59754644049272,59.46260206740938
67.60688182875961,110.65475018302355
67.61621721702649,20.537489570430086
67.62555260529338,250.1604653536797
67.63488799356026,94.6346650166188
67.64422338182713,50.88891657072998
67.65355877009402,530.1002859452739
67.6628941583609,80.6958444328815
67.67222954662778,170.44870804860585
67.68156493489467,333.0428892220821
67.69090032316154,42.3902052565226
67.70023571142843,73.34705170719928
67.70957109969531,140.24900365343228
67.71890648796219,130.157620231652
67.72824187622908,18.838709645942178
67.73757726449595,252.1520867351211
67.74691265276284,494.90896435748823
67.75624804102972,80.31284037713677
67.7655834292966,472.0935294223526
67.77491881756349,59.950342211834005
67.78425420583036,247.6181486442337
67.79358959409726,45.223448432997856
67.80292498236413,481.53284408631424
67.81226037063101,236.38356746863596
67.8215957588979,113.89401943067297
67.83093114716478,343.8349259486195
67.84026653543165,409.2091619668371
67.84960192369854,136.6715320707117
67.85893731196542,561.376345009965
67.86827270023231,120.53789911979823
67.87760808849919,471.2656888719013
67.88694347676606,111.08965059204397
67.89627886503295,175.46133770892243
67.90561425329983,24.822274645314167
67.91494964156672,48.886050925759804
67.9242850298336,39.074178771047976
67.93362041810047,147.8512326462519
67.94295580636737,45.99896406052006
67.95229119463424,48.188756306338746
67.96162658290112,24.433148591194385
67.97096197116801,382.75631164219004
67.98029735943489,234.3672665007463
67.98963274770178,311.42583955148734
67.99896813596865,751.2746764232872
68.00830352423553,182.76541993200257
68.01763891250242,172.49340740513423
68.0269743007693,206.83916805104403
68.03630968903619,23.552043820198232
68.04564507730306,1.3540710082761702
68.05498046556994,172.66486264960872
68.06431585383683,39.711862045636586
68.07365124210371,4.008785688597745
68.0829866303706,141.39124847339335
68.09232201863747,176.26397307599214
68.10165740690435,9.505415722761873
68.11099279517124,210.44662426018567
68.12032818343812,153.89441929109304
68.129663571705,280.3774534075101
68.13899895997189,34.15430869492068
68.14833434823876,29.322892821036195
68.15766973650565,471.6179826508766
68.16700512477253,291.4637214172946
68.1763405130394,62.135013969631395
68.1856759013063,2.874047718296333
68.19501128957317,759.6978896062533
68.20434667784006,4.6415331745915065
68.21368206610694,69.30313068872866
68.22301745437382,63.94397948859871
68.23235284264071,215.66039923901417
68.24168823090758,41.71575726867296
68.25102361917446,20.617378208465787
68.26035900744135,72.09390138649994
68.26969439570823,63.70931555488328
68.27902978397512,25.52495661989012
68.288365172242,175.44466581932446
68.29770056050887,123.82604712768843
68.30703594877576,1.5841903448923276
68.31637133704264,25.63677010984795
68.32570672530953,147.7768963640787
68.3350421135764,229.02385467558926
68.34437750184328,140.80302654358454
68.35371289011017,317.42228903138755
68.36304827837705,74.39810745572541
68.37238366664394,77.25370757229486
68.38171905491082,252.04765145864692
68.3910544431777,92.91785797256819
68.40038983144458,313.14921642864425
68.40972521971146,356.27155838824234
68.41906060797834,478.48042564511326
68.42839599624523,255.5276147621406
68.4377313845121,1.0866005114984143
68.447066772779,270.47253643482946
68.45640216104587,43.04961292935216
68.46573754931275,82.50516432167629
68.47507293757964,38.284020193823025
68.48440832584652,51.07245657930483
68.4937437141134,59.495649199935514
68.50307910238028,136.12860862992443
68.51241449064716,0.43176068208865653
68.52174987891405,64.68538711721574
68.53108526718093,2.2269157000043207
68.5404206554478,24.59740896749503
68.5497560437147,10.940202642344133
68.55909143198157,62.40194864309588
68.56842682024846,39.958955929641775
68.57776220851534,68.1278333912127
68.58709759678221,47.64689706268701
68.5964329850491,3.4082928719630736
68.60576837331598,63.55464441139014
68.61510376158287,13.915296067274806
68.62443914984975,15.868390214869404
68.63377453811663,260.32374565974607
68.64310992638352,44.388446395963854
68.6524453146504,338.98864897525505
68.66178070291728,771.4092501320753
68.67111609118416,196.39077033049324
68.68045147945104,54.54967516001441
68.68978686771793,133.33225787024074
68.6991222559848,190.69784684690902
68.70845764425168,378.9600900070192
68.71779303251857,93.29558135462968
68.72712842078545,44.842867766196065
68.73646380905234,263.42143573378644
68.74579919731922,102.52144941858637
68.75513458558609,253.33196619970258
68.76446997385298,358.1728750159207
68.77380536211986,25.535102719869585
68.78314075038675,254.31228792372514
68.79247613865363,26.439169676424644
68.8018115269205,119.18965776421436
68.8111469151874,210.37332586901766
68.82048230345427,33.06144956433455
68.82981769172115,22.15913548919179
68.83915307998804,117.00575379792456
68.84848846825491,22.627682978216587
68.8578238565218,18.375663467163402
68.86715924478868,154.45251595605703
68.87649463305556,45.81957231911538
68.88583002132245,142.5786335932104
68.89516540958932,169.0753684248459
68.90450079785622,11.247783732745726
68.91383618612309,43.22648643581233
68.92317157438997,33.97295584273554
68.93250696265686,231.67476807845884
68.94184235092374,86.1342555054575
68.95117773919063,169.36953215701953
68.9605131274575,12.199628077287153
68.96984851572438,158.94733543082532
68.97918390399127,798.9328675299442
68.98851929225815,178.64589249374166
68.99785468052502,10.653573569319066
69.00719006879191,93.42381973182562
69.01652545705879,1025.4317641266252
69.02586084532568,312.8322415923849
69.03519623359256,51.41937690836164
69.04453162185943,384.03197987799734
69.05386701012632,2.395979448569226
69.0632023983932,554.3933539628517
69.07253778666009,515.1779950682865
69.08187317492697,319.10732269361114
69.09120856319385,132.5353841621467
69.10054395146074,639.2353765964172
69.10987933972761,130.197036559573
69.11921472799449,237.6966171366253
69.12855011626138,22.12300445638889
69.13788550452826,343.99955734618857
69.14722089279515,232.82443262308968
69.15655628106202,157.18657605248183
69.1658916693289,104.15650023205878
69.17522705759579,385.1769091290439
69.18456244586267,19.389767855163054
69.19389783412956,64.57319123718767
69.20323322239643,88.89642655611624
69.21256861066331,291.4087424647896
69.2219039989302,59.655687604616425
69.23123938719708,60.16525312883295
69.24057477546397,95.88389035067418
69.24991016373085,28.172490450706263
69.25924555199772,72.50313504499508
69.26858094026461,63.80753873701759
69.27791632853149,54.54374766194685
69.28725171679837,37.05833701189179
69.29658710506526,432.5071906465904
69.30592249333213,262.6276281775112
69.31525788159902,362.84098382110744
69.3245932698659,651.0599741367831
69.33392865813278,23.811239384316657
69.34326404639967,55.017604649448096
69.35259943466654,21.145834873215282
69.36193482293343,473.9490879501102
69.37127021120031,35.45713010498146
69.38060559946719,92.68844969200624
69.38994098773408,96.6923462889893
69.39927637600096,289.0674025798802
69.40861176426783,123.69436519526828
69.41794715253472,216.67817168971715
69.4272825408016,263.02099833337127
69.43661792906849,9.352831405513957
69.44595331733537,65.9654741363928
69.45528870560224,758.5565873764283
69.46462409386913,133.47898803393446
69.47395948213601,105.44221916050137
69.4832948704029,376.1610031947471
69.49263025866978,55.12734130653426
69.50196564693665,11.73956730406977
69.51130103520354,172.42578088472848
69.52063642347042,684.9085955577256
69.52997181173731,506.87826243414213
69.53930720000419,654.4836217803612
69.54864258827106,644.013998350277
69.55797797653796,170.93964021777612
69.56731336480483,88.0427403701935
69.57664875307171,825.7248141083963
69.5859841413386,28.423524347433517
69.59531952960548,360.07893638485797
69.60465491787237,86.08792097044618
69.61399030613924,432.2443571289461
69.62332569440612,82.12014310402331
69.63266108267301,151.17923772699956
69.64199647093989,192.8568589431591
69.65133185920678,50.153192932339486
69.66066724747365,64.71560411652831
69.67000263574053,17.35812617001304
69.67933802400742,90.90781966392458
69.6886734122743,5.9075508485903185
69.69800880054119,68.64693387947179
69.70734418880807,86.84599407441226
69.71667957707494,284.3558807073491
69.72601496534183,77.49469165184253
69.73535035360871,239.16621843914783
69.74468574187559,285.3920258942155
69.75402113014248,99.77328172462425
69.76335651840935,326.39833097062
69.77269190667624,1888.8477463436298
69.78202729494312,171.61829918584564
69.79136268321,678.6307617161352
69.80069807147689,577.0025506472135
69.81003345974376,417.79641509594904
69.81936884801065,426.0885802401708
69.82870423627753,347.03412867422975
69.83803962454441,372.86221219630715
69.8473750128113,115.244136866555
69.85671040107817,316.6710015976933
69.86604578934505,272.37559544899165
69.87538117761194,85.5556981550044
69.88471656587882,15.60571258311572
69.89405195414571,41.43554340556368
69.90338734241259,13.303613854204473
69.91272273067946,33.98824879656481
69.92205811894635,158.93073384193633
69.93139350721323,218.49446033950665
69.94072889548012,47.15708531803676
69.950064283747,134.23037656207867
69.95939967201387,283.67823361932443
69.96873506028076,10.08358514628811
69.97807044854764,8.79894454832656
69.98740583681453,648.755024259712
69.99674122508141,20.25364120735916
70.00607661334828,230.07925101920162
70.01541200161518,436.90681012517933
70.02474738988205,428.2141935137059
70.03408277814893,15.711355205461919
70.04341816641582,42.57654195339839
70.0527535546827,799.3499951950713
70.06208894294959,101.31455232815615
70.07142433121646,103.1095592774104
70.08075971948334,233.15285981544477
70.09009510775023,199.23423053566273
70.0994304960171,108.66855724586411
70.108765884284,25.657793217008678
70.11810127255087,427.85541076058536
70.12743666081775,87.39575520132111
70.13677204908464,712.1255330701308
70.14610743735152,903.2803787868837
70.1554428256184,137.67692558007076
70.16477821388528,484.885212757842
70.17411360215216,242.74239468610173
70.18344899041905,861.3790605610136
70.19278437868593,137.52962538969294
70.2021197669528,297.2935177059949
70.2114551552197,113.46725332934736
70.22079054348657,60.65028735613148
70.23012593175346,265.2748670256255
70.23946132002034,251.25055535624236
70.24879670828722,92.68642762463566
70.2581320965541,5.983101948041739
70.26746748482098,35.144959395792256
70.27680287308787,49.091430855329186
70.28613826135475,151.82706645792638
70.29547364962163,300.8776714749783
70.30480903788852,483.68449608958394
70.3141444261554,76.30089629095086
70.32347981442227,630.4130316084281
70.33281520268916,11.372881034164699
70.34215059095604,155.90262694307472
70.35148597922293,512.5950225363324
70.3608213674898,289.75519014318905
70.37015675575668,44.325335988901706
70.37949214402357,546.9884835612254
70.38882753229045,55.378583823468524
70.39816292055734,159.84696667774196
70.40749830882422,10.742370456745846
70.41683369709109,172.03867943137743
70.42616908535798,0.9557306945672029
70.43550447362486,16.034174086289905
70.44483986189174,8.772707581628545
70.45417525015863,174.65465760578095
70.4635106384255,66.94319910431379
70.4728460266924,48.52269257331819
70.48218141495927,196.23513336303793
70.49151680322615,79.69321072402977
70.50085219149304,161.22874963515
70.51018757975991,406.3987295514237
70.5195229680268,35.60977061227359
70.52885835629368,126.880632874011
70.53819374456056,241.38187407709705
70.54752913282745,142.2894745044432
70.55686452109433,17.45363423092172
70.56619990936122,476.35788938548194
70.5755352976281,28.89660244254375
70.58487068589497,163.308376915566
70.59420607416186,232.0484393458902
70.60354146242874,120.70953861758129
70.61287685069561,88.60092861908458
70.6222122389625,427.6703897560291
70.63154762722938,0.8043874926945753
70.64088301549627,306.3028665268746
70.65021840376315,144.5224516087603
70.65955379203002,214.83073475453313
70.66888918029692,114.76584553272943
70.67822456856379,420.0391642209744
70.68755995683068,36.31160932969084
70.69689534509756,64.22538600458986
70.70623073336444,91.68317438562808
70.71556612163133,95.19334766152365
70.7249015098982,17.800955760728645
70.73423689816508,65.22782639567268
70.74357228643197,119.13353269074608
70.75290767469885,63.447419019624725
70.76224306296574,99.86045359494341
70.77157845123261,77.71100342470035
70.78091383949949,203.35006679309637
70.79024922776638,241.29330587380514
70.79958461603326,39.493185865860895
70.80892000430015,29.345998054541877
70.81825539256702,38.722535073576346
70.8275907808339,92.88922906344575
70.83692616910079,148.13836209489605
70.84626155736767,52.18259243162255
70.85559694563456,58.38484361687407
70.86493233390144,133.93011172528338
70.87426772216831,7.425861682235631
70.8836031104352,301.73394783474674
70.89293849870208,50.31612109088125
70.90227388696896,125.64930874725569
70.91160927523585,300.91679689706604
70.92094466350272,387.33741349119
70.93028005176961,855.3769971160389
70.93961544003649,415.9813310792706
70.94895082830337,267.05648638754366
70.95828621657026,979.6296997833255
70.96762160483713,121.72764899347324
70.97695699310403,369.8415504633097
70.9862923813709,261.79284038093044
70.99562776963778,684.7178292756467
71.00496315790467,259.25533137722607
71.01429854617155,355.93072917828783
71.02363393443842,459.93886762599254
71.03296932270531,495.73632458868565
71.04230471097219,298.770599366149
71.05164009923908,197.54875743656567
71.06097548750596,615.7674292210314
71.07031087577283,442.2372450502949
71.07964626403972,331.142398939039
71.0889816523066,442.2589476349405
71.09831704057349,505.45147785019714
71.10765242884037,220.33671939923494
71.11698781710724,902.089325890855
71.12632320537413,223.11103369303854
71.13565859364101,357.5996107029986
71.1449939819079,443.73421545062746
71.15432937017478,1023.076337090728
71.16366475844166,112.48643537419476
71.17300014670855,94.71270289001421
71.18233553497542,460.99069813859603
71.1916709232423,102.55183353383356
71.20100631150919,270.25466821075855
71.21034169977607,318.383408139145
71.21967708804296,95.23076477350727
71.22901247630983,766.5908384453255
71.23834786457671,158.50461880312957
71.2476832528436,207.61086384542634
71.25701864111048,90.88057514350453
71.26635402937737,286.90214336391074
71.27568941764424,206.49844003425787
71.28502480591112,471.4314325725345
71.29436019417801,67.09527542347456
71.30369558244489,103.31123161209376
71.31303097071176,157.3868179499597
71.32236635897866,138.86726271863424
71.33170174724553,43.029327271600536
71.34103713551242,543.5886435201714
71.3503725237793,81.36034454278634
71.35970791204618,410.7577725668541
71.36904330031307,81.23448619366324
71.37837868857994,127.59956910445119
71.38771407684683,82.10030834563071
71.39704946511371,152.2422743444176
71.40638485338059,19.18408217723957
71.41572024164748,14.720456192508271
71.42505562991435,72.00175453269377
71.43439101818124,5.622785802166288
71.44372640644812,0.22107703688984623
71.453061794715,60.11205981542012
71.46239718298189,0.9385512586020335
71.47173257124876,20.756215159187164
71.48106795951564,2.5926287124119782
71.49040334778253,89.3044544901376
71.49973873604941,32.52972679834743
71.5090741243163,114.94979010774267
71.51840951258318,63.24071591305525
71.52774490085005,175.6724639976735
71.53708028911694,158.99170574587484
71.54641567738382,2.5997504040877133
71.55575106565071,268.90077379128746
71.56508645391759,333.52950502403655
71.57442184218446,265.6274936427178
71.58375723045135,297.69915434250214
71.59309261871823,496.9817251135961
71.60242800698511,191.98309100036144
71.611763395252,10.763998841962668
71.62109878351887,566.9981783064655
71.63043417178577,179.7864791924018
71.63976956005264,67.94236583307776
71.64910494831952,190.7190344197784
71.65844033658641,414.3866863860635
71.66777572485329,93.50646840936463
71.67711111312018,45.211711538355075
71.68644650138705,383.16866213736847
71.69578188965393,22.793141549593813
71.70511727792082,47.518735301399886
71.7144526661877,435.07031702246417
71.72378805445459,22.721458528517896
71.73312344272146,98.18014446529774
71.74245883098834,121.03137222361352
71.75179421925523,68.76063657258659
71.76112960752211,95.61869904491282
71.77046499578898,459.50580702163325
71.77980038405587,34.147165121463324
71.78913577232275,38.46695552923233
71.79847116058964,664.3792502033001
71.80780654885652,111.7673638441808
71.8171419371234,35.2812600558522
71.82647732539029,341.53294529983583
71.83581271365716,33.95771582352581
71.84514810192405,362.4231269529942
71.85448349019093,531.8270903339637
71.8638188784578,325.01609667859145
71.8731542667247,121.50714994556785
71.88248965499157,47.313303376181565
71.89182504325845,86.65510996300904
71.90116043152534,179.84721642372344
71.91049581979222,7.35198262102427
71.91983120805911,18.544711537400737
71.92916659632598,7.760998699214571
71.93850198459286,218.35808712335242
71.94783737285975,85.50714925769455
71.95717276112663,51.73842263032861
71.96650814939352,55.939569371871976
71.9758435376604,127.6794105663098
71.98517892592727,11.304121322456139
71.99451431419416,119.10196774454819
72.00384970246104,55.45241504403816
72.01318509072793,96.45015034295139
72.0225204789948,121.61238619387937
72.03185586726168,104.09555977499522
72.04119125552857,17.68016184272095
72.05052664379545,153.6789312662039
72.05986203206233,80.6842024389547
72.06919742032922,200.80820348818605
72.0785328085961,82.9678653745119
72.08786819686298,34.09821716729051
72.09720358512986,167.17602713609705
72.10653897339674,766.2415954775483
72.11587436166363,229.54016019383715
72.1252097499305,89.15855806719841
72.1345451381974,51.27572734944278
72.14388052646427,42.47906260653875
72.15321591473115,94.26547088950457
72.16255130299804,56.06096517553939
72.17188669126492,76.55373888220426
72.18122207953179,40.71759798007061
72.19055746779868,3.862299027782522
72.19989285606556,15.331577946377177
72.20922824433245,264.6298568641144
72.21856363259933,149.12796352923863
72.2278990208662,353.5448945306858
72.2372344091331,76.41185258200558
72.24656979739997,370.47109972025106
72.25590518566686,291.4788601048049
72.26524057393374,9.011447299033673
72.27457596220061,343.2543097649949
72.2839113504675,157.51947005549118
72.29324673873438,2.9513091118328965
72.30258212700127,84.70999142350892
72.31191751526815,66.57765351671603
72.32125290353503,134.0024477591367
72.33058829180192,0.6826239666490383
72.3399236800688,3.0176817357514722
72.34925906833567,79.24091491413586
72.35859445660256,218.44065959257014
72.36792984486944,175.14400691629913
72.37726523313633,53.02865523038825
72.3866006214032,278.145532322439
72.39593600967008,376.79390254351034
72.40527139793697,68.85781753925433
72.41460678620385,177.33033680658139
72.42394217447074,840.6057043063118
72.43327756273762,18.50937256741567
72.44261295100449,177.55675468857052
72.45194833927138,251.5044374143805
72.46128372753826,164.63385639953594
72.47061911580515,45.88834297353033
72.47995450407203,125.58492543096388
72.4892898923389,10.596959267026794
72.4986252806058,680.9377196554245
72.50796066887267,630.3518406630411
72.51729605713955,422.7284343750866
72.52663144540644,229.72673604252302
72.53596683367331,426.5605879114527
72.5453022219402,2.85654401296689
72.55463761020708,35.56127752498788
72.56397299847396,342.53544305739047
72.57330838674085,2.7166424549055073
72.58264377500772,219.4438329485362
72.59197916327462,535.3349789314058
72.60131455154149,370.9372815818387
72.61064993980837,295.04315057952203
72.61998532807526,22.852280731865825
72.62932071634214,200.02095397570972
72.63865610460901,84.6778483033114
72.6479914928759,23.679585421178952
72.65732688114278,199.74714233933383
72.66666226940967,70.97544996364569
72.67599765767655,11.102704749014901
72.68533304594342,88.54766399539183
72.69466843421031,107.0803552966674
72.70400382247719,62.16131282854308
72.71333921074408,165.28329184551563
72.72267459901096,77.25963673551888
72.73200998727783,24.79472110317343
72.74134537554473,167.86103334779125
72.7506807638116,353.58427465857886
72.76001615207849,132.59706847880724
72.76935154034537,133.6976494889581
72.77868692861225,167.61677135107385
72.78802231687914,15.820004834314355
72.79735770514601,7.318717801553801
72.80669309341289,43.106320166850686
72.81602848167978,111.94534884329076
72.82536386994666,90.88747052543349
72.83469925821355,7.812824174685679
72.84403464648042,112.8247617819816
72.8533700347473,29.279956670489007
72.86270542301419,72.68945330502044
72.87204081128107,62.860082036301236
72.88137619954796,14.658599470014412
72.89071158781483,51.661814076572966
72.90004697608171,104.55002136601202
72.9093823643486,25.60345912893183
72.91871775261548,74.72344569328494
72.92805314088235,136.3631519111761
72.93738852914925,57.471149615875
72.94672391741612,6.48293142682806
72.95605930568301,109.60455124273537
72.96539469394989,21.193962658985377
72.97473008221677,87.48998636283572
72.98406547048366,197.31805405393968
72.99340085875053,94.16211241919405
73.00273624701742,43.15593880899183
73.0120716352843,2.4707199312551817
73.02140702355118,71.2104688953868
73.03074241181807,208.85754135841762
73.04007780008494,226.5330185904293
73.04941318835183,113.6866352836117
73.05874857661871,71.59381431494685
73.06808396488559,209.30916396034596
73.07741935315248,76.76852389497752
73.08675474141936,326.3915122341208
73.09609012968623,652.6496417605214
73.10542551795312,299.13690653217907
73.11476090622,13.741315940980595
73.12409629448689,28.696794388574705
73.13343168275377,211.64425430509792
73.14276707102064,435.58351770264215
73.15210245928753,145.1109851543184
73.16143784755441,39.97776312008338
73.1707732358213,109.0855610182425
73.18010862408818,71.49133144072123
73.18944401235505,589.3954975209251
73.19877940062194,287.91334023238596
73.20811478888882,38.16132763558423
73.2174501771557,183.38448665024572
73.22678556542259,111.72727526821325
73.23612095368946,25.697008921578412
73.24545634195636,173.3410796350501
73.25479173022323,155.0169718014032
73.26412711849011,108.01975939561726
73.273462506757,18.49694070950953
73.28279789502388,83.64773583398707
73.29213328329077,85.10913511807128
73.30146867155764,231.71126208305597
73.31080405982452,46.11377110044892
73.32013944809141,238.84974222257668
73.32947483635829,49.3840536752065
73.33881022462518,17.53819327783002
73.34814561289205,41.603191174326184
73.35748100115893,330.35112257891353
73.36681638942582,121.67454290658507
73.3761517776927,63.67472812436693
73.38548716595957,443.82350488800654
73.39482255422647,130.40795451013457
73.40415794249334,22.338295796493597
73.41349333076023,171.62604365164836
73.42282871902711,12.945424608653399
73.43216410729399,248.72290446212259
73.44149949556088,10.808954829202905
73.45083488382775,9.642537320646724
73.46017027209464,427.6002243111289
73.46950566036152,60.84754089520469
73.4788410486284,21.71508032258453
73.48817643689529,66.46846338215884
73.49751182516216,438.0424451791194
73.50684721342904,250.46530228834368
73.51618260169593,4.6956873185079955
73.52551798996281,16.99568019235496
73.5348533782297,144.21173822694627
73.54418876649657,610.0430823278248
73.55352415476345,327.17098868699657
73.56285954303034,159.0502372003071
73.57219493129722,40.46519159476876
73.58153031956411,176.80873970151967
73.59086570783099,312.07306859341486
73.60020109609786,285.0218978653404
73.60953648436475,505.08848051446444
73.61887187263163,23.775940792764512
73.62820726089852,52.380375053793244
73.6375426491654,43.62365448715525
73.64687803743227,357.46089560531254
73.65621342569916,193.68001070871225
73.66554881396604,541.0579752721242
73.67488420223292,246.07132998700558
73.68421959049981,63.62830930050805
73.69355497876668,319.5828919238136
73.70289036703358,161.35157330811455
73.71222575530045,11.235007454024837
73.72156114356733,371.43789587430996
73.73089653183422,107.1625512095382
73.7402319201011,33.0073470654446
73.74956730836799,141.72636131145936
73.75890269663486,87.87649935417832
73.76823808490174,107.32790573208574
73.77757347316863,224.28279189043397
73.7869088614355,0.6505811175057753
73.79624424970238,281.2603749873889
73.80557963796927,168.0911629308439
73.81491502623615,581.7825880383306
73.82425041450304,38.02156050793251
73.83358580276992,670.2459729394545
73.8429211910368,235.78715026720434
73.85225657930368,95.57478743399771
73.86159196757056,286.9592080302434
73.87092735583745,253.70230706903325
73.88026274410433,158.33948929296432
73.8895981323712,807.844674596788
73.8989335206381,117.1048913878239
73.90826890890497,65.99027035895611
73.91760429717186,143.2477191421454
73.92693968543874,56.14860982257955
73.93627507370562,136.05887471218279
73.9456104619725,131.54886073809877
73.95494585023938,32.039783109246486
73.96428123850626,12.049274980284443
73.97361662677315,72.6760653543086
73.98295201504003,53.822670151795016
73.99228740330692,4.710126309823669
74.0016227915738,318.3157984583881
74.01095817984067,199.74295967037878
74.02029356810756,76.96951629603201
74.02962895637444,631.7132158416653
74.03896434464133,192.67963054944198
74.0482997329082,3.8691890434428795
74.05763512117508,108.41201090397297
74.06697050944197,308.66836903397024
74.07630589770885,19.36999801204944
74.08564128597573,65.80969898594459
74.09497667424262,646.4018079311892
74.10431206250949,107.51211457382071
74.11364745077638,64.09556911362318
74.12298283904326,100.59783861737954
74.13231822731014,170.0344305140803
74.14165361557703,216.34364928356365
74.1509890038439,309.2647786997403
74.1603243921108,107.35615954106994
74.16965978037767,333.69479393033384
74.17899516864455,131.9557726896262
74.18833055691144,532.1909796049218
74.19766594517831,35.16556936813749
74.2070013334452,166.68344803302648
74.21633672171208,15.84261491910033
74.22567210997896,253.31986149759976
74.23500749824585,22.578931002626902
74.24434288651273,161.73011679389361
74.2536782747796,46.762728047293955
74.2630136630465,43.94458024194803
74.27234905131337,32.85354751985344
74.28168443958026,17.420219051329564
74.29101982784714,116.05281109142886
74.30035521611401,39.89089945206873
74.3096906043809,25.095161237879744
74.31902599264778,33.90460466704931
74.32836138091467,91.54808992351909
74.33769676918155,18.965440908196115
74.34703215744842,30.468732276047433
74.35636754571532,44.673468119659454
74.36570293398219,44.53064064921916
74.37503832224907,36.705475735901935
74.38437371051596,80.54936722491152
74.39370909878284,20.406566723081365
74.40304448704973,7.061518838195441
74.4123798753166,115.69782836065387
74.42171526358348,36.546198916156094
74.43105065185037,35.13955500429906
74.44038604011725,141.3643019255035
74.44972142838414,49.62768702624004
74.45905681665101,7.106169616236581
74.46839220491789,66.25452814131654
74.47772759318478,39.39388480606105
74.48706298145166,25.895050171812162
74.49639836971855,129.52255435394738
74.50573375798542,14.975237101950206
74.5150691462523,99.78255284605324
74.52440453451919,61.130116903628675
74.53373992278607,83.96214110883072
74.54307531105295,95.9713741836287
74.55241069931984,90.52931921708812
74.56174608758671,65.33689897448211
74.5710814758536,3.466593008881427
74.58041686412048,322.6324328989482
74.58975225238736,67.03308075855198
74.59908764065425,5.314289670043505
74.60842302892112,80.67650600925143
74.61775841718801,150.10581270277936
74.62709380545489,32.198891791904956
74.63642919372177,62.755887820088844
74.64576458198866,134.8602516512262
74.65509997025553,23.10887805498673
74.66443535852241,107.50883161345708
74.6737707467893,239.828771348353
74.68310613505618,15.891196168392932
74.69244152332307,7.754595392518872
74.70177691158995,175.17044644958622
74.71111229985682,0.03435877236388156
74.72044768812371,83.89209717196519
74.72978307639059,346.4707311064352
74.73911846465748,80.41895418275406
74.74845385292436,1.7976910687991514
74.75778924119123,55.34590450907888
74.76712462945812,199.11580701353364
74.776460017725,86.28222437001484
74.78579540599189,22.848577120270765
74.79513079425877,14.010110830346534
74.80446618252564,15.537616294818656
74.81380157079253,125.28483564068526
74.82313695905941,96.77774373653449
74.83247234732629,7.867505273940791
74.84180773559318,53.22914162825571
74.85114312386006,137.05312651602188
74.86047851212695,144.66722639306766
74.86981390039382,418.3192549414475
74.8791492886607,454.1655951985843
74.88848467692759,124.35955858199902
74.89782006519447,210.02532546877373
74.90715545346136,175.8926330513994
74.91649084172823,132.30780060836688
74.92582622999511,108.45159875269819
74.935161618262,224.99118235273187
74.94449700652888,361.5406319667173
74.95383239479575,184.0179488839526
74.96316778306264,176.5965245782811
74.97250317132952,453.2749071193479
74.98183855959641,26.10161886719827
74.99117394786329,398.39916655287954
75.00050933613016,14.706899200161848
75.00984472439706,494.418902102832
75.01918011266393,1528.3679986429308
75.02851550093082,129.7654453841252
75.0378508891977,465.1006972477496
75.04718627746458,1893.7177698770856
75.05652166573147,835.6612389470656
75.06585705399834,197.32919956594895
75.07519244226523,425.2411548105625
75.08452783053211,1518.6759947345224
75.09386321879899,464.34330750303576
75.10319860706588,170.07355147280492
75.11253399533275,382.98214205095474
75.12186938359963,237.51214144334384
75.13120477186652,302.1292682595187
75.1405401601334,40.39244714226002
75.14987554840029,120.33686866662498
75.15921093666717,11.327706450581186
75.16854632493404,38.57699914118195
75.17788171320093,9.745142981634478
75.18721710146781,72.52045114710319
75.1965524897347,142.1772914616157
75.20588787800158,361.02875675695185
75.21522326626845,350.2875353270682
75.22455865453534,544.6091431900164
75.23389404280222,650.4061851553225
75.24322943106911,146.01459759574794
75.25256481933599,56.14250842195777
75.26190020760286,25.413482078251292
75.27123559586975,242.31447184335025
75.28057098413663,188.16529900449456
75.28990637240351,9.839796940665968
75.2992417606704,88.81697054907552
75.30857714893727,344.1761169057523
75.31791253720417,130.86424030603038
75.32724792547104,0.19592366776320566
75.33658331373792,82.28103581078706
75.34591870200481,805.7127651191253
75.35525409027169,76.76848222165572
75.36458947853858,238.9327161000798
75.37392486680545,531.3821559595973
75.38326025507233,56.15847986015593
75.39259564333922,49.834694256424534
75.4019310316061,14.712348783665895
75.41126641987297,210.76251800684057
75.42060180813986,8.515639775892977
75.42993719640674,191.72235441901336
75.43927258467363,139.5754382950752
75.44860797294051,7.655800441074849
75.45794336120738,262.0703964801804
75.46727874947427,11.646060144453703
75.47661413774115,66.24387129625319
75.48594952600804,191.63536322730027
75.49528491427492,88.5940807015588
75.5046203025418,5.571050024979347
75.51395569080869,16.58346923102165
75.52329107907556,177.64213472992427
75.53262646734245,211.1851500110095
75.54196185560933,146.16381555104059
75.5512972438762,124.18645520380714
75.5606326321431,144.27946069644284
75.56996802040997,302.170957847617
75.57930340867685,36.232424878286174
75.58863879694374,157.45630202851146
75.59797418521062,217.73330160340075
75.60730957347751,665.9510236918707
75.61664496174438,298.6552590390411
75.62598035001126,455.44753436748914
75.63531573827815,545.7094380882912
75.64465112654503,80.03516732333279
75.65398651481192,315.57395972166785
75.6633219030788,687.8277324730992
75.67265729134567,15.64952764073058
75.68199267961256,485.9630005008408
75.69132806787944,50.675742840831425
75.70066345614632,420.6907318519532
75.7099988444132,26.000210252897894
75.71933423268008,129.05578448300977
75.72866962094697,134.6598820597115
75.73800500921385,51.55358274705288
75.74734039748073,99.36457371563077
75.75667578574762,25.613760667967956
75.7660111740145,2.4834422742773143
75.77534656228138,92.01408919121009
75.78468195054826,27.511119205093692
75.79401733881514,6.421935208285036
75.80335272708203,4.741581165772419
75.8126881153489,22.2363105965641
75.8220235036158,61.03267635698281
75.83135889188267,12.619330022351914
75.84069428014955,9.80419997911282
75.85002966841644,6.261396362808019
75.85936505668332,97.02336920095813
75.86870044495019,16.95703334852647
75.87803583321708,12.106471225683517
75.88737122148396,17.434095344013304
75.89670660975085,174.7042288347733
75.90604199801773,38.197750596996755
75.9153773862846,253.3621092704996
75.9247127745515,185.605149502662
75.93404816281837,36.93003434766546
75.94338355108526,433.47950131397295
75.95271893935214,83.29220104742635
75.96205432761901,34.61109772302896
75.9713897158859,247.01431458162855
75.98072510415278,370.2318860734502
75.99006049241966,87.15395563993103
75.99939588068655,71.25432351627472
76.00873126895343,603.7833925243423
76.01806665722032,69.44155875446785
76.0274020454872,54.819662756446455
76.03673743375407,160.16694804153818
76.04607282202096,186.70794055375734
76.05540821028784,239.6585765039092
76.06474359855473,35.57086811119313
76.0740789868216,159.2226128583388
76.08341437508848,66.50410508569217
76.09274976335537,10.949649692037864
76.10208515162225,70.41156292611724
76.11142053988914,300.4675295305451
76.12075592815602,166.72579374298036
76.13009131642289,63.756236126273876
76.13942670468978,31.439272710891004
76.14876209295666,231.2576124533127
76.15809748122354,234.8205041702252
76.16743286949043,172.58991535519743
76.1767682577573,197.91355812908986
76.1861036460242,63.65136122731497
76.19543903429107,551.9693435832663
76.20477442255795,139.73779594554682
76.21410981082484,11.19226278469843
76.22344519909171,196.1745660950328
76.2327805873586,15.816502678210867
76.24211597562548,52.63230211654114
76.25145136389236,34.63908654836877
76.26078675215925,70.5444005071546
76.27012214042612,194.89247510513846
76.279457528693,53.25642661219858
76.28879291695989,191.91793175351907
76.29812830522677,22.741058476958177
76.30746369349366,530.5717259839373
76.31679908176054,42.75676329421961
76.32613447002741,232.45565491884682
76.3354698582943,699.4769135426411
76.34480524656118,240.87248552217554
76.35414063482807,130.20569754621977
76.36347602309495,80.01991673053145
76.37281141136182,216.17140081170388
76.38214679962871,47.320842518762674
76.39148218789559,277.52486567023544
76.40081757616248,35.00829713020302
76.41015296442936,291.37022532758056
76.41948835269623,743.3139136233789
76.42882374096313,52.5955212307514
76.43815912923,215.64215185083623
76.44749451749688,349.05650436777614
76.45682990576377,96.59322498469145
76.46616529403065,49.7345984504865
76.47550068229754,441.16500033659537
76.48483607056441,125.64910758990008
76.49417145883129,209.47580046935408
76.50350684709818,61.701701456364816
76.51284223536506,582.529004724214
76.52217762363195,323.02643274467863
76.53151301189882,58.2535884862148
76.5408484001657,577.8501885235564
76.55018378843259,119.46878765233294
76.55951917669947,118.94484389096523
76.56885456496634,190.4781326112374
76.57818995323323,48.60573096161877
76.58752534150011,125.83607426177616
76.596860729767,14.719274747137076
76.60619611803388,79.45752300727602
76.61553150630075,92.04732619671191
76.62486689456765,12.345174842834169
76.63420228283452,229.0747947006715
76.64353767110141,160.8612856257501
76.65287305936829,6.770079929572393
76.66220844763517,190.24334056153702
76.67154383590206,322.4462502108811
76.68087922416893,65.74507607702017
76.69021461243582,426.1780377884324
76.6995500007027,284.33184906811863
76.70888538896958,11.278605906421948
76.71822077723647,40.9400000317155
76.72755616550334,11.21099262095416
76.73689155377022,119.90140286622609
76.74622694203711,213.3138404112023
76.75556233030399,86.09347980419703
76.76489771857088,96.76989579731207
76.77423310683776,286.47063248221014
76.78356849510463,223.20900657808374
76.79290388337152,26.836811956818206
76.8022392716384,26.96671769628723
76.81157465990529,215.45371949285257
76.82091004817217,7.750371524389176
76.83024543643904,9.05748936430772
76.83958082470593,132.07160334951618
76.84891621297281,11.888115731929194
76.85825160123969,71.59029506810883
76.86758698950658,196.4405300905054
76.87692237777345,18.856782212414963
76.88625776604034,15.542990497557549
76.89559315430722,92.17541379536665
76.9049285425741,116.70121474043249
76.91426393084099,197.01031457629955
76.92359931910786,102.12766417299406
76.93293470737476,58.39162448540382
76.94227009564163,137.356072212558
76.95160548390851,28.169560390122147
76.9609408721754,105.43294243752624
76.97027626044228,39.90328459366481
76.97961164870917,36.1408779168784
76.98894703697604,109.74501215259568
76.99828242524292,229.5459455313936
77.00761781350981,38.72369151973896
77.01695320177669,204.30417685998566
77.02628859004356,254.10454389667515
77.03562397831045,125.61756994096854
77.04495936657733,43.447024872722075
77.05429475484422,262.51005629603077
77.0636301431111,59.72978765244619
77.07296553137797,75.47776567265414
77.08230091964487,4.963346466401061
77.09163630791174,30.993131473007807
77.10097169617863,343.26791039628586
77.11030708444551,43.95121534720029
77.11964247271239,89.17080839677004
77.12897786097928,346.00509490728825
77.13831324924615,22.26058783603632
77.14764863751303,89.54508075866997
77.15698402577992,99.6251209197211
77.1663194140468,30.245354851821453
77.17565480231369,66.30335512588223
77.18499019058056,10.068649893570287
77.19432557884744,105.77409611472406
77.20366096711433,59.12314768409705
77.21299635538121,60.77125835060339
77.2223317436481,54.08966276100637
77.23166713191497,110.93894312674254
77.24100252018185,20.004073818172873
77.25033790844874,23.739489410488638
77.25967329671562,140.35221531891284
77.26900868498251,37.81443387857377
77.27834407324939,6.154012113939538
77.28767946151626,87.76852745381291
77.29701484978315,27.959475465795247
77.30635023805003,8.415120534857387
77.3156856263169,90.95417470762378
77.3250210145838,42.13592019167628
77.33435640285067,30.03272557885682
77.34369179111756,98.57035709515834
77.35302717938444,0.3445818558120482
77.36236256765132,109.63136629322499
77.37169795591821,128.4367433744247
77.38103334418508,28.016217509236824
77.39036873245198,16.35929757374889
77.39970412071885,20.211001151740163
77.40903950898573,157.4379623775565
77.41837489725262,21.901004356984256
77.4277102855195,17.148277328434247
77.43704567378637,214.31887375102693
77.44638106205326,15.974450475943927
77.45571645032014,34.144269002510335
77.46505183858703,13.497280941273809
77.4743872268539,276.7288611549282
77.48372261512078,2.5751692403837314
77.49305800338767,23.814308649417438
77.50239339165455,225.9007429321336
77.51172877992144,166.11323368083444
77.52106416818832,0.8133698384457521
77.5303995564552,119.06289993421322
77.53973494472208,240.92101519648693
77.54907033298896,163.7269620600427
77.55840572125585,104.75703771039075
77.56774110952273,125.92060236134887
77.5770764977896,209.3015630648971
77.5864118860565,17.14125597921755
77.59574727432337,158.3029705714827
77.60508266259025,199.41105003170983
77.61441805085714,67.156521254243
77.62375343912402,14.83160736186966
77.6330888273909,159.33107249372617
77.64242421565778,164.35486183271334
77.65175960392466,63.23504323954089
77.66109499219155,56.153976648911026
77.67043038045843,175.45571613730849
77.67976576872532,251.75372980877046
77.6891011569922,144.57139206117583
77.69843654525907,404.2020383538354
77.70777193352596,90.21661644756288
77.71710732179284,255.35384147298353
77.72644271005971,174.04546592671497
77.7357780983266,152.24552737558156
77.74511348659348,175.82676796320357
77.75444887486037,102.65942503755767
77.76378426312725,339.67711240657565
77.77311965139413,153.0951521030579
77.78245503966102,230.31638057740463
77.79179042792789,303.65746319636304
77.80112581619478,536.3331961335007
77.81046120446166,82.67703120781592
77.81979659272854,364.49298474005565
77.82913198099543,200.52714351717333
77.8384673692623,16.714269990827233
77.8478027575292,3.6378396620740663
77.85713814579607,500.8927275424637
77.86647353406295,253.33873377279645
77.87580892232984,150.16347441698335
77.88514431059671,117.8239603684709
77.89447969886359,110.12789226128304
77.90381508713048,16.07824703907927
77.91315047539736,1.3759444884803125
77.92248586366425,313.73594899529417
77.93182125193113,37.46950199301415
77.941156640198,147.5850759406355
77.9504920284649,344.4867154846811
77.95982741673177,334.7474011468768
77.96916280499866,70.23038508730208
77.97849819326554,26.549912230496233
77.98783358153241,289.37297835071826
77.9971689697993,153.13318422546968
78.00650435806618,74.00759343652136
78.01583974633307,245.01462390722256
78.02517513459995,415.4775990791695
78.03451052286682,161.35042247032072
78.04384591113372,146.7058980984439
78.05318129940059,33.12876863058626
78.06251668766747,162.1146799844264
78.07185207593436,29.63990200680422
78.08118746420124,144.3564490036919
78.09052285246813,45.09395032270974
78.099858240735,178.06610134811294
78.10919362900188,380.7947560590086
78.11852901726877,410.6477697327394
78.12786440553565,623.6480414414342
78.13719979380254,835.3515016428752
78.14653518206941,86.14111919699607
78.15587057033629,178.84046599412983
78.16520595860318,357.3824663888413
78.17454134687006,913.755460848494
78.18387673513693,130.48569084945123
78.19321212340382,414.0082923433858
78.2025475116707,359.7589440202163
78.21188289993759,452.1119507607347
78.22121828820447,1225.9750435613455
78.23055367647135,2495.1587090622047
78.23988906473824,1114.901012463613
78.24922445300511,2824.0302858993205
78.258559841272,856.30626215752
78.26789522953888,182.90008107423233
78.27723061780576,278.7332092698112
78.28656600607265,304.3370510059813
78.29590139433952,518.2256244047522
78.30523678260641,461.8543159336842
78.31457217087329,52.69160578228916
78.32390755914017,39.836737046351644
78.33324294740706,303.8032144473508
78.34257833567393,10.505664012687113
78.35191372394081,143.463557991774
78.3612491122077,81.95075990801449
78.37058450047458,65.10124914231402
78.37991988874147,102.1035528679889
78.38925527700835,125.6024425968506
78.39859066527522,25.951686039691033
78.40792605354211,77.83504075737588
78.41726144180899,437.13036017876783
78.42659683007588,219.43030282967192
78.43593221834276,39.48276953994953
78.44526760660963,35.84223300750821
78.45460299487652,385.2034029460698
78.4639383831434,122.59981753680518
78.47327377141028,159.09985833540676
78.48260915967717,129.2316055762807
78.49194454794404,365.79427557410986
78.50127993621093,265.01434952383886
78.51061532447781,121.70601692333888
78.51995071274469,1.798799500366674
78.52928610101158,301.35840815548687
78.53862148927846,276.940031669281
78.54795687754535,188.54809987697288
78.55729226581222,451.58461119691964
78.5666276540791,178.3243777915889
78.57596304234599,226.7637392222572
78.58529843061287,14.139587751628367
78.59463381887976,603.6547239417853
78.60396920714663,37.612509010471
78.61330459541351,133.0950255226568
78.6226399836804,498.2220226039708
78.63197537194728,134.89212798183962
78.64131076021415,39.5578125091102
78.65064614848104,272.8482063625136
78.65998153674792,906.5269622093927
78.66931692501481,68.05956715670658
78.67865231328169,221.62965930034204
78.68798770154856,248.05622496049943
78.69732308981546,531.2562775232246
78.70665847808233,190.6333314932505
78.71599386634922,56.401781618132254
78.7253292546161,120.43306451579322
78.73466464288298,737.1637706977277
78.74400003114987,97.11688877140405
78.75333541941674,74.34341919257734
78.76267080768362,462.1874956434743
78.77200619595051,53.89248178341775
78.78134158421739,127.64160623248817
78.79067697248428,181.27175797950326
78.80001236075115,306.4495143471448
78.80934774901803,24.473502451919757
78.81868313728492,104.29770697251126
78.8280185255518,723.2997729082064
78.83735391381869,51.34562755985342
78.84668930208557,173.11289571896359
78.85602469035244,240.4489921279108
78.86536007861933,510.29092972995807
78.87469546688621,113.09627963632188
78.8840308551531,103.45930252147022
78.89336624341998,575.0044420351711
78.90270163168685,73.17180966753935
78.91203701995374,120.37025678899498
78.92137240822062,521.2661811636052
78.9307077964875,1.0875576358861994
78.94004318475439,75.33285602901432
78.94937857302126,30.696005558024183
78.95871396128815,209.08588848262335
78.96804934955503,96.38578516732976
78.97738473782191,81.33542366293413
78.9867201260888,252.64518300533953
78.99605551435567,20.075006388135613
79.00539090262257,102.32150285037265
79.01472629088944,568.1154813523711
79.02406167915632,12.416960114985736
79.03339706742321,39.63911178300545
79.04273245569009,1244.1918851283142
79.05206784395696,53.03821159858456
79.06140323222385,138.84304167050942
79.07073862049073,184.14949051967758
79.08007400875762,444.91625582649755
79.0894093970245,342.5264523375419
79.09874478529137,335.53008780136025
79.10808017355826,0.7993364059450321
79.11741556182514,427.0671615270819
79.12675095009203,435.29836395098283
79.13608633835891,243.2948554797569
79.14542172662578,248.4559546182469
79.15475711489267,1433.7740889350362
79.16409250315955,837.9329190053339
79.17342789142644,253.87025669147897
79.18276327969332,323.92007279300213
79.1920986679602,704.8195621421954
79.20143405622709,288.659819122277
79.21076944449396,179.1652286387307
79.22010483276084,156.23746234431698
79.22944022102773,366.5341732580103
79.2387756092946,515.1562569411744
79.2481109975615,10.28347629321318
79.25744638582837,649.9601942451976
79.26678177409525,267.0123026299184
79.27611716236214,595.3795754338142
79.28545255062902,961.8714962328797
79.29478793889591,68.01383522032354
79.30412332716278,1465.6168734122764
79.31345871542966,289.9635347930177
79.32279410369655,1521.6322259316764
79.33212949196343,756.265377784493
79.3414648802303,394.96440590135563
79.3508002684972,1674.8451287654877
79.36013565676407,142.1995241884427
79.36947104503096,1028.5477389210885
79.37880643329784,240.41748937018374
79.38814182156472,1119.3498697770365
79.3974772098316,378.41579390578704
79.40681259809848,101.88533918070344
79.41614798636537,365.30595674631275
79.42548337463225,307.2140888290862
79.43481876289913,141.02578416326676
79.44415415116602,164.71340136567213
79.4534895394329,54.689207098632096
79.46282492769978,276.4025074444675
79.47216031596666,158.38180157103824
79.48149570423354,328.33025198749596
79.49083109250043,145.45442936020706
79.5001664807673,1100.9341638591425
79.50950186903418,176.42743762837455
79.51883725730107,624.2095144381242
79.52817264556795,438.3862603496258
79.53750803383484,44.2942537290666
79.54684342210172,169.24343795433526
79.55617881036859,13.958949431175075
79.56551419863548,121.74153331908668
79.57484958690236,315.8411940263415
79.58418497516925,27.028733715384913
79.59352036343613,464.34286352988477
79.602855751703,164.67652840753868
79.6121911399699,154.02644151900543
79.62152652823677,513.2645511886612
79.63086191650365,126.3708315958925
79.64019730477054,392.78280099381294
79.64953269303741,192.03144119660536
79.6588680813043,92.89919364994952
79.66820346957118,154.29835008659646
79.67753885783806,24.79542470780604
79.68687424610495,59.74956234384992
79.69620963437183,64.67639771484357
79.70554502263872,48.008246497618494
79.7148804109056,644.7860874525433
79.72421579917247,122.63462356656129
79.73355118743936,12.33973079489473
79.74288657570624,860.0531833896993
79.75222196397313,31.043894326856346
79.76155735224,47.47413719170233
79.77089274050688,340.26213834979154
79.78022812877377,302.8114431661892
79.78956351704065,46.59869432933465
79.79889890530752,30.398024383595118
79.80823429357442,585.0154170563579
79.81756968184129,170.88411150289798
79.82690507010818,281.7131110664769
79.83624045837506,64.72220424855846
79.84557584664194,170.77673978506104
79.85491123490883,169.12365087374474
79.8642466231757,17.757381236276505
79.8735820114426,554.3512954250293
79.88291739970947,138.6126495729133
79.89225278797635,33.828306820475554
79.90158817624324,897.1886285037311
79.91092356451011,10.117334344274612
79.92025895277699,42.44479871736433
79.92959434104388,871.6872106016667
79.93892972931076,56.71958260201132
79.94826511757765,73.42481529231699
79.95760050584452,708.9594193709161
79.9669358941114,473.89370704877183
79.97627128237829,198.62210508354065
79.98560667064517,156.00336060967282
79.99494205891206,255.12129293770133
80.00427744717894,148.26053700192676
80.01361283544581,269.3929459971395
80.0229482237127,584.8015637034116
80.03228361197958,480.8260541654319
80.04161900024647,327.420972837772
80.05095438851335,246.9508846523834
80.06028977678022,379.47879463482536
80.06962516504711,131.30534132549403
80.07896055331399,8.18441441646493
80.08829594158087,615.7421766014246
80.09763132984776,86.38343111802736
80.10696671811463,57.81017129451579
80.11630210638153,653.39409821146
80.1256374946484,29.03432025090811
80.13497288291528,55.052882135630504
80.14430827118217,135.90075409335876
80.15364365944905,112.23816236143341
80.16297904771594,69.44021190650655
80.17231443598281,63.05459192839927
80.18164982424969,224.4333466843654
80.19098521251658,23.162463531686235
80.20032060078346,18.51852866544469
80.20965598905033,7.044014972323449
80.21899137731722,20.49848030596348
80.2283267655841,4.577612001797557
80.23766215385099,8.726105393937926
80.24699754211787,4.497740515921581
80.25633293038474,72.74997088299104
80.26566831865163,19.6982723032666
80.27500370691851,32.930728329492744
80.2843390951854,73.62968088417853
80.29367448345228,8.276552933015303
80.30300987171915,30.194455686098202
80.31234525998605,1.0939703123693088
80.32168064825292,116.44793827354282
80.33101603651981,21.62464037539548
80.34035142478669,70.29869593017983
80.34968681305357,10.978592231577446
80.35902220132046,206.75889736566538
80.36835758958733,158.63443809182633
80.37769297785421,2.9611193063149353
80.3870283661211,275.52301206183466
80.39636375438798,429.0503853646343
80.40569914265487,50.07752190625457
80.41503453092174,596.5882338417091
80.42436991918862,63.340532577634846
80.43370530745551,197.2798593924154
80.44304069572239,77.96329664362607
80.45237608398928,194.7513312389912
80.46171147225616,147.1518898675118
80.47104686052303,11.999443796326858
80.48038224878992,106.38971376424844
80.4897176370568,2.2817736245608002
80.49905302532368,39.41812848048365
80.50838841359057,26.373621604056044
80.51772380185744,71.21065684112102
80.52705919012433,63.51380796787983
80.53639457839121,49.089028545249825
80.54572996665809,13.865904255629664
80.55506535492498,17.931181354202344
80.56440074319185,11.543857462230797
80.57373613145874,200.0804071747362
80.58307151972562,212.00771920178528
80.5924069079925,155.08501524011015
80.60174229625939,48.6605217634025
80.61107768452626,70.91153801590634
80.62041307279316,83.92995545453766
80.62974846106003,388.63695867232826
80.63908384932691,40.25828509692615
80.6484192375938,342.8648481439355
80.65775462586068,212.2801011658973
80.66709001412755,276.98250319223024
80.67642540239444,374.6650003804015
80.68576079066132,120.95808155423512
80.69509617892821,34.84523019562265
80.70443156719509,121.16910283814052
80.71376695546196,210.69434883035754
80.72310234372885,48.394528298824916
80.73243773199573,122.5634026972148
80.74177312026262,170.48628574188618
80.7511085085295,55.34518619595201
80.76044389679637,56.82065904084101
80.76977928506327,156.510281341616
80.77911467333014,22.136250453101997
80.78845006159703,177.71945379138702
80.79778544986391,331.82184189170613
80.80712083813079,54.75193975798602
80.81645622639768,244.3871469975412
80.82579161466455,183.4486621157396
80.83512700293143,26.209656752422163
80.84446239119832,207.92699833108162
80.8537977794652,38.24667080511303
80.86313316773209,126.18171542015664
80.87246855599896,214.346333521005
80.88180394426584,76.77902342573194
80.89113933253273,140.0168164329476
80.90047472079961,100.92047551020609
80.9098101090665,342.15721103488966
80.91914549733337,18.729192121684253
80.92848088560025,38.26630795051096
80.93781627386714,111.26980463947103
80.94715166213402,242.72244742774137
80.9564870504009,198.22092511179937
80.96582243866779,97.70930295931176
80.97515782693466,90.61913739712541
80.98449321520155,65.59623366832302
80.99382860346843,100.3304987654815
81.0031639917353,23.558654283369762
81.0124993800022,309.3667081036877
81.02183476826907,92.98152441682018
81.03117015653596,6.145544216030609
81.04050554480284,90.32649258725598
81.04984093306972,20.594014339353166
81.05917632133661,31.91416555085253
81.06851170960348,38.91470092711697
81.07784709787038,0.2616223020695934
81.08718248613725,123.47353443517913
81.09651787440413,44.37953644102322
81.10585326267102,112.83869257257462
81.1151886509379,161.32362233699678
81.12452403920477,87.17018722966273
81.13385942747166,253.8149246789896
81.14319481573854,224.38823473811166
81.15253020400543,851.016201657455
81.1618655922723,51.93827444757513
81.17120098053918,462.5772882007596
81.18053636880607,118.11411614436305
81.18987175707295,485.89366446957314
81.19920714533984,55.84146973528855
81.20854253360672,31.91949211629705
81.2178779218736,272.16465686676185
81.22721331014048,408.4098926542264
81.23654869840736,114.51243754388602
81.24588408667424,85.00600676269472
81.25521947494113,466.0991829116182
81.264554863208,15.251396200633142
81.2738902514749,284.90731309070736
81.28322563974177,119.05595831052655
81.29256102800865,215.133587652231
81.30189641627554,4.864407875312332
81.31123180454242,284.215571191665
81.3205671928093,253.27702387420678
81.32990258107618,214.90773075880475
81.33923796934306,208.33695401223716
81.34857335760995,28.32310877670562
81.35790874587683,100.0508440827249
81.36724413414372,115.24212290811762
81.3765795224106,53.05486018418353
81.38591491067747,251.46373369610902
81.39525029894436,204.4371467418596
81.40458568721124,96.0071897846645
81.41392107547811,262.53975464916533
81.423256463745,135.8622733605847
81.43259185201188,36.00987298908091
81.44192724027877,553.0517716693574
81.45126262854565,229.42438166153056
81.46059801681253,57.667655895134864
81.46993340507942,223.56675799489884
81.4792687933463,884.9036898288327
81.48860418161318,119.12189667263245
81.49793956988006,47.576333278004725
81.50727495814694,630.6469316356613
81.51661034641383,142.24456187802946
81.5259457346807,116.05731844427119
81.53528112294758,86.87871116843196
81.54461651121447,205.91200798059367
81.55395189948135,115.1957992421393
81.56328728774824,0.7913629622833341
81.57262267601511,9.386585140940479
81.58195806428199,67.05943674793744
81.59129345254888,14.775856048619042
81.60062884081576,229.42773218990234
81.60996422908265,81.1790281328972
81.61929961734953,33.43000491851081
81.6286350056164,352.70976276124657
81.6379703938833,92.83522125730302
81.64730578215017,14.240295364339415
81.65664117041706,86.18575103543584
81.66597655868394,147.9028302495639
81.67531194695081,161.66971618601514
81.6846473352177,18.332081233633325
81.69398272348458,17.925913771450382
81.70331811175146,460.63339334003905
81.71265350001835,1.3254654891667836
81.72198888828522,61.11582665468233
81.73132427655212,247.98495522585105
81.74065966481899,95.19357972979326
81.74999505308587,31.148623260484783
81.75933044135276,71.55018336666521
81.76866582961964,499.1549260038788
81.77800121788653,83.75035165980088
81.7873366061534,68.93792013238108
81.79667199442028,78.48062783196599
81.80600738268717,80.90650756498052
81.81534277095405,78.40684190410884
81.82467815922092,63.94447438276046
81.83401354748781,19.777292795392754
81.84334893575469,3.777416065132909
81.85268432402158,211.98895231493225
81.86201971228846,38.661572829528936
81.87135510055533,27.980242669225913
81.88069048882222,220.93472827795418
81.8900258770891,45.736092414038765
81.89936126535599,27.48344637382884
81.90869665362287,338.31652566409787
81.91803204188975,172.2462255140651
81.92736743015664,157.15526884449565
81.93670281842351,990.8710830388543
81.9460382066904,334.7220846044421
81.95537359495728,137.69216290308339
81.96470898322416,1332.4421940212335
81.97404437149105,98.98169854390143
81.98337975975792,68.17210536496523
81.9927151480248,284.0601309001343
82.00205053629169,580.2257604155482
82.01138592455857,252.08653086134282
82.02072131282546,127.2530738217293
82.03005670109233,737.5767930136049
82.03939208935921,42.96279077296715
82.0487274776261,2.397327863903476
82.05806286589298,183.17739329955427
82.06739825415987,52.19732299677581
82.07673364242675,111.13230732096005
82.08606903069362,58.887732109888994
82.09540441896051,40.315249694757874
82.10473980722739,100.1310480960413
82.11407519549427,168.64578417946564
82.12341058376116,65.55836874096539
82.13274597202803,56.62760741194918
82.14208136029492,554.9883762904585
82.1514167485618,67.93388158339492
82.16075213682868,117.62361893151575
82.17008752509557,241.22981736571813
82.17942291336244,41.465575875366625
82.18875830162933,13.221187295079698
82.19809368989621,11.649296456971365
82.20742907816309,115.97885489062188
82.21676446642998,52.45149995022181
82.22609985469686,4.885162013029643
82.23543524296375,22.32869081584181
82.24477063123062,66.2783676491114
82.2541060194975,62.86021102145184
82.26344140776439,1.7407749714300842
82.27277679603127,5.444437439980184
82.28211218429814,86.556761878457
82.29144757256503,123.03057141866218
82.30078296083191,114.26018041916285
82.3101183490988,22.170339930633993
82.31945373736568,281.9436352148716
82.32878912563255,76.64392466386951
82.33812451389944,105.8731143035978
82.34745990216632,171.71686721136615
82.35679529043321,25.83027063228187
82.36613067870009,174.33432229443548
82.37546606696696,313.7206567124992
82.38480145523386,99.3402656195494
82.39413684350073,439.5940951435096
82.40347223176761,81.52982967114272
82.4128076200345,522.7162219299988
82.42214300830138,140.6148791261136
82.43147839656827,504.46218433445864
82.44081378483514,307.10998620286057
82.45014917310202,1344.9134462452757
82.45948456136891,127.8754891727329
82.46881994963579,202.94061948603775
82.47815533790268,299.53374846798977
82.48749072616955,179.690728669596
82.49682611443643,44.30087171934771
82.50616150270332,59.170351394749225
82.5154968909702,77.30102706591438
82.52483227923709,116.32209710153819
82.53416766750397,90.23621455987784
82.54350305577084,10.257733292530357
82.55283844403773,118.80371852126407
82.56217383230461,43.773177667076745
82.57150922057149,126.19874424353767
82.58084460883838,77.66813013963798
82.59017999710525,37.5135964310327
82.59951538537214,14.909451567013399
82.60885077363902,106.30370657074408
82.6181861619059,3.940995552900538
82.62752155017279,35.864947143302054
82.63685693843966,46.696109146999575
82.64619232670655,16.87505172525102
82.65552771497343,3.40422183307152
82.66486310324031,122.84044990123923
82.6741984915072,11.57234954960844
82.68353387977407,1.3115532886310637
82.69286926804095,41.62936952300508
82.70220465630784,114.42333781063579
82.71154004457472,98.33363811405695
82.72087543284161,58.446411217084
82.73021082110849,81.70867131955411
82.73954620937536,121.51781136355572
82.74888159764225,11.913145461953551
82.75821698590913,66.56408748786717
82.76755237417602,69.7256343753584
82.7768877624429,58.89378159184685
82.78622315070977,29.76459654604306
82.79555853897666,0.8327644676863205
82.80489392724354,193.25541365202864
82.81422931551043,17.700435705292637
82.82356470377731,13.211881890490915
82.83290009204418,53.2536387396617
82.84223548031107,77.98950158008473
82.85157086857795,14.971292442474988
82.86090625684483,124.43505184476987
82.87024164511172,16.36335815658937
82.8795770333786,167.00525007678297
82.88891242164549,3.1054245405720646
82.89824780991236,15.54241620525301
82.90758319817924,300.62931882103356
82.91691858644613,34.54741847029114
82.926253974713,252.9764328246518
82.9355893629799,812.479467464573
82.94492475124677,162.79774454719438
82.95426013951365,149.80487187082832
82.96359552778054,288.3013500507666
82.97293091604742,603.1648924727651
82.9822663043143,270.45767757435914
82.99160169258118,22.71580475697256
83.00093708084806,168.08211072512518
83.01027246911495,39.71068877339883
83.01960785738183,33.70346883066904
83.0289432456487,45.276151367314675
83.0382786339156,27.165868634761264
83.04761402218247,0.6703859259730495
83.05694941044936,34.53736123990357
83.06628479871624,10.001676344517064
83.07562018698312,97.91372942811931
83.08495557525,72.38726699589884
83.09429096351688,135.70947543197374
83.10362635178377,122.02657406281135
83.11296174005065,7.550520403220125
83.12229712831753,111.08084119472886
83.13163251658442,252.3790788260177
83.1409679048513,72.03388727906888
83.15030329311817,128.57084484109257
83.15963868138506,58.895776168143186
83.16897406965194,107.07894542809325
83.17830945791883,23.07173223674099
83.1876448461857,130.85965771933613
83.19698023445258,18.03586008201612
83.20631562271947,132.35596055907766
83.21565101098635,125.01410981794217
83.22498639925324,80.46965053136535
83.23432178752012,13.701707737842264
83.24365717578699,348.85971973627255
83.25299256405388,34.11427691798103
83.26232795232076,66.13070841959006
83.27166334058764,224.82849484258318
83.28099872885453,197.0769578696682
83.2903341171214,8.374681465541498
83.2996695053883,286.4773241352063
83.30900489365517,1459.7301987349315
83.31834028192205,213.43047036924244
83.32767567018894,680.1223936099173
83.33701105845581,355.5363837275692
83.3463464467227,529.4183093894328
83.35568183498958,3148.3964979803854
83.36501722325646,960.7154749734386
83.37435261152335,2022.7849513511064
83.38368799979023,3475.5438901940643
83.39302338805712,875.5773186873466
83.402358776324,503.65777731385026
83.41169416459087,942.139320253693
83.42102955285776,4301.8520763765
83.43036494112464,988.946894063244
83.43970032939151,471.742106134022
83.4490357176584,1792.5791582866618
83.45837110592528,179.79898676125657
83.46770649419217,197.75612244003213
83.47704188245905,463.3295696238082
83.48637727072592,306.5337803636377
83.49571265899282,133.14095828149624
83.50504804725969,176.89704359090084
83.51438343552658,102.68882125671517
83.52371882379346,106.0694035617953
83.53305421206034,317.67999126010886
83.54238960032723,89.45986641651855
83.5517249885941,253.51904562956503
83.561060376861,305.60938777866767
83.57039576512787,125.42012722435892
83.57973115339475,597.8343367687487
83.58906654166164,240.63049366086807
83.59840192992851,146.10117772493763
83.60773731819539,528.0381496856182
83.61707270646228,240.0026976227301
83.62640809472916,143.9635752843951
83.63574348299605,353.2801939773667
83.64507887126292,196.65814776464998
83.6544142595298,411.30388910390786
83.66374964779669,69.38838002267673
83.67308503606357,42.97706798961586
83.68242042433046,138.24523445681675
83.69175581259734,931.730838462772
83.70109120086421,998.1896782523415
83.7104265891311,251.86313499380628
83.71976197739798,445.20552175073834
83.72909736566486,271.6413110159217
83.73843275393175,227.1361135110076
83.74776814219862,497.72946159457473
83.75710353046551,174.70655981961062
83.76643891873239,92.87375074357521
83.77577430699927,859.1699144269935
83.78510969526616,1827.5958691840356
83.79444508353303,307.7929432129429
83.80378047179993,497.58768356930807
83.8131158600668,874.579901355029
83.82245124833368,8.008886254083727
83.83178663660057,353.05733417799627
83.84112202486745,253.5160189613586
83.85045741313434,124.09377713082048
83.85979280140121,196.55150940070092
83.86912818966809,24.14811103408717
83.87846357793498,151.4928365416086
83.88779896620186,639.4440516491692
83.89713435446873,14.390555750308248
83.90646974273562,65.62311565735492
83.9158051310025,93.68713096511524
83.92514051926939,487.3920500456404
83.93447590753627,23.36682212410177
83.94381129580314,290.02876440136066
83.95314668407003,2.459963562171226
83.96248207233691,422.3027129297223
83.9718174606038,44.6065028003785
83.98115284887068,64.91018892385499
83.99048823713755,121.8466837461513
83.99982362540445,346.00575809256543
84.00915901367132,168.0362089670984
84.0184944019382,54.18545768601385
84.02782979020509,15.585192305151963
84.03716517847197,87.2671724833672
84.04650056673886,951.1690876656714
84.05583595500573,397.98488626548533
84.06517134327261,108.66971917650558
84.0745067315395,293.9264063887272
84.08384211980638,1095.306596527161
84.09317750807327,189.03540384322645
84.10251289634014,1103.5430964654495
84.11184828460702,1415.2400479259948
84.12118367287391,638.7515108371715
84.13051906114079,1642.5592709675404
84.13985444940768,4980.218282023245
84.14918983767456,342.28945872564907
84.15852522594143,326.8051460022661
84.16786061420832,1378.92989879869
84.1771960024752,3182.408014349251
84.18653139074208,180.18610783313932
84.19586677900897,25.31630029982703
84.20520216727584,1160.6663466633454
84.21453755554273,223.02329680407098
84.22387294380961,58.93536625830726
84.23320833207649,502.0339944973944
84.24254372034338,283.299016640728
84.25187910861025,6.362778511029716
84.26121449687714,191.6613815520405
84.27054988514402,128.06103355109067
84.2798852734109,18.70853518009049
84.28922066167779,56.7709182622133
84.29855604994466,127.93055500472303
84.30789143821154,12.36819589647501
84.31722682647843,55.634061122035135
84.32656221474531,187.95240532174225
84.3358976030122,48.062118012255304
84.34523299127908,53.53955264662786
84.35456837954595,261.517500422006
84.36390376781284,173.8857763218952
84.37323915607972,8.234075938304906
84.38257454434661,73.21269726904715
84.39190993261349,294.74749099475054
84.40124532088036,414.3643878515033
84.41058070914725,348.17291114658116
84.41991609741413,42.925096557010995
84.42925148568102,511.5935846549209
84.4385868739479,57.2853247313055
84.44792226221477,191.50580302139127
84.45725765048167,72.49148075854984
84.46659303874854,129.60300142524434
84.47592842701542,31.107071792997505
84.48526381528231,151.85641955406652
84.49459920354919,217.50123439305224
84.50393459181608,173.56421532956384
84.51326998008295,26.747221643503845
84.52260536834983,502.82497694869306
84.53194075661672,490.8867256336234
84.5412761448836,601.348495586448
84.55061153315049,244.38377909791495
84.55994692141736,93.45710924326744
84.56928230968424,31.915732530484064
84.57861769795113,1615.4267570932518
84.58795308621801,529.2966245544364
84.59728847448488,881.3353904410832
84.60662386275177,980.7862353562011
84.61595925101865,1658.463077444709
84.62529463928554,664.029414525648
84.63463002755242,478.55979082608593
84.6439654158193,1680.852607254897
84.65330080408619,134.19071398030903
84.66263619235306,123.27211864465453
84.67197158061995,64.13246404071104
84.68130696888683,340.41070640404166
84.6906423571537,10.265828401330925
84.6999777454206,122.93448074231651
84.70931313368747,232.81234649330807
84.71864852195436,10.152855538879122
84.72798391022124,205.38541158700986
84.73731929848812,54.611264876802544
84.74665468675501,17.850786549934444
84.75599007502188,141.8853813885828
84.76532546328876,317.79546454088535
84.77466085155565,110.10286508388606
84.78399623982253,91.79617919282306
84.79333162808942,159.01249536811363
84.8026670163563,378.22745539883937
84.81200240462317,68.9413167429506
84.82133779289006,171.97682411041046
84.83067318115694,26.705254039636923
84.84000856942383,235.71600881957957
84.8493439576907,333.612520628116
84.85867934595758,165.6497096404732
84.86801473422447,7.233337871498535
84.87735012249135,166.80041511648272
84.88668551075823,98.26958109235777
84.89602089902512,395.69544547413324
84.905356287292,258.27434431095173
84.91469167555888,41.6081455479067
84.92402706382576,159.32708994981044
84.93336245209264,76.52787188344183
84.94269784035953,115.15978066752632
84.9520332286264,439.24427175513597
84.9613686168933,178.9473028087633
84.97070400516017,143.60621929226878
84.98003939342705,121.71370440236538
84.98937478169394,185.3702856517253
84.99871016996082,71.12922329125416
85.0080455582277,215.8473085811242
85.01738094649458,17.8396642574287
85.02671633476146,74.86495193703135
85.03605172302835,266.9302708904817
85.04538711129523,8.258996986338762
85.0547224995621,82.09368683917641
85.064057887829,157.7291933318436
85.07339327609587,159.21286530833606
85.08272866436276,5.773560273107974
85.09206405262964,120.6922681641342
85.10139944089651,94.38917821560052
85.1107348291634,79.49163784521394
85.12007021743028,174.32230663116954
85.12940560569717,13.143391969265366
85.13874099396405,72.85537901240323
85.14807638223093,45.11402465243884
85.15741177049782,233.1332598714244
85.1667471587647,33.98061007307884
85.17608254703157,377.7181353024237
85.18541793529846,169.99670775065607
85.19475332356534,17.031715872491688
85.20408871183223,263.2709366804504
85.2134241000991,8.883921405354242
85.22275948836598,126.57343033192039
85.23209487663287,167.8295642643456
85.24143026489975,49.21483492674158
85.25076565316664,431.87392078570696
85.26010104143351,146.64856404852682
85.26943642970039,299.0335280456161
85.27877181796728,715.7003794224827
85.28810720623416,99.47425768439257
85.29744259450105,15.552193588335523
85.30677798276793,89.04981013919206
85.3161133710348,118.05879821409526
85.3254487593017,90.399126089568
85.33478414756857,128.123665003653
85.34411953583545,23.88329178729226
85.35345492410234,67.20438622218921
85.36279031236921,38.90690484908086
85.3721257006361,18.335378727252685
85.38146108890298,20.15349101394462
85.39079647716986,123.01753311545254
85.40013186543675,333.79091601845784
85.40946725370362,64.95678213625669
85.41880264197052,43.24773086335984
85.42813803023739,25.402136650389902
85.43747341850427,305.07715791168437
85.44680880677116,170.63817322983894
85.45614419503804,51.56652162398168
85.46547958330491,171.19454557246837
85.4748149715718,19.359210959221905
85.48415035983868,211.33653152174202
85.49348574810557,421.701338718678
85.50282113637245,50.51803637929823
85.51215652463932,20.392823929857038
85.52149191290621,62.39698189051513
85.53082730117309,646.1200749715263
85.54016268943998,190.62730059597962
85.54949807770686,91.56813590689816
85.55883346597373,356.6577781805056
85.56816885424062,52.994330206784824
85.5775042425075,357.28933065583203
85.58683963077439,487.33573958246427
85.59617501904127,55.74513228282657
85.60551040730815,103.37466988855763
85.61484579557504,107.40012520227472
85.62418118384191,167.3983911552184
85.63351657210879,98.44052454872894
85.64285196037568,76.16579541353474
85.65218734864256,366.9935245563343
85.66152273690945,76.51432567553641
85.67085812517632,242.9247803990191
85.6801935134432,144.3083347521331
85.68952890171009,24.173303808976858
85.69886428997697,379.4525747841162
85.70819967824386,129.4990366879404
85.71753506651073,76.44741345588776
85.72687045477761,499.46841847002304
85.7362058430445,1.992572801945949
85.74554123131138,113.47359010052962
85.75487661957825,351.63832758900764
85.76421200784515,28.00753411286021
85.77354739611202,78.9972956489632
85.78288278437891,312.91439636070004
85.79221817264579,70.80117939162956
85.80155356091267,87.32177480048784
85.81088894917956,673.8784135270015
85.82022433744643,108.31385421597695
85.82955972571332,50.17752606623699
85.8388951139802,300.79544426509204
85.84823050224708,79.28480988181768
85.85756589051397,34.430434172977606
85.86690127878084,224.69612799555716
85.87623666704773,24.659280222228556
85.88557205531461,379.48430136001815
85.89490744358149,23.565928522775607
85.90424283184838,169.15826797204124
85.91357822011526,403.56714024305876
85.92291360838213,47.450854981655404
85.93224899664902,10.239110110422821
85.9415843849159,10.22962637409442
85.95091977318279,114.13449716093709
85.96025516144967,351.78095278748725
85.96959054971654,199.0689649509089
85.97892593798343,129.80153130973198
85.98826132625031,322.5307252314287
85.9975967145172,35.96875968109713
86.00693210278408,181.48556758130175
86.01626749105095,25.02132725750805
86.02560287931784,483.9760819862542
86.03493826758472,461.2823373360328
86.0442736558516,124.10615751841024
86.05360904411849,594.6047947523338
86.06294443238536,132.58372456913781
86.07227982065226,46.54567320655023
86.08161520891913,142.6735380225118
86.09095059718601,195.23977577022157
86.1002859854529,95.01480173973071
86.10962137371978,1.7088493861335214
86.11895676198667,11.996267404746389
86.12829215025354,288.6502981215167
86.13762753852042,66.21543346685458
86.14696292678731,46.51396507135305
86.15629831505419,84.05117492550556
86.16563370332108,107.39503700698819
86.17496909158795,16.22706609251725
86.18430447985483,106.89725120201408
86.19363986812172,129.92941974375105
86.2029752563886,406.13414674096987
86.21231064465547,76.67462122484783
86.22164603292237,837.0584916579467
86.23098142118924,444.75594188073865
86.24031680945613,45.86478957573625
86.24965219772301,525.3513734672839
86.25898758598989,106.01739907290069
86.26832297425678,111.20033794913972
86.27765836252365,288.9876444492781
86.28699375079054,119.68657195295836
86.29632913905742,159.88257944612943
86.3056645273243,152.31130722956462
86.31499991559119,38.91581429235419
86.32433530385806,38.97821366915022
86.33367069212495,201.08854455468818
86.34300608039183,26.71391583002283
86.35234146865871,94.58304678845678
86.3616768569256,52.186883238331774
86.37101224519247,112.72980753892699
86.38034763345935,278.5243041793378
86.38968302172624,238.36981069440097
86.39901840999312,604.299386144602
86.40835379826001,364.4832704090939
86.41768918652689,19.02345625516683
86.42702457479376,77.87800189242738
86.43635996306065,137.66623300906772
86.44569535132753,634.7003308712744
86.45503073959442,175.65144825471052
86.4643661278613,307.1386689431962
86.47370151612817,350.4992419737023
86.48303690439506,333.648057685558
86.49237229266194,99.58725328906664
86.50170768092882,791.8787014083919
86.51104306919571,115.34069474078774
86.52037845746258,147.69620676618482
86.52971384572947,165.79140691167535
86.53904923399635,260.66700785118326
86.54838462226323,347.68696335860403
86.55772001053012,286.638209139838
86.567055398797,185.4724844599085
86.57639078706389,366.33779045320045
86.58572617533076,707.3081695349142
86.59506156359764,311.5374188411639
86.60439695186453,333.3196977039559
86.6137323401314,601.7740099313619
86.6230677283983,18.012531668568908
86.63240311666517,1542.1212530793657
86.64173850493205,1496.118470839944
86.65107389319894,225.5169186818587
86.66040928146582,2224.3239341731114
86.6697446697327,64.84175549473198
86.67908005799958,1335.7242611436764
86.68841544626646,1247.9068565029256
86.69775083453335,87.85765155824734
86.70708622280023,1637.9500385039248
86.7164216110671,5638.210010906905
86.725756999334,1464.5557276389525
86.73509238760087,3177.91584821202
86.74442777586776,1112.0302344511892
86.75376316413464,1128.7220468973971
86.76309855240152,168.14464084087533
86.7724339406684,892.9654770949805
86.78176932893528,1805.3790762787019
86.79110471720216,306.08243097782355
86.80044010546905,143.2830219083661
86.80977549373593,1000.9132504629075
86.81911088200282,2097.485970072366
86.8284462702697,45.10079338213184
86.83778165853657,445.0083574554945
86.84711704680346,1545.884813001016
86.85645243507034,278.657024319385
86.86578782333723,239.17990712252325
86.8751232116041,331.21909736527954
86.88445859987098,807.1495865269377
86.89379398813787,258.6535736282835
86.90312937640475,88.29673689908095
86.91246476467164,68.21360920583031
86.92180015293852,383.9256051140741
86.93113554120539,130.09965222499747
86.94047092947228,80.9500651330883
86.94980631773916,139.3206664761089
86.95914170600604,100.06087787271638
86.96847709427293,138.8084094020943
86.9778124825398,445.4640417674121
86.9871478708067,129.15884458620977
86.99648325907357,138.33970467912914
87.00581864734045,174.529683699864
87.01515403560734,26.708694760340013
87.02448942387421,73.95983158826468
87.0338248121411,16.849482966219398
87.04316020040798,0.17795869098713818
87.05249558867486,23.1602238223103
87.06183097694175,55.52357531461588
87.07116636520863,54.96958236688238
87.0805017534755,40.27497808943877
87.0898371417424,44.27815520798503
87.09917253000927,46.739074086241814
87.10850791827616,138.2750530836705
87.11784330654304,9.410559321759212
87.12717869480991,252.74457698571283
87.1365140830768,58.09680559795395
87.14584947134368,35.16955681621267
87.15518485961057,430.9617030225127
87.16452024787745,45.03451333955927
87.17385563614432,81.57293182286597
87.18319102441122,173.57918368982075
87.19252641267809,54.64254414674444
87.20186180094498,69.25586785617087
87.21119718921186,88.56398433181123
87.22053257747874,13.576913565752484
87.22986796574563,58.02522033249765
87.2392033540125,81.86793142915303
87.24853874227938,377.7591421632234
87.25787413054627,95.29170259505626
87.26720951881315,166.55447107526416
87.27654490708004,39.57423035306189
87.28588029534691,76.13363631998627
87.29521568361379,142.99358828476252
87.30455107188068,113.5166602809077
87.31388646014756,121.96252654116618
87.32322184841445,164.21911459938673
87.33255723668132,9.432590987902609
87.3418926249482,39.75013016569081
87.35122801321509,79.03582804850059
87.36056340148197,124.17922852207613
87.36989878974885,30.876480869726038
87.37923417801574,157.49329910336442
87.38856956628261,44.89335068641448
87.3979049545495,40.629152550586234
87.40724034281638,397.13096173537394
87.41657573108326,63.003114028743184
87.42591111935015,30.264786272820906
87.43524650761702,40.33828911392665
87.44458189588391,32.55220631324047
87.45391728415079,30.713316073930436
87.46325267241767,6.234501615521612
87.47258806068456,4.191453946101265
87.48192344895143,114.91333525709764
87.49125883721833,21.271052962828527
87.5005942254852,322.5070576908497
87.50992961375208,283.83320274302434
87.51926500201897,348.518979059404
87.52860039028585,562.5305972502358
87.53793577855272,102.71166617746813
87.54727116681961,141.65871261858436
87.55660655508649,234.05981782791497
87.56594194335338,188.27180681737073
87.57527733162026,111.34247838164859
87.58461271988713,8.839005796520134
87.59394810815402,279.53871704553376
87.6032834964209,293.1178986800895
87.61261888468779,396.67627024880665
87.62195427295467,242.92810138154624
87.63128966122154,102.96410057486447
87.64062504948843,572.6223296517
87.64996043775531,210.04295687462874
87.65929582602219,1555.0229636326376
87.66863121428908,1386.7702759233923
87.67796660255595,206.4416375106051
87.68730199082285,729.874607629258
87.69663737908972,232.01187159514686
87.7059727673566,2272.17420275921
87.71530815562349,197.25194178607325
87.72464354389037,327.7862221975849
87.73397893215726,93.60831360342986
87.74331432042413,3082.74198280274
87.75264970869101,536.5287851797004
87.7619850969579,1021.3564612555684
87.77132048522478,167.2696405967326
87.78065587349167,786.4952189919419
87.78999126175854,203.7798310733261
87.79932665002542,668.707565464804
87.80866203829231,76.57401199161704
87.81799742655919,19.27480636772802
87.82733281482606,576.0428217320567
87.83666820309296,898.4861674317435
87.84600359135983,624.0968072800152
87.85533897962672,226.17544981863875
87.8646743678936,7428.741137918542
87.87400975616048,1400.52849984204
87.88334514442737,160.598564634926
87.89268053269424,1990.32466545488
87.90201592096113,2394.91678485394
87.91135130922801,3423.6789746012655
87.92068669749489,2594.0549143437925
87.93002208576178,3909.2906838032804
87.93935747402865,2039.573064460995
87.94869286229553,11593.807290717745
87.95802825056242,1114.4744930579527
87.9673636388293,4500.41618544498
87.97669902709619,6686.326131063838
87.98603441536306,1271.274392078583
87.99536980362994,1113.3959967992298
88.00470519189683,2746.566386254127
88.01404058016371,1355.8362799978488
88.0233759684306,1922.445943117596
88.03271135669748,99.88866604457229
88.04204674496435,4029.9005319015637
88.05138213323124,4133.47461781873
88.06071752149812,296.5106670396881
88.07005290976501,1488.807446252213
88.07938829803189,578.098974088555
88.08872368629876,628.994439048436
88.09805907456565,180.55629580081958
88.10739446283253,1729.198908335894
88.11672985109941,891.4207745734858
88.1260652393663,549.0597189241854
88.13540062763317,1098.0180226371326
88.14473601590007,153.46941791820285
88.15407140416694,310.90344072147843
88.16340679243382,473.53877012340297
88.17274218070071,1494.8312680810957
88.18207756896759,130.30649638720527
88.19141295723448,262.02538827037495
88.20074834550135,452.24869631422024
88.21008373376823,298.3902610886067
88.21941912203512,51.011707339920896
88.228754510302,114.03687626710824
88.23808989856887,254.86816959699954
88.24742528683576,30.99179322253087
88.25676067510264,96.97819696686082
88.26609606336953,37.666192648511014
88.27543145163641,21.64383582665091
88.28476683990328,43.64032204530759
88.29410222817017,102.76463997938494
88.30343761643705,60.238966367767134
88.31277300470394,53.592698964052715
88.32210839297082,85.31456524243535
88.3314437812377,265.77498603378183
88.34077916950459,57.1372866685727
88.35011455777146,288.8915568619008
88.35944994603835,87.36952490032158
88.36878533430523,259.3986530803136
88.3781207225721,190.3884885999069
88.387456110839,29.2458280093733
88.39679149910587,165.83576303515284
88.40612688737275,1.9335043002245682
88.41546227563964,175.9667152020241
88.42479766390652,39.57717168367818
88.43413305217341,30.1674992462628
88.44346844044028,81.45380221333546
88.45280382870716,121.09336283118228
88.46213921697405,93.10665168929347
88.47147460524093,101.06937762615628
88.48080999350782,111.47252781686169
88.4901453817747,83.55861265500066
88.49948077004157,19.40906015766611
88.50881615830846,270.88000246150176
88.51815154657534,221.8116347599779
88.52748693484222,21.48417668842531
88.5368223231091,187.85164133878976
88.54615771137598,39.61495876070381
88.55549309964287,84.18453865711327
88.56482848790975,101.25252852026573
88.57416387617663,78.66547103648467
88.58349926444352,67.17463782650997
88.5928346527104,63.96399037708461
88.60217004097728,38.134336473649135
88.61150542924416,31.83984896743568
88.62084081751104,1.6136749071162078
88.63017620577793,68.95536056701783
88.6395115940448,64.94456366712588
88.6488469823117,49.196463653822434
88.65818237057857,9.277569008570083
88.66751775884545,370.3378369187109
88.67685314711234,259.6708067439682
88.68618853537922,1.5466240652158172
88.69552392364609,577.604878619393
88.70485931191298,228.97756023852057
88.71419470017986,45.016119417017364
88.72353008844675,450.634067322379
88.73286547671363,50.67006273976663
88.7422008649805,124.60629143330098
88.7515362532474,71.16015726329482
88.76087164151427,148.76585602075713
88.77020702978116,49.06434175059281
88.77954241804804,84.27156680478173
88.78887780631491,1.9232336169431705
88.7982131945818,121.56267714075801
88.80754858284868,60.58784272258935
88.81688397111557,15.166583071237104
88.82621935938245,89.26150450457051
88.83555474764933,115.66656166333733
88.84489013591622,94.64178815249349
88.8542255241831,124.45967381323845
88.86356091244997,65.09397378062775
88.87289630071686,14.326110984636781
88.88223168898374,65.66082329413705
88.89156707725063,319.1831461533749
88.9009024655175,7.593119822742755
88.91023785378438,9.488205866716372
88.91957324205127,148.94703490175584
88.92890863031815,127.90401787064785
88.93824401858504,67.99900675556961
88.94757940685191,51.602378227541
88.95691479511879,160.55185730587203
88.96625018338568,63.028698813976774
88.97558557165256,26.294667158577244
88.98492095991944,357.8919800318906
88.99425634818633,103.8278988000881
89.0035917364532,108.69445791741921
89.0129271247201,107.19029809125934
89.02226251298697,170.56171655357082
89.03159790125385,389.4975271829643
89.04093328952074,99.79367277234935
89.05026867778761,44.04245543047471
89.0596040660545,89.84434055161361
89.06893945432138,88.89895571343634
89.07827484258826,20.114453081029055
89.08761023085515,294.56929245759954
89.09694561912202,30.632986850846283
89.10628100738892,17.098476936653096
89.11561639565579,113.19630313554492
89.12495178392267,130.48523470087542
89.13428717218956,3.6959155709832783
89.14362256045644,191.99343258740893
89.15295794872331,83.5674456377059
89.1622933369902,12.810463443808814
89.17162872525708,155.10617289868966
89.18096411352397,117.64751787020599
89.19029950179085,19.371379804017323
89.19963489005772,48.753424404787644
89.20897027832461,349.0878000319159
89.21830566659149,2.638607896661979
89.22764105485838,2.289992160255069
89.23697644312526,328.3729255468758
89.24631183139213,21.26422644458593
89.25564721965902,28.22736312712634
89.2649826079259,229.55841150083756
89.27431799619278,77.03196131863442
89.28365338445967,29.79300569594631
89.29298877272655,35.81906262755639
89.30232416099344,46.28793821327216
89.31165954926031,123.86296223875394
89.32099493752719,55.765632598108944
89.33033032579408,81.4277913867214
89.33966571406096,55.18592887106115
89.34900110232785,2.4296120022775876
89.35833649059472,219.31134389570252
89.3676718788616,14.513327701388354
89.37700726712849,150.67934637946303
89.38634265539537,661.2675722968276
89.39567804366226,58.863914226268115
89.40501343192913,205.60479600796603
89.41434882019601,221.60252893409256
89.4236842084629,31.987649571659002
89.43301959672978,70.20201604900652
89.44235498499665,42.30133153754709
89.45169037326355,0.8024800635702252
89.46102576153042,4.91106129585272
89.47036114979731,180.9904441731706
89.47969653806419,200.61790413504534
89.48903192633107,439.14526754372883
89.49836731459796,21.37951996192931
89.50770270286483,215.30527318710952
89.51703809113172,408.14023851172584
89.5263734793986,361.8204902651352
89.53570886766548,72.19294003678414
89.54504425593237,228.0069119982909
89.55437964419924,33.15362348449183
89.56371503246612,624.0825222198071
89.57305042073301,816.0187537932657
89.58238580899989,46.890129099569116
89.59172119726678,409.3512009522499
89.60105658553366,51.00940358185734
89.61039197380053,80.9340549415289
89.61972736206742,4.396199907162389
89.6290627503343,103.81388808139312
89.63839813860119,103.06987274941686
89.64773352686807,77.83884321436602
89.65706891513494,181.82507629348513
89.66640430340183,357.8396491100624
89.67573969166871,456.420916188161
89.6850750799356,211.10700554677692
89.69441046820248,148.4428856508693
89.70374585646935,54.71872503757961
89.71308124473624,49.56457503706809
89.72241663300312,30.287976971422513
89.73175202127,49.44395263814576
89.74108740953689,14.370857205546555
89.75042279780376,142.77406767081646
89.75975818607066,4.569822678993753
89.76909357433753,111.87224413343903
89.77842896260441,52.18269643420134
89.7877643508713,240.29682449428452
89.79709973913818,15.357311089201735
89.80643512740507,388.46868239066407
89.81577051567194,515.4707690585875
89.82510590393882,56.7116092763951
89.83444129220571,697.9774307644893
89.84377668047259,113.15103002939756
89.85311206873946,24.24420683567005
89.86244745700635,158.1894737876015
89.87178284527323,202.22061081430158
89.88111823354012,3.4631846714494934
89.890453621807,49.97946428407656
89.89978901007387,114.69876958914368
89.90912439834077,396.4230802605489
89.91845978660764,57.64938219746475
89.92779517487453,73.677147885707
89.93713056314141,253.5364285144352
89.94646595140829,79.68694425020996
89.95580133967518,46.868411412001436
89.96513672794205,198.10529747246628
89.97447211620894,183.08273882254034
89.98380750447582,8.827371852372849
89.9931428927427,1.5853255453745805
90.00247828100959,254.96407582711734
90.01181366927646,0.2103601807452745
90.02114905754334,0.07009963567816936
90.03048444581023,17.784605771222143
90.03981983407711,64.87097155459261
90.049155222344,26.30819929164343
90.05849061061087,86.58799091313605
90.06782599887775,25.98699734616205
90.07716138714464,98.26201993379762
90.08649677541152,42.58620148036348
90.09583216367841,625.447211460643
90.10516755194529,220.21689510843296
90.11450294021216,107.4113160726887
90.12383832847905,386.4251075303193
90.13317371674593,42.302319687129724
90.1425091050128,50.19427100423693
90.1518444932797,1235.0120624076644
90.16117988154657,163.65145985214127
90.17051526981346,724.4084319918013
90.17985065808034,1510.7869558046923
90.18918604634722,359.7450327324168
90.19852143461411,414.74431220167446
90.20785682288098,69.30960803844368
90.21719221114788,587.8059071702862
90.22652759941475,47.611218088691615
90.23586298768163,45.84999788623184
90.24519837594852,96.48190720281943
90.2545337642154,158.476228593734
90.26386915248229,95.95145988949037
90.27320454074916,70.10952646964556
90.28253992901604,43.318596808916766
90.29187531728293,131.43117000928962
90.3012107055498,8.333212285773675
90.31054609381668,225.81934183038888
90.31988148208357,292.78844989891957
90.32921687035045,58.74590693304455
90.33855225861734,48.45452283947716
90.34788764688422,82.74942165057462
90.3572230351511,115.46101424663479
90.36655842341798,220.68145349795392
90.37589381168486,192.061368874798
90.38522919995175,37.663662329296656
90.39456458821863,78.36437709771884
90.4038999764855,58.64228233503006
90.4132353647524,24.002296172400197
90.42257075301927,48.09251778496918
90.43190614128615,20.15186011091954
90.44124152955304,77.19414007019061
90.45057691781992,59.24357021537331
90.4599123060868,130.0570135533771
90.46924769435368,57.57660857474954
90.47858308262056,4.689525038776534
90.48791847088745,6.512767396913045
90.49725385915433,266.05270572548557
90.50658924742122,29.206858269292702
90.5159246356881,5.711704036403256
90.52526002395497,98.71606014774959
90.53459541222186,9.037290775516631
90.54393080048874,36.580854331256624
90.55326618875563,31.9566658043197
90.5626015770225,3.437920347435408
90.57193696528938,64.06240181317543
90.58127235355627,66.85284849629743
90.59060774182315,0.633294610350266
90.59994313009003,57.71704529372585
90.60927851835692,72.96351165638377
90.61861390662379,14.468196847359376
90.62794929489068,145.6854292672037
90.63728468315756,17.752174361564446
90.64662007142444,87.69647695773378
90.65595545969133,96.30798683714421
90.6652908479582,73.9172164587032
90.6746262362251,23.025296911558744
90.68396162449197,74.08306583309911
90.69329701275885,203.9800816599598
90.70263240102574,119.80676282316924
90.71196778929261,119.86195078145387
90.72130317755949,108.75480714727043
90.73063856582638,3.9437366715491153
90.73997395409326,316.9472888984069
90.74930934236015,154.46370048416074
90.75864473062703,11.319465801600616
90.7679801188939,163.4379389081204
90.7773155071608,297.38676566702935
90.78665089542767,311.1205700798608
90.79598628369456,167.69055926323543
90.80532167196144,446.89363406933734
90.81465706022831,170.47235255835653
90.8239924484952,157.83938101877035
90.83332783676208,1011.310349112988
90.84266322502897,429.39926174777577
90.85199861329585,62.01196654945414
90.86133400156272,379.4122878975745
90.87066938982962,201.30815804855845
90.88000477809649,849.003836525018
90.88934016636337,65.03213799776529
90.89867555463026,515.5968985898189
90.90801094289714,421.7989893540964
90.91734633116403,143.31069663841922
90.9266817194309,34.88859745935614
90.93601710769778,56.90429856225101
90.94535249596467,504.64717780359706
90.95468788423155,136.82390423865118
90.96402327249844,128.74836108399293
90.97335866076531,239.79391544678796
90.98269404903219,269.3703596761215
90.99202943729908,113.71041442571584
91.00136482556596,135.46790789824638
91.01070021383283,58.68976961347947
91.02003560209972,50.74930128811467
91.0293709903666,89.4496842454709
91.03870637863349,64.27092525780861
91.04804176690037,88.7914465149634
91.05737715516725,214.45018120892993
91.06671254343414,188.72820356590486
91.07604793170101,273.1449022559173
91.0853833199679,54.593824297750935
91.09471870823478,107.72281636430868
91.10405409650166,413.9530708717836
91.11338948476855,187.13890103761852
91.12272487303542,181.90348232309984
91.13206026130231,49.96930041520002
91.14139564956919,0.45572172142982964
91.15073103783607,74.49504677476716
91.16006642610296,354.49264642042874
91.16940181436983,145.01924767143257
91.17873720263671,165.8243401708264
91.1880725909036,176.77131624857702
91.19740797917048,14.024135675367496
91.20674336743737,41.410184956081295
91.21607875570425,55.98790717466431
91.22541414397112,25.93570890895634
91.23474953223801,105.19441746419119
91.24408492050489,11.542155395829193
91.25342030877178,44.23297285157791
91.26275569703866,10.814291014760869
91.27209108530553,216.41191881185256
91.28142647357242,37.239374330245035
91.2907618618393,205.13076789523433
91.30009725010618,177.9898609332308
91.30943263837307,51.23804354704468
91.31876802663994,54.72351006008924
91.32810341490683,159.84300103801365
91.33743880317371,110.44185271388199
91.34677419144059,154.37920399404953
91.35610957970748,39.233568920650384
91.36544496797435,18.10559694039863
91.37478035624125,6.6686000532681415
91.38411574450812,142.60123669894264
91.393451132775,51.89311633326021
91.40278652104189,43.284529924858234
91.41212190930877,31.754187431285132
91.42145729757566,196.2892598178571
91.43079268584253,68.28178647563458
91.44012807410941,40.4357971431194
91.4494634623763,7.176061019014969
91.45879885064318,419.8882407205063
91.46813423891005,1.8199923894598236
91.47746962717694,130.9312546621352
91.48680501544382,240.12713922685222
91.49614040371071,180.02199189746182
91.50547579197759,11.891262545772141
91.51481118024446,31.658270769580845
91.52414656851136,103.9015926912537
91.53348195677823,35.56058231212575
91.54281734504512,11.506075895887788
91.552152733312,85.76953492828623
91.56148812157888,92.08963036421764
91.57082350984577,85.08372372422697
91.58015889811264,18.07282314714473
91.58949428637953,356.4565676948399
91.59882967464641,13.883016961507925
91.60816506291329,5.5573621029650395
91.61750045118018,235.35992827438835
91.62683583944705,7.45692839177814
91.63617122771393,60.72908493282091
91.64550661598082,103.21368871219198
91.6548420042477,78.55474568099265
91.66417739251459,114.95904251943213
91.67351278078146,28.86782361246294
91.68284816904834,112.02953383097882
91.69218355731523,21.547388680275297
91.70151894558211,620.0735323892816
91.710854333849,477.039326292432
91.72018972211588,301.81018164239794
91.72952511038275,60.436953607618356
91.73886049864964,289.8630332302906
91.74819588691652,972.300984548814
91.7575312751834,526.0304611729325
91.76686666345029,303.5266048936244
91.77620205171716,943.2907296820592
91.78553743998405,204.34516703924388
91.79487282825093,693.0551152483446
91.80420821651781,199.98601768900946
91.8135436047847,42.65199348699331
91.82287899305157,303.0763188876443
91.83221438131847,696.4820679049686
91.84154976958534,39.25269463036626
91.85088515785222,291.5453437750983
91.86022054611911,1058.4805933851171
91.86955593438599,1207.88830113825
91.87889132265288,156.32546412489734
91.88822671091975,1140.7090471008516
91.89756209918663,4300.620576296336
91.90689748745352,1714.7686816376897
91.9162328757204,461.3467477329225
91.92556826398727,363.2374605809593
91.93490365225416,7268.868236432209
91.94423904052104,3460.5726332115883
91.95357442878793,2939.22032839006
91.96290981705481,6653.984987129567
91.97224520532168,1831.1133996181306
91.98158059358857,183.39797833778488
91.99091598185545,3485.6044323704423
92.00025137012234,218.0295516747684
92.00958675838922,126.8859686921813
92.0189221466561,544.2096639173706
92.02825753492299,726.6231296317831
92.03759292318986,97.19696367400438
92.04692831145674,10.621908314218782
92.05626369972363,111.28490136492216
92.0655990879905,197.65961582211142
92.0749344762574,4.001992781879726
92.08426986452427,115.43452873136275
92.09360525279115,35.261234338052304
92.10294064105804,84.03299909346981
92.11227602932492,269.1805273614894
92.12161141759181,148.33270152286366
92.13094680585868,64.0882409338614
92.14028219412556,79.66074432278123
92.14961758239245,359.27348333983167
92.15895297065933,6.167858943650753
92.16828835892622,121.34621418153792
92.1776237471931,435.9211070165536
92.18695913545997,85.83877439984165
92.19629452372686,977.6845643069418
92.20562991199374,429.268127757182
92.21496530026062,282.61148398987535
92.2243006885275,494.4237827970979
92.23363607679438,66.29440094246938
92.24297146506127,455.394026146377
92.25230685332815,832.3395553345615
92.26164224159503,296.0192881401398
92.27097762986192,1516.068400634367
92.2803130181288,431.21074331987467
92.28964840639568,1049.0095524716442
92.29898379466256,1387.8627669963062
92.30831918292944,277.5406742926836
92.31765457119633,1915.542877982743
92.3269899594632,247.2813210995125
92.33632534773008,85.26758766460208
92.34566073599697,39.29148042300256
92.35499612426385,4131.858513528174
92.36433151253074,462.48921463114664
92.37366690079762,471.46281103303374
92.38300228906449,2746.584135793945
92.39233767733138,806.0762447562639
92.40167306559826,3.693793272140365
92.41100845386515,746.3737564793919
92.42034384213203,1277.0978090290694
92.4296792303989,280.54942964901204
92.4390146186658,31.30658827331232
92.44835000693267,1140.7016485365323
92.45768539519956,1466.2067330897783
92.46702078346644,441.3554144476301
92.47635617173331,404.1310625563746
92.4856915600002,834.1268630454096
92.49502694826708,608.089010693425
92.50436233653396,82.38794768442816
92.51369772480085,311.90365694367523
92.52303311306773,189.31124619141795
92.53236850133462,155.98519677283474
92.5417038896015,556.4186190206475
92.55103927786837,158.16009253936497
92.56037466613526,154.2952633103933
92.56971005440214,828.1811595794961
92.57904544266903,139.15324915890113
92.5883808309359,47.30286924946287
92.59771621920278,37.7471175855777
92.60705160746967,225.82714276183393
92.61638699573655,208.11171587921538
92.62572238400342,99.63899268680694
92.63505777227032,52.195917868774465
92.64439316053719,428.10322887315056
92.65372854880408,347.97115101609637
92.66306393707096,58.23052053558793
92.67239932533784,791.6537101424826
92.68173471360473,124.3851889038821
92.6910701018716,156.1375643939808
92.7004054901385,789.8743656831853
92.70974087840537,27.16407391130934
92.71907626667225,19.909584050991388
92.72841165493914,119.66662916899972
92.73774704320601,359.9767820822128
92.7470824314729,259.5377694894564
92.75641781973978,548.6836200938542
92.76575320800666,117.77495203544395
92.77508859627355,360.93242306084784
92.78442398454042,4548.448638924263
92.7937593728073,1068.962500697327
92.80309476107419,4370.566750729005
92.81243014934107,4625.98795162439
92.82176553760796,1668.909811434024
92.83110092587484,2214.7952755950973
92.84043631414171,740.8810591353731
92.8497717024086,1493.1998061678078
92.85910709067548,605.0754153846649
92.86844247894237,1039.0362603086044
92.87777786720925,1314.0046786411863
92.88711325547612,335.396533078554
92.89644864374301,424.8164160866423
92.90578403200989,4.812749654825993
92.91511942027677,392.75753109497737
92.92445480854366,802.7395135422145
92.93379019681053,322.6245271684894
92.94312558507742,349.83023330445786
92.9524609733443,99.27887648305884
92.96179636161118,380.64650796894654
92.97113174987807,295.7728974853465
92.98046713814495,213.51067657303605
92.98980252641184,418.8358461056928
92.99913791467871,64.09811418844296
93.00847330294559,58.53694318379806
93.01780869121248,74.00196967304868
93.02714407947936,46.98610131652392
93.03647946774625,158.8072839256586
93.04581485601312,14.533877640857199
93.05515024428,46.341550036399745
93.06448563254689,95.47582973121115
93.07382102081377,108.48838058046758
93.08315640908064,233.86898069481222
93.09249179734753,394.89194857238067
93.10182718561441,329.0765461509178
93.1111625738813,590.7655515089712
93.12049796214818,132.56264790881414
93.12983335041505,128.31285026954976
93.13916873868195,64.09957705468963
93.14850412694882,71.3305424297428
93.15783951521571,34.36159526295172
93.16717490348259,129.56196518933137
93.17651029174947,44.64000249492474
93.18584568001636,86.93092798410834
93.19518106828323,135.5333447074701
93.20451645655011,61.97778863970443
93.213851844817,168.5853489566203
93.22318723308388,516.7144395386681
93.23252262135077,446.75890851169333
93.24185800961764,186.82589164705283
93.25119339788452,94.25806310323446
93.26052878615141,330.7163018177174
93.26986417441829,192.9925487633047
93.27919956268518,196.39989793312992
93.28853495095206,260.6428823724112
93.29787033921893,1.7435782314622699
93.30720572748582,260.62268800698524
93.3165411157527,71.50856763558258
93.32587650401959,123.02005730325982
93.33521189228647,3.025094125844917
93.34454728055334,287.2626594654154
93.35388266882023,462.1935530989404
93.36321805708711,167.55652725406023
93.37255344535399,207.11609886418478
93.38188883362088,623.9715802618816
93.39122422188775,3973.824540937597
93.40055961015464,1293.7971761004592
93.40989499842152,1044.05096920936
93.4192303866884,2308.6622772516826
93.42856577495529,336.0707503447466
93.43790116322216,416.6176608458582
93.44723655148906,960.556787973652
93.45657193975593,141.0521330153796
93.46590732802281,163.81397459479464
93.4752427162897,67.13891711997144
93.48457810455658,290.0744089401454
93.49391349282345,169.1535371756686
93.50324888109034,421.14363285085176
93.51258426935722,217.19785828991783
93.52191965762411,477.01732649367017
93.53125504589099,25.05624214575644
93.54059043415786,85.82535035741854
93.54992582242475,54.206095796998426
93.55926121069163,86.94934283013214
93.56859659895852,9.319334590305072
93.5779319872254,95.06305794557224
93.58726737549227,59.5755903461604
93.59660276375917,17.072040783931467
93.60593815202604,63.38497998871829
93.61527354029293,36.43309587746286
93.62460892855981,77.87894777974194
93.63394431682669,0.32816118837048885
93.64327970509358,84.6313841659075
93.65261509336045,146.4987104042169
93.66195048162733,200.69448148545138
93.67128586989422,551.2320604430707
93.6806212581611,34.277887898995736
93.68995664642799,2.9643596799774157
93.69929203469486,81.9810854441491
93.70862742296174,198.6991523547265
93.71796281122863,23.457667648988917
93.72729819949551,81.09339456129075
93.7366335877624,122.16088115463407
93.74596897602927,151.4735951002007
93.75530436429615,12.417518953725144
93.76463975256304,101.33897009006623
93.77397514082992,45.5540690586701
93.7833105290968,203.3697110014993
93.79264591736369,153.21712727832124
93.80198130563056,394.034261870106
93.81131669389745,377.13310742894095
93.82065208216433,293.81455562748283
93.8299874704312,33.072800190375894
93.8393228586981,82.0620606602796
93.84865824696497,120.08211689919902
93.85799363523186,43.81607629218649
93.86732902349874,329.8386124392058
93.87666441176562,217.98108471231805
93.88599980003251,61.530411585841584
93.89533518829938,635.2697141261376
93.90467057656628,66.8029354615282
93.91400596483315,201.69517054643978
93.92334135310003,243.86699699185738
93.93267674136692,134.10937215687372
93.9420121296338,110.40722794522196
93.95134751790067,87.37285319107733
93.96068290616756,84.41111754546404
93.97001829443444,18.974402846979547
93.97935368270133,227.2421063126209
93.9886890709682,51.46263453857
93.99802445923508,5.42413650212492
94.00735984750197,184.904241507496
94.01669523576885,45.374612962348145
94.02603062403574,6.765532377933616
94.03536601230262,39.57443305981962
94.0447014005695,179.80533164796142
94.05403678883638,14.72593474510964
94.06337217710326,84.14813078110873
94.07270756537014,26.657084558614127
94.08204295363703,87.30852970655799
94.0913783419039,174.7286624946038
94.1007137301708,109.52203737102586
94.11004911843767,149.12937995347497
94.11938450670455,79.4356385381309
94.12871989497144,144.54372457213515
94.13805528323832,56.041297287193345
94.1473906715052,45.39233995561
94.15672605977208,74.47902513465016
94.16606144803896,14.845587136136016
94.17539683630585,102.00852565458761
94.18473222457273,1.7314298927742
94.19406761283962,51.51748910705696
94.2034030011065,101.06516229926368
94.21273838937337,47.42361858346806
94.22207377764026,11.981479459968892
94.23140916590714,2.459124250056256
94.24074455417401,66.55116879322188
94.2500799424409,112.28648645579285
94.25941533070778,69.96374439696012
94.26875071897467,55.133602934993846
94.27808610724155,3.813880933473382
94.28742149550843,1.7461858418483598
94.29675688377532,150.83594677388967
94.30609227204219,41.78554762653798
94.31542766030908,161.44057927386297
94.32476304857596,166.98708912064384
94.33409843684284,574.4419994900136
94.34343382510973,153.63780904183065
94.3527692133766,72.88397909262333
94.3621046016435,238.8393789941268
94.37143998991037,14.18730674234301
94.38077537817725,22.021449612502575
94.39011076644414,26.367815774344965
94.39944615471101,96.89159088838088
94.40878154297789,4.958659011817996
94.41811693124478,37.42889118694472
94.42745231951166,5.140193136317173
94.43678770777855,272.0496476692389
94.44612309604543,101.56223023323592
94.4554584843123,87.13059896282142
94.4647938725792,41.59032875665478
94.47412926084607,155.52554855606013
94.48346464911296,111.38244636983545
94.49280003737984,139.57332830299805
94.50213542564671,214.39465157708133
94.5114708139136,31.64854123142878
94.52080620218048,7.664843944531889
94.53014159044736,38.609972082223806
94.53947697871425,193.38244288493834
94.54881236698112,35.95723165728544
94.55814775524802,35.762802264176415
94.56748314351489,4.569156340647458
94.57681853178177,354.907858391406
94.58615392004866,632.6858691002121
94.59548930831554,448.67068539316006
94.60482469658243,410.39802529162876
94.6141600848493,259.91627787433947
94.62349547311618,224.48047975464937
94.63283086138307,294.4851188473383
94.64216624964995,341.34136588874316
94.65150163791684,1632.3663431229857
94.66083702618371,494.7518662869867
94.67017241445059,263.0909455289996
94.67950780271748,579.5805658414828
94.68884319098436,5.3021713049000665
94.69817857925123,36.45245530487403
94.70751396751812,5.056177960193909
94.716849355785,210.5634061188258
94.72618474405189,19.373561235275556
94.73552013231877,64.52003822749514
94.74485552058565,63.47205417052392
94.75419090885254,30.867186393723607
94.76352629711941,102.76997669303866
94.7728616853863,175.4333661403767
94.78219707365318,172.886399479428
94.79153246192006,151.54284215635056
94.80086785018695,37.1877528576288
94.81020323845382,79.62324524928782
94.8195386267207,128.59417469495733
94.82887401498759,77.90239533516248
94.83820940325447,94.77998274017415
94.84754479152136,86.51734080599144
94.85688017978823,207.97239367191577
94.86621556805511,389.3590547782723
94.875550956322,235.18306841994703
94.88488634458888,194.5614026501028
94.89422173285577,51.43378282601322
94.90355712112265,5.4389909912549355
94.91289250938952,12.789762592638834
94.92222789765641,89.78785412786064
94.93156328592329,142.66334905366548
94.94089867419018,55.838694495491225
94.95023406245706,114.73843421817173
94.95956945072393,22.579451271190493
94.96890483899082,264.2652635783132
94.9782402272577,339.4746697215855
94.98757561552458,746.2217193720578
94.99691100379147,292.53390582715224
95.00624639205834,415.46474533093635
95.01558178032523,81.53168788655645
95.02491716859211,167.8689222462768
95.03425255685899,4.194130603653848
95.04358794512588,56.88436150747718
95.05292333339276,218.66399559882578
95.06225872165965,346.2546260380393
95.07159410992652,306.5342422729244
95.0809294981934,594.6765348460882
95.09026488646029,225.02776243848993
95.09960027472717,363.5553939291724
95.10893566299404,173.80851426836688
95.11827105126093,180.96714724239862
95.12760643952781,317.4963498678984
95.1369418277947,292.79274622345133
95.14627721606158,135.82717154777964
95.15561260432845,34.09110160156489
95.16494799259534,29.937912634300467
95.17428338086222,296.36548453353817
95.18361876912911,194.59094908642263
95.19295415739599,238.77078732084144
95.20228954566286,1103.2849783947663
95.21162493392976,110.5559760888594
95.22096032219663,215.1791266590897
95.23029571046352,472.3249036266935
95.2396310987304,330.2532472455985
95.24896648699728,308.8581283241515
95.25830187526417,1110.4148727486488
95.26763726353104,935.2887800886493
95.27697265179792,4535.446917514209
95.28630804006481,2708.2135557241277
95.29564342833169,831.9428546431755
95.30497881659858,2966.4302705985765
95.31431420486545,26.85420154213406
95.32364959313233,259.0592038672783
95.33298498139922,2312.4383629324775
95.3423203696661,710.3724238979333
95.35165575793299,231.56811474736668
95.36099114619986,1965.7524622216047
95.37032653446674,3273.067727355133
95.37966192273363,264.6264189811138
95.38899731100051,1220.8000914173508
95.39833269926739,7510.38377813216
95.40766808753428,1469.0673128666842
95.41700347580115,990.1903217230129
95.42633886406804,11196.667387170542
95.43567425233492,277.53767621250165
95.4450096406018,336.0474413995925
95.45434502886869,4251.397263683748
95.46368041713556,1482.021543424999
95.47301580540245,2013.7841323032949
95.48235119366933,3581.4267856735155
95.49168658193621,389.9175222431874
95.5010219702031,2759.2573108137485
95.51035735846997,739.9424362406905
95.51969274673687,118.40902558395766
95.52902813500374,504.6797808617694
95.53836352327062,85.01012103530392
95.54769891153751,462.9022188475417
95.55703429980439,244.86365524333414
95.56636968807126,78.48407821673341
95.57570507633815,357.32859960447854
95.58504046460503,190.3876299684322
95.59437585287192,110.07126250565297
95.6037112411388,20.335468371795827
95.61304662940567,194.3830189942857
95.62238201767256,80.53271565584767
95.63171740593944,6.935517743436197
95.64105279420633,122.82659833473606
95.65038818247321,39.12631168138142
95.65972357074008,291.1303166539319
95.66905895900697,451.88614380236623
95.67839434727385,245.79005861197203
95.68772973554073,20.159079426547184
95.69706512380762,317.97183811750574
95.7064005120745,147.38876756878003
95.71573590034139,0.8732822720122058
95.72507128860826,667.830497258833
95.73440667687514,219.7633864040635
95.74374206514203,221.14722178406447
95.7530774534089,466.7827157213158
95.7624128416758,62.703869712849695
95.77174822994267,135.07114982098395
95.78108361820955,205.34122039083317
95.79041900647644,204.7852876804026
95.79975439474332,135.2939400977524
95.80908978301021,351.2742182882278
95.81842517127708,13.54124684008103
95.82776055954396,175.5491250621993
95.83709594781085,122.49006481257742
95.84643133607773,180.6069762078526
95.8557667243446,546.1161522594905
95.8651021126115,232.0503165568717
95.87443750087837,640.9687190935658
95.88377288914526,440.2173470689425
95.89310827741214,177.0701083843264
95.90244366567902,136.4467608592441
95.9117790539459,133.43325430642398
95.92111444221278,197.20096277186207
95.93044983047967,685.7912814255002
95.93978521874655,362.3822671267296
95.94912060701343,419.55432066488197
95.95845599528032,101.77981331624851
95.9677913835472,169.84128151389547
95.97712677181407,336.06220827744147
95.98646216008096,1399.6167443536365
95.99579754834784,2.994017510384314
96.00513293661473,134.23095020880052
96.0144683248816,767.7003679288069
96.02380371314848,189.8364568189446
96.03313910141537,214.01519732599712
96.04247448968225,219.9292606282132
96.05180987794914,114.70215046067898
96.06114526621602,450.17495075812036
96.07048065448289,32.07329013099202
96.07981604274978,9.963079936995378
96.08915143101666,299.6418162467654
96.09848681928355,29.60667240544299
96.10782220755043,36.910158339339155
96.1171575958173,379.15063055889163
96.1264929840842,491.0947538905805
96.13582837235107,664.6963077683382
96.14516376061795,539.2731558119102
96.15449914888484,1905.048064389265
96.16383453715171,214.77183136178013
96.1731699254186,149.34519179808174
96.18250531368548,195.84652064656652
96.19184070195236,422.461651452592
96.20117609021925,106.86509977635846
96.21051147848613,323.3426388431812
96.21984686675302,197.42285383263194
96.2291822550199,233.0292906702204
96.23851764328677,497.78774653049277
96.24785303155366,109.88053131141623
96.25718841982054,352.46579983406633
96.26652380808741,1460.4467784548365
96.2758591963543,46.84819252436019
96.28519458462118,363.62914497808924
96.29452997288807,356.03735123579816
96.30386536115495,128.0894339432558
96.31320074942182,891.611739615919
96.32253613768872,92.31062379711267
96.33187152595559,44.11771535223066
96.34120691422248,332.1276446578946
96.35054230248936,412.67069619005275
96.35987769075624,72.50249470360654
96.36921307902313,195.35654168022572
96.37854846729,358.79804154190555
96.3878838555569,271.45829630731345
96.39721924382377,221.56596962498398
96.40655463209065,399.4308868569218
96.41589002035754,864.2532294828392
96.42522540862441,453.65618053260965
96.43456079689129,1955.6126599422157
96.44389618515818,169.39994411023255
96.45323157342506,1300.812681532552
96.46256696169195,1272.731092638378
96.47190234995882,629.685965885459
96.4812377382257,1253.6984117670015
96.49057312649259,453.02986555046317
96.49990851475947,2228.0513879434384
96.50924390302636,1107.1875088432766
96.51857929129324,599.3621199519724
96.52791467956011,4633.280439906852
96.537250067827,1756.853518022515
96.54658545609388,4715.460712645971
96.55592084436076,6432.145151482072
96.56525623262765,1142.9573628342346
96.57459162089452,2898.787269357872
96.58392700916141,233.86400525250434
96.59326239742829,2192.1226429989156
96.60259778569517,63.670549985693164
96.61193317396206,1022.1460324329162
96.62126856222893,791.3038849261773
96.63060395049582,199.4278840610701
96.6399393387627,1269.475530461741
96.64927472702958,128.00222868413826
96.65861011529647,273.85266581199954
96.66794550356335,478.726680972708
96.67728089183024,586.17535652503
96.68661628009711,116.71468138328473
96.69595166836399,512.6209343216473
96.70528705663088,263.01757462994794
96.71462244489776,436.27069440057653
96.72395783316463,175.11590489848948
96.73329322143152,470.8598863433449
96.7426286096984,196.69994033794833
96.75196399796529,63.87308184447302
96.76129938623217,56.822287107580664
96.77063477449904,457.3546750908567
96.77997016276593,16.54195307090714
96.78930555103281,87.51124837529726
96.7986409392997,0.1324102379921503
96.80797632756658,110.16665947144979
96.81731171583345,94.63287874295995
96.82664710410035,159.08186329197866
96.83598249236722,132.64573182436587
96.8453178806341,53.99209272336078
96.85465326890099,60.057519878023605
96.86398865716787,55.0896251622217
96.87332404543476,4.677571614101443
96.88265943370163,5.036184513872541
96.89199482196851,173.13785800808944
96.9013302102354,173.05675945249814
96.91066559850228,104.90936953444184
96.92000098676917,299.0896323168139
96.92933637503604,1.8996565367334755
96.93867176330292,17.72292481897153
96.94800715156981,5.69875878103563
96.95734253983669,176.3053833665709
96.96667792810358,19.17088766103683
96.97601331637046,52.209935762169735
96.98534870463733,5.274963965584747
96.99468409290422,111.93975409797572
97.0040194811711,77.20741333768211
97.01335486943798,0.46570313025376203
97.02269025770487,25.512768982003752
97.03202564597174,5.270954258518857
97.04136103423863,51.31267631041457
97.05069642250551,32.11058903785285
97.06003181077239,5.944611263667978
97.06936719903928,2.1635027970299046
97.07870258730615,85.67312352145402
97.08803797557304,175.384207714698
97.09737336383992,135.47494062265642
97.1067087521068,47.981216205250696
97.11604414037369,11.176370049361386
97.12537952864056,189.55786249612868
97.13471491690746,152.98349498216405
97.14405030517433,167.46329355310607
97.15338569344121,398.3111286154003
97.1627210817081,225.94566723845475
97.17205646997498,189.3980115991058
97.18139185824185,242.04676406637225
97.19072724650874,28.837180850505074
97.20006263477562,16.522251793709334
97.20939802304251,55.549158834312365
97.21873341130939,54.51670172032308
97.22806879957626,10.672892610532775
97.23740418784315,41.729236531049246
97.24673957611003,248.99742598086527
97.25607496437692,231.50164179029605
97.2654103526438,362.9405254729713
97.27474574091067,134.3933896762073
97.28408112917757,225.33043818847065
97.29341651744444,431.0365699635824
97.30275190571132,140.31153992349894
97.31208729397821,13.841472976923122
97.32142268224509,1156.2898145570018
97.33075807051198,211.34384717734162
97.34009345877885,84.09988288203104
97.34942884704573,828.3393025716741
97.35876423531262,154.39540433187528
97.3680996235795,129.8009244562702
97.37743501184639,480.86901814911135
97.38677040011326,137.408745544658
97.39610578838014,12.511118739446063
97.40544117664703,101.83294051441258
97.41477656491391,68.86228061200025
97.4241119531808,59.75915342945513
97.43344734144767,73.68228691562194
97.44278272971455,49.63777658328035
97.45211811798144,168.11759180933763
97.46145350624832,101.98852429437825
97.4707888945152,10.688571426238749
97.48012428278209,187.85529335227335
97.48945967104896,35.660372688485865
97.49879505931585,86.25585501640191
97.50813044758273,60.37822333628803
97.5174658358496,102.68561243480384
97.5268012241165,57.01803316566857
97.53613661238337,31.97538110653467
97.54547200065026,21.282562660947125
97.55480738891714,33.62864707648661
97.56414277718402,6.010070206931012
97.57347816545091,55.417227823971444
97.58281355371778,43.85929604047415
97.59214894198466,94.70712612927494
97.60148433025155,30.071584195114546
97.61081971851843,85.14102171498276
97.62015510678532,2.0756117409322137
97.6294904950522,208.7924516406971
97.63882588331907,91.23063933486358
97.64816127158596,51.148625921694624
97.65749665985284,103.93084864673061
97.66683204811973,469.80153154805635
97.6761674363866,517.4686490401982
97.68550282465348,47.286294088424825
97.69483821292037,105.44068923902205
97.70417360118725,59.47559807321512
97.71350898945414,230.04495082100024
97.72284437772102,134.3897656718892
97.7321797659879,71.7099040836641
97.74151515425478,109.17578240118596
97.75085054252166,54.61171688824309
97.76018593078854,8.87556284569097
97.76952131905543,73.97694741786877
97.7788567073223,358.5022921117571
97.7881920955892,276.4114910729295
97.79752748385607,188.7102768919595
97.80686287212295,223.2864915839023
97.81619826038984,71.65464215741112
97.82553364865672,1.0069738507422326
97.8348690369236,76.1498911425258
97.84420442519048,197.49656662238368
97.85353981345736,96.9811714710821
97.86287520172425,2.1015142975189147
97.87221058999113,2.0119561571491373
97.881545978258,42.02961116349779
97.8908813665249,15.653667791584859
97.90021675479177,16.843492187529712
97.90955214305866,125.67926142202202
97.91888753132554,97.125208432692
97.92822291959241,80.65554747602198
97.9375583078593,40.47986403573724
97.94689369612618,231.20941155592075
97.95622908439307,5.252695004018988
97.96556447265995,257.9456950296612
97.97489986092683,301.800065358878
97.98423524919372,79.3529559714218
97.99357063746059,285.566001465109
98.00290602572748,12.544865261458593
98.01224141399436,538.89461576376
98.02157680226124,509.7883428472148
98.03091219052813,86.32633664244261
98.040247578795,162.69314971458098
98.04958296706188,392.1397927499144
98.05891835532877,231.81138813586867
98.06825374359565,6.921225499922988
98.07758913186254,5.077861360903203
98.08692452012941,52.98993101723831
98.09625990839629,259.1713801305646
98.10559529666318,27.151238481219504
98.11493068493006,179.62864557638576
98.12426607319695,21.05090739026776
98.13360146146383,179.37895239123569
98.1429368497307,137.25085792544405
98.1522722379976,203.85569229069853
98.16160762626447,127.44545683875452
98.17094301453135,612.3266679245002
98.18027840279824,533.5465119156694
98.18961379106511,107.66979087918772
98.198949179332,83.40844905086462
98.20828456759888,788.7937512313255
98.21761995586576,50.41620926218565
98.22695534413265,41.07635833737508
98.23629073239952,704.1184980493283
98.24562612066642,69.3391357498593
98.25496150893329,555.1154990916923
98.26429689720017,1198.0364234482938
98.27363228546706,76.34691078615442
98.28296767373394,459.161809826655
98.29230306200083,83.10642798161115
98.3016384502677,422.7282439427109
98.31097383853458,49.298222704158015
98.32030922680147,809.657658281121
98.32964461506835,189.49452552599416
98.33898000333522,7.23226413832272
98.34831539160211,65.98389735810774
98.35765077986899,313.6604479321491
98.36698616813588,58.392531979646336
98.37632155640276,69.043029789691
98.38565694466963,32.40557206170803
98.39499233293652,174.13316374858385
98.4043277212034,184.90006219455802
98.41366310947029,163.37827239317272
98.42299849773717,322.68443306495885
98.43233388600405,167.28443112448446
98.44166927427094,108.48140361460194
98.45100466253781,66.46672885346315
98.46034005080469,102.64252331029927
98.46967543907158,66.266466214427
98.47901082733846,48.4993187205118
98.48834621560535,34.412384106662564
98.49768160387222,3.6799830937550384
98.5070169921391,55.28204625422844
98.51635238040599,83.07165549431829
98.52568776867287,121.29515328556924
98.53502315693976,121.93821320660602
98.54435854520663,3.7568038984502468
98.55369393347351,34.939374012532745
98.5630293217404,15.591215762808462
98.57236471000728,148.74601987352278
98.58170009827417,14.512281593172743
98.59103548654105,57.2237614084862
98.60037087480792,18.173042370715244
98.60970626307481,124.77123244799878
98.61904165134169,124.29349952881772
98.62837703960857,16.906294434663334
98.63771242787546,2.1709590261788474
98.64704781614233,579.6423371840935
98.65638320440922,69.73499403344432
98.6657185926761,86.72648145437815
98.67505398094298,341.3276483974522
98.68438936920987,100.93804394761555
98.69372475747674,50.40937838793138
98.70306014574363,6.165410215795769
98.71239553401051,448.44086647751476
98.72173092227739,132.38794424707078
98.73106631054428,38.270635053892384
98.74040169881116,5.742160160072259
98.74973708707803,345.44901345729323
98.75907247534492,347.83899084517856
98.7684078636118,44.369411057568406
98.77774325187869,131.4011835298237
98.78707864014557,16.205799995947583
98.79641402841244,637.3164099311441
98.80574941667933,159.46241832032672
98.81508480494621,5.053469955302628
98.8244201932131,417.46510526341063
98.83375558147998,41.572704332722004
98.84309096974685,12.470064127031913
98.85242635801374,228.4184035864681
98.86176174628062,107.12239653234515
98.87109713454751,3.6076269839032675
98.88043252281439,47.24851960766042
98.88976791108126,402.74405268058945
98.89910329934816,411.45616007783445
98.90843868761503,171.42440558908217
98.91777407588191,163.3885838935022
98.9271094641488,382.39675596066303
98.93644485241568,23.731110213266273
98.94578024068257,2.570353531777736
98.95511562894944,94.67695932903241
98.96445101721632,32.97841098876127
98.97378640548321,9.54970663439452
98.98312179375009,110.4100512657822
98.99245718201698,231.9994610803832
99.00179257028385,54.51558294651865
99.01112795855073,27.81859419302985
99.02046334681762,119.12376547134562
99.0297987350845,25.075072882543708
99.03913412335137,17.150956379720835
99.04846951161826,39.56844378359677
99.05780489988514,41.04235717437956
99.06714028815203,13.555751711405332
99.07647567641891,108.93619502038882
99.08581106468579,15.576627922215602
99.09514645295268,76.8876647307321
99.10448184121955,82.28242813290875
99.11381722948644,10.200545619774749
99.12315261775332,152.70115258278125
99.1324880060202,45.42120708341896
99.14182339428709,84.50434136611084
99.15115878255396,322.73104729192147
99.16049417082085,87.61100786963907
99.16982955908773,101.88212959027796
99.17916494735461,141.97155320738057
99.1885003356215,163.44991787811603
99.19783572388837,69.99138641421867
99.20717111215525,25.788853577413555
99.21650650042214,53.6608785112896
99.22584188868902,10.968711279962468
99.23517727695591,165.96881799536695
99.24451266522279,7.7127532534874375
99.25384805348966,124.58158055820256
99.26318344175655,227.9710712832743
99.27251883002343,9.279329264499053
99.28185421829032,65.55247294947772
99.2911896065572,76.61945390828907
99.30052499482407,37.65322657303541
99.30986038309096,147.78792961257847
99.31919577135784,25.952251414878692
99.32853115962472,43.34251632195718
99.33786654789161,83.72963272801195
99.34720193615848,106.16735072452559
99.35653732442537,31.795338404427124
99.36587271269225,298.86063639703224
99.37520810095913,26.40472657953074
99.38454348922602,71.14924678915196
99.3938788774929,19.79334639041376
99.40321426575979,394.1717360945366
99.41254965402666,492.5508149958485
99.42188504229354,520.610128017856
99.43122043056043,782.3382188642025
99.4405558188273,219.64636860194366
99.4498912070942,513.1024104314805
99.45922659536107,346.65528008019044
99.46856198362795,1094.8043388376434
99.47789737189484,794.7491955340662
99.48723276016172,194.0085262142724
99.4965681484286,331.3180810090013
99.50590353669548,29.771372165501624
99.51523892496236,87.524874196441
99.52457431322925,162.40892974861353
99.53390970149613,132.86086689932034
99.543245089763,29.718828369190664
99.5525804780299,367.91362129628607
99.56191586629677,117.30447797217738
99.57125125456366,164.43851949774498
99.58058664283054,592.7987397333748
99.58992203109742,168.8237534103902
99.5992574193643,65.29065814203018
99.60859280763118,74.5599221933883
99.61792819589806,128.031580589505
99.62726358416495,151.85893233539275
99.63659897243183,124.69498056903768
99.64593436069872,266.29851698434146
99.6552697489656,122.7730625258034
99.66460513723247,40.39166264090566
99.67394052549936,235.53912027800823
99.68327591376624,31.304262613605335
99.69261130203313,83.70976125277274
99.7019466903,42.211797249297604
99.71128207856688,69.59293358789247
99.72061746683377,70.16974879313227
99.72995285510065,44.7137472357929
99.73928824336754,79.7079601029492
99.74862363163442,110.57189838083879
99.75795901990129,100.99041689340808
99.76729440816818,182.8606598111537
99.77662979643506,50.41430597023034
99.78596518470194,20.42179449392036
99.79530057296883,66.92634285398168
99.8046359612357,37.97836952257617
99.8139713495026,21.519376671353836
99.82330673776947,220.07236541844577
99.83264212603635,109.99513532954141
99.84197751430324,530.198713787344
99.85131290257011,458.07058106455816
99.860648290837,642.1531723570971
99.86998367910388,330.24041237830545
99.87931906737076,78.21874997917384
99.88865445563765,256.57594934966824
99.89798984390453,76.97656037083352
99.90732523217142,159.92317817922898
99.9166606204383,144.63879694123315
99.92599600870517,89.72194987362037
99.93533139697206,304.31111757707686
99.94466678523894,85.16093192294201
99.95400217350581,116.17149440501099
99.9633375617727,1.0162537956613322
99.97267295003958,361.7952816960578
99.98200833830647,119.14008207097771
99.99134372657335,326.7232582986656
100.00067911484022,175.48975247213093
100.01001450310712,100.02910362702117
100.01934989137399,1.4551047193424986
100.02868527964088,246.54072028093714
100.03802066790776,17.965939706191005
100.04735605617464,337.3571611152228
100.05669144444153,224.83668496964194
100.0660268327084,43.305395663607236
100.07536222097528,293.7640127455681
100.08469760924217,46.98256116681935
100.09403299750905,67.24045127353234
100.10336838577594,147.78540520271739
100.11270377404281,122.93617676026795
100.12203916230969,451.7806736639153
100.13137455057658,473.8183807577259
100.14070993884346,744.4743084240098
100.15004532711035,417.8519888652229
100.15938071537722,584.1644439709097
100.1687161036441,31.04728804936588
100.17805149191099,38.46228549445265
100.18738688017787,17.934716570478262
100.19672226844476,427.3749030603716
100.20605765671164,175.2297093890936
100.21539304497851,16.16633384974404
100.2247284332454,35.31970816858919
100.23406382151228,249.92076618909124
100.24339920977916,28.230554081180028
100.25273459804605,3.1269231236644197
100.26206998631292,207.43860267867817
100.27140537457981,72.37328797377619
100.28074076284669,15.23168689880123
100.29007615111357,30.702794030423785
100.29941153938046,314.10249574982015
100.30874692764733,26.487546812915557
100.31808231591422,75.64480644365642
100.3274177041811,58.81990938623481
100.33675309244798,81.0285279316048
100.34608848071487,133.29652760245776
100.35542386898175,3.887613176965087
100.36475925724862,22.823005132613115
100.37409464551551,7.9608468298057256
100.38343003378239,75.99257075280757
100.39276542204928,9.795637276611647
100.40210081031616,262.2779664428651
100.41143619858303,236.47492965525137
100.42077158684992,354.3273209734783
100.4301069751168,446.8299885231406
100.43944236338369,138.26044687183685
100.44877775165057,30.324841528717446
100.45811313991744,142.99893181202367
100.46744852818433,1.3409692303669147
100.47678391645121,188.37585751045728
100.4861193047181,337.7885717338296
100.49545469298498,18.16511894492336
100.50479008125185,115.56998732022353
100.51412546951875,571.2252278368777
100.52346085778562,3.870175102392705
100.5327962460525,278.504683601219
100.54213163431939,344.74000347276666
100.55146702258627,231.86280505407552
100.56080241085316,25.244325992021437
100.57013779912003,180.48242864849146
100.57947318738691,434.7545680163758
100.5888085756538,62.117254061057835
100.59814396392068,243.89130939402187
100.60747935218757,416.25522718640303
100.61681474045444,405.4936073840812
100.62615012872132,588.4155908234362
100.63548551698821,254.62221606399513
100.64482090525509,369.6693534902715
100.65415629352196,67.88392987924847
100.66349168178886,542.6046628253641
100.67282707005573,137.1526456535711
100.68216245832262,562.2573824218322
100.6914978465895,239.18994632930017
100.70083323485638,1354.1246209479361
100.71016862312327,1555.904211350008
100.71950401139014,853.2117879335156
100.72883939965703,1223.5750072233986
100.73817478792391,953.1427416466727
100.74751017619079,619.8852234047388
100.75684556445768,721.9643499565225
100.76618095272455,46.202741744016755
100.77551634099144,317.47307497886254
100.78485172925832,12.431255017283238
100.7941871175252,560.305116747978
100.80352250579209,131.81661713270688
100.81285789405896,169.44337974447186
100.82219328232584,569.2465303575033
100.83152867059273,182.37112228177318
100.84086405885961,87.43010731877177
100.8501994471265,500.87494934928503
100.85953483539338,265.8077826003769
100.86887022366025,229.5721840298539
100.87820561192714,392.31013979261667
100.88754100019402,40.20410124237975
100.89687638846091,161.83104416550893
100.90621177672779,94.25199641553215
100.91554716499466,115.35644958008791
100.92488255326155,10.11796564730591
100.93421794152843,107.2713893796865
100.94355332979531,19.8031616251716
100.9528887180622,36.8975945720027
100.96222410632907,32.724264145146336
100.97155949459597,61.42110758263344
100.98089488286284,32.78096683006471
100.99023027112972,159.4728932280803
100.99956565939661,211.42905214083373
101.00890104766349,304.427904840189
101.01823643593038,352.5946452919917
101.02757182419725,62.74627531649934
101.03690721246413,1157.5695121675637
101.04624260073102,137.0755299832153
101.0555779889979,48.740301863353345
101.06491337726479,437.28187361237576
101.07424876553166,320.8542158582866
101.08358415379854,429.9442152643998
101.09291954206543,148.42732218227783
101.10225493033231,1106.8482609112077
101.11159031859918,330.3030985628011
101.12092570686607,261.13190562857267
101.13026109513295,315.4432242245696
101.13959648339984,770.3764342210279
101.14893187166672,2018.9504429742349
101.1582672599336,226.76317087021394
101.16760264820049,39.938580933298816
101.17693803646736,1706.9969839448177
101.18627342473425,1450.9313247911941
101.19560881300113,1133.411443144007
101.204944201268,2075.0187074586515
101.2142795895349,109.96632905038942
101.22361497780177,113.68881464597924
101.23295036606865,9.834771870156564
101.24228575433554,1340.1683745873565
101.25162114260242,627.4453912256035
101.26095653086931,622.9892226264175
101.27029191913618,2848.0497159800593
101.27962730740306,381.9837567345935
101.28896269566995,150.60606375627415
101.29829808393683,399.84581638400164
101.30763347220372,1515.1611418420355
101.3169688604706,785.6741737729276
101.32630424873747,812.519346540316
101.33563963700436,532.6502727798947
101.34497502527124,181.00581073395838
101.35431041353813,474.13295633014235
101.363645801805,53.01416709897962
101.37298119007188,782.7294971039773
101.38231657833877,946.1409793912366
101.39165196660565,40.10167038630653
101.40098735487253,333.903899681746
101.41032274313942,92.42484105169879
101.4196581314063,1289.9402217871736
101.42899351967318,788.8078020181575
101.43832890794006,1358.3658480294532
101.44766429620694,864.6124525602077
101.45699968447383,183.8048193404848
101.4663350727407,119.98738041435104
101.4756704610076,606.9873394555725
101.48500584927447,151.40523475144903
101.49434123754135,167.38080066444272
101.50367662580824,69.23304608299382
101.51301201407512,52.00001297038487
101.52234740234199,70.18974325873435
101.53168279060888,80.06864635889941
101.54101817887576,91.7587676715462
101.55035356714265,77.83697216434464
101.55968895540953,58.27561534798007
101.5690243436764,141.81787932713854
101.5783597319433,20.947835040620806
101.58769512021017,160.40799614641597
101.59703050847706,71.3981297903568
101.60636589674394,368.6623465306748
101.61570128501081,345.8302642506639
101.6250366732777,388.6443074741882
101.63437206154458,723.4558237479354
101.64370744981147,570.4748553398344
101.65304283807835,1023.1352444572087
101.66237822634523,82.07557522816525
101.67171361461212,319.7921528183714
101.68104900287899,147.58226247137546
101.69038439114587,254.85657929213156
101.69971977941276,98.03653592424854
101.70905516767964,69.8914838529666
101.71839055594653,169.19064268353603
101.7277259442134,74.53649563408214
101.73706133248028,54.85693680825253
101.74639672074717,49.838293758824015
101.75573210901405,18.994155368824075
101.76506749728094,46.74672453272264
101.77440288554781,1.0107609997238012
101.78373827381469,55.522102882948765
101.79307366208158,105.20842135352902
101.80240905034846,38.88621916585771
101.81174443861534,142.48408324771125
101.82107982688223,98.64955150605226
101.8304152151491,52.359818515714316
101.839750603416,96.45566657365076
101.84908599168287,2.663018968940823
101.85842137994975,255.57326532352164
101.86775676821664,32.88736910471696
101.87709215648351,90.5704020916074
101.8864275447504,144.96986065048088
101.89576293301728,42.94598044755446
101.90509832128416,81.02604163146715
101.91443370955105,7.806552563366882
101.92376909781792,181.0320057915141
101.93310448608482,125.65639601204686
101.94243987435169,281.88049916249537
101.95177526261857,496.3282906444528
101.96111065088546,660.983668726145
101.97044603915234,136.5269743771762
101.97978142741921,155.14161309345013
101.9891168156861,0.22305698317058203
101.99845220395298,409.2835898272008
102.00778759221987,60.91806711608809
102.01712298048675,81.42380226261862
102.02645836875362,80.16767348772605
102.03579375702051,222.62327582771016
102.04512914528739,208.07330148498798
102.05446453355428,145.34771853325046
102.06379992182116,389.7405523470247
102.07313531008803,111.90974284940044
102.08247069835492,57.83080763851449
102.0918060866218,522.0635454186593
102.10114147488868,77.05740909223223
102.11047686315557,9.037981974254425
102.11981225142245,79.28816343652736
102.12914763968934,97.53028814249934
102.13848302795621,96.769767580529
102.14781841622309,252.35441148181718
102.15715380448998,294.2327287720544
102.16648919275686,510.57210810204816
102.17582458102375,262.13484002900447
102.18515996929062,67.78122376860237
102.1944953575575,228.0893674704076
102.20383074582439,41.492747965762575
102.21316613409127,59.33643873302548
102.22250152235816,36.135406749939655
102.23183691062503,107.22566259023529
102.24117229889191,88.2010335051701
102.2505076871588,45.67145800299153
102.25984307542568,330.1562980428041
102.26917846369255,233.3182100778813
102.27851385195945,271.62080050949976
102.28784924022632,326.67301031464086
102.29718462849321,103.74378468064802
102.30652001676009,64.02005291397953
102.31585540502697,22.064900491182
102.32519079329386,123.67853253821636
102.33452618156073,41.70298534959213
102.34386156982762,36.80755461682577
102.3531969580945,113.12268994046853
102.36253234636138,377.8976065417257
102.37186773462827,391.7076366946281
102.38120312289514,133.30538580621058
102.39053851116202,1335.6846125085917
102.39987389942891,208.44292709670043
102.40920928769579,27.08995015429432
102.41854467596268,357.8340419435254
102.42788006422956,486.8993234038846
102.43721545249643,404.20156374922834
102.44655084076332,54.4942257213117
102.4558862290302,586.3228119857757
102.46522161729709,130.6147668236644
102.47455700556397,0.8548705465603825
102.48389239383084,87.96504177378145
102.49322778209773,101.13855407019892
102.50256317036461,24.804800874968993
102.5118985586315,14.620971992571736
102.52123394689838,25.1178682795766
102.53056933516525,377.7196240897084
102.53990472343214,112.66480746597946
102.54924011169902,116.41483628843102
102.5585754999659,321.04626560723443
102.56791088823279,594.8948099693318
102.57724627649966,366.05604673526904
102.58658166476656,19.127144760303537
102.59591705303343,223.1828642918706
102.60525244130031,118.24649538354225
102.6145878295672,219.70221276831458
102.62392321783408,41.534061317127204
102.63325860610097,24.514372949316602
102.64259399436784,9.245144027089351
102.65192938263472,42.56114735150964
102.66126477090161,118.74862955722362
102.67060015916849,303.51731551464553
102.67993554743538,247.29460918344697
102.68927093570225,65.91796286730276
102.69860632396913,80.6092458296741
102.70794171223602,39.670239788332815
102.7172771005029,13.471082713644018
102.72661248876977,157.7798541932179
102.73594787703666,26.41555592282264
102.74528326530354,101.9323725769103
102.75461865357043,71.32893758734649
102.76395404183731,108.69133506035602
102.77328943010419,131.0178370460559
102.78262481837108,235.87976219614606
102.79196020663795,1.8732568662247067
102.80129559490484,1.5408971332412356
102.81063098317172,87.86151588291027
102.8199663714386,4.5786038622058385
102.82930175970549,40.4397479265964
102.83863714797236,111.36686055589995
102.84797253623924,12.260728164175204
102.85730792450613,47.645876273784154
102.86664331277301,27.73909525347583
102.8759787010399,43.766715852780116
102.88531408930677,64.41386724840633
102.89464947757365,34.63747100910149
102.90398486584054,55.910010818746244
102.91332025410742,36.614545329848255
102.92265564237431,0.276717613864867
102.93199103064119,278.50072258312224
102.94132641890806,7.964366667650368
102.95066180717495,144.2011427871408
102.95999719544183,208.63227339622807
102.96933258370872,147.12264148494313
102.9786679719756,9.788442708719288
102.98800336024247,127.2336353397327
102.99733874850936,46.92395365222468
103.00667413677624,378.62774655765674
103.01600952504312,260.0987615961894
103.02534491331001,10.408362828012482
103.03468030157688,75.95207927780079
103.04401568984377,7.331344060097352
103.05335107811065,201.05158864580642
103.06268646637753,211.4527623996678
103.07202185464442,56.29860537178705
103.0813572429113,34.89588883181539
103.09069263117819,72.49820085349059
103.10002801944506,30.25643301724155
103.10936340771194,36.49668675427238
103.11869879597883,98.44434137963275
103.1280341842457,25.76554806370372
103.13736957251258,182.11093956998658
103.14670496077947,218.2995290421394
103.15604034904635,80.03297561308132
103.16537573731324,40.31362499835544
103.17471112558012,148.7218497363623
103.184046513847,276.1025131836227
103.19338190211388,225.4033798265235
103.20271729038076,26.100920746035207
103.21205267864765,162.23463570216887
103.22138806691453,9.859751920388724
103.2307234551814,29.70187372316666
103.2400588434483,66.31163629179
103.24939423171517,25.411270770720066
103.25872961998206,7.641683316100028
103.26806500824894,29.015936658618944
103.27740039651582,48.791140925699125
103.2867357847827,116.67531946050242
103.29607117304958,62.12686780623432
103.30540656131646,90.10931379615128
103.31474194958335,78.9328930330721
103.32407733785023,416.6860783070951
103.33341272611712,452.0694410249511
103.342748114384,455.26513167721146
103.35208350265087,462.4976956747373
103.36141889091776,242.31955394377528
103.37075427918464,109.7742442807863
103.38008966745153,52.3239899715262
103.3894250557184,14.55075228431696
103.39876044398528,73.3017005834905
103.40809583225217,29.099356832939797
103.41743122051905,29.911439091042148
103.42676660878593,147.1845985404032
103.43610199705282,23.26537753730344
103.44543738531969,3.0672118295846817
103.45477277358658,208.31676273939445
103.46410816185346,64.31094798137994
103.47344355012034,21.323005960139792
103.48277893838723,163.6208994828856
103.4921143266541,8.031249716056902
103.501449714921,114.01169012339851
103.51078510318787,665.0047352664419
103.52012049145475,160.08667060415866
103.52945587972164,156.33747667841033
103.53879126798851,143.53388242144092
103.5481266562554,487.42738266001766
103.55746204452228,50.50882436061433
103.56679743278916,165.415953123575
103.57613282105605,162.04156951484666
103.58546820932293,48.19416672554051
103.5948035975898,381.9731133055421
103.6041389858567,49.490578915090396
103.61347437412357,618.4093921195839
103.62280976239046,1047.4104614347764
103.63214515065734,154.60422833728398
103.64148053892421,253.60865018775837
103.6508159271911,14.984775153772159
103.66015131545798,933.7478033658523
103.66948670372487,156.1917330684603
103.67882209199175,96.40387136007764
103.68815748025862,273.775258939449
103.69749286852552,203.0137431516653
103.70682825679239,596.3910349352641
103.71616364505927,1000.7056162983782
103.72549903332616,121.5157185403023
103.73483442159304,119.49856459994616
103.74416980985993,179.3886147578623
103.7535051981268,1022.2522452407621
103.76284058639368,131.48919486060922
103.77217597466057,215.80403870750874
103.78151136292745,609.6963336498475
103.79084675119434,460.43413316959885
103.80018213946121,71.2160578052789
103.80951752772809,540.7584776221086
103.81885291599498,846.7919005087995
103.82818830426186,39.117180484259265
103.83752369252875,725.3322213827709
103.84685908079562,324.45163675059547
103.8561944690625,165.30334896737912
103.86552985732939,258.25376839914185
103.87486524559627,412.6117886529672
103.88420063386314,247.03148856685397
103.89353602213004,173.99187035897478
103.90287141039691,474.65288673678845
103.9122067986638,147.4511428737625
103.92154218693068,373.3543795392874
103.93087757519756,386.5966857060734
103.94021296346445,270.95910564592225
103.94954835173132,37.44427569440399
103.95888373999821,111.8346358881243
103.96821912826509,799.5245155096161
103.97755451653197,2363.167734869784
103.98688990479886,1576.7763361351147
103.99622529306573,2692.655292500013
104.00556068133261,3583.430877677018
104.0148960695995,1932.1932121765517
104.02423145786638,1321.0056861206108
104.03356684613327,645.4535692952383
104.04290223440015,1036.1358718441768
104.05223762266702,703.3282172442863
104.06157301093391,1653.3347256020015
104.07090839920079,3613.335763606776
104.08024378746768,4105.446523930114
104.08957917573456,1588.7672660963724
104.09891456400143,1384.388825613415
104.10824995226832,2430.684048752086
104.1175853405352,246.33785399225815
104.12692072880209,85.9180839183913
104.13625611706897,550.4352898090306
104.14559150533584,516.0582300771597
104.15492689360273,253.2762793060143
104.16426228186961,561.5643059958743
104.17359767013649,707.1428587051669
104.18293305840338,31.645996815208804
104.19226844667025,55.27526429194303
104.20160383493715,146.97728970750484
104.21093922320402,152.2550649552344
104.2202746114709,135.08069597462278
104.22960999973779,344.2849005277398
104.23894538800467,22.349733448252753
104.24828077627156,178.91018348677324
104.25761616453843,188.55599005736926
104.26695155280531,227.99912928425945
104.2762869410722,287.5636379233151
104.28562232933908,156.31375206892244
104.29495771760595,274.2988376666834
104.30429310587284,78.26290190698093
104.31362849413972,76.06408230138628
104.32296388240661,121.172414415571
104.33229927067349,27.235236533319032
104.34163465894036,138.0938631091593
104.35097004720726,40.713630422316875
104.36030543547413,40.83578628987702
104.36964082374102,236.8412132725857
104.3789762120079,52.08127633382698
104.38831160027478,95.77053195212639
104.39764698854167,158.3091980392736
104.40698237680854,7.548355896109513
104.41631776507543,137.22751618606122
104.42565315334231,203.18367287494132
104.43498854160919,132.03025680689143
104.44432392987608,306.41047787827165
104.45365931814295,97.9925325420755
104.46299470640983,147.79094432994415
104.47233009467672,22.440363980428984
104.4816654829436,217.78893181801274
104.49100087121049,131.4078716045657
104.50033625947736,399.773975856157
104.50967164774424,158.35412647225414
104.51900703601113,309.10183595187095
104.52834242427801,1.0093745573894903
104.5376778125449,184.33476101291134
104.54701320081178,7.166753685443876
104.55634858907865,324.98915566409244
104.56568397734554,309.2017987418115
104.57501936561242,121.17108574620335
104.5843547538793,59.68950660016324
104.59369014214619,19.96925036081409
104.60302553041306,22.948744398959246
104.61236091867995,14.24400634191315
104.62169630694683,24.445293366700216
104.63103169521371,68.58518322587737
104.6403670834806,73.9144298542097
104.64970247174747,11.463053890779898
104.65903786001437,332.51356657475185
104.66837324828124,12.923319252411972
104.67770863654812,123.82815764881525
104.68704402481501,339.0456285328976
104.69637941308189,277.47299533681644
104.70571480134878,25.41707738150493
104.71505018961565,132.03573392967854
104.72438557788253,89.96328249865589
104.73372096614942,253.24136229187167
104.7430563544163,217.25666026012996
104.75239174268317,130.73057284906528
104.76172713095006,186.96523735053324
104.77106251921694,52.390952959177234
104.78039790748383,2.8088264389898008
104.78973329575071,277.94574247259743
104.79906868401758,10.540798675581783
104.80840407228447,132.58594869092929
104.81773946055135,336.7604306837565
104.82707484881824,528.0240825949988
104.83641023708512,260.11668628092684
104.845745625352,215.6713143037959
104.85508101361889,95.50741307278035
104.86441640188576,99.17815770712642
104.87375179015264,221.95468704322406
104.88308717841953,264.55162920916877
104.8924225666864,38.42851145139535
104.9017579549533,178.12263883070463
104.91109334322017,454.4726131211514
104.92042873148705,681.3738329467589
104.92976411975394,8.7794502046823
104.93909950802082,2.9748351172688383
104.94843489628771,188.1725329503574
104.95777028455458,208.40281000237445
104.96710567282146,2.327721395455242
104.97644106108835,233.88714883556185
104.98577644935523,128.99803633504555
104.99511183762212,72.40334880971353
105.004447225889,283.95505581034445
105.01378261415587,162.0549454751228
105.02311800242276,273.18261099765436
105.03245339068964,953.2554876235534
105.04178877895652,78.54413321894363
105.0511241672234,1274.0945639048366
105.06045955549028,1166.9008789855434
105.06979494375717,1101.4642753029652
105.07913033202405,1933.5874183877963
105.08846572029093,159.22045930939044
105.09780110855782,6306.873094044247
105.1071364968247,4670.451660018982
105.11647188509158,734.5943303389485
105.12580727335846,3631.014192712884
105.13514266162534,636.2330046793347
105.14447804989223,6528.083218771575
105.1538134381591,265.75120057969434
105.163148826426,2918.4498374749282
105.17248421469287,3881.4191452379837
105.18181960295975,1817.3111695516739
105.19115499122664,254.35318097693178
105.20049037949352,2389.4915251352954
105.20982576776039,3581.19385105196
105.21916115602728,463.00730689939326
105.22849654429416,897.7807927699838
105.23783193256105,2848.1963407066746
105.24716732082793,562.7560354101649
105.2565027090948,418.67495791048617
105.2658380973617,453.1787652067847
105.27517348562857,2275.3528232420913
105.28450887389546,647.6176762170297
105.29384426216234,31.49548662658305
105.30317965042921,1078.0461741968895
105.3125150386961,131.08013086718253
105.32185042696298,254.90695766961235
105.33118581522986,299.894131376633
105.34052120349675,430.9130571509912
105.34985659176363,407.33118680254347
105.35919198003052,1199.1418472868916
105.36852736829739,266.7731972913602
105.37786275656427,641.6029885389462
105.38719814483116,1231.0312333780898
105.39653353309804,258.3971249724942
105.40586892136493,188.87937689930484
105.4152043096318,93.97770729530015
105.42453969789868,232.78122988741427
105.43387508616557,277.3209874302547
105.44321047443245,149.53559309172485
105.45254586269934,46.77956681560153
105.46188125096621,306.2597184014274
105.47121663923309,175.4586736771923
105.48055202749998,100.12190766876564
105.48988741576686,149.3069936185096
105.49922280403374,116.1395000862339
105.50855819230063,262.82473349397264
105.5178935805675,0.10551159407332768
105.5272289688344,15.07477755496376
105.53656435710127,43.18131036016745
105.54589974536815,160.91490461914574
105.55523513363504,26.871394220116578
105.56457052190191,34.98532626539723
105.5739059101688,623.4592975203059
105.58324129843568,77.86307444043322
105.59257668670256,69.00147432017346
105.60191207496945,398.976680925839
105.61124746323632,115.27896949933204
105.6205828515032,103.2379145412381
105.62991823977009,287.16415178898876
105.63925362803697,81.87046769984839
105.64858901630386,41.81889800057948
105.65792440457074,87.80190215256782
105.66725979283761,543.048401085939
105.6765951811045,37.84859478463692
105.68593056937138,1.6050288868335398
105.69526595763827,42.86586248696619
105.70460134590515,546.1263494532406
105.71393673417202,181.88924228869215
105.72327212243891,387.94623594313504
105.73260751070579,430.77884152083595
105.74194289897268,236.91885815160268
105.75127828723956,13.407688789446324
105.76061367550643,57.41910104247935
105.76994906377332,212.4829174041302
105.7792844520402,313.38252537520026
105.78861984030708,95.0611953162173
105.79795522857397,2.722300141519215
105.80729061684085,167.09990425601455
105.81662600510774,23.62729448734204
105.82596139337461,15.806645548388028
105.83529678164149,79.37296722807841
105.84463216990838,4.143142590092007
105.85396755817526,41.81000171878855
105.86330294644215,74.35337333343922
105.87263833470902,37.850394134188804
105.8819737229759,58.83592192105398
105.89130911124279,0.26664921525187374
105.90064449950967,135.12301047017735
105.90997988777654,117.64820292405297
105.91931527604343,64.74384839818686
105.92865066431031,10.12440394782235
105.9379860525772,5.796032173653102
105.94732144084408,116.30728931067085
105.95665682911095,200.01058179406309
105.96599221737785,38.13552720823162
105.97532760564472,71.13030458049447
105.98466299391161,65.41770792630095
105.99399838217849,67.81802999193125
106.00333377044537,35.6575744650531
106.01266915871226,67.77562553764308
106.02200454697913,52.23630612794888
106.03133993524602,13.90925226694155
106.0406753235129,359.50145193819014
106.05001071177978,71.37430435535163
106.05934610004667,36.60007886753667
106.06868148831354,360.6999634382128
106.07801687658042,46.198804744531856
106.08735226484731,20.62693594587881
106.09668765311419,235.81282150923732
106.10602304138108,8.468495631806144
106.11535842964796,131.48523134611256
106.12469381791483,8.90649892587141
106.13402920618172,173.085363583134
106.1433645944486,114.35727433900543
106.15269998271549,75.11722609464034
106.16203537098237,109.42383402071789
106.17137075924924,72.07642337015803
106.18070614751613,11.976510865577646
106.19004153578301,362.46486192764104
106.19937692404989,92.31218706655868
106.20871231231678,115.62387840776078
106.21804770058365,123.4207017383596
106.22738308885054,118.6596178685529
106.23671847711742,15.347586861795955
106.2460538653843,268.24604291178656
106.25538925365119,11.84966009908982
106.26472464191806,179.64207224581818
106.27406003018496,162.85501091563447
106.28339541845183,1.7145965720076137
106.29273080671871,105.4047500882627
106.3020661949856,34.40626914677753
106.31140158325248,42.97433514947062
106.32073697151937,18.929062645970628
106.33007235978624,176.7669688822125
106.33940774805312,2.9320016338781287
106.34874313632001,2.5432833003675324
106.35807852458689,2.4918852854392775
106.36741391285376,182.43447880244307
106.37674930112065,86.72962516759706
106.38608468938753,24.539688464320616
106.39542007765442,35.35217581226573
106.4047554659213,22.146731002488025
106.41409085418817,164.73645961549218
106.42342624245506,394.96817367217756
106.43276163072194,157.71506192709865
106.44209701898883,114.64630555503967
106.45143240725571,113.21834208287342
106.46076779552259,11.2780835271706
106.47010318378948,57.69966529481057
106.47943857205635,13.22196920149494
106.48877396032323,52.9629409061906
106.49810934859012,103.81421327941693
106.507444736857,4.685283645150566
106.51678012512389,10.772480999177143
106.52611551339076,45.826885718602796
106.53545090165764,50.930570645506634
106.54478628992453,30.52139885688869
106.55412167819141,124.13353544226464
106.5634570664583,9.904400305963442
106.57279245472517,154.77185410771975
106.58212784299205,96.67333183786944
106.59146323125894,21.29982497219965
106.60079861952582,119.4670830162855
106.61013400779271,17.85289201726648
106.61946939605959,22.70605188929181
106.62880478432646,57.34880488589572
106.63814017259335,10.009223227731194
106.64747556086023,66.69074625653441
106.6568109491271,5.4836757002558585
106.666146337394,53.203023959165314
106.67548172566087,38.06643174607331
106.68481711392776,6.156267330398765
106.69415250219464,37.29554528019499
106.70348789046152,36.68658171030712
106.71282327872841,214.2443655068617
106.72215866699528,126.34905982624672
106.73149405526217,67.51528954949957
106.74082944352905,126.98895725629814
106.75016483179593,12.06564346473566
106.75950022006282,16.498647741269867
106.7688356083297,29.784380988042997
106.77817099659657,137.34961882767828
106.78750638486346,3.8052703499072176
106.79684177313034,22.165183408920488
106.80617716139723,27.519796023182394
106.8155125496641,306.6393314172349
106.82484793793098,298.7085905537088
106.83418332619787,228.90717445914566
106.84351871446475,117.30775517749285
106.85285410273164,283.2191359736097
106.86218949099852,33.626436797272966
106.8715248792654,14.889763707028456
106.88086026753228,17.28280973788068
106.89019565579916,221.6487640004114
106.89953104406605,119.53964385739195
106.90886643233293,63.45129795042097
106.9182018205998,185.3963386647534
106.9275372088667,139.56181406668455
106.93687259713357,6.156696487408695
106.94620798540045,79.57408979688705
106.95554337366734,145.75900594818384
106.96487876193422,56.69994956264665
106.9742141502011,9.45914051462307
106.98354953846798,185.52632269827853
106.99288492673486,47.95357231860769
107.00222031500175,36.42549602707591
107.01155570326863,66.55020778148926
107.02089109153552,14.765466602686134
107.0302264798024,109.87865498275917
107.03956186806927,8.277564975498805
107.04889725633616,51.020202235882685
107.05823264460304,95.13552300516612
107.06756803286991,29.884236305548356
107.0769034211368,59.02593280014103
107.08623880940368,46.58583756152958
107.09557419767057,118.00373310115347
107.10490958593745,193.11749918694565
107.11424497420433,30.636575867692095
107.12358036247122,26.295520574473343
107.13291575073809,98.25779636197727
107.14225113900498,286.5930012328836
107.15158652727186,91.83892175728408
107.16092191553874,31.674501892994524
107.17025730380563,296.22087535572626
107.1795926920725,51.19840566603023
107.1889280803394,179.8657816518864
107.19826346860627,364.0609248677018
107.20759885687315,140.68727615477405
107.21693424514004,101.16679697244594
107.22626963340691,94.7061808380453
107.23560502167379,104.36474635812985
107.24494040994068,76.86514647301014
107.25427579820756,66.15937623100005
107.26361118647445,25.643252721388436
107.27294657474133,106.75175325349439
107.2822819630082,276.74195504746183
107.2916173512751,44.11343828970931
107.30095273954197,16.79556483409771
107.31028812780886,30.32456525518478
107.31962351607574,215.82240492941895
107.32895890434261,141.91259697823838
107.3382942926095,2.5605855435040246
107.34762968087638,23.500016929937924
107.35696506914326,90.4832019942737
107.36630045741015,98.52447123425443
107.37563584567702,106.02584156873803
107.38497123394392,62.826908198969406
107.39430662221079,120.11956154093812
107.40364201047767,91.27589229443599
107.41297739874456,48.57492313930847
107.42231278701144,260.57087939521455
107.43164817527833,151.8961336407892
107.4409835635452,4.453250744011657
107.45031895181208,32.23499985354517
107.45965434007897,39.430643592410135
107.46898972834585,159.50872959781051
107.47832511661274,12.395814963288041
107.48766050487961,10.351887662013961
107.49699589314649,27.582276432813167
107.50633128141338,70.09073000912535
107.51566666968026,11.722580492953862
107.52500205794713,34.40723117401019
107.53433744621402,3.7451632104433688
107.5436728344809,11.876858441027439
107.55300822274779,25.482973040461317
107.56234361101467,260.74945778086925
107.57167899928154,79.02315610519058
107.58101438754844,62.57419100243255
107.59034977581531,273.1634678700554
107.5996851640822,24.820011290765482
107.60902055234908,161.55161842385093
107.61835594061596,161.96285545296882
107.62769132888285,60.63591773357898
107.63702671714972,47.56978101611457
107.6463621054166,4.136429987763811
107.65569749368349,169.78019775370421
107.66503288195037,29.328065774641537
107.67436827021726,50.625715124654455
107.68370365848413,71.07382775637512
107.69303904675101,11.050092582888984
107.7023744350179,8.071272483179449
107.71170982328478,50.511397917801254
107.72104521155167,18.57792366878968
107.73038059981855,88.09904774396513
107.73971598808542,52.628058698930474
107.74905137635231,173.5280807084141
107.75838676461919,117.01328628726365
107.76772215288608,8.413395340548163
107.77705754115296,234.33612359664548
107.78639292941983,34.19358629510917
107.79572831768672,15.732506964753304
107.8050637059536,269.3753513042443
107.81439909422048,31.335920038611313
107.82373448248737,73.70239985558788
107.83306987075424,150.77542851942738
107.84240525902113,39.74865650153355
107.85174064728801,21.750988458882585
107.86107603555489,34.970480888980404
107.87041142382178,23.547307495792307
107.87974681208865,30.84463830728569
107.88908220035555,57.09370271703057
107.89841758862242,37.67568665506323
107.9077529768893,8.26542732456828
107.91708836515619,3.189465670577768
107.92642375342307,135.49837476145203
107.93575914168996,7.655807628298622
107.94509452995683,38.77966872408065
107.95442991822371,209.21676297897298
107.9637653064906,39.44954752478352
107.97310069475748,22.908919257885557
107.98243608302435,45.940315890049966
107.99177147129124,31.53446178831314
108.00110685955812,48.66399128597854
108.01044224782501,7.788440053764916
108.01977763609189,71.63040014335797
108.02911302435876,36.43350438085127
108.03844841262566,66.87690951717346
108.04778380089253,84.21219089340477
108.05711918915942,208.1381471195229
108.0664545774263,9.312797547490012
108.07578996569318,105.070291123116
108.08512535396007,213.8425948116178
108.09446074222694,118.05569263645273
108.10379613049382,46.85969412489932
108.11313151876071,109.88616944659647
108.12246690702759,14.771086358972985
108.13180229529448,45.428175646138946
108.14113768356135,104.53659902401188
108.15047307182823,50.235322419404056
108.15980846009512,0.8336416749949024
108.169143848362,34.52539022628581
108.17847923662889,185.1769416279361
108.18781462489576,133.71175701318072
108.19715001316264,122.23092455421404
108.20648540142953,1.4175233338094435
108.21582078969641,671.1085214887667
108.2251561779633,152.65398730925835
108.23449156623018,357.92323347720446
108.24382695449705,207.3597273301678
108.25316234276394,357.5756003415036
108.26249773103082,192.911038959582
108.2718331192977,184.52431118083152
108.28116850756459,60.45859120111087
108.29050389583146,22.15951706873403
108.29983928409835,272.7907158833746
108.30917467236523,70.89385677807306
108.31851006063211,12.203849493224462
108.327845448899,7.299561211937725
108.33718083716587,81.02075762054821
108.34651622543277,116.54912817006581
108.35585161369964,34.63642468894946
108.36518700196652,45.20889879502468
108.37452239023341,187.66662588750802
108.38385777850029,4.660420635843857
108.39319316676716,64.3710413955459
108.40252855503405,6.438179184275864
108.41186394330093,109.03957186352788
108.42119933156782,53.474156388473745
108.4305347198347,2.4003760968634844
108.43987010810157,199.20576538273377
108.44920549636846,314.5440061752099
108.45854088463534,49.60249573964854
108.46787627290223,188.01890294158417
108.47721166116911,100.99181067117703
108.48654704943598,194.5706783549752
108.49588243770287,146.43918009385362
108.50521782596975,554.9648111322293
108.51455321423664,666.2739923773086
108.52388860250352,147.36648973463616
108.5332239907704,174.63462040797012
108.54255937903729,291.13651158616
108.55189476730416,104.16211654552458
108.56123015557104,35.7527703465124
108.57056554383793,259.17512542861436
108.5799009321048,435.9766037241905
108.5892363203717,169.8552218429927
108.59857170863857,249.59176518570692
108.60790709690545,71.63343573943288
108.61724248517234,16.247787223629434
108.62657787343922,8.842599755176764
108.63591326170611,19.000661472256237
108.64524864997298,21.363327872359715
108.65458403823986,10.407929173869103
108.66391942650675,54.97379198911836
108.67325481477363,0.46598474413664587
108.6825902030405,255.85870527620193
108.6919255913074,123.61334490341655
108.70126097957427,193.86012868025645
108.71059636784116,257.49819304938563
108.71993175610804,37.45116106364436
108.72926714437492,151.62808876200975
108.7386025326418,1.433321981357397
108.74793792090868,163.6981662023801
108.75727330917557,29.651646844344132
108.76660869744245,27.430319573631724
108.77594408570933,29.720432696442696
108.78527947397622,27.040628979809558
108.7946148622431,145.3936483885219
108.80395025050998,55.477881013785755
108.81328563877686,24.616394556878387
108.82262102704374,63.79151515494723
108.83195641531063,144.28494247988877
108.8412918035775,84.9909140469798
108.85062719184438,137.0876322805268
108.85996258011127,167.4163893565709
108.86929796837815,146.46750905037283
108.87863335664504,483.90551559961045
108.88796874491192,592.8565610566129
108.89730413317879,225.6263614797988
108.90663952144568,27.93625421500729
108.91597490971256,301.1050041183973
108.92531029797945,22.72126701728137
108.93464568624633,172.92092985031894
108.9439810745132,1.5401469681812832
108.9533164627801,168.02070846762385
108.96265185104697,288.59250173025146
108.97198723931385,64.99442874932103
108.98132262758074,296.91508825382334
108.99065801584761,380.1484701945372
108.9999934041145,82.06276708796203
109.00932879238138,236.4395006261376
109.01866418064826,207.49107686794346
109.02799956891515,19.33417601194422
109.03733495718203,31.930547661951717
109.04667034544892,161.7029543098808
109.05600573371579,115.75594537175363
109.06534112198267,250.80638052950408
109.07467651024956,26.87708084615466
109.08401189851644,458.6879190300484
109.09334728678333,297.4814981077337
109.1026826750502,11.231684007366203
109.11201806331708,88.83694953316933
109.12135345158397,143.3806143494182
109.13068883985085,71.58536747287827
109.14002422811772,91.75294666489232
109.14935961638461,105.0388003569121
109.15869500465149,9.933387116756085
109.16803039291838,216.93560530762568
109.17736578118526,18.952160642831444
109.18670116945214,66.84325449428074
109.19603655771903,259.08765443015295
109.2053719459859,13.075795059290218
109.2147073342528,86.17358454628399
109.22404272251967,7.821445232971242
109.23337811078655,490.7507456913273
109.24271349905344,366.0515680558994
109.25204888732031,443.8830409892943
109.26138427558719,431.0019476183674
109.27071966385408,154.69209532721334
109.28005505212096,113.62541335000539
109.28939044038785,35.04009087357096
109.29872582865472,209.2375162372602
109.3080612169216,84.69252158295731
109.31739660518849,113.79284733221905
109.32673199345537,17.674000374128592
109.33606738172226,139.41012129760009
109.34540276998914,92.88243996357619
109.35473815825601,90.72473541009357
109.3640735465229,35.20973784580753
109.37340893478978,9.599079020149363
109.38274432305667,90.79852417141602
109.39207971132355,438.49189522844176
109.40141509959042,61.64831611620516
109.41075048785731,357.4041157680174
109.42008587612419,232.66426710834688
109.42942126439107,21.322195955035152
109.43875665265796,113.73112265460733
109.44809204092483,42.70924290945365
109.45742742919172,74.39850974681353
109.4667628174586,81.45037435240889
109.47609820572548,145.96652008967212
109.48543359399237,22.1100956296066
109.49476898225925,27.46676228601196
109.50410437052614,258.2226874259689
109.51343975879301,64.34211345892325
109.52277514705989,284.34104593815806
109.53211053532678,97.51870063681567
109.54144592359366,179.46924022575897
109.55078131186053,18.94172052338367
109.56011670012742,96.36007654730341
109.5694520883943,122.12468866904757
109.57878747666119,202.29298962975938
109.58812286492807,115.95782009463008
109.59745825319494,781.1183029853331
109.60679364146183,184.94811432145227
109.61612902972871,38.15798074512698
109.6254644179956,258.5196808475105
109.63479980626248,1178.1286704030176
109.64413519452935,204.72784872181992
109.65347058279625,0.9431217186982841
109.66280597106312,2083.1260454044123
109.67214135933001,130.04983145452144
109.68147674759689,1055.2873724606118
109.69081213586377,1524.1859172807087
109.70014752413066,721.566125285327
109.70948291239753,57.21711525345128
109.71881830066441,1081.4113294269703
109.7281536889313,3431.8925597382467
109.73748907719818,1057.8802728431829
109.74682446546507,1252.0276577752197
109.75615985373194,39.79655863785341
109.76549524199882,546.0111167564393
109.77483063026571,29.585473346281418
109.78416601853259,876.4188834469344
109.79350140679948,283.7435270623622
109.80283679506636,83.53011265084099
109.81217218333323,404.83697371870915
109.82150757160012,59.16294330394622
109.830842959867,127.21277652815895
109.84017834813388,605.314041291996
109.84951373640077,894.3075080966662
109.85884912466764,142.2136176901748
109.86818451293453,587.7352627819331
109.87751990120141,806.150334307299
109.88685528946829,113.64281685278715
109.89619067773518,331.31151828945093
109.90552606600205,130.6605256258749
109.91486145426894,380.6279367704363
109.92419684253582,28.491377211596635
109.9335322308027,563.9144232397186
109.94286761906959,248.08579212483176
109.95220300733646,375.9716413434366
109.96153839560336,674.8819426277757
109.97087378387023,225.50840374497778
109.98020917213711,39.14284138043068
109.989544560404,37.754965411698926
109.99887994867088,109.19759358502786
110.00821533693775,85.88428120408733
110.01755072520464,168.36819942763304
110.02688611347152,24.41848553201518
110.03622150173841,5.3368502185918825
110.04555689000529,5.537882013444386
110.05489227827216,246.01910292706228
110.06422766653905,238.74166308172954
110.07356305480593,58.9806999163307
110.08289844307282,172.26899395825313
110.0922338313397,110.51710464265626
110.10156921960657,49.83348979492955
110.11090460787347,22.328801006736068
110.12023999614034,82.18682865267067
110.12957538440722,521.2496237288555
110.13891077267411,145.24067726505893
110.14824616094099,294.4857331907312
110.15758154920788,1067.690559716895
110.16691693747475,144.39480234457332
110.17625232574163,529.0563293145943
110.18558771400852,910.7658332550077
110.1949231022754,80.84929667362664
110.20425849054229,178.73169076741974
110.21359387880916,1256.0217352232473
110.22292926707604,225.20503196205178
110.23226465534293,221.40714069887954
110.24160004360981,1712.0069755950221
110.2509354318767,272.86487547394404
110.26027082014357,897.4656377634391
110.26960620841045,212.5148773826358
110.27894159667734,746.3402252909176
110.28827698494422,299.2414544032798
110.2976123732111,54.555341847324975
110.30694776147799,166.4064434101552
110.31628314974486,409.33863700878413
110.32561853801175,49.69192876833506
110.33495392627863,113.97145845704661
110.3442893145455,139.43586746846498
110.3536247028124,36.034308283652855
110.36296009107927,119.2225371097854
110.37229547934616,159.16157000841412
110.38163086761304,121.3627569539527
110.39096625587992,93.68369820520307
110.40030164414681,56.78785166479906
110.40963703241368,479.8453524430094
110.41897242068056,182.9657556726285
110.42830780894745,134.56326055977266
110.43764319721433,343.27887110928066
110.44697858548122,46.54768898869733
110.4563139737481,11.173169454940252
110.46564936201497,52.748598868629564
110.47498475028186,21.309283237427806
110.48432013854874,68.95384523328747
110.49365552681563,9.320921575484753
110.5029909150825,124.18929790950769
110.51232630334938,274.35272788437914
110.52166169161627,172.4067297794725
110.53099707988315,598.3057505936168
110.54033246815004,301.1387817025373
110.54966785641692,68.89200134978188
110.5590032446838,51.20826053568415
110.56833863295068,168.26837504731338
110.57767402121756,249.99915807059847
110.58700940948444,112.54083203144084
110.59634479775133,143.56200609797682
110.6056801860182,83.11151508940658
110.6150155742851,316.3978958255333
110.62435096255197,44.8301114013431
110.63368635081885,195.4445040772402
110.64302173908574,98.16069540813344
110.65235712735262,89.32216333810848
110.6616925156195,52.894074518853415
110.67102790388638,25.878097287936544
110.68036329215326,101.48892432969032
110.68969868042015,60.312733684935
110.69903406868703,75.70771572851694
110.70836945695392,60.947871704167554
110.7177048452208,57.15998389789293
110.72704023348767,50.49560892472722
110.73637562175456,20.947760090574526
110.74571101002144,31.61230131892366
110.75504639828831,93.15584969808597
110.7643817865552,64.295981089399
110.77371717482208,92.37962894271898
110.78305256308897,89.11816103952268
110.79238795135585,417.97027148199476
110.80172333962273,36.23282826467526
110.81105872788962,88.7238762970692
110.82039411615649,52.05921640079944
110.82972950442338,97.31463825219276
110.83906489269026,5.828913980618512
110.84840028095714,51.224182934791344
110.85773566922403,11.185510431170512
110.8670710574909,71.86478578475223
110.87640644575778,21.16863989925126
110.88574183402467,1.5830359372835232
110.89507722229155,84.27135025616646
110.90441261055844,73.70671255717086
110.91374799882531,39.46420104702225
110.92308338709219,77.39137923454093
110.93241877535908,38.17623226663556
110.94175416362596,1.2135386771441459
110.95108955189285,2.9722186141247775
110.96042494015973,8.18559868883404
110.9697603284266,42.028868316868994
110.9790957166935,100.91769578236264
110.98843110496037,52.85207752777277
110.99776649322726,43.677189010723644
111.00710188149414,12.946226539896298
111.01643726976101,109.60338066149255
111.0257726580279,329.59354144674336
111.03510804629478,175.1352152376329
111.04444343456166,273.1778400725802
111.05377882282855,290.6706776623709
111.06311421109542,6.817617071859013
111.07244959936232,4.669525248451436
111.08178498762919,30.714148019258598
111.09112037589607,84.65978476849384
111.10045576416296,3.175684392248329
111.10979115242984,51.18342504838285
111.11912654069673,8.501625830233738
111.1284619289636,150.469749663362
111.13779731723048,109.97732507870809
111.14713270549737,8.30936607345074
111.15646809376425,39.40014904973328
111.16580348203112,34.118380884300635
111.17513887029801,173.9300532558441
111.18447425856489,351.903970678472
111.19380964683178,135.72874671870758
111.20314503509866,212.50494280936766
111.21248042336553,231.13585383594523
111.22181581163242,85.47790568388598
111.2311511998993,131.37168696402304
111.24048658816619,153.844143032957
111.24982197643307,83.29238082241977
111.25915736469994,132.59172299025033
111.26849275296684,90.95038473045402
111.27782814123371,12.902950998599255
111.2871635295006,42.65466695466855
111.29649891776748,38.85846655066304
111.30583430603436,134.3620930282075
111.31516969430125,72.43289829621139
111.32450508256812,0.7888443794523649
111.333840470835,21.835299811214323
111.34317585910189,95.45825063866019
111.35251124736877,165.04367556467602
111.36184663563566,70.7162486300612
111.37118202390253,98.29129805399725
111.38051741216941,116.54874124178463
111.3898528004363,3.6894288385607203
111.39918818870318,49.94667113073689
111.40852357697007,177.8986481284367
111.41785896523695,6.058594700837975
111.42719435350382,110.75876590382074
111.43652974177071,62.86285891995117
111.44586513003759,46.25037619596965
111.45520051830447,3.8429357125264976
111.46453590657136,319.73625166683905
111.47387129483823,44.8733576517039
111.48320668310512,186.8680705128229
111.492542071372,117.13974017130937
111.50187745963888,131.97027264869982
111.51121284790577,240.27069615743588
111.52054823617264,45.14360683511953
111.52988362443953,50.464921696638726
111.53921901270641,12.72297590034843
111.54855440097329,31.842972305601116
111.55788978924018,89.77299427596562
111.56722517750705,98.95730046209727
111.57656056577395,54.52522834420105
111.58589595404082,33.32700037047388
111.5952313423077,68.90345912521597
111.60456673057459,34.248949359694386
111.61390211884147,20.37837597758754
111.62323750710834,34.417053954244416
111.63257289537523,82.42512463960303
111.64190828364211,45.83541612935664
111.651243671909,93.36115008938991
111.66057906017588,33.12375573101515
111.66991444844275,5.379888961904497
111.67924983670964,49.0755558406403
111.68858522497652,21.216175631051758
111.69792061324341,6.2958111471125795
111.70725600151029,58.23228350486253
111.71659138977716,49.96215744831794
111.72592677804406,24.89073883127312
111.73526216631093,93.53081006931414
111.74459755457781,98.59294973368688
111.7539329428447,49.76607009857234
111.76326833111158,11.681754505917484
111.77260371937847,71.51305603328022
111.78193910764534,17.827649112530757
111.79127449591222,34.289496506743
111.80060988417911,16.80274490810532
111.80994527244599,2.1923058074844213
111.81928066071288,0.4324028173553471
111.82861604897975,27.50373443020937
111.83795143724663,4.1513376478759065
111.84728682551352,18.073281793650594
111.8566222137804,1.6385475394891338
111.86595760204729,38.290360656623704
111.87529299031416,49.47547894825737
111.88462837858104,105.51828316643902
111.89396376684793,16.587276343549814
111.90329915511481,40.87215126693717
111.91263454338169,191.6863777884607
111.92196993164858,151.8858294038568
111.93130531991545,138.5534925538286
111.94064070818234,25.36008257324391
111.94997609644922,220.83244487667892
111.9593114847161,82.07770487865785
111.96864687298299,71.66718918663031
111.97798226124986,96.57158771642919
111.98731764951675,28.95616163267069
111.99665303778363,10.785296690614508
112.00598842605051,97.80857930462494
112.0153238143174,89.10176050899166
112.02465920258427,47.59764734669795
112.03399459085115,38.173926800263374
112.04332997911804,52.749828167496894
112.05266536738492,56.68224524581572
112.06200075565181,104.57000247500974
112.07133614391869,118.87972850865067
112.08067153218556,85.82544023203462
112.09000692045245,23.273057178322276
112.09934230871933,11.735609759486023
112.10867769698622,154.98373050583533
112.1180130852531,314.0417029273849
112.12734847351997,15.507034113741204
112.13668386178686,34.549734919537784
112.14601925005374,553.0210400506478
112.15535463832063,84.69428915938997
112.16469002658751,10.049494887779023
112.17402541485438,447.29648655115363
112.18336080312127,451.0561486319571
112.19269619138815,6.357424533404815
112.20203157965503,118.26954188674871
112.21136696792192,736.8969136509508
112.2207023561888,46.05772246526582
112.23003774445569,128.66494996371074
112.23937313272256,345.5922477836428
112.24870852098944,60.75847147214408
112.25804390925633,11.424357645323179
112.2673792975232,58.9785211513216
112.2767146857901,44.15980626407058
112.28605007405697,20.12133961547467
112.29538546232385,58.163655573444345
112.30472085059074,162.4213857512535
112.31405623885762,41.04213636028994
112.3233916271245,267.50873279073176
112.33272701539138,101.35976218983086
112.34206240365826,44.96026238387929
112.35139779192515,555.7006069430232
112.36073318019203,89.67507488920639
112.3700685684589,214.6395712480411
112.3794039567258,489.9786767928715
112.38873934499267,342.35816889987234
112.39807473325956,388.52206572010465
112.40741012152644,27.011749847094467
112.41674550979332,228.112943150313
112.4260808980602,24.631996410828403
112.43541628632708,13.880602479065113
112.44475167459397,33.46261864249373
112.45408706286085,40.4002411150445
112.46342245112773,32.88850619133331
112.47275783939462,18.807852133975015
112.4820932276615,27.18831658821191
112.49142861592837,221.63630869465823
112.50076400419526,35.77710554200325
112.51009939246214,158.44230233019732
112.51943478072903,41.644565213356884
112.5287701689959,126.52696030278497
112.53810555726278,176.5283664432837
112.54744094552967,882.3412996718426
112.55677633379655,222.06743841377923
112.56611172206344,180.60064810050562
112.57544711033032,358.8742442910907
112.58478249859719,97.10277948152536
112.59411788686408,14.79577132885563
112.60345327513096,75.33994075375189
112.61278866339784,7.687821121627706
112.62212405166473,106.94600159259956
112.6314594399316,625.4058801100945
112.6407948281985,26.584627077547466
112.65013021646537,147.28344252264966
112.65946560473225,197.44172586064158
112.66880099299914,563.8125706997857
112.67813638126601,40.68815721286654
112.6874717695329,164.22672138521457
112.69680715779978,136.09240110073503
112.70614254606666,1117.7511143544525
112.71547793433355,541.7981269748975
112.72481332260043,32.76168789939953
112.73414871086732,1199.2246004891936
112.74348409913419,22.433742052510777
112.75281948740107,93.94780636721339
112.76215487566796,256.3950998935289
112.77149026393484,258.84978478053876
112.78082565220171,200.42277401353854
112.7901610404686,1.955937549265693
112.79949642873548,617.3179435621067
112.80883181700237,283.59586803491743
112.81816720526925,384.97578972401055
112.82750259353612,382.4098813783144
112.83683798180301,236.30825750566927
112.84617337006989,68.17851202590415
112.85550875833678,171.53576133243877
112.86484414660366,141.28060261429795
112.87417953487054,270.42859809943434
112.88351492313743,29.37990467764705
112.8928503114043,254.5159730034131
112.90218569967118,249.08735814787758
112.91152108793807,52.88371751639549
112.92085647620495,5.909416163500558
112.93019186447184,192.00684951939397
112.93952725273871,147.87811545105845
112.94886264100559,58.12585900292884
112.95819802927248,416.6800612185393
112.96753341753936,204.18931412043915
112.97686880580625,34.9775240311496
112.98620419407312,565.440672939174
112.99553958234,257.37072065580765
113.00487497060689,144.68603966429575
113.01421035887377,52.58857564926647
113.02354574714066,1175.1453433273434
113.03288113540754,33.325366961552106
113.04221652367441,504.1470205479709
113.0515519119413,1317.154391605901
113.06088730020818,29.21585403280538
113.07022268847506,155.79881615095533
113.07955807674195,129.73587527067613
113.08889346500882,147.087407983122
113.09822885327571,350.3360412996334
113.10756424154259,92.02870253717084
113.11689962980947,131.8706076297886
113.12623501807636,350.7347220204442
113.13557040634323,39.875231587300945
113.14490579461012,43.39188726016135
113.154241182877,66.56018845448138
113.16357657114388,194.91767795760265
113.17291195941077,96.81407068235245
113.18224734767765,15.857986070469094
113.19158273594452,38.43203572518638
113.20091812421141,53.257675304192034
113.21025351247829,78.66808471210626
113.21958890074518,48.680912030493836
113.22892428901206,35.170488856576554
113.23825967727893,51.36709692694176
113.24759506554582,63.78304253893005
113.2569304538127,5.8326906366474605
113.26626584207959,20.70081556794789
113.27560123034647,170.69030411081147
113.28493661861334,3.7589760220690054
113.29427200688023,31.43490688872889
113.30360739514711,174.33685919342216
113.312942783414,133.14159893305398
113.32227817168088,4.250447027128743
113.33161355994775,2.8951500241975077
113.34094894821465,168.12157826220883
113.35028433648152,245.13338515317275
113.3596197247484,149.17392869802134
113.36895511301529,58.20147945714949
113.37829050128217,359.5697455823456
113.38762588954906,150.13888655540944
113.39696127781593,27.70956878096019
113.40629666608281,134.10042927387784
113.4156320543497,48.11799466496434
113.42496744261658,34.633222574834356
113.43430283088347,48.35444432092645
113.44363821915034,34.96896892563632
113.45297360741722,2.7675231260044697
113.46230899568411,113.78280638787008
113.47164438395099,108.56822349025197
113.48097977221788,23.424207043475118
113.49031516048476,133.79425400764723
113.49965054875163,117.61080037077566
113.50898593701852,40.473923446257636
113.5183213252854,213.39502091041956
113.52765671355228,205.84509520432852
113.53699210181917,11.136527361582418
113.54632749008604,23.111046608751334
113.55566287835293,137.36440125511444
113.56499826661981,25.516868080423663
113.57433365488669,17.17298176396574
113.58366904315358,77.04478883918108
113.59300443142045,6.760939350700803
113.60233981968734,8.082978690348563
113.61167520795422,86.72295238928777
113.6210105962211,92.07569064632136
113.63034598448799,121.52583511513602
113.63968137275486,242.43439059776262
113.64901676102174,134.97589624775068
113.65835214928863,144.1880277783588
113.66768753755551,276.5299155619967
113.6770229258224,73.04420395070953
113.68635831408928,69.00925665787554
113.69569370235615,62.44818617569091
113.70502909062304,97.69448115644308
113.71436447888992,162.42139566969308
113.72369986715681,85.27461480166019
113.73303525542369,9.07319622422834
113.74237064369056,284.17663382546044
113.75170603195745,304.2156930860048
113.76104142022433,95.25159173706835
113.77037680849122,50.02973692243479
113.7797121967581,53.24744802591233
113.78904758502497,193.68065337962142
113.79838297329187,65.75522962754928
113.80771836155874,95.59481490360115
113.81705374982562,223.39351528392476
113.82638913809251,22.165384475624073
113.83572452635939,177.74218205702692
113.84505991462628,121.40169570363915
113.85439530289315,985.5089095990338
113.86373069116003,667.3094710031305
113.87306607942692,333.85680109368263
113.8824014676938,210.86766802355947
113.89173685596069,352.82035646034456
113.90107224422756,684.272575055814
113.91040763249444,403.3865644648926
113.91974302076133,486.3128873934744
113.92907840902821,52.47153253617289
113.93841379729508,51.8297916768402
113.94774918556197,289.9371383521781
113.95708457382885,155.7913181820743
113.96641996209574,51.67778612118804
113.97575535036262,180.12821847993123
113.9850907386295,714.8581853806213
113.99442612689639,429.4319850731074
114.00376151516326,241.70313505491885
114.01309690343015,71.48986652953425
114.02243229169703,291.2118010639506
114.0317676799639,81.84052480726265
114.0411030682308,75.70249227481253
114.05043845649767,332.1346625492188
114.05977384476456,51.35978808694606
114.06910923303144,143.33440517733231
114.07844462129832,48.05364249247724
114.08778000956521,648.9086850042567
114.09711539783208,601.9519124018688
114.10645078609896,1068.7217545085305
114.11578617436585,466.99014375865215
114.12512156263273,255.6491344749273
114.13445695089962,421.2784598357231
114.1437923391665,1000.4824430631746
114.15312772743337,695.2334604725551
114.16246311570026,385.95599013461674
114.17179850396714,582.3500329225632
114.18113389223403,658.7602833561015
114.1904692805009,83.3645271323489
114.19980466876778,88.70740839676077
114.20914005703467,60.766930461789435
114.21847544530155,245.51771968678491
114.22781083356843,302.8647856436449
114.23714622183532,202.00266066550572
114.2464816101022,139.5941832345539
114.25581699836908,40.353877479636516
114.26515238663596,30.161811894154816
114.27448777490284,135.64033395103397
114.28382316316973,122.79604713164899
114.2931585514366,147.45792582780737
114.3024939397035,395.22169513718484
114.31182932797037,317.56445974362555
114.32116471623725,20.990674435648383
114.33050010450414,18.76802115584432
114.33983549277102,279.952064755184
114.3491708810379,176.24372500222327
114.35850626930478,71.23128374994806
114.36784165757166,63.39942550296913
114.37717704583855,224.79196796656652
114.38651243410543,54.58900153868915
114.3958478223723,23.577457726173
114.4051832106392,164.1033775922836
114.41451859890607,1.0536103376479535
114.42385398717296,47.41360942671896
114.43318937543984,167.15985069946504
114.44252476370671,153.32301617263033
114.4518601519736,120.28388801015721
114.46119554024048,21.481864815832505
114.47053092850737,149.29732371636115
114.47986631677425,23.812962748564484
114.48920170504113,8.448786033186686
114.49853709330802,88.33446727772957
114.50787248157489,61.31602935121583
114.51720786984177,172.2952124486156
114.52654325810866,114.93830254336814
114.53587864637554,221.74273956623028
114.54521403464243,195.34193644478307
114.5545494229093,2.7373900061469874
114.56388481117618,4.320240332891735
114.57322019944307,57.10744136774638
114.58255558770995,158.2934672142361
114.59189097597684,61.032042202729414
114.60122636424371,119.55742337655249
114.61056175251059,36.785569733618274
114.61989714077748,4.782601967704066
114.62923252904436,10.024713049814984
114.63856791731125,77.68365385968582
114.64790330557813,6.710650665413456
114.657238693845,38.168300098697244
114.6665740821119,6.3724172922624325
114.67590947037877,18.035248821578605
114.68524485864565,146.27151428260973
114.69458024691254,70.5750412219334
114.70391563517941,24.11054702512901
114.7132510234463,99.57114880046997
114.72258641171318,414.584093358898
114.73192179998006,5.6262841032011
114.74125718824695,55.29020728540454
114.75059257651382,730.8446972287609
114.75992796478072,57.79181871645933
114.76926335304759,47.857829001395885
114.77859874131447,380.9201913901084
114.78793412958136,292.3018816137126
114.79726951784824,24.30192480401578
114.80660490611511,20.63616758907922
114.815940294382,382.02337925797264
114.82527568264888,15.495963763314842
114.83461107091577,13.815937268631588
114.84394645918265,110.78599175093987
114.85328184744952,26.27902175542853
114.86261723571641,16.67843948032636
114.87195262398329,4.911574176522188
114.88128801225018,20.071493062335197
114.89062340051706,228.76647928705626
114.89995878878393,92.72316464573993
114.90929417705082,26.32477999818035
114.9186295653177,105.88988573280233
114.92796495358459,98.3549913556311
114.93730034185147,35.08035633644497
114.94663573011835,11.799026659690748
114.95597111838524,41.937676777526875
114.96530650665211,32.23617946631086
114.97464189491899,75.94952599906034
114.98397728318588,105.89328370858739
114.99331267145276,40.88244535343093
115.00264805971965,97.4528939736483
115.01198344798652,88.66449609701661
115.0213188362534,1.7099261713452623
115.03065422452029,44.4187104727207
115.03998961278717,19.513932651375725
115.04932500105406,35.45282514498583
115.05866038932093,9.179589273894889
115.06799577758781,33.31863033495411
115.0773311658547,74.83063289230304
115.08666655412158,209.19914935831767
115.09600194238845,227.76207148103111
115.10533733065535,358.21313824443934
115.11467271892222,719.3488501421716
115.12400810718911,341.65271616419267
115.13334349545599,261.6324316012599
115.14267888372287,167.12146072270133
115.15201427198976,39.891747452643564
115.16134966025663,163.05827706253103
115.17068504852352,103.1411979598717
115.1800204367904,3.977964729264582
115.18935582505728,6.6248382947010604
115.19869121332417,74.88985936792885
115.20802660159104,176.7215625860886
115.21736198985793,51.685945362366056
115.22669737812481,62.253208270441014
115.23603276639169,83.8470925696232
115.24536815465858,145.47462236979072
115.25470354292545,61.34800543444507
115.26403893119233,0.17974039472692885
115.27337431945922,1.6403910199013123
115.2827097077261,200.2169038256056
115.29204509599299,83.81838417167242
115.30138048425987,84.03155848037625
115.31071587252674,60.95057368183297
115.32005126079363,167.2802957809136
115.32938664906051,233.34661052653058
115.3387220373274,133.72906580311505
115.34805742559428,90.55502189023096
115.35739281386115,12.178796635505131
115.36672820212804,2.5204382132747494
115.37606359039492,119.21869584736469
115.3853989786618,162.65947803514604
115.39473436692869,86.54727284459628
115.40406975519556,214.36099055949893
115.41340514346246,43.80059391633317
115.42274053172933,7.215378391804917
115.43207591999621,71.4054896136173
115.4414113082631,1.1868270540789025
115.45074669652998,35.32008418730389
115.46008208479687,74.93094093813188
115.46941747306374,135.7658013489201
115.47875286133062,17.219685234726334
115.48808824959751,54.13934837852525
115.49742363786439,159.45929108194025
115.50675902613128,158.5602625330255
115.51609441439815,92.89135870027624
115.52542980266503,52.47783045850996
115.53476519093192,86.267896862498
115.5441005791988,222.61007253659724
115.55343596746567,198.46274514648627
115.56277135573256,267.1586263297437
115.57210674399944,211.8593299538399
115.58144213226633,60.42173128953983
115.59077752053321,65.88699629187458
115.60011290880009,5.07991304777777
115.60944829706698,46.008004862893515
115.61878368533385,34.45196865985291
115.62811907360074,155.38143331604599
115.63745446186762,36.91366437408647
115.6467898501345,17.36612994795989
115.65612523840139,246.84588663908613
115.66546062666826,295.42378182637685
115.67479601493514,38.21768427725643
115.68413140320203,317.34236494109877
115.69346679146891,96.52582697936728
115.7028021797358,503.2265642757427
115.71213756800267,46.252049347201485
115.72147295626955,499.9874257008084
115.73080834453644,40.481647069724254
115.74014373280332,154.90571550696887
115.74947912107021,32.96578640605474
115.75881450933709,123.91597867062734
115.76814989760396,4.827294409937117
115.77748528587085,248.87193239906637
115.78682067413773,10.472564001603674
115.79615606240462,97.37418336391383
115.8054914506715,11.313936024035291
115.81482683893837,146.77726014065354
115.82416222720526,48.06443136285771
115.83349761547214,112.5126410877643
115.84283300373902,3.3541018214026885
115.85216839200591,66.19292543562499
115.86150378027278,96.29830040124247
115.87083916853967,57.51052367683901
115.88017455680655,38.80257539500138
115.88950994507343,148.9428810138228
115.89884533334032,19.646021943313595
115.9081807216072,36.00915860212124
115.91751610987409,41.51158100631488
115.92685149814096,14.580383582651798
115.93618688640784,3.380341464664428
115.94552227467473,26.152787055269865
115.9548576629416,81.61642894855325
115.96419305120848,84.23238622665512
115.97352843947537,35.28050903155381
115.98286382774225,136.21786787612064
115.99219921600914,76.92897654051092
116.00153460427602,15.7206032973131
116.0108699925429,130.6743301526541
116.02020538080978,62.08526679382626
116.02954076907666,26.73956778462595
116.03887615734355,66.19923030912719
116.04821154561043,11.204977718643136
116.0575469338773,47.63310093602554
116.0668823221442,9.16300354599424
116.07621771041107,83.12222694268627
116.08555309867796,29.869666225835896
116.09488848694484,41.81530094841912
116.10422387521172,0.21331967812804456
116.1135592634786,117.96398952235842
116.12289465174548,36.97575428104701
116.13223004001236,64.891857555354
116.14156542827925,20.417021166262437
116.15090081654613,325.8436076404332
116.16023620481302,384.0450944860026
116.1695715930799,231.59830031748032
116.17890698134677,306.1877730401036
116.18824236961366,58.81800111382213
116.19757775788054,56.27862808497715
116.20691314614743,47.70426174909265
116.2162485344143,188.58849441950113
116.22558392268118,234.04194334255848
116.23491931094807,143.6882221899161
116.24425469921495,58.43553335018437
116.25359008748184,220.31180227188875
116.26292547574872,47.79897181869448
116.27226086401559,26.018004656565907
116.28159625228248,21.27289663653925
116.29093164054936,66.66426005316738
116.30026702881624,20.701909521683255
116.30960241708313,182.79405094634646
116.31893780535,167.68623786135987
116.3282731936169,117.92114327710512
116.33760858188377,225.80139195274822
116.34694397015065,137.37834150530375
116.35627935841754,16.32853440639787
116.36561474668441,95.35703432119041
116.3749501349513,0.6480661498868997
116.38428552321818,100.91275004042701
116.39362091148506,44.88894964873481
116.40295629975195,39.21108526084434
116.41229168801883,108.6236042510234
116.4216270762857,12.994055445265406
116.4309624645526,62.611449042809156
116.44029785281947,35.50218641698545
116.44963324108636,95.32805448481955
116.45896862935324,6.616964003584546
116.46830401762011,15.328971457669189
116.477639405887,247.76730375263725
116.48697479415388,69.66183757248828
116.49631018242077,58.92979823525632
116.50564557068765,118.1011887527529
116.51498095895452,75.16502881583438
116.52431634722141,19.91242510634201
116.53365173548829,8.688374680091393
116.54298712375518,50.38882520249509
116.55232251202206,98.30574625628661
116.56165790028894,19.672854995312463
116.57099328855583,18.255141660551825
116.5803286768227,28.411086212281038
116.58966406508958,103.83788582067805
116.59899945335647,52.96698583743177
116.60833484162335,1.8183998448305514
116.61767022989024,71.2950787647013
116.62700561815711,27.252346976289868
116.63634100642399,28.570079072915554
116.64567639469088,0.27572451705052853
116.65501178295776,2.8141212018779482
116.66434717122465,194.9370400314794
116.67368255949152,68.74352346856931
116.6830179477584,12.044910760108877
116.69235333602529,88.15356145791168
116.70168872429217,69.76672172522252
116.71102411255904,59.63351764793057
116.72035950082594,180.07439080629985
116.72969488909281,34.992649937328146
116.7390302773597,52.85051192197718
116.74836566562658,60.61575314066009
116.75770105389346,28.5048651815133
116.76703644216035,54.761417132346196
116.77637183042722,99.55601171804496
116.78570721869411,11.016716941656995
116.79504260696099,11.250530468258585
116.80437799522787,18.532039908463293
116.81371338349476,22.045224207126815
116.82304877176163,120.13827699919324
116.83238416002852,21.18804851795447
116.8417195482954,20.333872989732868
116.85105493656228,55.735475048802904
116.86039032482917,33.73277046205698
116.86972571309605,28.46988174463259
116.87906110136292,25.050431583464647
116.88839648962981,24.00874029315892
116.89773187789669,60.081803774063566
116.90706726616358,3.1795671120857736
116.91640265443046,10.037015458805103
116.92573804269733,26.887005035437223
116.93507343096422,41.54253213085073
116.9444088192311,68.33352328112039
116.95374420749799,6.819083294345526
116.96307959576487,119.0014285158094
116.97241498403174,83.04305135405659
116.98175037229863,69.0542102337122
116.99108576056551,70.26465049134224
117.00042114883239,41.76615651889598
117.00975653709928,123.83561859032241
117.01909192536615,24.970164500570988
117.02842731363305,18.107430291101885
117.03776270189992,109.69087483333453
117.0470980901668,2.5106746908381634
117.05643347843369,2.589527235444189
117.06576886670057,15.007311386880245
117.07510425496746,86.05915117297793
117.08443964323433,73.34565632531141
117.09377503150121,50.42621160736165
117.1031104197681,416.92195947769216
117.11244580803498,100.48716745990265
117.12178119630187,57.6674046291113
117.13111658456874,444.8916604405161
117.14045197283562,66.74439405981526
117.14978736110251,66.10382808373815
117.15912274936939,188.2357544172285
117.16845813763626,6.288441072681586
117.17779352590316,35.73740455933058
117.18712891417003,41.43322238165171
117.19646430243692,10.601353745983316
117.2057996907038,7.2780605428050915
117.21513507897068,24.90703870414837
117.22447046723757,51.899756607229264
117.23380585550444,40.93649123552843
117.24314124377133,13.349312130465805
117.25247663203821,89.92730261609402
117.26181202030509,69.72052534854257
117.27114740857198,14.2565843429097
117.28048279683885,76.04859857578748
117.28981818510573,81.77219772858774
117.29915357337262,74.7573508152889
117.3084889616395,86.4425005953054
117.31782434990639,41.0555850047813
117.32715973817326,255.5944639706364
117.33649512644014,83.59356054151922
117.34583051470703,86.36040985637464
117.35516590297391,88.42953211824155
117.3645012912408,55.875981075775336
117.37383667950768,478.84854706685354
117.38317206777455,161.73476362202948
117.39250745604144,266.2814078814608
117.40184284430832,423.5745684962221
117.41117823257521,90.93887320285866
117.42051362084209,45.20791766946311
117.42984900910896,41.146889105906205
117.43918439737585,175.69845199675623
117.44851978564273,16.66955225845776
117.4578551739096,75.400525890654
117.4671905621765,410.32476795062166
117.47652595044337,162.34626921736077
117.48586133871027,159.9196352002957
117.49519672697714,236.0305224601766
117.50453211524402,81.01924178974961
117.51386750351091,148.69033249215096
117.52320289177779,26.44146269970747
117.53253828004468,9.165270610726898
117.54187366831155,89.99967429099293
117.55120905657843,38.157768032690996
117.56054444484532,144.05171407221437
117.5698798331122,76.64409149988258
117.57921522137907,3.769177263693819
117.58855060964596,108.7239922794532
117.59788599791284,29.73402663464792
117.60722138617973,48.360462086572134
117.61655677444661,283.7228454836191
117.62589216271348,31.331653211087946
117.63522755098037,145.52636476789428
117.64456293924725,191.68196398761503
117.65389832751414,73.00355514688086
117.66323371578102,39.49048235954968
117.6725691040479,173.76432519304504
117.68190449231479,73.28479991964511
117.69123988058166,145.10434486322382
117.70057526884855,167.03459060942006
117.70991065711543,15.609175863262108
117.7192460453823,31.31789506056338
117.7285814336492,58.75242484455189
117.73791682191607,7.286743957845572
117.74725221018295,205.21708956907594
117.75658759844984,173.96370589636248
117.76592298671672,195.06503878383919
117.77525837498361,17.743959208180254
117.78459376325048,137.87016908594714
117.79392915151736,16.27406360167542
117.80326453978425,50.1326286447435
117.81259992805113,39.26633214203803
117.82193531631802,90.19421267054514
117.8312707045849,33.97633618978906
117.84060609285177,75.99724191031088
117.84994148111866,13.382519323941231
117.85927686938554,122.22005150346635
117.86861225765242,18.77518663563878
117.8779476459193,45.753876276149335
117.88728303418618,12.769055251693837
117.89661842245307,23.29281989559518
117.90595381071995,78.80935105922501
117.91528919898683,191.50482950486494
117.92462458725372,84.44764729757603
117.9339599755206,293.98937939285776
117.94329536378748,16.33726317564119
117.95263075205436,73.82306066313879
117.96196614032124,10.754856356147144
117.97130152858813,127.29052752517266
117.980636916855,20.35456813637388
117.9899723051219,333.1411311311612
117.99930769338877,59.2128899682672
118.00864308165565,81.46002128030409
118.01797846992254,172.0900414947018
118.02731385818942,54.49941416441597
118.03664924645629,43.0682360121478
118.04598463472318,38.150747247853985
118.05532002299006,2.5151060436321875
118.06465541125695,214.905645126866
118.07399079952383,3.1210059008257236
118.0833261877907,35.002613893441634
118.0926615760576,233.8435439570743
118.10199696432447,54.783672588994726
118.11133235259136,29.723593089319227
118.12066774085824,156.6668309360125
118.13000312912511,200.83260290913137
118.139338517392,164.34006121948457
118.14867390565888,36.61593893754291
118.15800929392576,297.3872171309201
118.16734468219265,15.539642072996012
118.17668007045953,288.912857224691
118.18601545872642,273.50587188319037
118.19535084699329,141.06232379246933
118.20468623526017,524.749551073017
118.21402162352706,47.625685931279996
118.22335701179394,186.7418702819943
118.23269240006083,4.013916495652795
118.2420277883277,283.3719565186969
118.25136317659458,294.23610096409726
118.26069856486147,21.055102905586367
118.27003395312835,173.97102925993437
118.27936934139524,410.79362997631176
118.28870472966211,4.029538243867328
118.29804011792899,157.0039157878115
118.30737550619588,180.58360546737273
118.31671089446276,11.416793442222817
118.32604628272964,132.87072448983596
118.33538167099653,51.09638773880359
118.3447170592634,131.717837661268
118.3540524475303,82.0317538629885
118.36338783579717,109.90114313042672
118.37272322406405,134.41084041903443
118.38205861233094,22.466294453714756
118.39139400059781,231.86180066137018
118.4007293888647,29.08983450921959
118.41006477713158,513.0103654924877
118.41940016539846,96.57896374726519
118.42873555366535,1008.0383318255608
118.43807094193222,390.166002435025
118.4474063301991,355.07686705138656
118.45674171846599,593.5874031294788
118.46607710673287,304.22569519032066
118.47541249499976,589.3564582864993
118.48474788326664,27.0403101434195
118.49408327153351,113.1013293574175
118.5034186598004,3.3203953693393187
118.51275404806728,352.1386525323118
118.52208943633417,118.30222460395575
118.53142482460105,54.90329424164319
118.54076021286792,80.68940138661821
118.55009560113481,10.28901324011942
118.55943098940169,62.21781347779938
118.56876637766858,306.9827770302135
118.57810176593546,13.851559820512875
118.58743715420233,13.489171418942576
118.59677254246922,24.434430967131345
118.6061079307361,240.51048956229275
118.61544331900298,114.8644370150512
118.62477870726987,76.39919482601455
118.63411409553675,85.65552571962212
118.64344948380364,116.3858565560115
118.65278487207051,94.9860717957722
118.66212026033739,302.57678381940985
118.67145564860428,272.8316467681988
118.68079103687116,78.39179830723609
118.69012642513805,83.54049174079627
118.69946181340492,34.73142680716761
118.7087972016718,41.77978824952038
118.71813258993869,19.44903000951124
118.72746797820557,36.96920574541929
118.73680336647244,5.477494246506531
118.74613875473933,6.214427735680839
118.75547414300621,1.1352143563828694
118.7648095312731,45.45644742325725
118.77414491953998,12.749708038837763
118.78348030780685,17.984302946961957
118.79281569607375,136.45355379553294
118.80215108434062,27.805415029147028
118.81148647260751,14.130752816721198
118.82082186087439,280.9878028185861
118.83015724914127,16.561226374848044
118.83949263740816,92.04359072256825
118.84882802567503,373.53115090216437
118.85816341394192,29.10810384701435
118.8674988022088,13.434157388856859
118.87683419047568,28.47352846127284
118.88616957874257,204.49030189925438
118.89550496700944,157.52606964737785
118.90484035527632,168.00909087798212
118.91417574354321,166.9916636061179
118.92351113181009,106.8380177016231
118.93284652007698,452.68681214758516
118.94218190834385,11.51073552910872
118.95151729661073,1.1346687935210211
118.96085268487762,314.09980432568733
118.9701880731445,240.30510042229065
118.97952346141139,205.70204165114524
118.98885884967827,208.66039585612026
118.99819423794514,595.6528300916546
119.00752962621203,24.697991802411195
119.01686501447891,161.15039945030986
119.0262004027458,45.967029139953276
119.03553579101268,272.7171106231411
119.04487117927955,263.39235019816954
119.05420656754644,54.52257858466608
119.06354195581332,20.151566413913102
119.0728773440802,70.24368522411804
119.08221273234709,274.35998547200774
119.09154812061396,154.57514267014497
119.10088350888086,13.152391833484355
119.11021889714773,61.52585377090148
119.11955428541461,128.93308419398176
119.1288896736815,37.34578173728057
119.13822506194838,58.315617591657755
119.14756045021527,37.56640644347292
119.15689583848214,342.3413890620942
119.16623122674902,152.3551749533281
119.17556661501591,95.7599050690259
119.18490200328279,34.809836898222194
119.19423739154966,221.6854125854684
119.20357277981655,236.73837266195824
119.21290816808343,267.3682718451609
119.22224355635032,7.191227088482655
119.2315789446172,182.22709793774337
119.24091433288407,406.97755012822984
119.25024972115096,75.13670722819263
119.25958510941784,69.07579852627238
119.26892049768473,95.36085083285668
119.27825588595161,44.77077400194864
119.28759127421849,240.61437343217588
119.29692666248538,79.71784707983699
119.30626205075225,128.27260190009721
119.31559743901914,116.94335397189805
119.32493282728602,82.54974861780516
119.3342682155529,6.023761969051119
119.34360360381979,70.83081464985341
119.35293899208666,242.9260303102771
119.36227438035354,215.465173923683
119.37160976862043,255.98071142243245
119.38094515688731,20.034988048306705
119.3902805451542,60.98826663860816
119.39961593342107,59.7488868570902
119.40895132168795,50.62128112560315
119.41828670995484,55.774257853672324
119.42762209822172,136.0425697411075
119.43695748648861,2.361356335008562
119.44629287475549,21.450931989896485
119.45562826302236,40.85050862737878
119.46496365128925,136.61955173456977
119.47429903955613,32.56913644152774
119.483634427823,171.16332059236106
119.4929698160899,33.306366734170986
119.50230520435677,140.57479511309538
119.51164059262366,337.544909937283
119.52097598089054,82.67930184838166
119.53031136915742,13.729752066003979
119.53964675742431,17.590754333085613
119.54898214569118,221.0515014314031
119.55831753395807,27.018178736224783
119.56765292222495,43.849101005975925
119.57698831049183,133.57262062840297
119.58632369875872,6.5816095104037275
119.5956590870256,1.1107711925000032
119.60499447529249,46.56895575334067
119.61432986355936,73.7013666828441
119.62366525182624,21.71129571335811
119.63300064009313,166.75926837256586
119.64233602836,30.810250394286545
119.65167141662688,220.95556556188822
119.66100680489377,149.86983089674615
119.67034219316065,90.02085290408999
119.67967758142754,95.33629062461776
119.68901296969442,29.038220072343062
119.6983483579613,398.9478637671686
119.70768374622818,17.196183626709974
119.71701913449506,66.01421047379768
119.72635452276195,53.6745938715066
119.73568991102883,373.81964945772705
119.7450252992957,50.48489987688995
119.7543606875626,184.65848322039295
119.76369607582947,310.7199159815529
119.77303146409635,78.51516255462082
119.78236685236324,33.08889401819218
119.79170224063012,15.226406179477289
119.801037628897,160.74236108532742
119.81037301716388,50.05556514769059
119.81970840543076,0.9083626180087868
119.82904379369765,85.36483838635812
119.83837918196453,59.98398196463601
119.84771457023142,219.4457006134698
119.8570499584983,127.60906923683434
119.86638534676517,247.32733683303002
119.87572073503206,205.47879432122437
119.88505612329894,142.15799873783257
119.89439151156583,114.19417662872323
119.9037268998327,30.14693710207971
119.91306228809958,182.7766832935931
119.92239767636647,31.639582427755702
119.93173306463335,111.54374523827332
119.94106845290023,219.69892478467017
119.95040384116712,13.116304579703856
119.95973922943399,249.62915962089374
119.96907461770088,60.10809297356804
119.97841000596776,76.83939745801639
119.98774539423464,9.869769237504933
119.99708078250153,59.65036891874112
120.0064161707684,24.139418901907803
120.0157515590353,29.107777353310876
120.02508694730217,45.404962671077236
120.03442233556905,14.247353816349587
120.04375772383594,6.671728680275939
120.05309311210281,47.54913817906965
120.06242850036969,11.012360172614324
120.07176388863658,46.62377057138446
120.08109927690346,33.14082799453915
120.09043466517035,158.36907473052818
120.09977005343723,42.001619603531324
120.1091054417041,11.977484855396881
120.118440829971,31.452088084817074
120.12777621823787,11.504069737783055
120.13711160650476,18.073593073494305
120.14644699477164,15.053634517341239
120.15578238303851,54.65843505533801
120.1651177713054,31.657666613905654
120.17445315957228,15.859756069957466
120.18378854783917,22.01076835033428
120.19312393610605,55.81549631716493
120.20245932437292,9.127913872752455
120.21179471263981,11.025335323444075
120.22113010090669,13.610560386409277
120.23046548917357,131.63943555230668
120.23980087744046,6.741286367229815
120.24913626570734,4.280772655394314
120.25847165397423,127.24588860478086
120.2678070422411,246.26914518624258
120.27714243050798,176.36496832808768
120.28647781877487,268.3807180890573
120.29581320704175,90.81522108900194
120.30514859530864,4.971077900892531
120.31448398357551,53.95009513019935
120.32381937184239,183.1614325222846
120.33315476010928,5.222456049754367
120.34249014837616,31.08761987274763
120.35182553664303,40.84745021660803
120.36116092490992,16.60780747319258
120.3704963131768,44.27225010556917
120.37983170144369,62.916780767852394
120.38916708971057,20.829277123623704
120.39850247797744,4.0407506280013905
120.40783786624434,171.56386131583957
120.41717325451121,74.34162157118551
120.4265086427781,13.045632781698414
120.43584403104498,145.36078846926833
120.44517941931186,12.390423363949925
120.45451480757875,68.18598463422273
120.46385019584562,56.98776612995417
120.47318558411251,131.5820830427364
120.48252097237939,77.2167701549324
120.49185636064627,219.9598442058164
120.50119174891316,80.1864616381382
120.51052713718003,298.44651435281196
120.51986252544691,15.803018188706135
120.5291979137138,57.68169628921306
120.53853330198068,21.33218318780022
120.54786869024757,167.5278703345816
120.55720407851445,25.54145530478968
120.56653946678132,8.126195983778151
120.57587485504821,184.8222724740826
120.58521024331509,119.90321579936912
120.59454563158198,58.985842189307625
120.60388101984886,68.08363788490652
120.61321640811573,16.034128326889324
120.62255179638262,18.256219038957944
120.6318871846495,174.23041359144344
120.64122257291638,51.022142319230035
120.65055796118327,46.214984558123994
120.65989334945014,27.494777834339658
120.66922873771703,28.74688257724902
120.67856412598391,41.397290353720244
120.68789951425079,88.18370453996727
120.69723490251768,19.819752107057468
120.70657029078455,19.818144856475797
120.71590567905145,1.2749998632739037
120.72524106731832,72.11252757801246
120.7345764555852,0.6670619543165727
120.74391184385209,12.788589183113553
120.75324723211897,91.0624446445425
120.76258262038586,63.67379312908979
120.77191800865273,28.918802272337867
120.78125339691961,68.58140878707066
120.7905887851865,12.337614673186318
120.79992417345338,38.33848415969795
120.80925956172025,8.881349018402158
120.81859494998714,24.95658256617393
120.82793033825402,21.018164265980825
120.83726572652091,68.71728402323963
120.84660111478779,2.634220554990075
120.85593650305466,148.62592784585755
120.86527189132156,70.8363650116277
120.87460727958843,36.335450570698924
120.88394266785532,118.88653671696989
120.8932780561222,155.17114655525626
120.90261344438908,236.10668251900307
120.91194883265597,343.49755323296154
120.92128422092284,16.169816380960295
120.93061960918972,189.99862456355856
120.93995499745661,43.46214519314874
120.94929038572349,276.8871835180373
120.95862577399038,289.84168820798584
120.96796116225725,2.2682402773340593
120.97729655052413,164.76013058483184
120.98663193879102,11.766376898903685
120.9959673270579,99.3180734122286
121.00530271532479,46.038716388853864
121.01463810359166,254.25222765678603
121.02397349185854,26.4432634455481
121.03330888012543,72.87377278050376
121.04264426839231,252.18405368222122
121.0519796566592,127.19446938089658
121.06131504492608,18.259989601496375
121.07065043319295,40.50678702662002
121.07998582145984,496.8797712089476
121.08932120972672,101.47558632428954
121.0986565979936,196.86213242876053
121.10799198626049,146.16471324736446
121.11732737452736,262.77550312745535
121.12666276279425,116.24411714155237
121.13599815106113,93.14684629145961
121.145333539328,366.34990480477876
121.1546689275949,64.49132906428608
121.16400431586177,62.3998914463525
121.17333970412867,146.82166320088487
121.18267509239554,295.0086478805095
121.19201048066242,164.8184713859796
121.20134586892931,3.844175039591234
121.21068125719619,349.45605812224267
121.22001664546306,185.60079632612602
121.22935203372995,297.7384134140093
121.23868742199683,369.03028557617654
121.24802281026372,40.8015727181663
121.2573581985306,74.35948333179722
121.26669358679747,78.26357183207844
121.27602897506436,329.2364992592077
121.28536436333124,33.55052884007431
121.29469975159813,14.951973337138627
121.30403513986501,91.26813693133872
121.31337052813188,38.60817453907913
121.32270591639877,14.37380728673062
121.33204130466565,30.587132663383006
121.34137669293254,30.862558511138847
121.35071208119942,17.23598477575359
121.3600474694663,48.61832186552684
121.36938285773319,9.949203113524163
121.37871824600006,87.82994721524827
121.38805363426694,129.1089191295735
121.39738902253383,121.07867265673323
121.4067244108007,37.48507670303746
121.4160597990676,138.24166087379123
121.42539518733447,2.935947083688703
121.43473057560135,225.49860271950064
121.44406596386824,241.79455210659603
121.45340135213512,40.672844628121766
121.46273674040201,56.581723908929085
121.47207212866888,14.53720628514771
121.48140751693576,473.7378262823755
121.49074290520265,44.770424624527735
121.50007829346953,176.35476100598726
121.5094136817364,347.3935154647086
121.5187490700033,0.029528185645652853
121.52808445827017,256.3329524096785
121.53741984653706,58.17077779729711
121.54675523480394,24.086585261013745
121.55609062307082,44.08181927661068
121.5654260113377,230.05570047911698
121.57476139960458,244.5400176295762
121.58409678787147,22.886109426101427
121.59343217613835,461.34322370408574
121.60276756440523,188.9316061858677
121.61210295267212,76.27043890608212
121.621438340939,191.41594623469388
121.63077372920588,191.7021874526446
121.64010911747276,228.57928349886163
121.64944450573964,262.79667917722077
121.65877989400653,413.53646076532755
121.6681152822734,97.69945021092023
121.67745067054028,33.48047033369522
121.68678605880717,85.30706613085907
121.69612144707405,21.018517157396815
121.70545683534094,18.92496176443219
121.71479222360782,211.39298220949738
121.72412761187469,74.89216259562511
121.73346300014158,139.83733687149683
121.74279838840846,383.5171429360506
121.75213377667535,6.051434505731516
121.76146916494223,6.6995476178875455
121.7708045532091,12.211147521081598
121.780139941476,108.98498464137404
121.78947532974287,130.32634570135411
121.79881071800976,323.4516531379498
121.80814610627664,153.38498357065444
121.81748149454351,200.378919842722
121.8268168828104,1.4939759885639534
121.83615227107728,151.15514614778047
121.84548765934416,116.57338907746626
121.85482304761105,412.25886516660796
121.86415843587793,202.3889553367025
121.87349382414482,4.670321872972668
121.88282921241169,9.00855619507358
121.89216460067857,80.88692287309271
121.90149998894546,106.85739583796034
121.91083537721234,25.845722264620992
121.92017076547923,16.8302017464606
121.9295061537461,117.63316996008007
121.93884154201298,226.5237373150719
121.94817693027987,36.238653077567534
121.95751231854675,305.99546713963935
121.96684770681362,11.659337106083397
121.97618309508051,35.33116259809108
121.98551848334739,20.064273858227576
121.99485387161428,325.38991160583157
122.00418925988116,179.02867675331186
122.01352464814804,14.721795227235365
122.02286003641493,314.8979489100118
122.0321954246818,44.80925425055444
122.0415308129487,0.880311520997716
122.05086620121557,159.41059944859188
122.06020158948245,31.465061074352874
122.06953697774934,29.15392905365036
122.07887236601621,61.44666420826182
122.0882077542831,58.84286255681483
122.09754314254998,8.379509381713524
122.10687853081686,5.121858460640945
122.11621391908375,0.23623003869168993
122.12554930735062,34.358695863813466
122.1348846956175,16.397455796848682
122.14422008388439,5.505608096346251
122.15355547215127,12.632506214443177
122.16289086041816,99.2026801514258
122.17222624868504,82.16034231156414
122.18156163695191,129.56274121367576
122.1908970252188,42.61221991919177
122.20023241348568,122.98601458370779
122.20956780175257,2.3194916051881913
122.21890319001945,81.59590272732541
122.22823857828632,22.790810027459766
122.23757396655321,144.00647054271522
122.24690935482009,112.45851791153443
122.25624474308697,13.12086934928487
122.26558013135386,26.560506825374908
122.27491551962073,18.76888413442965
122.28425090788762,57.78877588485829
122.2935862961545,48.02440974163128
122.30292168442138,33.369788016529846
122.31225707268827,153.7762542868714
122.32159246095515,151.70043036940996
122.33092784922204,51.418077853053035
122.34026323748891,81.13772739596892
122.34959862575579,329.11919073410235
122.35893401402268,114.52770521130414
122.36826940228956,59.83744982467956
122.37760479055645,248.22373807292132
122.38694017882332,41.93653746672183
122.3962755670902,208.29019851401713
122.40561095535709,151.20185317524226
122.41494634362397,62.958032156744025
122.42428173189084,111.24317347857499
122.43361712015773,74.11516281670839
122.44295250842461,305.3497891426769
122.4522878966915,286.2983046052946
122.46162328495838,17.111478362331983
122.47095867322525,20.55959176660738
122.48029406149215,25.860343632952915
122.48962944975902,20.320408115098207
122.49896483802591,8.30513438231325
122.50830022629279,17.4718885138334
122.51763561455967,31.490894417620247
122.52697100282656,10.336618354217077
122.53630639109343,32.24522265532829
122.54564177936031,167.73574256038816
122.5549771676272,73.89329177463247
122.56431255589408,5.7610403111240105
122.57364794416097,251.6246412337431
122.58298333242784,57.518680956712586
122.59231872069472,69.15204642793977
122.60165410896161,35.282323812087675
122.61098949722849,106.94740332950876
122.62032488549538,9.245322177163025
122.62966027376225,20.45355261226319
122.63899566202913,16.781342063472067
122.64833105029602,20.411429134036553
122.6576664385629,36.4572449758863
122.66700182682979,22.169798008697587
122.67633721509667,62.20029217267845
122.68567260336354,35.64678415073102
122.69500799163043,221.24646911743844
122.70434337989731,124.11133745756939
122.71367876816419,217.54829272166958
122.72301415643108,17.123176394012326
122.73234954469795,46.04084781772399
122.74168493296484,31.08801204931322
122.75102032123172,130.7354296278934
122.7603557094986,146.51315773055958
122.76969109776549,263.80909177058885
122.77902648603236,289.33276768428067
122.78836187429926,281.4584501615557
122.79769726256613,255.5539820725408
122.80703265083301,104.03916528632486
122.8163680390999,8.046119090690464
122.82570342736678,143.1115324668403
122.83503881563365,22.842143284938302
122.84437420390054,11.283625477114711
122.85370959216742,121.94351648665253
122.86304498043431,60.53411053995314
122.87238036870119,11.810665697114278
122.88171575696806,149.31542172310424
122.89105114523495,37.21317110668029
122.90038653350183,28.738972934221522
122.90972192176872,12.645016940865899
122.9190573100356,441.95019971822944
122.92839269830247,219.55849618560393
122.93772808656936,310.3316980400548
122.94706347483624,436.5383085252043
122.95639886310313,182.90243665651266
122.96573425137001,33.17377217504783
122.97506963963689,51.52412706772878
122.98440502790378,17.61791002238191
122.99374041617065,124.08283894494214
123.00307580443753,77.84596959196922
123.01241119270442,23.176838982134825
123.0217465809713,192.8195617860402
123.03108196923819,36.58157767452197
123.04041735750506,151.37414610231826
123.04975274577194,165.0513053091673
123.05908813403883,177.80951559503396
123.06842352230571,162.52243931070672
123.0777589105726,19.442598103362315
123.08709429883947,180.15527580635725
123.09642968710635,13.300839153285777
123.10576507537324,62.15751038536356
123.11510046364012,92.65462243108875
123.124435851907,52.034347477829414
123.13377124017389,61.77893820926923
123.14310662844076,21.928459962324524
123.15244201670765,20.562562301267203
123.16177740497453,23.34971762648885
123.1711127932414,28.92281070510433
123.1804481815083,6.651480434200191
123.18978356977517,16.0286020525453
123.19911895804206,50.03681023487424
123.20845434630894,0.31070628028886565
123.21778973457582,4.998893741900959
123.22712512284271,96.55243513758974
123.23646051110958,40.91092383310474
123.24579589937647,38.331708991158365
123.25513128764335,145.19947436766086
123.26446667591023,121.87010837093298
123.27380206417712,48.825222428402945
123.283137452444,46.34010800421144
123.29247284071087,276.88310600251515
123.30180822897776,90.96177726074066
123.31114361724464,100.77536922336924
123.32047900551153,257.24436144702184
123.3298143937784,131.44255839742513
123.33914978204528,18.66380741710751
123.34848517031217,17.545029955373785
123.35782055857905,76.98886218557752
123.36715594684594,51.60039747642243
123.37649133511282,8.329173292997076
123.3858267233797,22.57130957463773
123.39516211164658,133.82580765279792
123.40449749991346,2.8110006315785645
123.41383288818034,24.029568961472553
123.42316827644723,49.996177820561996
123.4325036647141,101.84307339916265
123.441839052981,179.26510938406372
123.45117444124787,330.26917864092616
123.46050982951475,265.65021230886293
123.46984521778164,242.73819301124757
123.47918060604852,89.35667689665932
123.4885159943154,33.64740982446298
123.49785138258228,23.274533639657292
123.50718677084916,155.70675742278002
123.51652215911605,82.32753650421708
123.52585754738293,10.67684431680759
123.53519293564982,27.670066144539415
123.5445283239167,27.002834104113827
123.55386371218357,62.953051086906356
123.56319910045046,49.780334998527046
123.57253448871734,73.4163381462832
123.58186987698421,42.49847141288556
123.5912052652511,48.452403131116206
123.60054065351798,152.45928888233118
123.60987604178487,86.48061499580108
123.61921143005175,14.352641956681975
123.62854681831863,43.32626914683786
123.63788220658552,124.33712855231369
123.64721759485239,174.94501959644558
123.65655298311928,74.70380103955472
123.66588837138616,65.05815788297733
123.67522375965304,77.03607911199431
123.68455914791993,3.485387678317176
123.6938945361868,56.27713870208109
123.70322992445368,22.74894137069436
123.71256531272057,6.169118407134152
123.72190070098745,75.12261063063711
123.73123608925434,43.201091442704765
123.74057147752121,47.07564878088746
123.74990686578809,118.9920802334318
123.75924225405498,129.25370222415043
123.76857764232186,360.54151645174676
123.77791303058875,148.03622081181405
123.78724841885563,308.1414316182165
123.7965838071225,23.850186935180623
123.8059191953894,133.54459204043758
123.81525458365627,169.14679321322288
123.82458997192316,222.41722213737168
123.83392536019004,176.8301508798377
123.84326074845691,93.22732749660959
123.8525961367238,30.960841216498494
123.86193152499068,54.995562916200285
123.87126691325756,79.36357958487808
123.88060230152445,4.33350964929223
123.88993768979132,51.42327404877546
123.89927307805821,37.96237083923321
123.90860846632509,218.20194516171213
123.91794385459197,116.87577041371613
123.92727924285886,101.16718168567883
123.93661463112574,24.307455449005225
123.94595001939263,18.521782968603308
123.9552854076595,45.27251950995325
123.96462079592638,28.482198611813576
123.97395618419327,1.804373809213736
123.98329157246015,100.72078590491185
123.99262696072702,125.63934716223983
124.00196234899391,241.0181577095136
124.01129773726079,401.36695169019674
124.02063312552768,102.026641532699
124.02996851379456,74.96558484156701
124.03930390206143,38.472473011437074
124.04863929032832,141.991816756685
124.0579746785952,139.09419184461177
124.06731006686209,120.57480087071997
124.07664545512897,72.94868609256262
124.08598084339584,86.1800709434838
124.09531623166274,72.96200456256324
124.10465161992961,5.732470577226171
124.1139870081965,16.657721347407225
124.12332239646338,1.921093379151075
124.13265778473026,60.68279445005876
124.14199317299715,78.14242996190086
124.15132856126402,91.84184756353224
124.1606639495309,114.42365625446574
124.16999933779779,357.5730796995929
124.17933472606467,123.36978998132493
124.18867011433156,126.32379322110724
124.19800550259843,107.02108676713242
124.20734089086531,6.526569547028765
124.2166762791322,106.37490092528651
124.22601166739908,26.374422444864376
124.23534705566597,76.09709516613805
124.24468244393285,163.6522193828
124.25401783219972,130.6681166416702
124.26335322046661,59.81933390325718
124.27268860873349,6.158559118021697
124.28202399700037,26.019806317360562
124.29135938526726,74.02225359993368
124.30069477353413,61.927803875444205
124.31003016180102,9.736161807645273
124.3193655500679,37.81710624483254
124.32870093833478,5.521564389340011
124.33803632660167,4.368419730042637
124.34737171486854,29.569238589729032
124.35670710313543,42.18835620019537
124.36604249140231,50.3324208358315
124.37537787966919,66.92454359165649
124.38471326793608,107.00933161570718
124.39404865620295,109.40500243525915
124.40338404446985,147.7458284634335
124.41271943273672,27.866327806051217
124.4220548210036,78.60835013147081
124.43139020927049,3.0233968845644235
124.44072559753737,256.5545225207365
124.45006098580424,188.61936423961754
124.45939637407113,26.860098528040464
124.46873176233801,240.68288783342157
124.4780671506049,201.46466213926888
124.48740253887178,4.365978701778007
124.49673792713865,84.6489402348538
124.50607331540554,71.03201278465723
124.51540870367242,145.66632296088753
124.52474409193931,7.64971418009446
124.53407948020619,153.32149546636361
124.54341486847306,11.412995885685815
124.55275025673996,75.82239236820007
124.56208564500683,11.989526722417734
124.57142103327372,176.0410419638518
124.5807564215406,44.64319499004055
124.59009180980748,226.9015047320706
124.59942719807437,122.81465560441951
124.60876258634124,209.04750085238837
124.61809797460812,141.80804275000156
124.62743336287501,17.175738043601562
124.63676875114189,7.342855531395591
124.64610413940878,64.80364608960515
124.65543952767565,110.26360653872362
124.66477491594253,65.32291364133336
124.67411030420942,223.2007665612333
124.6834456924763,138.88774911615786
124.69278108074319,6.763181812023717
124.70211646901006,41.40829707114993
124.71145185727694,36.446602669877336
124.72078724554383,191.27635765765262
124.73012263381071,66.49262286708735
124.73945802207759,52.28982068694961
124.74879341034448,197.07482808176394
124.75812879861135,186.2211128425513
124.76746418687824,45.87547081787156
124.77679957514512,0.3797810455602899
124.786134963412,99.92934893105249
124.79547035167889,69.9948147066737
124.80480573994576,11.971036155216716
124.81414112821265,49.36610331411005
124.82347651647953,10.88162083625612
124.8328119047464,2.2145511949645518
124.8421472930133,15.81926659840768
124.85148268128017,1.9109893555672952
124.86081806954707,30.607863224773002
124.87015345781394,141.1469839624819
124.87948884608082,78.75699860741791
124.88882423434771,40.455097460288655
124.89815962261459,68.2946562039879
124.90749501088146,20.024135172421143
124.91683039914835,24.803332732560516
124.92616578741523,281.8397555073236
124.93550117568212,50.68296665550614
124.944836563949,66.32721786656998
124.95417195221587,61.02148667006158
124.96350734048276,84.35017497355793
124.97284272874964,227.72688353715344
124.98217811701653,406.78109358903146
124.99151350528341,57.66526270350247
125.00084889355028,97.73668611756437
125.01018428181717,4.824599124943162
125.01951967008405,194.53401145566414
125.02885505835093,39.717589755174494
125.03819044661782,40.2567996124972
125.0475258348847,2.7336957508146145
125.05686122315159,154.33485284607931
125.06619661141846,150.13261404082954
125.07553199968534,78.76679421940457
125.08486738795223,374.6214665562885
125.0942027762191,326.8979512214185
125.103538164486,356.58911509387383
125.11287355275287,466.4524657000141
125.12220894101975,98.55917789378651
125.13154432928664,127.85870517638851
125.14087971755352,262.62062109592324
125.15021510582041,315.29598584408245
125.15955049408728,23.790858842535034
125.16888588235416,12.165679364749689
125.17822127062105,115.38828437015336
125.18755665888793,251.99889896637714
125.1968920471548,22.315411691946984
125.2062274354217,168.52582585572011
125.21556282368857,58.0237743070712
125.22489821195546,105.25798699355383
125.23423360022234,225.0295342104648
125.24356898848922,9.270278866013038
125.2529043767561,86.63688520637646
125.26223976502298,19.54033012682757
125.27157515328987,228.1397964416768
125.28091054155675,201.1341509877567
125.29024592982363,478.3326528526848
125.29958131809052,513.9271424977215
125.3089167063574,717.8008332836409
125.31825209462427,324.8239914807343
125.32758748289116,165.30109290668355
125.33692287115804,156.03572386354637
125.34625825942493,54.8777777458169
125.3555936476918,119.6779731800086
125.36492903595868,13.110399397527987
125.37426442422557,283.3868746854784
125.38359981249245,56.63560207052449
125.39293520075934,0.3945238537405954
125.40227058902622,90.15557690644268
125.41160597729309,42.374152000506484
125.42094136555998,5.849797404309846
125.43027675382686,51.921949515094454
125.43961214209375,7.240489012629105
125.44894753036063,23.256410758279134
125.4582829186275,97.47316205530171
125.4676183068944,66.47356276707802
125.47695369516127,67.9195111205058
125.48628908342815,9.288262559737813
125.49562447169504,226.64957193711192
125.50495985996191,54.741230584218066
125.5142952482288,101.71532936273749
125.52363063649568,50.38439402985334
125.53296602476256,30.89428803780677
125.54230141302945,55.77785188969255
125.55163680129633,74.67206839865801
125.56097218956322,78.13625544502368
125.57030757783009,95.78518380987036
125.57964296609697,47.92592175550359
125.58897835436386,14.181612691001574
125.59831374263074,17.830623933179485
125.60764913089761,39.87985499916229
125.6169845191645,134.28640970907728
125.62631990743138,8.647447231135283
125.63565529569827,28.37796066674111
125.64499068396515,3.9508808107188607
125.65432607223202,285.42643331704
125.66366146049891,42.185523868181825
125.67299684876579,8.266982070572116
125.68233223703268,205.67512460847
125.69166762529956,87.95613078618845
125.70100301356644,31.417362751114972
125.71033840183333,318.34560841814834
125.7196737901002,74.28654895119446
125.7290091783671,17.247487947951033
125.73834456663397,73.61890211995423
125.74767995490085,19.99197068668448
125.75701534316774,89.59108724890865
125.76635073143461,45.057117365167606
125.77568611970149,23.643503191139487
125.78502150796838,51.38742482626505
125.79435689623526,364.9640907627131
125.80369228450215,140.3572891719928
125.81302767276902,121.24050842050579
125.8223630610359,100.07458981534977
125.83169844930279,14.810356651700449
125.84103383756967,22.08259996009696
125.85036922583656,8.42937200124519
125.85970461410344,38.64367641735986
125.86904000237031,82.19773638225743
125.8783753906372,90.97474379854229
125.88771077890408,86.8524639418807
125.89704616717096,57.05288771089195
125.90638155543785,0.5206692376219
125.91571694370472,79.88249445161259
125.92505233197161,50.028710834072925
125.93438772023849,125.91322176773615
125.94372310850537,264.6143628265684
125.95305849677226,18.318736141341027
125.96239388503913,19.22895547030492
125.97172927330602,97.16965099606153
125.9810646615729,45.27139550088874
125.99040004983978,39.747057103787405
125.99973543810667,14.753713051727079
126.00907082637355,110.97213329536196
126.01840621464044,74.37325140954357
126.02774160290731,290.84393032308566
126.03707699117419,91.2199305684517
126.04641237944108,24.307818713589327
126.05574776770796,234.7185299937472
126.06508315597483,53.678554485089734
126.07441854424172,132.14840014031373
126.0837539325086,54.512879546923756
126.09308932077549,41.579067830827796
126.10242470904237,2.282393057707314
126.11176009730924,241.7242491466067
126.12109548557613,35.31768433025724
126.13043087384301,1.2876075454866895
126.1397662621099,46.979123506821914
126.14910165037678,104.14791926922776
126.15843703864365,188.38282617849657
126.16777242691055,44.38296549844564
126.17710781517742,54.10418923929145
126.1864432034443,20.055471968836045
126.19577859171119,72.98518097307931
126.20511397997807,159.27752860513783
126.21444936824496,71.87481430389917
126.22378475651183,90.26739661305326
126.23312014477871,76.25034412140054
126.2424555330456,33.169007591609066
126.25179092131248,147.7994712104306
126.26112630957937,172.70187688605358
126.27046169784624,42.98125367412583
126.27979708611312,34.525347096151854
126.28913247438001,6.5573824788282815
126.29846786264689,44.94038107817569
126.30780325091378,13.989061782237714
126.31713863918065,67.72857303005274
126.32647402744753,4.2455460123488376
126.33580941571442,66.21901890502552
126.3451448039813,51.638060661171394
126.35448019224818,55.82290805378036
126.36381558051507,16.394827302636084
126.37315096878194,16.838639654997586
126.38248635704883,14.994657427044082
126.39182174531571,34.714187845135925
126.40115713358259,191.21002667768315
126.41049252184948,95.85736880496601
126.41982791011635,97.3898574246649
126.42916329838324,225.37712612143514
126.43849868665012,42.80104780113501
126.447834074917,25.005073671144444
126.45716946318389,11.685700931822046
126.46650485145076,132.10241788710047
126.47584023971764,29.638392740271385
126.48517562798453,15.297480268422888
126.49451101625141,10.072312753501365
126.5038464045183,34.48122590525675
126.51318179278518,29.00240513164089
126.52251718105205,39.46750955889425
126.53185256931894,1.2827925450975515
126.54118795758582,25.80071714312695
126.55052334585271,47.84767308213467
126.55985873411959,34.8632381584174
126.56919412238646,45.06439050766887
126.57852951065335,10.982018596469864
126.58786489892023,6.651241482916364
126.59720028718712,21.56120847214724
126.606535675454,47.129951242337896
126.61587106372087,20.558308934103312
126.62520645198776,66.92525547485376
126.63454184025464,14.37649884188702
126.64387722852152,11.093934599588282
126.65321261678841,43.46191003746267
126.66254800505529,60.84440201196332
126.67188339332218,50.39355514234771
126.68121878158905,4.428185973993401
126.69055416985593,120.32025790887567
126.69988955812282,149.0878018593375
126.7092249463897,42.95745599984676
126.71856033465659,69.34563863062591
126.72789572292346,8.54251179530693
126.73723111119034,194.09517447897332
126.74656649945723,24.090376928020792
126.75590188772411,17.687401210259125
126.76523727599098,16.075055604002152
126.77457266425787,60.794045452102125
126.78390805252475,44.2830596612975
126.79324344079164,33.509463724981984
126.80257882905852,31.371449145029516
126.8119142173254,0.4763721810136337
126.82124960559229,25.340647049238516
126.83058499385916,26.807469053542345
126.83992038212605,22.584166224061764
126.84925577039293,40.544170986337164
126.8585911586598,24.58150122997647
126.8679265469267,38.69540264345332
126.87726193519357,6.18752933041062
126.88659732346046,5.4582682911725176
126.89593271172734,27.3904003259964
126.90526809999422,77.60301170295917
126.91460348826111,17.93542375637747
126.92393887652798,48.49774839870264
126.93327426479486,177.14684907745777
126.94260965306175,25.35502575037005
126.95194504132863,19.239259006325288
126.96128042959552,107.3309057949021
126.9706158178624,25.61222129972275
126.97995120612927,11.079972430494788
126.98928659439616,24.748008733969236
126.99862198266304,55.67363638372861
127.00795737092993,16.306374806100045
127.0172927591968,77.65742399299275
127.02662814746368,132.7882872072034
127.03596353573057,124.0677798880208
127.04529892399745,91.58262261939672
127.05463431226434,127.36684655070239
127.06396970053122,18.5416762188912
127.0733050887981,111.03482955381736
127.08264047706498,171.37518118555528
127.09197586533186,14.376341838637577
127.10131125359874,83.9630644943975
127.11064664186563,36.349618537369174
127.1199820301325,54.71219339558351
127.1293174183994,31.351438127923334
127.13865280666627,11.720823174791306
127.14798819493315,40.67011610588895
127.15732358320004,43.05006506641224
127.16665897146692,56.327024801977416
127.1759943597338,108.06507382478824
127.18532974800068,20.309566747765334
127.19466513626756,104.53021241557987
127.20400052453445,33.37120797865798
127.21333591280133,71.56570990670346
127.2226713010682,61.36083235548491
127.2320066893351,28.161489126604508
127.24134207760197,30.89607780626399
127.25067746586886,59.43992357621906
127.26001285413574,21.332539545402238
127.26934824240261,96.7951475313175
127.2786836306695,180.4570572320969
127.28801901893638,45.119554147799754
127.29735440720327,32.58845455674751
127.30668979547015,33.47271861412665
127.31602518373703,16.27008270246791
127.32536057200392,58.285713107009215
127.33469596027079,97.52048316409568
127.34403134853768,75.6964359237143
127.35336673680456,24.919187846097476
127.36270212507144,186.91051979512397
127.37203751333833,599.3619328031295
127.3813729016052,183.23047888223715
127.39070828987208,236.7419780511976
127.40004367813897,244.31570468069845
127.40937906640585,5.91365555832792
127.41871445467274,216.30923599127476
127.42804984293961,256.02109031719357
127.43738523120649,8.385174130768585
127.44672061947338,131.2259288490277
127.45605600774026,155.33795998919518
127.46539139600715,14.913525668720021
127.47472678427403,90.26242844893638
127.4840621725409,105.80529521916438
127.4933975608078,2.6337487100204564
127.50273294907467,7.980137637550357
127.51206833734155,163.26168900792436
127.52140372560844,48.51980080381079
127.53073911387531,38.57183803959556
127.5400745021422,116.25067148405877
127.54940989040908,1.3838812754358067
127.55874527867596,57.35928255509251
127.56808066694285,15.549006341476767
127.57741605520972,40.81394128360475
127.58675144347662,44.22243146434642
127.59608683174349,67.93908045556208
127.60542222001037,9.654537283517232
127.61475760827726,18.4080922823887
127.62409299654414,123.06129168259193
127.63342838481103,18.872328701281393
127.6427637730779,82.67249327250664
127.65209916134478,72.55687386761866
127.66143454961167,4.8374712919266125
127.67076993787855,16.081778401062042
127.68010532614542,18.764350119285755
127.68944071441231,48.92970671862629
127.69877610267919,31.214193550479422
127.70811149094608,1.349448025872072
127.71744687921296,40.95721146510248
127.72678226747983,3.775644128470941
127.73611765574672,1.1965548307408531
127.7454530440136,34.90302807336547
127.75478843228049,26.005496967993437
127.76412382054737,51.23730421918827
127.77345920881424,9.876472627359663
127.78279459708114,233.63709117510393
127.79212998534801,167.8995493703736
127.80146537361489,13.017303851084531
127.81080076188178,219.89634033899492
127.82013615014866,44.605164404564405
127.82947153841555,66.27384383106384
127.83880692668242,213.95596745976206
127.8481423149493,18.82137895866733
127.85747770321619,12.324646969914925
127.86681309148307,639.5643101223592
127.87614847974996,35.3577771397713
127.88548386801683,41.76157849991344
127.89481925628371,150.37035558579046
127.9041546445506,105.33152755998398
127.91349003281748,14.535547204620908
127.92282542108437,170.5096544373467
127.93216080935125,67.36113859434715
127.94149619761812,448.5799167754427
127.95083158588501,306.9666641335967
127.96016697415189,1028.9746135615496
127.96950236241877,453.5790330027066
127.97883775068566,62.349635622463545
127.98817313895253,138.36445846743797
127.99750852721942,136.39631146224178
128.00684391548631,244.29070412652194
128.0161793037532,263.9522435071529
128.02551469202007,35.22611248334608
128.03485008028696,33.53740303062167
128.04418546855385,57.889911978888236
128.0535208568207,278.0627391186441
128.0628562450876,108.35649643622217
128.0721916333545,133.5305991008714
128.08152702162138,38.696552716318195
128.09086240988825,63.66616832705288
128.10019779815514,37.98323180771167
128.10953318642203,257.89744612531007
128.1188685746889,30.244832040852028
128.12820396295578,22.295492846519384
128.13753935122267,227.94539123154675
128.14687473948953,48.617779426736924
128.15621012775642,4.710781235370848
128.16554551602331,119.8188199762635
128.17488090429018,120.57910055485426
128.18421629255707,70.34381551412825
128.19355168082396,99.3133147419218
128.20288706909085,28.048512592661112
128.2122224573577,405.41006531226617
128.2215578456246,115.30913562846173
128.2308932338915,65.87826892590468
128.24022862215836,133.3371747704651
128.24956401042525,571.217920028257
128.25889939869214,236.85851881743466
128.268234786959,93.5983850957105
128.2775701752259,223.98168926761832
128.28690556349278,27.375392548177143
128.29624095175964,100.84447172733596
128.30557634002653,35.457464059828055
128.31491172829342,25.642697422241664
128.32424711656031,20.359511446473785
128.33358250482718,133.47322143219313
128.34291789309407,170.91634704830815
128.35225328136096,205.52287110980893
128.36158866962782,164.11645983106573
128.3709240578947,81.74762584250652
128.3802594461616,11.98771927480849
128.38959483442846,41.876345814522274
128.39893022269536,62.587359760575765
128.40826561096225,2.476135816193971
128.41760099922914,141.02524460607526
128.426936387496,71.62225781474902
128.4362717757629,33.25052164805415
128.44560716402978,149.25262300109725
128.45494255229664,64.29856081796076
128.46427794056353,92.45864996461812
128.47361332883042,25.25484196003439
128.4829487170973,189.98637354943557
128.49228410536418,153.05745123579632
128.50161949363107,39.09965959976314
128.51095488189793,20.8634616261365
128.52029027016482,160.1443137468516
128.5296256584317,31.306797838835315
128.5389610466986,17.45982474317221
128.54829643496547,151.39475414500285
128.55763182323236,5.58957833042302
128.56696721149925,154.88609311819204
128.5763025997661,56.45879085314311
128.585637988033,52.00910504848162
128.5949733762999,45.06588409177108
128.60430876456675,26.76127975996975
128.61364415283364,26.7531483381726
128.62297954110053,9.087803614276073
128.6323149293674,31.520591954363358
128.6416503176343,20.17304500882468
128.65098570590118,45.7683492591067
128.66032109416807,137.89854213742015
128.66965648243493,42.43883461681867
128.67899187070182,52.69187049063517
128.6883272589687,80.90842830558267
128.69766264723557,5.119597272193629
128.70699803550247,9.603263031529197
128.71633342376936,36.14265101708434
128.72566881203622,12.43367043463111
128.7350042003031,15.100522666689177
128.74433958857,45.8942228204419
128.75367497683686,28.50627472400118
128.76301036510375,65.06327014464057
128.77234575337064,15.017376974981817
128.78168114163753,53.20683159331492
128.7910165299044,61.472059383128936
128.8003519181713,35.73042458853982
128.80968730643818,18.237342684023748
128.81902269470504,37.956385076834025
128.82835808297193,46.370597966204954
128.83769347123882,22.272659789538352
128.84702885950568,114.57489401445535
128.85636424777258,375.9349823564484
128.86569963603947,154.9911305682981
128.87503502430636,73.15829804010399
128.88437041257322,121.60096329880935
128.8937058008401,127.71005133808605
128.903041189107,103.63931348337964
128.91237657737386,50.24642631356017
128.92171196564075,217.03339775595464
128.93104735390764,64.11808893019013
128.9403827421745,18.07107912885825
128.9497181304414,42.12896140008535
128.9590535187083,37.037274605052666
128.96838890697515,99.99681333363931
128.97772429524204,18.803508934999368
128.98705968350893,70.7349479692173
128.99639507177582,141.42676734063937
129.00573046004268,1.1701633609917268
129.01506584830958,11.847685976144056
129.02440123657647,76.03710575593283
129.03373662484333,96.69252329306224
129.04307201311022,18.670001541691825
129.0524074013771,106.12461083851898
129.06174278964397,151.5523703138072
129.07107817791086,101.24204381713699
129.08041356617775,45.875913616453445
129.08974895444462,45.93878701529418
129.0990843427115,48.229501630161
129.1084197309784,122.83205650853598
129.1177551192453,286.9042484042703
129.12709050751215,111.47511942382421
129.13642589577904,71.594892419847
129.14576128404593,46.92788696254657
129.1550966723128,95.79588908265964
129.16443206057968,13.43364116974183
129.17376744884658,316.3871254391463
129.18310283711344,407.841190166935
129.19243822538033,185.33829037696856
129.20177361364722,274.0469296461057
129.21110900191408,78.45456562560013
129.22044439018097,75.56980876026466
129.22977977844786,24.579111405247488
129.23911516671475,21.304640575488044
129.24845055498162,49.263323321616525
129.2577859432485,41.228249271272425
129.2671213315154,22.72985014989184
129.27645671978226,35.936587623821495
129.28579210804915,204.9182961886866
129.29512749631604,261.44848089833494
129.3044628845829,28.328736040312826
129.3137982728498,114.05046395557095
129.32313366111669,46.77362624406008
129.33246904938355,191.7458950100163
129.34180443765044,65.47792572874016
129.35113982591733,187.14552427353948
129.36047521418422,194.62875502953548
129.36981060245108,193.23917951411218
129.37914599071797,131.641255003181
129.38848137898486,66.9922880133706
129.39781676725173,88.44998202380013
129.40715215551862,4.585743841494591
129.4164875437855,16.625337911605392
129.42582293205237,6.858244483610196
129.43515832031926,115.14117379667742
129.44449370858615,45.692965682849255
129.45382909685304,44.317201073995435
129.4631644851199,23.515128361546036
129.4724998733868,4.247590072236392
129.48183526165369,23.96147046824279
129.49117064992055,115.15834109900914
129.50050603818744,66.11678756725578
129.50984142645433,6.363611465819428
129.5191768147212,5.70662765444987
129.52851220298808,56.35667062481223
129.53784759125497,222.07581489507479
129.54718297952184,104.09732682135065
129.55651836778873,143.32352649580093
129.56585375605562,186.7210329556875
129.5751891443225,53.46944251996956
129.58452453258937,87.54234116796314
129.59385992085626,71.29682121500021
129.60319530912315,55.980514043497095
129.61253069739,2.0857577796955873
129.6218660856569,3.464747183959157
129.6312014739238,121.1945478195996
129.64053686219066,10.922166482184075
129.64987225045755,3.225193606682661
129.65920763872444,38.22813545494788
129.6685430269913,37.53008598138207
129.6778784152582,57.59801434677472
129.68721380352508,5.053274394104137
129.69654919179197,64.90834950678456
129.70588458005884,45.17746092072044
129.71521996832573,21.837852446268368
129.72455535659262,106.2074849288288
129.73389074485948,57.13638881657158
129.74322613312637,48.893699465241596
129.75256152139326,37.46036119742699
129.76189690966012,83.28302628642221
129.771232297927,26.766040561329692
129.7805676861939,41.756974109755234
129.78990307446077,165.4639440058409
129.79923846272766,6.405875958546922
129.80857385099455,19.715096725331197
129.81790923926144,22.415759375930875
129.8272446275283,66.01758800036859
129.8365800157952,70.80930258470973
129.84591540406208,23.238392068737962
129.85525079232895,169.0366806507742
129.86458618059584,14.923519511269674
129.87392156886273,134.16730756400963
129.8832569571296,105.59965267582457
129.89259234539648,175.7590869144159
129.90192773366337,144.25065093116393
129.91126312193023,227.2711312028616
129.92059851019712,163.66185388988623
129.92993389846401,25.986422324939685
129.9392692867309,73.07504963641034
129.94860467499777,55.85203800420813
129.95794006326466,218.59463314805475
129.96727545153155,153.14043535722902
129.9766108397984,91.55926105345617
129.9859462280653,45.1155210090246
129.9952816163322,27.979572302706156
130.00461700459906,6.902712882666859
130.01395239286595,50.136577986938974
130.02328778113284,128.0608944018135
130.03262316939973,10.839416816590141
130.0419585576666,72.7469542987941
130.05129394593348,31.365133817008594
130.06062933420037,35.57623531587025
130.06996472246723,116.6570184651549
130.07930011073412,8.551688101417346
130.08863549900101,4.061442260741741
130.09797088726788,264.83943014002637
130.10730627553477,15.77006744891097
130.11664166380166,16.511210385783233
130.12597705206852,39.41512196350967
130.1353124403354,42.72088116323656
130.1446478286023,18.653044608451562
130.1539832168692,10.959047940171853
130.16331860513606,0.6649407170087094
130.17265399340295,0.5509552419667991
130.18198938166984,38.74638598645558
130.1913247699367,64.12682977625416
130.2006601582036,12.206393438666442
130.20999554647048,185.70724052340705
130.21933093473734,194.8756682006093
130.22866632300423,73.054475153574
130.23800171127112,301.2604529423973
130.247337099538,253.6447888534656
130.25667248780488,54.568810450659264
130.26600787607177,219.1114387359149
130.27534326433866,49.385226571692165
130.28467865260552,97.4351976487304
130.2940140408724,120.46561133797475
130.3033494291393,126.47149699244603
130.31268481740616,120.1935796170048
130.32202020567306,10.55763583004887
130.33135559393995,59.52578341663743
130.3406909822068,218.1885568145497
130.3500263704737,71.9099172219254
130.3593617587406,14.240446693537157
130.36869714700745,193.65746047051542
130.37803253527434,43.11565009845864
130.38736792354123,64.33844040449016
130.39670331180812,18.699244049386643
130.406038700075,23.013911259812843
130.41537408834188,22.585364115032807
130.42470947660877,111.2638055045414
130.43404486487563,40.10228625020925
130.44338025314252,31.443471929442616
130.4527156414094,2.5438639134593797
130.46205102967627,3.208631601482498
130.47138641794317,36.88733366244947
130.48072180621006,5.428245542115704
130.49005719447692,64.87288328805057
130.4993925827438,87.11178217766341
130.5087279710107,27.438471287694583
130.5180633592776,17.591196519765806
130.52739874754445,6.010521223202588
130.53673413581134,149.39862164393003
130.54606952407823,169.24304362576314
130.5554049123451,57.00521218860992
130.564740300612,66.6229987794934
130.57407568887888,71.25013087569046
130.58341107714574,3.187732010989445
130.59274646541263,63.931787301189104
130.60208185367952,16.58135206353806
130.6114172419464,7.796492968488047
130.62075263021327,30.957289463517693
130.63008801848017,9.949609901052936
130.63942340674706,3.638664204499875
130.64875879501392,29.8257192683022
130.6580941832808,42.119464096386096
130.6674295715477,12.819159314634831
130.67676495981456,63.85165523094043
130.68610034808145,15.35740552865414
130.69543573634834,23.600930722459353
130.7047711246152,21.369884490443305
130.7141065128821,41.63114758957603
130.723441901149,45.42802942785422
130.73277728941588,0.5761235003072175
130.74211267768274,128.0040475597618
130.75144806594963,48.69881893775206
130.76078345421652,28.0527626464502
130.77011884248338,70.8140809914303
130.77945423075028,203.63733071398417
130.78878961901717,154.07010979908435
130.79812500728403,333.40745142061775
130.80746039555092,22.15303394822827
130.8167957838178,73.20134000204473
130.82613117208467,113.38211015395393
130.83546656035156,36.57010585785661
130.84480194861845,0.7985030418986497
130.85413733688534,103.21432240217308
130.8634727251522,38.42134972133743
130.8728081134191,56.18343020987344
130.882143501686,68.38071138917192
130.89147888995285,10.739136738470863
130.90081427821974,21.71251369975638
130.91014966648663,8.477705121700657
130.9194850547535,11.56246726933293
130.92882044302038,5.390225515489872
130.93815583128728,31.54400660612751
130.94749121955414,57.169530797671236
130.95682660782103,62.597631438877336
130.96616199608792,12.166997335857229
130.9754973843548,52.34954742987802
130.98483277262167,12.881388609176216
130.99416816088856,12.12513817046839
131.00350354915545,86.50492525624229
131.01283893742232,31.013535392785954
131.0221743256892,124.73135339375841
131.0315097139561,42.20707700703979
131.04084510222296,114.19392063269157
131.05018049048985,8.14110954056388
131.05951587875674,198.53312782350125
131.0688512670236,52.55023835502911
131.0781866552905,3.8437062780431264
131.08752204355739,61.13651668902103
131.09685743182428,114.66305336135989
131.10619282009114,29.775399376287588
131.11552820835803,81.17054821493602
131.12486359662492,1.9320851793506624
131.13419898489178,25.578165371692137
131.14353437315867,1.3410656299738688
131.15286976142556,18.87884268425114
131.16220514969243,20.496083817187767
131.17154053795932,10.942494921489008
131.1808759262262,0.9097390670424115
131.1902113144931,35.684885098036446
131.19954670275996,21.762647309202986
131.20888209102685,46.61478505454483
131.21821747929374,45.02589168684877
131.2275528675606,65.96755308877886
131.2368882558275,85.78119438365182
131.24622364409439,69.64075275554534
131.25555903236125,17.74912666797957
131.26489442062814,90.07028867194218
131.27422980889503,45.08680820353172
131.2835651971619,166.81126666171636
131.29290058542878,14.497853900904012
131.30223597369567,240.80574395075587
131.31157136196256,54.30786218956116
131.32090675022943,48.67225523160386
131.33024213849632,71.3938880032077
131.3395775267632,32.68434615132891
131.34891291503007,0.44045830808029834
131.35824830329696,151.05011905903868
131.36758369156385,7.219544384275102
131.3769190798307,8.495434710737229
131.3862544680976,78.91295234425182
131.3955898563645,1.488935634525488
131.40492524463136,26.517943075535314
131.41426063289825,27.78378512944447
131.42359602116514,37.68475014172654
131.43293140943203,93.51636999105358
131.4422667976989,49.419693133991395
131.45160218596578,17.99266712866436
131.46093757423267,37.43149850872351
131.47027296249954,22.17594294845778
131.47960835076643,116.19052802965444
131.48894373903332,11.068835644602148
131.49827912730018,21.92028088948442
131.50761451556707,46.489215636039475
131.51694990383396,31.24408150363019
131.52628529210082,40.63795678492754
131.5356206803677,48.79723619775862
131.5449560686346,146.02009098035543
131.5542914569015,73.32592541364137
131.56362684516836,78.69198613563425
131.57296223343525,247.11163447961306
131.58229762170214,19.828833797796708
131.591633009969,1.9340185840861424
131.6009683982359,116.08296532415882
131.61030378650278,215.91712373847065
131.61963917476965,237.96669306702142
131.62897456303654,233.5556820923739
131.63830995130343,96.93005862334391
131.64764533957032,26.61692754401758
131.65698072783718,15.494732574304868
131.66631611610407,271.116125905254
131.67565150437096,177.74053521366693
131.68498689263782,33.82312792394297
131.69432228090471,193.15825832554125
131.7036576691716,59.204030720515604
131.71299305743847,32.590595799914844
131.72232844570536,70.21855065449283
131.73166383397225,212.09197103706666
131.7409992222391,3.048439702393541
131.750334610506,10.841071181145283
131.7596699987729,62.66437216423982
131.76900538703978,72.46578473791607
131.77834077530665,14.578533371185237
131.78767616357354,21.46812582535086
131.79701155184043,159.86238442840968
131.8063469401073,31.99663759729313
131.81568232837418,41.96269647361571
131.82501771664107,13.416161332653363
131.83435310490793,199.12022865768148
131.84368849317482,62.79230589782427
131.85302388144171,14.991142474245779
131.86235926970858,4.520787156542496
131.87169465797547,348.7298107841172
131.88103004624236,284.31226581924585
131.89036543450925,91.40135109987901
131.8997008227761,148.68094689942285
131.909036211043,127.0371293966982
131.9183715993099,75.0332765519122
131.92770698757676,1.482265391110506
131.93704237584365,108.18647868305224
131.94637776411054,76.44253438416492
131.9557131523774,50.72226484478473
131.9650485406443,44.47117790568572
131.97438392891118,1.0835707630801223
131.98371931717804,100.78977707630105
131.99305470544493,7.006157515753812
132.00239009371182,49.712935565437256
132.01172548197871,102.33959351916515
132.02106087024558,4.773797858989076
132.03039625851247,12.274149275362216
132.03973164677936,10.12729307171281
132.04906703504622,2.0345515291082106
132.0584024233131,16.792914994980404
132.06773781158,4.290249838655336
132.07707319984686,2.0184233847514137
132.08640858811376,7.873842534492496
132.09574397638065,15.730163824077422
132.1050793646475,4.375423147825309
132.1144147529144,11.355793950533158
132.1237501411813,27.524628832941644
132.13308552944818,21.018878972881552
132.14242091771504,23.53588906571779
132.15175630598193,4.618266976737341
132.16109169424882,24.016846377546617
132.1704270825157,20.22993964234892
132.17976247078258,13.905418912631227
132.18909785904947,34.957181199056784
132.19843324731633,10.776240454787985
132.20776863558322,40.06154958356589
132.2171040238501,26.290440499659276
132.226439412117,2.093160653740959
132.23577480038387,40.85537095848012
132.24511018865076,83.930562182711
132.25444557691765,173.08965078622415
132.2637809651845,204.4871031191028
132.2731163534514,16.089374455214156
132.2824517417183,187.73548069000546
132.29178712998515,46.7955031311049
132.30112251825204,26.822351384154068
132.31045790651893,54.35626044968649
132.3197932947858,0.28209710012141487
132.3291286830527,13.037966102950001
132.33846407131958,125.05256038338187
132.34779945958647,53.60614729468897
132.35713484785333,13.350353806067005
132.36647023612022,38.10221215552772
132.3758056243871,19.819430863526925
132.38514101265397,20.87120465001828
132.39447640092087,16.60261292223146
132.40381178918776,23.186949635375434
132.41314717745462,22.804925303584543
132.4224825657215,25.509870961073073
132.4318179539884,18.334855694312367
132.44115334225526,8.108126887428922
132.45048873052215,22.02695179578959
132.45982411878904,102.31793706055184
132.46915950705593,4.282220967680088
132.4784948953228,46.36819778608774
132.4878302835897,159.3333573829688
132.49716567185658,0.045974446076500544
132.50650106012344,124.00119664709754
132.51583644839033,76.27562495726427
132.52517183665722,62.59663061644231
132.53450722492408,289.21204437104666
132.54384261319098,112.65431658376998
132.55317800145787,216.34979959367607
132.56251338972473,295.9622260537951
132.57184877799162,0.44687966324275213
132.5811841662585,88.30831913695928
132.5905195545254,4.414690581406967
132.59985494279226,123.16091018209059
132.60919033105915,67.87634915857873
132.61852571932604,117.69716851039722
132.6278611075929,13.591235104211377
132.6371964958598,57.413411904986184
132.6465318841267,286.103729660564
132.65586727239355,55.6810629462346
132.66520266066044,10.477374788111653
132.67453804892733,14.041839316152814
132.6838734371942,65.37771542056905
132.69320882546108,125.47357542282117
132.70254421372798,186.22595947516518
132.71187960199487,50.939583021962186
132.72121499026173,278.8670364290234
132.73055037852862,51.23557291077385
132.7398857667955,11.332752912775073
132.74922115506237,95.9184747689627
132.75855654332926,98.35114911799343
132.76789193159615,268.25444642874817
132.77722731986302,159.64123529829644
132.7865627081299,71.39105456072977
132.7958980963968,144.13819685336804
132.8052334846637,30.74084689722488
132.81456887293055,31.04483577875622
132.82390426119744,38.49461295317025
132.83323964946433,76.58952135279054
132.8425750377312,10.459023032504811
132.85191042599808,4.369193016695645
132.86124581426498,49.482409680105484
132.87058120253184,6.045761832281373
132.87991659079873,6.394280212170742
132.88925197906562,74.34235589607944
132.89858736733248,69.52588839230505
132.90792275559937,50.279430615925975
132.91725814386626,73.16534694726988
132.92659353213315,26.41074753440861
132.93592892040002,7.572058803181422
132.9452643086669,17.974103397011028
132.9545996969338,78.07607469318648
132.96393508520066,81.20151367500178
132.97327047346755,53.31551371368546
132.98260586173444,63.483340417631396
132.9919412500013,14.618944722522798
133.0012766382682,50.11814854432112
133.01061202653509,5.961515869625005
133.01994741480195,9.223969160676495
133.02928280306884,8.688442098946206
133.03861819133573,76.04313709526481
133.04795357960262,1.5926567466246047
133.05728896786948,8.198517265733985
133.06662435613637,103.63817181934466
133.07595974440326,3.822270815577227
133.08529513267013,4.4632250269180975
133.09463052093702,41.039613431082785
133.1039659092039,47.03532819827622
133.11330129747077,70.28741835820448
133.12263668573766,6.161361422361304
133.13197207400455,74.09364562455397
133.1413074622714,12.531811685596104
133.1506428505383,25.605787715197422
133.1599782388052,31.895016746699394
133.16931362707209,54.640787598395384
133.17864901533895,35.663733720967066
133.18798440360584,38.67906119981503
133.19731979187273,10.713523169127894
133.2066551801396,10.60755784040067
133.21599056840648,3.4660479130822512
133.22532595667337,24.94703082275246
133.23466134494024,25.08190602144131
133.24399673320713,16.235579892511915
133.25333212147402,21.330199685759624
133.26266750974088,3.642646523025744
133.27200289800777,5.383773607312962
133.28133828627466,7.420924223608483
133.29067367454155,15.846170354035907
133.3000090628084,6.061052530268667
133.3093444510753,7.883803061907673
133.3186798393422,39.87567995927092
133.32801522760906,85.83045141559155
133.33735061587595,43.28971887502139
133.34668600414284,75.57522889727399
133.3560213924097,37.90181970264975
133.3653567806766,12.08175314435724
133.37469216894348,0.14533722766452803
133.38402755721037,45.12326760184524
133.39336294547724,9.962775512767019
133.40269833374413,26.672374154638163
133.41203372201102,64.53466241813246
133.42136911027788,13.69896374984244
133.43070449854477,5.155090197710738
133.44003988681166,11.85447217854759
133.44937527507852,200.00462924316318
133.4587106633454,64.81544545362809
133.4680460516123,220.90847183023124
133.47738143987917,261.05671527247335
133.48671682814606,57.2182255964865
133.49605221641295,40.64308715714622
133.50538760467984,45.45297938356735
133.5147229929467,114.38020214381241
133.5240583812136,13.893128368305486
133.53339376948048,71.71869420134546
133.54272915774735,12.777647178550245
133.55206454601424,3.0200160870031
133.56139993428113,17.790523221229215
133.570735322548,27.788850032447844
133.58007071081488,5.255952646444897
133.58940609908177,1.774632433703082
133.59874148734863,7.5407275737304404
133.60807687561552,3.319016784122848
133.61741226388241,8.565080835155207
133.6267476521493,30.328766989006297
133.63608304041617,22.891157773177486
133.64541842868306,24.949110770386195
133.65475381694995,16.92811332849506
133.6640892052168,56.87274088918525
133.6734245934837,6.985723049796365
133.6827599817506,25.055494603939625
133.69209537001746,60.87567259751234
133.70143075828435,119.04690771322561
133.71076614655124,28.965301564785957
133.7201015348181,5.6489778131271855
133.729436923085,142.8878603513037
133.73877231135188,6.771680709134256
133.74810769961877,15.30072016896249
133.75744308788563,103.41494769900228
133.76677847615252,25.652096912214027
133.77611386441941,57.79818158536622
133.78544925268628,36.81937970358021
133.79478464095317,11.032699050576511
133.80412002922006,106.7401293090148
133.81345541748692,5.482118025644602
133.8227908057538,38.90408464835825
133.8321261940207,66.76284594671203
133.8414615822876,17.837885398328147
133.85079697055446,64.97930955300775
133.86013235882135,150.89970832257117
133.86946774708824,53.33822157128544
133.8788031353551,111.38889690003629
133.888138523622,24.168095144058867
133.89747391188888,39.90889449679996
133.90680930015574,7.741876396968336
133.91614468842263,63.09667834449213
133.92548007668952,157.4467307671329
133.9348154649564,4.9124911604029196
133.94415085322328,23.990991756770104
133.95348624149017,34.74600052875661
133.96282162975706,46.61044996993689
133.97215701802392,20.594269769624297
133.9814924062908,95.41842974029497
133.9908277945577,18.22067246249761
134.00016318282456,73.65913181251014
134.00949857109146,60.476813814005716
134.01883395935835,73.62389451869761
134.0281693476252,59.78696972555863
134.0375047358921,19.134180992672615
134.046840124159,109.4519512800456
134.05617551242585,17.656138252263524
134.06551090069274,46.8458218020538
134.07484628895963,19.70567711990462
134.08418167722652,37.640459727571404
134.0935170654934,11.630242700957053
134.10285245376028,12.082308371657865
134.11218784202717,9.883773588596096
134.12152323029403,53.1844665604847
134.13085861856092,7.685678240254836
134.1401940068278,19.34908582876367
134.14952939509467,38.15348691236152
134.15886478336157,21.151649958296034
134.16820017162846,21.335600254886135
134.17753555989532,5.766873270463058
134.1868709481622,141.83529009947415
134.1962063364291,49.544641095829135
134.205541724696,10.188030357961845
134.21487711296285,18.77556777231362
134.22421250122974,40.92831866474595
134.23354788949663,7.30115302468836
134.2428832777635,27.018300120396653
134.2522186660304,7.432836293823747
134.26155405429728,25.31047573321776
134.27088944256414,19.094052743020722
134.28022483083103,10.358127731076738
134.28956021909792,17.33613094913628
134.29889560736478,7.57029662021026
134.30823099563167,9.582330016938307
134.31756638389857,17.853417098401053
134.32690177216546,28.425939908149434
134.33623716043232,53.27819400191978
134.3455725486992,16.617362734699192
134.3549079369661,14.284527750143148
134.36424332523296,200.1543737455247
134.37357871349985,56.69878057519999
134.38291410176674,51.17953762809405
134.3922494900336,222.3929639268208
134.4015848783005,29.804594052329417
134.4109202665674,18.703472607775243
134.42025565483428,29.40987717905003
134.42959104310114,45.03031514365792
134.43892643136803,20.138594180665947
134.44826181963492,19.831665062432688
134.45759720790178,118.57592248272468
134.46693259616868,14.984389944324983
134.47626798443557,124.52142283459352
134.48560337270243,108.50291932328564
134.49493876096932,21.630013757285976
134.5042741492362,83.4692893736834
134.51360953750307,16.10435465085984
134.52294492576996,9.736632532277639
134.53228031403685,30.74498100571576
134.54161570230374,17.6051256828989
134.5509510905706,12.321897774959641
134.5602864788375,47.118154509702705
134.5696218671044,46.59999523588295
134.57895725537125,33.90695036731464
134.58829264363814,49.4197919779623
134.59762803190503,140.39031283219904
134.6069634201719,87.75873141100989
134.61629880843878,5.491678502134074
134.62563419670568,0.0019335399747156983
134.63496958497254,53.48426336682189
134.64430497323943,274.4468438037117
134.65364036150632,13.854382720274295
134.6629757497732,15.512017484281072
134.67231113804007,23.06416533673066
134.68164652630696,176.63666174293368
134.69098191457385,84.93216583302568
134.70031730284072,53.422731973998566
134.7096526911076,105.5782459266219
134.7189880793745,15.785495481592347
134.72832346764136,52.254430081136285
134.73765885590825,194.63086877050407
134.74699424417514,21.552772396797593
134.756329632442,9.162717720882027
134.7656650207089,81.25717138263707
134.77500040897579,48.863320750800376
134.78433579724268,13.302316488860301
134.79367118550954,14.787390530636564
134.80300657377643,52.34108482416645
134.81234196204332,34.00008532735182
134.82167735031018,27.499643081616078
134.83101273857707,19.704828010970495
134.84034812684396,15.9099545621204
134.84968351511083,4.272660342288904
134.85901890337772,14.287860071792373
134.8683542916446,3.6960091788296596
134.87768967991147,110.7029268388833
134.88702506817836,41.320291498564266
134.89636045644525,102.6332412078417
134.90569584471214,74.90565193392466
134.915031232979,26.93198082719853
134.9243666212459,26.72812449450699
134.93370200951279,5.975564423957382
134.94303739777965,3.7640817498518917
134.95237278604654,33.738741782279334
134.96170817431343,82.70184654865072
134.9710435625803,74.8849126555488
134.98037895084718,34.793439047149704
134.98971433911407,152.45012533038064
134.99904972738096,8.321030815854973
135.00838511564783,6.16360989112883
135.01772050391472,20.915500109891738
135.0270558921816,53.04066926313475
135.03639128044847,109.60390326124691
135.04572666871536,44.73451845740227
135.05506205698225,29.737934114433433
135.0643974452491,155.0146578385637
135.073732833516,13.747820495075986
135.0830682217829,59.03433529778872
135.09240361004976,238.04231970943437
135.10173899831665,2.7586134437714485
135.11107438658354,13.731349997161965
135.12040977485043,93.53500604019436
135.1297451631173,23.762209442869224
135.13908055138418,8.561302048423405
135.14841593965107,35.52280651805401
135.15775132791794,28.23382768265557
135.16708671618483,3.620920765694909
135.17642210445172,14.05356760293524
135.18575749271858,73.17082599143896
135.19509288098547,18.23636607512145
135.20442826925236,35.86137652306997
135.21376365751922,20.215226505414858
135.2230990457861,39.409125046569464
135.232434434053,22.842448250839414
135.2417698223199,13.540415724064708
135.25110521058676,70.439129615859
135.26044059885365,10.46988459259199
135.26977598712054,35.59934913589257
135.2791113753874,42.06246033720181
135.2884467636543,129.02560608389308
135.29778215192118,34.36022826009356
135.30711754018805,4.6374781295967455
135.31645292845494,45.695013128425586
135.32578831672183,86.60500050915003
135.3351237049887,44.46579090173351
135.34445909325558,81.86345491302728
135.35379448152247,100.12030449064255
135.36312986978936,75.00921529401523
135.37246525805622,96.58083034180348
135.38180064632311,60.93537573326208
135.39113603459,64.96186575120177
135.40047142285687,40.48916055175926
135.40980681112376,54.224772943479685
135.41914219939065,29.24105763039753
135.4284775876575,68.90569733973793
135.4378129759244,147.86322802819166
135.4471483641913,105.9723211223504
135.45648375245815,307.8370863652933
135.46581914072505,219.77777755559555
135.47515452899194,91.79650725401889
135.48448991725883,262.75124350786365
135.4938253055257,36.99682801697255
135.50316069379258,87.3550041435581
135.51249608205947,53.81324359547052
135.52183147032633,100.7222813327545
135.53116685859322,191.0388157168656
135.54050224686011,77.96161689068101
135.54983763512698,242.23559503250013
135.55917302339387,37.15784781710023
135.56850841166076,142.015548684788
135.57784379992765,69.08298272254018
135.5871791881945,25.58222723113851
135.5965145764614,140.0418837121652
135.6058499647283,37.759453674858136
135.61518535299516,44.74757992708515
135.62452074126205,22.53921412403391
135.63385612952894,66.34649447804199
135.6431915177958,40.48748252509817
135.6525269060627,25.19011113789666
135.66186229432958,6.732604566608146
135.67119768259644,5.565753101799321
135.68053307086333,42.110593559314886
135.68986845913022,16.761468467632508
135.69920384739711,124.17535110666205
135.70853923566398,92.79848323468431
135.71787462393087,12.12282239813199
135.72721001219776,95.4664856174902
135.73654540046462,11.077129801586635
135.7458807887315,74.65070336890336
135.7552161769984,37.77844142567129
135.76455156526526,14.262494553539023
135.77388695353216,212.03565251645117
135.78322234179905,4.9765450187798885
135.7925577300659,14.668885764765683
135.8018931183328,155.27796132167276
135.8112285065997,26.7118602290734
135.82056389486658,19.697672678974925
135.82989928313344,83.84745497649344
135.83923467140033,27.016156496043706
135.84857005966722,9.847628870441657
135.8579054479341,149.6264042149099
135.86724083620098,15.223917500013517
135.87657622446787,14.644641990776627
135.88591161273473,173.35490923098862
135.89524700100162,121.88077552022057
135.9045823892685,12.988575290916934
135.91391777753537,0.050150752191004365
135.92325316580227,366.67615472469436
135.93258855406916,47.34987496836788
135.94192394233605,23.03487833277028
135.9512593306029,32.915065731521196
135.9605947188698,178.17650473575688
135.9699301071367,157.68588706167856
135.97926549540355,31.61905483809938
135.98860088367044,47.310267793034484
135.99793627193733,11.81899813034678
136.0072716602042,16.164644776423533
136.0166070484711,23.63597729788931
136.02594243673798,75.27583058578236
136.03527782500484,13.373465246861418
136.04461321327173,100.3651833214691
136.05394860153862,67.6262303184947
136.0632839898055,64.26633584329664
136.07261937807237,111.9412205849302
136.08195476633927,105.87014892094281
136.09129015460616,171.95807247023532
136.10062554287302,55.067800729977044
136.1099609311399,212.59209144726213
136.1192963194068,111.13502497283591
136.12863170767366,255.21818189279387
136.13796709594055,388.69239481579683
136.14730248420744,139.51205589475094
136.15663787247433,220.85740535506883
136.1659732607412,155.78777486770142
136.1753086490081,29.521287082599812
136.18464403727498,32.80589932934257
136.19397942554184,14.426643681715358
136.20331481380873,11.365051754571414
136.21265020207562,4.826547766043446
136.22198559034248,17.572977240964242
136.23132097860938,11.84497222677364
136.24065636687627,3.0374200482152522
136.24999175514313,101.03092449975526
136.25932714341002,38.284464559766164
136.2686625316769,17.3111607636311
136.2779979199438,90.01072996895726
136.28733330821066,5.687485931042465
136.29666869647755,49.15810344837522
136.30600408474444,10.902556610033724
136.3153394730113,189.59894111540848
136.3246748612782,175.2444690201588
136.3340102495451,56.4650660163337
136.34334563781195,96.65115896554671
136.35268102607884,48.37883266717577
136.36201641434573,31.545416411613918
136.3713518026126,57.515577644063015
136.38068719087948,3.4281691251546773
136.39002257914638,11.229590159975974
136.39935796741327,113.47928324660529
136.40869335568013,53.636336462402205
136.41802874394702,4.07005472142972
136.4273641322139,48.661387725875386
136.43669952048077,173.6072247375229
136.44603490874766,93.02691276858349
136.45537029701455,31.897870047498923
136.46470568528142,184.93961857588704
136.4740410735483,11.909660354817742
136.4833764618152,55.48645957431366
136.49271185008206,1.1917178296194302
136.50204723834895,18.34273771213322
136.51138262661584,10.267806361158256
136.52071801488273,3.288676547914745
136.5300534031496,29.98569632791648
136.53938879141648,18.836978914630606
136.54872417968338,18.488769925032845
136.55805956795024,46.104408266616154
136.56739495621713,32.86816278956836
136.57673034448402,73.17912766202649
136.58606573275088,54.68169824985995
136.59540112101777,211.70640874810866
136.60473650928466,96.82563533855071
136.61407189755155,9.525737694885642
136.62340728581842,68.90426164315261
136.6327426740853,6.257707384969482
136.6420780623522,48.652437853114805
136.65141345061906,8.564079968193766
136.66074883888595,5.202192210902342
136.67008422715284,0.7612308617411102
136.6794196154197,40.18735008716455
136.6887550036866,61.24021664252797
136.69809039195349,17.27759424200734
136.70742578022035,61.11851689045166
136.71676116848724,102.93755920712528
136.72609655675413,11.039557268972528
136.73543194502102,1.332026197379429
136.74476733328788,10.088698205394868
136.75410272155477,54.975276042770204
136.76343810982166,13.671181382732604
136.77277349808853,16.59658396458082
136.78210888635542,4.500159632802312
136.7914442746223,2.2358231574992544
136.80077966288917,16.352331069681714
136.81011505115606,13.107662932663338
136.81945043942295,46.14416288028405
136.8287858276898,26.91413632893611
136.8381212159567,35.89513277208737
136.8474566042236,22.748622143056064
136.85679199249049,99.45946627581687
136.86612738075735,4.53614582930133
136.87546276902424,10.610876421098762
136.88479815729113,136.98223319266052
136.894133545558,0.23619606860233988
136.90346893382488,19.74018698964826
136.91280432209177,62.44445074716712
136.92213971035864,45.55894197110777
136.93147509862553,9.475143189994377
136.94081048689242,11.041437798102452
136.95014587515928,124.40511365741675
136.95948126342617,1.146950114085696
136.96881665169306,7.842739842908267
136.97815203995995,9.88106151615819
136.9874874282268,45.08986637155099
136.9968228164937,61.20024111287776
137.0061582047606,59.59853427954559
137.01549359302746,50.9475002799876
137.02482898129435,138.97854612402583
137.03416436956124,53.97701868644587
137.0434997578281,40.788735368331245
137.052835146095,54.83410168114235
137.06217053436188,20.84998643791386
137.07150592262875,17.54860518096426
137.08084131089564,13.25595097271723
137.09017669916253,18.135528965593192
137.09951208742942,5.864228802775723
137.10884747569628,0.6647550305623041
137.11818286396317,11.188594864899152
137.12751825223006,20.415588035881658
137.13685364049692,32.76212137666793
137.1461890287638,38.24675492638841
137.1555244170307,5.3803384032266175
137.16485980529757,23.1634240383246
137.17419519356446,100.58587845013314
137.18353058183135,125.7748756908294
137.19286597009824,103.39484266580176
137.2022013583651,51.10510721838576
137.211536746632,143.52756618360203
137.22087213489888,13.978654941543448
137.23020752316575,34.05572093912112
137.23954291143264,101.5613482265905
137.24887829969953,130.30959560195026
137.2582136879664,76.95242375387771
137.26754907623328,57.451306481226396
137.27688446450017,340.34020316519207
137.28621985276703,15.591454413550833
137.29555524103392,64.25569583075209
137.30489062930081,37.72998868295785
137.3142260175677,97.65350387657486
137.32356140583457,70.349342732139
137.33289679410146,186.71699790492414
137.34223218236835,339.62988625041504
137.3515675706352,197.1846617827148
137.3609029589021,313.42528616526084
137.370238347169,134.32105454047007
137.37957373543586,8.84516727063316
137.38890912370275,90.34445123251453
137.39824451196964,181.98890576880473
137.4075799002365,128.82503740890334
137.4169152885034,51.290411452505175
137.42625067677028,235.70295279681037
137.43558606503717,28.951117674425664
137.44492145330403,20.305239454458114
137.45425684157092,193.078283849125
137.46359222983781,40.7225480192626
137.47292761810468,57.243913010171156
137.48226300637157,46.490857439087655
137.49159839463846,11.342554665280625
137.50093378290532,11.469185217730757
137.5102691711722,13.052733442633059
137.5196045594391,10.085197102865612
137.52893994770596,29.408997720704658
137.53827533597286,14.231264816693763
137.54761072423975,92.73873967439323
137.55694611250664,41.313077301322274
137.5662815007735,26.564307752167117
137.5756168890404,18.218022893007376
137.58495227730728,40.33303925641288
137.59428766557414,20.830957474049992
137.60362305384103,48.98636579036359
137.61295844210792,8.828962821143238
137.6222938303748,25.01158678400367
137.63162921864168,54.627614892809824
137.64096460690857,1.292817315746103
137.65029999517543,28.934062716418513
137.65963538344232,78.11704932591819
137.6689707717092,5.505847752564846
137.6783061599761,5.006645298443894
137.68764154824296,18.65380041669673
137.69697693650986,26.838287808613646
137.70631232477675,45.32741760495244
137.7156477130436,37.64433812436488
137.7249831013105,13.763580271217217
137.7343184895774,13.383567015311627
137.74365387784425,34.39853571267969
137.75298926611114,33.09931189825357
137.76232465437803,28.304754227800586
137.77166004264492,5.591948493674096
137.7809954309118,34.40572543798848
137.79033081917868,164.72385191944528
137.79966620744557,39.76440636090756
137.80900159571243,148.5582883598034
137.81833698397932,43.40713980719492
137.8276723722462,5.690632124076617
137.83700776051307,64.70886308523568
137.84634314877997,89.48988636854754
137.85567853704686,53.4007367742103
137.86501392531372,124.42882208199119
137.8743493135806,17.659401299848415
137.8836847018475,4.573236484410299
137.8930200901144,31.675077069157958
137.90235547838125,22.007399635413158
137.91169086664814,49.67450647581127
137.92102625491503,26.35784390424562
137.9303616431819,75.49132458391318
137.9396970314488,0.12211600050612487
137.94903241971568,33.633681320709734
137.95836780798254,46.34614087151759
137.96770319624943,102.33392975504768
137.97703858451632,40.86052588265103
137.98637397278318,35.299286067030046
137.99570936105007,19.721343235607645
138.00504474931697,69.3466599616506
138.01438013758386,6.157052176718095
138.02371552585072,11.983553856854485
138.0330509141176,146.9712866898811
138.0423863023845,41.88675320793662
138.05172169065136,82.7832864607533
138.06105707891825,117.1562433387306
138.07039246718514,133.28298016191238
138.079727855452,234.84163059342848
138.0890632437189,24.958715446505916
138.0983986319858,15.424847192578977
138.10773402025265,97.47219871407643
138.11706940851954,128.1740906645816
138.12640479678643,147.6617515998258
138.13574018505332,171.28878137323025
138.14507557332018,52.710311604659466
138.15441096158708,51.341404145020235
138.16374634985397,48.31523788004105
138.17308173812083,298.503277525251
138.18241712638772,179.03478456619231
138.1917525146546,81.05962077845801
138.20108790292147,42.2966719707591
138.21042329118836,7.850820182455131
138.21975867945525,55.589255760857945
138.22909406772212,66.78281768172212
138.238429455989,55.86465336138038
138.2477648442559,60.17403588462555
138.2571002325228,96.83263672360646
138.26643562078965,80.94687019641991
138.27577100905654,10.182813144360683
138.28510639732343,63.97522660133458
138.2944417855903,3.6778549926860005
138.30377717385718,72.61407560965168
138.31311256212408,7.392072329168656
138.32244795039094,57.239801713798606
138.33178333865783,35.433153899416325
138.34111872692472,133.8986492767366
138.3504541151916,111.29852868193903
138.35978950345847,98.10150680587653
138.36912489172536,50.98111977281149
138.37846027999225,9.958346209454005
138.38779566825912,3.8057075072734734
138.397131056526,81.03530306452889
138.4064664447929,126.47187699791115
138.41580183305976,245.8464785060412
138.42513722132665,130.5601795315315
138.43447260959354,347.08962183622907
138.4438079978604,58.22384656822282
138.4531433861273,0.7156787543193063
138.46247877439419,214.85417209692096
138.47181416266108,314.7690204067152
138.48114955092794,73.36814480125214
138.49048493919483,111.99005609659098
138.49982032746172,9.227499304585074
138.50915571572858,114.33136530905844
138.51849110399547,92.46124312672114
138.52782649226236,45.98520451684867
138.53716188052923,145.57904640029517
138.54649726879612,111.55940279079758
138.555832657063,1.6534710777869914
138.56516804532987,54.2980057347886
138.57450343359676,40.43761014907998
138.58383882186365,27.317875847429164
138.59317421013054,35.37029592925016
138.6025095983974,0.25761989332366836
138.6118449866643,46.437950604027954
138.62118037493119,19.536014328192806
138.63051576319805,47.21927408090744
138.63985115146494,39.21496351134866
138.64918653973183,22.88149014310245
138.6585219279987,64.09299401959274
138.66785731626558,6.713599735130898
138.67719270453247,83.64998291492748
138.68652809279934,4.157162176503462
138.69586348106623,42.55243799970666
138.70519886933312,51.75030817084375
138.7145342576,27.956734258074764
138.72386964586687,24.487168430351083
138.73320503413376,156.01418060374598
138.74254042240065,20.941772294256737
138.7518758106675,53.81440484554604
138.7612111989344,24.899371513853893
138.7705465872013,11.011430481003995
138.77988197546816,61.2298491187862
138.78921736373505,46.866861301911634
138.79855275200194,51.585384251123635
138.8078881402688,52.53979815387744
138.8172235285357,29.407296835908095
138.82655891680258,84.99390289895867
138.83589430506947,16.243883019846756
138.84522969333634,7.377220475145833
138.85456508160323,87.08129422035843
138.86390046987012,44.2773150511633
138.87323585813698,92.1893174927439
138.88257124640387,3.073198087374612
138.89190663467076,142.67439546251825
138.90124202293762,38.16474455452552
138.9105774112045,8.93823572394901
138.9199127994714,69.06324418334864
138.9292481877383,125.9041133224983
138.93858357600516,14.289995771931942
138.94791896427205,66.33021117369879
138.95725435253894,14.63962630623504
138.9665897408058,36.42866607798408
138.9759251290727,21.303519408737035
138.98526051733958,11.065911602451282
138.99459590560645,33.51936583289461
139.00393129387334,19.563551746354328
139.01326668214023,18.94479967233578
139.0226020704071,3.6081763774875215
139.03193745867398,20.809072762360632
139.04127284694087,6.729354264508256
139.05060823520776,4.191985797721553
139.05994362347462,9.480364110890816
139.06927901174151,5.2290094900380195
139.0786144000084,32.17971847821854
139.08794978827527,19.334085250338834
139.09728517654216,21.308455296400762
139.10662056480905,57.82934170212809
139.1159559530759,74.80012966068283
139.1252913413428,5.519378773619814
139.1346267296097,22.794790222741657
139.14396211787655,9.908479517776174
139.15329750614345,52.120110299652424
139.16263289441034,143.13303826036466
139.17196828267723,10.387965586204151
139.1813036709441,4.147173807966953
139.19063905921098,41.37108768028786
139.19997444747787,54.19467829898451
139.20930983574473,85.43837760848034
139.21864522401162,64.41953281670136
139.22798061227851,73.97405628616133
139.23731600054538,66.06124275138458
139.24665138881227,65.89501498188106
139.25598677707916,23.167987732384795
139.26532216534602,45.958324382763514
139.2746575536129,74.16960494811751
139.2839929418798,3.1082272249388017
139.2933283301467,13.809834923986715
139.30266371841356,82.23832312230797
139.31199910668045,60.49122845946692
139.32133449494734,0.9652867963247889
139.3306698832142,34.693722397931616
139.3400052714811,14.80026298660784
139.34934065974798,70.0000460523156
139.35867604801484,110.94844300665535
139.36801143628173,66.537225150216
139.37734682454862,32.37737400913174
139.38668221281551,35.52483291695825
139.39601760108238,31.274406910009997
139.40535298934927,16.678437037593326
139.41468837761616,9.427338638982269
139.42402376588302,55.79995598934762
139.4333591541499,0.11057642396834523
139.4426945424168,2.926451539819233
139.45202993068366,34.97230695025386
139.46136531895056,23.345330554080263
139.47070070721745,61.83575818271621
139.4800360954843,54.90440944948621
139.4893714837512,3.540609853486085
139.4987068720181,102.28773731881438
139.50804226028498,34.213237383615564
139.51737764855184,15.189832019392837
139.52671303681873,252.6157510716788
139.53604842508562,37.53859610167191
139.5453838133525,73.51877503831454
139.55471920161938,262.2816678943851
139.56405458988627,3.051410486164435
139.57338997815313,42.57241324989482
139.58272536642002,79.8357635643415
139.5920607546869,95.92167343654685
139.60139614295377,20.163956649191686
139.61073153122067,7.142133595693713
139.62006691948756,125.71610966881799
139.62940230775445,62.07268660064962
139.6387376960213,66.26524535305148
139.6480730842882,74.76958542052063
139.6574084725551,85.24771952953927
139.66674386082195,36.231760717480114
139.67607924908884,3.1269201207514725
139.68541463735573,81.55643236903896
139.6947500256226,25.08497114951947
139.7040854138895,3.5998970581497285
139.71342080215638,16.342225853604777
139.72275619042324,239.54538112689036
139.73209157869013,29.011783586028493
139.74142696695702,104.01893878190062
139.7507623552239,40.79778548199176
139.76009774349077,77.09959171056636
139.76943313175767,4.435069378598352
139.77876852002456,43.89171162342761
139.78810390829142,157.79100832990704
139.7974392965583,8.71741410436915
139.8067746848252,4.855769099968098
139.81611007309206,6.8906312764773565
139.82544546135895,67.10906613567214
139.83478084962584,146.33755171708967
139.8441162378927,19.93094136493928
139.8534516261596,71.7244149107902
139.8627870144265,63.122657942550006
139.87212240269338,115.13105610539962
139.88145779096024,3.155969629671328
139.89079317922713,29.230368870115296
139.90012856749402,135.0265139493896
139.90946395576088,31.532652819873654
139.91879934402778,41.520491061628704
139.92813473229467,116.40485173842089
139.93747012056153,34.59856110701614
139.94680550882842,25.42047631346711
139.9561408970953,41.479643023175555
139.9654762853622,178.93104061498548
139.97481167362906,34.19746672518215
139.98414706189595,9.495213269583012
139.99348245016284,10.016194541221152
140.0028178384297,193.95412345977354
140.0121532266966,85.41306435134503
140.0214886149635,53.0589563727353
140.03082400323035,132.79690317185344
140.04015939149724,12.550995813224018
140.04949477976413,4.323746282574669
140.058830168031,168.82110013362558
140.06816555629788,133.64875760477736
140.07750094456478,110.81492044596183
140.08683633283167,326.98585417821005
140.09617172109853,64.9960185027198
140.10550710936542,2.8971504146378857
140.1148424976323,81.88847855796894
140.12417788589917,33.575530636179714
140.13351327416606,50.32870477716309
140.14284866243295,19.63048243191746
140.15218405069982,4.378699152565736
140.1615194389667,30.335030723431682
140.1708548272336,32.26017171042673
140.18019021550046,18.90319186872391
140.18952560376735,39.618753470423684
140.19886099203424,49.81590628155169
140.20819638030113,7.541849148129331
140.217531768568,4.880608907018634
140.22686715683489,22.3938041511131
140.23620254510178,20.150328589248918
140.24553793336864,17.970977804319297
140.25487332163553,14.146734447336707
140.26420870990242,0.8759096069736
140.27354409816928,4.413310641628753
140.28287948643617,46.7657727754729
140.29221487470306,23.586431881821696
140.30155026296993,30.16390102396477
140.31088565123682,31.71318648233945
140.3202210395037,7.380824199409404
140.3295564277706,66.07766544263042
140.33889181603746,27.157472532674028
140.34822720430435,2.3035065286545393
140.35756259257124,17.545269687098294
140.3668979808381,110.65011959429762
140.376233369105,1.1406015007000192
140.38556875737189,6.826449702191336
140.39490414563875,182.9307753635713
140.40423953390564,94.8972408795353
140.41357492217253,53.467397068791456
140.4229103104394,211.51065268492835
140.43224569870628,32.89160301157114
140.44158108697317,204.39944811518967
140.45091647524006,57.81227163495655
140.46025186350693,110.73666531081484
140.46958725177382,26.26238094999902
140.4789226400407,116.48095078420207
140.48825802830757,111.21501208913509
140.49759341657446,43.646313582035305
140.50692880484135,11.973636492545484
140.5162641931082,28.758092011982242
140.5255995813751,130.2173941989606
140.534934969642,70.12742915584958
140.54427035790889,10.040707042754
140.55360574617575,101.69457265234081
140.56294113444264,6.8916157159387135
140.57227652270953,123.23233178953276
140.5816119109764,100.66469511532996
140.59094729924328,25.175700369729
140.60028268751017,47.95595294521352
140.60961807577704,21.520146168013856
140.61895346404393,31.20106953137645
140.62828885231082,39.54810438261632
140.63762424057768,47.752338894580994
140.64695962884457,3.4513055495078198
140.65629501711146,69.10688834884853
140.66563040537835,38.93316975505969
140.6749657936452,1.0772435848292892
140.6843011819121,19.044755733324163
140.693636570179,1.620862122446352
140.70297195844586,51.86447549207939
140.71230734671275,46.288218495242965
140.72164273497964,28.457256810344738
140.7309781232465,48.928151689682096
140.7403135115134,12.858800058293038
140.74964889978028,64.44048667490325
140.75898428804715,1.770707165109422
140.76831967631404,0.9132470830668488
140.77765506458093,46.34124105576432
140.78699045284782,50.8634903507554
140.79632584111468,5.988608726764825
140.80566122938157,9.476050715929953
140.81499661764846,93.49682130145082
140.82433200591532,50.64237215461529
140.8336673941822,38.50266178242766
140.8430027824491,51.00080675801625
140.85233817071597,48.914030995569426
140.86167355898286,240.2878868979511
140.87100894724975,47.57869275256659
140.8803443355166,116.543365661332
140.8896797237835,124.64412354324553
140.8990151120504,25.31578446006576
140.90835050031728,0.13608297655273366
140.91768588858415,267.2602301473387
140.92702127685104,26.200207574788735
140.93635666511793,23.941440093453952
140.9456920533848,116.2525313872695
140.95502744165168,4.49949211579116
140.96436282991857,31.225750128467045
140.97369821818543,40.90988701074262
140.98303360645232,1.3877789318417
140.99236899471921,22.661109834897548
141.00170438298608,29.02164306047482
141.01103977125297,5.4091056728866675
141.02037515951986,27.17086063282816
141.02971054778675,3.490384726884998
141.0390459360536,28.034206524788008
141.0483813243205,25.954173403588655
141.0577167125874,10.761975682326247
141.06705210085426,22.496465732324854
141.07638748912115,5.094294202852098
141.08572287738804,100.52061385690564
141.0950582656549,55.16721629804767
141.1043936539218,9.944528242772773
141.11372904218868,0.8500467662763077
141.12306443045557,54.53772309733263
141.13239981872243,127.79309503921144
141.14173520698932,66.644688275101
141.15107059525621,12.116924494983927
141.16040598352308,10.498648367179914
141.16974137178997,26.294699805692286
141.17907676005686,30.562514729288385
141.18841214832372,33.84620437752516
141.1977475365906,20.56395655969905
141.2070829248575,39.31369839048116
141.21641831312436,73.4321496816974
141.22575370139126,61.31440823910871
141.23508908965815,37.12604311553895
141.24442447792504,10.949165638092778
141.2537598661919,62.44375630390684
141.2630952544588,115.63346407291048
141.27243064272568,73.13204658263567
141.28176603099254,2.1935589889845466
141.29110141925943,5.304640573981251
141.30043680752632,26.070674054166698
141.3097721957932,38.8936466973191
141.31910758406008,32.259102303625745
141.32844297232697,5.39931338548849
141.33777836059383,23.49681116900698
141.34711374886072,10.630294554524705
141.3564491371276,9.002103856316385
141.3657845253945,20.62504858438494
141.37511991366136,92.29986086355224
141.38445530192826,42.06498138556624
141.39379069019515,107.36715324647025
141.403126078462,98.7280020837069
141.4124614667289,26.577830786898062
141.4217968549958,29.631073617963985
141.43113224326265,110.56481528474666
141.44046763152954,18.25703036450173
141.44980301979643,61.447601504084375
141.4591384080633,90.7622558219782
141.4684737963302,236.25475536525636
141.47780918459708,138.68665689921608
141.48714457286397,22.455332401651457
141.49647996113083,169.22674252725625
141.50581534939772,7.383153786805245
141.5151507376646,160.13590972364082
141.52448612593147,32.5497007312726
141.53382151419837,44.90143315314162
141.54315690246526,16.176129861803297
141.55249229073212,127.96945218625089
141.561827678999,6.887607797167278
141.5711630672659,24.028001558995012
141.58049845553276,31.89808470318281
141.58983384379965,74.04305705447025
141.59916923206654,3.265023802227761
141.60850462033343,32.45635653758677
141.6178400086003,83.62337272298635
141.6271753968672,59.40991773487944
141.63651078513408,16.073412676133277
141.64584617340094,80.9715540885697
141.65518156166783,74.47487353298777
141.66451694993472,10.15568964761349
141.67385233820158,10.950217950868213
141.68318772646847,210.25172542223135
141.69252311473537,11.04019332905292
141.70185850300226,30.85613774194382
141.71119389126912,27.723577307612253
141.720529279536,5.591520820387577
141.7298646678029,34.415747879668636
141.73920005606976,33.88307139266022
141.74853544433665,45.3527845150497
141.75787083260354,45.61527380841859
141.7672062208704,111.30897837699852
141.7765416091373,17.212734644702692
141.7858769974042,7.340563988181867
141.79521238567105,8.0901704105011
141.80454777393794,205.97194875227143
141.81388316220483,2.4238620711438337
141.82321855047172,2.4269883529890834
141.83255393873858,97.43227762031283
141.84188932700548,52.4563066036019
141.85122471527237,45.64601426210075
141.86056010353923,75.2727011733563
141.86989549180612,33.42800959712128
141.879230880073,17.12811326946071
141.88856626833987,2.075443307674407
141.89790165660676,42.24489758435451
141.90723704487365,178.20160523499644
141.91657243314052,56.51929913819959
141.9259078214074,13.171943070725685
141.9352432096743,331.29852272417264
141.9445785979412,35.58078990152836
141.95391398620805,46.80155714402516
141.96324937447494,386.4451180190891
141.97258476274183,12.3567440450675
141.9819201510087,14.18353113070808
141.99125553927558,45.07303387495452
142.00059092754248,111.79787508569542
142.00992631580934,34.10236889840504
142.01926170407623,14.256049369608133
142.02859709234312,68.81712510920126
142.03793248060998,0.8527405954710183
142.04726786887687,5.825058759620187
142.05660325714376,49.43549840099251
142.06593864541065,37.61101834229266
142.07527403367752,29.468259795260355
142.0846094219444,74.2545886823494
142.0939448102113,100.86350523152815
142.10328019847816,19.513495063714952
142.11261558674505,18.966883433775948
142.12195097501194,65.08407562042113
142.1312863632788,32.824889849101
142.1406217515457,18.507350685400198
142.14995713981259,102.32018560457003
142.15929252807948,32.85949075653543
142.16862791634634,15.598323639399538
142.17796330461323,45.549887395740505
142.18729869288012,135.69468264299604
142.19663408114698,175.4533767622544
142.20596946941387,92.3510731778183
142.21530485768076,46.273744454255
142.22464024594763,239.37359890469142
142.23397563421452,81.24250982573626
142.2433110224814,4.4939614644196
142.25264641074827,39.96814303101031
142.26198179901516,69.5403800823657
142.27131718728205,16.92803511045485
142.28065257554894,49.774663509884725
142.2899879638158,47.3890835441641
142.2993233520827,65.74189526413689
142.30865874034959,49.926862768713455
142.31799412861645,35.085187272208096
142.32732951688334,102.90230745272827
142.33666490515023,14.711628300611157
142.3460002934171,15.331319233319705
142.35533568168398,181.03568541498586
142.36467106995087,20.293482608023073
142.37400645821774,24.568294861040542
142.38334184648463,281.59725299979596
142.39267723475152,6.669271455486987
142.4020126230184,10.768523331515135
142.41134801128527,64.96844370222647
142.42068339955216,81.05567494749145
142.43001878781905,41.721550287000106
142.4393541760859,50.42629222301241
142.4486895643528,103.54163846736176
142.4580249526197,57.47801206833769
142.46736034088656,67.89250285079193
142.47669572915345,13.69402790633265
142.48603111742034,12.635400017733787
142.4953665056872,162.4611315708659
142.5047018939541,10.448093030470343
142.51403728222098,10.87623602977617
142.52337267048787,92.33073294888335
142.53270805875474,63.97335504577086
142.54204344702163,7.357099747212182
142.55137883528852,81.35090925743957
142.56071422355538,48.07340355708235
142.57004961182227,26.84295368360263
142.57938500008916,81.0169414630752
142.58872038835602,1.9452905469294448
142.5980557766229,138.26067022299347
142.6073911648898,63.02847433440001
142.61672655315667,18.795581969515574
142.62606194142356,55.12625329703842
142.63539732969045,39.94294248188663
142.64473271795734,16.962326657943226
142.6540681062242,11.089114153739242
142.6634034944911,25.017448782956105
142.67273888275798,33.7534099767451
142.68207427102485,5.097002728768903
142.69140965929174,119.3257969902611
142.70074504755863,24.047984090857376
142.7100804358255,9.804155858453013
142.71941582409238,168.33972704140967
142.72875121235927,15.45710728392387
142.73808660062616,154.88200633905277
142.74742198889302,549.5117404715315
142.75675737715991,21.280068866634398
142.7660927654268,210.48103658116116
142.77542815369367,196.6782932058149
142.78476354196056,106.03558897571574
142.79409893022745,84.94680246744711
142.8034343184943,317.36484005732706
142.8127697067612,276.5607680954278
142.8221050950281,269.15072245345874
142.83144048329495,288.4786653230549
142.84077587156185,25.511899771602355
142.85011125982874,165.99584361520868
142.85944664809563,42.20003762972723
142.8687820363625,182.1118327153628
142.87811742462938,16.86355888259331
142.88745281289627,27.536095237755656
142.89678820116313,7.372701541894565
142.90612358943002,62.700939351276055
142.91545897769691,72.59193553047673
142.92479436596378,159.57956577170046
142.93412975423067,148.4512542278874
142.94346514249756,73.83102015033907
142.95280053076442,2.242218330912935
142.9621359190313,18.763259415064393
142.9714713072982,39.15785728018097
142.9808066955651,64.06107312804798
142.99014208383196,67.30920981901242
142.99947747209885,62.30384008437066
143.00881286036574,13.515100049966536
143.0181482486326,4.153769086356891
143.0274836368995,120.51268391100115
143.03681902516638,113.7514645164097
143.04615441343324,59.953705872038825
143.05548980170013,121.81515394137907
143.06482518996702,13.089560711716784
143.0741605782339,2.544522671109057
143.08349596650078,11.542927041458105
143.09283135476767,1.3648145447285465
143.10216674303456,1.6065703822890343
143.11150213130142,31.55567017835525
143.1208375195683,15.579493596051394
143.1301729078352,21.962734002898497
143.13950829610206,22.361034218015558
143.14884368436896,18.332167981754985
143.15817907263585,105.41694852879544
143.1675144609027,24.5753060834749
143.1768498491696,76.04761631155067
143.1861852374365,162.8484752692576
143.19552062570335,37.794998438591115
143.20485601397024,318.23691193339187
143.21419140223713,204.24604798263448
143.22352679050402,1.4360745395248609
143.2328621787709,26.64077476099913
143.24219756703778,5.5532255230737375
143.25153295530467,86.04470540757633
143.26086834357153,27.949560443196017
143.27020373183842,16.94476511947217
143.2795391201053,10.112584536455257
143.28887450837217,29.4431476422591
143.29820989663907,31.441039243738107
143.30754528490596,7.701778623314423
143.31688067317285,7.316099032473965
143.3262160614397,12.388278755406951
143.3355514497066,9.035647959972561
143.3448868379735,9.845206292013996
143.35422222624035,22.502410073381597
143.36355761450724,15.92722480538884
143.37289300277413,13.872454019308709
143.382228391041,69.74900697058214
143.3915637793079,59.56307721628903
143.40089916757478,62.64637139886692
143.41023455584164,74.81026220267022
143.41956994410853,53.48307516964042
143.42890533237542,24.689612746669354
143.4382407206423,81.25829169626502
143.44757610890917,35.933811805821406
143.45691149717607,31.756660024935364
143.46624688544296,279.80968205900325
143.47558227370982,132.0339800810676
143.4849176619767,132.73477056922732
143.4942530502436,394.8988551834783
143.50358843851046,95.45496738507337
143.51292382677735,57.55098657770674
143.52225921504424,114.2681676016368
143.5315946033111,148.25868277006163
143.540929991578,48.572156604767336
143.5502653798449,36.13186574504535
143.55960076811178,11.264349778231837
143.56893615637864,35.82267750748506
143.57827154464553,8.050685419806651
143.58760693291242,25.155622966597072
143.59694232117928,163.2742049277318
143.60627770944618,38.69500067119663
143.61561309771307,281.90106415146954
143.62494848597993,58.068097976370154
143.63428387424682,48.850213974504555
143.6436192625137,32.035216161989
143.65295465078057,175.89654061779325
143.66229003904746,73.38893828900714
143.67162542731435,67.2264160059169
143.68096081558124,59.14776065193355
143.6902962038481,175.38150303766295
143.699631592115,119.74109202608943
143.7089669803819,78.79799494706897
143.71830236864875,87.10921101919534
143.72763775691564,35.953793814898454
143.73697314518253,2.0377943868593666
143.7463085334494,3.1774041981528414
143.75564392171628,32.739074278557425
143.76497930998318,2.3898668142014747
143.77431469825004,60.066818044866054
143.78365008651693,26.4620206323431
143.79298547478382,17.217477355036173
143.8023208630507,93.79867463845824
143.81165625131757,44.26897218016977
143.82099163958446,22.330445590235996
143.83032702785135,254.3204488610663
143.83966241611822,228.1546837458779
143.8489978043851,109.81465507775701
143.858333192652,203.52774973051024
143.86766858091886,459.43617291484344
143.87700396918575,27.114277446398187
143.88633935745264,1.854336093955011
143.89567474571953,65.73293256865678
143.9050101339864,84.69123316398594
143.91434552225329,12.295849178362069
143.92368091052018,42.48927524294346
143.93301629878704,135.37480496157363
143.94235168705393,2.796616121230612
143.95168707532082,74.49529390230438
143.96102246358768,224.1827656961527
143.97035785185457,1.9003573864844294
143.97969324012146,117.50826471396705
143.98902862838833,201.0388933079708
143.99836401665522,109.82554890030673
144.0076994049221,47.38434609070726
144.017034793189,31.53925266663165
144.02637018145586,182.71338870040677
144.03570556972275,53.44801762736789
144.04504095798964,3.707734455964846
144.0543763462565,3.494653003863735
144.0637117345234,114.96436617966147
144.07304712279029,0.21378693034508983
144.08238251105715,8.414109461202917
144.09171789932404,31.748933783711898
144.10105328759093,1.7268131965017592
144.1103886758578,42.054932514210016
144.11972406412468,17.990732766705506
144.12905945239157,68.38541763007373
144.13839484065846,21.47727277480425
144.14773022892533,154.80232935437738
144.15706561719222,2.0526524857932555
144.1664010054591,47.006476174275114
144.17573639372597,63.66022760351883
144.18507178199286,167.3437342360286
144.19440717025975,63.516576977142435
144.2037425585266,4.382457307027249
144.2130779467935,97.49123887884771
144.2224133350604,28.98051826067868
144.23174872332726,10.804978587151895
144.24108411159415,87.59696660898325
144.25041949986104,53.94020793366688
144.25975488812793,38.434600515684174
144.2690902763948,17.47486761641646
144.27842566466168,23.31698056040478
144.28776105292857,15.092485862602521
144.29709644119544,7.371852024592169
144.30643182946233,15.289765698750463
144.31576721772922,69.36153722628438
144.32510260599608,57.46089729426014
144.33443799426297,23.591558582091178
144.34377338252986,165.98107580773913
144.35310877079672,71.98079104596394
144.3624441590636,20.193795251333576
144.3717795473305,150.99032619789088
144.3811149355974,48.339134624570605
144.39045032386426,23.504018977928176
144.39978571213115,116.80078437355985
144.40912110039804,95.73854209631754
144.4184564886649,131.5434912252696
144.4277918769318,6.075980215124295
144.43712726519868,49.17326392872799
144.44646265346555,50.90459188900988
144.45579804173244,114.76905544580198
144.46513342999933,7.511486224660289
144.47446881826622,7.2672610527963695
144.48380420653308,16.825295455202504
144.49313959479997,38.415785146520676
144.50247498306686,47.1169493930329
144.51181037133372,24.99907893122479
144.5211457596006,43.974827320213265
144.5304811478675,22.675435938127183
144.53981653613437,1.7892569746034945
144.54915192440126,0.7103993868283858
144.55848731266815,9.058117069742815
144.567822700935,41.40317270675277
144.5771580892019,5.301921089995794
144.5864934774688,31.054745077758533
144.59582886573568,31.828921134887658
144.60516425400255,3.2213532902882416
144.61449964226944,31.41952616258284
144.62383503053633,6.728604887605815
144.6331704188032,55.24031415828719
144.64250580707008,1.4677631982195865
144.65184119533697,72.7565721553208
144.66117658360383,27.67845397246199
144.67051197187072,5.319288361644941
144.67984736013761,84.98695037516173
144.68918274840448,54.308925439085705
144.69851813667137,64.61896240037521
144.70785352493826,243.8282119553211
144.71718891320515,40.40007079680684
144.726524301472,33.982309525238776
144.7358596897389,18.046715320732016
144.7451950780058,34.380813703255896
144.75453046627266,79.02971520836556
144.76386585453955,6.093468495083684
144.77320124280644,40.64413880723802
144.7825366310733,155.77600445211027
144.7918720193402,118.0730955095235
144.80120740760708,32.344948391785216
144.81054279587394,76.45244639829188
144.81987818414083,60.63716763610014
144.82921357240772,125.75310025067448
144.83854896067461,51.49601918498064
144.84788434894148,41.48237158544808
144.85721973720837,75.25769376173746
144.86655512547526,67.30144759408515
144.87589051374212,35.83290580513923
144.885225902009,81.10955164829276
144.8945612902759,106.35961330957376
144.90389667854276,57.19671865963457
144.91323206680966,137.62990477998753
144.92256745507655,230.0323801016954
144.93190284334344,15.413972392929333
144.9412382316103,7.18844854197736
144.9505736198772,0.04311198001527777
144.95990900814408,122.83523860674327
144.96924439641094,84.08456346575096
144.97857978467783,10.726341434331044
144.98791517294472,119.89701918734305
144.9972505612116,4.60390288250172
145.00658594947848,42.29103136035505
145.01592133774537,192.6884942541308
145.02525672601223,17.104572709354105
145.03459211427912,23.789688612605886
145.043927502546,33.00687545700939
145.0532628908129,119.87653791749568
145.06259827907977,12.93115787939781
145.07193366734666,16.14013041757205
145.08126905561355,59.022043753338465
145.0906044438804,64.23281794622731
145.0999398321473,2.4972695144146253
145.1092752204142,11.396332298067048
145.11861060868105,119.18059997726567
145.12794599694794,7.208852217815549
145.13728138521483,20.367997895454476
145.1466167734817,3.133660751608345
145.1559521617486,72.92086130170047
145.16528755001548,6.429956412281188
145.17462293828237,3.64914614033163
145.18395832654923,19.856254590620033
145.19329371481612,31.8368613915903
145.202629103083,10.733024459075674
145.21196449134987,38.15337017000429
145.22129987961677,23.89445189089001
145.23063526788366,26.881865834622015
145.23997065615052,254.38364726080212
145.2493060444174,49.611543319458335
145.2586414326843,115.46377238270108
145.26797682095116,266.5076632361669
145.27731220921805,40.502047195625416
145.28664759748494,17.426901259358026
145.29598298575183,107.68262862722493
145.3053183740187,179.11762442534547
145.3146537622856,89.2865112101077
145.32398915055248,203.64145208046355
145.33332453881934,361.4678543193533
145.34265992708623,204.83493219292376
145.35199531535312,190.48614086272292
145.36133070361998,403.1306783202756
145.37066609188687,206.91777417187197
145.38000148015377,56.940220290970785
145.38933686842063,51.232938339044395
145.39867225668752,32.95243973706004
145.4080076449544,17.977571371861377
145.4173430332213,22.905917885896624
145.42667842148816,7.605230196133844
145.43601380975505,30.27497359601682
145.44534919802194,109.01735890808457
145.4546845862888,62.9884864158411
145.4640199745557,75.43456345665638
145.4733553628226,47.91344308215143
145.48269075108945,4.248657781557685
145.49202613935634,38.705549291903225
145.50136152762323,7.937198947206186
145.51069691589012,40.53095562267355
145.52003230415698,213.60427384601016
145.52936769242388,106.40160062777792
145.53870308069077,130.06141570361655
145.54803846895763,82.42837977747176
145.55737385722452,34.172127974389085
145.5667092454914,42.00856388646112
145.57604463375827,75.75160669498284
145.58538002202516,241.57486964703568
145.59471541029205,95.38856018417867
145.60405079855892,31.371186723991748
145.6133861868258,135.28795308558162
145.6227215750927,13.972607633518448
145.6320569633596,43.81809049357919
145.64139235162645,41.979147456523435
145.65072773989334,34.80354460453901
145.66006312816023,26.095759130440857
145.6693985164271,14.94330539058939
145.67873390469398,149.50192067006486
145.68806929296088,2.215921960007863
145.69740468122774,98.65968954968567
145.70674006949463,122.80541894237037
145.71607545776152,27.23052723162092
145.72541084602838,80.80508610430662
145.73474623429527,18.820020977702388
145.74408162256216,71.6100288459653
145.75341701082905,114.72189802930352
145.76275239909592,6.3647876606195775
145.7720877873628,40.31641434401653
145.7814231756297,167.4594068860651
145.79075856389656,16.007251628021162
145.80009395216345,0.8810052372371555
145.80942934043034,383.23954895996656
145.8187647286972,55.8648260664737
145.8281001169641,133.40365779244792
145.83743550523099,176.50897804139174
145.84677089349785,207.26982674090362
145.85610628176474,214.28407513083408
145.86544167003163,38.0790141058001
145.87477705829852,205.41694884007376
145.88411244656538,68.49848082130458
145.89344783483227,104.40031880107941
145.90278322309916,201.52840115644113
145.91211861136603,8.759719779035438
145.92145399963292,37.204482583287174
145.9307893878998,80.0979277205068
145.94012477616667,9.568125352742376
145.94946016443356,0.844792875893968
145.95879555270045,77.30250050019579
145.9681309409673,2.4075453483785507
145.9774663292342,7.435341262921114
145.9868017175011,20.321557578718934
145.99613710576799,8.217230735154407
146.00547249403485,8.302802580740906
146.01480788230174,43.361953739533696
146.02414327056863,14.208520114293117
146.0334786588355,36.38024717565651
146.04281404710238,38.16203601373387
146.05214943536927,3.0548976635116243
146.06148482363614,83.06058906604474
146.07082021190303,8.25893667747274
146.08015560016992,9.700781700097153
146.0894909884368,92.96795642799933
146.09882637670367,1.474207206987623
146.10816176497056,36.02535253477667
146.11749715323745,60.317548743413035
146.1268325415043,25.14313716391506
146.1361679297712,18.116903335030717
146.1455033180381,3.9598001099315376
146.15483870630496,46.043330748895286
146.16417409457185,39.606646844587374
146.17350948283874,14.901212159630788
146.1828448711056,4.15365864001845
146.1921802593725,18.384976066420144
146.20151564763938,48.70039629257447
146.21085103590627,46.76239939847186
146.22018642417314,12.336139454296923
146.22952181244003,19.944702993216104
146.23885720070692,132.22762845563642
146.24819258897378,28.303104726389606
146.25752797724067,19.21857110023512
146.26686336550756,10.422415870153841
146.27619875377442,192.89621451692182
146.2855341420413,1.472812411644221
146.2948695303082,14.13572547483496
146.30420491857507,8.721887269537064
146.31354030684196,212.48614005349236
146.32287569510885,71.28765204596577
146.33221108337574,39.14116576725748
146.3415464716426,36.35719875239523
146.3508818599095,10.810052767732898
146.36021724817638,15.3418782961754
146.36955263644325,6.314201646665453
146.37888802471014,1.4060500831637879
146.38822341297703,58.40261594538145
146.3975588012439,265.13036340882303
146.40689418951078,21.19070670294457
146.41622957777767,167.89644922642518
146.42556496604453,164.58154379809358
146.43490035431142,24.34647123104009
146.44423574257831,110.08495312789184
146.4535711308452,34.85594154110541
146.46290651911207,38.539797921124254
146.47224190737896,348.2502093187181
146.48157729564585,95.94855727291142
146.4909126839127,62.045850896265875
146.5002480721796,440.2632898458787
146.5095834604465,76.17332526875614
146.51891884871335,20.77723561452475
146.52825423698025,27.084862925845595
146.53758962524714,75.20023426565558
146.546925013514,73.44895985704274
146.5562604017809,79.8238007478025
146.56559579004778,68.13899082704567
146.57493117831467,53.59967444552917
146.58426656658153,9.585069309383641
146.59360195484842,7.01429398214828
146.60293734311531,0.5074291903199083
146.61227273138218,12.318564879451213
146.62160811964907,29.864326240942546
146.63094350791596,1.1325689805371415
146.64027889618282,10.834678701534472
146.6496142844497,8.277785810864945
146.6589496727166,72.99266377553039
146.6682850609835,30.247450134131217
146.67762044925036,56.951830193719935
146.68695583751725,19.655544851833213
146.69629122578414,63.49664350146125
146.705626614051,4.142078076454428
146.7149620023179,35.641219751267805
146.72429739058478,107.03797957676393
146.73363277885164,6.740731343836522
146.74296816711853,67.89068725505577
146.75230355538542,72.98915664178728
146.7616389436523,82.06624431862957
146.77097433191918,126.21298967333507
146.78030972018607,69.0505608598668
146.78964510845296,22.93374214239786
146.79898049671982,394.81281288860544
146.8083158849867,68.72213515598172
146.8176512732536,79.66215684412202
146.82698666152046,419.9740710950952
146.83632204978736,37.427061990401036
146.84565743805425,29.388074695099807
146.8549928263211,7.089169426912438
146.864328214588,587.0633968921726
146.8736636028549,127.09030813042403
146.88299899112175,37.23045712096175
146.89233437938864,420.87231732548224
146.90166976765553,39.25800637846165
146.91100515592242,39.98447491733032
146.9203405441893,18.819833555788065
146.92967593245618,273.3171292419758
146.93901132072307,103.56147474319623
146.94834670898993,3.4662405803599716
146.95768209725682,148.05638552072836
146.9670174855237,52.03366552833117
146.97635287379057,11.212128204013164
146.98568826205747,37.52014846621082
146.99502365032436,324.97112110704404
147.00435903859122,201.88673217679158
147.0136944268581,151.49565969557253
147.023029815125,299.5888191603787
147.0323652033919,381.0827979557088
147.04170059165875,39.61051315364795
147.05103597992564,13.143222070112568
147.06037136819253,132.42750769535502
147.0697067564594,3.071569553531534
147.0790421447263,31.37154810383755
147.08837753299318,175.95624434315337
147.09771292126004,50.76824288155679
147.10704830952693,0.18847025014304997
147.11638369779382,8.148969355113417
147.12571908606068,71.61213163578132
147.13505447432757,165.86151144575248
147.14438986259447,81.771797800802
147.15372525086136,71.74446477070786
147.16306063912822,89.63399767181193
147.1723960273951,31.73068353362515
147.181731415662,9.284077595869446
147.19106680392886,2.6977151004854716
147.20040219219575,27.12960171010176
147.20973758046264,4.5244839142411735
147.2190729687295,34.74642736410925
147.2284083569964,79.58305182231462
147.2377437452633,1.4386416388103602
147.24707913353018,42.62071568390522
147.25641452179704,53.95894291341379
147.26574991006393,31.60631248432276
147.27508529833082,2.351965826020333
147.28442068659768,79.87643135381094
147.29375607486458,82.39697729154587
147.30309146313147,3.573553971194511
147.31242685139833,44.47178897801812
147.32176223966522,51.41670006480912
147.3310976279321,30.584238434764163
147.34043301619897,51.61950552802281
147.34976840446586,22.279759542561184
147.35910379273275,105.81483757840451
147.36843918099964,31.126438789501766
147.3777745692665,27.085266003025602
147.3871099575334,8.274186319468997
147.3964453458003,188.309181252958
147.40578073406715,112.42748284328552
147.41511612233404,2.3436373749464554
147.42445151060093,49.839105976987575
147.4337868988678,28.292466416137263
147.44312228713468,134.78091518893663
147.45245767540158,135.2294398076311
147.46179306366844,33.097847099296416
147.47112845193533,4.507129850351496
147.48046384020222,25.923234236195565
147.4897992284691,95.92717652156254
147.49913461673597,57.65203429884397
147.50847000500286,13.440926807123024
147.51780539326975,51.21990924530329
147.52714078153662,18.831604038026658
147.5364761698035,201.0822800444577
147.5458115580704,7.320392981931627
147.55514694633726,67.65143202927389
147.56448233460415,79.94812037804918
147.57381772287104,26.815334049205624
147.5831531111379,18.298976769484042
147.5924884994048,21.38029389123077
147.60182388767169,69.13097413102545
147.61115927593858,44.1242772436886
147.62049466420544,0.8147344719134656
147.62983005247233,0.7384841860453996
147.63916544073922,6.926739512142175
147.64850082900608,69.33405802258984
147.65783621727297,80.90648784895623
147.66717160553986,75.99681005067532
147.67650699380673,219.72596607431163
147.68584238207362,46.31244116134462
147.6951777703405,6.418602051092112
147.7045131586074,16.7402858302598
147.71384854687426,16.056328655948043
147.72318393514115,8.443354712828045
147.73251932340804,10.33590350962146
147.7418547116749,12.682714410969602
147.7511900999418,138.09848042131765
147.76052548820869,16.45737209536936
147.76986087647555,117.59324531796749
147.77919626474244,251.55132812516408
147.78853165300933,12.96033831930607
147.7978670412762,148.84959828137872
147.80720242954308,1.3175407584968628
147.81653781780997,421.45728118851304
147.82587320607686,56.78430650878435
147.83520859434373,303.45807071307485
147.84454398261062,357.7764350295053
147.8538793708775,10.054875769253808
147.86321475914437,104.09942941700407
147.87255014741126,30.225493821428913
147.88188553567815,46.02302989199767
147.891220923945,46.84572145152563
147.9005563122119,44.13325600100198
147.9098917004788,116.91106650038499
147.91922708874566,27.394853030768747
147.92856247701255,49.04790353502642
147.93789786527944,12.243144650918255
147.94723325354633,3.576864029269821
147.9565686418132,20.624012883900562
147.96590403008008,16.941341414136048
147.97523941834697,38.759865461284136
147.98457480661384,2.3775302527636684
147.99391019488073,80.37032270564667
148.00324558314762,21.157017478103377
148.01258097141448,167.07279466577418
148.02191635968137,38.13136534957338
148.03125174794826,97.04702337123473
148.04058713621512,36.047605205959314
148.049922524482,400.2568634195568
148.0592579127489,408.9351450639886
148.0685933010158,113.48413350261502
148.07792868928266,153.4875052970014
148.08726407754955,7.9627456900704345
148.09659946581644,125.46135574974201
148.1059348540833,6.695737987724419
148.1152702423502,48.93744970968699
148.12460563061708,150.52648013626097
148.13394101888395,10.77049503114972
148.14327640715084,73.47317592159854
148.15261179541773,66.36881105465234
148.1619471836846,2.9145569203070587
148.17128257195148,85.22461233191568
148.18061796021837,1.185012381975357
148.18995334848526,5.548088376673643
148.19928873675212,5.350746909737094
148.208624125019,160.34813666870187
148.2179595132859,54.589704755115356
148.22729490155277,38.09971806741952
148.23663028981966,76.32109151988527
148.24596567808655,3.904062347066646
148.2553010663534,5.566707080704324
148.2646364546203,30.09228592186761
148.2739718428872,10.083389607121706
148.28330723115408,58.34217866176792
148.29264261942095,31.26614545317515
148.30197800768784,8.69174366532384
148.31131339595473,18.125329151497436
148.3206487842216,41.842835208760405
148.32998417248848,184.81624896455273
148.33931956075537,86.09305004195019
148.34865494902223,21.877916402278977
148.35799033728912,119.05220506400006
148.36732572555601,81.29741396439921
148.37666111382288,142.78074595523893
148.38599650208977,89.29343914710272
148.39533189035666,202.21905354853908
148.40466727862355,98.78920902411248
148.4140026668904,194.63211203766747
148.4233380551573,100.49727368733036
148.4326734434242,12.456880146903137
148.44200883169106,282.9622079893712
148.45134421995795,55.36572599521076
148.46067960822484,113.53014029106892
148.4700149964917,17.112520505592656
148.4793503847586,282.7433527456894
148.48868577302548,121.64067452574363
148.49802116129234,73.9847704716882
148.50735654955923,14.112035230114712
148.51669193782612,81.36044003376315
148.52602732609301,79.20277698531469
148.53536271435988,31.857373169453833
148.54469810262677,21.943227747268264
148.55403349089366,12.95328827645373
148.56336887916052,3.2761167029690292
148.5727042674274,36.968943348481965
148.5820396556943,14.753561233454297
148.59137504396116,12.069080101460083
148.60071043222806,6.691835138912739
148.61004582049495,12.047177969012798
148.6193812087618,10.607926038507774
148.6287165970287,27.22225953103105
148.6380519852956,9.420604111436067
148.64738737356248,24.649464830414804
148.65672276182934,16.950430115964238
148.66605815009623,3.474466440659727
148.67539353836312,5.038161449878811
148.68472892663,51.77225302378514
148.69406431489688,32.53721983841953
148.70339970316377,12.3057703576208
148.71273509143063,9.891257527260802
148.72207047969752,1.2645053613963737
148.7314058679644,67.68829062623351
148.74074125623127,44.90510344796781
148.75007664449817,35.192793169669486
148.75941203276506,45.310106016160674
148.76874742103195,40.70828133354406
148.7780828092988,13.368333816778415
148.7874181975657,6.891887072218671
148.7967535858326,142.99794764660686
148.80608897409945,45.45277330014304
148.81542436236634,2.4988164782603413
148.82475975063323,211.68987491133814
148.8340951389001,9.9965186975155
148.843430527167,16.114187748236844
148.85276591543388,92.0202262906246
148.86210130370077,6.593099224587094
148.87143669196763,29.16741763753004
148.88077208023452,40.473908755703135
148.8901074685014,80.2407159556059
148.89944285676827,32.72458830210595
148.90877824503517,82.05789104197551
148.91811363330206,105.73861004688828
148.92744902156892,21.47357464627955
148.9367844098358,268.8749136201322
148.9461197981027,190.56869066820073
148.95545518636956,40.47680578130787
148.96479057463645,55.306905732728936
148.97412596290334,53.86976661829462
148.98346135117023,63.647168127781015
148.9927967394371,39.11198509581351
149.002132127704,26.12707116299016
149.01146751597088,100.58252780791567
149.02080290423774,229.84841056707316
149.03013829250463,135.02470034628922
149.03947368077152,78.83363970206644
149.04880906903838,137.30379075025277
149.05814445730527,33.985490121125636
149.06747984557217,42.32254092934406
149.07681523383903,65.92973969745091
149.08615062210592,18.713280466719826
149.0954860103728,56.98537188384163
149.1048213986397,100.14503443191526
149.11415678690656,55.555675501228
149.12349217517345,99.58203396021479
149.13282756344034,152.39910467254236
149.1421629517072,4.271653234335256
149.1514983399741,23.392521109036863
149.160833728241,17.54627828512304
149.17016911650785,44.7964755856155
149.17950450477474,75.31738546203212
149.18883989304163,38.92090975054769
149.1981752813085,18.93398735785753
149.20751066957538,29.725088904309164
149.21684605784228,48.77797722007404
149.22618144610917,36.55669801270551
149.23551683437603,32.724633949331064
149.24485222264292,79.45059491931896
149.2541876109098,12.199934888081886
149.26352299917667,10.014682252689726
149.27285838744356,79.93639708687444
149.28219377571045,10.17714227167046
149.29152916397732,220.6992836764746
149.3008645522442,445.76773844359934
149.3101999405111,158.32835074603653
149.31953532877796,183.36523169130092
149.32887071704485,101.39896426529826
149.33820610531174,29.711003421004634
149.34754149357863,3.029512868296677
149.3568768818455,36.163254003798635
149.36621227011238,18.040119686807625
149.37554765837928,56.24564093349178
149.38488304664614,21.64814661681921
149.39421843491303,193.3105016540939
149.40355382317992,70.19060765725172
149.41288921144678,301.1551289382687
149.42222459971367,231.7375941870379
149.43155998798056,128.02202417090086
149.44089537624745,118.53235838361854
149.45023076451432,21.745391417905438
149.4595661527812,167.54655709045727
149.4689015410481,131.17385008844124
149.47823692931496,191.62648147398278
149.48757231758185,67.63939528822195
149.49690770584874,177.28909689033117
149.5062430941156,60.48951400398152
149.5155784823825,8.79387090822839
149.52491387064939,37.82462612956911
149.53424925891625,15.538917146997113
149.54358464718314,25.184033175258307
149.55292003545003,42.84947737501265
149.56225542371692,2.241232568766181
149.57159081198378,35.52418985242484
149.58092620025067,13.785365139331024
149.59026158851756,37.25083219275384
149.59959697678443,13.521803423003067
149.60893236505132,17.963386716353796
149.6182677533182,11.090790285768296
149.62760314158507,23.11149749282083
149.63693852985196,37.82921031785034
149.64627391811885,45.64402266005892
149.6556093063857,29.94941695342721
149.6649446946526,64.30870469037423
149.6742800829195,22.719387697214284
149.68361547118639,0.765737774778255
149.69295085945325,17.429815297048513
149.70228624772014,105.91129387261107
149.71162163598703,22.25264022873971
149.7209570242539,3.2372465962296313
149.73029241252078,72.43163088838718
149.73962780078767,123.35834686698334
149.74896318905454,9.993122804767802
149.75829857732143,93.71945537047085
149.76763396558832,21.758855570066217
149.77696935385518,241.20540655796148
149.78630474212207,88.69015215710256
149.79564013038896,60.16700899499364
149.80497551865585,62.83842956438518
149.8143109069227,62.50101692934044
149.8236462951896,115.2987541908724
149.8329816834565,17.892830722841378
149.84231707172336,128.65995292835137
149.85165245999025,96.2814650582824
149.86098784825714,59.46011640006062
149.870323236524,205.7711455760699
149.8796586247909,138.09250158418942
149.88899401305778,37.49759512598727
149.89832940132465,12.974403097313772
149.90766478959154,35.617391019446075
149.91700017785843,17.924137458310412
149.92633556612532,16.32145118699306
149.93567095439218,155.0661070967535
149.94500634265907,29.176486257938915
149.95434173092596,44.10964983005309
149.96367711919282,109.67521133181232
149.9730125074597,30.333857415657732
149.9823478957266,57.79822855384015
149.99168328399347,258.56038040075407
150.00101867226036,17.754537465336295
150.01035406052725,50.16458412942738
150.01968944879414,29.327190321786063
150.029024837061,118.38145750192808
150.0383602253279,24.64013098321613
150.04769561359478,41.96349310769788
150.05703100186165,150.07026228868457
150.06636639012854,1.9819143840571671
150.07570177839543,25.097934508437703
150.0850371666623,4.810667076148805
150.09437255492918,81.15962416759278
150.10370794319607,46.313734856757485
150.11304333146293,86.99848331827208
150.12237871972982,156.19655548550475
150.13171410799671,99.83265491144041
150.1410494962636,65.10399801812925
150.15038488453047,57.651508681637054
150.15972027279736,82.32662702323432
150.16905566106425,8.704457007307823
150.1783910493311,118.74581687714743
150.187726437598,15.053856669931548
150.1970618258649,4.327094893026985
150.20639721413175,194.35015924883774
150.21573260239865,19.795092158742428
150.22506799066554,19.646145423423842
150.2344033789324,115.99868869184579
150.2437387671993,71.20405196528635
150.25307415546618,63.11495573141967
150.26240954373307,31.685173847397248
150.27174493199993,229.97485698260778
150.28108032026682,30.753481289424727
150.29041570853371,26.413164780047552
150.29975109680058,190.8693584647337
150.30908648506747,20.798136758859574
150.31842187333436,18.891913897901976
150.32775726160122,111.68382785984751
150.3370926498681,22.11800271096617
150.346428038135,83.85877338939541
150.35576342640186,58.04369485384173
150.36509881466876,37.29238165640694
150.37443420293565,57.44379714195276
150.38376959120254,339.3297197542764
150.3931049794694,14.99649423012251
150.4024403677363,5.777327715890716
150.41177575600318,118.354905062658
150.42111114427004,101.32873044390098
150.43044653253693,69.50849652268498
150.43978192080382,87.8342660838005
150.4491173090707,136.4849400454026
150.45845269733758,48.847973465564706
150.46778808560447,113.9673495560624
150.47712347387136,5.077371916968961
150.48645886213822,22.313023927513846
150.4957942504051,61.47315023173916
150.505129638672,1.536430242686879
150.51446502693886,67.28994319726773
150.52380041520576,115.56017873556318
150.53313580347265,23.014391079382055
150.5424711917395,13.226800059934813
150.5518065800064,61.82660056840249
150.5611419682733,28.0528031165176
150.57047735654015,45.442819902210466
150.57981274480704,11.26468090578168
150.58914813307393,77.89521992388104
150.59848352134082,12.538644041709228
150.6078189096077,15.140037373261004
150.61715429787458,26.135380057703447
150.62648968614147,1.6131714460012396
150.63582507440833,14.39761649163239
150.64516046267522,53.78725697808778
150.6544958509421,17.51722966428543
150.66383123920897,67.19833505259216
150.67316662747587,8.491704420883782
150.68250201574276,31.936713066123524
150.69183740400962,26.283111760645927
150.7011727922765,71.61101674078499
150.7105081805434,15.102121539209602
150.7198435688103,7.191257550488286
150.72917895707715,7.527859823145164
150.73851434534404,80.66201190261226
150.74784973361093,127.2379836849472
150.7571851218778,73.64221489443317
150.7665205101447,64.21265880498916
150.77585589841158,30.61361573368371
150.78519128667844,91.93106560459297
150.79452667494533,20.858517546919323
150.80386206321222,57.19276903173881
150.81319745147908,99.72586859271011
150.82253283974597,4.189910839965035
150.83186822801287,59.73927791813092
150.84120361627976,41.98694608481222
150.85053900454662,11.358720183367405
150.8598743928135,54.947211781719965
150.8692097810804,61.23368213582525
150.87854516934726,39.640112159732595
150.88788055761415,12.621362676445232
150.89721594588104,159.28048790922955
150.9065513341479,88.5705572593277
150.9158867224148,149.46248984466365
150.9252221106817,435.00754969098404
150.93455749894855,18.687494764748887
150.94389288721544,624.2073453964927
150.95322827548233,207.5299617349335
150.96256366374922,42.10157958091353
150.97189905201608,339.5938604496263
150.98123444028298,14.767473609208196
150.99056982854987,121.09428983934886
150.99990521681673,72.09774015599585
151.00924060508362,165.0006607225679
151.0185759933505,100.77766388192131
151.02791138161737,6.9623136812470685
151.03724676988426,221.5285263953808
151.04658215815115,61.76087059223342
151.05591754641804,112.81225311601166
151.0652529346849,112.9901221827727
151.0745883229518,60.2447787410241
151.0839237112187,94.39062579751005
151.09325909948555,5.486450572677821
151.10259448775244,50.25187572383714
151.11192987601933,22.554539230541764
151.1212652642862,80.15964502783581
151.13060065255308,221.8009433243197
151.13993604081998,72.92769431380371
151.14927142908684,60.940531280212355
151.15860681735373,111.97035134713879
151.16794220562062,60.14488073692702
151.1772775938875,18.229673677119983
151.18661298215437,1.964788017972525
151.19594837042126,153.56697773910204
151.20528375868815,92.64917876811501
151.21461914695502,8.31470843395089
151.2239545352219,135.03116888163032
151.2332899234888,85.60589994022473
151.24262531175566,3.504042465711114
151.25196070002255,67.51242191572781
151.26129608828944,12.62174305323576
151.2706314765563,126.31287257625146
151.2799668648232,95.9178519427997
151.28930225309009,6.007657264840833
151.29863764135698,172.28014283765353
151.30797302962384,19.47211076651943
151.31730841789073,15.009182284636774
151.32664380615762,75.57890498576036
151.33597919442448,22.263238467839283
151.34531458269137,4.836719285431967
151.35464997095826,95.76087939166678
151.36398535922513,1.1609775750419262
151.37332074749202,27.673457794095008
151.3826561357589,31.787499204473903
151.39199152402577,49.560118199329345
151.40132691229266,32.168927528519546
151.41066230055955,186.6862949506312
151.41999768882644,62.81142771505482
151.4293330770933,37.9736705222568
151.4386684653602,30.968201750348555
151.44800385362709,33.079856415567896
151.45733924189395,115.57731488647138
151.46667463016084,20.890318887668123
151.47601001842773,32.85121977586241
151.4853454066946,24.927770550025787
151.49468079496148,3.684917251878236
151.50401618322837,9.06043526499249
151.51335157149524,44.97321399336511
151.52268695976213,45.78786592989246
151.53202234802902,153.60513917356042
151.5413577362959,25.56840653720239
151.55069312456277,148.00051048039066
151.56002851282966,57.46411192408531
151.56936390109655,38.74953575021219
151.5786992893634,8.568303592052866
151.5880346776303,22.83695873873988
151.5973700658972,24.563084340926572
151.60670545416406,12.382822338779603
151.61604084243095,10.736954947411139
151.62537623069784,141.40583179679814
151.63471161896473,25.640502182034876
151.6440470072316,8.726226124552802
151.65338239549848,13.932916086066038
151.66271778376537,36.59514373437355
151.67205317203224,100.29360001972032
151.68138856029913,78.78046807757114
151.69072394856602,36.41538477436026
151.70005933683288,115.34744990785359
151.70939472509977,53.25306762975614
151.71873011336666,30.05177596941382
151.72806550163352,10.337842771105326
151.7374008899004,26.451365809062278
151.7467362781673,144.76799371489784
151.7560716664342,125.15785980551915
151.76540705470106,10.34975057003975
151.77474244296795,36.762128889785835
151.78407783123484,108.3375809421276
151.7934132195017,31.07421500545962
151.8027486077686,38.892349311961304
151.81208399603548,10.329552196398671
151.82141938430235,60.20786558310707
151.83075477256924,125.73823619857279
151.84009016083613,3.8095521037231883
151.849425549103,85.78849079814785
151.85876093736988,66.50796520643969
151.86809632563677,24.224695994366694
151.87743171390366,217.2254512495367
151.88676710217052,89.12186679427614
151.8961024904374,19.69503944144992
151.9054378787043,184.34658048637328
151.91477326697117,8.846210051590969
151.92410865523806,3.489569564678394
151.93344404350495,47.93007874712746
151.9427794317718,30.656114712141836
151.9521148200387,95.19518345516936
151.9614502083056,171.10360220977515
151.97078559657245,60.927910341683265
151.98012098483935,74.81548970547085
151.98945637310624,175.2199915708941
151.99879176137313,16.180988069506377
152.00812714964,38.84619095176937
152.01746253790688,143.64050726794906
152.02679792617377,4.128095072624165
152.03613331444063,22.258739253804237
152.04546870270752,35.63401443341054
152.05480409097441,35.65864596337438
152.06413947924128,1.107044065134527
152.07347486750817,0.3170086346166956
152.08281025577506,42.176362535075775
152.09214564404192,35.1376316371169
152.1014810323088,24.84852327082685
152.1108164205757,28.292882989021557
152.1201518088426,64.38856712892311
152.12948719710946,21.117686973960136
152.13882258537635,6.5360029880796775
152.14815797364324,11.212838376119214
152.1574933619101,64.3735692461432
152.166828750177,23.327833896571622
152.17616413844388,46.06298845459586
152.18549952671074,205.92739988060583
152.19483491497763,48.847232855313955
152.20417030324452,96.00507486414872
152.21350569151141,34.53971521348169
152.22284107977828,51.542193732071524
152.23217646804517,23.199505555492383
152.24151185631206,7.085384115989778
152.25084724457892,57.94456463236214
152.2601826328458,12.045141856824555
152.2695180211127,7.132829634066853
152.27885340937956,22.64637490735105
152.28818879764646,0.39965262040147576
152.29752418591335,2.5098762147272646
152.3068595741802,4.184889248615815
152.3161949624471,2.0790247917920532
152.325530350714,20.599847450226346
152.33486573898088,0.38813454986980683
152.34420112724774,5.330795305245957
152.35353651551463,21.509061401022525
152.36287190378152,3.50496401865506
152.3722072920484,2.49292223362944
152.38154268031528,33.17767999067263
152.39087806858217,1.12387180378746
152.40021345684903,2.623044123649155
152.40954884511592,46.17572682668067
152.4188842333828,10.209419585568257
152.42821962164967,13.998068477640759
152.43755500991657,45.32094249045457
152.44689039818346,12.806770510185427
152.45622578645035,3.07929052867952
152.4655611747172,5.336257627975298
152.4748965629841,0.6674730932757849
152.484231951251,52.88418792528722
152.49356733951785,40.25932958889315
152.50290272778474,0.8779313165610977
152.51223811605163,14.00978137692499
152.5215735043185,56.947680652366635
152.5309088925854,62.331038033446426
152.54024428085228,43.21147686221053
152.54957966911914,23.496150788272455
152.55891505738603,76.53272361230037
152.56825044565292,11.967051625994523
152.5775858339198,68.5532790376821
152.58692122218667,31.28670650919849
152.59625661045357,68.83592028645283
152.60559199872046,11.755988561097604
152.61492738698732,10.640829979462838
152.6242627752542,119.73682457881665
152.6335981635211,33.22875661933232
152.64293355178796,74.47250096841586
152.65226894005485,63.21867963354024
152.66160432832174,18.942817598161774
152.6709397165886,0.5233434310636161
152.6802751048555,41.53525416205773
152.6896104931224,122.58728032151208
152.69894588138928,33.81984719296829
152.70828126965614,18.976275033804022
152.71761665792303,26.032734366276067
152.72695204618992,0.28982533402897065
152.73628743445678,65.65104775767466
152.74562282272367,55.53927021245763
152.75495821099057,2.960440609243986
152.76429359925743,73.83078522043257
152.77362898752432,64.6270176153427
152.7829643757912,11.077366543964168
152.7922997640581,65.5857685650521
152.80163515232496,63.646035820177666
152.81097054059185,69.52409179839412
152.82030592885874,49.62273051846467
152.8296413171256,96.59123739736049
152.8389767053925,37.81018919033172
152.8483120936594,45.32049371227631
152.85764748192625,24.129699777609822
152.86698287019314,7.036468667957654
152.87631825846003,3.8472652142925803
152.8856536467269,36.04469508184141
152.89498903499378,34.24271083692098
152.90432442326068,64.88015782986294
152.91365981152757,81.11858867824606
152.92299519979443,26.463979149170594
152.93233058806132,54.387749882747805
152.9416659763282,63.431232966959335
152.95100136459507,38.800895678750514
152.96033675286196,20.869995704564463
152.96967214112885,197.20410743568658
152.97900752939572,40.75451280961348
152.9883429176626,10.483994270810383
152.9976783059295,33.729554370194016
153.00701369419636,182.5235857591129
153.01634908246325,46.702905406062534
153.02568447073014,18.05885232966638
153.03501985899703,23.353221922991064
153.0443552472639,63.98581087312657
153.05369063553078,74.51586752694097
153.06302602379768,56.53532124835605
153.07236141206454,11.70061557132643
153.08169680033143,76.68497578561148
153.09103218859832,6.531216155053853
153.10036757686518,4.559488310995452
153.10970296513207,39.797738347199655
153.11903835339896,34.678272119704964
153.12837374166583,28.197547220113695
153.13770912993272,132.70789599769148
153.1470445181996,2.074820758665435
153.1563799064665,69.5657391362195
153.16571529473336,8.136719338205864
153.17505068300025,165.81702511265112
153.18438607126714,22.691496948428917
153.193721459534,111.40105645535742
153.2030568478009,4.052385028368493
153.21239223606779,150.37132536755757
153.22172762433465,88.60240629224671
153.23106301260154,217.82254331528586
153.24039840086843,106.55199599692041
153.24973378913532,50.12795269177083
153.25906917740218,99.7500084822584
153.26840456566907,142.99634498072285
153.27773995393596,86.52693308211919
153.28707534220283,91.05978453514155
153.29641073046972,4.415463162681605
153.3057461187366,43.79097231998268
153.31508150700347,4.976039936792287
153.32441689527036,257.1996342018016
153.33375228353725,196.85741007729155
153.3430876718041,122.60549716862012
153.352423060071,222.4352900343549
153.3617584483379,8.696068501767478
153.37109383660479,63.16465421752045
153.38042922487165,189.43181570958035
153.38976461313854,176.42745089599083
153.39910000140543,68.4147611013283
153.4084353896723,251.05821521712326
153.41777077793918,50.24961013241625
153.42710616620607,45.27748816612738
153.43644155447294,136.51090932228195
153.44577694273983,205.74200083936597
153.45511233100672,62.10019102380563
153.46444771927358,169.73452764480373
153.47378310754047,74.79635256608258
153.48311849580736,85.59370750342106
153.49245388407425,60.04439609010552
153.5017892723411,37.480931061713534
153.511124660608,307.44985261150856
153.5204600488749,93.06053250858136
153.52979543714176,29.632333682093808
153.53913082540865,128.16402459301534
153.54846621367554,7.548627451916968
153.5578016019424,2.3243773558337524
153.5671369902093,73.99006053079084
153.57647237847618,29.625590222892114
153.58580776674305,49.221241816282124
153.59514315500994,48.74363915676168
153.60447854327683,8.045734977380873
153.61381393154372,5.823118785359382
153.62314931981058,53.077183125419936
153.63248470807747,19.256069965864828
153.64182009634436,103.96053164450763
153.65115548461122,25.42573650036708
153.6604908728781,16.961757772276147
153.669826261145,85.73174554887426
153.67916164941187,21.142340252970794
153.68849703767876,0.18243675515709987
153.69783242594565,100.66725151785056
153.7071678142125,20.733630426845366
153.7165032024794,44.39233611554453
153.7258385907463,56.692388352253495
153.73517397901318,4.342658214500937
153.74450936728005,8.047634190063041
153.75384475554694,9.491376030680371
153.76318014381383,0.07924925167317785
153.7725155320807,9.20971977208377
153.78185092034758,68.03505687016441
153.79118630861447,6.035368014297753
153.80052169688133,52.53994543331397
153.80985708514822,134.57429917355844
153.81919247341511,48.35777798960714
153.828527861682,35.793166371896874
153.83786324994887,39.28597107279921
153.84719863821576,132.93880347359524
153.85653402648265,139.00839129786078
153.8658694147495,176.521191847188
153.8752048030164,29.39759131289933
153.8845401912833,70.3939294141427
153.89387557955015,201.388322952824
153.90321096781705,24.132719417739235
153.91254635608394,45.181149987785815
153.9218817443508,246.5663576741111
153.9312171326177,9.165162352141449
153.94055252088458,44.973210440515686
153.94988790915147,260.7176741718849
153.95922329741833,28.5048478707768
153.96855868568522,3.01433648616728
153.97789407395211,124.06563954513179
153.98722946221898,34.14696624161612
153.99656485048587,25.74123001311059
154.00590023875276,182.6565277762094
154.01523562701962,22.840976131223254
154.0245710152865,18.97236142304938
154.0339064035534,30.218417935619527
154.04324179182026,6.01297791979673
154.05257718008716,46.84780484525591
154.06191256835405,5.801606661451978
154.07124795662094,3.8090395576709413
154.0805833448878,41.78037681182674
154.0899187331547,6.861092687788499
154.09925412142158,11.467948196094612
154.10858950968844,38.19278297311454
154.11792489795533,39.26300290594966
154.12726028622222,17.816947272484544
154.1365956744891,45.9719636619714
154.14593106275598,41.27771080490419
154.15526645102287,23.833563876208892
154.16460183928973,119.43703421662163
154.17393722755662,52.443866630104274
154.1832726158235,128.02112795392756
154.1926080040904,65.28165143075016
154.20194339235726,1.8623036437518732
154.21127878062416,173.3782675306849
154.22061416889105,31.636260269627446
154.2299495571579,1.1901054728433227
154.2392849454248,177.89496321655722
154.2486203336917,40.677262163738746
154.25795572195855,207.3362244274279
154.26729111022544,66.48926621145426
154.27662649849233,160.70137589843637
154.2859618867592,106.89241260530211
154.2952972750261,11.105840065832988
154.30463266329298,6.769489786872363
154.31396805155987,2.902223020367708
154.32330343982673,34.98824064317362
154.33263882809362,1.43169853208073
154.3419742163605,32.69946469970448
154.35130960462737,0.7795603475759432
154.36064499289427,30.22526050658873
154.36998038116116,79.11510861847796
154.37931576942802,11.711710731487262
154.3886511576949,46.12820644364071
154.3979865459618,57.74637267483036
154.4073219342287,29.832073069643545
154.41665732249555,47.59701154394227
154.42599271076244,61.8104157805356
154.43532809902933,8.817989031704393
154.4446634872962,40.64768346255725
154.4539988755631,64.11912298206842
154.46333426382998,5.015869476754652
154.47266965209684,8.684877109956867
154.48200504036373,8.69150727578221
154.49134042863062,6.61227618367146
154.50067581689748,35.73427975281556
154.51001120516437,12.29572583285168
154.51934659343127,26.520155178313875
154.52868198169816,68.86350035318569
154.53801736996502,46.28535556320316
154.5473527582319,34.71527405898222
154.5566881464988,130.4223278455141
154.56602353476566,40.223749922705196
154.57535892303255,50.10194465490395
154.58469431129944,96.38325806913282
154.5940296995663,71.4830291213454
154.6033650878332,5.626644904175737
154.6127004761001,36.72074751505919
154.62203586436695,147.1495232951576
154.63137125263384,10.10837187653182
154.64070664090073,56.92216310398179
154.65004202916762,109.18617051290667
154.65937741743448,58.8429289173437
154.66871280570138,68.51525950123383
154.67804819396827,47.52154466849406
154.68738358223513,4.566792935523981
154.69671897050202,115.99656462171991
154.7060543587689,88.36716360579415
154.71538974703577,39.654829884294166
154.72472513530266,42.50351750655436
154.73406052356955,35.136737862166115
154.74339591183642,170.40245070389122
154.7527313001033,58.76784274862051
154.7620666883702,112.47163045844059
154.7714020766371,90.38986200646548
154.78073746490395,61.54123187800919
154.79007285317084,6.4962342288467605
154.79940824143773,3.6219013088605876
154.8087436297046,35.88581723672763
154.81807901797148,51.517895219143455
154.82741440623838,9.090364467126964
154.83674979450524,2.6246631518917654
154.84608518277213,77.33854578950256
154.85542057103902,69.45619823213949
154.86475595930588,2.8320886485046275
154.87409134757277,31.30476403993384
154.88342673583966,1.814034846351817
154.89276212410655,77.23796286541068
154.90209751237342,44.3842990002909
154.9114329006403,9.052299869175885
154.9207682889072,34.99916298055621
154.93010367717406,7.335598250123764
154.93943906544095,138.35853632738997
154.94877445370784,128.10243246961693
154.9581098419747,53.415786535604916
154.9674452302416,111.73759039352167
154.97678061850849,43.70482526895
154.98611600677538,13.337639106282058
154.99545139504224,14.8631252811809
155.00478678330913,1.9417771411558225
155.01412217157602,4.9699575157883835
155.02345755984288,12.274050186595518
155.03279294810977,5.795607464062371
155.04212833637666,23.366616540290398
155.05146372464353,59.810677578420595
155.06079911291042,16.767679657231245
155.0701345011773,10.327109718689824
155.07946988944417,75.8057484414098
155.08880527771106,68.87835568104374
155.09814066597795,119.93145008060233
155.10747605424484,320.71593056156684
155.1168114425117,125.10287787397992
155.1261468307786,68.76763631753207
155.13548221904549,38.348065498128044
155.14481760731235,8.435660347921171
155.15415299557924,8.934351927354323
155.16348838384613,37.93379976160462
155.172823772113,18.75235539285784
155.18215916037988,2.967651111767542
155.19149454864677,36.39261003706797
155.20082993691364,12.088238005186655
155.21016532518053,26.896063897458912
155.21950071344742,4.538129348727468
155.2288361017143,20.08037602645257
155.23817148998117,25.104757167072353
155.24750687824806,9.092794306596721
155.25684226651495,51.7821882578485
155.2661776547818,26.37115316862809
155.2755130430487,19.261179958474244
155.2848484313156,28.151349245054636
155.29418381958246,18.3273515460048
155.30351920784935,8.29151926096773
155.31285459611624,10.516775452234185
155.3221899843831,24.574547236599763
155.33152537265,32.52456491219129
155.34086076091688,57.52674599733547
155.35019614918377,126.90736559151622
155.35953153745064,10.180915707385585
155.36886692571753,10.136486457252943
155.37820231398442,21.178335288201296
155.38753770225128,33.652061437314764
155.39687309051817,2.3461545711653393
155.40620847878506,13.366823534279582
155.41554386705192,79.78001501584352
155.4248792553188,53.625267532627106
155.4342146435857,110.16340113692488
155.44355003185257,53.69250021876735
155.45288542011946,35.66728702976125
155.46222080838635,36.116114687854704
155.47155619665324,12.51638273202454
155.4808915849201,93.17507398389203
155.490226973187,86.42500009776707
155.49956236145388,28.609134650387517
155.50889774972075,122.96451680143348
155.51823313798764,10.96245718584764
155.52756852625453,2.556778335809071
155.5369039145214,122.22161192136458
155.54623930278828,38.804136193874456
155.55557469105517,29.473314429176394
155.56491007932206,101.44882991608296
155.57424546758892,6.652812092020141
155.5835808558558,35.78083726048713
155.5929162441227,55.38916148923243
155.60225163238957,16.26775577639244
155.61158702065646,25.688493613074613
155.62092240892335,34.47599367477071
155.6302577971902,9.252705528188443
155.6395931854571,95.90590562083896
155.648928573724,112.51796846236473
155.65826396199085,208.0398726122574
155.66759935025775,184.99896806168417
155.67693473852464,19.15829513320395
155.68627012679153,168.74998634337095
155.6956055150584,4.20356091591614
155.70494090332528,32.36797952567384
155.71427629159217,40.192531239503644
155.72361167985903,56.64914567949455
155.73294706812592,33.938458940796096
155.74228245639281,39.207500502406226
155.75161784465968,5.572653172705034
155.76095323292657,79.01969552167715
155.77028862119346,19.146706252182906
155.77962400946032,126.72768334528567
155.7889593977272,189.86745165169805
155.7982947859941,34.34895308316814
155.807630174261,89.0486522601121
155.81696556252786,28.52994772696394
155.82630095079475,3.962725936849211
155.83563633906164,9.42749075489183
155.8449717273285,61.47745905272842
155.8543071155954,42.506075342342086
155.86364250386228,9.62909019422565
155.87297789212914,66.32761637243921
155.88231328039603,5.239136146156507
155.89164866866292,57.671681970718446
155.9009840569298,4.063240997924726
155.91031944519668,42.73550857264722
155.91965483346357,113.55899432961948
155.92899022173046,67.37284351381587
155.93832560999732,32.16972920585972
155.9476609982642,56.62261615656541
155.9569963865311,9.554701778313824
155.96633177479796,120.20158075430267
155.97566716306486,168.63845714319035
155.98500255133175,91.80599765885435
155.9943379395986,32.608684485611114
156.0036733278655,32.37303912196676
156.0130087161324,161.5047483217179
156.02234410439928,200.77229694289008
156.03167949266614,105.8321905306389
156.04101488093303,61.12929802147075
156.05035026919992,5.908554822928259
156.0596856574668,45.474454160263335
156.06902104573368,23.535158360828326
156.07835643400057,22.92220256195862
156.08769182226743,20.773444082997212
156.09702721053432,0.838936955291101
156.1063625988012,8.321458423010828
156.11569798706807,7.052497706836565
156.12503337533497,9.959221696085633
156.13436876360186,29.18129320540795
156.14370415186875,19.084014504294053
156.1530395401356,38.10111998897367
156.1623749284025,35.38399403823038
156.1717103166694,14.78948871419096
156.18104570493625,21.493851097880324
156.19038109320314,1.2833737457214167
156.19971648147003,33.528672826851874
156.2090518697369,72.23438986661372
156.2183872580038,54.71312603877227
156.22772264627068,16.17933984059583
156.23705803453754,153.62404863077285
156.24639342280443,92.35767392171489
156.25572881107132,14.150946179734541
156.2650641993382,188.157730333163
156.27439958760507,402.84830493067807
156.28373497587197,102.41073500754901
156.29307036413886,263.9136288906958
156.30240575240572,231.07562538115474
156.3117411406726,11.826841956989446
156.3210765289395,51.942973632253
156.33041191720636,33.12912131183756
156.33974730547325,17.598509576825524
156.34908269374014,0.40263186725800737
156.358418082007,18.755986108988584
156.3677534702739,1.0344308164427787
156.3770888585408,7.519041161687784
156.38642424680768,28.232959571709138
156.39575963507454,6.869576416311502
156.40509502334143,14.873991391348174
156.41443041160832,26.875445406708636
156.42376579987518,11.64907398339906
156.43310118814207,29.593533884496587
156.44243657640897,9.225453327814726
156.45177196467583,7.972941331858938
156.46110735294272,31.0987613258886
156.4704427412096,22.120405262491083
156.47977812947647,25.436966502191382
156.48911351774336,3.8604877422550046
156.49844890601025,51.76253403292275
156.50778429427714,6.351138332035786
156.517119682544,31.797949591582874
156.5264550708109,52.45814218264108
156.5357904590778,34.98066153440589
156.54512584734465,96.21992870180188
156.55446123561154,42.95138974808122
156.56379662387843,2.4191325468797804
156.5731320121453,61.0261480579587
156.58246740041218,6.496039556743458
156.59180278867908,53.55671275050016
156.60113817694597,195.18065174258007
156.61047356521283,96.97522604676905
156.61980895347972,63.56659534287362
156.6291443417466,48.02560682196815
156.63847973001347,42.05693004283969
156.64781511828036,10.934168163246186
156.65715050654725,119.9561495416536
156.66648589481412,4.647257987394707
156.675821283081,85.57413348381465
156.6851566713479,69.6131259799929
156.69449205961476,36.45784356482389
156.70382744788165,155.1286560861597
156.71316283614854,45.40979862766418
156.72249822441543,72.06269272331149
156.7318336126823,39.382379889166714
156.74116900094918,79.28186570511038
156.75050438921608,96.67619904083148
156.75983977748294,6.111183191417923
156.76917516574983,121.62429307030949
156.77851055401672,0.7849571479238154
156.78784594228358,32.66497714743524
156.79718133055047,72.6533761647142
156.80651671881736,11.950203595619719
156.81585210708423,38.546219508756025
156.82518749535112,50.23527924085387
156.834522883618,14.40551768598978
156.8438582718849,11.457092679787749
156.85319366015176,27.860581994535412
156.86252904841865,1.1444386540152807
156.87186443668554,3.599259997094365
156.8811998249524,74.79383296816762
156.8905352132193,9.405114007423327
156.89987060148619,30.164268037899852
156.90920598975305,85.7453330333655
156.91854137801994,36.24308511921924
156.92787676628683,21.033449277422402
156.9372121545537,119.52006540611471
156.94654754282058,47.21650337206528
156.95588293108747,78.4625336158402
156.96521831935436,237.03207009846003
156.97455370762123,44.96966807431509
156.98388909588812,100.78711807505113
156.993224484155,6.964952903818667
157.00255987242187,164.12248341227374
157.01189526068876,7.166123585993097
157.02123064895565,7.606753505602986
157.0305660372225,76.16556103066856
157.0399014254894,35.22928827477928
157.0492368137563,81.8910953436819
157.05857220202316,75.61480522081946
157.06790759029005,27.53017950562386
157.07724297855694,11.26821700621837
157.08657836682383,0.1268106262029609
157.0959137550907,15.016273713887555
157.10524914335758,69.29384124390916
157.11458453162447,81.6366740298581
157.12391991989134,262.1007274699675
157.13325530815823,86.17191805270281
157.14259069642512,80.31728509398991
157.15192608469198,24.179706724460672
157.16126147295887,117.28065856867602
157.17059686122576,80.92389258082841
157.17993224949265,95.3126457332736
157.1892676377595,265.34770417227185
157.1986030260264,8.002619738743268
157.2079384142933,0.2744563139254029
157.21727380256016,89.46442500690179
157.22660919082705,83.3113358445169
157.23594457909394,15.056955001953565
157.2452799673608,155.59687273287258
157.2546153556277,18.667478779096726
157.26395074389458,13.25078115162915
157.27328613216145,92.40829536037343
157.28262152042834,81.53259510110172
157.29195690869523,65.0846710150731
157.30129229696212,206.0634556725783
157.31062768522898,59.66670863520319
157.31996307349587,68.90705025983945
157.32929846176276,36.36556019473779
157.33863385002962,34.27487938778493
157.3479692382965,9.169809908596786
157.3573046265634,44.70796827706991
157.36664001483027,14.233288981794589
157.37597540309716,40.994137649309536
157.38531079136405,58.4334768722842
157.3946461796309,16.401992324100952
157.4039815678978,49.65894445798418
157.4133169561647,10.741549179701785
157.42265234443158,71.8376295143322
157.43198773269845,9.63401524976278
157.44132312096534,21.46135405596205
157.45065850923223,92.81016694905317
157.4599938974991,0.23953328897421342
157.46932928576598,2.733550412652542
157.47866467403287,166.3306331032596
157.48800006229973,0.2636760967910783
157.49733545056662,24.75267435181898
157.50667083883351,104.23424015859051
157.51600622710038,59.30843931151025
157.52534161536727,13.384549931354485
157.53467700363416,47.52058963757986
157.54401239190105,150.71541431479196
157.5533477801679,3.334666770020041
157.5626831684348,15.425091947084681
157.5720185567017,35.146609478453136
157.58135394496855,24.391916065275673
157.59068933323545,9.684326533395115
157.60002472150234,45.78487754275579
157.6093601097692,113.57677116099698
157.6186954980361,132.80538602401063
157.62803088630298,210.4884526826475
157.63736627456984,283.8144973684135
157.64670166283673,34.76230686273382
157.65603705110362,15.68280219031545
157.66537243937051,18.970076411939925
157.67470782763738,33.89789294191058
157.68404321590427,22.43419646082426
157.69337860417116,16.370129139993324
157.70271399243802,35.44002492575268
157.7120493807049,59.46420095161298
157.7213847689718,12.03128404552636
157.73072015723866,12.106158080838025
157.74005554550556,3.60545046312708
157.74939093377245,265.97000213403356
157.75872632203934,40.761253134711765
157.7680617103062,64.1374203963204
157.7773970985731,50.002498592068264
157.78673248683998,63.036613951501266
157.79606787510684,23.27311430476389
157.80540326337373,251.90317765959804
157.81473865164062,53.25479584524651
157.8240740399075,95.51264342398585
157.83340942817438,164.75320404544362
157.84274481644127,288.5111040613098
157.85208020470813,51.47534579914608
157.86141559297502,15.429590508508722
157.8707509812419,45.09072290133443
157.8800863695088,36.70164269893325
157.88942175777566,36.56832749198687
157.89875714604256,162.6088297959652
157.90809253430945,48.763836075671016
157.9174279225763,121.73338402232511
157.9267633108432,78.75407440863836
157.9360986991101,11.78014443719714
157.94543408737695,80.61752290183145
157.95476947564384,76.60349481408305
157.96410486391073,12.724542964913983
157.9734402521776,15.120733546618709
157.9827756404445,6.712338706761824
157.99211102871138,8.826370250482707
158.00144641697827,30.90962441289277
158.01078180524513,5.7433277809696985
158.02011719351202,28.785120977314442
158.0294525817789,66.6555305540595
158.03878797004577,62.155537704024916
158.04812335831267,41.200192384518004
158.05745874657956,69.47798035448271
158.06679413484642,53.41464801512454
158.0761295231133,7.805715606601272
158.0854649113802,2.0710824013201368
158.09480029964706,4.707005929888987
158.10413568791395,70.09222829699729
158.11347107618084,3.239901713410631
158.12280646444773,7.409951728259712
158.1321418527146,52.526710932263434
158.1414772409815,35.528679450598574
158.15081262924838,87.9893251511593
158.16014801751524,139.93475234962932
158.16948340578213,379.55725760267
158.17881879404902,219.83394785540597
158.18815418231588,120.14283306404351
158.19748957058277,41.93210941224799
158.20682495884967,14.551460847420303
158.21616034711653,36.64048877373122
158.22549573538342,61.7089725404528
158.2348311236503,23.52726903165257
158.2441665119172,4.0147840436462285
158.25350190018406,188.05928393525812
158.26283728845095,46.42001900022879
158.27217267671784,6.208848483691323
158.2815080649847,95.861176039898
158.2908434532516,46.84201118663266
158.3001788415185,68.2310354311085
158.30951422978535,73.26434501773393
158.31884961805224,128.90281770248984
158.32818500631913,94.76519921191463
158.33752039458602,145.235805421082
158.34685578285288,38.4446258920961
158.35619117111978,15.314790958471393
158.36552655938667,51.576447144639474
158.37486194765353,62.34762745156707
158.38419733592042,192.62047042791474
158.3935327241873,36.094765050008824
158.40286811245417,42.97968605510145
158.41220350072106,121.77721331619925
158.42153888898795,85.68498804578158
158.43087427725482,16.506471875568355
158.4402096655217,5.050430967019384
158.4495450537886,188.42848290491983
158.4588804420555,12.029261618237005
158.46821583032235,41.770997187203264
158.47755121858924,32.457103350669286
158.48688660685613,282.7525815770224
158.496221995123,172.6898350794569
158.50555738338988,132.59569484717312
158.51489277165678,442.23150498971825
158.52422815992364,154.12777053351297
158.53356354819053,197.1996649990657
158.54289893645742,146.61846771266485
158.55223432472428,27.908064965926503
158.56156971299117,30.419682524594005
158.57090510125806,7.487449702824977
158.58024048952495,7.85829434493094
158.58957587779182,97.87318017990056
158.5989112660587,1.389804007885862
158.6082466543256,60.2772654152531
158.61758204259246,101.99703239327772
158.62691743085935,48.226786991661065
158.63625281912624,20.73224854044098
158.6455882073931,58.15163099686174
158.65492359566,15.480035052330356
158.66425898392689,142.002546074639
158.67359437219375,93.63761540386945
158.68292976046064,25.75760683055452
158.69226514872753,43.627389543661096
158.70160053699442,78.58412879165071
158.71093592526128,220.34912200261422
158.72027131352817,43.038371451042806
158.72960670179506,43.63593326167526
158.73894209006193,9.833447270576972
158.74827747832882,46.23107996377899
158.7576128665957,63.90263025925331
158.76694825486257,47.00304334356101
158.77628364312946,55.38376906832599
158.78561903139635,83.63058238980577
158.79495441966324,11.07358397698753
158.8042898079301,3.150012363624947
158.813625196197,9.643069860732183
158.82296058446389,79.4638004849274
158.83229597273075,11.725360322265336
158.84163136099764,31.393607870153918
158.85096674926453,16.733078338892085
158.8603021375314,130.18609048519116
158.86963752579828,207.7245954037573
158.87897291406517,50.29093331095463
158.88830830233204,201.72733882381246
158.89764369059893,191.35040847744284
158.90697907886582,57.415889785467705
158.9163144671327,82.42562687880188
158.92564985539957,9.065429170251548
158.93498524366646,136.76946557558995
158.94432063193335,12.95079185529075
158.9536560202002,95.55191213740405
158.9629914084671,7.86168877695976
158.972326796734,115.18529496727007
158.98166218500086,93.6116227512084
158.99099757326775,137.50891727386266
159.00033296153464,9.070426367850082
159.0096683498015,33.86532690374766
159.0190037380684,101.90153951496671
159.02833912633528,11.41678682845386
159.03767451460217,15.109066499270511
159.04700990286904,13.495465276683309
159.05634529113593,30.101540224219864
159.06568067940282,21.038033863555615
159.07501606766968,1.449212850874618
159.08435145593657,42.76746656958842
159.09368684420346,28.095716926670878
159.10302223247032,73.43682801777089
159.1123576207372,74.53530382880416
159.1216930090041,12.735762698354058
159.13102839727097,22.89729717216339
159.14036378553786,11.164194362113532
159.14969917380475,56.75602909348133
159.15903456207164,41.261562535754166
159.1683699503385,39.05761377281478
159.1777053386054,21.507941848391393
159.18704072687228,0.1456521262625657
159.19637611513915,92.87388821280011
159.20571150340604,6.694825452921344
159.21504689167293,27.60060457072982
159.2243822799398,27.445866818290718
159.23371766820668,76.51146485226057
159.24305305647357,49.521922839187155
159.25238844474043,20.051027247503967
159.26172383300732,112.7795858707498
159.27105922127421,80.4341097476449
159.2803946095411,27.786663365988574
159.28972999780797,39.5293621851487
159.29906538607486,129.66003954263564
159.30840077434175,14.260957350086933
159.3177361626086,17.745112184044082
159.3270715508755,69.99555743074905
159.3364069391424,5.180553719990416
159.34574232740925,8.655114775039491
159.35507771567615,49.76488873604404
159.36441310394304,2.8555718525270715
159.37374849220993,23.540299853492524
159.3830838804768,8.51463053355987
159.39241926874368,34.49445240914332
159.40175465701057,54.49291530793973
159.41109004527743,6.052618202949089
159.42042543354432,22.85832043885337
159.42976082181121,117.75785817106656
159.43909621007808,12.25982991869507
159.44843159834497,30.193613985442287
159.45776698661186,50.5904065918795
159.46710237487872,58.685198290254874
159.4764377631456,44.451464118795975
159.4857731514125,72.29247010393384
159.4951085396794,59.6870892743832
159.50444392794626,32.81254115882376
159.51377931621315,103.55527572923795
159.52311470448004,8.809658615883322
159.5324500927469,23.902239959618715
159.5417854810138,154.51174573373257
159.55112086928068,26.467396755049126
159.56045625754754,23.17393439476531
159.56979164581443,109.01089812943441
159.57912703408132,97.2988016715802
159.5884624223482,22.469572126708385
159.59779781061508,14.325192875270849
159.60713319888197,138.08986665954208
159.61646858714886,5.099038871020999
159.62580397541572,135.4380163718517
159.6351393636826,24.01599377286372
159.6444747519495,72.19315502708879
159.65381014021636,149.39729290481833
159.66314552848326,17.945244976407153
159.67248091675015,128.98130352858502
159.681816305017,169.78587274441003
159.6911516932839,158.8222570759795
159.7004870815508,278.82655367402555
159.70982246981765,118.03069819693744
159.71915785808454,12.483295060906249
159.72849324635143,41.21224276160184
159.73782863461832,104.58791340190432
159.7471640228852,167.62096215281338
159.75649941115208,61.01264520152644
159.76583479941897,5.650229630303539
159.77517018768583,3.5885759946280094
159.78450557595272,65.37130546666414
159.7938409642196,3.343743610475054
159.80317635248647,5.294643410085605
159.81251174075337,17.6387039529463
159.82184712902026,47.298660271035224
159.83118251728712,39.556741034377495
159.840517905554,48.02134639955854
159.8498532938209,28.838435331833182
159.8591886820878,272.22958270598207
159.86852407035465,90.44901510774925
159.87785945862154,9.91896418647084
159.88719484688843,30.20596547106583
159.8965302351553,44.4506865917943
159.9058656234222,16.5451522109444
159.91520101168908,1.0400154276163056
159.92453639995594,81.35552926873534
159.93387178822283,22.73762313560943
159.94320717648972,76.06352207524115
159.9525425647566,9.30534578738246
159.96187795302347,95.61301294217905
159.97121334129037,1.3521338053997976
159.98054872955726,138.93875784840145
159.98988411782412,145.31966438394304
159.999219506091,15.3686980191148
160.0085548943579,231.95725669309024
160.01789028262476,45.18245682992043
160.02722567089165,55.671362143526935
160.03656105915854,168.47444763266776
160.0458964474254,46.49730653604853
160.0552318356923,13.67769448596805
160.0645672239592,45.62010875687292
160.07390261222608,6.0903261539478795
160.08323800049294,222.50924620899414
160.09257338875983,129.32293566607336
160.10190877702672,59.33891489086356
160.11124416529358,131.1792993487419
160.12057955356048,9.403178044199539
160.12991494182737,75.82865233981305
160.13925033009423,3.6950171802781537
160.14858571836112,31.323610985017663
160.157921106628,60.91707191337398
160.16725649489487,14.4205821949993
160.17659188316176,6.062588398180426
160.18592727142865,38.186179654779714
160.19526265969554,20.380158351823937
160.2045980479624,41.242974108407175
160.2139334362293,6.931768063384981
160.2232688244962,16.392836452876743
160.23260421276305,6.672087908319827
160.24193960102994,73.49411112732619
160.25127498929683,16.443769173916635
160.2606103775637,23.091254089996017
160.26994576583058,176.15625891865392
160.27928115409748,89.50985526055209
160.28861654236434,61.040715027804694
160.29795193063123,271.3971926391985
160.30728731889812,121.11064118445208
160.316622707165,57.80139986536816
160.32595809543187,135.19801735215776
160.33529348369876,33.81095221325497
160.34462887196565,2.635983253435912
160.35396426023252,21.723134867802738
160.3632996484994,46.46285212171858
160.3726350367663,11.772106547490298
160.38197042503316,11.17778247928916
160.39130581330005,30.383028787173448
160.40064120156694,59.93632799439141
160.4099765898338,63.78707602599516
160.4193119781007,87.43094630241352
160.42864736636758,101.58149321228322
160.43798275463448,34.33931612635781
160.44731814290134,36.42935663726774
160.45665353116823,44.03688423691997
160.46598891943512,36.56106938242817
160.47532430770198,37.594735279081654
160.48465969596887,165.79107292147933
160.49399508423576,71.3117849768203
160.50333047250263,29.953659283870657
160.51266586076952,27.201138563083745
160.5220012490364,13.882927745021568
160.5313366373033,56.061874073622796
160.54067202557016,120.30317953748907
160.55000741383705,0.1523751999206375
160.55934280210394,6.275415481122996
160.5686781903708,18.709833229354647
160.5780135786377,118.06540723671586
160.58734896690459,183.1486289137281
160.59668435517145,38.69072938446183
160.60601974343834,28.927616517601066
160.61535513170523,95.30838089580328
160.6246905199721,41.70562109648979
160.63402590823898,20.126640500877226
160.64336129650587,37.47461887510687
160.65269668477276,186.24999613389053
160.66203207303963,2.993762655759499
160.67136746130652,88.42095995873288
160.6807028495734,101.03125460163886
160.69003823784027,59.90355677809552
160.69937362610716,93.8951624358288
160.70870901437405,60.2553918977504
160.7180444026409,101.993419596571
160.7273797909078,35.92055706130079
160.7367151791747,40.30149626049004
160.74605056744156,62.83241412814695
160.75538595570845,11.961096556247242
160.76472134397534,16.949072854723237
160.77405673224223,93.56000654404089
160.7833921205091,3.3731016980295054
160.79272750877598,2.2456415442707023
160.80206289704287,40.288743129234064
160.81139828530974,2.8801461289449395
160.82073367357663,33.21530104699617
160.83006906184352,75.98411120888775
160.83940445011038,13.440189945960126
160.84873983837727,12.09107642170266
160.85807522664416,78.97337113833028
160.86741061491102,72.00765986805156
160.8767460031779,141.01013718896868
160.8860813914448,68.64217904247649
160.8954167797117,62.03495346856388
160.90475216797856,130.16862794716138
160.91408755624545,92.37937543077311
160.92342294451234,97.76725885445217
160.9327583327792,124.20784770375388
160.9420937210461,9.734167984644209
160.95142910931298,7.216902885018241
160.96076449757985,5.980229499253196
160.97009988584674,89.95284612363494
160.97943527411363,6.781397348039894
160.9887706623805,33.6522435143551
160.99810605064738,97.60336757249408
161.00744143891427,29.61082089566164
161.01677682718116,110.07045974467538
161.02611221544802,15.910132353415896
161.0354476037149,55.57956377321496
161.0447829919818,11.827636884444612
161.05411838024867,33.41015136754784
161.06345376851556,3.7682358356695382
161.07278915678245,27.85165392732629
161.0821245450493,20.845494342343308
161.0914599333162,14.302436786462117
161.1007953215831,15.319690389691383
161.11013070984998,0.20701839115267476
161.11946609811685,47.14081048174671
161.12880148638374,86.26173043133878
161.13813687465063,47.659377523181185
161.1474722629175,67.46900770912357
161.15680765118438,47.92707267156581
161.16614303945127,48.84736982284623
161.17547842771813,163.8337840463173
161.18481381598502,13.246208580766066
161.19414920425191,50.72767661576766
161.20348459251878,38.79238045130016
161.21281998078567,52.361419729678566
161.22215536905256,5.75134006007841
161.23149075731945,85.14494508782815
161.2408261455863,17.298486697221545
161.2501615338532,57.736031546773575
161.2594969221201,14.805781551344419
161.26883231038695,42.68911628210557
161.27816769865385,21.48793605357115
161.28750308692074,49.89496275385427
161.2968384751876,5.018511925380258
161.3061738634545,17.39693761824365
161.31550925172138,52.66309764376975
161.32484463998824,118.01480013450913
161.33418002825513,37.87186277744087
161.34351541652202,8.618221387019888
161.35285080478891,83.54804647470736
161.36218619305578,38.49982549897708
161.37152158132267,82.82807143084962
161.38085696958956,16.060751829312846
161.39019235785642,28.582880908426407
161.3995277461233,127.61864094631567
161.4088631343902,13.309572030369395
161.41819852265706,23.81826488668514
161.42753391092396,4.598636437235859
161.43686929919085,82.55855334278581
161.4462046874577,12.533874679640778
161.4555400757246,20.363955527351536
161.4648754639915,118.0969136334247
161.47421085225838,14.023465063335419
161.48354624052524,5.91618008969491
161.49288162879213,4.127644821160028
161.50221701705902,38.18275372929127
161.5115524053259,12.921157869091354
161.52088779359278,3.0761876223169757
161.53022318185967,36.72982133942696
161.53955857012653,0.7177366569647893
161.54889395839342,22.197556507802208
161.5582293466603,19.016286138480442
161.5675647349272,41.423315461632605
161.57690012319406,39.767912750298706
161.58623551146096,22.938736940924382
161.59557089972785,0.2627686313844658
161.6049062879947,156.95852488350295
161.6142416762616,59.77253286932945
161.6235770645285,107.33156436843564
161.63291245279535,49.243124364872386
161.64224784106224,66.14904700592848
161.65158322932913,28.05853344141629
161.660918617596,43.4738505677522
161.6702540058629,77.64083700556344
161.67958939412978,8.706957596537837
161.68892478239667,20.938765838898625
161.69826017066353,15.948493049742726
161.70759555893042,9.14810107780453
161.7169309471973,23.609039157147706
161.72626633546417,57.3864949106819
161.73560172373107,50.34879248564061
161.74493711199796,24.50383156153449
161.75427250026482,1.4306898008126367
161.7636078885317,14.07527574874455
161.7729432767986,69.43389990158153
161.78227866506546,26.93046706099172
161.79161405333235,22.287660724792342
161.80094944159924,82.07326532608514
161.81028482986613,33.49228954387854
161.819620218133,19.1080007464602
161.8289556063999,13.374437645329259
161.83829099466678,123.5012081567162
161.84762638293364,9.54697036208603
161.85696177120053,19.330531065108893
161.86629715946742,73.26899659782039
161.87563254773428,58.34072995830092
161.88496793600117,17.01639287464819
161.89430332426807,17.331942081209515
161.90363871253493,152.35167271833868
161.91297410080182,142.58029576375299
161.9223094890687,54.26026582166164
161.9316448773356,55.86988552602896
161.94098026560246,142.90592322949286
161.95031565386935,51.03605709602906
161.95965104213624,4.192620498442505
161.9689864304031,3.646879591211485
161.97832181867,76.8592675500485
161.9876572069369,45.0545594979396
161.99699259520375,33.246554305095955
162.00632798347064,12.53989400784577
162.01566337173753,52.336619229751726
162.0249987600044,41.13010643805581
162.03433414827128,17.10857352432092
162.04366953653818,52.65383252882954
162.05300492480507,1.4634827886006367
162.06234031307193,6.923763279122024
162.07167570133882,13.074025124222539
162.0810110896057,28.92837167664533
162.09034647787257,50.04781142971497
162.09968186613946,60.379790377190915
162.10901725440635,23.201602103683484
162.11835264267322,125.17305276714042
162.1276880309401,105.57859925580179
162.137023419207,82.17590018994936
162.1463588074739,124.1594033383506
162.15569419574075,21.416474774968247
162.16502958400764,50.432800170121986
162.17436497227453,75.22939906746048
162.1837003605414,157.23068898081803
162.19303574880828,24.68755137571118
162.20237113707518,104.01389938205992
162.21170652534204,75.02660771225467
162.22104191360893,35.38397899228253
162.23037730187582,1.0760983496104357
162.23971269014268,189.08581092855482
162.24904807840957,26.767218345241076
162.25838346667646,2.427541782284203
162.26771885494335,123.30760532285056
162.27705424321022,1.3134474482012761
162.2863896314771,2.606000990791812
162.295725019744,21.587236860860294
162.30506040801086,9.651706667626069
162.31439579627775,9.264497036464732
162.32373118454464,28.196211547778923
162.3330665728115,13.046184178414595
162.3424019610784,5.887602416268285
162.35173734934529,13.029509472352848
162.36107273761215,8.467342067458045
162.37040812587904,111.52046961052721
162.37974351414593,61.481790196477256
162.38907890241282,126.75254515601203
162.39841429067968,37.71326234827729
162.40774967894657,420.0301263533725
162.41708506721346,159.32675374006052
162.42642045548033,131.56329263892476
162.43575584374722,48.88488093178631
162.4450912320141,17.493497324079026
162.45442662028097,6.756850372267696
162.46376200854786,94.09046916967401
162.47309739681475,31.814254961366583
162.4824327850816,43.11110970790673
162.4917681733485,40.97789209121606
162.5011035616154,43.17073782127316
162.51043894988229,7.40774113540023
162.51977433814915,4.149673788541082
162.52910972641604,24.13352990044277
162.53844511468293,11.552490115663796
162.5477805029498,9.924705633528166
162.55711589121668,5.66008874821914
162.56645127948357,8.407128424619119
162.57578666775044,2.8588131100167207
162.58512205601733,179.03379214081397
162.59445744428422,156.16061807556991
162.60379283255108,350.76621547897497
162.61312822081797,457.1723516101374
162.62246360908486,223.60299694434931
162.63179899735175,161.4432262547644
162.6411343856186,32.97610671450433
162.6504697738855,4.810747284277176
162.6598051621524,4.3750951834418155
162.66914055041926,3.7577305501968405
162.67847593868615,6.804247763326219
162.68781132695304,9.683837066136876
162.6971467152199,16.146302897090013
162.7064821034868,7.539298028906731
162.71581749175368,8.350768778089396
162.72515288002057,6.236126490405027
162.73448826828744,36.3804117570604
162.74382365655433,4.903844345589393
162.75315904482122,22.890820644378536
162.76249443308808,126.50812679346943
162.77182982135497,107.63505658620664
162.78116520962186,122.69078597026872
162.79050059788872,121.35858323184786
162.7998359861556,110.70221283822708
162.8091713744225,84.84113472285024
162.81850676268937,40.84172740713876
162.82784215095626,36.481935506224744
162.83717753922315,122.56056042120231
162.84651292749004,41.624211802885256
162.8558483157569,90.7818443501688
162.8651837040238,184.7313188303515
162.87451909229068,11.179521347734248
162.88385448055755,40.80343272790119
162.89318986882444,10.883518424956147
162.90252525709133,288.2457492241089
162.9118606453582,14.249703186808604
162.92119603362508,76.65542456319221
162.93053142189197,127.730218512668
162.93986681015883,40.17431044137865
162.94920219842572,39.37559404003162
162.95853758669261,183.37920637272885
162.9678729749595,56.84037302767224
162.97720836322637,43.065112247831664
162.98654375149326,6.283969134860547
162.99587913976015,3.1649886683402855
163.005214528027,5.854969573920625
163.0145499162939,79.8487729982456
163.0238853045608,43.978880638433125
163.03322069282765,58.5974043279689
163.04255608109455,168.51594588849764
163.05189146936144,2.6641496506063143
163.0612268576283,16.79274866774112
163.0705622458952,7.113929548479669
163.07989763416208,185.69346996271724
163.08923302242897,29.86006826849367
163.09856841069583,66.98104914250474
163.10790379896272,68.66519732033501
163.11723918722961,2.274881810973687
163.12657457549648,0.3546274236220125
163.13590996376337,6.713869799724407
163.14524535203026,1.9640320757551435
163.15458074029712,1.6504409379318496
163.163916128564,33.65337540065559
163.1732515168309,1.6213227518409061
163.18258690509776,16.652579288193945
163.19192229336466,36.420253231117705
163.20125768163155,59.51152715676291
163.21059306989844,15.579689888013556
163.2199284581653,13.137149430092103
163.2292638464322,155.24396050878124
163.23859923469908,44.17152758019435
163.24793462296594,7.481695742662679
163.25727001123283,151.40627209130108
163.26660539949972,50.71538779162937
163.2759407877666,2.367682976383527
163.28527617603348,97.21268856953391
163.29461156430037,33.47894149379259
163.30394695256726,97.94307711950474
163.31328234083412,127.6723043309589
163.322617729101,28.503542770542598
163.3319531173679,15.330411131375358
163.34128850563476,7.42248615871872
163.35062389390166,27.07118911398385
163.35995928216855,60.446422777221464
163.3692946704354,7.931046249246744
163.3786300587023,4.6221492368865755
163.3879654469692,29.570111391807668
163.39730083523605,82.44219840382306
163.40663622350294,38.524862606881605
163.41597161176983,28.150021395992873
163.42530700003672,36.677249654551886
163.4346423883036,35.56634872778087
163.44397777657048,110.01074875011642
163.45331316483737,111.04582340379349
163.46264855310423,53.425079427765425
163.47198394137112,32.33537175738413
163.481319329638,13.256139031439066
163.49065471790487,14.152923821193445
163.49999010617177,51.245606684232776
163.50932549443866,74.73360739671804
163.51866088270552,198.8650395659457
163.5279962709724,91.74893773880176
163.5373316592393,58.10129860208594
163.5466670475062,2.5577793106464517
163.55600243577305,126.5795091089562
163.56533782403994,73.37992163936244
163.57467321230683,91.76725226356236
163.5840086005737,71.5438124396056
163.5933439888406,67.08069152185139
163.60267937710748,15.164202491396356
163.61201476537434,15.849610822619566
163.62135015364123,108.39581217192958
163.63068554190812,18.130185644378294
163.64002093017498,44.976357434806125
163.64935631844187,44.997405884093546
163.65869170670877,28.081196582171565
163.66802709497566,1.0346872016352004
163.67736248324252,47.116297523370285
163.6866978715094,127.30430018919293
163.6960332597763,5.206099675252007
163.70536864804316,65.8108973528339
163.71470403631005,50.37049964751413
163.72403942457694,37.902927607264175
163.7333748128438,102.51262973975828
163.7427102011107,6.68200933840797
163.7520455893776,62.83500767902708
163.76138097764445,197.7797824663308
163.77071636591134,66.22479410616029
163.78005175417823,43.66741582624957
163.78938714244512,19.017487757320332
163.79872253071198,34.37490172643891
163.80805791897888,86.00565945287893
163.81739330724577,25.942452423941027
163.82672869551263,61.68039847912658
163.83606408377952,16.36863544016336
163.8453994720464,80.95969759028625
163.85473486031327,65.13161094426206
163.86407024858016,31.973497056562003
163.87340563684705,45.02361058173317
163.88274102511394,58.316763272425156
163.8920764133808,232.0374415132356
163.9014118016477,59.491746110378266
163.9107471899146,13.130551695222048
163.92008257818145,385.3472399323087
163.92941796644834,14.720334544283327
163.93875335471523,26.27321058496384
163.9480887429821,71.46394673433224
163.95742413124898,177.31711878871948
163.96675951951588,41.902727810159725
163.97609490778274,26.93471329616484
163.98543029604963,224.38866274395582
163.99476568431652,19.584119393989216
164.0041010725834,21.39318250682163
164.01343646085027,3.1032536750934154
164.02277184911716,31.076238598473385
164.03210723738405,3.8020113720873967
164.04144262565092,36.89580399397488
164.0507780139178,50.297313594244265
164.0601134021847,48.168050141190335
164.06944879045156,13.74154311923864
164.07878417871845,76.37006037811094
164.08811956698534,16.569486285477648
164.0974549552522,290.67097914993127
164.1067903435191,101.48035150408147
164.11612573178598,303.2731832525049
164.12546112005288,324.0637878883373
164.13479650831974,27.42137919948592
164.14413189658663,99.48644654992026
164.15346728485352,70.12949205195201
164.16280267312038,5.592839806655896
164.17213806138727,15.020036207727076
164.18147344965416,16.983164566673288
164.19080883792103,74.0673717873747
164.20014422618792,31.62446497188561
164.2094796144548,28.90486952156579
164.21881500272167,92.76325248528795
164.22815039098856,100.18379680104148
164.23748577925545,57.26479592329298
164.24682116752234,162.43883792960798
164.2561565557892,7.96056048153206
164.2654919440561,130.57667393887974
164.27482733232299,146.13315695856113
164.28416272058985,79.38604429359374
164.29349810885674,83.97057574709515
164.30283349712363,590.0372570743614
164.3121688853905,141.9308988437099
164.32150427365738,130.589984855549
164.33083966192427,124.18403379391277
164.34017505019116,105.45934363212416
164.34951043845803,134.84250594789077
164.35884582672492,24.970363245159874
164.3681812149918,91.89808053580325
164.37751660325867,46.315754210793855
164.38685199152556,6.072789625560862
164.39618737979245,17.74939035986638
164.4055227680593,65.43283109799525
164.4148581563262,16.471325240126554
164.4241935445931,0.8915470372739597
164.43352893285996,7.99639060135391
164.44286432112685,14.525725597389245
164.45219970939374,8.769091682436544
164.46153509766063,20.03642347566575
164.4708704859275,13.699037603449488
164.48020587419438,37.78954867237168
164.48954126246127,56.4266341258754
164.49887665072814,37.0687082008225
164.50821203899503,12.76716336677774
164.51754742726192,21.93964799754108
164.52688281552878,5.89930399867661
164.53621820379567,6.081513100127503
164.54555359206256,5.622123798579348
164.55488898032942,0.426394860695954
164.5642243685963,17.40443689588326
164.5735597568632,60.60507840569661
164.5828951451301,27.116033818739982
164.59223053339696,39.606809361290416
164.60156592166385,50.90885860000903
164.61090130993074,28.419274370436913
164.6202366981976,11.52728329947806
164.6295720864645,24.446091157091765
164.63890747473138,15.603037054099039
164.64824286299825,15.101982331206724
164.65757825126514,24.799633823347705
164.66691363953203,5.580736785260623
164.6762490277989,46.377147951929
164.68558441606578,33.629858958697696
164.69491980433267,85.51126327569477
164.70425519259956,34.57124125884276
164.71359058086642,44.473115858472404
164.7229259691333,151.57357823397803
164.7322613574002,18.042225065855913
164.74159674566707,84.64055050413513
164.75093213393396,68.27084605991041
164.76026752220085,75.47462013376702
164.7696029104677,25.18564565515284
164.7789382987346,23.43902450903952
164.7882736870015,77.300514527148
164.79760907526835,29.401598086882437
164.80694446353525,111.77735304900341
164.81627985180214,41.39383864801144
164.82561524006903,9.801902250352118
164.8349506283359,60.012111698247516
164.84428601660278,84.02768802130284
164.85362140486967,154.28213402949865
164.86295679313653,28.591416558401757
164.87229218140342,285.7880308359753
164.88162756967031,14.107228130006538
164.89096295793718,0.587381686291024
164.90029834620407,58.20076091987887
164.90963373447096,103.73855670879573
164.91896912273785,54.764886505272074
164.9283045110047,44.643226131753465
164.9376398992716,16.905246159094474
164.9469752875385,68.54975860365673
164.95631067580536,7.880873203615918
164.96564606407225,24.845709698492257
164.97498145233914,72.30782075665877
164.984316840606,3.3193481910189995
164.9936522288729,36.861876535550635
165.00298761713978,30.07300474534851
165.01232300540664,8.122427973331666
165.02165839367353,17.317819188201323
165.03099378194042,10.03671589603193
165.04032917020731,22.271307256658833
165.04966455847418,41.621608115305
165.05899994674107,27.567605085663462
165.06833533500796,56.60006015454145
165.07767072327482,150.67260331241263
165.0870061115417,52.77494244203078
165.0963414998086,34.610517219154495
165.10567688807546,145.88253008026646
165.11501227634236,65.47007133885826
165.12434766460925,1.378419992719668
165.1336830528761,64.2883461886877
165.143018441143,55.74835557535614
165.1523538294099,1.8858086579760145
165.16168921767678,29.754521300101032
165.17102460594364,61.815156159955116
165.18035999421053,20.355379979930255
165.18969538247742,11.414564620652342
165.1990307707443,98.37186682518589
165.20836615901118,52.785549974700274
165.21770154727807,78.29300639791003
165.22703693554493,60.32348248601776
165.23637232381182,2.6409764685639296
165.2457077120787,9.600054190158374
165.25504310034557,45.32704555347575
165.26437848861246,143.8923671122346
165.27371387687936,34.070688837938086
165.28304926514625,110.38213111769812
165.2923846534131,57.30572516885332
165.30172004168,25.133721982802545
165.3110554299469,25.28788238469504
165.32039081821375,6.650645830448039
165.32972620648064,67.58830190116588
165.33906159474753,1.6111337770053333
165.3483969830144,58.09315282802457
165.3577323712813,45.32351579369244
165.36706775954818,41.03338181814166
165.37640314781504,80.03720693450548
165.38573853608193,50.57334621981007
165.39507392434882,123.5565877434516
165.4044093126157,99.6618161148451
165.41374470088257,111.11113987968547
165.42308008914947,48.38447906079647
165.43241547741636,49.655081394763535
165.44175086568322,18.719510909198366
165.4510862539501,15.160403654471514
165.460421642217,4.667364732611872
165.46975703048386,132.06111603509987
165.47909241875075,9.531655428042242
165.48842780701764,5.263697778228267
165.49776319528453,22.741649800715567
165.5070985835514,25.801641924727644
165.5164339718183,2.7778801397280812
165.52576936008518,30.725916507644143
165.53510474835204,51.74808843295935
165.54444013661893,37.455229866829626
165.55377552488582,7.809194396058965
165.56311091315268,22.094978179774845
165.57244630141957,20.508623322654564
165.58178168968647,93.73049199418682
165.59111707795333,45.516809929012936
165.60045246622022,23.51011563818854
165.6097878544871,69.73183272129265
165.619123242754,149.5127108636722
165.62845863102086,96.56668477896422
165.63779401928775,15.236544008796683
165.64712940755464,167.82767340911968
165.6564647958215,41.29802056220921
165.6658001840884,1.9441218875721245
165.6751355723553,68.12975930082902
165.68447096062215,17.388925895006597
165.69380634888904,16.527432265748047
165.70314173715593,30.818891212986628
165.7124771254228,18.537245432821173
165.72181251368968,20.168151311490107
165.73114790195658,33.217444849610345
165.74048329022347,12.98847074657995
165.74981867849033,104.77137074427871
165.75915406675722,7.913569999779333
165.7684894550241,35.05556046446993
165.77782484329097,120.27865504690502
165.78716023155786,12.301023950810293
165.79649561982475,40.702782500343474
165.80583100809162,90.89285403484466
165.8151663963585,13.888689539143531
165.8245017846254,76.4120338532356
165.83383717289226,67.10674667314387
165.84317256115915,11.078038234563753
165.85250794942604,37.01012476688439
165.86184333769293,88.06786011814627
165.8711787259598,69.1879151938442
165.88051411422668,52.92738055018684
165.88984950249358,36.01227049265794
165.89918489076044,180.71334235581037
165.90852027902733,194.04866143435765
165.91785566729422,30.13454838401628
165.92719105556108,67.51172627057659
165.93652644382797,94.50213060535665
165.94586183209486,58.421783345225734
165.95519722036173,11.508935178928551
165.96453260862862,13.015817122396628
165.9738679968955,302.1077432381962
165.9832033851624,66.91937744949529
165.99253877342926,40.32585336520734
166.00187416169615,416.6636591345368
166.01120954996304,7.192006209346459
166.0205449382299,29.016691966727354
166.0298803264968,242.452832453077
166.03921571476369,70.34485870416623
166.04855110303055,4.2186835327508145
166.05788649129744,293.6928177803255
166.06722187956433,28.56163636822455
166.07655726783122,225.53902693663784
166.08589265609808,216.83160714028892
166.09522804436497,65.5984556033778
166.10456343263186,280.9618203214867
166.11389882089873,47.53196974872609
166.12323420916562,107.90936896729367
166.1325695974325,8.0025711622836
166.14190498569937,134.46965684312957
166.15124037396626,3.2713186264273495
166.16057576223315,9.943260268059714
166.1699111505,30.29132317275105
166.1792465387669,30.346106192320466
166.1885819270338,37.14217350258879
166.19791731530069,33.304299990715904
166.20725270356755,32.1138568810793
166.21658809183444,8.607936495753842
166.22592348010133,1.8916287162057
166.2352588683682,26.49447116745764
166.24459425663508,146.9069777946291
166.25392964490197,46.78325061818081
166.26326503316884,33.10084288741024
166.27260042143573,48.40208391415933
166.28193580970262,53.23607586649236
166.29127119796948,42.57389392765571
166.30060658623637,9.806469701795182
166.30994197450326,31.17773930490639
166.31927736277015,16.176592573489536
166.328612751037,59.59787126137261
166.3379481393039,101.91971199084354
166.3472835275708,51.431103494187624
166.35661891583766,24.605001481606074
166.36595430410455,14.59665838401356
166.37528969237144,63.28944845667746
166.3846250806383,32.885325639538436
166.3939604689052,58.28093070092154
166.40329585717208,47.3927134680989
166.41263124543894,44.29557332073866
166.42196663370584,46.676584429238105
166.43130202197273,43.6876627182041
166.44063741023962,120.84521294927235
166.44997279850648,85.12509056909973
166.45930818677337,12.62177889081454
166.46864357504026,69.43754412151794
166.47797896330712,59.23361762912103
166.487314351574,14.435972419891073
166.4966497398409,6.495875888599508
166.50598512810777,101.77883528780094
166.51532051637466,43.42561973025212
166.52465590464155,11.121038727480043
166.5339912929084,0.13864399606076766
166.5433266811753,146.6473805329429
166.5526620694422,2.298395498912446
166.56199745770908,34.925633319308766
166.57133284597595,84.75597920300865
166.58066823424284,16.99843643257906
166.59000362250973,78.73298043215428
166.5993390107766,29.380826210422423
166.60867439904348,5.209468399040659
166.61800978731037,208.1467714971007
166.62734517557723,31.79622381428215
166.63668056384412,87.64698858054193
166.64601595211101,106.2570762195498
166.6553513403779,3.8374259441287273
166.66468672864477,39.901534572221315
166.67402211691166,10.299601577584665
166.68335750517855,0.6474508903672646
166.6926928934454,45.05649998977859
166.7020282817123,4.939544091523175
166.7113636699792,74.04607473239675
166.72069905824605,106.12381047941668
166.73003444651295,31.64793680479926
166.73936983477984,242.62584054732886
166.7487052230467,28.14572371218389
166.7580406113136,19.756489087230005
166.76737599958048,20.174310988205487
166.77671138784737,113.79126817953815
166.78604677611423,74.92833250298614
166.79538216438112,96.68341640360623
166.80471755264801,68.50486249884993
166.81405294091488,5.088611580266435
166.82338832918177,1.1084549427760424
166.83272371744866,25.887171222841125
166.84205910571552,29.972761766680584
166.8513944939824,75.11962023812902
166.8607298822493,74.7813811133574
166.87006527051616,58.40541245188078
166.87940065878306,113.26270932031896
166.88873604704995,37.51566788194261
166.89807143531684,29.27220821200582
166.9074068235837,74.65671026561601
166.9167422118506,8.137059772639741
166.92607760011748,51.95301883067885
166.93541298838434,39.54289999310334
166.94474837665123,81.76602343075461
166.95408376491812,27.35610652090381
166.963419153185,12.667833175984702
166.97275454145188,76.83965303643524
166.98208992971877,54.59119940406035
166.99142531798563,114.15099433970742
167.00076070625252,10.354483476676409
167.0100960945194,116.5295263299067
167.0194314827863,122.09820185470403
167.02876687105316,105.12155393136477
167.03810225932006,38.876514308180006
167.04743764758695,6.250290967141607
167.0567730358538,9.77627496600207
167.0661084241207,96.32919757857184
167.0754438123876,6.829887064900633
167.08477920065445,43.78432385770114
167.09411458892134,8.364957965742725
167.10344997718823,82.5569418305147
167.11278536545512,16.404703833305213
167.122120753722,6.673141288692585
167.13145614198888,10.737851385620896
167.14079153025577,39.955674889029275
167.15012691852263,59.74409447355161
167.15946230678952,6.680763174632828
167.1687976950564,28.227633577548662
167.17813308332327,14.666479785751882
167.18746847159017,18.708442021132832
167.19680385985706,1.9146786913745675
167.20613924812392,12.769776615339762
167.2154746363908,25.03447430554387
167.2248100246577,1.0572209249452236
167.2341454129246,36.25491751481147
167.24348080119145,47.45033851311291
167.25281618945834,76.98854252122328
167.26215157772523,90.67234234403813
167.2714869659921,332.3861283492092
167.280822354259,38.870206042643474
167.29015774252588,18.36094531735478
167.29949313079274,43.22926728566017
167.30882851905963,128.57245402332123
167.31816390732652,101.02671351818587
167.32749929559338,64.20685241382783
167.33683468386027,122.89786260859483
167.34617007212717,97.34411473711029
167.35550546039406,19.407177617348292
167.36484084866092,30.87791383656285
167.3741762369278,124.9548182716454
167.3835116251947,30.21525045046085
167.39284701346156,17.21067667503491
167.40218240172845,79.24985913228748
167.41151778999534,5.70508822797577
167.4208531782622,1.9361260944760266
167.4301885665291,9.156693340794396
167.439523954796,8.112635835683644
167.44885934306285,0.0910418651830313
167.45819473132974,14.319297421380789
167.46753011959663,19.75609057712467
167.47686550786352,1.128824729060963
167.48620089613038,56.649843984757496
167.49553628439728,65.19240833120509
167.50487167266417,27.044305066184027
167.51420706093103,95.83033924955916
167.52354244919792,48.23904218816006
167.5328778374648,41.11273289214427
167.54221322573167,76.5419031732428
167.55154861399856,61.221767519368804
167.56088400226545,64.21668042022353
167.57021939053232,18.079966909933383
167.5795547787992,30.641909469653275
167.5888901670661,0.7256073836585236
167.598225555333,32.89766814739159
167.60756094359985,32.237942784659765
167.61689633186674,64.91854705775044
167.62623172013363,27.071648459487136
167.6355671084005,39.36691614007642
167.64490249666738,37.303355682862254
167.65423788493428,19.514807929160618
167.66357327320114,52.69828870565784
167.67290866146803,22.28814223043347
167.68224404973492,37.21000661397718
167.6915794380018,15.635956767693223
167.70091482626867,4.145548418013192
167.71025021453556,17.215451127821158
167.71958560280245,50.979062363973334
167.72892099106932,80.69290646457362
167.7382563793362,125.1346951830897
167.7475917676031,92.29034369324057
167.75692715586996,185.04468905664635
167.76626254413685,8.733791748834902
167.77559793240374,114.15426694107289
167.7849333206706,19.421730674122422
167.7942687089375,102.55227906043523
167.80360409720438,1.2063302147285244
167.81293948547128,51.97850046314339
167.82227487373814,39.30838891268511
167.83161026200503,9.454450905854547
167.84094565027192,25.985720928580054
167.85028103853878,4.598259062580629
167.85961642680567,38.68521920575467
167.86895181507256,46.57530656053378
167.87828720333943,5.590199117972077
167.88762259160632,79.34977322295443
167.8969579798732,16.793199148523193
167.90629336814007,16.66387443063481
167.91562875640696,47.95919784136373
167.92496414467385,44.620689320689756
167.93429953294074,3.584758025761901
167.9436349212076,67.29933726764462
167.9529703094745,30.603855128134516
167.96230569774139,36.92097626457912
167.97164108600825,41.53820652772446
167.98097647427514,46.107366315729045
167.99031186254203,25.04184563652786
167.9996472508089,0.5213137011166009
168.00898263907578,71.49278239709129
168.01831802734267,0.9933014577780712
168.02765341560954,48.0823746456397
168.03698880387643,65.4049073930554
168.04632419214332,11.679867965103206
168.0556595804102,83.95779191421079
168.06499496867707,74.96325489828553
168.07433035694396,35.741489299945584
168.08366574521085,84.77890798713265
168.0930011334777,29.713254194936855
168.1023365217446,49.013091586101595
168.1116719100115,97.768388763252
168.12100729827836,55.023688924346054
168.13034268654525,52.69115432284273
168.13967807481214,9.45712246884616
168.149013463079,40.72390194277716
168.1583488513459,18.92547629650486
168.16768423961278,66.38399344307429
168.17701962787967,118.17856175792501
168.18635501614654,0.5914416311980889
168.19569040441343,9.020757887883011
168.20502579268032,83.53516459787689
168.21436118094718,37.35006118509316
168.22369656921407,99.83840725406317
168.23303195748096,94.1492579978299
168.24236734574782,21.680747704719415
168.2517027340147,47.7682515831659
168.2610381222816,31.50245854826945
168.2703735105485,19.002594674921816
168.27970889881536,30.822198667953522
168.28904428708225,12.412668456046399
168.29837967534914,54.70997055558982
168.307715063616,47.055863471176
168.3170504518829,50.777796230442355
168.32638584014978,47.49594548167801
168.33572122841665,2.4898834423838285
168.34505661668354,67.50904652156676
168.35439200495043,17.010132479932615
168.3637273932173,4.547241525230584
168.37306278148418,63.86929474286856
168.38239816975107,4.058354635852786
168.39173355801796,1.0225013037129835
168.40106894628482,22.16171325043451
168.4104043345517,75.43066951178271
168.4197397228186,6.363869081780582
168.42907511108547,12.880121144352835
168.43841049935236,40.90347118641704
168.44774588761925,106.0633023455823
168.4570812758861,79.57720387371768
168.466416664153,67.04402499059174
168.4757520524199,66.60726180913728
168.48508744068675,25.84554797856074
168.49442282895365,62.320309886869865
168.50375821722054,59.35737039215783
168.51309360548743,35.3810877760473
168.5224289937543,1.408473640451401
168.53176438202118,114.06124840070376
168.54109977028807,8.013075392796747
168.55043515855493,8.050739740585998
168.55977054682182,23.687781111587533
168.56910593508871,11.942093701143742
168.57844132335558,5.8679085132500415
168.58777671162247,10.101443764751288
168.59711209988936,21.962665085187858
168.60644748815622,3.8808608821488586
168.6157828764231,10.685694748163689
168.62511826469,26.17420175301698
168.6344536529569,25.812623150019498
168.64378904122376,7.346061841823937
168.65312442949065,26.002655318147767
168.66245981775754,6.8517664865601695
168.6717952060244,104.63117876111716
168.6811305942913,60.84747562954537
168.69046598255818,14.066716306101497
168.69980137082504,61.01882854133439
168.70913675909193,6.449033034197059
168.71847214735882,10.760336682523088
168.7278075356257,69.4798040693138
168.73714292389258,35.48946583187217
168.74647831215947,227.09610883130432
168.75581370042636,92.66917308035994
168.76514908869322,63.10300285020609
168.7744844769601,55.69181292862487
168.783819865227,47.430454420590955
168.79315525349386,39.664282058008325
168.80249064176076,7.72280415341216
168.81182603002765,55.7428216743059
168.8211614182945,10.08766878207277
168.8304968065614,15.589377719701318
168.8398321948283,26.725321391626913
168.84916758309518,13.934365098403376
168.85850297136204,27.124285179472746
168.86783835962893,191.28298570721833
168.87717374789582,75.55795818870584
168.8865091361627,36.47740949574317
168.89584452442958,58.60471297751116
168.90517991269647,77.808379663782
168.91451530096333,223.34222748433265
168.92385068923022,83.51896194171792
168.9331860774971,32.2879218216658
168.94252146576397,143.98327082742907
168.95185685403086,43.325989213725066
168.96119224229776,156.20782061412726
168.97052763056465,107.71181360526512
168.9798630188315,18.309604220032625
168.9891984070984,101.42802561085632
168.9985337953653,344.32433857726187
169.00786918363215,19.70689788669041
169.01720457189904,71.63434664819405
169.02653996016593,171.803677778887
169.0358753484328,25.47048554130823
169.0452107366997,3.6753949605596734
169.05454612496658,18.752654332918343
169.06388151323344,39.25321670797347
169.07321690150033,10.627662632724588
169.08255228976722,3.1407208588100306
169.0918876780341,23.411551057193584
169.10122306630097,13.575533566892421
169.11055845456787,48.58011502146454
169.11989384283476,9.047781783507434
169.12922923110162,53.44666487485022
169.1385646193685,22.308326890621004
169.1479000076354,7.5178640533005
169.15723539590226,8.809939870853583
169.16657078416915,91.6097073590118
169.17590617243604,17.383428605499105
169.1852415607029,0.20415591467382535
169.1945769489698,130.64465224009464
169.2039123372367,51.62295744026369
169.21324772550358,10.972311415883931
169.22258311377044,97.02332503975039
169.23191850203733,26.833487709829768
169.24125389030422,3.2780729582709545
169.25058927857108,23.115241983934613
169.25992466683797,11.390988542968662
169.26926005510487,46.951191323452456
169.27859544337173,4.546297356932225
169.28793083163862,62.30764140658995
169.2972662199055,107.80354002096585
169.30660160817237,142.161046336176
169.31593699643926,78.61344014961608
169.32527238470615,41.02673043347755
169.33460777297304,58.312338333932594
169.3439431612399,44.276247291426465
169.3532785495068,221.79420414086476
169.3626139377737,144.3334365755693
169.37194932604055,136.61037126411037
169.38128471430744,283.0754453776571
169.39062010257433,40.37520423568
169.3999554908412,11.493577171856828
169.40929087910808,39.99341104593085
169.41862626737498,54.66350454836799
169.42796165564187,12.884339083031552
169.43729704390873,87.86696794242094
169.44663243217562,217.41500749270662
169.4559678204425,122.23193756067401
169.46530320870937,64.65540716731486
169.47463859697626,173.73771189581396
169.48397398524315,7.604184959481591
169.49330937351002,27.574363436297176
169.5026447617769,41.164203440613655
169.5119801500438,62.41058974326554
169.52131553831066,31.234204373308675
169.53065092657755,32.42325691670311
169.53998631484444,33.003773928284225
169.54932170311133,38.97134651086437
169.5586570913782,64.37710284309617
169.56799247964508,22.733643025181163
169.57732786791198,179.52944177386834
169.58666325617884,48.42461317036714
169.59599864444573,10.523082730911245
169.60533403271262,109.02098309796664
169.61466942097948,11.391216693681228
169.62400480924637,65.38696658215974
169.63334019751326,132.70696549854617
169.64267558578013,28.01607917738837
169.65201097404702,13.317124392227628
169.6613463623139,90.26167818821335
169.6706817505808,221.73456535338758
169.68001713884766,12.246063683071757
169.68935252711455,8.38411977427162
169.69868791538144,18.882006214102578
169.7080233036483,158.05696225516346
169.7173586919152,74.60915802933512
169.72669408018209,9.859405095608057
169.73602946844895,27.019447449352626
169.74536485671584,12.835225937348723
169.75470024498273,127.9406262195544
169.7640356332496,100.7469019529818
169.77337102151648,47.11331597649343
169.78270640978337,58.41511265442989
169.79204179805026,91.99443490799491
169.80137718631713,62.262927635724395
169.81071257458402,47.973685084732175
169.8200479628509,24.128999857824738
169.82938335111777,5.513878734586228
169.83871873938466,7.536922151836764
169.84805412765155,8.768344786710653
169.8573895159184,46.38839063001349
169.8667249041853,20.424343869026004
169.8760602924522,46.115976574939225
169.88539568071909,12.183195943070924
169.89473106898595,35.12440462041652
169.90406645725284,20.74896797387371
169.91340184551973,96.81080574255326
169.9227372337866,24.893526864562112
169.93207262205348,39.11529524247591
169.94140801032037,41.191520183220284
169.95074339858724,79.75757480256512
169.96007878685413,56.27900199813962
169.96941417512102,46.89886078980602
169.97874956338788,19.547212999319676
169.98808495165477,17.339631208303178
169.99742033992166,4.0384477267041206
170.00675572818855,58.094891301318256
170.0160911164554,2.2745076627114655
170.0254265047223,45.88044196462629
170.0347618929892,228.19550296607622
170.04409728125606,109.36038027838025
170.05343266952295,317.45108887919156
170.06276805778984,318.3602251214806
170.0721034460567,29.90009953179235
170.0814388343236,108.88728583262275
170.09077422259048,6.148993729272944
170.10010961085734,66.75480306618586
170.10944499912424,192.43135964960314
170.11878038739113,38.59582785971438
170.12811577565802,57.838678463042164
170.13745116392488,186.56062233579365
170.14678655219177,77.24988362759471
170.15612194045866,2.85100135726657
170.16545732872552,0.019256337468066875
170.1747927169924,23.93636270671776
170.1841281052593,48.04295061233422
170.19346349352617,134.68797865931316
170.20279888179306,392.59722627447513
170.21213427005995,192.49250805834717
170.2214696583268,376.8590160731366
170.2308050465937,190.06430518520278
170.2401404348606,5.732108210906167
170.24947582312748,57.14117696585174
170.25881121139435,143.57263202130576
170.26814659966124,59.31397885503388
170.27748198792813,104.83901045509243
170.286817376195,29.387820400581877
170.29615276446188,11.746549907511541
170.30548815272877,25.93495088089075
170.31482354099563,36.32169164064633
170.32415892926252,13.121763773422172
170.33349431752941,17.804706616821978
170.34282970579628,4.129188895386075
170.35216509406317,35.73361665817382
170.36150048233006,1.6491307465750817
170.37083587059695,32.23534304466175
170.3801712588638,32.291715813634234
170.3895066471307,46.72063052230447
170.3988420353976,125.25668980035326
170.40817742366445,131.68098158130726
170.41751281193135,52.18085325882803
170.42684820019824,190.0425418184275
170.4361835884651,11.033404325762897
170.445518976732,84.16913936302872
170.45485436499888,77.41732960116438
170.46418975326577,83.9857465810833
170.47352514153263,27.940799666246924
170.48286052979952,33.32678699488981
170.49219591806641,40.36587322292642
170.50153130633328,132.62630787717413
170.51086669460017,63.65367580335025
170.52020208286706,11.12812250579794
170.52953747113392,101.91430524121816
170.5388728594008,62.78152709998449
170.5482082476677,29.723989484717944
170.55754363593456,129.54195012899157
170.56687902420146,8.178731363416945
170.57621441246835,43.69545816333896
170.58554980073524,29.35968060263085
170.5948851890021,86.27850822969874
170.604220577269,1.1130746175610629
170.61355596553588,13.98288575096416
170.62289135380274,70.26531920479201
170.63222674206963,54.42418923441204
170.64156213033652,34.07537386721761
170.6508975186034,7.2019430803309294
170.66023290687028,29.323500769843122
170.66956829513717,34.83935746005012
170.67890368340403,36.75924570356576
170.68823907167092,10.861659850111852
170.6975744599378,78.43869844617939
170.7069098482047,31.382805896344564
170.71624523647156,6.605633357015448
170.72558062473846,79.88420508046507
170.73491601300535,0.24474929036393084
170.7442514012722,194.46834857452333
170.7535867895391,84.83847209469366
170.762922177806,216.58573952873346
170.77225756607285,286.0860911371351
170.78159295433974,42.65956113871588
170.79092834260663,80.39367755782229
170.8002637308735,1.3126094962907209
170.8095991191404,90.4061777313274
170.81893450740728,3.362707870292812
170.82826989567417,65.11182002643305
170.83760528394103,154.1982294846923
170.84694067220792,40.488430911121036
170.8562760604748,193.84073313914521
170.86561144874167,65.8438761790252
170.87494683700857,20.371391657176297
170.88428222527546,78.20642495227659
170.89361761354232,4.558746941439359
170.9029530018092,10.991949186817932
170.9122883900761,36.663072297417905
170.92162377834296,31.295326959641873
170.93095916660985,29.686226859376756
170.94029455487674,12.363785798578176
170.94962994314363,71.15304707375306
170.9589653314105,72.91913593183116
170.9683007196774,6.527983478730938
170.97763610794428,30.287940436093635
170.98697149621114,14.348627805002081
170.99630688447803,54.06281835829622
171.00564227274492,22.499204758152302
171.01497766101178,22.177415220885955
171.02431304927867,41.550189113414795
171.03364843754557,7.594308960293123
171.04298382581246,10.003385765335361
171.05231921407932,3.183157230470795
171.0616546023462,44.10312937927333
171.0709899906131,30.79078054219854
171.08032537887996,7.1311666631157005
171.08966076714685,19.47127324283156
171.09899615541374,104.69697823021278
171.1083315436806,2.140084529306877
171.1176669319475,3.679880456879337
171.1270023202144,48.3494442609186
171.13633770848125,91.97590728531276
171.14567309674814,22.394852424523076
171.15500848501503,29.267940257447776
171.16434387328192,191.64067989962007
171.17367926154878,52.3730580752546
171.18301464981568,45.28904231325071
171.19235003808257,161.3975735496915
171.20168542634943,27.749524103235995
171.21102081461632,9.44272246561689
171.2203562028832,25.657393601215787
171.22969159115007,12.54453513446854
171.23902697941696,12.899059562823023
171.24836236768385,15.314263241961111
171.25769775595072,47.273014165544225
171.2670331442176,0.5331616150973043
171.2763685324845,7.5588591945081625
171.2857039207514,17.423530304090818
171.29503930901825,7.91941067852754
171.30437469728514,23.789045136648113
171.31371008555203,10.767536347328083
171.3230454738189,7.253448008026099
171.33238086208578,15.743976516090626
171.34171625035268,13.135549901498974
171.35105163861954,14.316960717578302
171.36038702688643,82.366100370993
171.36972241515332,23.032301809782986
171.37905780342018,23.878727318200497
171.38839319168707,53.288928657341664
171.39772857995396,76.789180659425
171.40706396822085,78.72914996180388
171.41639935648772,9.175218045979907
171.4257347447546,79.63588565486151
171.4350701330215,19.64465353810233
171.44440552128836,29.118227559249494
171.45374090955525,34.13654133442829
171.46307629782214,15.677575544445899
171.472411686089,11.440906708116726
171.4817470743559,61.349419650975925
171.49108246262278,100.44596439442428
171.50041785088965,27.96088839373313
171.50975323915654,5.697732390337516
171.51908862742343,82.23918894210891
171.52842401569032,40.157269287919135
171.53775940395718,15.492317460573847
171.54709479222407,72.41962887614845
171.55643018049096,35.85923863370372
171.56576556875783,12.988423912326795
171.57510095702472,110.53592361824668
171.5844363452916,34.989056009868676
171.59377173355847,0.6673042640563951
171.60310712182536,4.203935614661625
171.61244251009225,13.13748024049439
171.62177789835914,63.817121263556515
171.631113286626,32.58279377088284
171.6404486748929,26.889976126653178
171.64978406315979,12.010343577083928
171.65911945142665,40.53775284111362
171.66845483969354,12.496005800379427
171.67779022796043,13.009731062780334
171.6871256162273,16.323724412830945
171.69646100449418,40.150188815826304
171.70579639276107,80.58082151898297
171.71513178102794,144.12314329194584
171.72446716929483,100.23230819723067
171.73380255756172,106.09149344774623
171.7431379458286,62.13417436605302
171.75247333409547,245.4573141138649
171.76180872236236,255.82521658810333
171.77114411062925,87.78579523186208
171.7804794988961,178.28839730898318
171.789814887163,11.02037589005206
171.7991502754299,75.5907514859176
171.80848566369676,3.892955575187309
171.81782105196365,127.28052747092856
171.82715644023054,87.47900357401471
171.8364918284974,2.834896647177942
171.8458272167643,65.14017000045973
171.85516260503118,20.752764985963736
171.86449799329807,36.24073132356024
171.87383338156494,26.96896447351189
171.88316876983183,42.91070819387029
171.89250415809872,33.162634719384826
171.90183954636558,11.566958597848238
171.91117493463247,16.124858215952152
171.92051032289936,25.834704958438437
171.92984571116622,6.1142522223031
171.9391810994331,3.2294772922485713
171.9485164877,17.781822372165305
171.95785187596687,12.865049299161345
171.96718726423376,5.147980871385875
171.97652265250065,39.45655050255677
171.98585804076754,23.161871361062676
171.9951934290344,6.560132015417772
172.0045288173013,117.55458160546483
172.01386420556818,0.996732023884034
172.02319959383505,26.92238792899769
172.03253498210194,102.69001222142779
172.04187037036883,7.998900438726423
172.0512057586357,179.19715901592264
172.06054114690258,98.87288224202496
172.06987653516947,20.926056063117365
172.07921192343633,163.20999979442968
172.08854731170322,94.08639680353183
172.0978826999701,53.882979834133224
172.107218088237,32.79744250498469
172.11655347650387,86.89944314062623
172.12588886477076,7.108381121828179
172.13522425303765,39.74518189514618
172.1445596413045,118.43829538682871
172.1538950295714,34.400288325201544
172.1632304178383,6.928700554669892
172.17256580610515,25.826527264666
172.18190119437205,135.57318740073202
172.19123658263894,147.4467118450095
172.20057197090583,71.82150318109456
172.2099073591727,98.90693310410667
172.21924274743958,432.20176376120986
172.22857813570647,68.01409555087857
172.23791352397333,82.94259406815965
172.24724891224022,94.33291947531166
172.25658430050711,3.4760729672050372
172.26591968877398,39.23830172204148
172.27525507704087,37.16815066932969
172.28459046530776,7.7839685358753
172.29392585357462,13.221210587757335
172.3032612418415,31.765716320658953
172.3125966301084,47.11619140404785
172.3219320183753,53.496357771944346
172.33126740664216,14.597267244061689
172.34060279490905,16.089253136161375
172.34993818317594,11.592415980001563
172.3592735714428,12.515466156413627
172.3686089597097,55.35867449244156
172.37794434797658,2.551305570035572
172.38727973624344,0.4316241602277763
172.39661512451033,35.22021930374985
172.40595051277722,16.26518048288751
172.4152859010441,62.196269865799465
172.42462128931098,26.905072351687934
172.43395667757787,26.233863954501295
172.44329206584476,86.84702526346227
172.45262745411162,21.789701909348075
172.4619628423785,4.652176397526351
172.4712982306454,19.739929335258907
172.48063361891226,44.80272409684663
172.48996900717916,11.32960892718344
172.49930439544605,10.149299977585628
172.5086397837129,72.58834775825986
172.5179751719798,16.212677275837176
172.5273105602467,101.46068297180345
172.53664594851355,14.901965974051073
172.54598133678044,13.941066600975692
172.55531672504733,29.54210308679334
172.56465211331422,17.0555225408571
172.5739875015811,78.78016568025328
172.58332288984798,10.992110881562303
172.59265827811487,9.379994116435864
172.60199366638173,24.111573855426162
172.61132905464862,145.17824313207024
172.6206644429155,60.25635817771619
172.62999983118237,5.926648609960868
172.63933521944926,184.40632330626826
172.64867060771616,8.295193785849934
172.65800599598305,15.031722804961419
172.6673413842499,66.06359337331911
172.6766767725168,96.94960802233362
172.6860121607837,105.76511989955071
172.69534754905055,13.900197582399086
172.70468293731744,125.3730490746533
172.71401832558433,18.91255319888947
172.7233537138512,4.232185446950566
172.7326891021181,27.577526308716564
172.74202449038498,11.92730707475575
172.75135987865184,14.720733206955547
172.76069526691873,10.832490965933415
172.77003065518562,63.06727166310529
172.7793660434525,44.60538027197065
172.78870143171937,7.565816493259073
172.79803681998627,15.615087183385372
172.80737220825316,33.29237835377524
172.81670759652002,27.389617191701994
172.8260429847869,24.847801440111635
172.8353783730538,41.24294448174483
172.84471376132066,3.4445209847215885
172.85404914958755,11.015866592964635
172.86338453785444,98.5432909961487
172.8727199261213,63.71054519613959
172.8820553143882,87.21138468520653
172.8913907026551,80.89682557188932
172.90072609092198,90.81864530247404
172.91006147918884,12.663178128252277
172.91939686745573,26.200630270423847
172.92873225572262,344.2570150581929
172.93806764398948,35.66615745137768
172.94740303225637,287.358236571004
172.95673842052327,353.9805562866988
172.96607380879013,32.55886422275114
172.97540919705702,100.56148734128905
172.9847445853239,26.14573955769797
172.99407997359077,78.1113082867365
173.00341536185766,27.673471734520277
173.01275075012455,88.5982253905812
173.02208613839144,85.24558187988653
173.0314215266583,65.36850726025526
173.0407569149252,113.7246816821856
173.0500923031921,203.98579148295536
173.05942769145895,109.76113212136046
173.06876307972584,37.055695570660916
173.07809846799273,168.16068968835663
173.0874338562596,12.908707202266216
173.09676924452648,23.74957696392792
173.10610463279338,8.894457623566423
173.11544002106024,107.5952563247711
173.12477540932713,2.207694877991026
173.13411079759402,2.0412529205561785
173.1434461858609,4.749129988072383
173.15278157412777,47.29829680474397
173.16211696239466,30.62040240574043
173.17145235066155,16.676955807499887
173.18078773892842,11.117814976105677
173.1901231271953,5.2884374685158795
173.1994585154622,15.689725949242163
173.20879390372906,28.101650708352643
173.21812929199595,27.776094447511678
173.22746468026284,19.73223640430083
173.23680006852973,5.909317959291967
173.2461354567966,2.8499988222891295
173.25547084506348,2.4777127295658214
173.26480623333038,74.80693256104404
173.27414162159724,13.506286655983939
173.28347700986413,0.9049028443923358
173.29281239813102,33.96377480802721
173.30214778639788,41.45532229541723
173.31148317466477,25.326479501610525
173.32081856293166,1.1808799854429282
173.33015395119853,88.60775528459531
173.33948933946542,20.243938168467256
173.3488247277323,49.017877255775005
173.3581601159992,20.65706731492395
173.36749550426606,66.8352428704331
173.37683089253295,31.020043288173746
173.38616628079984,9.014086674196887
173.3955016690667,14.792539618977974
173.4048370573336,41.42868217655811
173.41417244560049,38.020194297372655
173.42350783386735,40.91165279106311
173.43284322213424,122.5584742095449
173.44217861040113,12.56300817244145
173.451513998668,104.25440522050971
173.46084938693488,19.143405851725902
173.47018477520177,40.618640657455856
173.47952016346866,4.505292657482188
173.48885555173553,34.269157485147744
173.49819094000242,50.72662881460677
173.5075263282693,45.50922468062712
173.51686171653617,69.36211738350048
173.52619710480306,38.79413978631722
173.53553249306995,14.72844882677158
173.5448678813368,22.246718610487896
173.5542032696037,2.449142127661231
173.5635386578706,23.20418409565892
173.57287404613746,26.806046445981128
173.58220943440435,21.089923845186057
173.59154482267124,70.69352188333087
173.60088021093813,84.1375597791728
173.610215599205,65.55718319051768
173.61955098747188,33.005646795490364
173.62888637573877,83.81188945679806
173.63822176400564,81.9282115893206
173.64755715227253,7.471810794022766
173.65689254053942,25.98237657873245
173.66622792880628,272.45340172315235
173.67556331707317,48.96916222874296
173.68489870534006,22.421599342238096
173.69423409360692,115.79104956967734
173.7035694818738,43.91018498846058
173.7129048701407,19.718832748733988
173.7222402584076,80.25093169412885
173.73157564667446,0.053656841841399246
173.74091103494135,18.657306830257436
173.75024642320824,125.28414515929235
173.7595818114751,82.05470648730794
173.768917199742,22.355384049310537
173.77825258800888,20.36616944620549
173.78758797627574,320.37108175803104
173.79692336454264,13.49462163488638
173.80625875280953,11.938936141776033
173.81559414107642,251.0585566702257
173.82492952934328,7.38549394031674
173.83426491761017,117.11691601018269
173.84360030587706,405.06250044169076
173.85293569414392,53.03839887870663
173.8622710824108,82.55570451347387
173.8716064706777,124.74340690877948
173.88094185894457,103.40276248214789
173.89027724721146,3.396000511161048
173.89961263547835,23.840046537417543
173.9089480237452,20.880306536941752
173.9182834120121,119.64094343925541
173.927618800279,77.16104694239576
173.93695418854588,24.589336057736045
173.94628957681275,14.948898510827357
173.95562496507964,44.485188565499854
173.96496035334653,6.806325972913953
173.9742957416134,0.3561306243538977
173.98363112988028,58.8818806030105
173.99296651814717,53.587033974423
174.00230190641403,25.39444501941502
174.01163729468092,121.66821903609086
174.02097268294781,13.651752809226652
174.03030807121468,51.70822889464076
174.03964345948157,40.850847928472156
174.04897884774846,11.413015619536406
174.05831423601535,41.46977921369881
174.0676496242822,14.671445585321152
174.0769850125491,18.927387098947044
174.086320400816,6.133295263288537
174.09565578908285,47.00792796913818
174.10499117734975,24.782778156849805
174.11432656561664,66.2837423912572
174.1236619538835,23.386050731982458
174.1329973421504,5.318948176492804
174.14233273041728,108.35626681220398
174.15166811868414,22.484007408952383
174.16100350695103,18.959241898184032
174.17033889521792,146.66205345747807
174.17967428348481,30.797722251255248
174.18900967175168,5.118996656909135
174.19834506001857,42.13943387221634
174.20768044828546,49.66333318845524
174.21701583655232,9.91119419717044
174.2263512248192,7.264047288845849
174.2356866130861,14.858841050781015
174.24502200135296,42.70533701808352
174.25435738961986,32.560639997212135
174.26369277788675,54.50374908595291
174.2730281661536,17.79746158513044
174.2823635544205,26.49160450441987
174.2916989426874,67.58318645509671
174.30103433095428,65.9139357820071
174.31036971922114,15.868197116508808
174.31970510748803,38.54225196942446
174.32904049575492,58.65377937058134
174.3383758840218,34.848104283380046
174.34771127228868,88.49702030700581
174.35704666055557,28.77488349175587
174.36638204882243,13.991055872627294
174.37571743708932,2.9634212919254495
174.3850528253562,94.41345331246681
174.3943882136231,11.161893211057375
174.40372360188996,16.863161201282146
174.41305899015686,61.762570525072654
174.42239437842375,3.994897683550897
174.4317297666906,9.275071529684311
174.4410651549575,2.440923478055145
174.4504005432244,3.5764698496249134
174.45973593149125,4.446436949077467
174.46907131975814,34.915750824714074
174.47840670802503,32.1996703356593
174.4877420962919,50.9878450834171
174.4970774845588,40.2886590520143
174.50641287282568,0.13225992130938444
174.51574826109257,21.337186205455236
174.52508364935943,13.936973241442022
174.53441903762632,11.858448024033875
174.5437544258932,5.2155888247641915
174.55308981416007,22.580801353032207
174.56242520242697,0.11153476515648501
174.57176059069386,24.697914765668077
174.58109597896072,47.65372865155691
174.5904313672276,85.42053537866785
174.5997667554945,30.959709203537468
174.60910214376136,55.18730662708204
174.61843753202825,198.38576705621068
174.62777292029514,73.70312329564098
174.63710830856203,118.01551864841832
174.6464436968289,4.4201756559156395
174.6557790850958,65.97072507692542
174.66511447336268,31.30008648716061
174.67444986162954,123.688161026766
174.68378524989643,49.57238583020678
174.69312063816332,84.97487065108247
174.70245602643018,2.485743741338725
174.71179141469707,4.3188379255605325
174.72112680296397,16.533064511057276
174.73046219123083,7.760956119292907
174.73979757949772,18.24896636127984
174.7491329677646,57.21850524953026
174.7584683560315,33.52079273366248
174.76780374429836,46.631431360518754
174.77713913256525,111.96607914461606
174.78647452083214,38.60525580669676
174.795809909099,0.5643068219155671
174.8051452973659,51.61410757955188
174.8144806856328,13.024008148514401
174.82381607389965,16.01588228544528
174.83315146216654,67.24617064870013
174.84248685043343,21.429665914312917
174.85182223870032,30.02017103028728
174.86115762696718,6.62758410051109
174.87049301523408,71.37343817854645
174.87982840350097,61.47657199334574
174.88916379176783,27.131154670265218
174.89849918003472,9.369203564359815
174.9078345683016,264.0395386034338
174.91716995656847,147.071382512882
174.92650534483536,39.177458324285475
174.93584073310225,93.94504132476699
174.94517612136912,7.526567764828536
174.954511509636,90.4526796895637
174.9638468979029,27.263663529606042
174.9731822861698,97.905338862897
174.98251767443665,112.3258930980237
174.99185306270354,0.9134368960178741
175.00118845097043,10.87880072041102
175.0105238392373,23.15098752335556
175.01985922750418,32.2334463054404
175.02919461577108,81.44784993197858
175.03853000403794,12.79159445749465
175.04786539230483,150.5689814204187
175.05720078057172,76.40275746918442
175.06653616883858,22.11504029117906
175.07587155710547,26.264269648023745
175.08520694537236,40.694698125993895
175.09454233363925,78.81264085913472
175.10387772190612,128.4261795653434
175.113213110173,94.86059266408382
175.1225484984399,18.6978574684523
175.13188388670676,343.7179256793595
175.14121927497365,14.892203403114344
175.15055466324054,36.81612319816101
175.1598900515074,65.6764113442822
175.1692254397743,138.12228084514038
175.17856082804119,17.2667260123879
175.18789621630805,44.05034659312139
175.19723160457494,246.4630164231058
175.20656699284183,36.50169568370063
175.21590238110872,37.09575852849291
175.22523776937558,221.19395418208728
175.23457315764247,56.09041106914304
175.24390854590936,41.25668468327253
175.25324393417623,32.19041087417312
175.26257932244312,181.3988834979145
175.27191471071,153.098709327811
175.28125009897687,45.480219737131264
175.29058548724376,60.3334657712648
175.29992087551065,135.19972286579426
175.3092562637775,0.5892066150733876
175.3185916520444,17.46659853852295
175.3279270403113,73.60283022141525
175.33726242857819,2.126455858373862
175.34659781684505,19.32658371031987
175.35593320511194,71.3718659942514
175.36526859337883,60.72487001389589
175.3746039816457,65.4493925253808
175.38393936991258,63.6809148108558
175.39327475817947,34.90203443273698
175.40261014644634,71.85079676927265
175.41194553471323,6.575253137335973
175.42128092298012,4.209524885801035
175.430616311247,39.2499240273692
175.43995169951387,12.542098326737076
175.44928708778076,27.073744609174923
175.45862247604765,17.70055939593432
175.4679578643145,83.61918850662556
175.4772932525814,51.105637753436014
175.4866286408483,77.09111296168467
175.49596402911516,9.847287044487295
175.50529941738205,17.74491373451756
175.51463480564894,28.973947045930867
175.5239701939158,16.03302064224994
175.5333055821827,34.383046086511854
175.54264097044958,28.001960274156943
175.55197635871647,76.27725360681005
175.56131174698334,79.21531653420709
175.57064713525023,45.4220430469312
175.57998252351712,17.968186257163385
175.58931791178398,166.47602935818347
175.59865330005087,91.84988519236512
175.60798868831776,96.63275407909052
175.61732407658462,517.4443400726143
175.6266594648515,13.361076172710792
175.6359948531184,23.905694029369492
175.64533024138527,166.84150645920033
175.65466562965216,155.09146456036729
175.66400101791905,14.174173047168843
175.67333640618594,101.52179631863582
175.6826717944528,104.57976062698229
175.6920071827197,69.47593697678984
175.70134257098658,28.63335101598561
175.71067795925345,137.55754608127145
175.72001334752034,10.058336303069984
175.72934873578723,32.764727273268974
175.7386841240541,1.654232814447125
175.74801951232098,24.06221541012233
175.75735490058787,39.61773035776903
175.76669028885473,73.8864492618951
175.77602567712162,113.92740651430006
175.7853610653885,36.06813008563304
175.7946964536554,156.74462864661615
175.80403184192227,17.53976091780278
175.81336723018916,152.34765043021514
175.82270261845605,87.75783854072755
175.8320380067229,126.22092866319157
175.8413733949898,273.6527068503302
175.8507087832567,78.98964914754684
175.86004417152355,55.66906742612941
175.86937955979045,272.4273451427919
175.87871494805734,27.582123659888317
175.8880503363242,1.450484265593
175.8973857245911,66.54948225703812
175.90672111285798,83.21075265157738
175.91605650112487,126.839112249726
175.92539188939173,74.63688728499962
175.93472727765862,50.752847194361905
175.94406266592551,8.389850544810482
175.95339805419238,18.805719004050154
175.96273344245927,54.151039325581564
175.97206883072616,5.9873176018040155
175.98140421899302,11.723585046434655
175.9907396072599,11.936306484537505
176.0000749955268,26.997922455355866
176.0094103837937,12.304454181741711
176.01874577206056,7.871795200573463
176.02808116032745,24.377158676175004
176.03741654859434,5.150480120529435
176.0467519368612,2.204084529724457
176.0560873251281,65.60359846519083
176.06542271339498,3.54235198481636
176.07475810166184,38.238183889574685
176.08409348992873,24.429288410589418
176.09342887819562,70.11929145961702
176.1027642664625,51.933460412440326
176.11209965472938,22.002898976601298
176.12143504299627,80.61745148019102
176.13077043126316,21.06353033030187
176.14010581953002,18.061583054371656
176.1494412077969,91.63013785379223
176.1587765960638,12.82195705573569
176.16811198433066,101.64221487778582
176.17744737259756,97.79867505879858
176.18678276086445,53.168582900479954
176.1961181491313,29.37968954166021
176.2054535373982,66.01922405309858
176.2147889256651,93.05734522775192
176.22412431393195,55.40495664193633
176.23345970219884,78.82495788124714
176.24279509046573,11.914832977946496
176.25213047873262,46.4110654138206
176.2614658669995,213.716267430043
176.27080125526638,60.7677769412178
176.28013664353327,105.19527676197364
176.28947203180013,99.33330623241692
176.29880742006702,25.198907864346218
176.3081428083339,58.34774944805751
176.31747819660077,14.729426174812339
176.32681358486766,68.92554054905033
176.33614897313456,265.02174641975313
176.34548436140142,30.72640559212759
176.3548197496683,193.82687504429734
176.3641551379352,41.42858400989412
176.3734905262021,103.71906972360874
176.38282591446895,128.31539395154795
176.39216130273584,122.2612108412703
176.40149669100273,179.84683043982525
176.4108320792696,10.568749475815608
176.4201674675365,55.8425491419055
176.42950285580338,54.832526928280075
176.43883824407024,65.50925140088489
176.44817363233713,53.264802013576606
176.45750902060402,114.63613758652961
176.46684440887088,23.885571367434462
176.47617979713777,70.55851016103561
176.48551518540467,13.518847004677761
176.49485057367156,6.9522253538861145
176.50418596193842,34.69617422240055
176.5135213502053,138.18284076108054
176.5228567384722,6.894113464185093
176.53219212673906,13.359427397593535
176.54152751500595,345.02196345866173
176.55086290327284,0.5456579675059425
176.5601982915397,124.17278205291058
176.5695336798066,291.68297175142123
176.5788690680735,131.70394263950834
176.58820445634038,68.88156395855779
176.59753984460724,15.888387487181326
176.60687523287413,58.69258662788846
176.61621062114102,49.146227454944594
176.62554600940788,19.23543868530382
176.63488139767477,36.97213269187653
176.64421678594167,11.479282133220746
176.65355217420853,67.64487524602843
176.66288756247542,42.932740979699204
176.6722229507423,55.61334957662215
176.68155833900917,38.44316642722395
176.69089372727606,55.48557329618141
176.70022911554295,42.81907138369678
176.70956450380984,122.47777899543803
176.7188998920767,14.464692704678091
176.7282352803436,29.18024688377307
176.7375706686105,144.146861418204
176.74690605687735,44.06030800259729
176.75624144514424,15.718033159835915
176.76557683341113,155.78021099668598
176.774912221678,4.8043845393628075
176.78424760994488,13.568260357007423
176.79358299821178,22.19331357094869
176.80291838647864,12.169679961596557
176.81225377474553,9.75106926932942
176.82158916301242,99.7633878269803
176.8309245512793,14.57089068533151
176.84025993954617,21.572809684290196
176.84959532781306,74.21124697513126
176.85893071607995,25.252368332787974
176.86826610434682,9.290128484610413
176.8776014926137,23.17087996881364
176.8869368808806,15.81382401772287
176.89627226914746,49.83830250967338
176.90560765741435,2.9265773478030255
176.91494304568124,2.7790726162926105
176.9242784339481,1.4122227179454028
176.933613822215,36.7778034709263
176.94294921048188,29.26333507730285
176.95228459874878,24.843766763813974
176.96161998701564,18.913410864970768
176.97095537528253,72.7333961526088
176.98029076354942,60.94382155430708
176.98962615181628,59.68630065107937
176.99896154008317,32.06985639240156
177.00829692835006,109.10589280753653
177.01763231661693,28.328236774750273
177.02696770488382,7.288963707918207
177.0363030931507,3.018458615628599
177.04563848141757,78.93138682064348
177.05497386968446,79.96446782274009
177.06430925795135,36.424864179364576
177.07364464621824,12.437665830432262
177.0829800344851,147.97113156035758
177.092315422752,62.288865604418575
177.10165081101889,19.64307279355423
177.11098619928575,0.07158558764747408
177.12032158755264,67.58733279090735
177.12965697581953,205.60824993341086
177.1389923640864,55.527019169760564
177.14832775235328,51.15265645893201
177.15766314062017,115.29115687731131
177.16699852888706,32.880275099660906
177.17633391715393,15.347825286412418
177.18566930542082,11.247654593969223
177.1950046936877,45.156614773328805
177.20434008195457,110.09390662886932
177.21367547022146,22.966087652212746
177.22301085848835,7.251166411176479
177.2323462467552,2.7180136869225295
177.2416816350221,43.87018501304792
177.251017023289,135.77209438547803
177.26035241155586,78.02047888711974
177.26968779982275,22.45365648556003
177.27902318808964,73.90915765952599
177.28835857635653,0.36712041197512163
177.2976939646234,14.386293934302286
177.30702935289028,13.709016240345113
177.31636474115717,34.60279965223904
177.32570012942404,9.887425097403831
177.33503551769093,7.139182119676415
177.34437090595782,22.283834343242233
177.35370629422468,2.4780472704310186
177.36304168249157,5.3667176184897745
177.37237707075846,17.854300033744
177.38171245902532,20.120497465600092
177.3910478472922,4.3906501409390115
177.4003832355591,4.130022423969129
177.409718623826,9.115610724767924
177.41905401209286,64.67184966340182
177.42838940035975,23.79680264664411
177.43772478862664,13.218047691966769
177.4470601768935,56.45721172970597
177.4563955651604,39.86933790012817
177.46573095342728,12.490282799740811
177.47506634169414,82.80575288321477
177.48440172996104,116.20332496743251
177.49373711822793,7.067069640522184
177.5030725064948,15.760439741539631
177.51240789476168,283.02255738781315
177.52174328302857,13.629927667773083
177.53107867129546,17.329715899656946
177.54041405956232,49.25146572644704
177.5497494478292,165.91264089186885
177.5590848360961,30.845967753317723
177.56842022436297,59.61783088939654
177.57775561262986,129.21466285525088
177.58709100089675,105.8161605337751
177.5964263891636,86.6209848454427
177.6057617774305,87.02303248941588
177.6150971656974,14.673274409695065
177.62443255396428,0.46568079926355593
177.63376794223115,12.734707298976588
177.64310333049804,15.270580782824833
177.65243871876493,0.16777140640074512
177.6617741070318,5.663252310332975
177.67110949529868,18.083886586647846
177.68044488356557,33.03650289376478
177.68978027183243,16.23707559608797
177.69911566009932,4.964451286101452
177.70845104836621,0.9663922810495721
177.71778643663308,49.304472859736606
177.72712182489997,54.97296118001238
177.73645721316686,48.58617385427889
177.74579260143375,19.018214228735285
177.7551279897006,67.9516489713382
177.7644633779675,42.455024937629965
177.7737987662344,134.17172489402327
177.78313415450125,80.62148341849506
177.79246954276815,229.08166330612715
177.80180493103504,69.30122026662788
177.8111403193019,43.807485266566836
177.8204757075688,165.40328841338382
177.82981109583568,41.136047820021645
177.83914648410254,68.72405678886904
177.84848187236943,32.174530357707766
177.85781726063632,126.83864779727321
177.86715264890321,41.069859997760375
177.87648803717008,27.769420629486596
177.88582342543697,266.0423296737425
177.89515881370386,14.274473589066398
177.90449420197072,64.34653542910043
177.9138295902376,44.7173198459671
177.9231649785045,52.25179947936041
177.93250036677136,0.25530799990794795
177.94183575503826,6.320764164265585
177.95117114330515,35.942974716307724
177.960506531572,0.3090937756360109
177.9698419198389,19.157541691376554
177.9791773081058,25.019676760553534
177.98851269637268,4.343493245766186
177.99784808463954,34.81127690337743
178.00718347290643,6.1943653874961
178.01651886117332,1.897121819040144
178.0258542494402,10.759966394805515
178.03518963770708,40.8378556218608
178.04452502597397,24.74528608936001
178.05386041424083,43.798267957256634
178.06319580250772,71.6599976089925
178.0725311907746,7.880913709431069
178.08186657904147,28.41251186244017
178.09120196730836,65.2077143227626
178.10053735557526,35.47613271755253
178.10987274384215,7.4334924926326895
178.119208132109,31.980815161834276
178.1285435203759,115.15401257017392
178.1378789086428,1.7330364004042116
178.14721429690965,21.087258530331678
178.15654968517654,151.95289000989956
178.16588507344343,1.1845923966820566
178.1752204617103,65.29994479890746
178.1845558499772,61.531645945845554
178.19389123824408,7.08685417888053
178.20322662651097,14.703269894910537
178.21256201477783,12.903985768778231
178.22189740304472,6.426565955054436
178.2312327913116,49.182335542787605
178.24056817957847,120.93417327059375
178.24990356784537,92.07823397869771
178.25923895611226,196.5791254151807
178.26857434437912,101.7749120272304
178.277909732646,16.626558856271366
178.2872451209129,77.85009257259246
178.29658050917976,225.71947559442185
178.30591589744665,357.8870796543556
178.31525128571354,50.75581037697181
178.32458667398043,151.6212161448483
178.3339220622473,95.00968611393904
178.3432574505142,107.61632844786229
178.35259283878108,16.684562023724485
178.36192822704794,5.534385247817973
178.37126361531483,105.28657706688008
178.38059900358172,112.26127407567466
178.38993439184858,132.63645714297954
178.39926978011547,2.4066374387401464
178.40860516838237,78.59585921103925
178.41794055664923,18.834136722493504
178.42727594491612,116.0569483722045
178.436611333183,7.581881623943481
178.4459467214499,85.5289267842244
178.45528210971676,82.14694817097626
178.46461749798365,41.85658655742708
178.47395288625054,77.56277582851605
178.4832882745174,1.2669880143937038
178.4926236627843,24.564087450013947
178.5019590510512,12.791635392504942
178.51129443931805,0.3209829520108726
178.52062982758494,7.82218881586715
178.52996521585183,11.564039145404857
178.5393006041187,7.841111017407447
178.54863599238558,2.127963319661637
178.55797138065248,17.237720023233315
178.56730676891937,6.766743117621368
178.57664215718623,60.20986052472629
178.58597754545312,87.37384524102112
178.59531293372,18.925097747424125
178.60464832198687,39.060859423851625
178.61398371025376,24.71669290392141
178.62331909852065,18.113776384223996
178.63265448678752,0.22208083397188877
178.6419898750544,0.5550956305785588
178.6513252633213,98.23477408594576
178.66066065158816,35.53883340306113
178.66999603985505,23.69101666098608
178.67933142812194,93.86858363200915
178.68866681638883,190.21212127839067
178.6980022046557,256.01985820040744
178.70733759292258,213.6082820922466
178.71667298118948,252.4186901482334
178.72600836945634,122.7226238071016
178.73534375772323,29.33771935762326
178.74467914599012,28.67543426652684
178.75401453425698,45.36256183466092
178.76334992252387,7.412749263622473
178.77268531079076,4.507501128833091
178.78202069905765,0.9063618443150524
178.79135608732452,42.144079862044556
178.8006914755914,13.884090493640732
178.8100268638583,7.2434643972956705
178.81936225212516,5.535845411979894
178.82869764039205,42.576072179880654
178.83803302865894,14.280782960523066
178.8473684169258,13.884800118296573
178.8567038051927,76.61137448040834
178.86603919345959,40.003308344947996
178.87537458172645,1.773028595201216
178.88470996999334,13.990877561009066
178.89404535826023,159.57122549149256
178.90338074652712,28.60005563171669
178.91271613479398,11.444011533820797
178.92205152306087,92.55755768884998
178.93138691132776,241.55367350261452
178.94072229959463,46.836605494553545
178.95005768786152,10.272835827763
178.9593930761284,269.7721995720578
178.96872846439527,2.481463084011879
178.97806385266216,14.834761065920132
178.98739924092905,65.27496899828186
178.9967346291959,61.16977199607381
179.0060700174628,8.292638152887873
179.0154054057297,101.48143978894451
179.02474079399659,65.56413307573796
179.03407618226345,21.83680622051423
179.04341157053034,86.32915858227362
179.05274695879723,30.833842367725765
179.0620823470641,9.91784096506806
179.07141773533098,25.267107831344497
179.08075312359787,4.001015008560487
179.09008851186474,4.167831268288025
179.09942390013163,1.2084466336892898
179.10875928839852,17.434155879893538
179.11809467666538,8.839779235952337
179.12743006493227,1.2255450579675886
179.13676545319916,11.159172665673378
179.14610084146605,0.6378236137950006
179.1554362297329,23.808649545100025
179.1647716179998,20.832472408973107
179.1741070062667,3.692786075714547
179.18344239453356,6.162291819561037
179.19277778280045,45.692292158013004
179.20211317106734,53.77560901438757
179.2114485593342,36.34947956025197
179.2207839476011,143.32609700991557
179.23011933586798,46.19064955754249
179.23945472413484,43.74103218354566
179.24879011240174,54.03553779097968
179.25812550066863,1.517710701230879
179.26746088893552,24.06882418318651
179.27679627720238,7.643746889803731
179.28613166546927,6.519347801032907
179.29546705373616,85.82651763381098
179.30480244200302,6.620086296285674
179.3141378302699,9.760744814452705
179.3234732185368,41.747526899029005
179.33280860680367,49.31590527199754
179.34214399507056,30.507589072007853
179.35147938333745,1.335691180337157
179.36081477160434,133.65944606732927
179.3701501598712,42.79855528502157
179.3794855481381,216.73715623339845
179.38882093640498,166.18254369232392
179.39815632467185,88.12260944499903
179.40749171293874,450.80261578026983
179.41682710120563,11.615740697983522
179.4261624894725,8.876263697126351
179.43549787773938,163.20500317575812
179.44483326600627,50.66065236045831
179.45416865427313,22.088647722250982
179.46350404254002,198.108400488415
179.4728394308069,104.59777108185145
179.4821748190738,145.10349234760062
179.49151020734067,104.43242689935103
179.50084559560756,178.69469790914073
179.51018098387445,24.88546944575943
179.5195163721413,55.95229443984777
179.5288517604082,12.908036139646853
179.5381871486751,51.715400722664825
179.54752253694195,19.490160813772118
179.55685792520885,16.253194978217884
179.56619331347574,14.883803157852705
179.5755287017426,8.956835847381248
179.5848640900095,39.17047594683565
179.59419947827638,14.94189942731074
179.60353486654327,53.2841584073322
179.61287025481013,93.03822729885998
179.62220564307702,62.7936139787565
179.63154103134391,3.863135165641907
179.64087641961078,3.959789865712268
179.65021180787767,78.82018448683749
179.65954719614456,5.40312769643802
179.66888258441142,0.029891219915207504
179.6782179726783,113.45342120423877
179.6875533609452,10.184099472899685
179.69688874921206,15.071467548717907
179.70622413747896,164.89248215841897
179.71555952574585,20.231469557761375
179.72489491401274,3.7656175833853758
179.7342303022796,58.16508380653118
179.7435656905465,56.703017538927185
179.75290107881338,8.353636225241354
179.76223646708024,28.149376522666742
179.77157185534713,68.89030235766141
179.78090724361402,7.759557659821914
179.7902426318809,16.167734540464267
179.79957802014778,72.36181752710772
179.80891340841467,57.453205710462555
179.81824879668153,7.010668569815745
179.82758418494842,36.12397310880886
179.8369195732153,127.83756535940968
179.8462549614822,5.954070354769465
179.85559034974906,90.14858040043352
179.86492573801596,65.73118829782962
179.87426112628285,55.55956016699435
179.8835965145497,75.52428620146897
179.8929319028166,2.6575871751500424
179.9022672910835,98.58584409478362
179.91160267935035,9.154246744638634
179.92093806761724,27.14226605836296
179.93027345588413,23.052063116398788
179.93960884415102,3.0579578785889896
179.9489442324179,2.5423370569536674
179.95827962068478,12.597939487323647
179.96761500895167,12.39093903931027
179.97695039721853,5.347223514084114
179.98628578548542,26.955652563858546
179.9956211737523,19.424386718862756
180.00495656201917,0.39163681106677795
180.01429195028607,62.06435832357823
180.02362733855296,0.00657520790812121
180.03296272681982,21.25758268561014
180.0422981150867,148.76698440252932
180.0516335033536,45.459588151933524
180.0609688916205,54.53182627082398
180.07030427988735,148.36149336676868
180.07963966815424,75.77373260191509
180.08897505642113,2.444134207098197
180.098310444688,46.61134222370616
180.1076458329549,61.00103252907671
180.11698122122178,10.832223159278952
180.12631660948864,45.997253972161175
180.13565199775553,27.97814502139016
180.14498738602242,2.104665998431882
180.15432277428928,70.95787300690903
180.16365816255617,23.078494756128954
180.17299355082307,24.31595547985034
180.18232893908996,28.02458053815029
180.19166432735682,67.89218494560976
180.2009997156237,10.393859969734184
180.2103351038906,10.13114377244015
180.21967049215746,48.563873506514625
180.22900588042435,8.389801694305104
180.23834126869124,10.002457094425916
180.2476766569581,0.22473135501413244
180.257012045225,11.326430724079788
180.2663474334919,34.503532104657054
180.27568282175875,21.45403706781584
180.28501821002564,28.66464597283599
180.29435359829253,48.490901235820104
180.30368898655942,36.21137153475086
180.31302437482628,56.94258352828524
180.32235976309317,168.45719265795793
180.33169515136007,56.948047836242765
180.34103053962693,142.93179305114475
180.35036592789382,88.01595244149128
180.3597013161607,57.120619049619314
180.36903670442757,29.818018542553265
180.37837209269446,104.16274854696687
180.38770748096135,42.14349344747945
180.39704286922824,34.28308918349226
180.4063782574951,20.13047256153407
180.415713645762,137.9407568783965
180.4250490340289,23.622523480103133
180.43438442229575,73.10043577546888
180.44371981056264,14.04961876652606
180.45305519882953,7.339652928703617
180.4623905870964,18.51765512732343
180.47172597536328,28.684228497109164
180.48106136363018,14.05486384396645
180.49039675189704,18.825148991303607
180.49973214016393,32.307316794587194
180.50906752843082,66.85959396540659
180.5184029166977,21.741259241189823
180.52773830496457,25.07968739717902
180.53707369323146,76.32653350813152
180.54640908149835,0.9319598822484825
180.55574446976522,14.821633532687342
180.5650798580321,16.173320030993683
180.574415246299,7.8991321833894
180.58375063456586,47.48056886228192
180.59308602283275,84.52256981764512
180.60242141109964,52.74988258379038
180.6117567993665,20.072446101631677
180.6210921876334,11.243373872239
180.63042757590028,30.473038888295513
180.63976296416718,210.14523658715362
180.64909835243404,68.23184872080348
180.65843374070093,125.00846754064175
180.66776912896782,112.7475971399763
180.67710451723468,55.35657544972271
180.68643990550157,2.091872835556007
180.69577529376846,119.23788840088993
180.70511068203533,201.5818589114645
180.71444607030222,30.953554046736624
180.7237814585691,241.08292797275482
180.73311684683597,185.42485883057066
180.74245223510286,5.515074809406756
180.75178762336975,58.956815785687986
180.76112301163664,30.289077143964573
180.7704583999035,8.650574655579065
180.7797937881704,37.88035849197888
180.78912917643729,2.1531908934950192
180.79846456470415,80.09466402022856
180.80779995297104,67.8778558678887
180.81713534123793,67.92135488513424
180.8264707295048,159.79899826553032
180.83580611777168,36.12816409367264
180.84514150603857,37.788041255702566
180.85447689430544,54.33876003651496
180.86381228257233,79.18843730310968
180.87314767083922,69.51764758924159
180.8824830591061,85.96914374956658
180.89181844737297,112.9895709719417
180.90115383563986,35.83201631115615
180.91048922390675,51.26897539634766
180.9198246121736,13.224119539153225
180.9291600004405,8.187111990902183
180.9384953887074,64.2914474702444
180.94783077697426,13.317473154398654
180.95716616524115,15.06173794731313
180.96650155350804,62.15525121471778
180.97583694177493,22.784298679168693
180.9851723300418,19.180737914192633
180.99450771830868,17.343725895587124
181.00384310657557,53.5226694362435
181.01317849484244,43.62180017966027
181.02251388310933,87.3864842235201
181.03184927137622,44.33376114058381
181.04118465964308,61.906121562027025
181.05052004790997,18.119848902173352
181.05985543617686,16.278941501764983
181.06919082444372,6.550730188811401
181.0785262127106,6.39081729086815
181.0878616009775,9.114336283416852
181.0971969892444,28.021751632093327
181.10653237751126,19.956416586876006
181.11586776577815,23.69343396299501
181.12520315404504,46.29354330232372
181.1345385423119,2.614677669392445
181.1438739305788,9.160292307205447
181.15320931884568,67.61177240953862
181.16254470711254,84.01333203701039
181.17188009537944,66.75812090521397
181.18121548364633,208.56382973299557
181.1905508719132,52.63864803034817
181.19988626018008,18.496145941200695
181.20922164844697,58.980775180850614
181.21855703671386,4.097902356789325
181.22789242498072,18.359635524589706
181.2372278132476,74.65748029530556
181.2465632015145,0.8480428153714784
181.25589858978137,46.88101879561216
181.26523397804826,31.145583560686905
181.27456936631515,7.840602415418206
181.283904754582,58.911512974779576
181.2932401428489,16.441927140107975
181.3025755311158,5.873406575942389
181.31191091938265,91.33652271500787
181.32124630764955,79.62372057752235
181.33058169591644,81.50446371405263
181.33991708418333,30.276476143864315
181.3492524724502,27.288311701275912
181.35858786071708,18.73988743044067
181.36792324898397,155.23996073643332
181.37725863725083,68.47846672816254
181.38659402551772,103.30740320265842
181.39592941378461,58.277216760989745
181.40526480205148,63.893180390497314
181.41460019031837,33.01974747030609
181.42393557858526,129.43721787101964
181.43327096685212,221.64097339179375
181.442606355119,2.5099114782114698
181.4519417433859,80.59172323806217
181.4612771316528,36.23191929055057
181.47061251991965,1.1509353157885664
181.47994790818655,177.00672314532244
181.48928329645344,104.96539560775676
181.4986186847203,84.91624387107473
181.5079540729872,77.7762441147564
181.51728946125408,107.43708937104718
181.52662484952094,0.2631626826444139
181.53596023778783,146.05603572494033
181.54529562605472,7.855802815248278
181.55463101432161,80.40397254039148
181.56396640258848,93.86395046360566
181.57330179085537,39.582475545800655
181.58263717912226,18.211487656626787
181.59197256738912,11.646002121904758
181.601307955656,40.27431201917265
181.6106433439229,24.050394535913654
181.61997873218976,5.8693389002181355
181.62931412045666,20.182558657545
181.63864950872355,61.86890685383812
181.6479848969904,30.612993419791284
181.6573202852573,24.04430699929607
181.6666556735242,14.23027299471534
181.67599106179108,0.9261367143495985
181.68532645005794,12.077502680781475
181.69466183832483,29.48274216457438
181.70399722659172,14.202319507287832
181.7133326148586,33.76451616685295
181.72266800312548,20.070681843094906
181.73200339139237,13.85178713428961
181.74133877965923,11.602121236521953
181.75067416792612,2.2507869676820147
181.760009556193,15.352603981526265
181.76934494445987,22.422790920941377
181.77868033272676,16.64643930563684
181.78801572099366,41.33933537692633
181.79735110926055,19.390195111928385
181.8066864975274,14.500718251611081
181.8160218857943,12.894656575120045
181.8253572740612,9.051648278797215
181.83469266232805,2.935171293996686
181.84402805059494,29.356952164196024
181.85336343886183,46.24931038599642
181.8626988271287,2.728974570665946
181.8720342153956,56.07177378588902
181.88136960366248,56.241665903574166
181.89070499192934,82.53246401625061
181.90004038019623,63.383892951163794
181.90937576846312,32.86003354063142
181.91871115673,283.1609937056026
181.92804654499687,69.66761333815666
181.93738193326377,35.18531574001118
181.94671732153066,88.30220810447874
181.95605270979752,39.62804552931782
181.9653880980644,43.12625833136457
181.9747234863313,7.440212338076449
181.98405887459816,41.416165243953294
181.99339426286505,51.922351343899464
182.00272965113194,7.424907899623799
182.0120650393988,19.303302759760143
182.0214004276657,136.9237333016801
182.0307358159326,23.24458083000149
182.04007120419948,64.31885209560487
182.04940659246634,7.4148754826093555
182.05874198073323,20.693727925618695
182.06807736900012,4.7554830282790395
182.07741275726698,33.86344348762958
182.08674814553387,18.792409009298918
182.09608353380077,20.093958333122927
182.10541892206763,76.85246669822293
182.11475431033452,15.29714819979959
182.1240896986014,5.747057918298228
182.1334250868683,14.43108877518064
182.14276047513516,98.80115823540118
182.15209586340205,8.562967764595886
182.16143125166894,33.58166570875771
182.1707666399358,83.53259884977247
182.1801020282027,13.143947410000731
182.1894374164696,6.069607139611078
182.19877280473645,9.223529777963993
182.20810819300334,80.106364133841
182.21744358127023,36.791967269775824
182.2267789695371,55.815673928943895
182.23611435780398,19.328734038291294
182.24544974607088,13.430539081904904
182.25478513433777,23.270258266205605
182.26412052260463,8.956984023198524
182.27345591087152,6.3955857368843905
182.2827912991384,74.34551306923437
182.29212668740527,91.29320923034891
182.30146207567216,30.217805180229984
182.31079746393905,6.972843463606147
182.32013285220592,49.7290823117869
182.3294682404728,56.55983780642167
182.3388036287397,45.921607580847194
182.34813901700656,46.63179126390225
182.35747440527345,56.985559637339335
182.36680979354034,37.1560649278318
182.37614518180723,4.09967390989513
182.3854805700741,198.21373283165346
182.39481595834098,153.74760585364555
182.40415134660788,44.82288414823567
182.41348673487474,35.71059490404844
182.42282212314163,189.00360435411454
182.43215751140852,12.165065767751209
182.44149289967538,4.381628365238058
182.45082828794227,62.1402852983731
182.46016367620916,0.3216564992579353
182.46949906447603,15.570551772632225
182.47883445274292,30.577701475373686
182.4881698410098,50.08475548717291
182.4975052292767,56.34269645711402
182.50684061754356,5.128323876919239
182.51617600581045,42.69376380879161
182.52551139407734,19.922780586368198
182.5348467823442,73.95348976229783
182.5441821706111,2.386944128788605
182.55351755887799,7.0022696999984575
182.56285294714485,92.64064787513011
182.57218833541174,173.71090026631245
182.58152372367863,89.75014368034996
182.5908591119455,56.859042736853205
182.60019450021238,290.9261084303685
182.60952988847927,85.81380564783369
182.61886527674616,25.219400225862465
182.62820066501303,149.8706836545575
182.63753605327992,30.065257228699434
182.6468714415468,29.288193291079384
182.65620682981367,88.72207894101818
182.66554221808056,59.68197200241931
182.67487760634745,214.75202971522714
182.6842129946143,81.75345544453499
182.6935483828812,16.986064563581728
182.7028837711481,141.51544612709682
182.71221915941499,29.13265935529747
182.72155454768185,6.90058127532972
182.73088993594874,64.67362020018582
182.74022532421563,3.4459418078863804
182.7495607124825,107.01405319603354
182.75889610074938,23.346366660980653
182.76823148901627,12.869033839013815
182.77756687728314,32.64543312998684
182.78690226555003,158.2346107258122
182.79623765381692,30.834897391451662
182.80557304208378,29.3797270466039
182.81490843035067,160.52295259375816
182.82424381861756,1.1621318934262492
182.83357920688445,100.52552523202255
182.8429145951513,111.45701193538983
182.8522499834182,156.35656344085288
182.8615853716851,317.48771155730935
182.87092075995196,13.254619754797504
182.88025614821885,23.702235088007612
182.88959153648574,53.51547235643556
182.8989269247526,259.4359763509923
182.9082623130195,62.599844014882144
182.91759770128638,104.60112745734062
182.92693308955324,364.3605962397647
182.93626847782014,16.456479855233802
182.94560386608703,1.397539498775561
182.95493925435392,1.3302986622956536
182.96427464262078,351.8550085622489
182.97361003088767,48.006221768002014
182.98294541915456,42.82022089131152
182.99228080742142,193.92973818167548
183.0016161956883,4.610733212625597
183.0109515839552,58.666404853459696
183.02028697222207,146.06278232323763
183.02962236048896,86.8942730370382
183.03895774875585,164.72955954860674
183.0482931370227,19.707843123027704
183.0576285252896,66.28927992435234
183.0669639135565,2.617855485437232
183.07629930182338,53.05786327610161
183.08563469009025,1.9590411359127533
183.09497007835714,26.231106434209252
183.10430546662403,11.780393896474829
183.1136408548909,39.733630031177015
183.12297624315778,16.652989062376843
183.13231163142467,4.5800376149013164
183.14164701969153,10.934976119577712
183.15098240795842,25.693566672122625
183.1603177962253,26.175741855595934
183.1696531844922,14.37520896077355
183.17898857275907,27.48720761950747
183.18832396102596,52.23844105092681
183.19765934929285,45.50829780365912
183.2069947375597,44.711378975859034
183.2163301258266,33.5540163290807
183.2256655140935,53.79258398280807
183.23500090236035,119.7997685562978
183.24433629062725,54.84509380178938
183.25367167889414,105.40449620985615
183.263007067161,45.77123652064886
183.2723424554279,19.399806299630914
183.28167784369478,4.593858376012551
183.29101323196167,7.184028589097603
183.30034862022853,0.06706273038292566
183.30968400849542,17.934890487281685
183.31901939676231,12.083139879018017
183.32835478502918,15.93924697259482
183.33769017329607,8.229145819635795
183.34702556156296,0.8020283755792501
183.35636094982982,15.091159147264475
183.3656963380967,40.94076221304914
183.3750317263636,38.1978222452463
183.38436711463046,79.28184180683752
183.39370250289736,204.71473563058356
183.40303789116425,145.25884022522231
183.41237327943114,87.70071647189867
183.421708667698,25.495861271809996
183.4310440559649,18.533583352913396
183.44037944423178,7.443224673757757
183.44971483249864,2.312276371257413
183.45905022076553,39.07019674493231
183.46838560903242,9.61587455961306
183.4777209972993,74.66761716893873
183.48705638556618,153.2543108639331
183.49639177383307,4.994946744579841
183.50572716209993,44.44014533660346
183.51506255036682,81.38804583743564
183.5243979386337,49.72680791088009
183.5337333269006,72.43521617155211
183.54306871516746,47.698715927146104
183.55240410343436,52.13305481070698
183.56173949170125,5.162249192508598
183.5710748799681,41.15174965925673
183.580410268235,96.372522415032
183.5897456565019,5.458076434671921
183.59908104476875,12.206823086022466
183.60841643303564,8.200793945142973
183.61775182130253,30.687749052190213
183.6270872095694,10.255482876317602
183.6364225978363,11.38606458920944
183.64575798610318,51.39272259933248
183.65509337437007,8.15743170782739
183.66442876263693,17.760429289227712
183.67376415090382,58.53618969256082
183.6830995391707,53.89669444154643
183.69243492743757,102.05125170962312
183.70177031570447,107.44115636595237
183.71110570397136,56.9753061874679
183.72044109223822,74.12586871694218
183.7297764805051,1.6459331567443514
183.739111868772,14.992955645843816
183.7484472570389,9.299907857737868
183.75778264530575,142.39802781088508
183.76711803357264,27.719953411467777
183.77645342183953,51.58572625611943
183.7857888101064,77.33077302183646
183.7951241983733,29.72996086365232
183.80445958664018,13.409016815853612
183.81379497490704,35.33978667385853
183.82313036317393,36.89639705136105
183.83246575144082,20.305413827127367
183.84180113970768,27.24732555180569
183.85113652797457,7.002672575946277
183.86047191624147,132.1980249193828
183.86980730450836,78.75618950777368
183.87914269277522,123.51435963815392
183.8884780810421,41.848240108235466
183.897813469309,41.749616113977886
183.90714885757586,23.355913719044548
183.91648424584275,134.57703930543767
183.92581963410964,14.193494487088595
183.9351550223765,47.39705621644755
183.9444904106434,92.62210119975398
183.9538257989103,53.19697710767162
183.96316118717715,63.55184074847349
183.97249657544404,6.2783772393097
183.98183196371093,110.67470814583919
183.99116735197782,130.41010704478953
184.00050274024468,27.057278899772147
184.00983812851157,190.0046116366499
184.01917351677847,79.52357962394626
184.02850890504533,80.08332459595871
184.03784429331222,19.744388869050958
184.0471796815791,1.9883952789847201
184.05651506984597,1.6336947672898818
184.06585045811286,102.51643204001499
184.07518584637975,11.24243383560054
184.08452123464662,52.09577467905434
184.0938566229135,94.3881655331561
184.1031920111804,0.43830006431462415
184.1125273994473,78.42787334610743
184.12186278771415,27.839031165871088
184.13119817598104,5.109214284217029
184.14053356424793,88.65891272730222
184.1498689525148,2.4073343675825685
184.15920434078168,10.963322630555686
184.16853972904858,170.3577634467123
184.17787511731544,47.10994157954933
184.18721050558233,152.0869210265914
184.19654589384922,196.00898817747614
184.20588128211608,41.035239390050315
184.21521667038297,213.99977848052808
184.22455205864986,81.55686920464962
184.23388744691675,21.42435231782087
184.24322283518362,135.96751931383022
184.2525582234505,39.612030019448014
184.2618936117174,34.93600067419291
184.27122899998426,22.647183054893045
184.28056438825115,279.82306683049205
184.28989977651804,15.549409603385673
184.2992351647849,5.784212772748028
184.3085705530518,273.3667958578553
184.31790594131868,24.780633962720103
184.32724132958558,9.700220787546986
184.33657671785244,77.1060590991668
184.34591210611933,137.59808789710465
184.35524749438622,17.87356314860158
184.36458288265308,3.326545078194525
184.37391827091997,95.70097614121559
184.38325365918686,33.305180038914585
184.39258904745373,40.249143123553026
184.40192443572062,10.487598019720231
184.4112598239875,41.37045267762791
184.42059521225437,11.585800301778702
184.42993060052126,18.286208633609757
184.43926598878815,109.55671292060417
184.44860137705504,22.210378796192952
184.4579367653219,67.10522879768226
184.4672721535888,16.371238434198123
184.47660754185569,72.90749748343296
184.48594293012255,54.901700761316484
184.49527831838944,16.84860330750527
184.50461370665633,76.73035881147715
184.5139490949232,10.636127850087117
184.52328448319008,142.59185006407685
184.53261987145697,30.51627111590742
184.54195525972384,42.19875210179636
184.55129064799073,102.06423564412744
184.56062603625762,10.60062431407148
184.5699614245245,31.813068379624404
184.57929681279137,125.26437952502599
184.58863220105826,115.51797322433328
184.59796758932515,74.5840350297374
184.607302977592,20.710525204503647
184.6166383658589,6.4231591414065505
184.6259737541258,67.10532664789223
184.63530914239266,3.560522852721816
184.64464453065955,12.924728343903094
184.65397991892644,12.688241948730129
184.6633153071933,92.02440171644608
184.6726506954602,51.24832306041454
184.68198608372708,11.302807061266126
184.69132147199397,160.51865035678318
184.70065686026084,19.78876828676905
184.70999224852773,11.371753038938195
184.71932763679462,232.8291663058199
184.72866302506148,57.289085913625314
184.73799841332837,69.58701610829088
184.74733380159526,271.44867384862977
184.75666918986212,11.569473552040279
184.766004578129,68.5698772230266
184.7753399663959,78.99270738462802
184.78467535466277,34.88520191287412
184.79401074292966,14.958805435988001
184.80334613119655,28.41650694148033
184.81268151946344,34.67197232118095
184.8220169077303,66.47878383289074
184.8313522959972,269.92310888898754
184.84068768426408,113.96151885248875
184.85002307253095,14.417942313718687
184.85935846079784,173.4062822819426
184.86869384906473,1.0253597562442864
184.8780292373316,98.71951482856714
184.88736462559848,47.39112731582022
184.89670001386537,62.906969060365924
184.90603540213226,49.74046452939167
184.91537079039912,130.3891950294335
184.924706178666,19.942993797265725
184.9340415669329,4.476666388138024
184.94337695519977,122.16911045949507
184.95271234346666,5.169133415944831
184.96204773173355,58.058223032528765
184.9713831200004,63.42295070700389
184.9807185082673,8.706011246317926
184.9900538965342,131.94199481277124
184.99938928480105,6.263884401159174
185.00872467306795,25.983589846898198
185.01806006133484,172.4048263870936
185.02739544960173,0.7519029318510889
185.0367308378686,15.795111386099737
185.04606622613548,17.95443955581794
185.05540161440237,123.44665914558917
185.06473700266923,14.5949167322365
185.07407239093612,76.53906319584694
185.08340777920301,34.981490262770045
185.09274316746988,29.774624780351086
185.10207855573677,4.859797953239736
185.11141394400366,1.2701616962346762
185.12074933227052,2.1470344516466486
185.1300847205374,6.993232070307545
185.1394201088043,30.074870686900205
185.1487554970712,2.168869509653808
185.15809088533805,13.240543836836695
185.16742627360495,18.56745429391888
185.17676166187184,45.44488423459592
185.1860970501387,109.13660482408137
185.1954324384056,35.03146681237863
185.20476782667248,8.731928401742408
185.21410321493934,49.208152741883794
185.22343860320623,34.29279735419671
185.23277399147312,2.6383317781341633
185.24210937974,46.99011287824362
185.25144476800688,28.950634494342996
185.26078015627377,70.6060932796277
185.27011554454066,66.98017316888715
185.27945093280752,94.37329966025735
185.2887863210744,51.14374553305135
185.2981217093413,77.75414724707811
185.30745709760816,101.39438372900894
185.31679248587506,67.71935718208444
185.32612787414195,179.9607411942173
185.3354632624088,9.488022692101584
185.3447986506757,88.59915790701818
185.3541340389426,63.17141227918915
185.36346942720945,25.96205915384331
185.37280481547634,21.8870534084656
185.38214020374323,53.75636871555949
185.39147559201012,57.790558513893956
185.400810980277,19.788330654644827
185.41014636854388,23.01356848364824
185.41948175681077,30.336602850486884
185.42881714507763,28.973704895615562
185.43815253334452,47.10979317786135
185.4474879216114,85.14500001903399
185.45682330987827,272.30564973393325
185.46615869814516,136.63205514438803
185.47549408641206,102.54021789936465
185.48482947467895,122.90710265761514
185.4941648629458,2.9652126051400884
185.5035002512127,1.7081486473545466
185.5128356394796,9.515358230662498
185.52217102774645,14.883322371582196
185.53150641601334,0.19677724564188304
185.54084180428023,3.008301597842035
185.5501771925471,8.47891742735085
185.559512580814,21.56119195023184
185.56884796908088,29.19228697171602
185.57818335734774,22.593151489831506
185.58751874561463,62.780449425833524
185.59685413388152,1.1013670426004236
185.6061895221484,5.4303990103810555
185.61552491041527,5.991919669092657
185.62486029868217,73.6521032842753
185.63419568694906,27.566794634997507
185.64353107521592,3.8115004584480854
185.6528664634828,49.35749450451724
185.6622018517497,58.491577736322085
185.67153724001656,22.61029740193413
185.68087262828345,50.46040062503064
185.69020801655034,1.6336214506709705
185.6995434048172,149.79061379882944
185.7088787930841,77.63805540569243
185.718214181351,325.33398384253655
185.72754956961788,631.9136802178726
185.73688495788474,186.99682153787296
185.74622034615163,134.33664740158238
185.75555573441852,237.55116943422104
185.76489112268538,123.28629069440166
185.77422651095227,44.783400671554894
185.78356189921917,23.56180342344492
185.79289728748603,164.46070265207547
185.80223267575292,3.3113706100740696
185.8115680640198,89.45061698565749
185.82090345228667,63.40871295629369
185.83023884055356,40.36138876563652
185.83957422882045,69.99576877444926
185.84890961708734,42.49289982603889
185.8582450053542,33.599796457842736
185.8675803936211,27.07142512246638
185.876915781888,38.046068910330604
185.88625117015485,211.53647358339592
185.89558655842174,107.29794612736498
185.90492194668863,97.93763652189952
185.9142573349555,300.0289397653683
185.92359272322238,47.75001847038502
185.93292811148928,36.58272941771722
185.94226349975617,82.57925492654121
185.95159888802303,58.3187419584231
185.96093427628992,9.933475709877172
185.9702696645568,6.757047831426554
185.97960505282367,138.53103088655712
185.98894044109056,3.730940422903795
185.99827582935745,16.011507420561884
186.00761121762432,10.60013928546074
186.0169466058912,116.05379322494898
186.0262819941581,21.30555615149577
186.03561738242496,24.836821634317996
186.04495277069185,57.66921085941959
186.05428815895874,219.64704903885158
186.06362354722563,15.397034008236101
186.0729589354925,174.3717020792878
186.08229432375938,76.47077875835728
186.09162971202628,45.060723756511884
186.10096510029314,8.43083672685339
186.11030048856003,0.6141310954241045
186.11963587682692,57.96911752189093
186.12897126509378,6.488657269613094
186.13830665336067,40.86200220160381
186.14764204162756,69.13771663491316
186.15697742989443,19.914803824961908
186.16631281816132,64.57583876822689
186.1756482064282,132.4933298118349
186.1849835946951,42.677508635434705
186.19431898296196,53.47852669773894
186.20365437122885,71.39207198292958
186.21298975949574,55.83666794032965
186.2223251477626,18.412767209133012
186.2316605360295,18.680602544540342
186.24099592429639,77.61114634451651
186.25033131256325,181.93293357894066
186.25966670083014,106.94851705156526
186.26900208909703,74.93598806492285
186.2783374773639,37.756153962977756
186.28767286563078,33.10376376936767
186.29700825389767,0.9300845347937463
186.30634364216456,2.395646043455777
186.31567903043143,3.223232340009977
186.32501441869832,57.99465286051239
186.3343498069652,79.28894776396506
186.34368519523207,41.96490383190871
186.35302058349896,42.01881358844191
186.36235597176585,13.192554500366898
186.3716913600327,69.07579076999312
186.3810267482996,9.696794862343433
186.3903621365665,9.378602909349702
186.39969752483336,5.945744148435229
186.40903291310025,116.33445625150097
186.41836830136714,52.48066578645003
186.42770368963403,5.572504411099339
186.4370390779009,40.53133433889818
186.44637446616778,47.06317204573209
186.45570985443467,35.905941217259084
186.46504524270154,28.014397553103258
186.47438063096843,161.0136525942943
186.48371601923532,53.00165245237718
186.49305140750218,18.33725336442307
186.50238679576907,74.28395787760195
186.51172218403596,47.54798393443535
186.52105757230285,4.787037574835767
186.5303929605697,14.394842042633472
186.5397283488366,26.088469426627345
186.5490637371035,30.393607895914773
186.55839912537036,99.95754769084823
186.56773451363725,19.32182395761812
186.57706990190414,159.73845489251644
186.586405290171,125.48753229889103
186.5957406784379,27.900319986587554
186.60507606670478,18.099302915366177
186.61441145497164,49.467468972943706
186.62374684323854,140.642709648062
186.63308223150543,83.54241546583411
186.64241761977232,157.53840574492668
186.65175300803918,91.36626912689432
186.66108839630607,13.640246644157244
186.67042378457296,78.32733627495561
186.67975917283982,4.420718297131911
186.6890945611067,12.361335891792532
186.6984299493736,67.02155592700164
186.70776533764047,11.177886704930243
186.71710072590736,38.63975791803542
186.72643611417425,60.9079940648702
186.7357715024411,26.34818249190971
186.745106890708,83.31872775601921
186.7544422789749,70.60232873203414
186.76377766724178,19.18634638708677
186.77311305550865,4.556116982467866
186.78244844377554,106.38453676381785
186.79178383204243,58.09237331016571
186.8011192203093,8.200385400776401
186.81045460857618,5.558570671451231
186.81978999684307,27.38355922328275
186.82912538510993,49.76316270654831
186.83846077337682,19.93455162968662
186.8477961616437,18.17232288307578
186.85713154991058,8.524525401958707
186.86646693817747,7.413979695113468
186.87580232644436,1.405348117655765
186.88513771471125,22.444807052531687
186.8944731029781,10.708422572243787
186.903808491245,20.319125555953704
186.9131438795119,13.247731522950668
186.92247926777875,69.58155289911254
186.93181465604565,52.94327674312556
186.94115004431254,46.540869858441475
186.9504854325794,87.5803798924126
186.9598208208463,88.44254018640514
186.96915620911318,25.36366164318373
186.97849159738004,8.02029702477503
186.98782698564693,180.31272899474476
186.99716237391382,59.38613048030197
187.00649776218071,180.5863921126098
187.01583315044758,56.141271135933685
187.02516853871447,95.37022633742477
187.03450392698136,91.43475247790397
187.04383931524822,135.12010671331893
187.0531747035151,31.21689583088084
187.062510091782,50.31213501663354
187.07184548004886,77.91563742649036
187.08118086831576,112.00449936015616
187.09051625658265,2.1278412861658205
187.09985164484954,1.7605849736769854
187.1091870331164,106.57274065408649
187.1185224213833,99.85179668923615
187.12785780965018,36.64948455518294
187.13719319791704,75.97559996840735
187.14652858618393,223.40168778409029
187.15586397445082,28.056494973789093
187.1651993627177,5.707694037667816
187.17453475098458,456.1295339297081
187.18387013925147,69.69222000519497
187.19320552751833,33.831938488062356
187.20254091578522,179.94529419947602
187.2118763040521,54.212928399192876
187.221211692319,38.688106502867136
187.23054708058586,5.977495464318993
187.23988246885276,19.92020894300858
187.24921785711965,52.95418588543487
187.2585532453865,44.43843202263638
187.2678886336534,26.42812647579429
187.2772240219203,15.983600952142243
187.28655941018715,48.31290218668471
187.29589479845404,22.134357556509496
187.30523018672093,157.85836677628853
187.3145655749878,3.2555212806391336
187.3239009632547,23.076990610952844
187.33323635152158,66.02442229268019
187.34257173978847,14.559125956398768
187.35190712805533,4.486013541766306
187.36124251632222,95.18814221072348
187.3705779045891,6.637927156615032
187.37991329285597,1.330640740416136
187.38924868112287,27.12729909574564
187.39858406938976,23.18778560046038
187.40791945765662,25.98565893471196
187.4172548459235,3.9759381187462157
187.4265902341904,55.64374280482738
187.43592562245726,56.41950751829856
187.44526101072415,7.342665526094845
187.45459639899104,18.512990423097875
187.46393178725793,29.78250652617741
187.4732671755248,71.34740379471438
187.4826025637917,91.51051664621271
187.49193795205858,248.7936981803517
187.50127334032544,137.8774312283403
187.51060872859233,66.44588294790618
187.51994411685922,35.115007297988086
187.52927950512608,50.944665967468744
187.53861489339297,75.40645127028908
187.54795028165987,96.97922241791083
187.55728566992673,196.4602078387376
187.56662105819362,30.266404878062232
187.5759564464605,65.04222934337876
187.5852918347274,30.22047150475311
187.59462722299426,1.2970966648819802
187.60396261126115,21.958372587774058
187.61329799952804,6.562906592473352
187.6226333877949,5.751991501016465
187.6319687760618,8.907418709034335
187.6413041643287,11.312956039749885
187.65063955259555,5.298736884180639
187.65997494086244,18.109940884825427
187.66931032912933,28.169006103613142
187.67864571739622,7.8011944847330446
187.68798110566308,126.67410363888693
187.69731649392997,2.187113187237308
187.70665188219687,104.15062578977997
187.71598727046373,87.12446539288204
187.72532265873062,202.8067094194162
187.7346580469975,131.25226888847624
187.74399343526437,4.280660157644505
187.75332882353126,271.23725341463575
187.76266421179815,7.480716782125697
187.77199960006502,95.40119960851261
187.7813349883319,128.25727665132462
187.7906703765988,42.525709834739445
187.8000057648657,129.43664884337358
187.80934115313255,58.207665522929396
187.81867654139944,197.47658134202976
187.82801192966633,111.83808713086954
187.8373473179332,402.76721067018246
187.84668270620008,159.7228436261787
187.85601809446698,102.25877648049371
187.86535348273384,231.36596306247048
187.87468887100073,32.04989996021129
187.88402425926762,64.32902992134521
187.89335964753448,104.45129548961248
187.90269503580137,52.01809229122772
187.91203042406826,42.19997934578653
187.92136581233515,53.47492411573919
187.93070120060202,53.48429081356815
187.9400365888689,4.254953926996033
187.9493719771358,3.5265993298650105
187.95870736540266,106.83850231147494
187.96804275366955,6.366600653939626
187.97737814193644,81.4253609469509
187.9867135302033,146.2352254719578
187.9960489184702,4.686644120525128
188.00538430673708,89.51920045580019
188.01471969500395,59.43182655718852
188.02405508327084,15.61462222109543
188.03339047153773,70.99053489512119
188.04272585980462,15.225101595810363
188.05206124807148,103.82425227430576
188.06139663633837,21.77266748065028
188.07073202460526,148.2617731409428
188.08006741287213,103.91781590318891
188.08940280113902,28.874751188550743
188.0987381894059,225.99415014988242
188.10807357767277,36.01767264504875
188.11740896593966,18.818890013703996
188.12674435420655,131.5706633939642
188.1360797424734,28.880004752967444
188.1454151307403,68.79927830441049
188.1547505190072,108.28031852421452
188.16408590727409,23.390382176942666
188.17342129554095,53.697280718459325
188.18275668380784,13.991053574361098
188.19209207207473,26.30969649053604
188.2014274603416,42.12720635026025
188.21076284860848,44.90880758485097
188.22009823687537,198.38782904377848
188.22943362514224,160.24668731537116
188.23876901340913,45.00912520115525
188.24810440167602,128.1965841507273
188.2574397899429,57.57072920834277
188.26677517820977,11.373911137136627
188.27611056647666,75.13625839262228
188.28544595474355,66.11079199733231
188.2947813430104,105.65146517469164
188.3041167312773,7.929898977679145
188.3134521195442,4.6184522167983175
188.32278750781106,35.86172825466054
188.33212289607795,27.81955431070519
188.34145828434484,28.49354864758747
188.3507936726117,29.466881148257528
188.3601290608786,16.410101470345307
188.36946444914548,1.8715522221217373
188.37879983741237,56.20336438106161
188.38813522567924,150.40112266859708
188.39747061394613,131.35218606809497
188.40680600221302,72.3753205672965
188.41614139047988,128.77233423248293
188.42547677874677,26.454108076292517
188.43481216701366,14.07111606967127
188.44414755528052,27.69247552608828
188.4534829435474,72.36270731941732
188.4628183318143,4.629728986032251
188.47215372008117,11.670861372720976
188.48148910834806,85.26576527134775
188.49082449661495,83.79526474695942
188.50015988488184,169.93065167653495
188.5094952731487,52.383297954392624
188.5188306614156,26.460340685024615
188.52816604968248,10.378721162363435
188.53750143794935,138.58360492130342
188.54683682621624,211.84534048446756
188.55617221448313,17.092209481123106
188.56550760275,95.75357852588144
188.57484299101688,17.89576289884424
188.58417837928377,31.857233021175134
188.59351376755063,7.201874919827643
188.60284915581752,60.167779669371605
188.6121845440844,45.49249207987632
188.6215199323513,1.65665434165644
188.63085532061817,32.29058915222733
188.64019070888506,3.252724809443232
188.64952609715195,54.875017165151625
188.6588614854188,39.28173278239572
188.6681968736857,50.84987423309351
188.6775322619526,82.75705632119542
188.68686765021945,178.1406853229158
188.69620303848635,14.310459895581245
188.70553842675324,38.712017221542474
188.71487381502013,60.18444961748117
188.724209203287,61.42238786522649
188.73354459155388,63.92441137427141
188.74287997982077,12.825989995340418
188.75221536808763,19.411014980085895
188.76155075635452,21.709198886715
188.77088614462141,60.694247977825356
188.78022153288828,31.118650420816532
188.78955692115517,4.504085930358899
188.79889230942206,286.11754757184235
188.80822769768892,121.76776244959918
188.8175630859558,3.3829467802168196
188.8268984742227,101.40037997171804
188.8362338624896,38.2565771499757
188.84556925075645,125.02060142349812
188.85490463902335,25.983479508819403
188.86424002729024,26.20337786213044
188.8735754155571,63.877117278573486
188.882910803824,51.295465875785986
188.89224619209088,2.7711862569578303
188.90158158035774,5.61647864137317
188.91091696862463,26.58767161381116
188.92025235689152,1.7627680994112784
188.9295877451584,6.022773046809059
188.93892313342528,2.5975826426832382
188.94825852169217,5.1814398647205895
188.95759390995906,4.167777475224673
188.96692929822592,4.123052983626991
188.9762646864928,22.977257863415783
188.9856000747597,6.225666863070355
188.99493546302656,10.483920465598581
189.00427085129346,23.312605622740996
189.01360623956035,21.43046112020659
189.0229416278272,11.990012483158432
189.0322770160941,11.378247500196956
189.041612404361,108.80158546345191
189.05094779262785,26.42991822374227
189.06028318089474,33.514464589262865
189.06961856916163,46.66800260199389
189.07895395742852,2.0954896079637164
189.0882893456954,13.834703673410703
189.09762473396228,3.788713798453174
189.10696012222917,0.3363704408011421
189.11629551049603,9.128929416232433
189.12563089876292,2.448951304091571
189.1349662870298,1.376655149554128
189.14430167529667,16.752361478059406
189.15363706356356,12.101373769342427
189.16297245183046,9.948440571749243
189.17230784009732,55.35184723732641
189.1816432283642,2.547527680222215
189.1909786166311,22.39389654810785
189.200314004898,57.62790890374983
189.20964939316485,127.08814845543371
189.21898478143174,16.063814637184294
189.22832016969863,31.12500733373538
189.2376555579655,94.59611412925749
189.2469909462324,12.819292425148381
189.25632633449928,20.8896980157073
189.26566172276614,3.774198421917773
189.27499711103303,2.0526467745035206
189.28433249929992,6.454120439727811
189.2936678875668,8.262503196244955
189.30300327583367,6.595973036606652
189.31233866410057,3.8853107784375687
189.32167405236746,1.7492158418324821
189.33100944063432,55.88553249982803
189.3403448289012,2.2916748006664456
189.3496802171681,2.997230503769517
189.35901560543496,39.83943668075516
189.36835099370185,125.81226289627779
189.37768638196874,186.93050649036948
189.3870217702356,1.445840794388253
189.3963571585025,199.09404314872185
189.4056925467694,78.74841473304024
189.41502793503628,89.23319758168135
189.42436332330314,51.95187700124602
189.43369871157003,5.037594784244909
189.44303409983692,141.3003658853439
189.45236948810378,12.195545633845247
189.46170487637067,73.40102736168276
189.47104026463757,83.76822510037385
189.48037565290443,27.87214921628888
189.48971104117132,36.596947870962204
189.4990464294382,50.70664969187733
189.50838181770507,7.65407892543645
189.51771720597196,28.573116348694796
189.52705259423885,47.80627956779496
189.53638798250574,118.64177157910153
189.5457233707726,15.200006164841893
189.5550587590395,27.806957381514106
189.5643941473064,55.78745330507427
189.57372953557325,51.67848268462475
189.58306492384014,19.7622625387995
189.59240031210703,45.56160269826133
189.6017357003739,20.78061827200878
189.61107108864078,53.37712580566519
189.62040647690768,62.07011665870508
189.62974186517454,5.188716944790997
189.63907725344143,11.669564592147658
189.64841264170832,2.0436997484649533
189.6577480299752,11.83037296528763
189.66708341824207,11.007386856236604
189.67641880650896,34.87085253221738
189.68575419477585,1.0969849620111707
189.69508958304272,39.2999244425644
189.7044249713096,18.180805727790965
189.7137603595765,43.66106986769372
189.72309574784336,3.4592211928064995
189.73243113611025,55.52579591021655
189.74176652437714,62.14166581392434
189.751101912644,2.2892107075658843
189.7604373009109,18.70866826641055
189.76977268917778,175.39231429132337
189.77910807744468,114.87782401107955
189.78844346571154,2.547290790735865
189.79777885397843,229.60214293840014
189.80711424224532,1.7902202059160275
189.81644963051218,139.9905901717247
189.82578501877907,18.415991080511542
189.83512040704596,116.29915142996836
189.84445579531283,246.02192130956763
189.85379118357972,123.25256018152434
189.8631265718466,42.605777888842304
189.8724619601135,53.67431158722018
189.88179734838036,98.80622132882392
189.89113273664725,21.536535911591805
189.90046812491414,98.12653420479093
189.909803513181,53.37907322033999
189.9191389014479,72.07472536994149
189.92847428971479,180.48472317211719
189.93780967798165,67.77064417048346
189.94714506624854,28.181417216199147
189.95648045451543,91.52082193412205
189.9658158427823,5.499634430177961
189.97515123104918,1.158526331608418
189.98448661931607,6.109660019021946
189.99382200758296,60.37733427010263
190.00315739584983,24.19938075577926
190.01249278411672,27.389642203109844
190.0218281723836,58.05746491698891
190.03116356065047,6.460502876270456
190.04049894891736,3.104024487519541
190.04983433718425,0.9208489233424348
190.0591697254511,22.567869479946168
190.068505113718,2.625245628145261
190.0778405019849,20.63150676529664
190.08717589025176,13.0493011338857
190.09651127851865,9.468992850862046
190.10584666678554,30.828331702989384
190.11518205505243,5.193361056872924
190.1245174433193,55.00397306346626
190.13385283158618,23.30196512012135
190.14318821985307,35.66058130578145
190.15252360811994,38.347040465998646
190.16185899638683,0.8219085921938306
190.17119438465372,87.88714612323794
190.18052977292058,27.43263698163267
190.18986516118747,4.959450803421557
190.19920054945436,12.611130204579897
190.20853593772122,8.037272430435712
190.2178713259881,48.81610051921739
190.227206714255,17.92565047428283
190.2365421025219,0.47352313591539696
190.24587749078876,18.678206983959477
190.25521287905565,23.343014378285968
190.26454826732254,13.91495270695784
190.2738836555894,0.9980307297134536
190.2832190438563,27.81379404547918
190.29255443212318,25.31459335530743
190.30188982039004,15.756287573798025
190.31122520865694,8.275106703955881
190.32056059692383,35.223576350204766
190.3298959851907,5.065152355760403
190.33923137345758,83.147765493797
190.34856676172447,27.434933770305104
190.35790214999136,28.709415514269764
190.36723753825822,85.74355685907906
190.3765729265251,7.921191693761875
190.385908314792,79.72658240952346
190.39524370305887,73.02308562901794
190.40457909132576,28.808684429535855
190.41391447959265,24.958899781859234
190.4232498678595,99.10399775705879
190.4325852561264,24.567733767532086
190.4419206443933,0.2837187383551866
190.45125603266018,19.32081462637076
190.46059142092705,106.39527182007932
190.46992680919394,47.654471615956034
190.47926219746083,62.51429127204018
190.4885975857277,42.32491559402004
190.49793297399458,77.78916477321786
190.50726836226147,58.59400569385492
190.51660375052833,101.5147054413145
190.52593913879522,130.1863331441703
190.5352745270621,37.894950549814325
190.54460991532898,83.26231473086075
190.55394530359587,33.890900790641275
190.56328069186276,17.35978227688205
190.57261608012965,7.1570948495471205
190.5819514683965,86.41143636212246
190.5912868566634,22.931695787091158
190.6006222449303,38.18976083245219
190.60995763319715,9.372251690078837
190.61929302146405,6.178665537749282
190.62862840973094,2.142923296581751
190.6379637979978,26.10512872270267
190.6472991862647,5.712735788700822
190.65663457453158,3.714607146192605
190.66596996279844,3.9876351872869487
190.67530535106533,13.9415517015963
190.68464073933222,15.685849109329226
190.69397612759911,23.635985503384255
190.70331151586598,22.18158001075499
190.71264690413287,1.5173186589009675
190.72198229239976,12.814245858945258
190.73131768066662,46.13249843689912
190.7406530689335,69.79487097961041
190.7499884572004,11.292368732624402
190.75932384546726,26.70894618479256
190.76865923373416,86.23706771948213
190.77799462200105,10.177842266090876
190.7873300102679,8.772306255827406
190.7966653985348,118.29459307024574
190.8060007868017,18.587713957394367
190.81533617506858,69.36825868516762
190.82467156333544,21.28725944940094
190.83400695160233,85.5776393424048
190.84334233986922,17.444936777865628
190.8526777281361,6.441495325682551
190.86201311640298,14.032840467878867
190.87134850466987,126.60459204264008
190.88068389293673,4.519188099081288
190.89001928120362,48.032776199204875
190.8993546694705,71.70593400693814
190.90869005773737,0.6132572458936144
190.91802544600426,40.99456175458855
190.92736083427116,9.573932732063584
190.93669622253805,77.29029445122315
190.9460316108049,29.63386422696929
190.9553669990718,150.34819649972047
190.9647023873387,131.301503995144
190.97403777560555,87.39941564336175
190.98337316387244,55.104876672143135
190.99270855213933,6.084577367380663
191.0020439404062,0.8915892332041558
191.0113793286731,0.9771117867964902
191.02071471693998,35.79234744890203
191.03005010520687,4.560569271675309
191.03938549347373,9.781927975411687
191.04872088174062,44.56545576082011
191.0580562700075,24.973762832066058
191.06739165827437,49.52193961399078
191.07672704654127,102.42724915601067
191.08606243480816,33.34303701561543
191.09539782307502,15.020479932571593
191.1047332113419,4.977009651960465
191.1140685996088,6.626661664298449
191.12340398787566,5.671131723319843
191.13273937614255,13.772424438613353
191.14207476440944,94.79292018122531
191.15141015267633,35.47624645437652
191.1607455409432,55.14733097823007
191.1700809292101,78.34792976512038
191.17941631747698,11.150231314330792
191.18875170574384,22.345597072547115
191.19808709401073,111.09880961783618
191.20742248227762,39.37358213997819
191.21675787054448,44.70100542624087
191.22609325881137,16.913565931734375
191.23542864707827,23.047358502245206
191.24476403534513,11.599676087089245
191.25409942361202,48.37672963400953
191.2634348118789,3.251336650651971
191.2727702001458,17.137726398589603
191.28210558841266,34.1448562725176
191.29144097667955,9.348598937132097
191.30077636494644,0.49682425164255867
191.3101117532133,95.16318656088949
191.3194471414802,1.9380379107980683
191.3287825297471,7.902511051094628
191.33811791801395,14.913377914977696
191.34745330628084,31.15405459782408
191.35678869454773,57.442653316043646
191.3661240828146,136.55607571397496
191.37545947108148,73.8665656507554
191.38479485934837,29.60498037563225
191.39413024761527,58.79714644021313
191.40346563588213,13.62950985099227
191.41280102414902,49.33835222391685
191.4221364124159,27.000477358843877
191.43147180068277,153.64381809078162
191.44080718894966,37.08924041863403
191.45014257721655,33.79327627937056
191.45947796548342,30.56432138557666
191.4688133537503,0.44432750427841605
191.4781487420172,20.758944251482664
191.4874841302841,62.684133825415216
191.49681951855095,144.6207508732804
191.50615490681784,85.04048199315464
191.51549029508473,109.82751680842829
191.5248256833516,125.67269600823225
191.53416107161848,55.523977308273416
191.54349645988538,41.0432856126746
191.55283184815224,22.248925377173972
191.56216723641913,32.40243688080753
191.57150262468602,47.715232781937054
191.58083801295288,90.87020282585677
191.59017340121977,20.455369771268327
191.59950878948666,111.70184361387419
191.60884417775355,124.84528667467251
191.61817956602042,51.44726210113277
191.6275149542873,216.68721077396293
191.6368503425542,56.923520306890744
191.64618573082106,8.589742867638146
191.65552111908795,106.58719294258937
191.66485650735484,97.33793369996664
191.6741918956217,15.32947461322958
191.6835272838886,60.16465008896249
191.69286267215548,39.543088920080066
191.70219806042235,93.12701966763011
191.71153344868924,73.32736752353628
191.72086883695613,52.98499087763902
191.73020422522302,23.106250790805117
191.73953961348988,18.560327347772873
191.74887500175677,41.53703581387055
191.75821039002366,76.04384154115263
191.76754577829053,10.284261527431399
191.77688116655742,17.545329371057992
191.7862165548243,19.018737620261035
191.79555194309117,137.445230191627
191.80488733135806,32.07986972567433
191.81422271962495,5.321049920742583
191.8235581078918,59.81947713130781
191.8328934961587,69.15422384397377
191.8422288844256,5.106153618299804
191.85156427269249,57.97099390227257
191.86089966095935,54.878057136570284
191.87023504922624,23.664477071775146
191.87957043749313,42.196346451342706
191.88890582576,9.471074714890733
191.89824121402688,7.352883825990088
191.90757660229377,9.057350540141641
191.91691199056064,36.10242924374375
191.92624737882753,83.00269632181529
191.93558276709442,43.99210464619093
191.94491815536128,17.215164116799027
191.95425354362817,55.48242925688327
191.96358893189506,19.33717474753239
191.97292432016195,14.23268661083251
191.9822597084288,108.45587555631388
191.9915950966957,42.53442805304126
192.0009304849626,44.78301692130776
192.01026587322946,20.47701383075715
192.01960126149635,88.35015435766549
192.02893664976324,77.73780819314449
192.0382720380301,5.835313030350272
192.047607426297,0.838864155353845
192.05694281456388,46.18269521463756
192.06627820283077,109.25254156785753
192.07561359109764,40.028314917078376
192.08494897936453,39.84461375494716
192.09428436763142,219.81840554176728
192.10361975589828,45.89341536570351
192.11295514416517,54.570070460350045
192.12229053243206,11.599418520282136
192.13162592069892,46.70051561789177
192.1409613089658,238.4551788521241
192.1502966972327,7.147248073239866
192.15963208549957,7.212897613224789
192.16896747376646,173.73583018875013
192.17830286203335,3.7001055061265418
192.18763825030024,25.31207463258206
192.1969736385671,79.2914792042171
192.206309026834,80.70730557661419
192.21564441510088,68.15657301351929
192.22497980336775,20.714427193057716
192.23431519163464,38.54902768470391
192.24365057990153,40.3604607852181
192.2529859681684,100.45577628477623
192.26232135643528,93.5653145604522
192.27165674470217,85.08377872861702
192.28099213296903,31.38518491989336
192.29032752123592,0.7636871968633169
192.2996629095028,40.878551798197925
192.3089982977697,2.335828713114106
192.31833368603657,117.98500852085506
192.32766907430346,82.90096946499956
192.33700446257035,116.69247341940772
192.3463398508372,33.32851392508935
192.3556752391041,100.50823557020321
192.365010627371,16.442061579648964
192.37434601563785,14.09965635072476
192.38368140390475,106.67717498804168
192.39301679217164,27.056023838330034
192.4023521804385,107.61286890753772
192.4116875687054,193.655284429509
192.42102295697228,254.36259664790563
192.43035834523917,39.40899216621426
192.43969373350603,49.447181363029216
192.44902912177292,25.052552093152368
192.45836451003981,73.7549013226593
192.46769989830668,9.835989486707067
192.47703528657357,3.38379876978733
192.48637067484046,51.60972858776687
192.49570606310732,57.8235255552036
192.5050414513742,68.33554231966598
192.5143768396411,53.718925360444345
192.52371222790796,4.571849183731799
192.53304761617485,34.235737029763506
192.54238300444175,5.481284949313154
192.55171839270864,21.845969240221578
192.5610537809755,31.65914280943267
192.5703891692424,22.901943730999434
192.57972455750928,23.352411990263256
192.58905994577614,38.55693272673504
192.59839533404303,22.022461730231637
192.60773072230992,143.38914222343243
192.6170661105768,77.08246000683059
192.62640149884368,10.457257230338858
192.63573688711057,95.45610562119252
192.64507227537746,7.290216812979322
192.65440766364432,0.2622425800018714
192.6637430519112,69.03947868806432
192.6730784401781,3.3141938970525793
192.68241382844496,2.799958985261482
192.69174921671186,22.982852324097923
192.70108460497875,108.2671700320189
192.7104199932456,176.64604546812325
192.7197553815125,57.46444725856828
192.7290907697794,1.4276678924387118
192.73842615804625,62.22407963938387
192.74776154631314,171.80938521362006
192.75709693458003,110.09713954521754
192.76643232284692,7.879315918017696
192.7757677111138,196.78293353884783
192.78510309938068,7.442713113540291
192.79443848764757,32.77247848959073
192.80377387591443,30.687514097722712
192.81310926418132,122.9359228813596
192.8224446524482,74.78254019108374
192.83178004071507,126.13355860344761
192.84111542898196,415.5043828806961
192.85045081724886,79.9442707464377
192.85978620551572,35.65230551794032
192.8691215937826,98.43262159842348
192.8784569820495,36.77394498306141
192.8877923703164,13.316062949075054
192.89712775858325,17.695491844372608
192.90646314685014,36.142451834281744
192.91579853511703,26.182329482894215
192.9251339233839,66.81554911469348
192.9344693116508,26.489247909253905
192.94380469991768,109.28518508529781
192.95314008818454,119.38317973922507
192.96247547645143,13.246863283653136
192.97181086471832,75.22315318255795
192.98114625298518,8.7033439205438
192.99048164125207,147.83837076349823
192.99981702951897,102.41457601978475
193.00915241778586,172.50595019786607
193.01848780605272,75.80278550155569
193.0278231943196,31.5693089308569
193.0371585825865,27.63692944939182
193.04649397085336,56.67765997068408
193.05582935912025,19.619061104774552
193.06516474738714,2.8385281321494116
193.074500135654,53.027483893085005
193.0838355239209,92.85388026831404
193.0931709121878,33.38197702631599
193.10250630045465,119.04260786667736
193.11184168872154,19.217201854273863
193.12117707698843,190.66144935918712
193.13051246525532,150.7208253892977
193.13984785352218,17.506007343217323
193.14918324178907,131.6047005325542
193.15851863005597,36.986298758493255
193.16785401832283,57.81032851791827
193.17718940658972,38.75851898949255
193.1865247948566,24.329613251420756
193.19586018312347,42.42245308355041
193.20519557139036,76.10310472362274
193.21453095965725,31.270795851561097
193.22386634792414,11.885468331402757
193.233201736191,196.32529617159776
193.2425371244579,84.70212914960474
193.2518725127248,16.942773758656173
193.26120790099165,79.68308534109941
193.27054328925854,74.61584656182077
193.27987867752543,2.1403997214443864
193.2892140657923,14.896221686268508
193.29854945405918,16.29283588002123
193.30788484232608,72.0286051816544
193.31722023059294,34.29084139890615
193.32655561885983,79.0242512790435
193.33589100712672,11.941890010495674
193.3452263953936,20.606158658330997
193.35456178366047,8.523935847187435
193.36389717192736,54.25586859646144
193.37323256019425,47.644118031872836
193.38256794846112,3.1220105508152467
193.391903336728,71.30548890353613
193.4012387249949,25.29490927831866
193.41057411326176,49.64529845787518
193.41990950152865,208.22746411662186
193.42924488979554,59.42734273132602
193.4385802780624,0.5901610242765396
193.4479156663293,20.57723238842244
193.45725105459618,57.11276759333188
193.46658644286308,35.24245771278942
193.47592183112994,8.226433806127845
193.48525721939683,61.865489693111265
193.49459260766372,21.109583697184846
193.50392799593058,41.62787892652525
193.51326338419747,46.6180665303368
193.52259877246436,8.691665620986335
193.53193416073123,2.4871220854939047
193.54126954899812,10.852510394262941
193.550604937265,32.2368277070208
193.55994032553187,12.556622303269368
193.56927571379876,38.8994801269036
193.57861110206565,5.159366912175927
193.58794649033254,91.5850255312196
193.5972818785994,36.271955970514874
193.6066172668663,74.84708605018892
193.61595265513319,13.02072429303281
193.62528804340005,3.4500941220505843
193.63462343166694,57.05004952442843
193.64395881993383,32.17200482558754
193.6532942082007,35.71360333013011
193.66262959646758,138.40646669258064
193.67196498473447,13.63539509666161
193.68130037300133,61.64760491551184
193.69063576126823,192.51172788713612
193.69997114953512,181.7441417496059
193.709306537802,205.68246668774822
193.71864192606887,53.71896613142643
193.72797731433576,287.600044107028
193.73731270260265,72.52781957099997
193.7466480908695,24.823802667680944
193.7559834791364,40.71741741666609
193.7653188674033,35.18049491746254
193.77465425567016,119.82193118899264
193.78398964393705,21.18568339954693
193.79332503220394,124.60760168157978
193.80266042047083,51.40341838561997
193.8119958087377,7.085782586678638
193.82133119700458,70.41354517871298
193.83066658527147,24.861344299653293
193.84000197353834,57.29827347907903
193.84933736180523,94.84319591961368
193.85867275007212,58.98700061326783
193.86800813833898,12.21781481754143
193.87734352660587,51.3840944157622
193.88667891487276,13.353120414235168
193.89601430313962,92.99418115370602
193.9053496914065,22.86776343780849
193.9146850796734,275.9590696051577
193.9240204679403,82.63436822245643
193.93335585620716,138.64675723030695
193.94269124447405,123.62470867689933
193.95202663274094,82.7482214105807
193.9613620210078,16.585367957619784
193.9706974092747,132.19283294983154
193.98003279754158,260.1014330114117
193.98936818580844,25.065721207987355
193.99870357407534,255.59338402202414
194.00803896234223,68.1918723199698
194.0173743506091,78.73645592460407
194.02670973887598,126.13742138533507
194.03604512714287,32.861529082881255
194.04538051540976,28.425885788609044
194.05471590367662,58.000576011551786
194.0640512919435,19.91985001399592
194.0733866802104,11.233044413859824
194.08272206847727,60.88167812684429
194.09205745674416,14.668115451153003
194.10139284501105,79.62915694485056
194.1107282332779,25.203585833359313
194.1200636215448,11.537217077674603
194.1293990098117,71.09084945497317
194.13873439807855,121.5264780849366
194.14806978634545,34.82123904935727
194.15740517461234,35.02168145531085
194.16674056287923,101.01001308184576
194.1760759511461,84.3321982011777
194.18541133941298,38.71873306945066
194.19474672767987,4.3192547104201715
194.20408211594673,7.338305713314767
194.21341750421362,6.241823252762765
194.22275289248051,47.403604414019284
194.23208828074738,66.19852971836885
194.24142366901427,8.44530183059891
194.25075905728116,49.86977058104373
194.26009444554805,58.81089761072757
194.2694298338149,76.57481520583391
194.2787652220818,164.28177562657248
194.2881006103487,99.35628216406964
194.29743599861555,28.16661881509787
194.30677138688245,125.93424992443009
194.31610677514934,19.062154450476886
194.3254421634162,35.059262444073156
194.3347775516831,2.4641602460154917
194.34411293994998,81.5660778752244
194.35344832821684,23.256768228005257
194.36278371648373,41.94994023339315
194.37211910475062,33.65187640949997
194.38145449301751,48.70487532645809
194.39078988128438,1.0458814558934306
194.40012526955127,24.048002362598908
194.40946065781816,54.304608997825355
194.41879604608502,6.55130521007064
194.4281314343519,0.09800017549116218
194.4374668226188,126.67333743717722
194.44680221088566,0.6261819192148589
194.45613759915256,10.640532649912755
194.46547298741945,55.80876430297335
194.4748083756863,23.6714360435992
194.4841437639532,7.3693945791624555
194.4934791522201,6.556155979985192
194.50281454048698,68.27516356727435
194.51214992875384,36.73433539100353
194.52148531702073,94.09639702208871
194.53082070528762,51.84445337107405
194.5401560935545,22.739729246994024
194.54949148182138,16.482217945554666
194.55882687008827,38.66648376312629
194.56816225835513,44.08667564904616
194.57749764662202,30.573570005186028
194.5868330348889,80.0301779592501
194.59616842315577,30.966178574050158
194.60550381142266,8.460405108181092
194.61483919968956,172.16983235038677
194.62417458795645,7.743464448614538
194.6335099762233,48.25039133116936
194.6428453644902,185.23855548990963
194.6521807527571,33.755727033398294
194.66151614102395,100.28386194071683
194.67085152929084,293.00732065182535
194.68018691755773,4.762049866854543
194.6895223058246,52.840086034000095
194.6988576940915,53.0099378485945
194.70819308235838,126.88308091514426
194.71752847062524,26.421256995199585
194.72686385889213,137.51251523686759
194.73619924715902,48.664155854538286
194.7455346354259,2.2493519712149146
194.75487002369277,81.78679651115924
194.76420541195967,99.71418716443026
194.77354080022656,64.7118793550806
194.78287618849342,32.92338844268705
194.7922115767603,83.75683738542646
194.8015469650272,5.4868315385611135
194.81088235329406,147.0732706674519
194.82021774156095,1.1542656020593274
194.82955312982784,51.75215198704198
194.83888851809473,221.26986064597864
194.8482239063616,62.161325085106796
194.8575592946285,20.13080829285749
194.86689468289538,76.50385562890796
194.87623007116224,83.27824162916994
194.88556545942913,150.67525544770578
194.89490084769602,343.91091640830916
194.90423623596288,21.742068402896763
194.91357162422977,288.7706106534025
194.92290701249667,103.14027148614403
194.93224240076353,2.2040902756970846
194.94157778903042,99.91032771031881
194.9509131772973,31.49552251194405
194.9602485655642,26.533465738131785
194.96958395383106,90.91615081215276
194.97891934209795,12.264593999677208
194.98825473036484,17.242397498957153
194.9975901186317,1.3831478819013578
195.0069255068986,2.366667380646412
195.0162608951655,68.43918847011795
195.02559628343235,4.776492980083083
195.03493167169924,27.486705289600597
195.04426705996613,4.588135649041107
195.053602448233,143.05516238475448
195.06293783649988,29.04794907719188
195.07227322476678,20.509112360959552
195.08160861303367,167.6085724167861
195.09094400130053,4.683965492418836
195.10027938956742,14.574003929697108
195.1096147778343,86.53306130173556
195.11895016610117,79.40307797050764
195.12828555436806,49.82926186662801
195.13762094263495,158.5602254782905
195.14695633090182,226.7837958892316
195.1562917191687,98.97847384117661
195.1656271074356,81.87437208633493
195.17496249570246,33.30597539675401
195.18429788396935,5.455945039370685
195.19363327223624,241.59368152047955
195.20296866050313,37.57342898750539
195.21230404877,18.922874849153256
195.22163943703688,117.51397338051812
195.23097482530378,102.99502014869785
195.24031021357064,1.9337261068285156
195.24964560183753,22.324688543436906
195.25898099010442,85.83415132195333
195.26831637837128,22.367886579056307
195.27765176663817,2.033044212083169
195.28698715490506,23.249948007235368
195.29632254317193,41.45863659810174
195.30565793143882,13.32591003178389
195.3149933197057,12.848146619168812
195.3243287079726,15.774350410139467
195.33366409623946,29.8186336124183
195.34299948450635,71.31609160953856
195.35233487277324,34.95683559173184
195.3616702610401,1.4076673689053794
195.371005649307,13.868835448894885
195.38034103757388,78.07736629649881
195.38967642584075,40.71820010952412
195.39901181410764,12.951393091726484
195.40834720237453,3.5936612756090462
195.41768259064142,25.570821469786196
195.42701797890828,210.56488896852068
195.43635336717517,73.38681554188067
195.44568875544206,5.220305383525782
195.45502414370893,78.73742890908582
195.46435953197582,1.42081838972379
195.4736949202427,3.085755892814632
195.48303030850957,120.92956648797906
195.49236569677646,14.369163284948414
195.50170108504335,38.05523035807825
195.5110364733102,131.72798519047487
195.5203718615771,30.26209973037106
195.529707249844,104.19259991087317
195.53904263811089,256.3781440722707
195.54837802637775,189.40249150408178
195.55771341464464,89.60129871677289
195.56704880291153,15.612991696025068
195.5763841911784,59.50717550734984
195.58571957944528,87.81471257249628
195.59505496771217,210.04858093438284
195.60439035597904,115.40828669256071
195.61372574424593,42.6156864653795
195.62306113251282,98.18812582081134
195.63239652077968,481.8089222868651
195.64173190904657,212.43084953640414
195.65106729731346,110.38080828449021
195.66040268558035,105.57464705446353
195.6697380738472,17.676545246017508
195.6790734621141,34.48934091481026
195.688408850381,78.11277205135141
195.69774423864786,44.16483077564988
195.70707962691475,44.762115630159236
195.71641501518164,11.715002585383491
195.7257504034485,92.73640931524909
195.7350857917154,45.82131623657612
195.74442117998228,8.04774822400983
195.75375656824914,32.52112423467524
195.76309195651604,77.45259638606846
195.77242734478293,0.8041054016239049
195.78176273304982,14.94334290509763
195.79109812131668,32.23771994731374
195.80043350958357,21.70081370172473
195.80976889785046,7.512326288017815
195.81910428611732,39.95770460578612
195.8284396743842,11.232577167343358
195.8377750626511,36.63090350416768
195.84711045091797,19.966555644255486
195.85644583918486,174.48619342914392
195.86578122745175,105.72300271678986
195.8751166157186,15.456909148374534
195.8844520039855,62.5847832092953
195.8937873922524,28.364848987929474
195.90312278051928,36.62698741742976
195.91245816878615,45.29108765209435
195.92179355705304,3.8996976939547388
195.93112894531993,4.850013465958069
195.9404643335868,10.086010459606037
195.94979972185368,88.1044170358813
195.95913511012057,44.8058288659324
195.96847049838743,13.85080498193432
195.97780588665432,23.061551486371986
195.9871412749212,65.003996370706
195.9964766631881,78.04291130824518
196.00581205145497,37.266294587421626
196.01514743972186,211.2256573931882
196.02448282798875,15.427134900357244
196.0338182162556,327.61270176905776
196.0431536045225,628.7348479516354
196.0524889927894,15.372513907213214
196.06182438105625,617.2871347057765
196.07115976932315,471.0167229792833
196.08049515759004,115.00285487578505
196.0898305458569,55.57762136690708
196.0991659341238,89.50850279253521
196.10850132239068,592.9637595071531
196.11783671065757,8.376040491524652
196.12717209892443,48.73811762296765
196.13650748719132,124.55963640847546
196.14584287545821,95.22819914779691
196.15517826372508,120.02674600079433
196.16451365199197,47.98470016784868
196.17384904025886,35.17448037910551
196.18318442852572,2.380726216264842
196.1925198167926,113.90542512428871
196.2018552050595,4.563987839853211
196.21119059332636,19.43270990205491
196.22052598159325,141.35429372010827
196.22986136986015,45.96823091427113
196.23919675812704,5.686112861223915
196.2485321463939,46.79508467969684
196.2578675346608,171.8751063840419
196.26720292292768,36.444230572650234
196.27653831119454,4.692949416846376
196.28587369946143,202.26855015109
196.29520908772832,70.5524843199475
196.3045444759952,57.25993160961754
196.31387986426208,103.93303148131284
196.32321525252897,2.6353748083142836
196.33255064079583,37.88919148638106
196.34188602906272,11.759410859749371
196.3512214173296,88.26948058817976
196.3605568055965,93.08851174063894
196.36989219386336,3.6614778568917887
196.37922758213026,0.8513680305277739
196.38856297039715,5.914304487085692
196.397898358664,16.46180894707004
196.4072337469309,25.56267986640138
196.4165691351978,17.052430866016593
196.42590452346465,11.36517143248328
196.43523991173154,6.897054531534862
196.44457529999843,10.856149376873173
196.4539106882653,35.573472001050575
196.4632460765322,33.0079041520691
196.47258146479908,129.05297662131932
196.48191685306597,94.97841198456452
196.49125224133283,103.70676584386283
196.50058762959972,215.66802638742072
196.5099230178666,17.553304223215836
196.51925840613347,127.90683491080938
196.52859379440036,44.545168611116445
196.53792918266726,173.00257251281548
196.54726457093412,51.72418553459872
196.556599959201,7.218470797660382
196.5659353474679,177.27377597202437
196.5752707357348,103.46261761437813
196.58460612400165,107.91241546172724
196.59394151226854,66.1383153612308
196.60327690053543,284.0315985067384
196.6126122888023,37.16485487647943
196.6219476770692,19.55400979510565
196.63128306533608,82.18932154305254
196.64061845360294,26.950863080860596
196.64995384186983,7.047874983184428
196.65928923013672,1.9691490210064821
196.66862461840358,64.14092705029475
196.67796000667047,25.82627643313122
196.68729539493737,29.166278688649665
196.69663078320426,64.69469775199416
196.70596617147112,143.66428858202977
196.715301559738,26.56710625375756
196.7246369480049,133.4934488864675
196.73397233627176,4.419037783816321
196.74330772453865,74.79191295772507
196.75264311280554,1.2237791891472063
196.7619785010724,7.399394575735945
196.7713138893393,9.48687371937519
196.7806492776062,76.43623523839828
196.78998466587305,134.04956650665517
196.79932005413994,53.171905563905675
196.80865544240683,32.619113395708
196.81799083067372,21.529998592756666
196.82732621894058,202.84792822024147
196.83666160720747,152.01008861385031
196.84599699547437,163.00345628321995
196.85533238374123,87.77596347618493
196.86466777200812,37.10015539824133
196.874003160275,67.55332700212308
196.88333854854187,35.443788509137164
196.89267393680876,8.638124301951327
196.90200932507565,2.205306162394164
196.91134471334252,4.940705572602042
196.9206801016094,25.290218721178068
196.9300154898763,2.6515975267953347
196.9393508781432,0.9176723172536123
196.94868626641005,14.131838258922913
196.95802165467694,22.127902955514248
196.96735704294383,4.445596405183625
196.9766924312107,64.40203386192222
196.98602781947758,6.457288309794085
196.99536320774448,76.28678709706146
197.00469859601134,57.187755590324116
197.01403398427823,95.97072513046759
197.02336937254512,197.07082077362458
197.032704760812,19.604857981139062
197.04204014907887,118.99801661969389
197.05137553734576,18.43812950636632
197.06071092561265,90.99912283743457
197.07004631387952,20.00232049299047
197.0793817021464,40.414447822992656
197.0887170904133,101.38605023558594
197.09805247868016,25.923433929016532
197.10738786694705,32.73873666439499
197.11672325521394,52.425281528588854
197.1260586434808,10.637145123640654
197.1353940317477,39.59819477356635
197.14472942001458,17.651762444434947
197.15406480828148,62.134435021902114
197.16340019654834,58.50575214335069
197.17273558481523,1.831799472271932
197.18207097308212,87.04941928010915
197.19140636134898,34.533973988346055
197.20074174961587,11.799383843520621
197.21007713788276,20.065107328042984
197.21941252614963,64.25561803775982
197.22874791441652,160.27583073549042
197.2380833026834,333.4665591191582
197.24741869095027,74.29400798792695
197.25675407921716,150.14505670312113
197.26608946748405,268.9899906369006
197.27542485575094,85.51228587226504
197.2847602440178,1.369475846505432
197.2940956322847,21.885263428804162
197.30343102055159,100.80748976522558
197.31276640881845,106.0007156589509
197.32210179708534,42.18703444921167
197.33143718535223,69.96258079912326
197.3407725736191,133.18576441204192
197.35010796188598,40.20394877200174
197.35944335015287,193.2536404347121
197.36877873841973,76.31472997910373
197.37811412668663,47.96612508731287
197.38744951495352,147.55361279297787
197.3967849032204,0.6591261495329872
197.40612029148727,18.806483418099173
197.41545567975416,13.46104932723013
197.42479106802105,18.722133066701186
197.4341264562879,2.6906113527236903
197.4434618445548,24.710655413184586
197.4527972328217,6.245693793160221
197.46213262108856,14.29786764120426
197.47146800935545,12.120692384880437
197.48080339762234,1.9568423051415793
197.4901387858892,6.815951049033218
197.4994741741561,7.9935726695469995
197.50880956242298,11.608626003381909
197.51814495068987,23.403638730973082
197.52748033895674,16.496562483191422
197.53681572722363,29.95467497766794
197.54615111549052,2.607951499979021
197.55548650375738,22.64285030125979
197.56482189202427,15.92349585363908
197.57415728029116,19.45827024919245
197.58349266855802,23.352149122366672
197.5928280568249,8.130246234238323
197.6021634450918,25.842528163937253
197.6114988333587,1.10583686032563
197.62083422162556,33.65920410945615
197.63016960989245,34.888590716011755
197.63950499815934,36.64719253891162
197.6488403864262,24.85438661469926
197.6581757746931,34.21426496851298
197.66751116295998,64.52646108560755
197.67684655122684,166.6857393149823
197.68618193949374,118.25162021308466
197.69551732776063,31.82931127063125
197.7048527160275,29.3829748034976
197.71418810429438,69.07998537795457
197.72352349256127,6.2230667119819705
197.73285888082816,152.08167434101958
197.74219426909502,174.08597897107796
197.7515296573619,121.77370634398163
197.7608650456288,68.05010527969087
197.77020043389567,72.10742665547713
197.77953582216256,4.318103851337901
197.78887121042945,33.019988631000814
197.7982065986963,99.13207195661606
197.8075419869632,0.06599842669516491
197.8168773752301,62.225622343021385
197.82621276349695,90.00405273258097
197.83554815176385,215.47208446305288
197.84488354003074,72.98239286916382
197.85421892829763,8.236779085618945
197.8635543165645,113.25363355558045
197.87288970483138,35.530093914114396
197.88222509309827,8.294065703126122
197.89156048136513,72.53299777398088
197.90089586963202,8.662211231400354
197.91023125789891,68.05032971362915
197.91956664616578,56.02364325280115
197.92890203443267,15.846293424563868
197.93823742269956,2.2805020388300328
197.94757281096642,25.821090457629865
197.9569081992333,47.14959536946853
197.9662435875002,47.39868967142803
197.9755789757671,10.81826503409573
197.98491436403395,2.12645280346647
197.99424975230085,2.1384750247827906
198.00358514056774,88.2581378558291
198.0129205288346,3.8881017107294054
198.0222559171015,24.402065622333794
198.03159130536838,22.184549712002365
198.04092669363524,52.24637590401852
198.05026208190213,146.1081510869902
198.05959747016902,92.01548074996553
198.0689328584359,134.52361527152902
198.07826824670278,62.29241613062857
198.08760363496967,21.544920232612427
198.09693902323656,32.40517678013648
198.10627441150342,65.7851854422893
198.1156097997703,45.965924565129214
198.1249451880372,221.30873617735196
198.13428057630406,63.263557021648865
198.14361596457096,69.93646239552804
198.15295135283785,5.4762144713419785
198.1622867411047,117.15303369532117
198.1716221293716,40.156369530157065
198.1809575176385,100.74125371328711
198.19029290590538,3.174687679882876
198.19962829417224,50.875535070947436
198.20896368243913,107.39099465612776
198.21829907070602,37.93425504858513
198.2276344589729,10.153040535564918
198.23696984723978,11.090748369586153
198.24630523550667,11.27104130815383
198.25564062377353,9.316047793984723
198.26497601204042,0.07573036924621006
198.2743114003073,31.191307063489308
198.28364678857417,103.23142221355556
198.29298217684106,17.03737945600937
198.30231756510796,2.697806380637975
198.31165295337485,87.85611796997534
198.3209883416417,60.847357978894706
198.3303237299086,92.842903520662
198.3396591181755,36.58395285131397
198.34899450644235,34.00582878004506
198.35832989470924,56.14468781427979
198.36766528297613,152.1182992874227
198.377000671243,3.889867228977454
198.3863360595099,14.937880251282465
198.39567144777678,39.96798538160876
198.40500683604364,22.57600612747662
198.41434222431053,19.432137632368597
198.42367761257742,42.72885154993231
198.4330130008443,58.78619823144278
198.44234838911117,128.93305724478458
198.45168377737807,41.999443697953446
198.46101916564496,29.84552994189858
198.47035455391182,91.84838157799612
198.4796899421787,57.26371296706242
198.4890253304456,100.07817952847869
198.49836071871246,45.045186011787074
198.50769610697935,38.930760388173034
198.51703149524624,162.505379580033
198.5263668835131,99.64917902166134
198.53570227178,72.5145031278047
198.5450376600469,14.286398705423403
198.55437304831378,56.96976821497143
198.56370843658064,128.46158795430725
198.57304382484753,127.96871234346351
198.58237921311442,13.805364215231934
198.59171460138128,10.615406746265114
198.60104998964817,99.96791624728093
198.61038537791507,22.584444490251936
198.61972076618193,25.85383570390645
198.62905615444882,81.65240503899636
198.6383915427157,89.0675366770187
198.64772693098257,84.45123732686147
198.65706231924946,296.4445646832356
198.66639770751635,34.667143361609405
198.67573309578324,8.725956079171105
198.6850684840501,38.53473555823306
198.694403872317,45.551162805809085
198.7037392605839,58.424511156112004
198.71307464885075,37.74875152086435
198.72241003711764,3.6276209169858133
198.73174542538453,40.50354682281101
198.7410808136514,17.62821572457929
198.75041620191828,3.7009264784754046
198.75975159018518,73.48249159423223
198.76908697845207,33.85810827922248
198.77842236671893,39.12915978302637
198.78775775498582,41.55008693289394
198.7970931432527,60.11011968232407
198.80642853151957,18.26503309263937
198.81576391978646,5.068003636204026
198.82509930805335,18.141862258322142
198.83443469632022,0.6861902045349064
198.8437700845871,21.077792704598753
198.853105472854,9.643547479821704
198.86244086112086,23.782689977314288
198.87177624938775,18.695351543710654
198.88111163765464,112.3527802385694
198.89044702592153,26.408277873934125
198.8997824141884,26.87854460764419
198.90911780245528,12.178513005454848
198.91845319072218,43.275403968215265
198.92778857898904,6.940154617564837
198.93712396725593,104.71796165559209
198.94645935552282,22.623334322782632
198.95579474378968,10.683764406829258
198.96513013205657,81.80264983724464
198.97446552032346,34.203541848214975
198.98380090859033,50.66547536455955
198.99313629685722,83.47621115773818
199.0024716851241,120.68011662851309
199.011807073391,69.29517599808518
199.02114246165786,6.56274825798503
199.03047784992475,174.51896647393247
199.03981323819164,11.762328959468007
199.0491486264585,74.35376858138319
199.0584840147254,46.97894519050887
199.06781940299228,1.9647521874212317
199.07715479125915,5.739176641969893
199.08649017952604,47.704243135457986
199.09582556779293,1.2659487215132932
199.1051609560598,7.260906365176453
199.11449634432668,17.33337590586934
199.12383173259357,7.11023142355298
199.13316712086046,1.2331466255779853
199.14250250912733,53.90988337729459
199.15183789739422,12.592241881326219
199.1611732856611,20.825714293221875
199.17050867392797,7.1177899694471245
199.17984406219486,43.77803182078466
199.18917945046175,45.58447366633504
199.1985148387286,14.30147412294809
199.2078502269955,18.16109559711886
199.2171856152624,2.830811216741745
199.22652100352926,15.653338368314797
199.23585639179615,1.30170527952241
199.24519178006304,19.07928083323768
199.25452716832993,31.248098702649067
199.2638625565968,25.6370064790065
199.27319794486368,59.75989827055396
199.28253333313057,24.3284174533076
199.29186872139744,29.77690563599573
199.30120410966433,192.21507961449112
199.31053949793122,63.104726525579146
199.31987488619808,218.88654123963963
199.32921027446497,203.37987231586104
199.33854566273186,5.196427614905928
199.34788105099875,75.0470694022832
199.3572164392656,13.59737293965739
199.3665518275325,61.046764625960094
199.3758872157994,60.26574668232828
199.38522260406626,15.229930467351734
199.39455799233315,56.75919195427698
199.40389338060004,17.457686553927054
199.4132287688669,15.763308112020677
199.4225641571338,0.2165518594941885
199.43189954540068,79.99221906531564
199.44123493366754,18.885759695932524
199.45057032193444,1.202274042278543
199.45990571020133,73.63666874997051
199.46924109846822,40.91882240305638
199.47857648673508,16.918706129459046
199.48791187500197,106.22998541154183
199.49724726326886,9.917277790916536
199.50658265153572,1.972188521387683
199.5159180398026,73.75010492175358
199.5252534280695,8.931701027932954
199.53458881633637,21.219938963608627
199.54392420460326,95.99470257398907
199.55325959287015,14.524652232253297
199.562594981137,23.97088605175338
199.5719303694039,35.281927315875244
199.5812657576708,70.5197904359906
199.59060114593768,5.588922374651061
199.59993653420455,30.562671055093308
199.60927192247144,115.17154143367493
199.61860731073833,43.97703928411668
199.6279426990052,100.05788659075813
199.63727808727208,5.694096661461041
199.64661347553897,54.155739321059905
199.65594886380583,0.48100857541139347
199.66528425207272,126.37956135023906
199.6746196403396,30.722233809823965
199.68395502860648,58.636740099989304
199.69329041687337,22.035511538127064
199.70262580514026,6.842415694234841
199.71196119340715,58.34134749264349
199.721296581674,88.05811258967533
199.7306319699409,4.32618693356889
199.7399673582078,21.998370564437288
199.74930274647465,30.397360931534894
199.75863813474155,43.87422043158331
199.76797352300844,107.35825824526047
199.7773089112753,24.815639035483038
199.7866442995422,22.786467999893304
199.79597968780908,120.77427273083364
199.80531507607597,36.502443265923006
199.81465046434283,29.287981858250003
199.82398585260972,72.17266975260698
199.83332124087661,19.566212237909806
199.84265662914348,92.00635370701262
199.85199201741037,45.18980075939041
199.86132740567726,54.90760269756754
199.87066279394412,62.043117483552194
199.879998182211,21.121680191842458
199.8893335704779,75.99661191009841
199.89866895874476,17.66765200321125
199.90800434701165,1.473018858694396
199.91733973527855,78.61688008651785
199.92667512354544,2.133830392730118
199.9360105118123,4.810137238615914
199.9453459000792,84.90182796870108
199.95468128834608,11.445308161315255
199.96401667661294,45.99839212840474
199.97335206487983,23.04934948278961
199.98268745314672,57.76451423174123
199.9920228414136,44.67394278487467
200.00135822968048,54.40364033875568
200.01069361794737,7.0117554219570675
200.02002900621423,2.461851594299087
200.02936439448112,93.84439042850009
200.038699782748,10.239462869806584
200.0480351710149,21.738646741560682
200.05737055928176,170.02004045380713
200.06670594754866,83.87665989041842
200.07604133581555,62.82922379525683
200.0853767240824,99.67126116263935
200.0947121123493,57.388838297768466
200.1040475006162,32.01637975049246
200.11338288888305,24.26897105475426
200.12271827714994,53.14684369145544
200.13205366541683,22.39585126513321
200.1413890536837,8.944443958213046
200.1507244419506,71.54411574322859
200.16005983021748,9.707795697999316
200.16939521848437,11.463779035401503
200.17873060675123,302.56658805314333
200.18806599501812,51.302195238638674
200.197401383285,222.74942962319233
200.20673677155187,391.8944526232961
200.21607215981876,95.02392095794403
200.22540754808566,121.30186892901048
200.23474293635252,48.836015590416324
200.2440783246194,39.17048935632966
200.2534137128863,4.061028629179401
200.26274910115316,80.28036397552646
200.27208448942005,19.490794985130446
200.28141987768694,27.633678493030985
200.29075526595383,56.65268010410247
200.3000906542207,67.2068287634075
200.3094260424876,69.99776042352617
200.31876143075448,112.57994213050752
200.32809681902134,139.2451678461865
200.33743220728823,68.87383297549637
200.34676759555512,27.49535658464212
200.35610298382198,66.05308424137945
200.36543837208887,39.01981792719409
200.37477376035577,100.01323734569029
200.38410914862266,92.82994216171682
200.39344453688952,10.674082231345022
200.4027799251564,23.442178076137136
200.4121153134233,30.708228630854126
200.42145070169016,4.604225503856741
200.43078608995705,18.13948622708279
200.44012147822394,76.51176742225198
200.4494568664908,25.729527863128133
200.4587922547577,8.92937677407207
200.4681276430246,38.699446487700044
200.47746303129145,3.8244613818153907
200.48679841955834,104.58964854729562
200.49613380782523,12.224713057864728
200.50546919609212,178.76067189919334
200.51480458435898,165.77438331316102
200.52413997262587,99.76778478119698
200.53347536089277,195.5582127938808
200.54281074915963,3.4270521610485676
200.55214613742652,120.27496111505161
200.5614815256934,30.214872441091696
200.57081691396027,132.12138321607586
200.58015230222716,2.3769566246480545
200.58948769049405,7.052630244523203
200.59882307876092,33.844563060764415
200.6081584670278,128.83773046153695
200.6174938552947,4.25175932857707
200.6268292435616,12.50210848381484
200.63616463182845,110.32127540686308
200.64550002009534,19.063570043994286
200.65483540836223,2.49077974123783
200.6641707966291,39.73381480563252
200.67350618489598,134.00093775032946
200.68284157316288,17.69922087339628
200.69217696142974,54.75653168613604
200.70151234969663,162.19325048546918
200.71084773796352,29.15196017912682
200.72018312623038,50.84205033870925
200.72951851449727,81.76397451664438
200.73885390276416,12.762380273637266
200.74818929103105,4.543369235132442
200.75752467929792,29.418593476731424
200.7668600675648,0.19974393510421104
200.7761954558317,12.29743646610722
200.78553084409856,4.510011032268344
200.79486623236545,68.8571378827471
200.80420162063234,18.299622867208313
200.8135370088992,100.70374475395147
200.8228723971661,34.91981976451035
200.83220778543298,14.818241732435972
200.84154317369985,71.77439858027711
200.85087856196674,5.255508093672345
200.86021395023363,11.436437063087125
200.86954933850052,24.669872159485
200.87888472676738,19.722174985440777
200.88822011503427,132.9804510085923
200.89755550330116,57.76578539840534
200.90689089156803,6.033636661994988
200.91622627983492,216.76042103247306
200.9255616681018,94.02648676674741
200.93489705636867,6.676376825555946
200.94423244463556,198.41721469813163
200.95356783290245,4.794603790200537
200.96290322116934,160.61993938531572
200.9722386094362,195.66312101120855
200.9815739977031,61.70657744929977
200.99090938596999,22.672219986223666
201.00024477423685,1.935959082744225
201.00958016250374,31.716868431870594
201.01891555077063,59.71819114302853
201.0282509390375,51.28521797500248
201.03758632730438,73.05379025979612
201.04692171557127,97.02089150189985
201.05625710383813,168.47159633135885
201.06559249210503,40.935200027657054
201.07492788037192,30.30196816331468
201.0842632686388,13.99832104243351
201.09359865690567,11.825931878120334
201.10293404517256,158.97702824068432
201.11226943343945,65.30157220768537
201.1216048217063,79.4882498993704
201.1309402099732,119.73905070258353
201.1402755982401,10.383040239938492
201.14961098650696,26.748613396906276
201.15894637477385,107.70114437104289
201.16828176304074,20.7435112104906
201.1776171513076,121.69244808951146
201.1869525395745,93.61082920142343
201.19628792784138,5.036393167425188
201.20562331610827,50.110862932625814
201.21495870437514,10.127515923565662
201.22429409264203,84.7814344671529
201.23362948090892,14.567645444401482
201.24296486917578,64.73683402748695
201.25230025744267,60.11231498205777
201.26163564570956,8.726903971336672
201.27097103397642,36.217545077795926
201.2803064222433,177.7543860331175
201.2896418105102,79.11613535814364
201.29897719877707,1.920941611165437
201.30831258704396,120.50477188477389
201.31764797531085,56.37294504672266
201.32698336357774,261.95744328247343
201.3363187518446,29.834121257385426
201.3456541401115,9.519549132032827
201.35498952837838,62.41278000519335
201.36432491664524,189.47835132123765
201.37366030491214,49.45603006875949
201.38299569317903,145.46390910936046
201.3923310814459,87.65876610539682
201.40166646971278,297.1786441018067
201.41100185797967,194.70894505864354
201.42033724624653,260.05821816370997
201.42967263451342,14.658923684700593
201.4390080227803,2.356255713332318
201.4483434110472,4.210611904685462
201.45767879931407,52.16747584318547
201.46701418758096,23.070484074938296
201.47634957584785,13.826603401193488
201.4856849641147,12.179006155445856
201.4950203523816,30.925398179816234
201.5043557406485,112.361168489229
201.51369112891535,29.252931625619393
201.52302651718225,29.0806142007446
201.53236190544914,78.64505511578203
201.54169729371603,0.835186090085273
201.5510326819829,24.830095762597978
201.56036807024978,68.37186549889785
201.56970345851667,9.86632810058478
201.57903884678353,28.366206063739845
201.58837423505042,7.372822818093219
201.59770962331731,281.70384328228175
201.60704501158418,47.372401646319545
201.61638039985107,166.12360450160975
201.62571578811796,192.2269806210722
201.63505117638482,48.508950851383766
201.6443865646517,3.5222396631661357
201.6537219529186,99.20231282652465
201.6630573411855,48.47888829723548
201.67239272945235,98.45476723540139
201.68172811771925,15.418080702374008
201.69106350598614,13.074065724940215
201.700398894253,6.230115977892853
201.7097342825199,22.957628018771608
201.71906967078678,2.858124768778361
201.72840505905364,5.031732067947034
201.73774044732053,90.57216629195578
201.74707583558742,68.31964694598608
201.7564112238543,18.655806531903615
201.76574661212118,29.66642652081806
201.77508200038807,60.62391093300734
201.78441738865496,59.650418600992566
201.79375277692182,8.941945129486603
201.8030881651887,63.033324046673904
201.8124235534556,105.79869225545326
201.82175894172246,17.12941789144595
201.83109432998936,143.80484772532947
201.84042971825625,53.390794315265566
201.8497651065231,16.194787336637468
201.85910049479,11.223651176543921
201.8684358830569,15.822414140998786
201.87777127132375,38.68352843882291
201.88710665959064,21.43851703660771
201.89644204785753,36.03017279561395
201.90577743612442,54.720185226663304
201.9151128243913,29.56713938710458
201.92444821265818,47.61449416443935
201.93378360092507,43.86451111284055
201.94311898919193,2.0620571871340463
201.95245437745882,51.59441327293412
201.9617897657257,67.61631298614253
201.97112515399257,127.02959043100255
201.98046054225946,88.50027968678359
201.98979593052636,175.98259902832135
201.99913131879322,139.12810177227058
202.0084667070601,55.786393493417826
202.017802095327,84.17446644354135
202.0271374835939,130.30169447105484
202.03647287186075,132.96318335051342
202.04580826012764,27.17488918210019
202.05514364839453,10.269081707379872
202.0644790366614,61.835762411222106
202.0738144249283,3.011619660325415
202.08314981319518,6.536149556832148
202.09248520146204,18.900935533699407
202.10182058972893,15.196799695708128
202.11115597799582,32.272901626571326
202.1204913662627,6.622065708598817
202.12982675452957,28.485867348250732
202.13916214279647,30.040852456487187
202.14849753106336,90.28594077502424
202.15783291933022,25.853108320553293
202.1671683075971,6.960369604806315
202.176503695864,49.891032550067344
202.18583908413086,21.168515518845144
202.19517447239775,164.53221365994597
202.20450986066464,96.7188810556114
202.2138452489315,198.72684408243708
202.2231806371984,253.6543381004055
202.2325160254653,114.98943005402002
202.24185141373218,116.05253872670107
202.25118680199904,40.16428709902173
202.26052219026593,60.08208441456895
202.26985757853282,3.9784938572323356
202.27919296679968,27.45428267004488
202.28852835506657,31.480077904127054
202.29786374333347,16.135445620130067
202.30719913160033,45.301974394509365
202.31653451986722,11.55169823492226
202.3258699081341,9.441371283293753
202.33520529640097,80.5548587835345
202.34454068466786,65.58978933069363
202.35387607293475,4.470970349997004
202.36321146120164,52.51730397134172
202.3725468494685,70.223773828777
202.3818822377354,105.32341203896215
202.3912176260023,11.741774022704416
202.40055301426915,79.46076475913715
202.40988840253604,42.020788029546914
202.41922379080293,31.00920942576437
202.4285591790698,30.282648049236712
202.43789456733668,26.92139594642602
202.44722995560358,9.447974405915831
202.45656534387044,0.11394401852371573
202.46590073213733,9.42028918522832
202.47523612040422,6.046939758685303
202.4845715086711,10.139435014498611
202.49390689693797,24.255526619646744
202.50324228520486,7.85975010513134
202.51257767347175,40.566327877578765
202.52191306173862,26.68358909545542
202.5312484500055,11.297575342783038
202.5405838382724,129.46952637831507
202.54991922653926,10.634447453519451
202.55925461480615,41.33168977819951
202.56859000307304,40.48251651360342
202.57792539133993,26.61556211121649
202.5872607796068,77.0747083374973
202.59659616787368,12.03161513551735
202.60593155614058,43.34232435937939
202.61526694440744,94.51922172238672
202.62460233267433,44.97464008398251
202.63393772094122,24.238156371792837
202.64327310920808,48.302581053586195
202.65260849747497,5.8302357786747585
202.66194388574186,16.64113854127609
202.67127927400873,32.58369275865346
202.68061466227562,8.142295758666927
202.6899500505425,1.5589502538368776
202.6992854388094,25.8418781579609
202.70862082707626,55.62071066761203
202.71795621534315,25.79071883790758
202.72729160361004,0.31576865092068734
202.7366269918769,11.018828859491094
202.7459623801438,10.354965650965696
202.75529776841068,48.06106820920235
202.76463315667755,42.25398787793398
202.77396854494444,35.30704571367045
202.78330393321133,54.00711074276878
202.7926393214782,0.3094720496417707
202.80197470974508,19.918830039503874
202.81131009801197,21.17692894231253
202.82064548627886,25.965865366169087
202.82998087454573,3.9223779610003806
202.83931626281262,10.5498814552975
202.8486516510795,0.38280991954531896
202.85798703934637,17.638851218218132
202.86732242761326,22.239546971133816
202.87665781588015,15.681467458390998
202.885993204147,19.408817993702257
202.8953285924139,35.305984670785115
202.9046639806808,2.745140740989811
202.91399936894766,6.9274034462147505
202.92333475721455,1.1829226251820137
202.93267014548144,131.08096998096818
202.94200553374833,48.34016115283372
202.9513409220152,78.89811418828413
202.96067631028208,498.3219942649077
202.97001169854897,107.78152724645514
202.97934708681584,239.97437777678053
202.98868247508273,276.8553657382733
202.99801786334962,112.54377185895089
203.00735325161648,13.812938651412853
203.01668863988337,1.5751224549136198
203.02602402815026,70.92286022713913
203.03535941641712,110.91020974236675
203.044694804684,3.7914353245317636
203.0540301929509,63.238289876070375
203.0633655812178,132.51659965364468
203.07270096948466,67.38526670599296
203.08203635775155,107.53257247676541
203.09137174601844,136.59419295890058
203.1007071342853,14.165632958453493
203.1100425225522,90.25288473797059
203.11937791081908,65.5766780198924
203.12871329908594,20.413987941777737
203.13804868735284,8.386875575837086
203.14738407561973,95.56565120304678
203.15671946388662,72.48232643408998
203.16605485215348,67.08649378714216
203.17539024042037,152.15187705093174
203.18472562868726,70.70222274207171
203.19406101695412,47.163152006848755
203.203396405221,20.416009258393903
203.2127317934879,12.766537479177403
203.22206718175477,16.76301425609557
203.23140257002166,14.18817601495214
203.24073795828855,35.11125919609233
203.2500733465554,7.265189617705392
203.2594087348223,1.9154547911895485
203.2687441230892,5.327765872617772
203.27807951135608,1.3481105707925196
203.28741489962295,38.308646734450164
203.29675028788984,11.913516491688956
203.30608567615673,8.757577198716227
203.3154210644236,95.29822472590118
203.32475645269048,41.540595592471746
203.33409184095737,10.387925718922936
203.34342722922423,160.4708216977549
203.35276261749112,21.381100906665807
203.362098005758,3.1792273059499427
203.37143339402488,208.11553122056216
203.38076878229177,16.80890813748851
203.39010417055866,24.645042121811958
203.39943955882555,180.92288892200105
203.4087749470924,141.92051383626696
203.4181103353593,44.57890349309844
203.4274457236262,27.241859852843042
203.43678111189305,425.01362367577264
203.44611650015995,91.65942923866943
203.45545188842684,0.15347506700325408
203.4647872766937,37.0841369556843
203.4741226649606,24.112399137864312
203.48345805322748,86.69991013423405
203.49279344149434,6.741770573737555
203.50212882976123,43.16073921886561
203.51146421802812,60.85246701534471
203.52079960629501,88.96763700476939
203.53013499456188,28.965279279749453
203.53947038282877,23.575576487684284
203.54880577109566,37.74536769188843
203.55814115936252,19.11644207596073
203.5674765476294,2.769154816315136
203.5768119358963,8.590877518249878
203.58614732416316,87.94759673148795
203.59548271243006,2.7633973879933604
203.60481810069695,5.20101480536885
203.6141534889638,57.545579425111846
203.6234888772307,40.73310881653273
203.6328242654976,8.444210553447878
203.64215965376448,2.2330281080595893
203.65149504203134,21.247065963384745
203.66083043029823,3.1721726695314754
203.67016581856512,17.156910417719423
203.679501206832,54.476599986208676
203.68883659509888,53.20758503389034
203.69817198336577,92.11211377378729
203.70750737163263,35.28936912828089
203.71684275989952,115.09009727527959
203.7261781481664,6.681307998822244
203.7355135364333,77.73558845485076
203.74484892470016,33.29911372271736
203.75418431296706,42.70551987495853
203.76351970123395,233.4428972823135
203.7728550895008,278.9670676803767
203.7821904777677,102.46457555786823
203.7915258660346,156.20641885496025
203.80086125430145,6.32742583606772
203.81019664256834,3.5307203273770815
203.81953203083523,54.13382541426419
203.8288674191021,123.03213037033775
203.838202807369,90.20203133301264
203.84753819563588,104.2124535303239
203.85687358390277,83.12554530959554
203.86620897216963,7.531726553942612
203.87554436043652,115.76569293558893
203.8848797487034,235.12730365182523
203.89421513697027,38.739863389462435
203.90355052523716,87.42660619273136
203.91288591350406,93.44624836036697
203.92222130177092,162.54003266741867
203.9315566900378,8.377754346165366
203.9408920783047,32.38280873353074
203.95022746657156,174.69336743474136
203.95956285483845,2.0819662276893562
203.96889824310534,34.0134881780198
203.97823363137223,133.6125850513809
203.9875690196391,0.15014216679875778
203.996904407906,47.146815059291846
204.00623979617288,139.5779163890891
204.01557518443974,14.389116580185467
204.02491057270663,84.22997781536006
204.03424596097352,55.91793280769839
204.04358134924038,96.47113934750526
204.05291673750727,191.3473039478541
204.06225212577417,186.4675825497611
204.07158751404103,256.6513442459403
204.08092290230792,63.53758402066767
204.0902582905748,16.362595975509382
204.0995936788417,0.5161111090232718
204.10892906710856,235.98004519236977
204.11826445537545,1.9297408101168236
204.12759984364234,20.682439827855145
204.1369352319092,11.583555033938511
204.1462706201761,176.8334281695993
204.155606008443,92.30326058833315
204.16494139670985,9.25125314923808
204.17427678497674,77.69001199009118
204.18361217324363,97.65914145545172
204.1929475615105,62.15768544862376
204.20228294977738,65.7970924077089
204.21161833804427,35.55465729078619
204.22095372631117,42.7735180964319
204.23028911457803,0.5965847956549502
204.23962450284492,25.045664359669505
204.2489598911118,14.447702546790076
204.25829527937867,27.565521614570432
204.26763066764556,26.771530268892864
204.27696605591245,81.7320364043317
204.28630144417932,8.688567275723182
204.2956368324462,52.763809529518724
204.3049722207131,41.34825245429153
204.31430760898,33.56079266384199
204.32364299724685,16.69763086194853
204.33297838551374,35.006327918138695
204.34231377378063,22.970062140097152
204.3516491620475,1.9741159553892105
204.36098455031438,19.264376862640678
204.37031993858128,5.4049112067116
204.37965532684814,16.057402682341774
204.38899071511503,46.68211480019627
204.39832610338192,43.232455302798655
204.40766149164878,5.144951001048965
204.41699687991567,13.654928140628527
204.42633226818256,9.526287558032545
204.43566765644945,50.21830266560491
204.44500304471632,5.654131169259948
204.4543384329832,9.646746660695186
204.4636738212501,2.3874083895859504
204.47300920951696,159.59078246540332
204.48234459778385,17.553289527851653
204.49167998605074,25.853048373677748
204.5010153743176,25.83343146556004
204.5103507625845,65.27799344145413
204.51968615085138,27.235131552089857
204.52902153911825,23.473233982295785
204.53835692738514,35.60013457349866
204.54769231565203,4.520148340348054
204.55702770391892,37.0773671156221
204.56636309218578,80.07667878439774
204.57569848045267,12.236522325930084
204.58503386871956,4.767953773544716
204.59436925698643,10.95889105561885
204.60370464525332,9.829484159992019
204.6130400335202,2.9576268109786055
204.62237542178707,18.730221583354624
204.63171081005396,104.96269944895107
204.64104619832085,40.53597158147361
204.6503815865877,2.56166197146769
204.6597169748546,98.25268724940317
204.6690523631215,52.67130922931785
204.67838775138839,27.47875261421452
204.68772313965525,44.56261256367133
204.69705852792214,274.3178219025882
204.70639391618903,70.42298359202695
204.7157293044559,10.932715968871895
204.72506469272278,194.68975952518036
204.73440008098967,70.43122285715712
204.74373546925653,33.326007553315534
204.75307085752343,125.71155089574076
204.76240624579032,34.26549187357546
204.77174163405718,13.61649619162756
204.78107702232407,51.48320527657423
204.79041241059096,37.95063819876919
204.79974779885785,79.8829833839731
204.8090831871247,91.00376756321491
204.8184185753916,46.21222775249754
204.8277539636585,44.59842380325548
204.83708935192536,126.67753663403761
204.84642474019225,79.63061371620174
204.85576012845914,61.823396755466554
204.865095516726,6.4346218072800125
204.8744309049929,21.9311785616734
204.88376629325978,36.176055700209574
204.89310168152667,91.55522219648884
204.90243706979354,57.92504583772666
204.91177245806043,41.022018376037245
204.92110784632732,24.479783349670825
204.93044323459418,105.29318053608641
204.93977862286107,5.791030456187088
204.94911401112796,36.3046148331582
204.95844939939482,106.29091179508637
204.9677847876617,37.80408123815419
204.9771201759286,20.636700693420188
204.98645556419547,11.932333370267635
204.99579095246236,142.47576385674097
205.00512634072925,35.309217274075436
205.01446172899614,3.8910046092289763
205.023797117263,47.33021949642289
205.0331325055299,16.440716667454915
205.04246789379678,69.41883345102801
205.05180328206364,68.05426889942834
205.06113867033054,44.14196717541917
205.07047405859743,6.378119635912464
205.0798094468643,68.44700537004556
205.08914483513118,52.244990416693575
205.09848022339807,12.64311719303188
205.10781561166493,30.734472536201427
205.11715099993182,81.51845733274408
205.1264863881987,24.371552025540133
205.1358217764656,24.48721902692541
205.14515716473247,242.80352412591108
205.15449255299936,58.418398131152756
205.16382794126625,120.15607845767009
205.1731633295331,23.95467271523988
205.1824987178,4.516679057070342
205.1918341060669,11.59474382035502
205.20116949433375,92.02030742958316
205.21050488260065,29.85972000457054
205.21984027086754,14.8101965214507
205.2291756591344,38.31326203614968
205.2385110474013,36.6366552838994
205.24784643566818,116.24914789083829
205.25718182393507,199.54661030953886
205.26651721220193,49.22757347800363
205.27585260046882,157.84358023752787
205.28518798873571,62.03533754288052
205.29452337700258,24.467016705590122
205.30385876526947,94.8656617775037
205.31319415353636,72.60562934753166
205.32252954180322,38.175716776939076
205.3318649300701,9.888260305374066
205.341200318337,38.41123004287689
205.3505357066039,58.68508007660415
205.35987109487075,40.350919151223295
205.36920648313765,19.225785247632704
205.37854187140454,29.396767468299036
205.3878772596714,1.5799960802022817
205.3972126479383,37.597911224886616
205.40654803620518,155.60290570693323
205.41588342447204,82.1770042551486
205.42521881273893,28.498851152251543
205.43455420100582,179.50299225328678
205.4438895892727,4.284754721582635
205.45322497753958,6.336167606805398
205.46256036580647,12.967352802920159
205.47189575407336,93.26048993128944
205.48123114234022,15.215382148554376
205.4905665306071,6.974328138890065
205.499901918874,10.008035446394837
205.50923730714086,40.97132063722634
205.51857269540776,34.80598582212925
205.52790808367465,53.67471341438874
205.5372434719415,51.617380186709404
205.5465788602084,24.18513679128716
205.5559142484753,66.24240335537436
205.56524963674215,89.48887939837856
205.57458502500904,92.23928446022005
205.58392041327593,111.09624480394918
205.59325580154282,58.10119681671525
205.6025911898097,92.02168380076499
205.61192657807658,76.35334573155117
205.62126196634347,59.146678871559125
205.63059735461033,139.71202649936436
205.63993274287722,67.19313622955268
205.6492681311441,0.964535187788493
205.65860351941097,20.030968619077406
205.66793890767786,132.9742891128884
205.67727429594476,106.63288020642477
205.68660968421162,0.8330874871960808
205.6959450724785,31.89475605923591
205.7052804607454,69.58893684209441
205.7146158490123,66.363945210367
205.72395123727915,2.321833408439379
205.73328662554604,130.4168485087849
205.74262201381293,105.76827421827063
205.7519574020798,36.94192608532097
205.7612927903467,118.69215055599294
205.77062817861358,114.19355170346054
205.77996356688044,27.61862161416611
205.78929895514733,49.387647295624156
205.79863434341422,63.03443072849084
205.80796973168108,12.143685195428649
205.81730511994797,4.244424977101714
205.82664050821487,2.6411812740666183
205.83597589648176,36.25819054769665
205.84531128474862,29.102184613219237
205.8546466730155,12.053815067583946
205.8639820612824,2.2582449015894417
205.87331744954926,32.03445249693439
205.88265283781615,27.191381042311615
205.89198822608304,26.22983472771917
205.9013236143499,0.9357152397223669
205.9106590026168,13.819254123150046
205.9199943908837,21.714068538704453
205.92932977915058,3.3426078017022127
205.93866516741744,4.8821764814342234
205.94800055568433,11.377282126945534
205.95733594395122,3.5323931586215593
205.96667133221808,34.68158376059412
205.97600672048497,4.484695647358057
205.98534210875187,1.7966658108793512
205.99467749701873,76.57001638874999
206.00401288528562,18.13494907285642
206.0133482735525,3.6868774495681715
206.02268366181937,24.774904394360345
206.03201905008626,106.6100551819277
206.04135443835315,20.005859552388717
206.05068982662004,19.69942429068872
206.0600252148869,175.87564763264834
206.0693606031538,16.69928703128446
206.0786959914207,2.0347671098339015
206.08803137968755,14.71086283364261
206.09736676795444,54.63434696096626
206.10670215622133,29.946009619827525
206.1160375444882,53.617891558046814
206.12537293275508,45.80760944755727
206.13470832102198,62.19796166816334
206.14404370928884,96.06242405227584
206.15337909755573,35.29590881451536
206.16271448582262,207.36017952634762
206.1720498740895,119.66369769395607
206.18138526235637,57.26309438504237
206.19072065062326,149.08267896113597
206.20005603889015,40.46960183125893
206.20939142715702,59.299848139488454
206.2187268154239,19.51689690519164
206.2280622036908,71.1582582006685
206.23739759195766,19.414654822429164
206.24673298022455,10.46319474138106
206.25606836849144,50.476292344309186
206.2654037567583,30.738842193128278
206.2747391450252,10.568027606077512
206.28407453329208,12.977190292807746
206.29340992155898,41.897376836979795
206.30274530982584,8.126832496573883
206.31208069809273,13.589763815984949
206.32141608635962,68.63070419249885
206.33075147462648,6.727154777378437
206.34008686289337,9.161263100395194
206.34942225116026,11.85715609652821
206.35875763942713,11.982889335502236
206.36809302769402,6.353806090597111
206.3774284159609,5.227932578028469
206.38676380422777,18.93724971416915
206.39609919249466,2.232437061962451
206.40543458076155,8.756132729370417
206.41476996902844,1.2474892785651626
206.4241053572953,39.41649306977317
206.4334407455622,13.987755567906165
206.44277613382908,5.532218618253577
206.45211152209595,8.554557937711925
206.46144691036284,14.369494694639894
206.47078229862973,5.517548884540274
206.4801176868966,18.056888303116107
206.48945307516348,20.538780861418132
206.49878846343037,1.8702194872936169
206.50812385169726,4.50199462538471
206.51745923996413,38.765261858319
206.52679462823102,13.444730791531352
206.5361300164979,4.869282496493907
206.54546540476477,6.291026712727405
206.55480079303166,102.50889587295993
206.56413618129855,8.642369160420698
206.5734715695654,2.8917436535463037
206.5828069578323,122.6497987995446
206.5921423460992,8.186760615666232
206.60147773436606,49.3255720183248
206.61081312263295,149.54027258297836
206.62014851089984,48.973815148583455
206.62948389916673,8.387412759813639
206.6388192874336,46.12427747773613
206.64815467570048,86.9707231878244
206.65749006396737,36.40354478387878
206.66682545223424,3.4535462745807615
206.67616084050113,28.613142187343204
206.68549622876802,25.218186092543505
206.69483161703488,26.95871854171553
206.70416700530177,0.30903864451281576
206.71350239356866,34.49574171607634
206.72283778183552,5.3401188276928915
206.7321731701024,2.7617378445942227
206.7415085583693,44.683263658793464
206.7508439466362,1.7783517568142435
206.76017933490306,11.55663834823194
206.76951472316995,12.492697252731496
206.77885011143684,107.3136613939235
206.7881854997037,57.90295207974127
206.7975208879706,168.08290535232777
206.80685627623748,165.0131304894001
206.81619166450434,31.613239766292764
206.82552705277124,29.97550740844973
206.83486244103813,27.657131109185773
206.844197829305,115.5304761576492
206.85353321757188,84.15363835531758
206.86286860583877,89.33160015013112
206.87220399410566,59.62506996259633
206.88153938237252,47.88882087813678
206.8908747706394,1.8401296630843067
206.9002101589063,1.9359175160232924
206.90954554717317,80.44161597951356
206.91888093544006,5.615737484325223
206.92821632370695,28.225128918067693
206.9375517119738,122.99919552799099
206.9468871002407,11.36952663757025
206.9562224885076,12.545076558202842
206.96555787677445,26.33980970819021
206.97489326504135,2.1052056607244785
206.98422865330824,15.73731853723204
206.99356404157513,0.5350578432427304
207.002899429842,5.793125990986681
207.01223481810888,5.7113451949810505
207.02157020637577,25.761873354170884
207.03090559464263,46.999252551957625
207.04024098290952,16.207767263565284
207.0495763711764,107.9851432310894
207.05891175944328,73.95533758868683
207.06824714771017,20.742802446409886
207.07758253597706,47.55119575491521
207.08691792424395,8.62965160435088
207.0962533125108,24.335574562914292
207.1055887007777,112.71843560267044
207.1149240890446,47.20668154160619
207.12425947731145,24.53904464970251
207.13359486557835,120.6299380971812
207.14293025384524,30.767757678000205
207.1522656421121,4.718325067354466
207.161601030379,6.774513405146846
207.17093641864588,73.16252480038747
207.18027180691274,23.58121465352968
207.18960719517963,0.8497323544030881
207.19894258344652,18.598916564298836
207.20827797171341,5.18562548604797
207.21761335998028,9.672422825630244
207.22694874824717,1.0226900651339446
207.23628413651406,12.983877895446865
207.24561952478092,32.06589596468244
207.2549549130478,84.88125887440839
207.2642903013147,63.26544038424017
207.27362568958156,20.92765455230113
207.28296107784846,16.09272232951345
207.29229646611535,105.55516395646242
207.3016318543822,41.34004215393667
207.3109672426491,38.143410086556585
207.320302630916,171.037108690356
207.32963801918288,25.50485623377632
207.33897340744974,86.25197869875922
207.34830879571663,79.69483754382044
207.35764418398352,4.318649976729618
207.3669795722504,17.085841186231928
207.37631496051728,24.183357115918607
207.38565034878417,111.17146205227894
207.39498573705103,17.525197635934536
207.40432112531792,22.723010643278798
207.4136565135848,2.6051343928804522
207.42299190185167,91.93087711832625
207.43232729011856,83.98610680315942
207.44166267838546,8.925840520879818
207.45099806665235,89.9956577060639
207.4603334549192,9.215543419557717
207.4696688431861,10.297549076693004
207.479004231453,58.675816203653646
207.48833961971985,29.98003924761439
207.49767500798674,70.01203602901813
207.50701039625363,50.3129374171136
207.5163457845205,20.395074691506917
207.5256811727874,35.66975041016295
207.53501656105428,17.39741082663993
207.54435194932114,49.612581369080374
207.55368733758803,4.30562502069826
207.56302272585492,62.0908116364749
207.5723581141218,26.826037341173322
207.58169350238867,83.26730751225313
207.59102889065556,272.83969089430934
207.60036427892246,71.31813500843273
207.60969966718932,145.62625265277697
207.6190350554562,92.75900214867916
207.6283704437231,77.69681188560425
207.63770583198996,32.29599197389067
207.64704122025685,42.28280602004859
207.65637660852374,0.09810430167107724
207.66571199679063,47.619967961148454
207.6750473850575,8.866287318859097
207.6843827733244,87.02829877978407
207.69371816159128,45.4604410051093
207.70305354985814,35.23904844541968
207.71238893812503,21.640650954375257
207.72172432639192,28.97722549708083
207.73105971465878,146.3564533382246
207.74039510292567,88.13687855736234
207.74973049119257,11.743361927180418
207.75906587945943,108.94064454791709
207.76840126772632,84.84612823297205
207.7777366559932,40.420944722435856
207.7870720442601,52.136395373858456
207.79640743252696,70.09406180664402
207.80574282079385,53.51028017225192
207.81507820906074,116.19960507332505
207.8244135973276,39.72101994369278
207.8337489855945,16.41826353763932
207.8430843738614,79.39170022325642
207.85241976212825,33.33757267603199
207.86175515039514,5.6742286587117725
207.87109053866203,14.014204457947079
207.8804259269289,93.78799982295249
207.88976131519578,9.83803712443085
207.89909670346267,12.429939160921238
207.90843209172957,82.40964671217397
207.91776747999643,0.0313797438316445
207.92710286826332,74.49682449203011
207.9364382565302,61.77225247544008
207.94577364479707,2.848831219897356
207.95510903306396,75.88512015572029
207.96444442133085,1.5907149411118504
207.97377980959772,0.2826013829957993
207.9831151978646,6.318371903923886
207.9924505861315,38.21639862156971
208.00178597439836,5.1044621551858205
208.01112136266525,9.580719729537623
208.02045675093214,35.52810625000489
208.02979213919903,19.596720854492677
208.0391275274659,25.054956099664373
208.04846291573278,7.371083151420197
208.05779830399968,14.220539176804003
208.06713369226654,14.627309301455863
208.07646908053343,27.306157286527675
208.08580446880032,46.97676418205268
208.09513985706718,5.967748108177417
208.10447524533407,34.877257077486085
208.11381063360096,14.488228945556553
208.12314602186785,62.94660974482072
208.13248141013472,12.128180669054645
208.1418167984016,53.14099482339804
208.1511521866685,22.938269047219816
208.16048757493536,37.926767855791425
208.16982296320225,21.09295424114299
208.17915835146914,103.55927743480939
208.188493739736,10.810780098288285
208.1978291280029,73.80278437686106
208.20716451626978,40.250263824283756
208.21649990453665,9.539831313547591
208.22583529280354,38.688082655219326
208.23517068107043,42.575709061694795
208.24450606933732,21.083161745900114
208.25384145760418,8.58201906057037
208.26317684587107,29.018930242319563
208.27251223413796,8.435728315047385
208.28184762240483,23.239567734175363
208.29118301067172,36.16976472315672
208.3005183989386,38.66087532652089
208.30985378720547,199.4271637784667
208.31918917547236,61.02778920744684
208.32852456373925,22.78430362436616
208.3378599520061,89.18504112992609
208.347195340273,49.45346757462833
208.3565307285399,21.0056412915653
208.36586611680679,11.903458061746578
208.37520150507365,108.33251625518012
208.38453689334054,50.51265689317807
208.39387228160743,10.352702114030219
208.4032076698743,29.558654964495567
208.41254305814118,81.44613665074806
208.42187844640807,14.263870042833101
208.43121383467494,51.06113548730008
208.44054922294183,88.5349900335818
208.44988461120872,118.67027567950716
208.45921999947558,23.262707266976363
208.46855538774247,5.149072730872079
208.47789077600936,17.869432651464354
208.48722616427625,94.94476360882837
208.4965615525431,46.183782868278705
208.50589694081,69.90661767167695
208.5152323290769,84.07578089575543
208.52456771734376,70.20411009580218
208.53390310561065,22.172377866052926
208.54323849387754,11.697010516956995
208.5525738821444,57.6629885218814
208.5619092704113,5.298312946819967
208.57124465867818,4.847710687085592
208.58058004694504,64.08940435975468
208.58991543521194,34.46002662047946
208.59925082347883,7.855515323743112
208.60858621174572,43.11150903614173
208.61792160001258,57.53487672921391
208.62725698827947,40.204703092060306
208.63659237654636,29.415171607375935
208.64592776481322,58.142067577689254
208.6552631530801,72.86541026612096
208.664598541347,13.531192911981517
208.67393392961387,76.49506247279037
208.68326931788076,50.91137396324712
208.69260470614765,5.174577818691556
208.70194009441454,11.92797153467057
208.7112754826814,104.23509768939402
208.7206108709483,4.737015937311893
208.72994625921518,36.71012544930926
208.73928164748204,15.532299912016162
208.74861703574894,57.43703719689982
208.75795242401583,35.180283784279595
208.7672878122827,9.209136920258754
208.77662320054958,61.478769163474375
208.78595858881647,7.202885864989528
208.79529397708333,18.255964797716697
208.80462936535022,6.642544600763518
208.8139647536171,4.661245661991857
208.823300141884,3.2144594344686768
208.83263553015087,17.59751653449073
208.84197091841776,14.469392692067224
208.85130630668465,6.4516316068887045
208.8606416949515,5.9206048430633755
208.8699770832184,26.81889439332449
208.8793124714853,4.791819520202394
208.88864785975215,9.371776961919853
208.89798324801905,93.67178786899649
208.90731863628594,69.13866243576585
208.9166540245528,59.23621191195499
208.9259894128197,146.63939188109924
208.93532480108658,10.41215412316704
208.94466018935347,19.845637898314727
208.95399557762033,1.6852479581221238
208.96333096588722,92.86917040230043
208.97266635415411,33.35630178931794
208.98200174242098,40.401512589777724
208.99133713068787,116.7091577153315
209.00067251895476,42.641259655824356
209.01000790722162,54.98731857494782
209.0193432954885,72.18109407463497
209.0286786837554,4.019142859563598
209.03801407202226,1.42890015452808
209.04734946028915,22.201359466253646
209.05668484855605,66.25377920531237
209.06602023682294,67.68203979538872
209.0753556250898,26.695213478213706
209.0846910133567,3.2221767812410365
209.09402640162358,12.105058533345273
209.10336178989044,112.28828030915535
209.11269717815733,7.456498769280027
209.12203256642422,13.120586053789227
209.1313679546911,97.61726993708953
209.14070334295798,65.89950194346972
209.15003873122487,9.587429585192151
209.15937411949173,87.01194918217584
209.16870950775862,223.07037095911326
209.1780448960255,17.508206436950775
209.1873802842924,75.20166567030621
209.19671567255926,134.7057218569978
209.20605106082616,35.79836371983589
209.21538644909305,33.209733634017915
209.2247218373599,36.212994000020444
209.2340572256268,190.0878461945243
209.2433926138937,178.67840504195098
209.25272800216055,14.121462391935482
209.26206339042744,137.9867755400429
209.27139877869433,50.63727529549811
209.28073416696122,0.1612064645891509
209.2900695552281,36.76673722548563
209.29940494349498,1.5700132756708802
209.30874033176187,3.899739023555539
209.31807572002873,5.084831803751553
209.32741110829562,0.47129594235877253
209.3367464965625,10.975928758854383
209.34608188482937,1.3833490091520324
209.35541727309626,27.751004693249477
209.36475266136316,14.251195629464304
209.37408804963002,14.736281328274627
209.3834234378969,35.09993784530405
209.3927588261638,53.78068691608935
209.4020942144307,136.8564870864111
209.41142960269755,133.07581293996643
209.42076499096444,29.012502477018018
209.43010037923133,7.6483662715614225
209.4394357674982,13.984271022369537
209.4487711557651,86.71000577620063
209.45810654403198,9.546990924102394
209.46744193229884,9.885617222932648
209.47677732056573,50.69429778463437
209.48611270883262,14.608244976797907
209.49544809709948,2.247452399315364
209.50478348536637,28.904577141446328
209.51411887363327,43.315736125705904
209.52345426190016,33.701065800564585
209.53278965016702,33.40083815955658
209.5421250384339,3.0128823879480535
209.5514604267008,35.194249361343395
209.56079581496766,15.586670203992774
209.57013120323455,64.42372975944939
209.57946659150144,2.6694764613153144
209.5888019797683,78.67605516254392
209.5981373680352,106.60144580275318
209.6074727563021,37.082326983914385
209.61680814456895,183.8979480412435
209.62614353283584,74.1839781022532
209.63547892110273,34.88993255072304
209.64481430936962,37.478635010699286
209.65414969763648,25.83187234077312
209.66348508590337,86.79331107634452
209.67282047417027,81.89733565815547
209.68215586243713,94.25549276521694
209.69149125070402,19.55906089359748
209.7008266389709,94.55538136028105
209.71016202723777,40.27108408242824
209.71949741550466,61.63067393732975
209.72883280377155,12.5808198820349
209.73816819203842,12.491945889439506
209.7475035803053,6.878361165953641
209.7568389685722,25.85964333135849
209.7661743568391,2.7783701092143462
209.77550974510595,81.4050280674094
209.78484513337284,53.21781365263173
209.79418052163973,15.068092147690443
209.8035159099066,58.34754682207496
209.81285129817348,83.73626226344595
209.82218668644038,14.113299683757816
209.83152207470724,3.467789222006843
209.84085746297413,44.72164416655388
209.85019285124102,27.4776134819169
209.8595282395079,10.258682185686386
209.86886362777477,4.293628408329389
209.87819901604166,23.226306942663612
209.88753440430855,24.636445304587262
209.89686979257542,86.28333863990251
209.9062051808423,71.36824475583344
209.9155405691092,21.678952256441804
209.92487595737606,100.33193772441034
209.93421134564295,64.85419241106887
209.94354673390984,11.50473702804443
209.9528821221767,16.703065739078795
209.9622175104436,96.44765058224648
209.97155289871048,52.53201564290246
209.98088828697738,15.900615458742866
209.99022367524424,31.451374267103102
209.99955906351113,151.16768201988017
210.00889445177802,0.7996213358269413
210.01822984004488,24.65819834620253
210.02756522831177,14.785089633380403
210.03690061657866,95.96025037198636
210.04623600484553,22.38865408584311
210.05557139311242,10.525370613111123
210.0649067813793,1.9578690561103123
210.07424216964617,150.69354368034212
210.08357755791306,72.71713928714847
210.09291294617995,47.94312975518541
210.10224833444684,108.10721571380007
210.1115837227137,13.669890358823721
210.1209191109806,52.96812643019922
210.13025449924749,11.462452528876417
210.13958988751435,10.003476550818855
210.14892527578124,36.50284105221904
210.15826066404813,203.498212051622
210.167596052315,31.890666249605587
210.17693144058188,64.2658132011865
210.18626682884877,110.08426903710992
210.19560221711563,78.81268798683423
210.20493760538253,90.78176473600614
210.21427299364942,312.9086772366365
210.2236083819163,27.858720148578097
210.23294377018317,49.35981442155355
210.24227915845006,7.344004473664022
210.25161454671695,27.711435714080118
210.2609499349838,1.480404135085973
210.2702853232507,11.353057806147843
210.2796207115176,19.182279151555605
210.28895609978446,27.035713058007946
210.29829148805135,3.592649588151384
210.30762687631824,74.75968815981832
210.31696226458513,14.169694580736998
210.326297652852,22.511096046534
210.33563304111888,85.98550567805015
210.34496842938577,18.13538694587049
210.35430381765264,0.1269659309692885
210.36363920591953,40.927467462518
210.37297459418642,20.057382178286183
210.38230998245328,63.17043513385848
210.39164537072017,42.055131480732044
210.40098075898706,62.549618446081915
210.41031614725392,44.07079186279468
210.4196515355208,7.7163348720226255
210.4289869237877,2.7544813593037243
210.4383223120546,60.377396735274445
210.44765770032146,99.81920033774536
210.45699308858835,39.958637617336585
210.46632847685524,63.52425318886878
210.4756638651221,131.22636670231415
210.484999253389,93.57415327724127
210.49433464165588,49.39460555112577
210.50367002992274,212.89767334661585
210.51300541818964,46.62925684851293
210.52234080645653,16.39994671130463
210.5316761947234,286.38164610359263
210.54101158299028,7.549377132603291
210.55034697125717,43.34720205174408
210.55968235952406,226.44883557310942
210.56901774779092,90.26522923157682
210.5783531360578,24.028174032003054
210.5876885243247,15.698760085573127
210.59702391259157,223.90597791096766
210.60635930085846,2.2149701703712776
210.61569468912535,21.62105230431917
210.6250300773922,213.81115622740987
210.6343654656591,29.446868275061483
210.643700853926,62.584473084548954
210.65303624219285,77.47392843560183
210.66237163045975,9.451191662464293
210.67170701872664,51.61239422889073
210.68104240699353,6.5653537376216295
210.6903777952604,6.5630193102700245
210.69971318352728,115.24450485380011
210.70904857179417,3.9530538849111334
210.71838396006103,22.2513301562045
210.72771934832792,25.40450623284618
210.7370547365948,17.686330714079006
210.74639012486168,3.9879855773272874
210.75572551312857,75.57183048751614
210.76506090139546,12.826067166351674
210.77439628966232,6.815274181720842
210.7837316779292,22.317385969829207
210.7930670661961,6.082816680467796
210.802402454463,40.65832908732764
210.81173784272985,8.052877978541282
210.82107323099675,31.984141448667884
210.83040861926364,6.067788717575558
210.8397440075305,132.4212930364434
210.8490793957974,53.24600641652801
210.85841478406428,13.260410042137638
210.86775017233114,72.1917850776077
210.87708556059803,21.37857606170573
210.88642094886492,25.86191792196651
210.89575633713181,13.218352319723916
210.90509172539868,110.5917185054905
210.91442711366557,61.75623810132103
210.92376250193246,27.953300897397558
210.93309789019932,74.28412482552238
210.9424332784662,51.29056159472663
210.9517686667331,1.1876391883132718
210.96110405499996,32.92503631150188
210.97043944326686,138.93692875345965
210.97977483153375,66.29325891385785
210.9891102198006,8.18580966582918
210.9984456080675,1.981944405960744
211.0077809963344,131.808621655685
211.01711638460128,34.875432936674336
211.02645177286814,7.3263483284814255
211.03578716113503,36.13171727942649
211.04512254940192,50.98212514133475
211.0544579376688,7.146141162067506
211.06379332593568,14.89289420231226
211.07312871420257,91.4630624174946
211.08246410246943,19.238489092536888
211.09179949073632,2.7847846738129336
211.1011348790032,64.25555051514038
211.11047026727007,16.30305442686916
211.11980565553696,39.697403017482536
211.12914104380386,3.949176534993343
211.13847643207075,29.503835231333582
211.1478118203376,6.291174508800495
211.1571472086045,7.450670566127555
211.1664825968714,8.8267205557001
211.17581798513825,5.9640952300813215
211.18515337340514,8.51690638030422
211.19448876167203,2.341564716360407
211.2038241499389,23.88598514534651
211.2131595382058,11.024446555820525
211.22249492647268,9.300088299971906
211.23183031473954,7.255962023441037
211.24116570300643,8.822608709294459
211.25050109127332,14.878629781613935
211.2598364795402,9.049795048913065
211.26917186780707,41.19372590101046
211.27850725607396,1.0265522163056833
211.28784264434086,4.646651162531021
211.29717803260772,0.2686438443732395
211.3065134208746,95.60237241454261
211.3158488091415,41.71075986909518
211.32518419740836,10.411170771728711
211.33451958567525,107.51703296074913
211.34385497394214,3.19206406690923
211.353190362209,11.59356616457094
211.3625257504759,56.571438340560356
211.3718611387428,31.878041603985125
211.38119652700968,23.274328515925387
211.39053191527654,10.311495441043663
211.39986730354343,180.09894882746894
211.40920269181032,44.053005387730614
211.41853808007718,32.9404378488055
211.42787346834407,142.09864204234023
211.43720885661097,2.8963398301029666
211.44654424487783,18.43798821886152
211.45587963314472,47.75849052383617
211.4652150214116,9.038108335759949
211.4745504096785,4.95291233904617
211.48388579794536,41.743415442231914
211.49322118621225,0.4189167849084275
211.50255657447914,17.61821831504215
211.511891962746,19.521446669626528
211.5212273510129,35.11321948335553
211.5305627392798,16.692959503690098
211.53989812754665,57.066606956870295
211.54923351581354,8.290165670096124
211.55856890408043,34.881700268636614
211.5679042923473,145.89253780921484
211.57723968061418,191.8172255216134
211.58657506888107,34.894686757691304
211.59591045714797,40.696308969924885
211.60524584541483,82.81722996840433
211.61458123368172,25.580230612572517
211.6239166219486,17.933484679972995
211.63325201021547,18.28984301568639
211.64258739848236,0.13365528538792987
211.65192278674925,134.20959732167518
211.66125817501612,55.7668812229619
211.670593563283,73.80408778002689
211.6799289515499,57.042476373776864
211.68926433981676,48.12215510628801
211.69859972808365,3.782527070659905
211.70793511635054,68.02260860718675
211.71727050461743,112.83356402479458
211.7266058928843,118.88603738934185
211.73594128115118,18.090021772761926
211.74527666941808,4.996953604166932
211.75461205768494,48.81704313349044
211.76394744595183,105.37099596713082
211.77328283421872,95.76924952618211
211.78261822248558,3.9578550891480804
211.79195361075247,54.6878220268901
211.80128899901936,9.016475095149408
211.81062438728623,48.64833781940788
211.81995977555312,48.43344045570298
211.82929516382,86.43654548704633
211.8386305520869,114.58223574163864
211.84796594035376,117.60456179019218
211.85730132862065,40.79579634427084
211.86663671688754,7.095000654720134
211.8759721051544,0.07359712704537252
211.8853074934213,40.42464590937481
211.89464288168818,123.95385977168908
211.90397826995505,113.6341899788308
211.91331365822194,78.67383786286092
211.92264904648883,51.57031451417153
211.9319844347557,178.50448472843124
211.94131982302258,84.19796592478791
211.95065521128947,36.691476270594016
211.95999059955636,68.20272805753741
211.96932598782323,21.68874999874826
211.97866137609012,5.68390397123122
211.987996764357,109.65707386566254
211.99733215262387,23.17398371082518
212.00666754089076,47.27003436909772
212.01600292915765,63.869753698209486
212.0253383174245,5.759764428055835
212.0346737056914,38.41946106206378
212.0440090939583,20.304115386969766
212.05334448222519,32.07444412992313
212.06267987049205,35.89887934133695
212.07201525875894,5.163828311877532
212.08135064702583,9.235378762426734
212.0906860352927,62.87520959711168
212.10002142355958,47.65714882143644
212.10935681182647,67.28159441931722
212.11869220009334,207.17917444736102
212.12802758836023,62.58500335168234
212.13736297662712,93.94856624206899
212.14669836489398,124.13400592627318
212.15603375316087,31.457723066798337
212.16536914142776,17.213142425841383
212.17470452969465,26.97388078866013
212.1840399179615,177.8346036453342
212.1933753062284,12.849366224988762
212.2027106944953,229.98881594046685
212.21204608276216,232.0911622929801
212.22138147102905,5.445480359309779
212.23071685929594,185.16042130210872
212.2400522475628,13.363515096205111
212.2493876358297,33.66318784077905
212.25872302409658,48.08581464300574
212.26805841236344,22.117669178697206
212.27739380063034,6.522644687849104
212.28672918889723,76.01596228369256
212.29606457716412,9.07513042385686
212.30539996543098,19.171895163454668
212.31473535369787,120.68657855481429
212.32407074196476,22.215966283245525
212.33340613023162,29.986366200927915
212.3427415184985,39.30649129308465
212.3520769067654,118.47081971481062
212.36141229503227,9.401645239634828
212.37074768329916,32.617836844003776
212.38008307156605,132.10631628901476
212.3894184598329,7.106921577072046
212.3987538480998,25.35771667436302
212.4080892363667,12.628674365027019
212.41742462463358,32.952279841154926
212.42676001290044,19.40095442700093
212.43609540116734,42.79877669265713
212.44543078943423,84.77606290296809
212.4547661777011,37.874329462291634
212.46410156596798,101.32416276351313
212.47343695423487,37.43569518559526
212.48277234250173,21.08471406869965
212.49210773076862,68.76598656131972
212.5014431190355,57.707811640382396
212.51077850730238,14.408944046706846
212.52011389556927,99.36010001826817
212.52944928383616,25.101214266983263
212.53878467210305,85.8449478707381
212.5481200603699,102.67498339897745
212.5574554486368,11.302682631408697
212.5667908369037,189.07595550387467
212.57612622517055,137.50989564737372
212.58546161343745,15.05890830759939
212.59479700170434,120.90980964906629
212.6041323899712,108.62784181808372
212.6134677782381,14.768577282868966
212.62280316650498,66.85219463391132
212.63213855477187,28.42046914696145
212.64147394303873,16.178624290948353
212.65080933130562,7.633596108215041
212.66014471957251,31.037676069840103
212.66948010783938,166.7048532752608
212.67881549610627,16.904055687936264
212.68815088437316,46.63934389824683
212.69748627264002,80.7637698446815
212.7068216609069,24.646242197794766
212.7161570491738,64.3098315394077
212.72549243744066,27.371745028833683
212.73482782570755,44.13447095415984
212.74416321397445,84.04422760758754
212.75349860224134,26.05653637189941
212.7628339905082,2.0843633486742466
212.7721693787751,0.6624835606186602
212.78150476704198,3.5505113644181714
212.79084015530884,26.747853859924454
212.80017554357573,69.87795509793165
212.80951093184262,124.44773048758238
212.8188463201095,107.24573926293067
212.82818170837638,10.914379051897747
212.83751709664327,64.30862416471832
212.84685248491013,5.433637747171747
212.85618787317702,73.90766632862683
212.8655232614439,0.3976014642482313
212.8748586497108,8.039860694450974
212.88419403797766,48.091777971403836
212.89352942624456,20.896060820969986
212.90286481451145,14.624349404481405
212.9122002027783,121.89727893304327
212.9215355910452,11.126519445706482
212.9308709793121,38.3879506907361
212.94020636757895,106.55883318949434
212.94954175584584,66.77414081033571
212.95887714411273,31.326831084631102
212.9682125323796,97.62296309974117
212.9775479206465,2.6236784148218524
212.98688330891338,39.510074398996096
212.99621869718027,344.5376552730195
213.00555408544713,13.337552842972592
213.01488947371402,12.166854131559228
213.0242248619809,89.23362154828423
213.03356025024777,35.931094003960176
213.04289563851466,60.84667496154158
213.05223102678156,37.17022939061515
213.06156641504842,10.84403701307067
213.0709018033153,35.44792629581688
213.0802371915822,49.00071183763484
213.0895725798491,26.823242725344205
213.09890796811595,145.58857089745334
213.10824335638284,197.03243052636438
213.11757874464973,175.08571519356315
213.1269141329166,103.5669038901502
213.1362495211835,173.00842091326297
213.14558490945038,2.852570355359009
213.15492029771724,58.49899093174212
213.16425568598413,1.1530446416252558
213.17359107425102,118.07743967317626
213.18292646251788,23.06301740141697
213.19226185078477,87.02201406052326
213.20159723905167,35.40293811678808
213.21093262731856,39.69236837775649
213.22026801558542,36.292727842388466
213.2296034038523,117.92860953363432
213.2389387921192,29.975128199632803
213.24827418038606,30.773791211221333
213.25760956865295,5.720277390533789
213.26694495691984,134.14088655129137
213.2762803451867,8.843867034556377
213.2856157334536,14.362843965220707
213.2949511217205,129.66584427853695
213.30428650998735,13.836036736273611
213.31362189825424,5.40433105788354
213.32295728652113,89.76857099805957
213.33229267478802,56.81560294072512
213.34162806305488,75.79545134967425
213.35096345132177,7.006005253880414
213.36029883958867,50.85151053253235
213.36963422785553,14.725860473699777
213.37896961612242,47.64257634775203
213.3883050043893,178.93779524869794
213.39764039265617,29.770520793458864
213.40697578092306,72.85897897469377
213.41631116918995,105.78427733736108
213.42564655745682,8.977836669184594
213.4349819457237,161.7769275192477
213.4443173339906,88.00238746627126
213.4536527222575,12.976174791349132
213.46298811052435,83.57817000817806
213.47232349879124,19.26576380950806
213.48165888705813,12.086304775870081
213.490994275325,53.69094761287681
213.50032966359188,40.722783757066715
213.50966505185878,21.120088098488864
213.51900044012564,29.79602525052683
213.52833582839253,45.85012090115545
213.53767121665942,5.798394060167166
213.54700660492628,15.924285408679227
213.55634199319317,21.00470900189483
213.56567738146006,15.17112760924268
213.57501276972695,23.50231237962824
213.58434815799382,68.5679633622803
213.5936835462607,1.5481467251131964
213.6030189345276,25.707657093330667
213.61235432279446,25.28513052260029
213.62168971106135,17.937441540899638
213.63102509932824,60.81847840072135
213.6403604875951,12.67898657075319
213.649695875862,17.13112306054701
213.65903126412888,2.620883228191532
213.66836665239578,69.5698894160196
213.67770204066264,65.70754103485486
213.68703742892953,10.24060919149509
213.69637281719642,22.30065601423207
213.70570820546328,24.716944195708948
213.71504359373017,58.99807127128634
213.72437898199706,152.5699207418647
213.73371437026393,21.952926756603627
213.74304975853082,13.704831437845003
213.7523851467977,1.7395353119166812
213.76172053506457,53.12337301202633
213.77105592333146,3.295576732225481
213.78039131159835,7.66375892759393
213.78972669986524,58.11164026143284
213.7990620881321,15.858802350186592
213.808397476399,82.59659510892304
213.81773286466589,20.076468619007947
213.82706825293275,147.5283833159394
213.83640364119964,23.300725103872388
213.84573902946653,50.49876775799201
213.8550744177334,32.46242119990736
213.86440980600028,50.519555359742974
213.87374519426717,20.962980535933536
213.88308058253403,64.90291501913988
213.89241597080093,163.61094367149215
213.90175135906782,35.01545747479313
213.9110867473347,77.66401443056203
213.92042213560157,193.44823991163014
213.92975752386846,14.84961561117279
213.93909291213535,31.32601243182224
213.9484283004022,169.90954579611773
213.9577636886691,85.84629092434565
213.967099076936,27.171172252647818
213.97643446520286,16.497981201599085
213.98576985346975,405.1267765204514
213.99510524173664,107.85796948966879
214.0044406300035,97.49500586017636
214.0137760182704,191.83305543772065
214.02311140653728,41.860410536832134
214.03244679480417,41.60306786416081
214.04178218307104,15.096111382361663
214.05111757133793,59.95959841706132
214.06045295960482,3.4610373502632417
214.06978834787168,16.550346428269894
214.07912373613857,10.222999537602314
214.08845912440546,5.00193475866126
214.09779451267232,33.62045149464222
214.1071299009392,16.12502757957753
214.1164652892061,0.7452846844180844
214.12580067747297,68.21566111819693
214.13513606573986,115.54684959638465
214.14447145400675,24.35305374612777
214.15380684227364,190.3911154611077
214.1631422305405,53.963086052090574
214.1724776188074,29.812699978882364
214.18181300707428,67.36839751596169
214.19114839534114,8.906031130006044
214.20048378360804,13.655831014088264
214.20981917187493,107.70637268620807
214.2191545601418,19.31539824483141
214.22848994840868,51.711058137018306
214.23782533667557,152.42634755294495
214.24716072494246,6.62606973945611
214.25649611320932,21.053975606939506
214.2658315014762,23.101739624995407
214.2751668897431,15.040735529904481
214.28450227800997,37.542013757111775
214.29383766627686,10.218029952695566
214.30317305454375,13.660488460743078
214.3125084428106,2.5107251615104156
214.3218438310775,56.64593661484604
214.3311792193444,83.79917133970726
214.34051460761125,32.663482559471056
214.34984999587815,147.3519477285382
214.35918538414504,111.13920315681219
214.36852077241193,29.95373405379765
214.3778561606788,20.07339183210436
214.38719154894568,187.12793140721772
214.39652693721257,28.28735779670608
214.40586232547943,1.6484547969390604
214.41519771374632,158.2699967737859
214.4245331020132,6.456571489889205
214.43386849028008,1.5039140389763224
214.44320387854697,61.82071411931603
214.45253926681386,46.86902799321208
214.46187465508072,2.737266034894331
214.4712100433476,5.53062320516928
214.4805454316145,74.43412242172049
214.4898808198814,6.067041745293197
214.49921620814825,14.31326918801695
214.50855159641515,82.1323173062208
214.51788698468204,16.765052134322907
214.5272223729489,8.821233099902697
214.5365577612158,42.89477693563162
214.54589314948268,37.92665228198283
214.55522853774954,69.53002247747591
214.56456392601643,62.746734236912346
214.57389931428332,113.59227644131373
214.5832347025502,46.3416109610214
214.59257009081708,34.58850654629626
214.60190547908397,13.898583925937453
214.61124086735086,3.833862567988848
214.62057625561772,13.411396305422581
214.6299116438846,10.136764497498124
214.6392470321515,9.782037260395365
214.64858242041836,1.5279748206292083
214.65791780868526,18.520582589298737
214.66725319695215,4.87637051178326
214.676588585219,22.937975228711153
214.6859239734859,6.1166093920790905
214.6952593617528,6.63122557842673
214.70459475001965,38.55797317819057
214.71393013828654,17.01342259883583
214.72326552655343,1.328892442999712
214.73260091482032,46.918262581828635
214.7419363030872,52.33044055970849
214.75127169135408,15.989474696526988
214.76060707962097,121.6214034063144
214.76994246788783,5.105997514359584
214.77927785615472,112.89023800404095
214.7886132444216,158.31697556296137
214.79794863268847,6.354910989583191
214.80728402095536,11.87532383855971
214.81661940922226,18.35727809958857
214.82595479748915,258.0446332564536
214.835290185756,72.25236032682062
214.8446255740229,44.90972277147827
214.8539609622898,92.67878071074621
214.86329635055665,15.082091022476408
214.87263173882354,89.27253182798603
214.88196712709043,33.299100579602246
214.8913025153573,128.93340107728315
214.9006379036242,56.60320195075025
214.90997329189108,0.27965118920389914
214.91930868015794,9.91570064013306
214.92864406842483,15.340804237788399
214.93797945669172,43.85324256894866
214.9473148449586,14.975337008378538
214.95665023322547,10.88729997608865
214.96598562149236,7.4314044963687325
214.97532100975926,72.78729067942898
214.98465639802612,8.4725062740253
214.993991786293,4.569066075711301
215.0033271745599,64.08006686537132
215.01266256282676,13.637569485183796
215.02199795109365,39.3710058621788
215.03133333936054,184.0019950951191
215.0406687276274,30.972997470588332
215.0500041158943,109.64841275832372
215.0593395041612,211.17728399286923
215.06867489242808,3.046460809814722
215.07801028069494,3.939615345085629
215.08734566896183,9.580673266333068
215.09668105722872,32.5745562974625
215.10601644549558,11.005308721582436
215.11535183376247,15.639521036296921
215.12468722202937,8.999170614199905
215.13402261029623,29.716999445591114
215.14335799856312,91.01304816477446
215.15269338683,80.38301184641313
215.16202877509687,42.34527991985345
215.17136416336376,96.06993060372564
215.18069955163065,51.591466582015414
215.19003493989754,53.567126144333926
215.1993703281644,87.81056566099384
215.2087057164313,35.899220160609005
215.2180411046982,73.47112802275885
215.22737649296505,68.51017988032679
215.23671188123194,19.762452779360604
215.24604726949883,5.370223912620812
215.2553826577657,3.114727764677406
215.26471804603258,7.002993683601179
215.27405343429947,4.467455231772995
215.28338882256634,34.074877052015594
215.29272421083323,8.354008630542857
215.30205959910012,11.96681520191603
215.311394987367,139.4315155140482
215.32073037563387,12.71034870526367
215.33006576390076,56.994497667349904
215.33940115216765,366.6168146014982
215.34873654043452,96.57481004954312
215.3580719287014,283.84179526160835
215.3674073169683,375.72422206665533
215.37674270523516,23.441569393157717
215.38607809350205,123.16986620710585
215.39541348176894,54.310685260533816
215.40474887003583,6.186682044163354
215.4140842583027,166.23375755510676
215.42341964656958,163.6676766547
215.43275503483648,303.4402221382615
215.44209042310334,379.5800085063379
215.45142581137023,324.63980145596787
215.46076119963712,142.13271140015166
215.47009658790398,23.0968295602521
215.47943197617087,12.690938315331838
215.48876736443776,124.12909816949971
215.49810275270463,62.61037956186683
215.50743814097152,111.34256375911211
215.5167735292384,110.90139245476476
215.5261089175053,69.54952557524119
215.53544430577216,20.549672930500943
215.54477969403905,6.568055254668623
215.55411508230594,14.83285524562128
215.5634504705728,49.54456228566119
215.5727858588397,30.702239625409074
215.58212124710658,0.9749735685433099
215.59145663537345,10.01758751903403
215.60079202364034,21.223060705991006
215.61012741190723,41.558612927134874
215.6194628001741,3.037885198799889
215.62879818844098,12.24268658599217
215.63813357670787,4.581800553346311
215.64746896497476,119.18054408075132
215.65680435324163,28.7515639666896
215.66613974150852,17.992029259769392
215.6754751297754,110.1208010699149
215.68481051804227,69.95735931476364
215.69414590630916,118.12687229382884
215.70348129457605,114.52303180638339
215.7128166828429,28.439872300608943
215.7221520711098,13.933332497446102
215.7314874593767,20.30300706168405
215.74082284764356,37.34592467124467
215.75015823591045,29.909397529236845
215.75949362417734,53.547333426649594
215.76882901244423,17.718153327243062
215.7781644007111,36.939352061381655
215.78749978897798,30.38514274380262
215.79683517724487,106.74185179950781
215.80617056551174,81.84392850812446
215.81550595377863,76.2726884737506
215.82484134204552,40.596991707410865
215.83417673031238,16.098727290964504
215.84351211857927,20.467102667124067
215.85284750684616,76.44503865783976
215.86218289511305,113.57543985345345
215.8715182833799,30.469254091773948
215.8808536716468,29.18837217128416
215.8901890599137,12.02487074170592
215.89952444818056,72.00621223785517
215.90885983644745,163.8637823628383
215.91819522471434,40.40650349387694
215.9275306129812,101.47960076808688
215.9368660012481,31.062543167068647
215.94620138951498,90.50008696910182
215.95553677778184,29.385659814436252
215.96487216604874,88.84156618586657
215.97420755431563,195.11472945418768
215.98354294258252,111.1908085409668
215.99287833084938,276.4464406286542
216.00221371911627,95.0229333770347
216.01154910738316,38.86255433749741
216.02088449565002,61.261033709939355
216.0302198839169,7.314744185104023
216.0395552721838,48.05405790136071
216.04889066045067,47.89617171070139
216.05822604871756,35.703297670463144
216.06756143698445,54.265802908914665
216.0768968252513,31.67500855516288
216.0862322135182,33.58585811950548
216.0955676017851,14.760316153165194
216.10490299005198,35.60337531910956
216.11423837831884,40.58454161846384
216.12357376658574,204.4138420833942
216.13290915485263,98.84512078882715
216.1422445431195,90.68530299118771
216.15157993138638,176.16525364622711
216.16091531965327,107.72530545488954
216.17025070792013,86.53884831038222
216.17958609618702,56.826008771942796
216.1889214844539,277.8353569666038
216.19825687272078,12.651887201277965
216.20759226098767,16.979172041962286
216.21692764925456,74.66836943431888
216.22626303752145,24.483718321781097
216.2355984257883,23.736894259156188
216.2449338140552,7.006251493110447
216.2542692023221,7.63055777381082
216.26360459058895,9.95748643590397
216.27293997885585,34.664246903562805
216.28227536712274,40.722169534284035
216.2916107553896,51.623594172929636
216.3009461436565,40.17598913375515
216.31028153192338,74.28265403659604
216.31961692019024,7.854230028101626
216.32895230845713,1.5569975656591322
216.33828769672402,10.275725991909498
216.34762308499091,16.054579684784493
216.35695847325778,41.330362775046765
216.36629386152467,61.935184086741934
216.37562924979156,12.046976129952965
216.38496463805842,29.795652700876605
216.3943000263253,24.511523101061854
216.4036354145922,40.143211586246615
216.41297080285906,81.24992390029769
216.42230619112595,149.43355396599665
216.43164157939285,31.08132197844944
216.44097696765974,36.08086058047621
216.4503123559266,29.197580300493932
216.4596477441935,50.67322096820574
216.46898313246038,165.56859877630936
216.47831852072724,115.7683013011936
216.48765390899413,9.190361639358569
216.49698929726102,4.534564794175994
216.5063246855279,144.6603983767103
216.51566007379478,236.02212584380234
216.52499546206167,59.89097991194043
216.53433085032853,2.055005304183964
216.54366623859542,171.96778234429195
216.5530016268623,166.3900096705237
216.5623370151292,98.04825231652791
216.57167240339606,6.374396297185002
216.58100779166296,75.15372701676219
216.59034317992985,11.766007570276189
216.5996785681967,19.202486447005576
216.6090139564636,64.2817342634066
216.6183493447305,27.32176183888228
216.62768473299735,4.077400568505115
216.63702012126424,69.37403483407839
216.64635550953113,7.711826292808473
216.655690897798,49.40474840475446
216.6650262860649,106.1384671301046
216.67436167433178,1.3300226839508125
216.68369706259867,5.6536387427846995
216.69303245086553,73.6928786764069
216.70236783913242,206.37304817817466
216.7117032273993,76.75424470250483
216.72103861566617,36.96180637842345
216.73037400393306,73.29230470549751
216.73970939219996,28.733496696248363
216.74904478046682,40.08312658501653
216.7583801687337,157.90388677612185
216.7677155570006,72.4373939404259
216.77705094526746,40.04410091738906
216.78638633353435,133.72393840033703
216.79572172180124,43.53364303408885
216.80505711006813,4.795288769212571
216.814392498335,55.13885504228907
216.8237278866019,8.526314902897218
216.83306327486878,22.93881303962416
216.84239866313564,22.873951044956478
216.85173405140253,89.98444231435772
216.86106943966942,138.54727146018416
216.87040482793628,75.15134523364962
216.87974021620317,311.3265743925209
216.88907560447007,243.54681442498338
216.89841099273693,21.403352910809478
216.90774638100382,38.02953341441781
216.9170817692707,8.224983146571917
216.9264171575376,57.87971805255237
216.93575254580446,0.881803212945559
216.94508793407135,12.775184770448723
216.95442332233824,93.74921666277197
216.9637587106051,26.7342197057175
216.973094098872,57.02099580290412
216.9824294871389,120.38020897728805
216.99176487540575,18.11194496546061
217.00110026367264,59.3120327704745
217.01043565193953,13.99709796391736
217.01977104020642,9.610643385488737
217.02910642847328,29.0379856658133
217.03844181674017,40.60957526265369
217.04777720500707,15.340291636771763
217.05711259327393,41.4294241840667
217.06644798154082,91.20386562360858
217.0757833698077,43.29135132252751
217.08511875807457,74.53168444362731
217.09445414634146,56.59722827099401
217.10378953460835,12.249597274479518
217.11312492287522,11.209320413276343
217.1224603111421,41.412596598869506
217.131795699409,143.57506688292347
217.1411310876759,18.3617664059598
217.15046647594275,12.697966767895995
217.15980186420964,16.490188936936292
217.16913725247653,80.68041885555778
217.1784726407434,129.16422146711992
217.18780802901028,18.941232524469047
217.19714341727718,61.35888184926187
217.20647880554404,23.740362044724023
217.21581419381093,13.894736005479754
217.22514958207782,10.857995156023225
217.23448497034468,29.617603666739875
217.24382035861157,29.86497643103631
217.25315574687846,19.82368400018987
217.26249113514535,1.381289228095218
217.27182652341222,38.097649398484506
217.2811619116791,33.635282469734335
217.290497299946,91.93403328860923
217.29983268821286,35.6296186995725
217.30916807647975,47.84269899667131
217.31850346474664,13.013034687489915
217.3278388530135,13.78444944604548
217.3371742412804,85.47779796264625
217.34650962954728,8.060060338734312
217.35584501781415,65.32570911403901
217.36518040608104,73.26154734456914
217.37451579434793,30.01253211870279
217.38385118261482,9.398039438583146
217.39318657088168,71.81139034006273
217.40252195914857,9.075254512223182
217.41185734741546,146.49984437204535
217.42119273568233,84.03341910149324
217.43052812394922,48.76372457655598
217.4398635122161,4.712347733714735
217.44919890048297,47.898671238610035
217.45853428874986,164.3249114425734
217.46786967701675,100.54475833498995
217.4772050652836,12.640528148796129
217.4865404535505,20.567067369417895
217.4958758418174,25.0775726329847
217.50521123008429,66.2418167786606
217.51454661835115,35.20939228673922
217.52388200661804,0.17786970087924078
217.53321739488493,35.2033253572967
217.5425527831518,47.17685708114852
217.55188817141868,1.0504766174298168
217.56122355968557,21.882044106277007
217.57055894795243,21.742944052527328
217.57989433621933,12.98098563668726
217.58922972448622,25.176566546987765
217.5985651127531,92.42400559800593
217.60790050101997,2.0779654284161473
217.61723588928686,103.33214931518519
217.62657127755375,24.11085424787671
217.6359066658206,173.33892452330355
217.6452420540875,32.8685493582713
217.6545774423544,75.56833445753765
217.66391283062126,152.203667542091
217.67324821888815,32.366287518512266
217.68258360715504,14.58737100335713
217.6919189954219,15.448263172317944
217.7012543836888,21.366324869978715
217.71058977195568,77.91532829355839
217.71992516022257,35.347337387490974
217.72926054848944,41.679313163286324
217.73859593675633,1.3048441461804856
217.74793132502322,65.34163777659309
217.75726671329008,83.32532262785313
217.76660210155697,110.8486295542172
217.77593748982386,48.106956940888125
217.78527287809072,130.39597436578856
217.7946082663576,59.26411278924403
217.8039436546245,31.568676863313947
217.81327904289137,68.75060635091748
217.82261443115826,48.29760292547994
217.83194981942515,24.235329974622513
217.84128520769204,26.62225091793295
217.8506205959589,27.740709834250186
217.8599559842258,40.38167307222383
217.86929137249268,120.23892638488545
217.87862676075954,26.87163895133775
217.88796214902644,25.231870815001198
217.89729753729333,10.874674852290497
217.9066329255602,160.48574648883675
217.91596831382708,8.063849298357232
217.92530370209397,10.845067343182984
217.93463909036083,28.764178628565066
217.94397447862772,65.774312972479
217.9533098668946,23.241190496776138
217.9626452551615,52.72982268164251
217.97198064342837,17.79732816821002
217.98131603169526,3.2724208544536952
217.99065141996215,33.7699369598235
217.999986808229,4.172656435909704
218.0093221964959,4.327674275730949
218.0186575847628,104.36055524206701
218.02799297302965,3.7645500823636784
218.03732836129655,75.50303725454256
218.04666374956344,146.1855915575526
218.0559991378303,16.225666378800913
218.0653345260972,183.51400953172322
218.07466991436408,75.85099275128316
218.08400530263097,23.070213520243204
218.09334069089783,134.4784922839842
218.10267607916472,2.476281624550759
218.1120114674316,26.115030260825055
218.12134685569848,36.670061670100196
218.13068224396537,18.765660580511753
218.14001763223226,19.241528530002576
218.14935302049912,0.6810769285717311
218.158688408766,41.37796075371976
218.1680237970329,7.346419877796899
218.1773591852998,28.66913654814779
218.18669457356665,12.753612187969363
218.19602996183355,3.3601541368473185
218.20536535010044,37.478047005572506
218.2147007383673,10.819996065730939
218.2240361266342,2.000714424823104
218.23337151490108,23.9007117738197
218.24270690316794,4.690292294452666
218.25204229143483,10.0628667321894
218.26137767970172,0.7556753756520742
218.2707130679686,25.192963921015473
218.28004845623548,7.588308700648762
218.28938384450237,5.3435143620105094
218.29871923276926,18.115508061399748
218.30805462103612,27.922018046413896
218.317390009303,15.91903094349461
218.3267253975699,43.37281409737834
218.33606078583676,16.663802176192632
218.34539617410366,58.550854753590436
218.35473156237055,11.21253254007269
218.3640669506374,37.523755171858994
218.3734023389043,36.71946884714288
218.3827377271712,80.36400505530379
218.39207311543805,105.84636604796894
218.40140850370494,13.587114774327203
218.41074389197183,121.36084179336646
218.42007928023872,6.328434501727037
218.4294146685056,77.19174323120151
218.43875005677248,14.154171591686618
218.44808544503937,97.2419492386652
218.45742083330623,169.84805244958997
218.46675622157312,66.47469321753452
218.47609160984,171.15669935072032
218.48542699810687,55.00785463718424
218.49476238637376,65.46631819545202
218.50409777464066,35.82278920914796
218.51343316290752,42.910462493149005
218.5227685511744,125.40561303213892
218.5321039394413,4.413869837361447
218.5414393277082,88.45692964783909
218.55077471597505,64.56084757777276
218.56011010424194,52.16955417062589
218.56944549250883,28.256255480966605
218.5787808807757,22.890038266941833
218.5881162690426,3.711216566615264
218.59745165730948,70.30995358989607
218.60678704557634,13.197387349002337
218.61612243384323,45.42901974923668
218.62545782211012,27.342493197440223
218.634793210377,8.524733015972647
218.64412859864387,9.280465304162425
218.65346398691077,3.5771615565401573
218.66279937517766,7.6225699289051
218.67213476344452,42.098383850107226
218.6814701517114,78.4310668509029
218.6908055399783,67.8722012769048
218.70014092824516,64.72329779522195
218.70947631651205,70.42900423899297
218.71881170477894,25.55994968118231
218.7281470930458,37.344938906114606
218.7374824813127,37.35592263065701
218.7468178695796,71.57286917481606
218.75615325784648,7.466578878716778
218.76548864611334,116.85924957918147
218.77482403438023,14.43267527125941
218.78415942264712,102.06056229186952
218.79349481091398,41.517205407202965
218.80283019918087,18.297614260989437
218.81216558744777,26.843516572508285
218.82150097571463,46.67093240640371
218.83083636398152,85.59139322719192
218.8401717522484,25.512073255388703
218.84950714051527,20.792414861200815
218.85884252878216,6.779698918109197
218.86817791704905,50.81172571984275
218.87751330531594,113.09770667869928
218.8868486935828,32.25969760958971
218.8961840818497,65.60110379562659
218.9055194701166,59.50087896136696
218.91485485838345,68.9440010551854
218.92419024665034,3.3993947989591726
218.93352563491723,3.6311348198487936
218.9428610231841,67.49057257336668
218.95219641145098,7.610065342458348
218.96153179971787,44.8235055602858
218.97086718798474,68.56460980882089
218.98020257625163,26.53714203139303
218.98953796451852,78.97525845225184
218.9988733527854,23.697252621055732
219.00820874105227,134.61617986198053
219.01754412931916,187.1856000788605
219.02687951758605,42.692350593431264
219.03621490585292,21.09147752669471
219.0455502941198,59.98445749863901
219.0548856823867,153.6218346831897
219.06422107065356,6.59222542946374
219.07355645892045,43.854728144219855
219.08289184718734,121.13494399266399
219.0922272354542,16.799928045099463
219.1015626237211,38.459097345723954
219.11089801198798,76.14630108279049
219.12023340025488,11.54651371816454
219.12956878852174,20.662654901221337
219.13890417678863,43.81327425635478
219.14823956505552,4.102787206770465
219.15757495332238,0.7335000863915021
219.16691034158927,15.683802375404078
219.17624572985616,10.896506439532482
219.18558111812303,1.4812115982543048
219.19491650638992,0.028776639569622158
219.2042518946568,10.392218031286522
219.2135872829237,20.37043902969034
219.22292267119056,56.058121416554386
219.23225805945745,105.29177674605614
219.24159344772434,53.96645776572618
219.2509288359912,89.42004722662871
219.2602642242581,1.5017723482211955
219.26959961252498,75.63015775279334
219.27893500079185,34.85910810771345
219.28827038905874,5.387091851019154
219.29760577732563,59.268874614384714
219.3069411655925,12.006643029746954
219.31627655385938,2.9118878904253664
219.32561194212627,22.997353280124884
219.33494733039316,31.554363950123776
219.34428271866003,52.8254958064726
219.35361810692692,23.013530440380354
219.3629534951938,63.7070647976633
219.37228888346067,0.9147231038786696
219.38162427172756,50.11677589863525
219.39095965999445,23.467716025144618
219.4002950482613,159.68353054494605
219.4096304365282,107.06989573869573
219.4189658247951,129.02087163446578
219.42830121306196,169.55456833469248
219.43763660132885,56.5742850529069
219.44697198959574,45.265926908087685
219.45630737786263,17.298732617929538
219.4656427661295,18.4501998119821
219.47497815439638,16.783006131441052
219.48431354266327,49.558569534676955
219.49364893093014,16.20881014844791
219.50298431919703,10.092929696046074
219.51231970746392,10.566441470117539
219.52165509573078,7.3506071937332065
219.53099048399767,12.192260815922454
219.54032587226456,50.38103896504513
219.54966126053142,66.79809355522625
219.5589966487983,36.31578013714454
219.5683320370652,29.86520265999043
219.5776674253321,13.925255373267184
219.58700281359896,5.570678186523225
219.59633820186585,2.5853493936435137
219.60567359013274,10.233162983773049
219.6150089783996,17.3720707172797
219.6243443666665,8.208340254111455
219.63367975493338,6.3254421397599385
219.64301514320024,29.818013930112485
219.65235053146714,82.60965316564997
219.66168591973403,47.90071083434504
219.6710213080009,23.24908310890109
219.68035669626778,69.59880624991213
219.68969208453467,6.381649434875431
219.69902747280156,18.90378820751818
219.70836286106842,31.604497606724088
219.7176982493353,61.640714964653064
219.7270336376022,7.046373378605546
219.73636902586907,8.196413324389379
219.74570441413596,59.47892351075679
219.75503980240285,5.075601385223597
219.7643751906697,7.158702101168486
219.7737105789366,34.5449075682754
219.7830459672035,33.12312193043838
219.79238135547038,45.609819127785535
219.80171674373724,4.730605351465528
219.81105213200414,33.461670108653585
219.82038752027103,4.139366646818728
219.8297229085379,21.816065162797802
219.83905829680478,14.647665077436505
219.84839368507167,4.025064901854294
219.85772907333853,7.731734996185296
219.86706446160542,48.973151303732465
219.8763998498723,121.40766952796449
219.88573523813918,173.73588519196562
219.89507062640607,226.48524933154997
219.90440601467296,114.39051889424869
219.91374140293985,55.367092701694084
219.9230767912067,25.764964832905346
219.9324121794736,19.058490281033134
219.9417475677405,4.864466047439485
219.95108295600735,5.331113787384726
219.96041834427425,50.80944415533745
219.96975373254114,2.8338469111881994
219.979089120808,33.32911602208746
219.9884245090749,2.4690026641733414
219.99775989734178,78.6207194419076
220.00709528560864,70.19937492700377
220.01643067387553,8.287970427399978
220.02576606214242,19.52629415892743
220.03510145040931,14.182136805436322
220.04443683867618,104.51689163377982
220.05377222694307,22.86780538966033
220.06310761520996,57.45766452510065
220.07244300347682,116.29215336983444
220.0817783917437,2.3432934589739594
220.0911137800106,38.6245329655423
220.10044916827746,45.44364480790383
220.10978455654435,0.03363628528498198
220.11911994481125,186.55670963358676
220.1284553330781,79.41797733288846
220.137790721345,56.986778960826285
220.1471261096119,266.90119981412533
220.15646149787878,43.63350194147425
220.16579688614564,119.64841870775383
220.17513227441253,145.61355283279144
220.18446766267942,47.14918180224269
220.1938030509463,15.810969701260337
220.20313843921318,26.695437009416644
220.21247382748007,53.851219381232106
220.22180921574693,12.24717553637848
220.23114460401382,2.4365256038916483
220.2404799922807,64.19703825667605
220.24981538054757,27.808238055483585
220.25915076881446,36.91271122363067
220.26848615708136,42.12726584293722
220.27782154534825,74.2068876360324
220.2871569336151,38.09901821854764
220.296492321882,50.36736020092303
220.3058277101489,113.30058777954798
220.31516309841575,43.2188973488402
220.32449848668264,1.15202216431804
220.33383387494953,8.928226472258945
220.3431692632164,33.01066223189915
220.3525046514833,29.67561304205868
220.36184003975018,56.079170793418356
220.37117542801707,24.41355047270347
220.38051081628393,30.19635182541276
220.38984620455082,110.38613253022903
220.3991815928177,0.2155776942705889
220.40851698108457,13.989126027908942
220.41785236935146,18.067080691987556
220.42718775761836,49.675025659094885
220.43652314588522,1.4966137975156397
220.4458585341521,15.786213699574239
220.455193922419,41.10109123854039
220.46452931068586,13.793736007281243
220.47386469895275,71.21554679648104
220.48320008721964,44.08960450183438
220.49253547548653,2.0267599548932216
220.5018708637534,16.759050857491484
220.5112062520203,7.910201597688155
220.52054164028718,27.201316885443838
220.52987702855404,78.14439025935037
220.53921241682093,6.352665791726383
220.54854780508782,56.11033872877562
220.55788319335468,14.760898585190242
220.56721858162157,89.08834454916989
220.57655396988847,26.87883450304344
220.58588935815533,18.184900984906953
220.59522474642222,13.217736654865137
220.6045601346891,27.719981360482667
220.613895522956,7.6377104185605935
220.62323091122286,73.88491108205595
220.63256629948975,23.854081631556944
220.64190168775664,4.9739265513789075
220.6512370760235,16.427546571648804
220.6605724642904,10.711712886944134
220.6699078525573,23.38357214677358
220.67924324082415,38.30015041624531
220.68857862909104,6.077934330445105
220.69791401735793,4.113730039107707
220.7072494056248,44.11641092008852
220.71658479389168,64.36579343947608
220.72592018215857,35.82444315622657
220.73525557042547,68.71237727696106
220.74459095869233,110.4015340573597
220.75392634695922,10.99979208901735
220.7632617352261,6.426596322136491
220.77259712349297,6.808405225973289
220.78193251175986,47.19682874415857
220.79126790002675,41.92890308725012
220.80060328829362,68.54144693892677
220.8099386765605,51.746568014778326
220.8192740648274,25.914120439929956
220.82860945309426,25.08766748863073
220.83794484136115,30.79536742221804
220.84728022962804,9.760990181599333
220.85661561789493,3.150365583884726
220.8659510061618,13.699528275884697
220.87528639442868,6.977366727885221
220.88462178269558,44.541872829783884
220.89395717096244,86.14960070641438
220.90329255922933,17.00357081227859
220.91262794749622,52.99517739771833
220.92196333576308,66.330057752618
220.93129872402997,8.662581360984866
220.94063411229686,34.24808497873931
220.94996950056375,83.05263424958736
220.95930488883062,2.7435280605299086
220.9686402770975,33.60947435027595
220.9779756653644,16.084587178169656
220.98731105363126,104.85155948736261
220.99664644189815,4.120678091320276
221.00598183016504,10.490808104677818
221.0153172184319,2.6591444200113203
221.0246526066988,115.17612141606975
221.03398799496568,192.27831146935617
221.04332338323255,47.330310196148965
221.05265877149944,94.49030622994457
221.06199415976633,69.49625698642537
221.07132954803322,15.556710205000664
221.08066493630008,58.31219455366081
221.09000032456697,18.71756648950295
221.09933571283386,94.52235274539926
221.10867110110073,36.507897328486855
221.11800648936762,3.85117097070926
221.1273418776345,61.27423161754366
221.13667726590137,0.9212394229434283
221.14601265416826,13.484604497281085
221.15534804243515,58.81223699368887
221.164683430702,26.82574008784291
221.1740188189689,2.2483942021633507
221.1833542072358,12.50252711817469
221.19268959550269,36.10958728111527
221.20202498376955,17.595903666892003
221.21136037203644,15.352364308492975
221.22069576030333,7.896946806517564
221.2300311485702,16.656623880226086
221.23936653683708,77.39818378685018
221.24870192510397,29.844426295562187
221.25803731337083,5.3592860952699555
221.26737270163773,30.47029434323278
221.27670808990462,13.373606264344229
221.28604347817148,2.4471968010710445
221.29537886643837,28.385045487123556
221.30471425470526,20.941548743807072
221.31404964297215,4.046980986879333
221.323385031239,16.009884505032435
221.3327204195059,37.00688433082734
221.3420558077728,33.482810684816144
221.35139119603966,5.195293601712335
221.36072658430655,49.843949817796435
221.37006197257344,128.85979362780225
221.3793973608403,9.996064949975363
221.3887327491072,32.69342051404217
221.39806813737408,197.43573735287498
221.40740352564097,6.985076703641589
221.41673891390784,22.299972155383802
221.42607430217473,143.84142181855202
221.43540969044162,28.774286804956212
221.44474507870848,16.413263955094976
221.45408046697537,25.861401962329676
221.46341585524226,57.219443367894016
221.47275124350912,7.174925445256804
221.482086631776,3.0649679293507313
221.4914220200429,4.297076173506835
221.50075740830977,4.846957089327016
221.51009279657666,35.15686682125917
221.51942818484355,0.5212482738856721
221.52876357311044,51.50977356283447
221.5380989613773,8.206678108319995
221.5474343496442,68.26889397797802
221.55676973791108,0.582500044800782
221.56610512617794,67.16698567593541
221.57544051444484,44.50277958483822
221.58477590271173,94.51232349101593
221.5941112909786,24.92147241904714
221.60344667924548,4.264231420831296
221.61278206751237,24.659338935681255
221.62211745577923,8.388505321631062
221.63145284404612,10.334534166070696
221.640788232313,36.435499825486474
221.6501236205799,7.985702260878109
221.65945900884677,18.890037886342167
221.66879439711366,45.37688672419037
221.67812978538055,11.884046920430375
221.6874651736474,164.17631734422676
221.6968005619143,193.60893251374694
221.7061359501812,3.477086404713971
221.71547133844805,71.98555180568232
221.72480672671495,22.82155550220458
221.73414211498184,151.153468869741
221.7434775032487,47.62081915794728
221.7528128915156,25.943225867193906
221.76214827978248,104.64525706454054
221.77148366804937,36.456176022103186
221.78081905631623,1.1155218197054417
221.79015444458312,0.09111416851054252
221.79948983285,59.99108481367928
221.80882522111688,23.486436423620635
221.81816060938377,67.54144012887542
221.82749599765066,61.64357432903394
221.83683138591752,119.8879831642206
221.8461667741844,75.69777077278601
221.8555021624513,29.37214520973432
221.86483755071816,175.8018164900144
221.87417293898505,45.12282923281876
221.88350832725195,35.159737191285
221.89284371551884,43.960110585728636
221.9021791037857,7.119937470767796
221.9115144920526,73.7450157484616
221.92084988031948,2.5368235588382877
221.93018526858634,22.37443896166609
221.93952065685323,47.47357831390885
221.94885604512012,12.7497704002428
221.958191433387,6.628774569842846
221.96752682165388,37.76737203614609
221.97686220992077,4.071214269570782
221.98619759818766,75.46114071784346
221.99553298645452,8.369947713013925
222.0048683747214,29.471513847704713
222.0142037629883,110.63994708048764
222.02353915125516,15.401128598434763
222.03287453952206,8.507409927677184
222.04220992778895,11.943596430669087
222.0515453160558,118.17563472724575
222.0608807043227,15.946360338140163
222.0702160925896,5.086801294033089
222.07955148085645,68.88002480665321
222.08888686912334,100.20136389194617
222.09822225739023,51.92669875230371
222.10755764565712,155.2076570372606
222.116893033924,139.44310675739928
222.12622842219088,34.614414724821174
222.13556381045777,83.09359825161205
222.14489919872463,95.09667410122756
222.15423458699152,81.65235192041146
222.1635699752584,13.398675117753175
222.17290536352527,29.44870949152686
222.18224075179216,39.13951497685497
222.19157614005906,101.94271425834862
222.20091152832592,40.20339583855221
222.2102469165928,190.11419711788213
222.2195823048597,98.83582876818498
222.2289176931266,30.362813891723775
222.23825308139345,90.91332543051294
222.24758846966034,0.11869050664676806
222.25692385792723,4.926753097943447
222.2662592461941,51.15498510456852
222.275594634461,32.99562760387992
222.28493002272788,5.615698467067647
222.29426541099474,4.364329649543432
222.30360079926163,127.83985634096713
222.31293618752852,49.646034531363455
222.32227157579538,14.636656686892836
222.33160696406227,36.84013157356684
222.34094235232917,41.47978867412389
222.35027774059606,40.12369440511441
222.35961312886292,35.11754678608084
222.3689485171298,0.6063241346606262
222.3782839053967,51.19011107180596
222.38761929366356,4.610910084540706
222.39695468193045,95.99799394782885
222.40629007019734,64.97617605987507
222.4156254584642,23.592539241683507
222.4249608467311,144.79632938767696
222.434296234998,24.67811379497218
222.44363162326485,30.474504559157555
222.45296701153174,194.1579642488871
222.46230239979863,70.8479680151312
222.47163778806552,5.901391648927316
222.48097317633238,13.421247339085967
222.49030856459927,292.478111714022
222.49964395286617,7.7158442542006895
222.50897934113303,2.013330696724937
222.51831472939992,59.21042451494511
222.5276501176668,38.74532367941385
222.53698550593367,34.79389416512623
222.54632089420056,20.24795645640452
222.55565628246745,12.71186180531515
222.56499167073434,8.587178620623916
222.5743270590012,3.9370961215520794
222.5836624472681,11.71766360709979
222.592997835535,32.68811278796821
222.60233322380185,19.510629526628602
222.61166861206874,49.79606698865614
222.62100400033563,39.52322436001495
222.6303393886025,31.002429261471086
222.63967477686938,39.418750329515625
222.64901016513627,63.84867994659994
222.65834555340314,36.72156423469327
222.66768094167003,32.96505507514394
222.67701632993692,66.34013167925968
222.6863517182038,47.631938555820184
222.69568710647067,79.03544320406766
222.70502249473756,44.39416098082499
222.71435788300445,110.47816037958815
222.72369327127132,56.87177622063155
222.7330286595382,60.38129111408386
222.7423640478051,31.419130279811714
222.75169943607196,5.551651651126999
222.76103482433885,0.8942559193421665
222.77037021260574,29.870768808210013
222.7797056008726,13.006887330539795
222.7890409891395,7.308399349377805
222.79837637740638,6.688358322645277
222.80771176567328,23.078821667240458
222.81704715394014,45.403726905050895
222.82638254220703,7.918715532391007
222.83571793047392,0.5465827233674194
222.84505331874078,81.67609008667236
222.85438870700767,4.948690235456398
222.86372409527456,18.470076109493952
222.87305948354143,140.55871770168463
222.88239487180832,0.7394988897377002
222.8917302600752,81.319344731046
222.90106564834207,115.56601784719398
222.91040103660896,34.02972613615813
222.91973642487585,90.12644104365577
222.92907181314274,79.73376953582766
222.9384072014096,11.931616875700856
222.9477425896765,143.81461124012927
222.95707797794338,24.392769032506237
222.96641336621025,45.139953451476885
222.97574875447714,67.28157572386885
222.98508414274403,24.88095117023309
222.9944195310109,77.19377273110538
223.00375491927778,78.30188764937817
223.01309030754467,4.383984100325668
223.02242569581153,16.70301434858681
223.03176108407843,23.851128671785524
223.04109647234532,46.11156010669718
223.0504318606122,17.983597973146022
223.05976724887907,39.65179099497986
223.06910263714596,13.963151045419004
223.07843802541285,7.138861439981924
223.0877734136797,10.309990953020801
223.0971088019466,7.321800180244302
223.1064441902135,0.15585158787063602
223.11577957848036,10.756477039063506
223.12511496674725,8.425489711326584
223.13445035501414,45.410562840069844
223.14378574328103,28.51111673613001
223.1531211315479,74.1853915173472
223.16245651981478,6.163660792456509
223.17179190808167,11.278671486536568
223.18112729634854,3.4756326928374794
223.19046268461543,46.79939871513281
223.19979807288232,14.443781042959289
223.20913346114918,0.7280064525915664
223.21846884941607,21.924998735968444
223.22780423768296,11.275588857200644
223.23713962594982,49.747940348775316
223.2464750142167,30.10138237360729
223.2558104024836,51.889735071725106
223.2651457907505,23.44167508244202
223.27448117901736,135.2880770074821
223.28381656728425,119.45907467039068
223.29315195555114,42.99236983158347
223.302487343818,132.1562217483109
223.3118227320849,57.88530931930327
223.32115812035178,38.1470507024551
223.33049350861864,42.93433489434826
223.33982889688554,10.863658343214688
223.34916428515243,14.228512704043279
223.3584996734193,29.867407770433815
223.36783506168618,63.34770238934797
223.37717044995307,22.44519005222206
223.38650583821996,106.41597275211362
223.39584122648682,27.82546636522422
223.4051766147537,29.57721388677714
223.4145120030206,144.67826101529909
223.42384739128747,5.774263203271967
223.43318277955436,23.46312079105098
223.44251816782125,82.4729645891043
223.4518535560881,28.270549358126676
223.461188944355,33.8071721113632
223.4705243326219,20.232817725333245
223.47985972088875,129.88660745057916
223.48919510915565,32.13279069541351
223.49853049742254,40.139228923328375
223.50786588568943,279.17969772220255
223.5172012739563,54.042985544080906
223.52653666222318,1.139457442934921
223.53587205049007,67.69288459605612
223.54520743875693,81.67679439366812
223.55454282702382,66.89377249679319
223.5638782152907,12.560905437325912
223.57321360355758,30.747120999412942
223.58254899182447,10.11789640530132
223.59188438009136,189.61002947694197
223.60121976835822,128.620336220058
223.6105551566251,129.17943261683808
223.619890544892,206.62992738579715
223.6292259331589,112.23745231744863
223.63856132142575,22.622288577262033
223.64789670969265,62.46088478540053
223.65723209795954,5.058628097106684
223.6665674862264,12.795888000870073
223.6759028744933,78.80380139409424
223.68523826276018,3.1177186359215368
223.69457365102704,18.520102766677645
223.70390903929393,18.638027443233188
223.71324442756082,50.44523805503696
223.72257981582771,53.54673586107414
223.73191520409458,20.01634840630037
223.74125059236147,66.48041361392454
223.75058598062836,46.99250476570944
223.75992136889522,42.41766154286837
223.7692567571621,10.923185641827658
223.778592145429,19.827638988995872
223.78792753369586,45.53319843068739
223.79726292196275,26.514586659886206
223.80659831022965,7.026681506232975
223.8159336984965,9.394709810749971
223.8252690867634,142.75861478721382
223.8346044750303,90.53845715006331
223.84393986329718,21.257600252507522
223.85327525156404,8.892513096581219
223.86261063983093,50.35948695640071
223.87194602809782,50.057342088501
223.8812814163647,23.611356279181486
223.89061680463158,13.89150215349581
223.89995219289847,5.246714516379973
223.90928758116533,24.0683920508833
223.91862296943222,29.88629322914374
223.9279583576991,24.222829528652397
223.93729374596597,77.29172756153883
223.94662913423286,69.34231364784259
223.95596452249976,96.48305409635512
223.96529991076665,78.55569682377181
223.9746352990335,19.199491086632943
223.9839706873004,6.369098939937799
223.9933060755673,20.000750410805622
224.00264146383415,80.98558310456377
224.01197685210104,13.104604014661561
224.02131224036793,78.33998463205971
224.0306476286348,25.048787167772645
224.0399830169017,107.99399950438385
224.04931840516858,28.433135831584273
224.05865379343544,26.359280757193634
224.06798918170233,30.81550591767188
224.07732456996922,247.1499953116294
224.0866599582361,0.15960028527276093
224.09599534650297,0.5173725367220122
224.10533073476986,8.543124293423265
224.11466612303676,159.06641074750831
224.12400151130362,150.01159544533573
224.1333368995705,104.1368830287001
224.1426722878374,89.62601408510751
224.15200767610426,125.32927998969357
224.16134306437115,23.579416494204587
224.17067845263804,34.71815440968485
224.18001384090493,32.841867860435784
224.1893492291718,15.261902284686881
224.1986846174387,124.62391029882494
224.20802000570558,11.363373964775484
224.21735539397244,8.685607937720162
224.22669078223933,25.40097781039572
224.23602617050622,6.40183695488845
224.24536155877308,20.827333603111395
224.25469694703997,98.450310304682
224.26403233530687,11.54759491373979
224.27336772357373,71.3923981024719
224.28270311184062,23.792377585536126
224.2920385001075,30.68649898693867
224.3013738883744,68.50339029276678
224.31070927664126,106.09212681902972
224.32004466490815,3.5615999322003655
224.32938005317504,107.76161129966422
224.3387154414419,66.13667388587865
224.3480508297088,176.1293311969328
224.3573862179757,15.314309444110608
224.36672160624255,53.08191970611174
224.37605699450944,79.57917527327034
224.38539238277633,305.9099788009221
224.3947277710432,140.0426587780038
224.40406315931008,123.00020493488648
224.41339854757697,98.06772309362344
224.42273393584387,38.331681762545344
224.43206932411073,76.85819027664506
224.44140471237762,36.36672058504619
224.4507401006445,9.214280512953419
224.46007548891137,68.19017439275515
224.46941087717826,147.08443147903589
224.47874626544515,78.61243922362522
224.48808165371202,19.06721421085249
224.4974170419789,20.68081483628748
224.5067524302458,119.25098619873634
224.51608781851266,67.99790273287027
224.52542320677955,95.01313407199191
224.53475859504644,62.73681222407051
224.54409398331333,19.64378704933212
224.5534293715802,4.329588192724227
224.56276475984708,3.7479819641097856
224.57210014811398,57.10269366080995
224.58143553638084,49.130092571965726
224.59077092464773,1.510507728258541
224.60010631291462,12.030379207935813
224.60944170118148,59.98723467683436
224.61877708944837,10.614596645060985
224.62811247771526,39.77015988704154
224.63744786598212,29.37348497841031
224.64678325424902,24.323950528656336
224.6561186425159,23.946197090377943
224.6654540307828,4.959715950139478
224.67478941904966,6.719476345038601
224.68412480731655,16.886031520190656
224.69346019558344,8.987944441729772
224.7027955838503,9.002328207999565
224.7121309721172,0.6560047249995511
224.72146636038408,20.35547048056813
224.73080174865095,35.959994850379
224.74013713691784,29.765328886890963
224.74947252518473,51.19760952670552
224.75880791345162,6.870980254035104
224.76814330171848,113.55801223580801
224.77747868998537,49.21895179065803
224.78681407825226,22.710642576759568
224.79614946651913,48.825081182119575
224.80548485478602,45.182218727184974
224.8148202430529,57.259997321451934
224.82415563131977,44.073788829315475
224.83349101958666,63.052455882542716
224.84282640785355,125.8676661622318
224.8521617961204,166.38433768913714
224.8614971843873,91.36537844001863
224.8708325726542,221.66057564025965
224.88016796092109,38.118296657183414
224.88950334918795,26.786617225284886
224.89883873745484,28.85877241094541
224.90817412572173,34.88827188885648
224.9175095139886,60.56266580109073
224.92684490225548,10.649294818301716
224.93618029052237,65.5759101763477
224.94551567878923,10.447152666859441
224.95485106705613,60.279803287911825
224.96418645532302,28.959283587696113
224.97352184358988,18.782247278923535
224.98285723185677,50.52569734029482
224.99219262012366,4.113000362776808
225.00152800839055,55.16367942284197
225.0108633966574,10.907784922621058
225.0201987849243,196.0241349056507
225.0295341731912,139.41613366864627
225.03886956145806,67.19613564572418
225.04820494972495,209.06928395525256
225.05754033799184,58.82129103260775
225.0668757262587,22.108501972456505
225.0762111145256,39.74661232099753
225.08554650279248,49.47914785124396
225.09488189105934,3.7836688892379478
225.10421727932624,37.66806559906581
225.11355266759313,22.224995524206452
225.12288805586002,12.733795360458613
225.13222344412688,156.3071533852512
225.14155883239377,45.67117356983526
225.15089422066066,81.85314043227994
225.16022960892752,145.62172991780432
225.1695649971944,3.711618309086837
225.1789003854613,47.91376887918291
225.18823577372817,84.87743033468239
225.19757116199506,39.92904840613035
225.20690655026195,66.62759355046536
225.2162419385288,161.29991666908262
225.2255773267957,37.49085937436742
225.2349127150626,237.43206505832913
225.24424810332948,5.589586985008714
225.25358349159634,104.868486829348
225.26291887986324,57.98831143608457
225.27225426813013,194.34209013791522
225.281589656397,2.670017895843356
225.29092504466388,4.973332605777455
225.30026043293077,88.27020931358454
225.30959582119763,12.407548598725205
225.31893120946452,8.917765815707913
225.3282665977314,28.577181618060635
225.3376019859983,1.3173176002593334
225.34693737426517,19.5757999135085
225.35627276253206,54.50433809511888
225.36560815079895,77.74416916563695
225.3749435390658,155.95221980558279
225.3842789273327,12.865558239640333
225.3936143155996,11.144737908177378
225.40294970386645,2.3958668100041627
225.41228509213335,84.73605034599608
225.42162048040024,52.83199160020744
225.4309558686671,49.16723958602026
225.440291256934,45.239919341108205
225.44962664520088,26.505480033239294
225.45896203346777,38.58005626079948
225.46829742173463,42.66346841221357
225.47763281000152,156.14049317334462
225.4869681982684,258.1609648282733
225.49630358653528,344.77580863825386
225.50563897480217,222.72619372583804
225.51497436306906,213.2419779954429
225.52430975133592,88.4075869511059
225.5336451396028,5.436065533198504
225.5429805278697,6.755212691217096
225.55231591613656,8.112927230857423
225.56165130440345,35.10766460862315
225.57098669267035,25.64691372245304
225.58032208093724,47.90771772085108
225.5896574692041,72.2291378936764
225.598992857471,59.12103891127882
225.60832824573788,40.80535291678118
225.61766363400474,11.080621970225785
225.62699902227163,11.016811486735147
225.63633441053852,81.25821773828072
225.6456697988054,93.4199993564308
225.65500518707228,2.18663503426764
225.66434057533917,50.77890816758394
225.67367596360603,4.876316320907223
225.68301135187292,41.6806141032556
225.6923467401398,77.07417726658402
225.7016821284067,24.173984486426633
225.71101751667356,43.30026930547095
225.72035290494046,67.45837719621407
225.72968829320735,8.954941000307779
225.7390236814742,10.464099407362859
225.7483590697411,5.987398587823149
225.757694458008,12.642511313685988
225.76702984627485,17.227356181870984
225.77636523454174,8.600459456700516
225.78570062280863,1.971592978658905
225.7950360110755,34.62389765612195
225.8043713993424,5.873572512622472
225.81370678760928,7.249874639014348
225.82304217587617,28.395597816447676
225.83237756414303,42.30508027259059
225.84171295240992,9.10187528825239
225.8510483406768,1.1345264624295692
225.86038372894367,41.59946995493351
225.86971911721056,15.02459084218046
225.87905450547746,13.677521296395952
225.88838989374432,4.546853014651965
225.8977252820112,9.385854705405993
225.9070606702781,7.2852845277942615
225.916396058545,14.104697076558185
225.92573144681185,1.0835463062226252
225.93506683507874,3.840210282135542
225.94440222334563,25.789872999074245
225.9537376116125,1.985786908071271
225.9630729998794,1.1371832156691812
225.97240838814628,20.461858075690014
225.98174377641314,5.58324990458156
225.99107916468003,15.41915159302377
226.00041455294692,71.32650537595532
226.00974994121378,8.446664492120743
226.01908532948067,3.7879438803122243
226.02842071774757,32.73442950977741
226.03775610601446,102.30851013784326
226.04709149428132,19.9732707212402
226.0564268825482,16.65758748667813
226.0657622708151,37.79771201855728
226.07509765908196,198.0402431250837
226.08443304734885,77.03097377802719
226.09376843561574,85.69181876638359
226.1031038238826,367.87722990858236
226.1124392121495,3.9665908223977686
226.1217746004164,51.91694326567138
226.13110998868325,144.09056052766778
226.14044537695014,30.651493370850062
226.14978076521703,21.914026950028635
226.15911615348392,6.7884831550898355
226.16845154175078,100.47823679353048
226.17778693001767,3.394993180987463
226.18712231828457,19.618456352192226
226.19645770655143,2.9948422324532644
226.20579309481832,78.21054240962087
226.2151284830852,79.44668649978348
226.22446387135207,7.542109505424798
226.23379925961896,77.71280077730242
226.24313464788585,98.27738190898249
226.25247003615272,274.26251730848765
226.2618054244196,249.18390733661923
226.2711408126865,230.83777051886383
226.2804762009534,45.453655848223654
226.28981158922025,86.58642989717352
226.29914697748714,61.99757280586538
226.30848236575403,18.215538784240398
226.3178177540209,22.39418660053239
226.32715314228778,11.398368803925147
226.33648853055467,31.80134809153983
226.34582391882154,32.82215317987874
226.35515930708843,93.75364926447621
226.36449469535532,68.22244756043392
226.37383008362218,58.85054712029028
226.38316547188907,32.97777097887719
226.39250086015596,23.53882609844688
226.40183624842285,109.20310533200133
226.41117163668972,23.880939708038333
226.4205070249566,112.97969856376601
226.4298424132235,211.98020770651442
226.43917780149036,173.11037543059004
226.44851318975725,8.670039397095831
226.45784857802414,71.82064508210267
226.467183966291,220.45722271114167
226.4765193545579,120.82555968758975
226.48585474282478,33.893626807096865
226.49519013109168,22.096563735612296
226.50452551935854,53.2318027244663
226.51386090762543,96.24057661739576
226.52319629589232,37.341614934991355
226.53253168415918,111.95780232150095
226.54186707242607,56.03552621629257
226.55120246069296,357.4439531406408
226.56053784895983,6.955102595482212
226.56987323722672,100.09349548358949
226.5792086254936,47.69692661234693
226.58854401376047,241.34972223372543
226.59787940202736,20.433970347437548
226.60721479029425,112.2702336552309
226.61655017856114,96.28399094534802
226.625885566828,180.69919374384938
226.6352209550949,131.62241641184434
226.64455634336178,5.750456332550726
226.65389173162865,194.90334907616347
226.66322711989554,78.42853052117822
226.67256250816243,23.82311494618518
226.6818978964293,155.6549869482891
226.69123328469618,7.407877383407913
226.70056867296307,185.74170289227862
226.70990406122993,137.1579411154119
226.71923944949683,35.43718599723467
226.72857483776372,250.60709007243128
226.7379102260306,74.35656205539546
226.74724561429747,8.116876564267168
226.75658100256436,54.36135827889034
226.76591639083125,9.044762649774084
226.7752517790981,19.51404340176889
226.784587167365,4.317121903173271
226.7939225556319,6.562323130932263
226.80325794389876,21.871565430748763
226.81259333216565,5.188441420482095
226.82192872043254,34.533471890533114
226.8312641086994,31.865571615693728
226.8405994969663,78.4524844656569
226.84993488523318,85.30381776282306
226.85927027350007,11.793798589522629
226.86860566176694,82.56618545765015
226.87794105003383,8.692092097718916
226.88727643830072,4.861110943319661
226.89661182656758,12.569215418999331
226.90594721483447,58.23020127532601
226.91528260310136,5.3217506782830295
226.92461799136822,13.37463541256678
226.9339533796351,15.694968145625776
226.943288767902,5.808649385709429
226.9526241561689,34.59264586932461
226.96195954443576,51.62645037268186
226.97129493270265,3.942160214592232
226.98063032096954,29.40247742615146
226.9899657092364,4.240925126563619
226.9993010975033,2.9434156000206184
227.00863648577018,35.970479418943604
227.01797187403704,0.28661055663968227
227.02730726230394,9.423729810134052
227.03664265057083,54.293817625687986
227.0459780388377,7.5267164169384735
227.05531342710458,43.5182876791609
227.06464881537147,112.89035297357971
227.07398420363836,53.89723007823127
227.08331959190522,70.77432458703579
227.0926549801721,21.338237353568427
227.101990368439,65.05215911104943
227.11132575670587,9.980079103303565
227.12066114497276,2.5229119101786455
227.12999653323965,46.901842402392866
227.1393319215065,45.1435625307757
227.1486673097734,44.61322236390034
227.1580026980403,66.11095566008629
227.16733808630715,23.445525833459435
227.17667347457405,4.6355150876044915
227.18600886284094,35.423354599657976
227.19534425110783,47.33344092451069
227.2046796393747,43.203812806112055
227.21401502764158,73.86560874990892
227.22335041590847,13.555188423261555
227.23268580417533,17.25197418599378
227.24202119244222,4.153010078922099
227.2513565807091,43.15451422613984
227.26069196897598,11.278938588560871
227.27002735724287,12.282611905702385
227.27936274550976,42.08645262484432
227.28869813377662,3.4947336608005135
227.2980335220435,15.066004175587814
227.3073689103104,24.911614507961247
227.3167042985773,27.790544466339316
227.32603968684415,40.253320322427335
227.33537507511105,16.34833447672189
227.34471046337794,50.94545860713952
227.3540458516448,2.4795375698540427
227.3633812399117,158.28963648359561
227.37271662817858,6.23481341360733
227.38205201644544,84.00684966610707
227.39138740471233,97.73024919005412
227.40072279297922,26.60105855857516
227.4100581812461,0.4598976383840875
227.41939356951298,114.79519161578456
227.42872895777987,67.40667908046059
227.43806434604676,31.24800803098409
227.44739973431362,95.55518777519615
227.4567351225805,9.8449567100617
227.4660705108474,9.946790310839301
227.47540589911426,64.85523156838498
227.48474128738115,7.233248497409691
227.49407667564805,88.41106125031324
227.5034120639149,114.80532868412985
227.5127474521818,1.8571513823512034
227.5220828404487,83.81670373572115
227.53141822871558,36.81033309263682
227.54075361698244,12.414515565005525
227.55008900524933,31.298115361652123
227.55942439351622,17.248281052106428
227.5687597817831,54.340482480291115
227.57809517004998,30.651527392819112
227.58743055831687,42.797375308240305
227.59676594658373,11.55550775870701
227.60610133485062,28.66673237798773
227.6154367231175,28.322995022329437
227.62477211138437,16.981087537084807
227.63410749965126,10.365595950057354
227.64344288791816,14.480376221573312
227.65277827618505,36.08549402662325
227.6621136644519,5.214204474568375
227.6714490527188,16.37090150630319
227.6807844409857,19.127680389825674
227.69011982925255,10.172933550757985
227.69945521751944,14.332335056478918
227.70879060578633,42.69506040159364
227.7181259940532,13.611711865527605
227.7274613823201,59.80099559182583
227.73679677058698,40.73829705924286
227.74613215885384,0.6675819012832526
227.75546754712073,79.8778967684938
227.76480293538762,51.324549038474345
227.7741383236545,2.304185457639643
227.78347371192137,183.72873335021418
227.79280910018826,17.532115763417636
227.80214448845516,17.328920339519893
227.81147987672202,96.95626939163694
227.8208152649889,1.9109520678883545
227.8301506532558,26.872195782777606
227.83948604152266,106.44498078626165
227.84882142978955,63.97389159837275
227.85815681805644,214.95950555628679
227.8674922063233,109.75410782357308
227.8768275945902,165.20325678413894
227.8861629828571,156.58421689088888
227.89549837112398,37.2008255533081
227.90483375939084,21.09951379396193
227.91416914765773,15.58409154557554
227.92350453592462,0.1764574965639054
227.93283992419148,63.8518624928222
227.94217531245837,31.533828796035078
227.95151070072527,61.0619173485043
227.96084608899213,314.41373425032157
227.97018147725902,13.574031598039026
227.9795168655259,194.37544012901483
227.98885225379277,215.9368939176686
227.99818764205966,61.88022710624533
228.00752303032655,119.74765294269308
228.01685841859344,49.661216873407085
228.0261938068603,89.73494180143763
228.0355291951272,70.76365790498146
228.0448645833941,28.792740933279056
228.05419997166095,26.22970643949723
228.06353535992784,21.668139664979932
228.07287074819473,2.2809709461700614
228.0822061364616,19.667775836191105
228.09154152472848,25.77454027458133
228.10087691299537,12.49903298062331
228.11021230126227,16.740027078024376
228.11954768952913,4.639820483014426
228.12888307779602,0.6356971412918268
228.1382184660629,22.859868643991692
228.14755385432977,15.695870685411872
228.15688924259666,7.387614443676557
228.16622463086355,4.015175300411066
228.17556001913042,47.03043496186673
228.1848954073973,3.8110447267144583
228.1942307956642,1.528450416746538
228.20356618393106,20.554275382019753
228.21290157219795,5.882662736775434
228.22223696046484,21.95901294536656
228.23157234873173,16.679313687823942
228.2409077369986,62.30641424853563
228.25024312526548,11.105289606902312
228.25957851353238,39.90115113814474
228.26891390179924,39.21860215246442
228.27824929006613,151.94409038982008
228.28758467833302,23.21990946764262
228.29692006659988,22.355921271633047
228.30625545486677,62.11495914107099
228.31559084313366,20.619652126814824
228.32492623140053,50.95620294381912
228.33426161966742,114.82904481818191
228.3435970079343,8.168297259390934
228.3529323962012,10.298022019693681
228.36226778446806,170.57527162174074
228.37160317273495,6.119766551341654
228.38093856100184,70.63344634523844
228.3902739492687,135.04653056376117
228.3996093375356,15.896828419119398
228.40894472580248,55.085952726003626
228.41828011406935,5.940109778637886
228.42761550233624,79.39391138146331
228.43695089060313,12.443400735249373
228.44628627887,59.87794722162671
228.45562166713688,67.80516334263756
228.46495705540377,92.65707420193299
228.47429244367066,39.64147114759777
228.48362783193753,3.3755559400572936
228.49296322020442,31.932659709908666
228.5022986084713,49.1671515733248
228.51163399673817,53.648905976763
228.52096938500506,37.57424734009558
228.53030477327195,207.7471375978152
228.5396401615388,114.41092929504569
228.5489755498057,72.14283062655831
228.5583109380726,41.16112054491385
228.56764632633946,39.8302386229216
228.57698171460635,84.80903136213
228.58631710287324,34.92286237861279
228.59565249114013,59.58871602498382
228.604987879407,100.3998975845388
228.61432326767388,7.208230804137377
228.62365865594077,19.878902924741567
228.63299404420763,17.187214507811852
228.64232943247453,18.635935882314914
228.65166482074142,22.547698614855197
228.66100020900828,36.4406667404327
228.67033559727517,115.4851350193359
228.67967098554206,174.4876198629879
228.68900637380895,52.279346876701766
228.6983417620758,140.84736288981273
228.7076771503427,63.06921829670854
228.7170125386096,10.91678521893251
228.72634792687646,17.879274034519423
228.73568331514335,81.90828643628973
228.74501870341024,9.427223665391175
228.7543540916771,23.90745135691261
228.763689479944,41.41077470875239
228.77302486821088,31.65095933570092
228.78236025647774,15.767244115835508
228.79169564474464,57.53178998225551
228.80103103301153,6.131345080333258
228.81036642127842,174.19819508757277
228.81970180954528,53.68546318758135
228.82903719781217,194.17811382401072
228.83837258607906,262.7545917673601
228.84770797434592,25.281391005668773
228.8570433626128,54.64605582785098
228.8663787508797,100.1065740780711
228.87571413914657,49.42181978245044
228.88504952741346,107.89117939682629
228.89438491568035,168.29584954375346
228.9037203039472,38.758522466349014
228.9130556922141,24.529323371508525
228.922391080481,54.86453249578777
228.93172646874788,59.09885095227743
228.94106185701474,7.069244855749558
228.95039724528164,72.16155951805496
228.95973263354853,0.863617623658893
228.9690680218154,0.3210088435449629
228.97840341008228,27.218100025141982
228.98773879834917,16.528049407747968
228.99707418661603,20.555861740987265
229.00640957488292,66.67365891865856
229.0157449631498,3.721568326637149
229.02508035141668,202.70158528635847
229.03441573968357,209.85701227881705
229.04375112795046,56.346346822107606
229.05308651621735,127.20839281519473
229.0624219044842,67.24555433673751
229.0717572927511,13.089610361484668
229.081092681018,14.038963030314436
229.09042806928485,8.966210553787741
229.09976345755175,25.201766243107844
229.10909884581864,73.04150234593945
229.1184342340855,161.09078700980783
229.1277696223524,173.9074812350483
229.13710501061928,61.04105869232662
229.14644039888614,42.658362729218794
229.15577578715303,28.458379543915463
229.16511117541992,23.866530562934862
229.17444656368681,105.28203936973249
229.18378195195368,30.744228809080965
229.19311734022057,0.5675022278629349
229.20245272848746,4.153589194341736
229.21178811675432,41.98242790317319
229.2211235050212,12.332755152175476
229.2304588932881,8.27802366769427
229.23979428155496,17.674357763450434
229.24912966982185,3.6213671149379056
229.25846505808875,1.40987282957373
229.26780044635564,8.239558441434173
229.2771358346225,17.406427571490713
229.2864712228894,31.423575309580606
229.29580661115628,43.82111387997026
229.30514199942314,14.024859686441795
229.31447738769003,3.910415531699203
229.32381277595692,1.7873175551142826
229.3331481642238,69.35575260647954
229.34248355249068,22.14365591260726
229.35181894075757,0.1807379184008824
229.36115432902443,46.15758573135912
229.37048971729132,25.087687984031543
229.3798251055582,55.3328432348938
229.3891604938251,14.40740223682312
229.39849588209196,86.71817926751883
229.40783127035886,93.26900843317223
229.41716665862575,7.388868484798514
229.4265020468926,33.54919911881172
229.4358374351595,110.33487199898086
229.4451728234264,9.980076142074369
229.45450821169325,213.83304679811292
229.46384359996014,23.549636184922992
229.47317898822703,11.666202707188628
229.4825143764939,60.750948005361295
229.4918497647608,52.66608280504041
229.50118515302768,14.64365943075647
229.51052054129457,125.60052664824596
229.51985592956143,37.360152316459306
229.52919131782832,75.22064027278644
229.5385267060952,11.988650935791314
229.54786209436207,146.07617129631083
229.55719748262896,24.174280383825586
229.56653287089586,25.539281974456483
229.57586825916272,13.69394746340749
229.5852036474296,101.84639585244268
229.5945390356965,124.43154450555232
229.60387442396336,24.16708018703573
229.61320981223025,35.825556610649556
229.62254520049714,177.25044373024065
229.63188058876403,99.43953040178239
229.6412159770309,79.97735895763722
229.6505513652978,36.76104318869303
229.65988675356468,418.3684936867236
229.66922214183154,167.94757722377693
229.67855753009843,10.392890518188066
229.68789291836532,245.18496434870556
229.69722830663218,10.841114332803363
229.70656369489907,58.06146281696334
229.71589908316597,102.82577020718024
229.72523447143286,54.262212521938494
229.73456985969972,103.48524124709533
229.7439052479666,67.83750764535628
229.7532406362335,78.18849570608033
229.76257602450036,10.706983054983251
229.77191141276725,5.865804526755599
229.78124680103414,56.39435516826494
229.790582189301,7.370947515065752
229.7999175775679,32.154771876836854
229.8092529658348,6.150698787013358
229.81858835410165,22.221207304009766
229.82792374236854,22.248760246591388
229.83725913063543,71.78575071017798
229.84659451890232,56.740035805098444
229.85592990716918,14.916458364856593
229.86526529543607,22.64931065785494
229.87460068370297,32.717384274287404
229.88393607196983,1.8656675088999182
229.89327146023672,51.93665634992604
229.9026068485036,29.171743482600252
229.91194223677047,10.814593173423326
229.92127762503736,4.599250637217699
229.93061301330425,18.20206121171805
229.93994840157112,66.44247142981135
229.949283789838,34.635312453138475
229.9586191781049,3.2668491136702045
229.9679545663718,26.55337715914905
229.97728995463865,13.852997742182575
229.98662534290554,7.0935758371829065
229.99596073117243,0.07787491848044899
230.0052961194393,6.824838191721134
230.01463150770618,2.8949447612976527
230.02396689597307,1.9493559156464906
230.03330228423994,2.317759681924429
230.04263767250683,52.33280514871514
230.05197306077372,11.603524856609067
230.06130844904058,50.16261433638265
230.07064383730747,45.26229281226469
230.07997922557436,23.980529451881534
230.08931461384125,4.713345057577778
230.09865000210812,17.880629014795378
230.107985390375,31.33266982026581
230.1173207786419,24.122380601431647
230.12665616690876,20.43873001743284
230.13599155517565,83.97540251270627
230.14532694344254,91.95833652506923
230.1546623317094,80.97717759406903
230.1639977199763,32.77628201702075
230.17333310824318,15.647428889964644
230.18266849651005,4.333947968704556
230.19200388477694,45.706346479638505
230.20133927304383,92.13366494711966
230.21067466131072,6.129544593453376
230.22001004957758,40.807814936327354
230.22934543784447,167.572878704169
230.23868082611136,10.34480648386989
230.24801621437823,43.37374451307696
230.25735160264512,5.166118103593255
230.266686990912,132.63760981382484
230.27602237917887,15.3657857764292
230.28535776744576,58.405033472976996
230.29469315571265,74.43352104227898
230.30402854397954,14.518217416698608
230.3133639322464,82.4859516269921
230.3226993205133,113.80521004172572
230.33203470878018,0.5928077597443219
230.34137009704705,75.52460296404912
230.35070548531394,26.333214388286727
230.36004087358083,247.9619514175232
230.3693762618477,9.631349064718465
230.37871165011458,87.38386041127266
230.38804703838147,120.7908270844167
230.39738242664833,39.61840210782616
230.40671781491523,7.772939227255493
230.41605320318212,18.6412438237204
230.425388591449,52.09151814907047
230.43472397971587,14.386920197999977
230.44405936798276,13.154042273456355
230.45339475624965,15.1501184607794
230.4627301445165,18.49736276881258
230.4720655327834,40.66440585466047
230.4814009210503,1.7198132357607177
230.49073630931716,13.879398131322933
230.50007169758405,75.46877516610174
230.50940708585094,2.6979131111349957
230.5187424741178,13.853059568902724
230.5280778623847,115.02425131281505
230.53741325065158,49.99786476991851
230.54674863891847,7.757362121219208
230.55608402718534,95.71274891853727
230.56541941545223,142.04808074281848
230.57475480371912,7.069426408247044
230.58409019198598,25.127862138915248
230.59342558025287,168.40647479460515
230.60276096851976,5.783391065316038
230.61209635678662,4.195487610341352
230.6214317450535,334.2472366217716
230.6307671333204,18.890422434971583
230.64010252158727,40.2274290803311
230.64943790985416,71.80840276980815
230.65877329812105,79.58616720918876
230.66810868638794,38.89587547402154
230.6774440746548,87.62489287573717
230.6867794629217,128.8635471018944
230.69611485118858,1.8854275206520072
230.70545023945544,30.784138169851698
230.71478562772234,12.138063937713229
230.72412101598923,38.73542664967274
230.7334564042561,23.640395953742395
230.74279179252298,34.00738573132297
230.75212718078987,66.93062904252126
230.76146256905673,31.298887934440273
230.77079795732362,62.93898769205381
230.7801333455905,1.635780179130589
230.7894687338574,173.03204329323736
230.79880412212427,59.82803314978034
230.80813951039116,116.73762561933597
230.81747489865805,219.57659506612714
230.8268102869249,4.586778406563172
230.8361456751918,4.798035730406211
230.8454810634587,77.17778593796608
230.85481645172555,41.72008610741018
230.86415183999245,12.447968543652424
230.87348722825934,103.94497134445322
230.88282261652623,148.33380304094305
230.8921580047931,13.312761707915145
230.90149339305998,85.34577533413447
230.91082878132687,39.62850444910062
230.92016416959373,49.34004981882358
230.92949955786062,67.0463336141365
230.9388349461275,11.101751452523104
230.94817033439438,11.773972585267567
230.95750572266127,49.49709045529038
230.96684111092816,24.617651355645684
230.97617649919502,3.103417235781688
230.9855118874619,49.59930150789709
230.9948472757288,6.509793921638959
231.0041826639957,12.948858478007429
231.01351805226255,75.21796143461869
231.02285344052945,17.974983555078694
231.03218882879634,5.832312558336006
231.0415242170632,34.51805590325475
231.0508596053301,66.73725220566597
231.06019499359698,18.072175893539224
231.06953038186384,36.65849413695403
231.07886577013073,44.333532044574184
231.08820115839762,20.162099406143167
231.0975365466645,9.268242948379179
231.10687193493138,113.79509655884016
231.11620732319827,49.41239643667717
231.12554271146516,111.14341144108532
231.13487809973202,161.111130905027
231.1442134879989,19.355311891358372
231.1535488762658,158.3470352853547
231.16288426453266,12.817270084291735
231.17221965279955,7.266101316654315
231.18155504106645,32.28475310442115
231.1908904293333,80.22618543601912
231.2002258176002,49.798715888898116
231.2095612058671,9.538352076473732
231.21889659413395,168.0747174644058
231.22823198240084,95.05464853749189
231.23756737066773,38.07870883339277
231.24690275893462,91.78001501081923
231.2562381472015,153.65606708603434
231.26557353546838,16.339356532406093
231.27490892373527,110.07756616969857
231.28424431200213,165.5829188371794
231.29357970026902,41.32960723567381
231.3029150885359,112.68427122493968
231.31225047680277,73.25192891106819
231.32158586506966,24.10130677143057
231.33092125333656,18.54192811671073
231.34025664160342,45.29340889041549
231.3495920298703,138.51444852313378
231.3589274181372,31.7901220858519
231.3682628064041,144.95701948121362
231.37759819467095,30.747101048258116
231.38693358293784,145.40410658955892
231.39626897120473,98.78846743249106
231.4056043594716,1.631351494583987
231.4149397477385,91.59223228798497
231.42427513600538,51.39766376329037
231.43361052427224,47.260882640272875
231.44294591253913,156.54642198019286
231.45228130080602,34.907563241735104
231.4616166890729,26.46563971424902
231.47095207733977,77.68415998614441
231.48028746560666,17.937279983592397
231.48962285387356,9.200735437444221
231.49895824214042,52.59625866091825
231.5082936304073,18.255277751724126
231.5176290186742,44.96030288089465
231.52696440694106,84.90555914526148
231.53629979520795,15.096500090873628
231.54563518347484,9.262888801863868
231.5549705717417,8.559827997067627
231.5643059600086,37.85375215990181
231.5736413482755,77.49702352340232
231.58297673654238,24.99469651478982
231.59231212480924,48.53716241284274
231.60164751307613,11.951698322851552
231.61098290134302,14.681739464322526
231.62031828960988,63.69666029689496
231.62965367787677,34.69698739240356
231.63898906614367,111.6144105527493
231.64832445441053,223.01760290759225
231.65765984267742,100.668259286519
231.6669952309443,45.74921688592182
231.67633061921117,71.6554976098211
231.68566600747806,86.1135519961665
231.69500139574495,58.38941071332272
231.70433678401184,54.26757165984485
231.7136721722787,61.87496008056296
231.7230075605456,70.45173983595213
231.7323429488125,177.6726062182115
231.74167833707935,20.4886611433939
231.75101372534624,28.969687978860197
231.76034911361313,32.98695576033623
231.76968450188,33.15082227222629
231.77901989014688,98.15125726294022
231.78835527841377,25.569309839173652
231.79769066668064,18.610386263363736
231.80702605494753,66.79004396688444
231.81636144321442,4.558933210944607
231.8256968314813,18.48707959282653
231.83503221974817,211.04610608469895
231.84436760801506,13.345719905585481
231.85370299628195,33.916320773835096
231.86303838454882,113.28676644704775
231.8723737728157,1.9172891518534625
231.8817091610826,21.195319553846726
231.89104454934946,82.73244089483866
231.90037993761635,1.8826776354307242
231.90971532588324,0.3801401440446119
231.9190507141501,2.4332320373973273
231.928386102417,32.54122642370625
231.93772149068388,6.32805829649889
231.94705687895078,6.263137607442548
231.95639226721764,10.91644907538686
231.96572765548453,12.08739158609424
231.97506304375142,27.9402970444964
231.98439843201828,12.2231969709897
231.99373382028517,14.623669174243238
232.00306920855206,19.77652981199061
232.01240459681893,43.5582641609046
232.02173998508582,3.6232961754021193
232.0310753733527,76.0789791838832
232.0404107616196,68.98058392143571
232.04974614988646,113.86133678760713
232.05908153815335,12.040063227605321
232.06841692642024,19.462800282784624
232.0777523146871,57.819512783322324
232.087087702954,107.81723183980364
232.09642309122088,33.50727481726399
232.10575847948775,23.15185470506358
232.11509386775464,98.6820329543006
232.12442925602153,150.50053719954258
232.1337646442884,73.81565801270723
232.14310003255528,16.22833328619358
232.15243542082217,49.11367543586871
232.16177080908906,5.756148949343766
232.17110619735593,5.0009253618100376
232.18044158562282,54.78571268478349
232.1897769738897,17.121322457242186
232.19911236215657,121.30342620897835
232.20844775042346,23.956150495413784
232.21778313869035,139.73186889110536
232.2271185269572,62.80526133769799
232.2364539152241,7.471731503670614
232.245789303491,54.15727271298517
232.25512469175786,107.57845867660428
232.26446008002475,12.034002003982028
232.27379546829164,103.54153958550148
232.28313085655853,22.22280133092167
232.2924662448254,65.25881647447102
232.30180163309228,58.45143130961881
232.31113702135917,77.08124933620209
232.32047240962603,109.16990110854962
232.32980779789293,2.506557124763545
232.33914318615982,53.418521795380556
232.34847857442668,20.071145625336815
232.35781396269357,62.875556352249504
232.36714935096046,32.76931409753701
232.37648473922732,107.46558461835596
232.3858201274942,9.025729811363286
232.3951555157611,38.63610259068631
232.404490904028,93.45920608022298
232.41382629229486,124.83887023914708
232.42316168056175,123.10553222273985
232.43249706882864,36.93715123301166
232.4418324570955,79.00630068021997
232.4511678453624,36.043313313156084
232.46050323362928,1.0630894440541154
232.46983862189614,63.35358765040802
232.47917401016304,38.199411665575724
232.48850939842993,3.8913067287614576
232.49784478669682,77.86709583082322
232.50718017496368,22.3124481533524
232.51651556323057,8.825772503150956
232.52585095149746,103.66801411572176
232.53518633976432,13.763529686572467
232.5445217280312,12.921966759153468
232.5538571162981,40.346851766199606
232.56319250456497,42.1958158376909
232.57252789283186,0.9640399794147054
232.58186328109875,37.06456172630738
232.5911986693656,54.790692855965275
232.6005340576325,0.8415789607393189
232.6098694458994,20.82916491973705
232.61920483416628,46.50694162410379
232.62854022243314,38.81037327526202
232.63787561070004,40.01513591546437
232.64721099896693,135.5944198712447
232.6565463872338,4.698727138118526
232.66588177550068,89.85305903366792
232.67521716376757,115.47803298115663
232.68455255203443,190.92269149354397
232.69388794030132,19.357264670426368
232.7032233285682,46.25130723352584
232.71255871683508,0.15937879041497974
232.72189410510197,281.3861580707364
232.73122949336886,252.55724282351574
232.74056488163575,21.891159885858578
232.7499002699026,79.704846536069
232.7592356581695,33.85683009675887
232.7685710464364,95.92510236583756
232.77790643470325,64.15387337941951
232.78724182297015,77.05709651517456
232.79657721123704,21.166637724652986
232.8059125995039,30.9328402715299
232.8152479877708,252.91323920986466
232.82458337603768,6.491559790808851
232.83391876430454,8.467037707176468
232.84325415257143,184.43050569786135
232.85258954083832,204.20171706759805
232.86192492910521,119.93668103157025
232.87126031737208,155.67712465592845
232.88059570563897,49.30311664522193
232.88993109390586,25.999801826381024
232.89926648217272,33.40176015049385
232.9086018704396,106.06835059625955
232.9179372587065,35.208246904531194
232.92727264697336,1.7431027983358858
232.93660803524025,44.62754299493923
232.94594342350715,14.751437403699606
232.955278811774,6.300347714620121
232.9646142000409,35.80723282878909
232.9739495883078,146.009545657391
232.98328497657468,48.122206788427974
232.99262036484154,3.9662213812377027
233.00195575310843,123.04905351649384
233.01129114137532,31.565646186893805
233.0206265296422,56.79878758920992
233.02996191790908,25.939098352887637
233.03929730617597,17.914131666788663
233.04863269444283,37.559286201380914
233.05796808270972,204.145654717241
233.0673034709766,55.08161496278397
233.0766388592435,25.545908905467144
233.08597424751036,142.56997026122062
233.09530963577726,0.06305309490536153
233.10464502404415,14.695390843716977
233.113980412311,15.290957623260661
233.1233158005779,15.430982822442596
233.1326511888448,2.1972086516278218
233.14198657711165,15.578789407647774
233.15132196537854,12.69584523100761
233.16065735364543,15.227813195573336
233.1699927419123,20.204380645284676
233.1793281301792,31.93387629872486
233.18866351844608,103.11710662244971
233.19799890671297,49.85368046651747
233.20733429497983,14.51231999925676
233.21666968324672,34.047970090695735
233.2260050715136,17.12551526716803
233.23534045978047,2.343657372420497
233.24467584804736,20.102034155531328
233.25401123631426,43.25242278473158
233.26334662458112,101.66514079960177
233.272682012848,75.52444877863879
233.2820174011149,26.980402551836647
233.29135278938176,178.41915852855294
233.30068817764865,46.29318085489915
233.31002356591554,61.90156129861513
233.31935895418243,160.2882130596512
233.3286943424493,22.266308496859796
233.3380297307162,11.619610819034879
233.34736511898308,70.47929762897557
233.35670050724994,103.65895600101136
233.36603589551683,116.15671725311333
233.37537128378372,83.49165012978705
233.38470667205058,10.440175049378558
233.39404206031747,78.44871947254252
233.40337744858437,112.80266885127712
233.41271283685123,18.92891905652792
233.42204822511812,55.47343322065947
233.431383613385,205.43796063396562
233.4407190016519,70.54623851076562
233.45005438991876,18.73744565204302
233.45938977818565,64.66333745539896
233.46872516645254,217.7572616689016
233.4780605547194,11.745884825257535
233.4873959429863,23.400368519896872
233.4967313312532,222.30464110603668
233.50606671952005,34.688160737101306
233.51540210778694,39.94952592792749
233.52473749605383,4.805928500662076
233.5340728843207,155.65988874042534
233.54340827258758,204.52533696711066
233.55274366085447,34.21134805296669
233.56207904912137,59.69943702782631
233.57141443738823,56.33072765194732
233.58074982565512,57.559182588588676
233.590085213922,15.154002299665601
233.59942060218887,1.2307511501666217
233.60875599045576,14.2120820964435
233.61809137872265,13.221743034895622
233.62742676698952,157.82883985408915
233.6367621552564,77.94611494994002
233.6460975435233,64.71361045377446
233.6554329317902,186.78148859856677
233.66476832005705,24.959087334825583
233.67410370832394,0.16321734600922208
233.68343909659083,42.96664590451237
233.6927744848577,11.90771190464126
233.70210987312458,23.9983174384095
233.71144526139148,78.05925474317499
233.72078064965834,13.370533805752407
233.73011603792523,27.07449418678754
233.73945142619212,87.99360343067258
233.74878681445898,65.05619276314775
233.75812220272587,92.08136702798473
233.76745759099276,78.08379315602471
233.77679297925965,55.544315792501784
233.78612836752652,13.384335183835605
233.7954637557934,1.8728401728893438
233.8047991440603,37.64843890535513
233.81413453232716,3.3216702412777113
233.82346992059405,3.119253392998196
233.83280530886094,57.82566735938279
233.8421406971278,14.198315253295329
233.8514760853947,28.69904964153218
233.86081147366158,20.365242299253456
233.87014686192845,41.58071091765043
233.87948225019534,103.43035132116259
233.88881763846223,82.89609613095985
233.89815302672912,146.03640305902024
233.90748841499598,232.3620584415234
233.91682380326287,25.20798609239096
233.92615919152976,7.9306736390870425
233.93549457979663,34.39086797350283
233.94482996806352,98.06675555856549
233.9541653563304,182.62522813174212
233.96350074459727,179.89545885592662
233.97283613286416,45.572313604060284
233.98217152113105,74.55328728494922
233.9915069093979,56.70068026579813
234.0008422976648,6.892706498619061
234.0101776859317,39.183420855216134
234.01951307419858,8.87349298448225
234.02884846246545,8.160983132911054
234.03818385073234,27.282754547419255
234.04751923899923,32.06766901328476
234.0568546272661,17.965443013768407
234.06619001553298,4.965776079838902
234.07552540379987,6.706597589208624
234.08486079206673,4.691640237540246
234.09419618033363,14.554283290301571
234.10353156860052,2.1639633495870667
234.11286695686738,2.39787489821446
234.12220234513427,39.056498327812946
234.13153773340116,17.784041403621018
234.14087312166805,14.58150376348062
234.1502085099349,12.333652187772886
234.1595438982018,13.393068684840738
234.1688792864687,18.884877341061237
234.17821467473556,90.1612473621489
234.18755006300245,78.17775243413072
234.19688545126934,14.542412083102219
234.2062208395362,83.95785453216007
234.2155562278031,7.027524306173268
234.22489161606998,11.765197439668858
234.23422700433687,2.736225299288785
234.24356239260374,7.809340241976108
234.25289778087063,10.732606404514787
234.26223316913752,11.314771995043266
234.27156855740438,26.163277094340817
234.28090394567127,32.48998772456922
234.29023933393816,24.101727573240762
234.29957472220502,14.967633611287457
234.3089101104719,27.396889860016014
234.3182454987388,21.72288171456245
234.32758088700567,16.74260303038182
234.33691627527256,27.55062052426007
234.34625166353945,11.48075178750213
234.35558705180634,100.19215451356699
234.3649224400732,116.24858231871133
234.3742578283401,62.421089143278984
234.38359321660698,61.03794682582337
234.39292860487384,326.9191483927506
234.40226399314074,51.050893237228934
234.41159938140763,32.72646635484999
234.4209347696745,1.6542507206078956
234.43027015794138,84.06497790022074
234.43960554620827,52.17763804855984
234.44894093447513,62.949638521591076
234.45827632274202,7.620331082153919
234.4676117110089,1.3849985817598776
234.4769470992758,3.53798415650729
234.48628248754267,3.0498165967939452
234.49561787580956,6.355637903004792
234.50495326407645,36.411581093697954
234.5142886523433,5.567323581034328
234.5236240406102,8.365504266735266
234.5329594288771,89.59694464328072
234.54229481714395,54.74583020824656
234.55163020541085,33.63186409644864
234.56096559367774,171.00682993357407
234.5703009819446,54.612719911950386
234.5796363702115,10.391356705787281
234.58897175847838,88.53120659026514
234.59830714674527,157.27615802421028
234.60764253501213,50.34066074388256
234.61697792327902,149.1206745357225
234.6263133115459,43.15352219529072
234.63564869981278,51.841937298846496
234.64498408807967,19.79034612502837
234.65431947634656,101.2376043265281
234.66365486461342,51.40423991074775
234.6729902528803,93.32041467386985
234.6823256411472,51.10472529929995
234.69166102941406,58.275730596288184
234.70099641768095,8.548976779983306
234.71033180594785,2.2664517041865917
234.71966719421474,5.768379144007037
234.7290025824816,34.81700292515429
234.7383379707485,36.77877308576217
234.74767335901538,8.265406058348209
234.75700874728224,24.486140047213333
234.76634413554913,48.60950857889147
234.77567952381602,5.499620883855441
234.7850149120829,38.253069335930974
234.79435030034978,19.544016382430915
234.80368568861667,11.461287766043265
234.81302107688356,2.2909908290116165
234.82235646515042,65.75889111121003
234.8316918534173,70.24385656555812
234.8410272416842,24.10562722902318
234.85036262995106,73.51516416254479
234.85969801821795,12.633690595625936
234.86903340648485,51.65687247153503
234.8783687947517,57.25043749209398
234.8877041830186,65.17551748495538
234.8970395712855,58.06778469699775
234.90637495955235,22.32065419841005
234.91571034781924,131.5669855385859
234.92504573608613,30.554762490884816
234.93438112435302,165.12850791165747
234.9437165126199,229.87395147318
234.95305190088678,24.02467068655021
234.96238728915367,176.5507945207914
234.97172267742053,89.78625458170929
234.98105806568742,1.1390647365989426
234.9903934539543,101.53792262439515
234.99972884222117,43.987341909618905
235.00906423048806,5.809351416315072
235.01839961875496,62.39138540313734
235.02773500702182,70.83347054267692
235.0370703952887,5.857017155455458
235.0464057835556,23.498499266006156
235.0557411718225,1.5845512757159015
235.06507656008935,168.2431273217694
235.07441194835624,25.87913663594734
235.08374733662313,114.67795935192076
235.09308272489,153.09151838052944
235.1024181131569,10.47352098642381
235.11175350142378,40.055042559281226
235.12108888969064,45.9878361284841
235.13042427795753,82.75955272396105
235.13975966622442,4.712504090235
235.14909505449128,71.1564868193599
235.15843044275817,340.72723310840587
235.16776583102506,169.77117325197472
235.17710121929196,199.81150781903904
235.18643660755882,92.02345187148481
235.1957719958257,4.6429219009693234
235.2051073840926,70.82823817840672
235.21444277235946,155.61615702054996
235.22377816062635,128.43718021567798
235.23311354889324,43.03279461142426
235.2424489371601,43.07735727605683
235.251784325427,0.4308211454688611
235.2611197136939,81.67411892988747
235.27045510196078,35.39211779088636
235.27979049022764,143.3854009702495
235.28912587849453,87.34897759225065
235.29846126676142,108.38256894454551
235.30779665502828,36.93148376711303
235.31713204329517,76.84732125027763
235.32646743156207,60.1475903005555
235.33580281982893,92.23258742622244
235.34513820809582,167.3756022830555
235.3544735963627,44.20699521333556
235.36380898462957,41.48326073296634
235.37314437289646,99.64951600832508
235.38247976116335,12.347678915379253
235.39181514943024,92.20725203464781
235.4011505376971,27.37660567589785
235.410485925964,6.588546780204644
235.4198213142309,25.31901600189061
235.42915670249775,37.6611887604822
235.43849209076464,6.5314663836859355
235.44782747903153,10.899067381904612
235.4571628672984,42.560757711774315
235.46649825556528,25.11752893970278
235.47583364383217,4.350067943751926
235.48516903209904,5.625877372537476
235.49450442036593,13.161197737607798
235.50383980863282,53.49025420028764
235.5131751968997,10.627354968189328
235.52251058516657,14.409942934094994
235.53184597343346,68.66448679542347
235.54118136170035,5.058224084277118
235.55051674996722,49.8537797956277
235.5598521382341,121.1655737889167
235.569187526501,16.930611219721087
235.57852291476786,82.69395543329887
235.58785830303475,46.661820480576665
235.59719369130164,694.0034196657122
235.6065290795685,275.07159087709766
235.6158644678354,281.23462645319756
235.62519985610228,669.7762571064567
235.63453524436918,86.87857896300373
235.64387063263604,124.94255573938686
235.65320602090293,362.73924181044123
235.66254140916982,36.913956319146585
235.67187679743668,294.70719064569147
235.68121218570357,148.35455848364936
235.69054757397046,323.7325115379311
235.69988296223733,171.49905774712877
235.70921835050422,3.9027595271550433
235.7185537387711,41.52366448791419
235.72788912703797,36.92666685343242
235.73722451530486,33.98280922225648
235.74655990357175,66.2845615070583
235.75589529183864,5.312237992859744
235.7652306801055,37.365885076438325
235.7745660683724,88.83968364028212
235.78390145663928,78.10010123329049
235.79323684490615,31.359645461041982
235.80257223317304,16.497117015785083
235.81190762143993,270.7540883568377
235.8212430097068,10.652307267186048
235.83057839797368,4.337127127043868
235.83991378624057,88.15811604178106
235.84924917450746,214.83143284840688
235.85858456277433,53.642501891313124
235.86791995104122,103.87606398391172
235.8772553393081,33.54454423245376
235.88659072757497,19.299530393481497
235.89592611584186,7.1743331829086
235.90526150410875,62.55303652304542
235.9145968923756,18.657785663890774
235.9239322806425,173.87927572294336
235.9332676689094,69.2223273303175
235.94260305717626,235.8783526483095
235.95193844544315,93.96117902519795
235.96127383371004,21.33317902681218
235.97060922197693,39.461915509953634
235.9799446102438,16.106416313786585
235.98927999851068,11.210309992010162
235.99861538677757,69.59593731066877
236.00795077504443,1.2880703953709989
236.01728616331133,21.205939269361195
236.02662155157822,80.16425003250002
236.03595693984508,35.1574778480117
236.04529232811197,15.841246333146547
236.05462771637886,18.066188323863166
236.06396310464572,7.054541485103375
236.0732984929126,93.28617978364541
236.0826338811795,7.731323761110542
236.0919692694464,2.117042238689412
236.10130465771326,5.299375827298174
236.11064004598015,54.31863430209848
236.11997543424704,7.452016454462671
236.1293108225139,16.047837706337873
236.1386462107808,51.09526798868324
236.14798159904768,9.851576856715223
236.15731698731454,19.124075677033893
236.16665237558144,12.675929227168664
236.17598776384833,38.58160581556001
236.1853231521152,16.000317405469858
236.19465854038208,19.723254642564818
236.20399392864897,101.86656462724262
236.21332931691586,57.03888444639422
236.22266470518272,34.514249930286006
236.2320000934496,2.399297593596649
236.2413354817165,56.45874159763124
236.25067086998337,36.31476005558148
236.26000625825026,63.77355420196072
236.26934164651715,7.936809144700077
236.278677034784,31.817898597179372
236.2880124230509,44.681322386156765
236.2973478113178,4.422921464498101
236.30668319958465,57.576739468657394
236.31601858785154,111.20775964960309
236.32535397611844,28.90571284849338
236.33468936438533,40.70421680337071
236.3440247526522,26.127661711851875
236.35336014091908,44.795944396562405
236.36269552918597,7.534663836634159
236.37203091745283,0.491563304374604
236.38136630571972,26.800866620665147
236.3907016939866,24.361135389951322
236.40003708225348,6.51083841397753
236.40937247052037,46.47324606570976
236.41870785878726,54.816401491399624
236.42804324705415,64.04830978362972
236.437378635321,84.65078752571075
236.4467140235879,64.77169520994929
236.4560494118548,334.02162537206385
236.46538480012165,200.96035911503225
236.47472018838855,78.18973148920786
236.48405557665544,228.41525393542932
236.4933909649223,73.66282808582399
236.5027263531892,55.280225216079614
236.51206174145608,15.689767579754033
236.52139712972294,50.76003933180085
236.53073251798983,115.63860541099494
236.54006790625672,49.3226966611186
236.54940329452361,11.56136112180383
236.55873868279048,45.828777655992724
236.56807407105737,116.96123645844959
236.57740945932426,5.148815557522017
236.58674484759112,88.04981139439639
236.596080235858,246.3973908101421
236.6054156241249,51.118724414359725
236.61475101239176,51.923402510082106
236.62408640065865,166.23271784728874
236.63342178892555,50.42228977300211
236.6427571771924,28.215908644269202
236.6520925654593,69.71550903004479
236.6614279537262,44.47272505072322
236.67076334199308,19.158889755181125
236.68009873025994,3.0920065493698083
236.68943411852683,62.29811760356581
236.69876950679372,68.10046876552887
236.7081048950606,11.74625359203087
236.71744028332748,43.7328022867753
236.72677567159437,29.39149265596703
236.73611105986123,48.958839176794974
236.74544644812812,183.82798943623513
236.754781836395,73.49399247093183
236.76411722466187,15.297933491427539
236.77345261292876,91.71342569874662
236.78278800119566,9.326675150674635
236.79212338946255,6.71515911500995
236.8014587777294,24.133651739687423
236.8107941659963,35.67049958369209
236.8201295542632,10.26552403956756
236.82946494253005,29.40552770431891
236.83880033079694,109.01381807869637
236.84813571906383,32.37066494805365
236.8574711073307,33.015778962301184
236.8668064955976,14.954340617618547
236.87614188386448,21.116911722971476
236.88547727213134,30.22827639083215
236.89481266039823,22.719311632266532
236.90414804866512,48.61814901086309
236.913483436932,142.4777066510323
236.92281882519887,57.86398753636347
236.93215421346576,65.75848072333882
236.94148960173266,9.78800294642299
236.95082498999952,82.9467296147105
236.9601603782664,38.273783643214124
236.9694957665333,7.537795940552689
236.97883115480016,19.50840272453645
236.98816654306705,98.96884750200695
236.99750193133394,83.4829958845331
237.00683731960083,65.95130329269702
237.0161727078677,7.4930935337685005
237.0255080961346,68.3416036432114
237.03484348440148,11.680867452105362
237.04417887266834,66.32439406765552
237.05351426093523,19.442882253916153
237.06284964920212,35.56075188254375
237.07218503746898,66.68122192233126
237.08152042573587,175.73273011621623
237.09085581400277,55.00209209735486
237.10019120226963,110.18864375173749
237.10952659053652,171.6655389425673
237.1188619788034,126.31303660572863
237.1281973670703,8.053313198459874
237.13753275533716,29.943041038228632
237.14686814360405,29.310492438289273
237.15620353187094,38.4246422923442
237.1655389201378,22.335251584286848
237.1748743084047,22.450769249834952
237.1842096966716,15.331978291696933
237.19354508493845,124.85579038331937
237.20288047320534,18.275941631007832
237.21221586147223,63.836833622384205
237.2215512497391,67.1620760083274
237.23088663800598,2.8156986896776908
237.24022202627287,44.295270719226316
237.24955741453977,67.5694396694471
237.25889280280663,1.8836124329399704
237.26822819107352,47.76968610868923
237.2775635793404,31.85542977753983
237.28689896760727,11.76007564844787
237.29623435587416,0.6607815936434135
237.30556974414105,115.42117492369982
237.31490513240792,7.701552243085179
237.3242405206748,7.777487210687003
237.3335759089417,15.355996293283425
237.34291129720856,60.33708404350879
237.35224668547545,19.054688087408028
237.36158207374234,25.553398081146014
237.37091746200923,35.14911910190353
237.3802528502761,32.029821784381724
237.38958823854298,8.699775869298263
237.39892362680988,11.729669670629917
237.40825901507674,13.44072546530623
237.41759440334363,15.414046456406789
237.42692979161052,8.77686760764086
237.43626517987738,12.188770081949869
237.44560056814427,1.310821420808864
237.45493595641116,6.453420330033109
237.46427134467802,33.29018265247358
237.47360673294492,54.85380912164209
237.4829421212118,30.79028352395474
237.4922775094787,177.79973549296326
237.50161289774556,59.54327888758972
237.51094828601245,16.99319219812477
237.52028367427934,145.78954940105533
237.5296190625462,23.73432460263337
237.5389544508131,15.42556536026862
237.54828983907998,79.03471163917307
237.55762522734685,13.22542545446061
237.56696061561374,62.171317803519905
237.57629600388063,43.03672262976493
237.58563139214752,17.50615097026948
237.59496678041438,101.10900067993606
237.60430216868127,196.48982699771267
237.61363755694816,111.88763807800228
237.62297294521503,67.07213798828731
237.63230833348192,46.971143856858454
237.6416437217488,16.385665340953324
237.65097911001567,33.61383337205834
237.66031449828256,68.79132436255989
237.66964988654945,11.654241456889888
237.6789852748163,13.623010504388306
237.6883206630832,101.36093345628262
237.6976560513501,31.655528596282696
237.70699143961698,33.5756067478269
237.71632682788385,154.36790485578578
237.72566221615074,9.438412484147861
237.73499760441763,126.57165272594924
237.7443329926845,210.21005965694042
237.75366838095138,5.119211125506258
237.76300376921827,10.313424684635862
237.77233915748513,33.925724771436094
237.78167454575203,58.67737168946655
237.79100993401892,29.302635837703836
237.80034532228578,9.010546103217658
237.80968071055267,13.666434616784679
237.81901609881956,46.09547737738434
237.82835148708645,31.389159065294784
237.8376868753533,8.506089714064434
237.8470222636202,30.024162138625393
237.8563576518871,82.3631006276895
237.86569304015396,6.776164949853977
237.87502842842085,36.47584513782024
237.88436381668774,74.99596789456382
237.8936992049546,8.657899144651463
237.9030345932215,61.315146314638234
237.91236998148838,89.79717852736808
237.92170536975524,2.515260095683736
237.93104075802214,49.54886776161086
237.94037614628903,114.25929485174349
237.94971153455592,13.793550471735575
237.95904692282278,62.025249082999224
237.96838231108967,84.50639655120912
237.97771769935656,31.088187908060657
237.98705308762342,43.2039226124133
237.9963884758903,55.04977397955602
238.0057238641572,55.372554858709556
238.01505925242407,45.86887838747609
238.02439464069096,43.29150652217673
238.03373002895785,76.63498495609937
238.04306541722474,246.24149102756212
238.0524008054916,38.561860171927265
238.0617361937585,118.5362055312538
238.07107158202538,305.7792850062658
238.08040697029224,41.50212017290852
238.08974235855914,16.60285051756696
238.09907774682603,25.976194177554817
238.1084131350929,72.14833813761496
238.11774852335978,32.078050925917964
238.12708391162667,23.608956044927684
238.13641929989353,20.19347651289371
238.14575468816042,24.350787001820713
238.1550900764273,35.949907832312
238.1644254646942,34.62875632458644
238.17376085296107,1.666110028295093
238.18309624122796,48.53734156733544
238.19243162949485,60.07916576259363
238.2017670177617,48.44009873498411
238.2111024060286,102.26014302088701
238.2204377942955,122.20942490707682
238.22977318256235,7.738899850441047
238.23910857082925,31.821310940778538
238.24844395909614,54.78655378687827
238.257779347363,66.22963232859377
238.2671147356299,138.3305516286029
238.27645012389678,92.19081530345758
238.28578551216367,86.6641102102649
238.29512090043053,78.79514762313691
238.30445628869742,6.832150845862969
238.3137916769643,104.37773708113541
238.32312706523118,67.09104353395192
238.33246245349807,25.348128111204034
238.34179784176496,8.209838721373258
238.35113323003182,304.27240249126686
238.3604686182987,64.29495715338315
238.3698040065656,20.026225690977245
238.37913939483246,60.13501665189531
238.38847478309935,30.30735301607394
238.39781017136625,21.400544556563847
238.40714555963314,34.55910083673103
238.4164809479,11.115677345502727
238.4258163361669,11.319620106606232
238.43515172443378,17.129076748786442
238.44448711270064,7.0774470227791975
238.45382250096753,32.702614761300936
238.46315788923442,6.149377406420348
238.4724932775013,37.187087880635175
238.48182866576818,47.02288347760177
238.49116405403507,10.741010279694798
238.50049944230193,32.64984175385321
238.50983483056882,125.59394199486984
238.5191702188357,1.7431311170263408
238.5285056071026,22.43127594511897
238.53784099536946,446.07168555741674
238.54717638363636,68.02102325584411
238.55651177190325,201.61435143306963
238.5658471601701,335.0788390327608
238.575182548437,49.12360826734148
238.5845179367039,8.524079277083688
238.59385332497075,1.4618269782046343
238.60318871323764,73.27613962032191
238.61252410150453,26.853318604028747
238.62185948977142,6.533471217985874
238.6311948780383,35.40085218667019
238.64053026630518,104.41653959536707
238.64986565457207,26.571893853995793
238.65920104283893,4.150200335793149
238.66853643110582,152.20381551544713
238.6778718193727,27.49335878264217
238.68720720763957,26.541399566121335
238.69654259590646,40.43709788797042
238.70587798417336,31.504999077975643
238.71521337244022,5.122673761367049
238.7245487607071,57.397537177459775
238.733884148974,127.30261996430194
238.7432195372409,38.656093409497004
238.75255492550775,65.77260002150071
238.76189031377464,83.17540307579269
238.77122570204153,9.88042627800916
238.7805610903084,48.15978884355731
238.7898964785753,10.723877128880911
238.79923186684218,22.101591895514648
238.80856725510904,8.701267213197328
238.81790264337593,63.69426987921024
238.82723803164282,5.151960967673101
238.83657341990968,62.12639691364114
238.84590880817657,12.548964407891171
238.85524419644346,53.53690396966759
238.86457958471036,59.28586427270486
238.87391497297722,7.353796175613696
238.8832503612441,108.54725434863238
238.892585749511,71.14088716712992
238.90192113777786,80.65890187985559
238.91125652604475,170.34703451743962
238.92059191431164,15.448543843147148
238.9299273025785,108.36873398405358
238.9392626908454,1.195196232767066
238.9485980791123,108.74844737445025
238.95793346737915,0.6616315353426511
238.96726885564604,21.03915986722601
238.97660424391293,16.179989519973994
238.98593963217982,57.220947701504066
238.99527502044668,31.823071678146512
239.00461040871357,27.085989613855908
239.01394579698047,83.72272321090477
239.02328118524733,58.45650778700149
239.03261657351422,14.912412126714306
239.0419519617811,187.0788994410172
239.05128735004797,206.9675286230366
239.06062273831486,70.7686774404087
239.06995812658175,137.17162863287624
239.07929351484862,251.4598920104918
239.0886289031155,63.89306547177609
239.0979642913824,9.033755642799019
239.1072996796493,61.40144453984825
239.11663506791615,45.75030957618468
239.12597045618304,31.04974898500519
239.13530584444993,0.4694528816986454
239.1446412327168,9.121353625618951
239.15397662098368,10.263618919802271
239.16331200925057,24.949254868653604
239.17264739751744,3.797265379074723
239.18198278578433,0.6785061155599147
239.19131817405122,18.136319184036484
239.2006535623181,0.4754250254140114
239.20998895058497,24.638608324597982
239.21932433885186,44.14607272772945
239.22865972711875,9.994386331030919
239.23799511538562,35.869232015933164
239.2473305036525,54.83449218352899
239.2566658919194,8.245942306171296
239.26600128018626,9.053597825349618
239.27533666845315,19.746985628115855
239.28467205672004,0.5254763464745049
239.2940074449869,33.267340362618754
239.3033428332538,18.140447164065232
239.31267822152068,3.223491153766267
239.32201360978758,6.91191782788744
239.33134899805444,16.87978799633017
239.34068438632133,6.263163753457666
239.35001977458822,1.6916686408801476
239.35935516285508,49.7103983471938
239.36869055112197,36.6738345512458
239.37802593938886,36.44216493940496
239.38736132765573,196.0843510314273
239.39669671592262,29.370980066816948
239.4060321041895,38.55724940261236
239.41536749245637,79.29645057157204
239.42470288072326,52.00773717708428
239.43403826899015,14.859540915116268
239.44337365725704,39.41624389600576
239.4527090455239,15.527806223522793
239.4620444337908,92.67935114022457
239.47137982205768,67.07980491735394
239.48071521032455,34.359244665693
239.49005059859144,30.869119426100728
239.49938598685833,13.633953975357652
239.5087213751252,42.783420358587186
239.51805676339208,14.881255555424065
239.52739215165897,16.54501585631055
239.53672753992583,18.910580334177713
239.54606292819273,79.79432902531316
239.55539831645962,7.536550507903817
239.5647337047265,25.48884229387497
239.57406909299337,0.8031491966775863
239.58340448126026,94.47380521867258
239.59273986952715,75.65849943679699
239.602075257794,59.52212184490564
239.6114106460609,55.57772890498155
239.6207460343278,83.34417615943264
239.63008142259466,168.6099654539457
239.63941681086155,7.565434986437357
239.64875219912844,30.448914714567533
239.6580875873953,40.90652482192654
239.6674229756622,42.16260970635271
239.67675836392908,40.31431090895404
239.68609375219597,185.97141379325686
239.69542914046283,35.200987549571465
239.70476452872973,69.50660454384784
239.71409991699662,137.4420817204516
239.72343530526348,6.831028619670407
239.73277069353037,36.5200725765956
239.74210608179726,15.730894343114468
239.75144147006412,79.79900469496214
239.760776858331,37.603193537329275
239.7701122465979,3.887881925594514
239.7794476348648,5.810862304524843
239.78878302313166,181.40027590599584
239.79811841139855,75.63727639532398
239.80745379966544,25.059522056383592
239.8167891879323,113.3966565648944
239.8261245761992,49.82799968495358
239.83545996446608,180.33008815153644
239.84479535273294,16.283628036700694
239.85413074099984,352.784937985336
239.86346612926673,103.55246212595524
239.8728015175336,220.42444050201107
239.88213690580048,153.6369174387397
239.89147229406737,16.59422568221292
239.90080768233426,115.5890864470066
239.91014307060112,346.1851636491711
239.919478458868,13.232257371842696
239.9288138471349,87.3892874979855
239.93814923540177,132.55617847799596
239.94748462366866,218.3008185318131
239.95682001193555,40.93368796051972
239.9661554002024,193.08960006546363
239.9754907884693,95.55365406976306
239.9848261767362,26.607637884585987
239.99416156500305,28.976967930948167
240.00349695326994,192.62307541996185
240.01283234153684,70.90445867194865
240.02216772980373,112.16981455288983
240.0315031180706,141.76412471792636
240.04083850633748,63.343227210123544
240.05017389460437,61.91510913389497
240.05950928287123,83.82039804743174
240.06884467113812,125.42941923712026
240.078180059405,16.83153745536051
240.08751544767188,11.761762094203469
240.09685083593877,44.71613286402064
240.10618622420566,41.943409519170295
240.11552161247252,35.758607908861165
240.1248570007394,76.16799458912519
240.1341923890063,43.33435169338186
240.1435277772732,27.66411631501168
240.15286316554005,56.09213992101576
240.16219855380695,40.516916911207325
240.17153394207384,18.72415218496746
240.1808693303407,39.658325394400094
240.1902047186076,250.58733790692207
240.19954010687448,192.56352473144113
240.20887549514134,104.12829029863875
240.21821088340823,141.40071897007735
240.22754627167512,62.185571763810984
240.236881659942,4.5786748863958415
240.24621704820888,12.839713474067693
240.25555243647577,62.41418037905844
240.26488782474266,16.200915212927487
240.27422321300952,24.661171817790656
240.2835586012764,71.99147603981538
240.2928939895433,8.12781512534065
240.30222937781016,50.80971554742947
240.31156476607705,42.95589356074106
240.32090015434395,0.8711125399982469
240.3302355426108,41.995198423076424
240.3395709308777,9.616272376611095
240.3489063191446,47.635587050483224
240.35824170741148,153.0280161977678
240.36757709567834,12.514337307946182
240.37691248394523,14.680203906548725
240.38624787221212,53.40721286769794
240.395583260479,17.349956833952326
240.40491864874588,21.61040671669476
240.41425403701277,177.66960619810988
240.42358942527963,175.52125149891154
240.43292481354652,97.60185793638931
240.4422602018134,131.21809095081943
240.45159559008027,105.1013971065764
240.46093097834716,90.33262506871877
240.47026636661406,4.448772994002966
240.47960175488095,66.45616180651692
240.4889371431478,74.28957034065647
240.4982725314147,2.6722697820571177
240.5076079196816,193.98169738318668
240.51694330794845,205.08920477064623
240.52627869621534,29.184121460428376
240.53561408448223,128.50071557961527
240.5449494727491,19.762716239505203
240.554284861016,24.619557560193936
240.56362024928288,6.379401368372208
240.57295563754974,46.901588521469826
240.58229102581663,28.981822156004302
240.59162641408352,5.666013612886506
240.6009618023504,15.792676284569794
240.61029719061727,39.573669741417035
240.61963257888416,4.961024100747905
240.62896796715106,53.70352873183198
240.63830335541792,21.277962888186185
240.6476387436848,68.67989342086611
240.6569741319517,39.48607652217017
240.66630952021856,11.351328007846607
240.67564490848545,187.433245636076
240.68498029675234,4.9613165774126236
240.6943156850192,115.58575525752586
240.7036510732861,173.66326682522907
240.712986461553,45.66689191408281
240.72232184981988,128.45139066596667
240.73165723808674,10.072424644202346
240.74099262635363,111.64352117801093
240.75032801462052,70.54861873115873
240.75966340288738,5.083668010875385
240.76899879115427,111.1774058187798
240.77833417942117,155.78026124897676
240.78766956768803,6.463418807529189
240.79700495595492,61.678792641566424
240.8063403442218,92.53559063103202
240.8156757324887,15.39063160182556
240.82501112075556,34.91057625985448
240.83434650902245,257.1798300202652
240.84368189728934,43.50718858366729
240.8530172855562,115.83563912461553
240.8623526738231,52.657544715929106
240.87168806209,246.04672487456267
240.88102345035685,23.5406144224152
240.89035883862374,19.197692758350808
240.89969422689063,87.02779191211884
240.9090296151575,11.385011253277769
240.91836500342438,27.705627509634514
240.92770039169127,70.96155860986087
240.93703577995817,8.47047058100528
240.94637116822503,55.8015609676885
240.95570655649192,24.94563033199347
240.9650419447588,68.2825808691313
240.97437733302567,126.29413597111004
240.98371272129256,49.76441849516194
240.99304810955945,71.58835641407784
241.00238349782632,2.67442759972457
241.0117188860932,87.51113511440094
241.0210542743601,5.668313285711299
241.03038966262696,29.07902413110201
241.03972505089385,1.434578208711854
241.04906043916074,34.337118834410134
241.05839582742763,21.40918249446061
241.0677312156945,47.02386499825286
241.07706660396138,18.092973475654635
241.08640199222828,9.749465541731336
241.09573738049514,21.614657249104773
241.10507276876203,22.49219361693758
241.11440815702892,52.18267331111855
241.12374354529578,76.8682223863488
241.13307893356267,0.8754540915747059
241.14241432182956,161.52384726383855
241.15174971009642,49.934704428016126
241.16108509836332,35.50037549310139
241.1704204866302,161.96107417656057
241.1797558748971,7.986078092220387
241.18909126316396,9.799720910222502
241.19842665143085,68.70822616632569
241.20776203969774,61.223969635771496
241.2170974279646,2.936774225162452
241.2264328162315,49.00755399959263
241.23576820449838,107.93160582239211
241.24510359276525,11.259309888789998
241.25443898103214,6.659352215289373
241.26377436929903,2.797614046162324
241.2731097575659,46.12575854700431
241.28244514583278,46.68887188265565
241.29178053409967,17.657313276024674
241.30111592236656,27.914070716633383
241.31045131063343,83.06283875078192
241.31978669890032,20.12628891341481
241.3291220871672,80.39025745901831
241.33845747543407,84.56278260779123
241.34779286370096,279.4124327306305
241.35712825196785,435.9278510194185
241.3664636402347,121.35281290062105
241.3757990285016,55.287804730618056
241.3851344167685,92.24094057307295
241.39446980503538,122.99338751229327
241.40380519330225,20.225063293997017
241.41314058156914,102.94591968281773
241.42247596983603,94.99919823805114
241.4318113581029,14.723798907133137
241.44114674636978,13.829286055527731
241.45048213463667,4.392368761971316
241.45981752290353,91.3930583254203
241.46915291117043,95.77339627685032
241.47848829943732,41.190250681614074
241.48782368770418,39.77369298245071
241.49715907597107,3.4600727761588077
241.50649446423796,55.324281191672554
241.51582985250485,4.0482791888215885
241.5251652407717,21.92136119167071
241.5345006290386,93.39623630451936
241.5438360173055,18.247198860133473
241.55317140557236,2.923758389756265
241.56250679383925,101.70277146835576
241.57184218210614,56.26506477973646
241.581177570373,55.85807811489478
241.5905129586399,51.30184172063512
241.59984834690678,185.43397486984475
241.60918373517364,43.82471076444909
241.61851912344054,57.91073011481758
241.62785451170743,33.90265228500197
241.63718989997432,4.529774573887353
241.64652528824118,18.30795688411369
241.65586067650807,54.989629834729556
241.66519606477496,45.504218845890115
241.67453145304182,50.1957403793804
241.6838668413087,44.735522110497826
241.6932022295756,73.49444134217622
241.70253761784247,41.58533867407587
241.71187300610936,11.415210276071994
241.72120839437625,42.084102308527214
241.7305437826431,4.3814142257157345
241.73987917091,40.976963751819476
241.7492145591769,16.878669873110475
241.75854994744378,106.23207707732925
241.76788533571064,103.29283685427824
241.77722072397754,23.193581715411195
241.78655611224443,119.27259632749708
241.7958915005113,67.82879049935882
241.80522688877818,10.62228036679186
241.81456227704507,64.94686490773019
241.82389766531193,18.542797221722584
241.83323305357882,6.773689172356767
241.8425684418457,11.596378818545608
241.85190383011258,3.8816967139881497
241.86123921837947,53.134875556084474
241.87057460664636,1.7318406226197012
241.87990999491325,13.183032086644229
241.8892453831801,4.784201965785919
241.898580771447,38.70708036884591
241.9079161597139,40.83368992354309
241.91725154798075,15.397849370141975
241.92658693624765,6.8368432359453
241.93592232451454,29.06586377396729
241.9452577127814,157.374675917384
241.9545931010483,32.14404631250831
241.96392848931518,58.11632020140894
241.97326387758207,68.15034339355316
241.98259926584893,22.141881884395332
241.99193465411582,13.248466009581701
242.0012700423827,94.24370872497124
242.01060543064958,16.165807615067553
242.01994081891647,4.869717253860048
242.02927620718336,5.411699518356258
242.03861159545022,11.662858185518381
242.0479469837171,5.008599318996067
242.057282371984,79.67801033054613
242.06661776025086,85.1059375925421
242.07595314851775,58.28071876843402
242.08528853678465,198.45077544604726
242.09462392505154,18.67276007629799
242.1039593133184,9.654216465231874
242.1132947015853,14.779164813074628
242.12263008985218,85.74972814135707
242.13196547811904,78.99800400018897
242.14130086638593,11.805873267588467
242.15063625465282,38.928340486945416
242.1599716429197,74.41725262288242
242.16930703118658,5.26695420066985
242.17864241945347,73.02833699160138
242.18797780772033,171.53062381395364
242.19731319598722,48.60356080861475
242.2066485842541,102.12141072370666
242.215983972521,30.842169239033076
242.22531936078786,76.18155340092201
242.23465474905476,18.3763526520998
242.24399013732165,39.96655815653031
242.2533255255885,29.645162288277042
242.2626609138554,17.433096426225266
242.2719963021223,38.957435999217154
242.28133169038915,50.800877266424926
242.29066707865604,94.70801372760916
242.30000246692293,22.185366959472844
242.3093378551898,34.28981118902259
242.3186732434567,392.1225810788905
242.32800863172358,150.65280170681243
242.33734401999047,59.420543635346014
242.34667940825733,193.07063205750427
242.35601479652422,197.16823102868918
242.3653501847911,14.700474535739788
242.37468557305797,23.261971399063
242.38402096132486,197.15931672394532
242.39335634959176,24.36471515790531
242.40269173785862,80.81690643541994
242.4120271261255,212.05045701986768
242.4213625143924,9.74440955105799
242.43069790265926,35.25481746945443
242.44003329092615,63.092887925889755
242.44936867919304,25.563106832167048
242.45870406745993,29.008603182326
242.4680394557268,14.73663046097143
242.4773748439937,63.074254189742476
242.48671023226058,27.18712017834566
242.49604562052744,4.8973937786237505
242.50538100879433,13.120881882219075
242.51471639706122,111.17792930495632
242.52405178532808,10.341691730116958
242.53338717359497,17.09043648385785
242.54272256186186,22.265809535067625
242.55205795012876,91.96469273036227
242.56139333839562,54.47446385589674
242.5707287266625,93.36303524542737
242.5800641149294,16.671445560937766
242.58939950319626,136.93273778887766
242.59873489146315,100.80676138013334
242.60807027973004,230.38114731990117
242.6174056679969,68.76465723042045
242.6267410562638,382.770348638186
242.6360764445307,354.7344848580205
242.64541183279755,110.49750732423247
242.65474722106444,21.472904155992936
242.66408260933133,28.15987747045074
242.67341799759822,248.17693244967808
242.68275338586508,173.7997423517676
242.69208877413197,115.4227784282449
242.70142416239887,191.45701101575332
242.71075955066573,57.4704354461376
242.72009493893262,142.48083965330017
242.7294303271995,73.42816110379735
242.73876571546637,6.358623049770809
242.74810110373326,59.463890163012195
242.75743649200015,13.222736897184092
242.76677188026702,7.519664003306789
242.7761072685339,2.720442513216483
242.7854426568008,39.67436366659501
242.7947780450677,38.57578990835785
242.80411343333455,6.084931204270047
242.81344882160144,11.8892071202584
242.82278420986833,29.488564071963307
242.8321195981352,14.520113568901513
242.84145498640208,36.050919609947734
242.85079037466897,48.99973150166468
242.86012576293584,55.832800493262006
242.86946115120273,63.741338706875716
242.87879653946962,54.5454227995959
242.88813192773648,18.163628139239417
242.89746731600337,6.912085605947346
242.90680270427026,23.810370916526683
242.91613809253715,149.47815995049945
242.92547348080402,40.4352132015085
242.9348088690709,80.44272181081185
242.9441442573378,0.02227210365749259
242.95347964560466,19.69612789196745
242.96281503387155,63.4830118802623
242.97215042213844,164.26302338279766
242.9814858104053,27.851909379302285
242.9908211986722,1.7066802130476093
243.00015658693908,85.03798798087823
243.00949197520595,137.59532598053895
243.01882736347284,188.27293597973403
243.02816275173973,41.65272959080965
243.03749814000662,152.18640463425203
243.04683352827348,10.347365317382014
243.05616891654037,249.45464074704367
243.06550430480726,417.25471299425027
243.07483969307413,13.362773575734085
243.08417508134102,56.13678814702649
243.0935104696079,6.617446836452421
243.10284585787477,106.94653595871846
243.11218124614166,22.139794247196978
243.12151663440855,16.684080178783628
243.13085202267544,15.022575807095233
243.1401874109423,32.07617672205671
243.1495227992092,55.995956085297976
243.15885818747608,44.65728641946785
243.16819357574295,34.031799786264834
243.17752896400984,117.5794019178079
243.18686435227673,17.07454237722803
243.1961997405436,85.9452661459016
243.20553512881048,22.385102813095084
243.21487051707737,85.9242590228638
243.22420590534423,63.22694066422126
243.23354129361113,75.41177921909897
243.24287668187802,94.8767950148201
243.2522120701449,26.87604048127908
243.26154745841177,91.91940529050798
243.27088284667866,13.976124747458169
243.28021823494555,81.01212369396195
243.2895536232124,27.580267621480395
243.2988890114793,63.40977671891301
243.3082243997462,213.40410349820348
243.31755978801306,20.26619744611552
243.32689517627995,193.36837445641723
243.33623056454684,315.02247713736375
243.3455659528137,26.879718422847947
243.3549013410806,42.45365410911875
243.36423672934748,54.96494114977806
243.37357211761437,15.4679045309167
243.38290750588124,44.01029829708026
243.39224289414813,133.12292892808398
243.40157828241502,32.02919663765033
243.41091367068188,22.095114139554493
243.42024905894877,60.685657033985166
243.42958444721566,138.85489782297938
243.43891983548252,51.28098125070002
243.4482552237494,17.685582252518515
243.4575906120163,63.86142256440175
243.46692600028317,104.99208800132742
243.47626138855006,0.8879776318021789
243.48559677681695,1.214099815495646
243.49493216508384,67.83847752659588
243.5042675533507,92.26655424507071
243.5136029416176,62.612037128310256
243.52293832988448,43.8445635966515
243.53227371815134,210.0677099986972
243.54160910641824,97.90442988620879
243.55094449468513,28.72146449058233
243.560279882952,192.11966747463845
243.56961527121888,57.1774690334264
243.57895065948577,5.500310627122581
243.58828604775266,80.83253015806183
243.59762143601952,0.6151056903369158
243.6069568242864,68.8127283873781
243.6162922125533,5.510696180479454
243.62562760082017,25.952012618936628
243.63496298908706,72.08869483790608
243.64429837735395,34.521494368052096
243.6536337656208,5.758558675222394
243.6629691538877,6.859321407412134
243.6723045421546,87.38359519678252
243.68163993042145,30.038700292052003
243.69097531868834,3.074007415803109
243.70031070695524,153.75664548546814
243.70964609522213,38.44129751397999
243.718981483489,33.32873392072063
243.72831687175588,62.673888276232255
243.73765226002277,24.01617093297263
243.74698764828963,133.9545802383073
243.75632303655652,4.350670456255918
243.7656584248234,14.22289635846254
243.77499381309028,30.847296654161234
243.78432920135717,136.34368815605322
243.79366458962406,54.92880265999724
243.80299997789092,157.58666919176747
243.8123353661578,47.32931239334497
243.8216707544247,0.20631993712355443
243.8310061426916,2.544402639228983
243.84034153095845,35.180810228140594
243.84967691922535,108.98881764867077
243.85901230749224,41.788144874060784
243.8683476957591,60.52681467534645
243.877683084026,64.12416898211436
243.88701847229288,11.435893025359146
243.89635386055974,6.047158228742534
243.90568924882663,13.029586890755187
243.91502463709352,4.284154657907785
243.9243600253604,2.7968698837877826
243.93369541362728,40.8293321514822
243.94303080189417,12.342359472966773
243.95236619016106,15.324053128349153
243.96170157842792,7.825917190299304
243.9710369666948,23.329543564738053
243.9803723549617,1.2649897404371362
243.98970774322856,71.16828364439131
243.99904313149545,121.50065890144054
244.00837851976235,43.727098124086055
244.0177139080292,77.4012888667467
244.0270492962961,193.81236494364802
244.036384684563,72.51981148342787
244.04572007282985,9.082985533308086
244.05505546109674,30.734842969214917
244.06439084936363,57.96074157433227
244.07372623763052,131.48092604218678
244.0830616258974,20.824308394839857
244.09239701416428,50.262716352892014
244.10173240243117,136.90814097747543
244.11106779069803,33.22455332281362
244.12040317896492,56.52420960412018
244.1297385672318,135.7092582594348
244.13907395549867,22.869154141417336
244.14840934376556,9.763324430204472
244.15774473203246,7.3305920536915625
244.16708012029935,52.01672683176278
244.1764155085662,93.91988971097764
244.1857508968331,84.38933763013989
244.1950862851,30.10900779462259
244.20442167336685,12.112009731865717
244.21375706163374,0.8034240707461857
244.22309244990063,16.63197830218655
244.2324278381675,7.104872085621345
244.2417632264344,6.578149938558787
244.25109861470128,8.85911786070226
244.26043400296814,26.2272358196557
244.26976939123503,6.5825707624561005
244.27910477950192,26.44067111304684
244.2884401677688,8.652061971885537
244.29777555603567,62.917720872853465
244.30711094430256,30.329295505543328
244.31644633256946,48.02935602437897
244.32578172083632,20.631356344389857
244.3351171091032,126.06249919518874
244.3444524973701,72.02949521498209
244.35378788563696,65.27586048747017
244.36312327390385,176.93458628403965
244.37245866217074,49.794384640164104
244.3817940504376,20.713751459940152
244.3911294387045,78.10483279723051
244.4004648269714,14.996985009958166
244.40980021523828,33.49930902023996
244.41913560350514,11.185825276948046
244.42847099177203,14.385209257029496
244.43780638003892,96.4685797623786
244.44714176830578,147.17164328371217
244.45647715657267,160.155097747914
244.46581254483957,107.5843100069074
244.47514793310643,470.1588373882644
244.48448332137332,87.71069061174555
244.4938187096402,16.797600780817667
244.50315409790707,134.60149923383673
244.51248948617396,42.64174222609689
244.52182487444085,28.749873215178607
244.53116026270774,23.87969774781665
244.5404956509746,133.58045666090212
244.5498310392415,12.285790465455042
244.5591664275084,8.20032821836137
244.56850181577525,155.39544067507998
244.57783720404214,97.41259609580538
244.58717259230903,63.9250150018968
244.5965079805759,87.22416085361193
244.60584336884278,219.7143321495483
244.61517875710967,8.635399296032821
244.62451414537654,45.158071272446115
244.63384953364343,75.25811904490693
244.64318492191032,138.06940863443248
244.6525203101772,60.05977862067043
244.66185569844407,50.49392366353624
244.67119108671096,18.372453319605057
244.68052647497785,21.626937566528028
244.68986186324472,3.001066529248394
244.6991972515116,24.69158135983104
244.7085326397785,32.089608321503135
244.71786802804536,5.110422467551696
244.72720341631225,56.21595248018968
244.73653880457914,148.71266489446987
244.74587419284603,98.801954010808
244.7552095811129,162.74408003142142
244.76454496937978,60.751290709465266
244.77388035764668,64.3092640328787
244.78321574591354,6.26285598325827
244.79255113418043,51.111387405068285
244.80188652244732,36.0023086003443
244.81122191071418,49.16547255203304
244.82055729898107,23.89749129161331
244.82989268724796,61.31298467069014
244.83922807551482,107.79517084718582
244.84856346378172,84.37067551592769
244.8578988520486,43.168019453850405
244.8672342403155,10.518868825197453
244.87656962858236,78.6549906514163
244.88590501684925,51.54699484364119
244.89524040511614,46.49398275096139
244.904575793383,5.26608712311888
244.9139111816499,64.93723748486207
244.92324656991678,15.228114426445208
244.93258195818365,144.53163668963293
244.94191734645054,2.7759816922163907
244.95125273471743,69.75268558124519
244.9605881229843,118.91319552830059
244.96992351125118,31.171280931971097
244.97925889951807,3.5540852677522903
244.98859428778496,2.727281961322316
244.99792967605183,48.69101462405349
245.00726506431872,27.126707622664597
245.0166004525856,1.8169827907600529
245.02593584085247,2.50148802801005
245.03527122911936,86.7123750495353
245.04460661738625,8.358019884294329
245.0539420056531,26.602869539562978
245.06327739392,115.1651443269883
245.0726127821869,27.820002672922172
245.08194817045376,13.740244579534885
245.09128355872065,41.13806815224118
245.10061894698754,84.65147751896475
245.10995433525443,1.491222431881771
245.1192897235213,50.94445716715296
245.12862511178818,83.88037936487723
245.13796050005507,61.94572558299531
245.14729588832193,24.34632375179844
245.15663127658883,289.6993659110852
245.16596666485572,101.91546921347168
245.17530205312258,45.23772397039596
245.18463744138947,93.96721328923867
245.19397282965636,1.6792852398071831
245.20330821792322,33.94013908232407
245.2126436061901,19.429721667546232
245.221978994457,93.3852708152385
245.2313143827239,120.51286748534834
245.24064977099076,64.9378198067838
245.24998515925765,18.07163513872783
245.25932054752454,13.17924455856169
245.2686559357914,9.178185429470346
245.2779913240583,43.851553604188084
245.28732671232518,1.216976118446422
245.29666210059204,21.071880752331076
245.30599748885894,21.264348115836825
245.31533287712583,4.374425602624139
245.32466826539272,14.480969408682064
245.33400365365958,35.44630493477791
245.34333904192647,20.53186527704498
245.35267443019336,5.745385867061098
245.36200981846022,54.90571604643101
245.3713452067271,0.8306501020495785
245.380680594994,8.657116059860904
245.39001598326087,9.020561381173502
245.39935137152776,50.917688674506024
245.40868675979465,36.407624247669865
245.4180221480615,15.500802038998955
245.4273575363284,17.543292950948473
245.4366929245953,0.48314300776592495
245.44602831286218,15.83024859789843
245.45536370112904,12.980078658046033
245.46469908939594,22.156571717270815
245.47403447766283,59.129338777236406
245.4833698659297,15.196846493029648
245.49270525419658,55.676824056063246
245.50204064246347,75.37678223620198
245.51137603073033,6.255782951312711
245.52071141899722,40.60423736794697
245.5300468072641,1.9616175051062887
245.53938219553098,11.84604042904074
245.54871758379787,2.0386953733543973
245.55805297206476,20.774666444594498
245.56738836033165,25.7172283251382
245.5767237485985,20.36655746648316
245.5860591368654,9.72550914767245
245.5953945251323,6.651134057718232
245.60472991339915,22.014717011177794
245.61406530166605,7.7949707108752735
245.62340068993294,11.447865564838587
245.6327360781998,47.71706252361667
245.6420714664667,4.20346429187476
245.65140685473358,1.107560796481874
245.66074224300044,36.77496360599767
245.67007763126733,22.44671495146941
245.67941301953422,16.002521629007422
245.6887484078011,35.51903646398993
245.69808379606798,99.77486047900713
245.70741918433487,73.78950948874281
245.71675457260176,92.55810056049668
245.72608996086862,108.39393662449841
245.7354253491355,35.45959834445286
245.7447607374024,14.953777907827574
245.75409612566926,30.50874627143688
245.76343151393615,63.4649552583471
245.77276690220305,102.19179823148468
245.7821022904699,121.941300543688
245.7914376787368,27.40254843381896
245.8007730670037,17.576077638666597
245.81010845527058,30.22046443843464
245.81944384353744,17.217232438433886
245.82877923180433,1.5964855054687106
245.83811462007122,18.591231562274906
245.8474500083381,7.9711667462082385
245.85678539660498,22.91788839016262
245.86612078487187,124.21650836787131
245.87545617313873,37.580534687403556
245.88479156140562,44.34318035797793
245.8941269496725,132.3126034257359
245.9034623379394,8.038538581872798
245.91279772620626,15.274443629318743
245.92213311447316,13.23695019805386
245.93146850274005,80.26665971734845
245.9408038910069,2.4811368663274678
245.9501392792738,6.670263593683186
245.9594746675407,92.35880490507832
245.96881005580755,3.7882440756118605
245.97814544407444,4.211798937761025
245.98748083234133,17.201340050467536
245.9968162206082,177.31694168276076
246.0061516088751,45.276030017629616
246.01548699714198,53.26708888546035
246.02482238540887,151.10635642072643
246.03415777367573,72.18221930401965
246.04349316194262,0.07427731712528486
246.0528285502095,70.0258867127575
246.06216393847637,21.953638806561443
246.07149932674326,206.18692057422084
246.08083471501016,145.58467423216757
246.09017010327702,33.17921662208141
246.0995054915439,181.2907899913414
246.1088408798108,8.192341313615863
246.11817626807766,8.58528971383957
246.12751165634455,75.54372664859068
246.13684704461144,3.815408603602583
246.14618243287833,8.136481651459109
246.1555178211452,160.82071766522455
246.1648532094121,40.172020265468014
246.17418859767898,25.265362580314555
246.18352398594584,87.05256060134974
246.19285937421273,47.80121318794057
246.20219476247962,11.123758788795518
246.21153015074648,37.73967057551769
246.22086553901337,49.457886017753886
246.23020092728026,37.1170794634877
246.23953631554713,9.231813264798912
246.24887170381402,21.462524044024846
246.2582070920809,32.02336476870796
246.2675424803478,23.528786080164775
246.27687786861466,29.238932163711418
246.28621325688155,21.09968919970548
246.29554864514844,69.45234590965165
246.3048840334153,27.31353622346663
246.3142194216822,1.6376498431634692
246.3235548099491,118.15908629089553
246.33289019821595,25.067498759633636
246.34222558648284,52.05873213177264
246.35156097474973,4.382455088018788
246.36089636301662,34.49510390436092
246.37023175128348,2.318435731087369
246.37956713955037,65.72777137754427
246.38890252781727,3.704376833298425
246.39823791608413,5.948353401599807
246.40757330435102,109.85518034546133
246.4169086926179,1.8922925850047325
246.42624408088477,47.16972518533967
246.43557946915166,174.50162622193358
246.44491485741855,57.720380253260366
246.45425024568542,16.30824244589242
246.4635856339523,98.91041314746542
246.4729210222192,24.686997720267396
246.4822564104861,192.70904369643625
246.49159179875295,50.27472000572098
246.50092718701984,10.214847360355312
246.51026257528673,41.3694391703149
246.5195979635536,29.43215273009268
246.52893335182048,46.87502575309356
246.53826874008737,98.64320999106299
246.54760412835424,0.8557198278126087
246.55693951662113,22.07824437695836
246.56627490488802,29.99087203249854
246.57561029315488,111.57816854904506
246.58494568142177,15.883482647065598
246.59428106968866,231.4112616111273
246.60361645795555,110.14913267371455
246.61295184622242,30.88026876610247
246.6222872344893,298.2986877616749
246.6316226227562,99.38110746625885
246.64095801102306,55.658210458602895
246.65029339928995,252.50260093588582
246.65962878755684,94.73979249876697
246.6689641758237,65.936999757489
246.6782995640906,199.90761296637288
246.68763495235748,119.31456146213655
246.69697034062435,37.92442697953246
246.70630572889124,44.24170365600842
246.71564111715813,20.536093469465357
246.72497650542502,0.1320991770623974
246.73431189369188,66.84642139106197
246.74364728195877,35.85652015505677
246.75298267022566,89.4895863042327
246.76231805849253,69.58947356755276
246.77165344675942,119.44389660227054
246.7809888350263,11.116362388262802
246.79032422329317,103.44391838505955
246.79965961156006,103.20031967909333
246.80899499982695,532.8014408035783
246.8183303880938,23.342395982251155
246.8276657763607,100.52817230562366
246.8370011646276,225.24933262000206
246.84633655289448,250.2882016451352
246.85567194116135,51.98737288209217
246.86500732942824,53.030243204999266
246.87434271769513,192.8324890228762
246.883678105962,121.2333750652191
246.89301349422888,9.572119222595175
246.90234888249577,188.789797417373
246.91168427076263,28.02962651139097
246.92101965902953,67.18978854260236
246.93035504729642,12.738182045443066
246.9396904355633,207.7870566368008
246.94902582383017,71.6211538585605
246.95836121209706,154.38138149284165
246.96769660036395,124.66355723417598
246.9770319886308,26.287782801417965
246.9863673768977,3.9966518508540214
246.9957027651646,5.552551828264118
247.00503815343146,40.89581113186588
247.01437354169835,13.916418319748917
247.02370892996524,31.241203288357095
247.0330443182321,15.83799268663127
247.042379706499,19.989107545891756
247.05171509476588,32.31690895111112
247.06105048303277,1.033908221849436
247.07038587129964,15.44376019460061
247.07972125956653,46.97095182206416
247.08905664783342,11.385666369721823
247.09839203610028,35.727192922787886
247.10772742436717,133.59056191075692
247.11706281263406,41.30912039462065
247.12639820090092,261.32154914368357
247.1357335891678,352.50460160040325
247.1450689774347,151.4593698000871
247.15440436570157,385.2853902648522
247.16373975396846,268.2972736986098
247.17307514223535,40.508973099599174
247.18241053050224,70.54942146887309
247.1917459187691,17.772377368094418
247.201081307036,3.261640690801844
247.21041669530288,45.10496572985829
247.21975208356974,35.47092359689404
247.22908747183664,104.20225633091938
247.23842286010353,104.89682278693293
247.2477582483704,289.7335761767675
247.25709363663728,176.95812382650246
247.26642902490417,102.5081225831268
247.27576441317103,68.79345342550486
247.28509980143792,70.45179239177918
247.2944351897048,7.897117834929717
247.3037705779717,12.267839567708373
247.31310596623857,73.87557119505053
247.32244135450546,66.9732062637073
247.33177674277235,2.930619512444259
247.3411121310392,17.536178779341753
247.3504475193061,58.17278557899005
247.359782907573,35.99111765286281
247.36911829583985,31.888228495966732
247.37845368410674,4.180634718962729
247.38778907237364,14.619403300971225
247.3971244606405,12.11801309905647
247.4064598489074,58.89744379663532
247.41579523717428,36.069498036685715
247.42513062544117,46.849623521316964
247.43446601370803,74.89228015355303
247.44380140197492,47.1418759372294
247.4531367902418,16.321420357191368
247.46247217850868,15.600223214366222
247.47180756677557,8.216762986078022
247.48114295504246,23.43304648889025
247.49047834330932,29.132644662529774
247.4998137315762,96.74960788440566
247.5091491198431,22.194675853179163
247.51848450811,100.87655093011445
247.52781989637685,29.63579728550531
247.53715528464375,74.62409092126606
247.54649067291064,67.647244600528
247.5558260611775,10.05078508963732
247.5651614494444,28.24521115743442
247.57449683771128,131.80867800466564
247.58383222597814,102.13855212231739
247.59316761424503,226.45034253352114
247.60250300251192,267.39799299405297
247.6118383907788,64.72619727345531
247.62117377904568,245.80032496383637
247.63050916731257,5.744226882531313
247.63984455557946,87.18130153631672
247.64917994384632,14.66025052363342
247.6585153321132,34.16471712326609
247.6678507203801,12.066067214131857
247.67718610864696,38.75471423014154
247.68652149691385,8.05815796618061
247.69585688518075,24.056262298268468
247.7051922734476,36.249245774392065
247.7145276617145,50.719023942653926
247.7238630499814,103.8959794828747
247.73319843824825,147.03958404893922
247.74253382651514,14.042500256285761
247.75186921478203,139.79897314835333
247.76120460304892,108.3429773353906
247.7705399913158,0.7508294828663573
247.77987537958268,105.62502319123273
247.78921076784957,72.58465832035836
247.79854615611643,60.844613483817916
247.80788154438332,31.217380026094236
247.8172169326502,43.48206130794044
247.82655232091707,106.95269282121271
247.83588770918396,5.058298481363927
247.84522309745086,21.239600303969983
247.85455848571772,83.6420917739524
247.8638938739846,9.047086741580802
247.8732292622515,88.50402280608569
247.8825646505184,26.313597835114575
247.89190003878525,109.8667475519068
247.90123542705214,86.27341852007294
247.91057081531903,237.7098795469562
247.9199062035859,273.9157185278586
247.9292415918528,42.76481019419796
247.93857698011968,320.5536999529861
247.94791236838654,21.290008018389926
247.95724775665343,95.77221839761877
247.96658314492032,13.572189007287117
247.97591853318718,122.01753988655044
247.98525392145407,11.017080583137457
247.99458930972096,118.33860884908793
248.00392469798786,165.4574523163972
248.01326008625472,174.1037083933897
248.0225954745216,175.91665527372197
248.0319308627885,123.18909213443264
248.04126625105536,16.9609431652985
248.05060163932225,25.374479959991348
248.05993702758914,69.43776157791014
248.069272415856,51.46119912562247
248.0786078041229,287.8805858499877
248.0879431923898,136.77086972168834
248.09727858065668,207.142307503479
248.10661396892354,120.05629048904872
248.11594935719043,34.915607621099795
248.12528474545732,25.328437563621986
248.13462013372418,114.2629611056134
248.14395552199107,67.25491796368554
248.15329091025797,30.45263074210154
248.16262629852483,21.631943900416164
248.17196168679172,3.897339640275386
248.1812970750586,39.033173984897104
248.19063246332547,22.45580003529547
248.19996785159236,3.072811090645558
248.20930323985925,172.6236443472849
248.21863862812614,41.063784990045335
248.227974016393,108.97595735235763
248.2373094046599,344.5431494419241
248.2466447929268,72.82308573287906
248.25598018119365,44.16168895228184
248.26531556946054,53.509813804040405
248.27465095772743,65.45405359992452
248.2839863459943,12.069688767923942
248.29332173426118,63.82725200964262
248.30265712252807,55.72126328738843
248.31199251079494,7.617060761038591
248.32132789906183,24.279493095380694
248.33066328732872,11.34535520703182
248.3399986755956,32.695569650133415
248.34933406386247,42.19083275462685
248.35866945212936,67.40053760021672
248.36800484039625,31.743111520338573
248.37734022866312,13.594993736991707
248.38667561693,20.208765375696792
248.3960110051969,23.45210937157507
248.40534639346376,18.741149383167887
248.41468178173065,44.428189675121615
248.42401716999754,17.727291770214613
248.4333525582644,18.47226538352431
248.4426879465313,3.0592853525069432
248.45202333479818,18.12984447665515
248.46135872306508,28.189292745980016
248.47069411133194,111.95616853727923
248.48002949959883,36.107370314733636
248.48936488786572,0.5748211398962594
248.49870027613258,22.297993777390598
248.50803566439947,23.386033629797815
248.51737105266636,22.584628891822728
248.52670644093322,32.94668295115473
248.53604182920012,1.5176642242800755
248.545377217467,73.71000368962555
248.55471260573387,6.146580809917722
248.56404799400076,13.791652685481523
248.57338338226765,54.40376636793603
248.58271877053454,100.34432669912414
248.5920541588014,6.807082350821402
248.6013895470683,42.2171427308081
248.61072493533518,1.3358354987278123
248.62006032360205,121.63384611409343
248.62939571186894,189.33283305372265
248.63873110013583,0.9874388505692259
248.6480664884027,50.94761197855534
248.65740187666958,23.886654452822928
248.66673726493647,199.01872318579797
248.67607265320336,32.58711214241213
248.68540804147023,67.60875051666072
248.69474342973712,133.33118698163267
248.704078818004,52.92890664091993
248.71341420627087,53.65822599620559
248.72274959453776,35.71150259248629
248.73208498280465,8.597404483188875
248.7414203710715,1.6981183308191807
248.7507557593384,14.729985305525524
248.7600911476053,6.993027799137607
248.76942653587216,1.0029687194744403
248.77876192413905,13.34110122852453
248.78809731240594,0.26984705586389096
248.79743270067283,1.5741162573398053
248.8067680889397,22.192372074468217
248.81610347720658,1.2827897195856663
248.82543886547347,5.166673438500715
248.83477425374033,38.7417716542154
248.84410964200723,17.815187387994982
248.85344503027412,8.776788699417787
248.86278041854098,17.844341117154364
248.87211580680787,29.85549781032286
248.88145119507476,24.94191999981131
248.89078658334162,132.61745040306442
248.9001219716085,45.4484856533356
248.9094573598754,95.40638141016053
248.9187927481423,365.49237028361046
248.92812813640916,10.355270612493015
248.93746352467605,36.537964669770375
248.94679891294294,104.06177773196471
248.9561343012098,137.16669130859069
248.9654696894767,31.226283812675284
248.97480507774358,42.4740628684606
248.98414046601044,143.1568342105251
248.99347585427734,31.933080251672706
249.00281124254423,68.58582442779
249.0121466308111,137.73523926116212
249.02148201907798,54.27022312100434
249.03081740734487,49.325853412062216
249.04015279561176,4.427347087265441
249.04948818387862,62.219219263502545
249.0588235721455,59.18453913758876
249.0681589604124,79.92145123376228
249.07749434867927,71.62443690076726
249.08682973694616,18.46010660561987
249.09616512521305,70.43654837127941
249.1055005134799,13.833400143220977
249.1148359017468,37.57181606952165
249.1241712900137,25.260638195817595
249.13350667828058,19.37272360159841
249.14284206654744,7.303548747038199
249.15217745481434,9.11975514514381
249.16151284308123,40.07007555665341
249.1708482313481,40.426629984892294
249.18018361961498,5.249938151134967
249.18951900788187,115.37822533995386
249.19885439614873,35.53199079016249
249.20818978441562,18.360729781629495
249.2175251726825,103.78867692938036
249.22686056094938,60.52765607951187
249.23619594921627,2.0120558983977785
249.24553133748316,48.42689907809727
249.25486672575005,83.90571012356531
249.2642021140169,2.298878472539612
249.2735375022838,0.9357271079789826
249.2828728905507,83.6839503823714
249.29220827881755,34.670497182114495
249.30154366708445,6.907981962158092
249.31087905535134,14.87555126559475
249.3202144436182,31.89721150116406
249.3295498318851,82.5247965602748
249.33888522015198,31.275412244357188
249.34822060841884,3.454990951348681
249.35755599668573,31.42186267948038
249.36689138495262,42.74227674506225
249.3762267732195,29.2373369288854
249.38556216148638,215.16463737576854
249.39489754975327,19.4731526854626
249.40423293802016,59.4437349779864
249.41356832628702,33.3057249814663
249.4229037145539,114.25552942398018
249.4322391028208,64.79781033817542
249.44157449108766,57.61407013272877
249.45090987935455,92.14972547780268
249.46024526762145,262.31041805954675
249.4695806558883,36.5612887712814
249.4789160441552,101.35279875484679
249.4882514324221,123.75646992297139
249.49758682068898,143.08635439856096
249.50692220895584,26.650466001328905
249.51625759722273,151.40191728889894
249.52559298548962,136.78621052710687
249.5349283737565,12.039231728480317
249.54426376202338,10.018205463901126
249.55359915029027,188.26595956240365
249.56293453855713,34.01815555851471
249.57226992682402,46.52077901068101
249.5816053150909,91.01781448274417
249.59094070335777,21.68349267113639
249.60027609162466,37.564444905348395
249.60961147989156,35.03236546977098
249.61894686815845,7.6427712828263985
249.6282822564253,26.527841709774265
249.6376176446922,0.10315479508642757
249.6469530329591,8.433083400529839
249.65628842122595,11.37407312259728
249.66562380949284,7.6671565148421985
249.67495919775973,47.97699653231736
249.6842945860266,13.490562362362663
249.6936299742935,169.6419248485267
249.70296536256038,32.10643904255925
249.71230075082727,197.33026678774198
249.72163613909413,103.73924829666716
249.73097152736102,60.501060454664334
249.7403069156279,45.789825505480714
249.74964230389477,5.284481063017376
249.75897769216166,12.960064032683292
249.76831308042856,82.80515808032459
249.77764846869542,4.077413902492712
249.7869838569623,14.842237478368478
249.7963192452292,19.80353545008701
249.80565463349606,70.41769675588309
249.81499002176295,3.5680357128854086
249.82432541002984,2.0948996155442114
249.83366079829673,6.5120349288038115
249.8429961865636,80.38062432533347
249.8523315748305,12.752893956679475
249.86166696309738,41.080014423715916
249.87100235136424,49.03072592764276
249.88033773963113,115.04792064767848
249.88967312789802,7.804537017853944
249.89900851616488,0.06393940941342947
249.90834390443177,64.17568230021281
249.91767929269866,81.06422964270295
249.92701468096553,61.900901624034596
249.93635006923242,4.083287885606146
249.9456854574993,128.48743904741468
249.9550208457662,27.03001628478887
249.96435623403306,94.82831593610462
249.97369162229995,24.67503219456083
249.98302701056684,16.0789001039065
249.9923623988337,146.8994491376923
250.0016977871006,33.37637768909578
250.0110331753675,29.936619402292138
250.02036856363435,96.30011413743657
250.02970395190124,64.97824109792668
250.03903934016813,43.71855718226538
250.048374728435,21.02146644922306
250.05771011670188,85.90232966233727
250.06704550496877,71.88380988397697
250.07638089323567,17.93614464178014
250.08571628150253,46.35127237591665
250.09505166976942,61.401206383444894
250.1043870580363,11.942406719576507
250.11372244630317,8.927907435067242
250.12305783457006,15.507976447735025
250.13239322283695,25.460522651375303
250.14172861110382,4.403609943147694
250.1510639993707,45.63534884278154
250.1603993876376,5.198960857383285
250.16973477590446,26.08033217287856
250.17907016417135,9.93388380916169
250.18840555243824,62.39088813585023
250.19774094070513,52.77632258143123
250.207076328972,99.07133258224995
250.21641171723888,73.65726361360295
250.22574710550577,66.13061456666522
250.23508249377264,29.196464911115992
250.24441788203953,50.37799024445114
250.25375327030642,38.48702461659292
250.26308865857328,2.4743421965515093
250.27242404684017,35.687738676377414
250.28175943510706,21.986001065096115
250.29109482337395,39.548872208134625
250.30043021164082,30.704370762865192
250.3097655999077,59.290118033509216
250.3191009881746,8.39609809640334
250.32843637644146,12.40143941337927
250.33777176470835,99.12347109687651
250.34710715297524,8.275598682489788
250.3564425412421,29.518794658067947
250.365777929509,109.51773242347413
250.37511331777588,58.828047100458136
250.38444870604275,110.90233341827418
250.39378409430964,187.0256714194496
250.40311948257653,121.43910515244563
250.41245487084342,31.035193428437083
250.42179025911028,29.12846149293181
250.43112564737717,15.494967488206992
250.44046103564406,43.89637347399412
250.44979642391093,15.153816787984065
250.45913181217782,73.49574720023227
250.4684672004447,0.5614403993102997
250.47780258871157,26.992348830565355
250.48713797697846,12.790174323432993
250.49647336524535,54.415244961179184
250.5058087535122,4.665406088046241
250.5151441417791,9.639262173990115
250.524479530046,74.53004203816582
250.53381491831288,70.56162215635783
250.54315030657975,95.55012995194429
250.55248569484664,90.81164899753249
250.56182108311353,171.88255703695657
250.5711564713804,42.76160420674199
250.58049185964728,38.839531939504354
250.58982724791417,39.09443470936187
250.59916263618103,37.920973744703346
250.60849802444793,7.151283553150904
250.61783341271482,42.7247087979346
250.62716880098168,44.26057737803741
250.63650418924857,17.925019336129903
250.64583957751546,54.86259122808397
250.65517496578235,13.733827357121665
250.6645103540492,78.84975558900557
250.6738457423161,12.620741561416043
250.683181130583,57.068731906805624
250.69251651884986,28.187184148498933
250.70185190711675,76.68426276906791
250.71118729538364,12.240863770008126
250.7205226836505,1.8522172294069534
250.7298580719174,4.886912835048507
250.73919346018428,156.80869046470642
250.74852884845114,130.83144986715646
250.75786423671804,84.19834733804038
250.76719962498493,173.2781193168098
250.77653501325182,164.1872064298773
250.78587040151868,108.69127759483715
250.79520578978557,146.404642066411
250.80454117805246,157.10116622009784
250.81387656631932,12.324820388069258
250.8232119545862,4.410852836515086
250.8325473428531,37.931020824517226
250.84188273111997,17.800491893088935
250.85121811938686,3.940345256613382
250.86055350765375,21.66272570389011
250.86988889592064,21.807701912936817
250.8792242841875,2.359447691416082
250.8885596724544,3.7634951055197696
250.89789506072128,52.78370718897842
250.90723044898814,7.664535036270643
250.91656583725504,0.6364372584531357
250.92590122552193,21.523051228836874
250.9352366137888,11.660996698000718
250.94457200205568,34.43204951227109
250.95390739032257,141.35199669249303
250.96324277858943,64.0144132283154
250.97257816685632,156.16068917551652
250.9819135551232,92.94651564690515
250.9912489433901,111.51092905952581
251.00058433165697,95.84340290503872
251.00991971992386,13.31995306202108
251.01925510819075,82.95182847133992
251.0285904964576,146.9152298862405
251.0379258847245,63.091889285684786
251.0472612729914,156.25540970136953
251.05659666125825,79.01612798025207
251.06593204952514,0.03645354930692168
251.07526743779204,1.9239951500963377
251.0846028260589,65.74418527434594
251.0939382143258,24.810858350733415
251.10327360259268,9.207682557885057
251.11260899085957,28.05834855184631
251.12194437912643,92.33191995743711
251.13127976739332,47.180606673620765
251.1406151556602,19.080519742140513
251.14995054392708,0.6229931692473177
251.15928593219397,36.815374225451485
251.16862132046086,46.10769602510735
251.17795670872772,14.11520467813152
251.1872920969946,11.263210623082985
251.1966274852615,39.830222028569196
251.20596287352836,40.11969982625112
251.21529826179525,108.7384028444555
251.22463365006215,55.485148876925535
251.23396903832904,44.15372734093815
251.2433044265959,46.37528067013611
251.2526398148628,61.28226822300373
251.26197520312968,15.966107600333942
251.27131059139654,0.5384427739383224
251.28064597966343,112.82280383634847
251.28998136793032,11.277296189032631
251.2993167561972,11.00597263852928
251.30865214446408,40.42355408071316
251.31798753273097,48.82834237718752
251.32732292099786,1.9051504066068679
251.33665830926472,120.78452287971069
251.3459936975316,4.2516627575446995
251.3553290857985,43.668430139100494
251.36466447406536,169.20042465398626
251.37399986233225,9.282837504704284
251.38333525059915,10.851029158052256
251.392670638866,31.23185830288164
251.4020060271329,32.71766919312934
251.4113414153998,39.875119543057295
251.42067680366665,33.26732410462497
251.43001219193354,101.56714035919057
251.43934758020043,81.99118715045049
251.44868296846732,77.12698209457639
251.4580183567342,48.624688320733405
251.46735374500108,26.338572366715905
251.47668913326797,66.81373521432394
251.48602452153483,17.82642793410107
251.49535990980172,55.10691536061947
251.5046952980686,16.011430737785098
251.51403068633547,6.247573381668453
251.52336607460236,203.8366482326148
251.53270146286926,52.01741376086184
251.54203685113612,9.845090808475444
251.551372239403,84.10625602918093
251.5607076276699,193.520135874539
251.5700430159368,10.0153169765736
251.57937840420365,38.75453629694791
251.58871379247054,108.21506495322645
251.59804918073743,148.1406300011348
251.6073845690043,24.278250393240572
251.6167199572712,180.98189625702787
251.62605534553808,47.36191969629443
251.63539073380494,81.51366281020718
251.64472612207183,216.76503167084874
251.65406151033872,68.36333536000684
251.66339689860558,3.9295269954253604
251.67273228687247,216.62575107272497
251.68206767513936,123.68365105572477
251.69140306340626,182.73202067359946
251.70073845167312,198.4047770994787
251.71007383994,66.35361443592308
251.7194092282069,163.17869827225417
251.72874461647376,27.514197555065618
251.73808000474065,93.14189875960663
251.74741539300754,14.319402866306712
251.7567507812744,46.35060389483107
251.7660861695413,78.73660783223673
251.7754215578082,103.8159550496304
251.78475694607505,6.0756924939246355
251.79409233434194,52.0288816626817
251.80342772260883,58.59654700435804
251.81276311087572,86.33546209111421
251.82209849914258,20.54474416866653
251.83143388740947,100.08973724329792
251.84076927567637,0.07400815981221211
251.85010466394323,126.62242756511691
251.85944005221012,25.64500094194716
251.868775440477,46.16975814323518
251.87811082874387,58.394853478541116
251.88744621701076,49.988701820014306
251.89678160527765,45.72186050890413
251.90611699354454,0.48236084081993413
251.9154523818114,65.1079597201295
251.9247877700783,25.70660448135028
251.9341231583452,22.258396330324064
251.94345854661205,6.895018646533885
251.95279393487894,27.947055642980377
251.96212932314583,4.957694798592814
251.9714647114127,57.50464233573988
251.98080009967958,37.587814556301446
251.99013548794647,7.230498463811307
251.99947087621334,52.037606189775175
252.00880626448023,49.46471972327473
252.01814165274712,4.258397093680849
252.027477041014,10.507840939136248
252.03681242928087,5.058709690898109
252.04614781754776,53.72824042941233
252.05548320581465,25.02489793390034
252.06481859408152,3.7867982395272803
252.0741539823484,38.519638507564544
252.0834893706153,22.46093976568115
252.09282475888216,5.7404458950275865
252.10216014714905,37.592755788139414
252.11149553541594,86.09946651378556
252.1208309236828,77.75915145454476
252.1301663119497,237.38838276532184
252.13950170021658,155.11297764076267
252.14883708848348,72.80664627562346
252.15817247675034,93.77953143491078
252.16750786501723,3.1572749868395293
252.17684325328412,105.80545775226467
252.18617864155098,23.77539310593102
252.19551402981787,27.749392492406642
252.20484941808476,49.84560285951088
252.21418480635162,74.84673492213138
252.22352019461852,19.163477655628256
252.2328555828854,7.365380024843285
252.24219097115227,32.517575300016276
252.25152635941916,23.21189059742957
252.26086174768605,83.18658096503086
252.27019713595294,8.96766411589571
252.2795325242198,59.41639957386303
252.2888679124867,99.99291104836027
252.29820330075358,2.390532389253536
252.30753868902045,28.495902079595627
252.31687407728734,166.9285195402891
252.32620946555423,25.9150102882331
252.3355448538211,92.78867034243402
252.34488024208798,138.82694913602984
252.35421563035487,11.505813001025883
252.36355101862173,22.11898238573609
252.37288640688863,34.0083608053275
252.38222179515552,2.226359697377613
252.3915571834224,16.911737761814663
252.40089257168927,44.13083539937038
252.41022795995616,84.57579452145494
252.41956334822305,116.45413695841154
252.4288987364899,77.46434193123082
252.4382341247568,29.436225110573528
252.4475695130237,10.420541370226816
252.45690490129056,61.29435735700408
252.46624028955745,80.92012752729494
252.47557567782434,7.175994538797307
252.48491106609123,51.046950000360354
252.4942464543581,86.83698168119498
252.50358184262498,52.614692704078024
252.51291723089187,0.15476702992103908
252.52225261915873,76.87896225813786
252.53158800742563,135.83850601420636
252.54092339569252,38.07846731215809
252.55025878395938,2.9875704342331337
252.55959417222627,201.0631343019725
252.56892956049316,44.36035055120093
252.57826494876002,36.88211124856164
252.5876003370269,47.186370560461576
252.5969357252938,53.15083865382299
252.6062711135607,5.562559031070432
252.61560650182756,147.9813092852758
252.62494189009445,95.24532851942043
252.63427727836134,57.552514571875925
252.6436126666282,161.91904913096613
252.6529480548951,11.51558474198799
252.66228344316198,36.47359838928794
252.67161883142884,6.785927118583152
252.68095421969574,166.4128506700776
252.69028960796263,19.323355109081938
252.6996249962295,7.907817015356955
252.70896038449638,60.30378092565474
252.71829577276327,102.78143500466616
252.72763116103016,118.23559251060709
252.73696654929702,175.86168624922783
252.7463019375639,68.56883264412666
252.7556373258308,14.122359766404978
252.76497271409767,43.73627953634433
252.77430810236456,3.3020170321791036
252.78364349063145,0.7806734854095305
252.7929788788983,17.75957659493308
252.8023142671652,2.650880019518057
252.8116496554321,2.7571243283601747
252.82098504369895,3.133420691925245
252.83032043196584,28.218370297165603
252.83965582023274,72.8536082941004
252.84899120849963,32.02147937765711
252.8583265967665,17.088449014794527
252.86766198503338,18.773450006614265
252.87699737330027,68.69900437256163
252.88633276156713,54.727673687531976
252.89566814983402,124.615550111037
252.9050035381009,96.21613106577428
252.91433892636778,22.115641064035138
252.92367431463467,59.39576493584444
252.93300970290156,6.292088543094654
252.94234509116842,6.652986750556146
252.9516804794353,7.650055098646881
252.9610158677022,50.364170798160686
252.9703512559691,6.894789927615174
252.97968664423595,0.7412737822502431
252.98902203250285,21.453597136457297
252.99835742076974,1.3790749125604265
253.0076928090366,0.9374425415396209
253.0170281973035,18.381868833923566
253.02636358557038,4.122468254491853
253.03569897383724,0.7862131451727471
253.04503436210413,57.93889473357112
253.05436975037102,28.550652823684544
253.0637051386379,8.39005809883068
253.07304052690478,178.77179296746507
253.08237591517167,30.404986030640053
253.09171130343856,1.1472375594511615
253.10104669170542,129.3630565446537
253.1103820799723,14.713488012249352
253.1197174682392,3.323214063724429
253.12905285650606,57.46197371475496
253.13838824477295,70.30192887445507
253.14772363303985,12.335766921838566
253.1570590213067,3.106986858954237
253.1663944095736,96.54456136313112
253.1757297978405,19.56902989014656
253.18506518610738,4.4435363722562755
253.19440057437424,20.616372351058306
253.20373596264113,39.97820443037269
253.21307135090802,0.57435123017922
253.2224067391749,8.038834705277276
253.23174212744178,71.95457426709771
253.24107751570867,15.44247873133191
253.25041290397553,5.488587144595661
253.25974829224242,172.59861030834105
253.2690836805093,86.02913646459905
253.27841906877617,52.96919985507102
253.28775445704306,141.11703616036294
253.29708984530996,51.37203849754837
253.30642523357685,3.3536297644746518
253.3157606218437,25.860210435952606
253.3250960101106,98.72343496491928
253.3344313983775,6.371645503154414
253.34376678664435,63.382744089981024
253.35310217491124,10.478169473671027
253.36243756317813,47.82262700110032
253.371772951445,11.248059513099168
253.3811083397119,210.76185909699635
253.39044372797878,176.11205431413745
253.39977911624564,16.713743339386404
253.40911450451253,248.18202063590692
253.41844989277942,4.787356794777011
253.4277852810463,63.77203050820489
253.43712066931317,185.61890141017926
253.44645605758006,0.16927978116847098
253.45579144584696,18.27932108856518
253.46512683411382,105.89533489265102
253.4744622223807,103.70540896088153
253.4837976106476,19.557649328179203
253.49313299891446,6.482586350614613
253.50246838718135,1.4964137515868783
253.51180377544824,40.24188968553199
253.5211391637151,25.539099087294993
253.530474551982,37.535686809745336
253.5398099402489,54.46879990175559
253.54914532851578,10.785959254248985
253.55848071678264,1.338698046950937
253.56781610504953,10.17196661165036
253.57715149331642,58.793251309755874
253.58648688158328,127.74031993046496
253.59582226985017,110.7162995187484
253.60515765811707,4.955944220857629
253.61449304638393,29.033950298194814
253.62382843465082,5.315500137055411
253.6331638229177,156.81675903627195
253.6424992111846,13.13245186345654
253.65183459945146,39.968437603024356
253.66116998771835,29.161919622874507
253.67050537598524,88.18309934398886
253.6798407642521,61.7499432359226
253.689176152519,31.13572110374871
253.6985115407859,300.63803709621664
253.70784692905275,207.12043453424468
253.71718231731964,25.01319542258625
253.72651770558653,251.69618700105605
253.7358530938534,8.32073988373445
253.74518848212028,47.136496153402135
253.75452387038717,11.630329103996589
253.76385925865407,50.33551088926008
253.77319464692093,114.09819898988431
253.78253003518782,13.99717265419609
253.7918654234547,33.10066218591179
253.80120081172157,111.06595715185576
253.81053619998846,14.600950817048917
253.81987158825535,19.451346621797622
253.82920697652222,4.016220914189971
253.8385423647891,220.42621851819464
253.847877753056,84.92778511119579
253.85721314132286,13.92962313703552
253.86654852958975,77.04858425274868
253.87588391785664,55.51693279903337
253.88521930612353,217.48510383218255
253.8945546943904,17.119044307515946
253.90389008265728,74.37290247213697
253.91322547092417,85.74252355290957
253.92256085919104,160.92203723998708
253.93189624745793,29.17570915700256
253.94123163572482,44.70215919000934
253.95056702399168,41.28947223044751
253.95990241225857,135.83205587908648
253.96923780052546,103.12521728029333
253.97857318879232,287.79760618378026
253.98790857705922,314.49708807163915
253.9972439653261,239.72340690953183
254.006579353593,95.62127950123974
254.01591474185986,17.459909704635123
254.02525013012675,27.352729353440125
254.03458551839364,132.57378755692974
254.0439209066605,13.659717953398653
254.0532562949274,8.25989179540977
254.06259168319428,35.46403782534776
254.07192707146115,144.90547498678131
254.08126245972804,2.880204127698051
254.09059784799493,38.599213543787826
254.09993323626182,32.52378934646631
254.10926862452868,47.76229625337787
254.11860401279557,18.87773335799623
254.12793940106246,15.475303960218277
254.13727478932933,14.294786992554073
254.14661017759622,19.970262647959217
254.1559455658631,27.71734820209355
254.16528095412997,11.005902595026916
254.17461634239686,12.430593995786268
254.18395173066375,164.73703722733077
254.1932871189306,18.948192697627128
254.2026225071975,33.77873798449261
254.2119578954644,180.01911090927106
254.22129328373128,18.351088079478274
254.23062867199815,34.08398690950393
254.23996406026504,67.30101909032277
254.24929944853193,38.81756990952492
254.2586348367988,35.9692374908877
254.26797022506568,4.386500021427055
254.27730561333257,63.528113429476775
254.28664100159943,51.583701557910544
254.29597638986633,5.93400694462045
254.30531177813322,23.22661139483501
254.31464716640008,18.548557085506925
254.32398255466697,89.11549323009969
254.33331794293386,8.383842503346319
254.34265333120075,5.182599498575616
254.3519887194676,207.5029024445719
254.3613241077345,4.958079063616429
254.3706594960014,59.695759385910755
254.37999488426826,18.992794291871736
254.38933027253515,115.4609634768993
254.39866566080204,89.72589221678187
254.4080010490689,4.245180076158749
254.4173364373358,43.604557057096166
254.42667182560268,106.51554948929443
254.43600721386954,2.0193502603185367
254.44534260213644,2.4061277594366706
254.45467799040333,121.21541706498103
254.46401337867022,19.09287790994712
254.47334876693708,35.64215750375655
254.48268415520397,16.517253144941865
254.49201954347086,108.89333005690658
254.50135493173772,67.7035002840756
254.5106903200046,55.317374194872144
254.5200257082715,174.5520962341665
254.52936109653837,61.95355006399018
254.53869648480526,76.07044614235524
254.54803187307215,42.05047238468305
254.557367261339,4.696093816018954
254.5667026496059,136.25192764413353
254.5760380378728,28.827579032757072
254.58537342613968,0.07173267570649114
254.59470881440654,97.90560181143614
254.60404420267344,41.333233579423904
254.61337959094033,19.925897531167106
254.6227149792072,19.547015753158657
254.63205036747408,41.45568310233773
254.64138575574097,132.89441709656103
254.65072114400783,20.964400479666406
254.66005653227472,5.424973314757005
254.6693919205416,183.96027088248334
254.6787273088085,72.1885923565888
254.68806269707537,6.622925302527772
254.69739808534226,113.17749436323076
254.70673347360915,18.186570417105372
254.716068861876,7.24981856819919
254.7254042501429,175.84043744650114
254.7347396384098,68.74059716163639
254.74407502667665,0.7557669108261839
254.75341041494354,47.770195179034324
254.76274580321044,7.991402229523942
254.7720811914773,64.22617146626237
254.7814165797442,180.33557734431884
254.79075196801108,107.01612115511192
254.80008735627797,11.873702701239056
254.80942274454483,17.779059287098036
254.81875813281172,44.119947228346554
254.8280935210786,56.56556676085892
254.83742890934548,83.30339707353708
254.84676429761237,195.3202511168146
254.85609968587926,13.553551076388688
254.86543507414612,12.104035527729074
254.874770462413,11.904956092472208
254.8841058506799,83.61786510752884
254.89344123894676,78.49268472929677
254.90277662721365,30.146599513219485
254.91211201548055,1.6255454179701916
254.92144740374744,139.51009855130914
254.9307827920143,97.81551770788168
254.9401181802812,13.63647181244569
254.94945356854808,75.61727665087095
254.95878895681494,66.77759410348676
254.96812434508183,18.473911743181333
254.97745973334872,28.525262365155466
254.9867951216156,0.32015228628205883
254.99613050988248,122.13564900956771
255.00546589814937,113.2562089266457
255.01480128641623,54.17740503038633
255.02413667468312,56.03127996111466
255.03347206295,9.014735517570285
255.0428074512169,9.92188985754674
255.05214283948376,38.43797368908101
255.06147822775065,18.589806031446557
255.07081361601755,43.4538322738871
255.0801490042844,58.93877241244935
255.0894843925513,42.67036208103075
255.0988197808182,57.83197094512318
255.10815516908505,28.66279428452949
255.11749055735194,29.108861950844233
255.12682594561883,4.660189947152995
255.1361613338857,13.754310151126768
255.1454967221526,124.868441563354
255.15483211041948,15.293098639864425
255.16416749868637,90.56611032854434
255.17350288695323,136.65560875706572
255.18283827522012,61.172733535620814
255.192173663487,39.34758017995247
255.20150905175387,2.8285914456982715
255.21084444002076,204.0043590114184
255.22017982828766,6.765480934344841
255.22951521655452,57.921656638903784
255.2388506048214,87.6702278515396
255.2481859930883,59.326435368101706
255.2575213813552,38.90311707643501
255.26685676962205,12.222453914061427
255.27619215788894,79.59536912659863
255.28552754615583,17.539867015063237
255.2948629344227,7.155847800339088
255.3041983226896,52.444648129701534
255.31353371095648,18.898232906324587
255.32286909922334,1.6676984244940198
255.33220448749023,2.1644439811241125
255.34153987575712,99.33719679167505
255.35087526402398,3.4683456866205757
255.36021065229087,41.27464764584905
255.36954604055776,80.64333167797892
255.37888142882466,127.17175578909799
255.38821681709152,13.498455957300393
255.3975522053584,3.9075213267350835
255.4068875936253,124.66560619996035
255.41622298189216,124.07035019337465
255.42555837015905,63.398405888985764
255.43489375842594,26.136423658011353
255.4442291466928,71.73791723659932
255.4535645349597,275.8568470948843
255.4628999232266,148.84727507922253
255.47223531149345,56.037272182163925
255.48157069976034,74.97658501270092
255.49090608802723,36.59654024354466
255.50024147629412,1.0486175952542873
255.50957686456098,181.55321732110556
255.51891225282787,0.4247495954378786
255.52824764109477,61.52238983166592
255.53758302936163,72.37398089675965
255.54691841762852,73.50946977556328
255.5562538058954,24.041829904107214
255.56558919416227,346.13884208556715
255.57492458242916,5.893170221849544
255.58425997069605,18.928024218847376
255.59359535896292,68.75328092172221
255.6029307472298,160.47740305097685
255.6122661354967,53.87921798755409
255.6216015237636,148.53517485063173
255.63093691203045,6.546493187644055
255.64027230029734,52.049363049200565
255.64960768856423,189.56564057236758
255.6589430768311,58.707857784073944
255.66827846509798,0.5815132706167429
255.67761385336487,9.311746016369332
255.68694924163174,22.91544317879752
255.69628462989863,54.518702817801575
255.70562001816552,62.429661214791146
255.71495540643238,12.990548519467039
255.72429079469927,53.37540493634558
255.73362618296616,62.584325963719394
255.74296157123305,14.928565229587063
255.75229695949992,4.2888928644508395
255.7616323477668,2.4178848016102723
255.7709677360337,5.710753969920978
255.78030312430056,32.63534986832208
255.78963851256745,16.266953011261815
255.79897390083434,3.171308817002139
255.8083092891012,0.7983707432090426
255.8176446773681,3.2077974734962056
255.82698006563498,4.087182721482578
255.83631545390188,2.787316787703341
255.84565084216874,83.38644731632827
255.85498623043563,166.92608705361218
255.86432161870252,128.3202253373647
255.87365700696938,199.53525293401586
255.88299239523627,58.45674029807395
255.89232778350316,22.503028564928464
255.90166317177002,101.55393310126988
255.91099856003692,26.91886193875162
255.9203339483038,28.144932341769856
255.92966933657067,112.8065259869744
255.93900472483756,30.75789930406174
255.94834011310445,102.1861806711797
255.95767550137134,20.540330712312166
255.9670108896382,12.416952991865909
255.9763462779051,76.60783107931981
255.98568166617198,11.283191717648844
255.99501705443885,26.178817430285825
256.00435244270574,11.251432925144027
256.01368783097263,68.20363613601099
256.0230232192395,78.61909926919691
256.0323586075064,52.32187901213028
256.04169399577324,146.25678660843093
256.05102938404013,81.57866175648175
256.060364772307,5.561621936924736
256.0697001605739,1.0200692778035285
256.0790355488408,68.66413140904665
256.0883709371077,64.41436150458553
256.09770632537453,1.4107387782922949
256.1070417136414,45.891393701734394
256.1163771019083,31.054699986222143
256.1257124901752,75.46095324613933
256.1350478784421,120.2147682844561
256.144383266709,28.90410134936633
256.1537186549759,5.848528340773356
256.1630540432427,30.278713007885084
256.1723894315096,85.41383257383683
256.1817248197765,145.065755370543
256.1910602080434,14.582116345474333
256.2003955963103,62.76911177308866
256.20973098457716,45.26875835781383
256.219066372844,246.54881261304604
256.2284017611109,80.68487127987369
256.2377371493778,181.8450192650597
256.24707253764467,117.34455718002648
256.25640792591156,26.939839278079866
256.26574331417845,50.36362488130335
256.27507870244534,25.757180605421382
256.2844140907122,113.21750575885916
256.29374947897907,230.22139652483438
256.30308486724596,2.8865045998266465
256.31242025551285,23.3445830317402
256.32175564377974,10.176455534806784
256.33109103204663,289.7721300970902
256.34042642031346,21.968358320096897
256.34976180858035,84.9573266538197
256.35909719684724,123.26898004569257
256.36843258511414,146.79055760709545
256.377767973381,19.653663012847197
256.3871033616479,14.15616193412452
256.3964387499148,91.1074194296122
256.40577413818164,5.972912678523614
256.41510952644853,9.934583955835436
256.4244449147154,11.509095083532355
256.4337803029823,13.143978212704654
256.4431156912492,25.928942801097314
256.4524510795161,28.20704453999061
256.46178646778293,27.566739247955702
256.4711218560498,138.4990294671841
256.4804572443167,66.9710792284696
256.4897926325836,71.24057679083141
256.4991280208505,161.70627860162386
256.5084634091174,1.2348633795189237
256.5177987973843,25.786369339295643
256.5271341856511,83.22338593246064
256.536469573918,105.45067667309995
256.5458049621849,21.545809755668294
256.5551403504518,44.4039731351308
256.56447573871867,32.45567274986606
256.57381112698556,34.90030819005975
256.5831465152524,78.43234615940109
256.5924819035193,18.146616444368593
256.6018172917862,55.23009528014395
256.61115268005307,16.953959400799036
256.62048806831996,36.66487332750988
256.62982345658685,62.19660163312679
256.63915884485374,89.44505645274901
256.6484942331206,34.21511373780383
256.65782962138746,70.4610230034078
256.66716500965435,7.454054303129115
256.67650039792125,25.619080327144196
256.68583578618814,70.04619179906463
256.695171174455,5.155237224872062
256.7045065627219,18.395853813171595
256.71384195098875,12.471645295276394
256.72317733925564,77.87223028471202
256.73251272752253,28.930178290228294
256.7418481157894,42.9619380792866
256.7511835040563,105.51268476205188
256.7605188923232,32.9652353152365
256.76985428059004,43.25905210008901
256.77918966885693,73.62342166684184
256.7885250571238,11.97622730796053
256.7978604453907,80.43123615027261
256.8071958336576,221.15210799256838
256.8165312219245,369.31388181459596
256.8258666101914,122.8571713725538
256.8352019984582,98.00535906937579
256.8445373867251,507.6762478645042
256.853872774992,26.67490448564442
256.8632081632589,6.340475570823979
256.8725435515258,179.10537464417527
256.88187893979267,83.91663917966534
256.8912143280595,14.950833289508688
256.9005497163264,264.34853075754705
256.9098851045933,97.73073733002286
256.9192204928602,18.91345460134246
256.92855588112707,176.51610063566227
256.93789126939396,86.60376101799048
256.94722665766085,70.72529258226034
256.9565620459277,120.57307778903888
256.9658974341946,85.10366741793746
256.97523282246146,134.28854477800476
256.98456821072836,29.55316825228202
256.99390359899525,208.72374766833198
257.00323898726214,109.0396839838624
257.01257437552897,113.61847426469923
257.02190976379586,75.05014723956232
257.03124515206275,43.20010055740037
257.04058054032964,214.50208912635276
257.04991592859653,119.44577350546336
257.0592513168634,59.70003110168263
257.0685867051303,32.62780255648392
257.07792209339715,42.53257178284503
257.08725748166404,37.25823904539989
257.09659286993093,35.97543455285696
257.1059282581978,43.198687560383
257.1152636464647,66.41588978793746
257.1245990347316,2.9516174593786273
257.13393442299844,15.472002101758923
257.1432698112653,0.7350862599266008
257.1526051995322,138.8398911260955
257.1619405877991,12.549783100280063
257.171275976066,74.16918222791615
257.1806113643329,43.49463943711607
257.1899467525998,164.88809586263048
257.1992821408666,88.09942781776356
257.2086175291335,18.204331412550538
257.2179529174004,15.737895476476009
257.2272883056673,72.36384485237656
257.2366236939342,155.68716890226048
257.24595908220107,117.98402122223578
257.2552944704679,100.47884536472658
257.2646298587348,50.080517937830734
257.2739652470017,10.010495363032737
257.2833006352686,75.37008869059628
257.29263602353547,27.28690058993444
257.30197141180236,206.03243070192642
257.31130680006925,158.9618058044045
257.3206421883361,61.77550537108563
257.32997757660297,162.35933813300278
257.33931296486986,63.83054461594651
257.34864835313675,22.5308872985213
257.35798374140364,22.307264142693246
257.36731912967053,157.54210474943838
257.37665451793737,16.152904883505084
257.38598990620426,38.95527632818586
257.39532529447115,178.4477123593341
257.40466068273804,24.491470760514293
257.41399607100493,53.47472710822607
257.4233314592718,40.08505442607613
257.4326668475387,364.2611624292998
257.44200223580555,83.34225934307699
257.45133762407244,126.50396935032178
257.4606730123393,97.42805737603264
257.4700084006062,209.5043709333085
257.4793437888731,129.3057586130729
257.48867917714,189.3003992486096
257.49801456540683,308.1624438731757
257.5073499536737,144.15043061567803
257.5166853419406,221.55715175575992
257.5260207302075,188.92368191184767
257.5353561184744,140.62852276191936
257.5446915067413,129.65898266810706
257.5540268950082,33.79701286289042
257.563362283275,34.427937187440996
257.5726976715419,58.86450877826805
257.5820330598088,202.87983200934542
257.5913684480757,33.628719496463894
257.6007038363426,19.036607901333657
257.61003922460947,78.23847448095916
257.6193746128763,20.325320424596775
257.6287100011432,40.857442347149124
257.6380453894101,78.61352363368657
257.647380777677,3.9618758034208787
257.65671616594386,3.802630786995059
257.66605155421075,13.508264047458194
257.67538694247764,0.2645884591046965
257.6847223307445,0.6807355248744045
257.69405771901137,2.7605624558736954
257.70339310727826,48.044308336314515
257.71272849554515,7.921507699660375
257.72206388381204,1.8503436012611045
257.73139927207893,46.5942628253951
257.7407346603458,20.55715534624696
257.75007004861266,14.024812919147811
257.75940543687955,44.840269009632976
257.76874082514644,64.51658602773198
257.7780762134133,1.5516624228993277
257.7874116016802,9.074867200450557
257.7967469899471,203.5809042147861
257.80608237821394,1.40893871878633
257.81541776648083,22.43400504151713
257.8247531547477,86.33785584994378
257.8340885430146,15.931873995622215
257.8434239312815,20.093416385437234
257.8527593195484,11.810472461308064
257.8620947078153,28.848474229067378
257.8714300960821,65.73906538973371
257.880765484349,25.622175095551658
257.8901008726159,26.760653783549742
257.8994362608828,7.234301595878829
257.9087716491497,2.575321154822848
257.9181070374166,15.828811139531073
257.9274424256834,58.460651979229944
257.9367778139503,55.108034977920276
257.9461132022172,53.45881022548243
257.9554485904841,22.382431799920887
257.964783978751,14.142719834174235
257.97411936701786,6.062820519150403
257.98345475528475,61.91463040293225
257.9927901435516,46.273342490706916
258.0021255318185,12.71829793666526
258.01146092008537,38.55109071033528
258.02079630835226,60.51294471093939
258.03013169661915,129.1994945753751
258.03946708488604,49.8736390778284
258.0488024731529,31.56402416040417
258.05813786141977,62.19479692399
258.06747324968666,504.2957889536382
258.07680863795355,117.29964034098057
258.08614402622044,45.59926228276822
258.09547941448733,151.3734640161128
258.1048148027542,5.054003629374428
258.11415019102105,16.567587369268104
258.12348557928794,26.226462911953814
258.13282096755484,1.841034565532559
258.1421563558217,4.681929023875339
258.1514917440886,14.55742704282826
258.1608271323555,5.802394805333255
258.17016252062234,5.928850053098552
258.17949790888923,14.307661284361524
258.1888332971561,14.970830540241925
258.198168685423,8.820617997389279
258.2075040736899,27.112019927848017
258.2168394619568,7.8065279808188865
258.2261748502237,45.404805697079524
258.2355102384905,52.73603527426546
258.2448456267574,51.54496723833829
258.2541810150243,19.35569200463897
258.2635164032912,60.88156143189811
258.2728517915581,94.01875961156478
258.282187179825,120.06751583793309
258.2915225680918,7.75481768277214
258.3008579563587,85.63226941380897
258.3101933446256,6.8602468980174764
258.3195287328925,94.94044886976464
258.32886412115937,51.46927176786258
258.33819950942626,44.85252526678318
258.34753489769315,254.74646727550476
258.35687028596,14.49919299928909
258.3662056742269,179.9348848090299
258.37554106249377,100.93270489707778
258.38487645076066,72.2009481394176
258.39421183902755,54.53513536682928
258.40354722729444,40.356009838893854
258.4128826155613,166.34077387915085
258.42221800382816,11.661165004148923
258.43155339209505,60.693591638916175
258.44088878036195,32.2780778967539
258.45022416862884,5.111654378537259
258.4595595568957,16.612532465700905
258.4688949451626,30.917725109771347
258.47823033342945,38.007719330036934
258.48756572169634,9.872878699006298
258.49690110996323,9.111001779004468
258.5062364982301,16.013144495748527
258.515571886497,25.19827569406316
258.5249072747639,58.93640902273369
258.53424266303074,13.448891229238264
258.54357805129763,25.092573625758547
258.5529134395645,6.455604036337077
258.5622488278314,30.479424901838005
258.5715842160983,16.613694838930588
258.5809196043652,5.87278575392684
258.5902549926321,41.602578062043875
258.5995903808989,12.147893457557538
258.6089257691658,61.27160965560461
258.6182611574327,95.56261939720196
258.6275965456996,32.839630987826325
258.6369319339665,50.23786517809274
258.64626732223337,48.51550653907621
258.6556027105002,5.317312733437809
258.6649380987671,12.451330552808376
258.674273487034,2.114274224248738
258.6836088753009,22.193734668518246
258.69294426356777,27.040179606807232
258.70227965183466,15.333820125405577
258.71161504010155,1.5929527924763582
258.7209504283684,58.523219377101704
258.7302858166353,38.13707645999006
258.73962120490216,23.874995176815744
258.74895659316905,86.2270017067747
258.75829198143595,32.306424213974346
258.76762736970284,25.944123634440505
258.77696275796967,2.434060485577302
258.78629814623656,4.404330448209573
258.79563353450345,1.3167322754839297
258.80496892277034,21.66993168026537
258.81430431103723,6.686541672575921
258.8236396993041,32.71797717159945
258.832975087571,76.31797558577007
258.84231047583785,19.845128392490377
258.85164586410474,50.638862560169706
258.86098125237163,4.223483249645211
258.8703166406385,49.776337419109005
258.8796520289054,2.179114640848126
258.8889874171723,50.34390505028104
258.8983228054392,30.019090618814882
258.907658193706,31.554462730834906
258.9169935819729,29.0124540778661
258.9263289702398,49.87655872868943
258.9356643585067,58.90515966096805
258.9449997467736,27.37214412690601
258.9543351350405,84.52866906155214
258.9636705233073,28.08987431032494
258.9730059115742,5.130120672575889
258.9823412998411,12.768588295097853
258.991676688108,47.93039005800744
259.0010120763749,3.762859710637776
259.01034746464177,16.21627767135163
259.01968285290866,48.80408316983113
259.0290182411755,7.1868085707121345
259.0383536294424,94.61150397489804
259.0476890177093,55.44738848364304
259.05702440597616,7.379906599933927
259.06635979424306,16.47662720272781
259.07569518250995,11.375837052565318
259.0850305707768,14.46260722562304
259.09436595904367,0.5346492194631906
259.10370134731056,0.22271898414093524
259.11303673557745,23.39681935323628
259.12237212384434,104.64385983356499
259.13170751211123,91.4236840328806
259.1410429003781,114.76927348744744
259.15037828864496,159.52143691428589
259.15971367691185,109.90087716141667
259.16904906517874,29.613707759002
259.17838445344563,16.47440792597807
259.1877198417125,20.392543293993267
259.1970552299794,9.180317102007129
259.20639061824625,20.90113644789384
259.21572600651314,18.982367617293896
259.22506139478,25.12624514946828
259.2343967830469,26.91375386059401
259.2437321713138,42.360399299103626
259.2530675595807,9.439740388864612
259.2624029478476,37.99023903732332
259.2717383361144,45.89717781370209
259.2810737243813,2.9876966377455734
259.2904091126482,57.15958791495439
259.2997445009151,48.80640992755272
259.309079889182,34.186063865180316
259.3184152774489,83.04078276887742
259.3277506657157,22.79147591544841
259.3370860539826,29.198482386632527
259.3464214422495,18.341139998956702
259.3557568305164,27.10491549545958
259.3650922187833,5.994818761130134
259.37442760705017,87.38004351335096
259.38376299531706,61.252196136806866
259.3930983835839,15.106551853518702
259.4024337718508,116.7630174511809
259.4117691601177,38.68873479607774
259.42110454838456,14.144507489966347
259.43043993665145,14.665845334678174
259.43977532491834,21.349966898638865
259.4491107131852,14.556885435910695
259.45844610145207,11.53927695849792
259.46778148971896,21.68775249040269
259.47711687798585,37.899776440819345
259.48645226625274,9.621067875574438
259.49578765451963,15.744584319323401
259.5051230427865,22.96240918884639
259.51445843105336,68.40256655994685
259.52379381932025,69.59299438189025
259.53312920758714,30.567027770985348
259.542464595854,60.869050313469884
259.5517999841209,55.94437737266374
259.5611353723878,3.6775291419880514
259.57047076065464,45.684377827118574
259.57980614892153,30.806137272432775
259.5891415371884,2.348592838115509
259.5984769254553,2.583122945805751
259.6078123137222,7.9633884012697775
259.6171477019891,50.131162593284984
259.626483090256,52.20956272971183
259.6358184785228,15.90005898365995
259.6451538667897,2.4284506155075607
259.6544892550566,46.7655453609724
259.6638246433235,49.39224746703787
259.6731600315904,72.43263822971387
259.6824954198573,112.78691109442781
259.6918308081241,17.28489138358323
259.701166196391,22.683568520255893
259.7105015846579,14.205457696957906
259.7198369729248,136.17881354775628
259.7291723611917,212.92221480738533
259.73850774945856,29.92170830240705
259.74784313772545,138.71036542480914
259.7571785259923,125.57637737593964
259.7665139142592,30.969751747893323
259.77584930252607,61.18946931114153
259.78518469079296,18.119175441659472
259.79452007905985,374.28374325344373
259.80385546732674,183.63459066815852
259.8131908555936,3.70940213071316
259.82252624386047,172.2528569121824
259.83186163212736,91.30441497588006
259.84119702039425,184.47887544897677
259.85053240866114,3.0243601157406266
259.85986779692803,100.02627248897751
259.8692031851949,121.83736048959751
259.87853857346175,31.22639295143572
259.88787396172864,0.5040618255361033
259.89720934999553,2.2001073593214566
259.9065447382624,22.859516839612393
259.9158801265293,31.993777193154354
259.9252155147962,62.15154002562431
259.9345509030631,42.521597350465065
259.94388629132993,30.051540953038277
259.9532216795968,51.9259487131766
259.9625570678637,125.52500676295244
259.9718924561306,83.69275856467512
259.9812278443975,141.74035965721376
259.9905632326644,101.78476317259013
259.9998986209312,21.591793872547143
260.0092340091981,46.026922005379234
260.018569397465,23.04869535447696
260.0279047857319,114.91835571954549
260.0372401739988,8.877164966449623
260.0465755622657,67.91375122504473
260.05591095053256,101.89032800941104
260.0652463387994,247.83622083436444
260.0745817270663,98.76273115434182
260.0839171153332,117.17020746661146
260.09325250360007,25.377234209225264
260.10258789186696,9.982016311789602
260.11192328013385,2.450503542485809
260.1212586684007,14.5407158808734
260.1305940566676,0.16673186256896616
260.13992944493447,15.09571944098593
260.14926483320136,11.640561098144163
260.15860022146825,37.75429842288326
260.16793560973514,33.73391004801687
260.17727099800203,18.844126889919416
260.18660638626886,37.50577629479395
260.19594177453575,24.574508269462672
260.20527716280264,2.6114348028327568
260.21461255106954,48.627770649312865
260.2239479393364,5.794442480330045
260.2332833276033,8.167826635697281
260.24261871587015,0.9233976120001814
260.25195410413704,23.360052997368392
260.26128949240393,7.745493525906851
260.2706248806708,34.717117561848916
260.2799602689377,28.0709260530982
260.2892956572046,52.92816845307856
260.2986310454715,102.24134429926997
260.30796643373833,26.739733694899265
260.3173018220052,41.14658128995735
260.3266372102721,69.51656554478706
260.335972598539,28.258278996149258
260.3453079868059,47.84443121540763
260.3546433750728,97.65407173381038
260.3639787633396,184.48706680069546
260.3733141516065,48.50543556015997
260.3826495398734,3.26081224334791
260.3919849281403,26.869197213076614
260.4013203164072,34.58257221275634
260.41065570467407,39.7704785687926
260.41999109294096,31.683947322017698
260.4293264812078,61.952636108851316
260.4386618694747,24.502949590810147
260.4479972577416,28.32927174321246
260.45733264600847,11.197777398971075
260.46666803427536,4.891574785416496
260.47600342254225,29.642633801275284
260.4853388108091,9.235901990577606
260.494674199076,25.213330307149345
260.50400958734286,28.373703968039788
260.51334497560975,38.660406597899744
260.52268036387665,22.09097651961389
260.53201575214354,4.818363949635367
260.5413511404104,98.4661751549471
260.55068652867726,77.66563503110129
260.56002191694415,24.174935779890177
260.56935730521104,39.05835307790922
260.57869269347793,17.523592741645807
260.5880280817448,69.5464940118382
260.5973634700117,35.78550598413473
260.60669885827855,70.39912205015513
260.61603424654544,33.74833474342818
260.62536963481233,151.65560264242217
260.6347050230792,37.6277735660265
260.6440404113461,83.1898048734775
260.653375799613,28.25415393872791
260.6627111878799,29.823204820961998
260.6720465761467,1.8143258713607633
260.6813819644136,80.14878665266185
260.6907173526805,0.48427749865194086
260.7000527409474,76.9199830987857
260.7093881292143,10.354394919531982
260.7187235174812,18.550190203427235
260.728058905748,45.05389132817967
260.7373942940149,5.163612445365679
260.7467296822818,46.76339229433387
260.7560650705487,28.660918483986237
260.7654004588156,56.60696399943614
260.77473584708247,44.99454537552345
260.78407123534936,18.164299852306787
260.7934066236162,59.82391845491087
260.8027420118831,48.672507124886174
260.81207740015,0.17094894936142635
260.82141278841686,6.039901776745308
260.83074817668376,29.66692477794391
260.84008356495065,19.474081232210082
260.8494189532175,26.885085382379835
260.85875434148437,57.377757889941385
260.86808972975126,126.8731218400288
260.87742511801815,27.33832688981016
260.88676050628504,59.122220371681635
260.89609589455193,48.88425191816584
260.9054312828188,27.31239144265305
260.91476667108566,12.113185832525126
260.92410205935255,9.6765124777029
260.93343744761944,110.55015883472356
260.94277283588633,27.3967244275644
260.9521082241532,4.0070400550856045
260.9614436124201,36.11321839601451
260.97077900068695,1.8923159939907879
260.98011438895384,0.2290759942236577
260.9894497772207,43.19332631078877
260.9987851654876,38.43667930154026
261.0081205537545,14.597531916716642
261.0174559420214,65.02708004165933
261.0267913302883,133.23447251183325
261.0361267185551,11.586135617072506
261.045462106822,59.8760710704799
261.0547974950889,77.92283277269252
261.0641328833558,420.3689364472509
261.0734682716227,255.57561839414333
261.0828036598896,352.87545567318415
261.09213904815647,36.79672120630259
261.1014744364233,26.245069734050066
261.1108098246902,30.621458877979443
261.1201452129571,82.15311655812062
261.129480601224,20.572663505452827
261.13881598949087,138.31815452791156
261.14815137775776,65.42418110839535
261.1574867660246,74.65622444944782
261.1668221542915,162.4463073370045
261.17615754255837,76.90423871794015
261.18549293082526,36.88774602677194
261.19482831909215,10.576474002605112
261.20416370735904,16.42439151587447
261.21349909562593,39.338810968914004
261.22283448389277,252.68729185381395
261.23216987215966,273.8853475538088
261.24150526042655,275.30572360613263
261.25084064869344,103.39567519197674
261.26017603696033,102.63091509070928
261.2695114252272,69.0614108753203
261.27884681349406,115.73581870927575
261.28818220176095,68.92692188366237
261.29751759002784,50.861953590966195
261.3068529782947,27.629168005785562
261.3161883665616,65.84395567871687
261.3255237548285,7.5769782737730065
261.3348591430954,1.8785898732646822
261.34419453136223,248.45142630260315
261.3535299196291,104.64525396454331
261.362865307896,193.3696596325369
261.3722006961629,97.7075742498063
261.3815360844298,129.6406511001436
261.3908714726967,92.13788965616226
261.4002068609635,6.546545701968958
261.4095422492304,30.9539345876472
261.4188776374973,52.318059661243346
261.4282130257642,1.3346687620554327
261.4375484140311,22.82658805667294
261.446883802298,119.09469708267665
261.45621919056487,192.06981163747864
261.4655545788317,51.95787075616968
261.4748899670986,304.1760655972078
261.4842253553655,140.70875869664295
261.4935607436324,15.75316519624106
261.50289613189926,154.32527923318935
261.51223152016615,1.680950559137381
261.521566908433,3.311226900388241
261.5309022966999,31.748745713579922
261.54023768496677,9.605067610457311
261.54957307323366,3.8357277691363687
261.55890846150055,13.169448791677386
261.56824384976744,5.733403812750258
261.57757923803433,14.261880878242053
261.58691462630117,7.025655892734224
261.59625001456806,41.53204564602923
261.60558540283495,26.14460756688849
261.61492079110184,87.21578201407736
261.62425617936873,60.31960134145107
261.6335915676356,31.33882774201897
261.64292695590245,5.5289872358942205
261.65226234416934,9.068189164423337
261.66159773243623,50.781700676794884
261.6709331207031,158.07982888564078
261.68026850897,27.997692235567747
261.6896038972369,38.288372206238094
261.6989392855038,72.25561263223238
261.70827467377063,73.27675314463809
261.7176100620375,25.248090383877383
261.7269454503044,38.41876118312773
261.7362808385713,111.8876485222856
261.7456162268382,31.184271548283956
261.7549516151051,39.08107950846898
261.7642870033719,4.915183993783389
261.7736223916388,89.38548980038144
261.7829577799057,62.61303419388361
261.7922931681726,49.457395417859736
261.8016285564395,48.76611651911468
261.8109639447064,1.3286815191319645
261.82029933297326,71.59942905507529
261.8296347212401,4.049862813942782
261.838970109507,11.603573604035748
261.8483054977739,4.003872704516428
261.85764088604077,26.645502701179506
261.86697627430766,24.879249385201017
261.87631166257455,10.343516930614301
261.8856470508414,0.4914329919138024
261.8949824391083,103.48035410068466
261.90431782737517,79.5746062153579
261.91365321564206,21.53975464611009
261.92298860390895,139.91401345909776
261.93232399217584,38.51918249479664
261.94165938044273,1.9233904738838095
261.95099476870956,6.728607790899096
261.96033015697645,231.683609363201
261.96966554524334,3.4727799760141154
261.97900093351024,1.4075330142429572
261.9883363217771,161.97228138374203
261.997671710044,33.07472145223746
262.00700709831085,19.66233835229151
262.01634248657774,24.544466891137827
262.02567787484463,122.27772214169286
262.0350132631115,29.346770320310522
262.0443486513784,30.432413126749662
262.0536840396453,130.7704636604349
262.0630194279122,63.312507786460536
262.07235481617903,14.959213037159511
262.0816902044459,13.948715014903195
262.0910255927128,90.79659559248041
262.1003609809797,43.81119216334308
262.1096963692466,78.73003053238713
262.1190317575135,12.57385432659605
262.1283671457803,92.48596011748809
262.1377025340472,39.2862767539671
262.1470379223141,1.0792251419416456
262.156373310581,198.69417542014185
262.1657086988479,152.66179727806036
262.17504408711477,140.82317409531768
262.18437947538166,317.6041371788057
262.1937148636485,172.57042529148342
262.2030502519154,54.08689798153793
262.2123856401823,0.1113190096029937
262.22172102844917,12.383898023516727
262.23105641671606,42.13120033454517
262.24039180498295,29.048555469992674
262.24972719324984,29.888410615817044
262.2590625815167,7.091998961311371
262.26839796978356,22.484720357573444
262.27773335805045,72.30065454429291
262.28706874631735,6.4295253015777245
262.29640413458424,21.47108403586586
262.3057395228511,48.42012053250789
262.31507491111796,206.92403707056891
262.32441029938485,141.19331664492677
262.33374568765174,96.37597619029658
262.34308107591863,68.5639102308087
262.3524164641855,26.815398498945225
262.3617518524524,109.31628093703249
262.3710872407193,22.289165489364954
262.38042262898614,79.87997822569059
262.38975801725303,25.04545310863287
262.3990934055199,92.26719471500601
262.4084287937868,9.9104329297956
262.4177641820537,26.300985982796593
262.4270995703206,70.45346435016035
262.4364349585874,19.767220258796304
262.4457703468543,0.7290746460146822
262.4551057351212,9.09170566015715
262.4644411233881,5.155211797815455
262.473776511655,9.317222724379924
262.4831118999219,8.915757690831745
262.49244728818877,6.924685222884605
262.5017826764556,32.817863370485505
262.5111180647225,17.724775769838967
262.5204534529894,36.83472156792575
262.5297888412563,1.0502508318977863
262.53912422952317,43.2475679023497
262.54845961779006,3.226978135760064
262.5577950060569,18.21080920881105
262.5671303943238,50.88959516521422
262.5764657825907,16.13960795900716
262.58580117085756,14.559779707679
262.59513655912446,12.830495229744882
262.60447194739135,8.137913473745852
262.61380733565824,13.074081757964107
262.62314272392507,85.3398048810862
262.63247811219196,47.506709845596156
262.64181350045885,139.8123752383946
262.65114888872574,30.66573915435721
262.66048427699263,100.8217503346383
262.6698196652595,3.6722567336815426
262.67915505352636,39.433333923134555
262.68849044179325,53.65993816445262
262.69782583006014,3.6181177345417135
262.70716121832703,10.599629989145601
262.7164966065939,65.5723361996699
262.7258319948608,6.652345917742001
262.7351673831277,2.7774892516427747
262.74450277139454,52.91127754470596
262.7538381596614,14.191635813117365
262.7631735479283,58.849723714163524
262.7725089361952,24.64778309791351
262.7818443244621,42.970655960103066
262.791179712729,4.3349498096790935
262.8005151009958,1.816170473285746
262.8098504892627,58.53034393730942
262.8191858775296,0.9651150883924199
262.8285212657965,25.36653770712231
262.8378566540634,25.15107995279224
262.8471920423303,59.2092063856421
262.85652743059717,7.806694992707105
262.865862818864,11.28989228718376
262.8751982071309,4.6917906688606745
262.8845335953978,32.375185644098295
262.8938689836647,17.519966362367498
262.90320437193157,29.50007449927077
262.91253976019846,28.68873684602162
262.9218751484653,44.67177689108402
262.9312105367322,24.235721255239927
262.94054592499907,16.064143127672498
262.94988131326596,16.90555587904021
262.95921670153285,8.861053643345574
262.96855208979974,80.00990405096456
262.97788747806663,143.8522236233722
262.98722286633347,46.468451927521436
262.99655825460036,132.51927592910081
263.00589364286725,71.98268140734932
263.01522903113414,31.459084714352315
263.02456441940103,10.502609856071878
263.0338998076679,33.03320242646497
263.04323519593476,25.2822646809222
263.05257058420165,67.71539788199554
263.06190597246854,73.63210939954483
263.0712413607354,27.477960079550297
263.0805767490023,210.29704737608682
263.0899121372692,69.2815929503992
263.0992475255361,35.39926418773112
263.10858291380293,137.24935942191811
263.1179183020698,97.97079763226697
263.1272536903367,51.99819861021195
263.1365890786036,55.00595086849364
263.1459244668705,155.02770878820397
263.1552598551374,62.84499793409784
263.1645952434042,8.350415958874752
263.1739306316711,113.72714641129508
263.183266019938,82.67577788399552
263.1926014082049,147.7240462829502
263.2019367964718,109.75348404184312
263.2112721847387,29.609170567307267
263.22060757300557,419.70109404162287
263.2299429612724,59.83253775147222
263.2392783495393,14.709973151257204
263.2486137378062,215.6194119933716
263.2579491260731,66.40138947114667
263.26728451433996,106.5155743913071
263.27661990260685,137.44074687922424
263.28595529087374,49.2054676429334
263.2952906791406,103.8008488626963
263.30462606740747,28.169764644956636
263.31396145567436,27.42535052072134
263.32329684394125,2.380014401569278
263.33263223220814,56.654544528174696
263.34196762047503,22.392344444723374
263.35130300874187,11.64486665710754
263.36063839700876,41.6363680633108
263.36997378527565,310.47406321306715
263.37930917354254,92.9345523629609
263.38864456180943,288.7767797334293
263.3979799500763,185.55918331029335
263.4073153383432,4.731814867634882
263.41665072661004,78.21096908762712
263.42598611487693,84.02957470116404
263.4353215031438,113.66591019574747
263.4446568914107,281.2085242303518
263.4539922796776,98.52019287899888
263.4633276679445,111.4284493607298
263.47266305621133,98.58824478909783
263.4819984444782,11.811132882292764
263.4913338327451,172.0552177169903
263.500669221012,123.0228137993976
263.5100046092789,135.81972554413883
263.5193399975458,259.67384289360723
263.5286753858127,5.242265957201613
263.5380107740795,95.60931777273754
263.5473461623464,11.857427588421418
263.5566815506133,69.66769297111689
263.5660169388802,26.164203917026846
263.5753523271471,1.7079436311657248
263.58468771541396,24.75983882278405
263.5940231036808,26.050670524862582
263.6033584919477,33.60438631355647
263.6126938802146,5.841530420112662
263.62202926848147,0.5062584435088899
263.63136465674836,251.41560238782654
263.64070004501525,17.066696476277066
263.65003543328214,25.63550848355207
263.659370821549,116.42760360643605
263.66870620981587,288.1592895479888
263.67804159808276,153.0908515638987
263.68737698634965,371.9289054827604
263.69671237461654,78.56325574362918
263.70604776288343,150.38453054169563
263.71538315115026,111.66004798228134
263.72471853941715,413.49841138629165
263.73405392768404,61.84468672987177
263.74338931595094,33.320923400881306
263.7527247042178,57.68270930205432
263.7620600924847,331.20604122806213
263.7713954807516,4.531809024296998
263.78073086901844,54.44753645628486
263.79006625728533,17.29576152574373
263.7994016455522,245.6288020736452
263.8087370338191,12.4404492835249
263.818072422086,7.547236895516025
263.8274078103529,149.57081426561436
263.83674319861973,76.56544088427464
263.8460785868866,172.29904255058275
263.8554139751535,440.12377747241356
263.8647493634204,15.944588538166355
263.8740847516873,52.912902204751724
263.8834201399542,134.60219862725864
263.8927555282211,137.70233800192221
263.9020909164879,18.04442755186642
263.9114263047548,79.05232404688648
263.9207616930217,5.623021643087977
263.9300970812886,125.2574925183875
263.93943246955547,324.1443182229909
263.94876785782236,26.273058118991568
263.9581032460892,79.64554594081771
263.9674386343561,141.1403471223527
263.976774022623,6.608828903382133
263.98610941088987,22.612170369010343
263.99544479915676,8.584515234965147
264.00478018742365,97.6517844202359
264.01411557569054,51.183603132111706
264.0234509639574,15.852517670829146
264.03278635222426,62.44485672353466
264.04212174049115,19.47902564400243
264.05145712875805,32.90033073712409
264.06079251702494,23.045180514764148
264.0701279052918,47.298583717986354
264.07946329355866,222.7513943248425
264.08879868182555,108.68865821299796
264.09813407009244,47.982845910610976
264.10746945835933,151.5887546951244
264.1168048466262,9.12779227974837
264.1261402348931,48.17084221287901
264.13547562316,1.0817495446298753
264.14481101142684,55.00969173103349
264.15414639969373,44.69368995898239
264.1634817879606,23.920622204766286
264.1728171762275,101.98809252317469
264.1821525644944,117.37124780008561
264.1914879527613,0.9408862137379659
264.2008233410281,9.484800621662473
264.210158729295,38.35112899233153
264.2194941175619,81.35988972176536
264.2288295058288,79.43276794640596
264.2381648940957,61.82190946113235
264.2475002823626,49.28620573725938
264.25683567062947,11.945471904374806
264.2661710588963,11.281392315103695
264.2755064471632,170.32614367894973
264.2848418354301,33.86073952710028
264.294177223697,3.2220765785663272
264.30351261196387,27.10902843149213
264.31284800023076,88.58567107895526
264.3221833884976,23.702717826626145
264.3315187767645,31.877551024114606
264.3408541650314,150.46394459117946
264.35018955329826,76.3283393350293
264.35952494156516,111.01416174152791
264.36886032983205,41.67518667649197
264.37819571809894,43.116292202288506
264.38753110636577,68.45447144343571
264.39686649463266,16.278442152494552
264.40620188289955,12.691588161588331
264.41553727116644,4.815368628080752
264.42487265943333,31.677036223324553
264.4342080477002,3.1424171932057083
264.4435434359671,7.144936513830168
264.45287882423395,30.410368060509963
264.46221421250084,22.723025441313872
264.47154960076773,22.66096896229283
264.4808849890346,39.3907386132676
264.4902203773015,85.18579334234204
264.4995557655684,44.35319942573309
264.50889115383524,45.521432564991066
264.5182265421021,26.71580091147621
264.527561930369,13.500324961053702
264.5368973186359,4.247330388548671
264.5462327069028,0.7833692205706668
264.5555680951697,16.998759539488088
264.5649034834366,42.086740839525035
264.5742388717034,38.1539160813119
264.5835742599703,30.511613665666843
264.5929096482372,22.85893915724671
264.6022450365041,17.084106903112634
264.611580424771,23.064284889279524
264.62091581303787,107.6232938336473
264.6302512013047,20.611777464492437
264.6395865895716,4.055047308927842
264.6489219778385,7.453653301911395
264.6582573661054,282.8759688445792
264.66759275437227,52.35132069283236
264.67692814263916,42.73675628242411
264.68626353090605,127.10455641601617
264.6955989191729,43.86601944519933
264.70493430743977,54.76208540780581
264.71426969570666,243.44950118209587
264.72360508397355,156.332491648411
264.73294047224044,144.35986094194266
264.74227586050733,106.68043544007323
264.75161124877417,13.619851519234102
264.76094663704106,50.29571160766594
264.77028202530795,23.10154315548039
264.77961741357484,16.569522055795183
264.78895280184173,45.77645284478381
264.7982881901086,28.07591543155202
264.8076235783755,19.226745223310246
264.81695896664235,33.93609703227128
264.82629435490924,60.929478557132306
264.8356297431761,75.56910343909396
264.844965131443,39.9225742353987
264.8543005197099,38.49021576730169
264.8636359079768,156.3535604038749
264.87297129624363,46.73692131241127
264.8823066845105,54.22093506600236
264.8916420727774,5.233476717146641
264.9009774610443,234.08166203541293
264.9103128493112,73.45126609952644
264.9196482375781,0.9618834519641777
264.928983625845,185.5895669240849
264.9383190141118,202.1241401706363
264.9476544023787,44.70031103848787
264.9569897906456,142.29830709492353
264.9663251789125,22.71460184486374
264.9756605671794,272.6093759436307
264.98499595544627,44.38555229971102
264.9943313437131,134.97735270348917
265.00366673198,82.69681586920778
265.0130021202469,3.088687402902528
265.0223375085138,18.7328285675815
265.03167289678066,33.57662360912695
265.04100828504755,37.418550855125
265.05034367331444,17.852563377870563
265.0596790615813,12.402054145931668
265.06901444984817,1.3088918303583257
265.07834983811506,10.315167751008357
265.08768522638195,22.383830781170296
265.09702061464884,8.330740708545129
265.10635600291573,13.412449207414358
265.11569139118257,68.87003508119182
265.12502677944946,21.54783491525693
265.13436216771635,23.35593107299383
265.14369755598324,11.380579533490891
265.1530329442501,46.984820056424006
265.162368332517,59.31824019223817
265.1717037207839,3.524441468776643
265.18103910905074,17.39425117625325
265.19037449731763,79.72221198055156
265.1997098855845,31.075943483992532
265.2090452738514,14.789551354082318
265.2183806621183,27.293404900158087
265.2277160503852,74.6734173732228
265.23705143865203,210.35231348401422
265.2463868269189,42.4654550205707
265.2557222151858,1.9091357886952067
265.2650576034527,176.98240002560652
265.2743929917196,30.326214369511263
265.2837283799865,15.572024866205346
265.2930637682534,62.68124401842034
265.3023991565202,10.738043403133789
265.3117345447871,5.953691563389431
265.321069933054,8.447434771601564
265.3304053213209,34.77874694832695
265.3397407095878,65.43384416312706
265.34907609785466,51.77319678573586
265.3584114861215,97.87286380905189
265.3677468743884,117.61093932359576
265.3770822626553,23.479331396616427
265.38641765092217,35.183051965323365
265.39575303918906,21.898651697155987
265.40508842745595,75.88676156673785
265.41442381572284,86.69309019638327
265.4237592039897,41.18390255222983
265.43309459225657,83.78016789248947
265.44242998052346,47.01207360140032
265.45176536879035,265.39572384997484
265.46110075705724,198.9697620623495
265.47043614532413,348.24949828603246
265.479771533591,176.66897299612583
265.48910692185785,98.40915290339497
265.49844231012474,42.70772773291935
265.50777769839164,100.9980646949693
265.5171130866585,134.40212242549822
265.5264484749254,28.757105971369835
265.5357838631923,16.075275751897287
265.54511925145914,121.75929823356122
265.55445463972603,89.81296429433968
265.5637900279929,90.68812533184843
265.5731254162598,199.01144688760715
265.5824608045267,38.27072525874834
265.5917961927936,93.59249854408198
265.6011315810605,170.5561309382199
265.6104669693273,61.65382053617219
265.6198023575942,225.43342557607602
265.6291377458611,49.839933973113894
265.638473134128,58.49037242234689
265.6478085223949,29.753078356227196
265.6571439106618,71.21414490321823
265.6664792989286,12.589311843599864
265.6758146871955,9.563391378500404
265.6851500754624,50.303755356035474
265.6944854637293,32.9534102269296
265.70382085199617,17.06002174763253
265.71315624026306,48.000911684190456
265.72249162852995,58.596741561463794
265.7318270167968,7.22554748802602
265.7411624050637,61.576740585807215
265.75049779333057,11.009654929091962
265.75983318159746,56.34182584819117
265.76916856986435,36.63082275457435
265.77850395813124,34.94272626080071
265.7878393463981,84.3676139202595
265.79717473466496,173.69648705413238
265.80651012293185,243.05607986162536
265.81584551119875,282.86991715237764
265.82518089946564,157.31460634804864
265.8345162877325,54.114014732212205
265.8438516759994,29.20609488133877
265.85318706426625,12.432129354408747
265.86252245253314,8.830824164063742
265.87185784080003,12.032910586341849
265.8811932290669,25.311938779714424
265.8905286173338,2.0142510351201994
265.8998640056007,10.934912558599985
265.90919939386754,3.8067390496226765
265.91853478213443,77.81767061755362
265.9278701704013,62.749662778169444
265.9372055586682,123.76075915918771
265.9465409469351,286.0270570903145
265.955876335202,50.68178349916501
265.9652117234689,110.92909385944833
265.9745471117357,24.096574185357927
265.9838825000026,169.54088373559924
265.9932178882695,34.08468007821149
266.0025532765364,84.81295783278368
266.0118886648033,252.48143675260766
266.02122405307017,64.70894631864338
266.030559441337,84.82685299456578
266.0398948296039,106.48056167727738
266.0492302178708,8.566015035876072
266.0585656061377,30.39916167295715
266.06790099440457,54.80885904016782
266.07723638267146,20.460753244792237
266.08657177093835,97.73226385913249
266.0959071592052,63.63701474182968
266.1052425474721,27.968385686287466
266.11457793573896,107.30166790800045
266.12391332400585,86.73863205535797
266.13324871227275,29.37298511453592
266.14258410053964,53.17854777494604
266.15191948880647,1.4895714420025514
266.16125487707336,54.50964860304526
266.17059026534025,188.36709696779866
266.17992565360714,141.58972759725825
266.18926104187403,95.54268435801463
266.1985964301409,239.58930016802987
266.2079318184078,16.856583399454813
266.21726720667465,33.85514040276052
266.22660259494154,1.8766338154718971
266.23593798320843,131.40360366629957
266.2452733714753,3.8548106485678226
266.2546087597422,50.75915317251194
266.2639441480091,3.7546810119678877
266.27327953627594,74.59786801592233
266.2826149245428,32.99275154560942
266.2919503128097,3.624556170427131
266.3012857010766,62.56261073944965
266.3106210893435,12.823755687785972
266.3199564776104,8.878936769462157
266.3292918658773,2.3328354211801576
266.3386272541441,28.464049286210955
266.347962642411,12.87917691200333
266.3572980306779,12.845915892190677
266.3666334189448,3.1349479053714755
266.3759688072117,6.669935704967611
266.38530419547857,1.830445350999326
266.3946395837454,1.5627885508990726
266.4039749720123,7.650047420937711
266.4133103602792,9.66776899078387
266.4226457485461,109.03505284367479
266.43198113681296,60.55574312294981
266.44131652507986,67.16264042369882
266.45065191334675,33.60124511679184
266.4599873016136,63.69132917520456
266.46932268988047,6.3152610487287815
266.47865807814736,23.11324131532896
266.48799346641425,16.53161327320551
266.49732885468114,49.223455690815946
266.50666424294803,3.2842255120580703
266.51599963121487,19.24405660461171
266.52533501948176,23.560408495211895
266.53467040774865,69.37931001740984
266.54400579601554,26.063491394800774
266.55334118428243,60.906828920513895
266.5626765725493,24.137051495346153
266.5720119608162,26.43252294861378
266.58134734908305,10.97714756403106
266.59068273734994,8.74573967006825
266.6000181256168,33.076708678456825
266.6093535138837,24.336327184265276
266.6186889021506,14.482105294995437
266.6280242904175,39.445756520156806
266.6373596786844,21.89029786285064
266.6466950669512,78.2979976362986
266.6560304552181,24.672282064769497
266.665365843485,26.7702872497989
266.6747012317519,54.26875409719974
266.6840366200188,41.348392790650415
266.6933720082857,12.902742304589818
266.7027073965525,16.9745815832882
266.7120427848194,15.044549699603856
266.7213781730863,24.63964755583994
266.7307135613532,29.865674007222605
266.7400489496201,6.51495415467041
266.74938433788697,29.724911986581642
266.75871972615386,14.548817690502123
266.7680551144207,6.3985736253646355
266.7773905026876,0.38754996944898396
266.7867258909545,38.432379627042984
266.79606127922136,2.291231763954755
266.80539666748825,41.16513434375193
266.81473205575514,27.994461437035753
266.824067444022,9.726377282305537
266.83340283228887,98.85903959274196
266.84273822055576,6.127211804737411
266.85207360882265,27.46966217520705
266.86140899708954,91.63802883781082
266.87074438535643,4.787308755274657
266.8800797736233,28.24787766694838
266.88941516189016,24.758498210585245
266.89875055015705,49.55277090504777
266.90808593842394,24.99822994180339
266.9174213266908,21.014612415786033
266.9267567149577,134.05515135437105
266.9360921032246,20.79961546685473
266.94542749149144,71.02414605317406
266.95476287975833,97.36598990114537
266.9640982680252,25.478132870285204
266.9734336562921,59.62920406298444
266.982769044559,48.25609657035701
266.9921044328259,37.074928210161794
267.0014398210928,21.338458601606778
267.0107752093596,20.27680561648819
267.0201105976265,13.65213019852199
267.0294459858934,23.272821770992707
267.0387813741603,37.350317943029516
267.0481167624272,29.08399339122393
267.0574521506941,138.8013023834489
267.0667875389609,27.305241089555267
267.0761229272278,115.06627553399544
267.0854583154947,5.825708993583855
267.0947937037616,87.01529641384636
267.1041290920285,22.90535984113396
267.11346448029536,128.57177216633036
267.12279986856225,19.244730700456966
267.1321352568291,67.78207684663465
267.141470645096,12.82471463638994
267.15080603336287,190.53887741195908
267.16014142162976,71.69306948146291
267.16947680989665,74.22801753684698
267.17881219816354,75.13690171764361
267.1881475864304,15.34919403007385
267.19748297469727,7.70400524329011
267.20681836296416,112.81381665930604
267.21615375123105,47.335012884333786
267.22548913949794,31.581649343179347
267.23482452776483,139.24391172801592
267.2441599160317,310.66211601403126
267.25349530429855,66.76644583959252
267.26283069256544,102.14280380703086
267.27216608083233,46.12342376037842
267.2815014690992,26.92063149146366
267.2908368573661,19.61405314543555
267.300172245633,79.77688507609125
267.30950763389984,1.4173196916421373
267.31884302216673,2.307072703156118
267.3281784104336,15.221738923477183
267.3375137987005,33.547892701836574
267.3468491869674,21.162047271538817
267.3561845752343,39.96462068382799
267.3655199635012,28.04410495478297
267.374855351768,92.38592028284468
267.3841907400349,46.89690136916245
267.3935261283018,72.12013948003295
267.4028615165687,31.658967245992727
267.4121969048356,74.67870197801173
267.4215322931025,14.61008596869811
267.4308676813693,93.30243573469103
267.4402030696362,351.87157058052827
267.4495384579031,25.73799102196965
267.45887384617,29.680756051481673
267.46820923443687,74.71899907050076
267.47754462270376,93.09314487341196
267.48688001097065,28.414534419698416
267.4962153992375,2.594666051627908
267.5055507875044,175.1064162166585
267.51488617577127,28.7621326694513
267.52422156403816,1.8141609154145328
267.53355695230505,113.81989663827605
267.54289234057194,16.351500217814042
267.5522277288388,69.0154184782996
267.56156311710566,38.99401007820425
267.57089850537255,2.3885172813440434
267.58023389363944,49.40726184977379
267.58956928190634,29.968568937053785
267.5989046701732,12.672419795965501
267.6082400584401,184.4240150765132
267.61757544670695,1.1891025393745984
267.62691083497384,10.351600656762992
267.63624622324073,219.75865504284008
267.6455816115076,57.53112891600811
267.6549169997745,32.54041484910648
267.6642523880414,70.90500819859632
267.6735877763083,190.84256870762502
267.68292316457513,72.60682752385637
267.692258552842,41.29834978491636
267.7015939411089,204.0877016663718
267.7109293293758,70.51806448058831
267.7202647176427,51.51315534644562
267.7296001059096,101.0975048337702
267.7389354941764,85.02967874097567
267.7482708824433,34.47806475154877
267.7576062707102,0.35777894351198447
267.7669416589771,15.570564303103149
267.776277047244,29.027368820604828
267.78561243551087,29.89923188308143
267.79494782377776,2.2768118561615682
267.8042832120446,8.699554770889673
267.8136186003115,18.863542096693948
267.8229539885784,20.58762062031041
267.83228937684527,37.60831211702517
267.84162476511216,31.585267936861843
267.85096015337905,63.30145869415509
267.8602955416459,88.84204333141444
267.8696309299128,32.148951231149255
267.87896631817966,46.01176044000596
267.88830170644655,29.969761458133927
267.89763709471345,65.83712132777421
267.90697248298034,137.92533118525276
267.9163078712472,3.645227951717939
267.92564325951406,62.56181623962699
267.93497864778095,22.789716413438853
267.94431403604784,86.62792268603543
267.95364942431473,90.16511083017707
267.9629848125816,13.865702795952636
267.9723202008485,6.7492663578998116
267.98165558911535,10.464104287124009
267.99099097738224,2.853807659024833
268.00032636564913,32.95878143733299
268.009661753916,77.32468935590025
268.0189971421829,26.683053119478345
268.0283325304498,44.948816434119195
268.0376679187167,27.337427404508357
268.0470033069835,36.98162001798687
268.0563386952504,69.01864738470947
268.0656740835173,114.47347578826535
268.0750094717842,134.33190484852548
268.0843448600511,80.16892152630335
268.093680248318,43.70306086734779
268.1030156365848,2.9596806225436887
268.1123510248517,3.8426578356771204
268.1216864131186,37.162300862035856
268.1310218013855,62.304802529766604
268.1403571896524,15.308772186565855
268.14969257791927,37.27826870655307
268.15902796618616,21.405459388886737
268.168363354453,15.71986800975869
268.1776987427199,86.7814719439318
268.1870341309868,31.685074643130626
268.19636951925366,3.7052902910150043
268.20570490752056,105.31630237883189
268.21504029578745,6.182992974297471
268.2243756840543,12.646094912010282
268.23371107232117,70.41263087380118
268.24304646058806,27.479354100644663
268.25238184885495,22.3514415484378
268.26171723712184,55.09634625546273
268.27105262538873,25.12955766031069
268.2803880136556,48.551636123993276
268.28972340192246,94.08899524906442
268.29905879018935,9.52627760580228
268.30839417845624,17.350591251852073
268.31772956672313,40.1855446162579
268.32706495499,27.11379169239599
268.3364003432569,41.063562662383546
268.34573573152375,96.70055519089215
268.35507111979064,21.52807852838045
268.3644065080575,147.9691477972171
268.3737418963244,116.35945202018593
268.3830772845913,14.142664283834304
268.3924126728582,88.24822841875695
268.4017480611251,14.947678153876428
268.4110834493919,0.9781603665749418
268.4204188376588,32.62665955280248
268.4297542259257,44.34551391090374
268.4390896141926,40.735437909049935
268.4484250024595,79.4714248268603
268.4577603907264,205.58969877043592
268.4670957789932,59.72617546359969
268.4764311672601,69.9139228825319
268.485766555527,133.19438594243286
268.4951019437939,61.84673233558351
268.5044373320608,54.97472625716292
268.51377272032767,267.01605431582516
268.52310810859456,30.56675007138516
268.5324434968614,137.7104105864001
268.5417788851283,180.0711352194505
268.55111427339517,54.83310851694198
268.56044966166206,56.24519354026952
268.56978504992895,21.06662116621334
268.57912043819584,88.65076826576438
268.5884558264627,46.23601175517646
268.59779121472957,4.968069808897743
268.60712660299646,81.21358039773267
268.61646199126335,128.92827603014462
268.62579737953024,33.59752038287117
268.63513276779713,18.81502444190086
268.644468156064,198.31451939585315
268.65380354433086,19.509551336074995
268.66313893259775,66.68401347259093
268.67247432086464,51.68992550031751
268.6818097091315,49.04597716643275
268.6911450973984,82.6379882103246
268.7004804856653,22.06648767064821
268.70981587393214,22.892151521877263
268.71915126219903,126.02365134268925
268.7284866504659,4.643820476962237
268.7378220387328,24.00145933060851
268.7471574269997,12.243427438876138
268.7564928152666,55.88010766984534
268.7658282035335,19.783136333916275
268.7751635918003,29.440526565068524
268.7844989800672,88.99664521483184
268.7938343683341,13.082762480172834
268.803169756601,96.92143717609068
268.8125051448679,188.25236424672332
268.8218405331348,26.459721117850304
268.83117592140167,17.659398774145643
268.8405113096685,36.39134087041937
268.8498466979354,96.36939454047487
268.8591820862023,90.57666541816116
268.8685174744692,35.736104254114146
268.87785286273606,32.983103545952055
268.88718825100295,9.836750169209559
268.8965236392698,59.11645743801123
268.9058590275367,50.774458210937354
268.91519441580357,15.649301485599675
268.92452980407046,142.07615243957216
268.93386519233735,123.74467929972806
268.94320058060424,13.05147764130215
268.95253596887113,206.29134366993628
268.96187135713797,8.594715325462712
268.97120674540486,29.60918965447555
268.98054213367175,75.8890578473805
268.98987752193864,39.077676951435684
268.99921291020553,65.06671125784104
269.0085482984724,150.44822804510216
269.01788368673925,102.36602632202381
269.02721907500614,134.24061288380224
269.03655446327303,159.8964590770632
269.0458898515399,50.61356497051597
269.0552252398068,63.00681300844397
269.0645606280737,47.41278185544388
269.0738960163406,6.03396475696426
269.08323140460743,41.2471862773622
269.0925667928743,76.40924792770696
269.1019021811412,31.20690329816774
269.1112375694081,73.84213148429743
269.120572957675,51.912834906475446
269.1299083459419,12.223275707368522
269.1392437342087,106.60187264729748
269.1485791224756,36.192526383165855
269.1579145107425,17.044589445757726
269.1672498990094,32.166030941896715
269.1765852872763,0.25841140980985694
269.1859206755432,39.53443552742133
269.19525606381006,13.993540157362219
269.2045914520769,40.572391696361755
269.2139268403438,31.99777041504754
269.2232622286107,169.30182318744073
269.23259761687757,138.90035148270806
269.24193300514446,29.082773753403774
269.25126839341135,54.74149041719222
269.2606037816782,126.20056692827195
269.2699391699451,7.571606624994804
269.27927455821197,36.071405851154424
269.28860994647886,25.510466064935915
269.29794533474575,255.08835545251372
269.30728072301264,99.75565318903692
269.31661611127953,17.613395252074152
269.32595149954636,117.9285326189861
269.33528688781325,23.072401136543192
269.34462227608014,138.47500559564742
269.35395766434704,66.08489595667545
269.3632930526139,6.557869648788491
269.3726284408808,63.500558497895646
269.38196382914765,133.47033720551008
269.39129921741454,18.36550943232238
269.40063460568143,130.05483475106865
269.4099699939483,401.90894163537826
269.4193053822152,220.31750389578247
269.4286407704821,155.22525786836823
269.437976158749,333.090079380998
269.44731154701583,27.886897123664983
269.4566469352827,68.64566946777022
269.4659823235496,55.65274705244267
269.4753177118165,58.574294149179785
269.4846531000834,105.84210232654485
269.4939884883503,60.99036828665923
269.5033238766171,97.91002715044976
269.512659264884,62.741365657486504
269.5219946531509,0.09327516814848329
269.5313300414178,25.450689984727855
269.5406654296847,45.665558217461914
269.55000081795157,136.5239136707762
269.55933620621846,215.04848515738777
269.5686715944853,38.67975307410313
269.5780069827522,48.11094447400928
269.5873423710191,36.90090631423502
269.59667775928597,10.82740117267659
269.60601314755286,13.509425008862202
269.61534853581975,29.306173877158397
269.6246839240866,6.709755035586523
269.6340193123535,33.398785583181116
269.64335470062036,33.826710778686895
269.65269008888725,100.37663333776702
269.66202547715415,3.8852047287953586
269.67136086542104,28.808069138311996
269.6806962536879,35.72592476011054
269.69003164195476,18.872805982000752
269.69936703022165,75.16622441601682
269.70870241848854,67.69446771659078
269.71803780675543,14.794427029904641
269.7273731950223,82.59325471870474
269.7367085832892,16.519815331261544
269.74604397155605,6.018995880561816
269.75537935982294,5.940147259070729
269.76471474808983,9.711340423758491
269.7740501363567,1.8033400182921429
269.7833855246236,5.277974728251205
269.7927209128905,18.34338469670139
269.8020563011574,2.546048558193464
269.8113916894242,10.298784035001844
269.8207270776911,21.12523293913629
269.830062465958,3.764526366276625
269.8393978542249,26.585171656529457
269.8487332424918,74.64405584473812
269.8580686307587,23.985404520070613
269.8674040190255,92.73379668112808
269.8767394072924,26.91306647258212
269.8860747955593,25.28599994521983
269.8954101838262,31.730547865883924
269.9047455720931,85.75383160498569
269.91408096035997,123.09103655753394
269.92341634862686,42.71942897754221
269.9327517368937,58.936361217408574
269.9420871251606,40.19608855049431
269.9514225134275,3.4708756356627215
269.96075790169436,4.944813925414448
269.97009328996126,1.6628776282794788
269.97942867822815,4.8959096022326865
269.98876406649504,18.3422429268312
269.99809945476187,12.025476222482178
270.00743484302876,23.71229294966749
270.01677023129565,13.345189455486961
270.02610561956254,3.2181181249007658
270.03544100782943,1.8898224194905922
270.0447763960963,27.288336941065992
270.05411178436316,3.655148571673564
270.06344717263005,4.668822256987196
270.07278256089694,20.540605943313814
270.08211794916383,26.590628788770896
270.0914533374307,34.67374024317016
270.1007887256976,16.522150567385925
270.1101241139645,52.91718637137695
270.11945950223134,27.818961523821546
270.1287948904982,35.194184859983864
270.1381302787651,60.97524338681331
270.147465667032,16.58896758952808
270.1568010552989,63.00598056546138
270.1661364435658,138.10170920461934
270.1754718318326,70.62768792181066
270.1848072200995,51.85669358066473
270.1941426083664,231.29617252128523
270.2034779966333,4.889932034054935
270.2128133849002,26.804669301994338
270.2221487731671,25.276334928893494
270.23148416143397,83.38284166672358
270.2408195497008,71.43971973329855
270.2501549379677,53.21395229596207
270.2594903262346,19.200869553922878
270.2688257145015,29.436184439823336
270.27816110276837,79.68554869211059
270.28749649103526,0.17437257821373797
270.2968318793021,28.494860652468805
270.306167267569,6.446929668971786
270.31550265583587,6.582501511230021
270.32483804410276,3.4400843291784198
270.33417343236965,23.874676177121636
270.34350882063654,0.6568892870752271
270.35284420890343,24.180197868071634
270.36217959717027,25.671706686527116
270.37151498543716,201.040400263728
270.38085037370405,61.61215266780997
270.39018576197094,87.8891724061006
270.39952115023783,85.38950266974499
270.4088565385047,9.191178576666395
270.41819192677156,7.114873894647673
270.42752731503845,99.46049244427478
270.43686270330534,6.976387813142677
270.4461980915722,10.071090628380258
270.4555334798391,16.293740181433844
270.464868868106,10.20069192871908
270.4742042563729,1.1358567105047774
270.48353964463973,29.5908183597783
270.4928750329066,9.196009845451838
270.5022104211735,20.88596112891259
270.5115458094404,60.00022152899481
270.5208811977073,16.545168063250504
270.5302165859742,10.451114800394
270.539551974241,11.597422199029989
270.5488873625079,16.83329781271313
270.5582227507748,38.19560942997344
270.5675581390417,21.97838809360304
270.5768935273086,58.84610032690466
270.5862289155755,119.43025310066862
270.59556430384237,14.044540335010284
270.6048996921092,13.78795967417035
270.6142350803761,26.710940049863932
270.623570468643,43.44965900419467
270.6329058569099,22.387122173467066
270.64224124517676,34.603918335020445
270.65157663344365,27.88205111831829
270.6609120217105,32.572997283506446
270.6702474099774,44.90654816059406
270.67958279824427,58.699861128566376
270.68891818651116,68.12855541931813
270.69825357477805,34.402896033698944
270.70758896304494,8.170562358677921
270.71692435131183,165.55603472794874
270.72625973957867,34.9528156381792
270.73559512784556,38.89393769286719
270.74493051611245,124.64353186944969
270.75426590437934,15.448516973660292
270.76360129264623,14.359227364942415
270.7729366809131,8.205639251150497
270.78227206917995,21.532516295583115
270.79160745744684,31.36338742377245
270.80094284571373,205.12006700684947
270.8102782339806,125.37193930817271
270.8196136222475,80.67745149936297
270.8289490105144,210.4770853558268
270.8382843987813,15.928654495556131
270.84761978704813,9.40185589960979
270.856955175315,38.18235649781064
270.8662905635819,34.52046308129455
270.8756259518488,44.955924921189464
270.8849613401157,96.32698894746133
270.8942967283826,2.5460137390686013
270.9036321166494,39.61564310435922
270.9129675049163,47.866933454889384
270.9223028931832,6.72735258564762
270.9316382814501,138.7609131013624
270.940973669717,44.54384018664546
270.9503090579839,8.183519464284451
270.95964444625076,28.837056721490697
270.9689798345176,168.60820614988225
270.9783152227845,63.61074882675107
270.9876506110514,50.288358496355066
270.99698599931827,217.4752608931878
271.00632138758516,16.969140570646406
271.01565677585205,116.55124152306077
271.02499216411894,91.47821689543503
271.0343275523858,19.22036623479017
271.04366294065267,208.6507793319059
271.05299832891956,70.36027024202039
271.06233371718645,20.191498561596944
271.07166910545334,147.33911001000735
271.08100449372023,11.22373587473294
271.09033988198706,23.41211979158494
271.09967527025395,29.934446989245505
271.10901065852084,15.762290437336516
271.11834604678774,15.919715920950152
271.1276814350546,37.19683495117102
271.1370168233215,123.29557476286604
271.1463522115884,27.965365536365955
271.15568759985524,74.57317762654645
271.16502298812213,28.497624631794853
271.174358376389,52.394819948971715
271.1836937646559,25.56866182529095
271.1930291529228,233.32299941668
271.2023645411897,85.60057868416649
271.21169992945653,182.25366857653395
271.2210353177234,173.28609360077843
271.2303707059903,71.77941061791903
271.2397060942572,36.93316431756501
271.2490414825241,17.374884544762036
271.258376870791,4.335565391371198
271.2677122590579,12.12076598512626
271.2770476473247,30.251004130346928
271.2863830355916,3.4036818975967638
271.2957184238585,22.629405170210383
271.3050538121254,14.442885194664218
271.31438920039227,17.16683203688103
271.32372458865916,1.9392380048632052
271.333059976926,22.99511179374435
271.3423953651929,17.578863653933993
271.3517307534598,41.37603915394399
271.36106614172667,32.418263160795966
271.37040152999356,201.5453350117171
271.37973691826045,21.79907677623277
271.38907230652734,45.98704549351654
271.3984076947942,238.70402348965445
271.40774308306106,7.905752070030343
271.41707847132795,41.92151688090461
271.42641385959485,139.44189580584322
271.43574924786174,83.38998745481335
271.4450846361286,33.35681623602083
271.45442002439546,142.3309144552553
271.46375541266235,394.17778049230753
271.47309080092924,132.14309954043728
271.48242618919613,111.15156433928357
271.491761577463,59.787524404020004
271.5010969657299,14.193107236098962
271.5104323539968,23.32771614929456
271.51976774226364,77.49000114616102
271.52910313053053,187.07067496245506
271.5384385187974,38.76789201237572
271.5477739070643,58.41790654966377
271.5571092953312,151.19613606588982
271.5664446835981,2.3508761108203524
271.5757800718649,60.289356678965454
271.5851154601318,126.57189028160967
271.5944508483987,25.802059134862073
271.6037862366656,88.87696857213315
271.6131216249325,32.712372484502254
271.6224570131994,69.03689075196196
271.63179240146627,9.138566296112103
271.6411277897331,35.86027311334578
271.650463178,11.182425559734938
271.6597985662669,41.02357846497428
271.6691339545338,31.627988234987484
271.67846934280067,36.14714076149159
271.68780473106756,115.35379813498182
271.6971401193344,9.970444489071138
271.7064755076013,30.321855037139567
271.7158108958682,94.66517098445135
271.72514628413506,6.9115831007503195
271.73448167240196,7.603205477366792
271.74381706066885,53.30318941209362
271.75315244893574,76.04108972655915
271.76248783720257,24.727068861000454
271.77182322546946,2.870740540988271
271.78115861373635,163.02473416787
271.79049400200324,3.052457301463131
271.79982939027013,16.519798987432136
271.809164778537,116.80666190455635
271.81850016680386,26.33247190643306
271.82783555507075,0.6786661608906733
271.83717094333764,68.69765825195378
271.84650633160453,38.416057724843505
271.8558417198714,54.64914552495854
271.8651771081383,23.426518109280778
271.8745124964052,48.631739710188484
271.88384788467204,8.631851724035311
271.8931832729389,62.81666745829566
271.9025186612058,88.0224082703377
271.9118540494727,186.79635842154124
271.9211894377396,25.79481076806719
271.9305248260065,92.50321447618454
271.9398602142733,34.27094539385005
271.9491956025402,11.918159931571422
271.9585309908071,9.281314034113757
271.967866379074,7.706985622399008
271.9772017673409,31.32141688744789
271.9865371556078,9.211116938467267
271.99587254387467,9.955810343136829
272.0052079321415,28.194475597219153
272.0145433204084,5.507591494664843
272.0238787086753,16.086758835542806
272.0332140969422,18.859429042166997
272.04254948520907,51.78713384463509
272.05188487347596,32.451091410447354
272.0612202617428,31.726544427301846
272.0705556500097,103.12453924109714
272.07989103827657,62.82341133908082
272.08922642654346,89.38585705607089
272.09856181481035,78.07979135975195
272.10789720307724,35.12714617194843
272.11723259134413,55.94045711657665
272.12656797961097,34.53444922204854
272.13590336787786,66.76522137347936
272.14523875614475,81.9807418143026
272.15457414441164,156.67567536275234
272.16390953267853,77.1061581113638
272.1732449209454,140.376022540131
272.1825803092123,284.38260222345934
272.19191569747915,15.39189128427542
272.20125108574604,244.4154822030013
272.2105864740129,155.41349209287984
272.2199218622798,24.343349745742845
272.2292572505467,379.3855779816617
272.2385926388136,167.57681446877433
272.24792802708043,30.462293140453685
272.2572634153473,270.5937961721616
272.2665988036142,15.59759474248887
272.2759341918811,19.069568989124672
272.285269580148,68.11264908023169
272.2946049684149,76.0185649315861
272.3039403566818,9.142512009210883
272.3132757449486,87.4993633926348
272.3226111332155,88.57656663356978
272.3319465214824,16.662866421353183
272.3412819097493,3.0323441501351613
272.3506172980162,53.828245313223874
272.35995268628307,9.197455569278803
272.3692880745499,11.577992556878463
272.3786234628168,127.82437482216885
272.3879588510837,3.43878952256913
272.3972942393506,25.258316442243867
272.40662962761746,81.08570794284839
272.41596501588435,20.623582979622626
272.42530040415124,6.856370930634828
272.4346357924181,248.51032303881829
272.44397118068497,43.65847381629924
272.45330656895186,137.00587193825118
272.46264195721875,349.65617891799167
272.47197734548564,17.886957549162663
272.48131273375253,11.591990700468363
272.49064812201937,84.51647643946393
272.49998351028626,76.0268312216342
272.50931889855315,11.011948737827066
272.51865428682004,80.73158768688876
272.5279896750869,103.22169270427408
272.5373250633538,85.1627315621521
272.5466604516207,41.155086203301586
272.55599583988754,378.9093242897302
272.56533122815443,103.83737846697615
272.5746666164213,42.998035000786004
272.5840020046882,146.29312639711472
272.5933373929551,4.805462104068353
272.602672781222,44.322657710329025
272.61200816948883,9.784509002087487
272.6213435577557,8.433573339794323
272.6306789460226,17.95635954289834
272.6400143342895,33.1773114347263
272.6493497225564,23.50341824729609
272.6586851108233,2.8271416026139518
272.6680204990902,14.172162276552195
272.677355887357,2.5551317069059065
272.6866912756239,28.59040644717606
272.6960266638908,15.086639934301195
272.7053620521577,23.87570229655002
272.7146974404246,141.36035763926586
272.72403282869146,98.1683882797174
272.7333682169583,35.58475586370447
272.7427036052252,138.00573697308855
272.7520389934921,29.29588701324763
272.76137438175897,17.990231188041736
272.77070977002586,6.8895967570285865
272.78004515829275,67.2374313167263
272.78938054655964,90.37360678378538
272.7987159348265,3.7991599522098887
272.80805132309337,142.4852321050133
272.81738671136026,105.79787030600394
272.82672209962715,44.09596279145028
272.83605748789404,177.53741736259016
272.84539287616093,137.8590201223368
272.85472826442776,42.85633163077775
272.86406365269465,30.827599077773222
272.87339904096154,39.467074577822544
272.88273442922844,58.02505815999495
272.8920698174953,59.332109527254175
272.9014052057622,18.080127345652393
272.9107405940291,198.59387200224035
272.92007598229594,51.360108687850826
272.92941137056283,29.630970017181
272.9387467588297,108.77874879995728
272.9480821470966,4.255478371546172
272.9574175353635,30.583757121898607
272.9667529236304,43.181163843043024
272.97608831189723,23.4175396542772
272.9854237001641,5.803517834419113
272.994759088431,35.34908420382745
273.0040944766979,119.15401508566472
273.0134298649648,21.52557345801873
273.0227652532317,77.63906933344109
273.0321006414986,51.33392560160381
273.0414360297654,42.53700693217039
273.0507714180323,24.746593544873924
273.0601068062992,17.65528315583399
273.0694421945661,47.306179927637494
273.07877758283297,2.501096188424559
273.08811297109986,54.58404623455768
273.0974483593667,11.801156290045524
273.1067837476336,96.7423994542297
273.1161191359005,35.124225540261996
273.12545452416737,86.28365778991466
273.13478991243426,74.00730443135932
273.14412530070115,8.89309568176666
273.15346068896804,41.48617172025171
273.1627960772349,215.30427123381259
273.17213146550176,45.36071054686764
273.18146685376865,232.39774337051855
273.19080224203555,70.28233529564486
273.20013763030244,46.53818134831436
273.2094730185693,2.2169104597567553
273.2188084068362,100.47161995063568
273.22814379510305,35.9084284071575
273.23747918336994,29.434000215057143
273.24681457163683,5.208915442093182
273.2561499599037,132.97586682846375
273.2654853481706,7.165004455545176
273.2748207364375,40.764185932233985
273.28415612470434,17.124290238101285
273.29349151297123,104.60336215443552
273.3028269012381,17.073641237783157
273.312162289505,7.878603964709207
273.3214976777719,248.6764604707146
273.3308330660388,2.037861836133153
273.3401684543057,138.10732223065398
273.3495038425725,156.5591138323835
273.3588392308394,27.581376413589243
273.3681746191063,46.54764761800669
273.3775100073732,62.984684716284434
273.3868453956401,10.908688651088678
273.39618078390697,65.81885167836467
273.4055161721738,3.5785870492716856
273.4148515604407,67.58417262007924
273.4241869487076,7.109287141338411
273.4335223369745,32.12716254513914
273.44285772524137,56.93163620982581
273.45219311350826,19.550752833208495
273.46152850177515,34.27377991518037
273.470863890042,153.93022901350813
273.4801992783089,129.11135687883996
273.48953466657576,34.77950261917609
273.49887005484266,52.10515320608985
273.50820544310955,75.2207384286181
273.51754083137644,22.665590692656878
273.52687621964327,16.184457397582676
273.53621160791016,7.229253060556547
273.54554699617705,11.476838131984039
273.55488238444394,5.847817194000091
273.56421777271083,34.80332638075543
273.5735531609777,62.74416988631091
273.5828885492446,66.51836355902508
273.59222393751145,152.89347693867592
273.60155932577834,117.16215796278327
273.61089471404523,40.82554932868766
273.6202301023121,5.405810928463102
273.629565490579,86.32025332010555
273.6389008788459,235.53940210692008
273.64823626711274,195.1177608106438
273.6575716553796,30.9585629323412
273.6669070436465,123.63677741887423
273.6762424319134,4.351992032922701
273.6855778201803,41.05733172760969
273.6949132084472,50.27812962739783
273.7042485967141,1.5686491040859074
273.7135839849809,8.836170190484898
273.7229193732478,33.24043846862022
273.7322547615147,25.401179629677102
273.7415901497816,7.788862346861512
273.7509255380485,4.709401349962863
273.76026092631537,1.0070160478959733
273.7695963145822,11.280195508952927
273.7789317028491,7.347389677561198
273.788267091116,11.145720943965385
273.7976024793829,14.396170824456245
273.80693786764976,14.92048840012538
273.81627325591666,30.826810794057472
273.82560864418355,19.717066207270747
273.8349440324504,2.073720249514418
273.84427942071727,72.74904983112671
273.85361480898416,14.29741266109269
273.86295019725105,4.648111638637217
273.87228558551794,87.59666334239516
273.88162097378483,19.296860627643028
273.89095636205167,4.8799514332577685
273.90029175031856,55.39230404924986
273.90962713858545,70.73311862389771
273.91896252685234,6.139835900338169
273.92829791511923,41.29569938547782
273.9376333033861,99.78750827422789
273.946968691653,42.512837329345615
273.95630407991985,0.6569970670870183
273.96563946818674,304.22666097963554
273.9749748564536,124.86561702717749
273.9843102447205,16.721306026484577
273.9936456329874,171.185411537326
274.0029810212543,0.6470751281796675
274.01231640952113,18.103396422562167
274.021651797788,99.1908102774031
274.0309871860549,0.8461452993177534
274.0403225743218,12.298008599704332
274.0496579625887,93.10984367921132
274.0589933508556,176.73087155577883
274.0683287391225,65.1257230520449
274.0776641273893,19.292541089375288
274.0869995156562,37.00824794108676
274.0963349039231,22.252114892183403
274.10567029219,28.983629791349472
274.1150056804569,39.42777380403566
274.12434106872377,36.2145969050265
274.1336764569906,12.677060824008333
274.1430118452575,19.76036377394921
274.1523472335244,5.245324991516383
274.1616826217913,19.071387587095302
274.17101801005816,29.24260331287899
274.18035339832505,35.390604363748444
274.18968878659194,55.78353132412895
274.1990241748588,27.97520320859991
274.20835956312567,8.232319339093344
274.21769495139256,11.047885718937858
274.22703033965945,58.89481400806365
274.23636572792634,112.42687262593593
274.24570111619323,44.703119185451435
274.25503650446007,168.07097986810996
274.26437189272696,114.16543942419865
274.27370728099385,60.75758011019851
274.28304266926074,246.73556572575936
274.2923780575276,31.539871862295843
274.3017134457945,71.61151541884172
274.3110488340614,138.30600619965247
274.32038422232824,6.229853782181731
274.32971961059513,3.8130389117607617
274.339054998862,209.51058026333223
274.3483903871289,184.4450614070016
274.3577257753958,63.53172913224876
274.3670611636627,107.27132578345535
274.3763965519296,102.17469926757596
274.3857319401964,53.25081528973619
274.3950673284633,104.76573599010946
274.4044027167302,95.81478306969626
274.4137381049971,112.29686754350128
274.423073493264,39.635981789783884
274.4324088815309,65.12144970041443
274.4417442697977,121.21862412609856
274.4510796580646,207.36734315580142
274.4604150463315,130.7804007337871
274.4697504345984,6.149403886196916
274.4790858228653,8.82479936699685
274.48842121113216,47.04205572265816
274.49775659939905,66.05052476352013
274.5070919876659,2.3673258641180075
274.5164273759328,45.81884740441782
274.52576276419967,1.2976502277651365
274.53509815246656,46.54426582659711
274.54443354073345,52.64375716763277
274.55376892900034,1.0322882560072528
274.5631043172672,0.5580010984250083
274.57243970553407,17.04903964456044
274.58177509380096,14.311818798818353
274.59111048206785,1.0532308669964967
274.60044587033474,16.976036237207314
274.60978125860163,5.707152851332941
274.6191166468685,33.527045811586426
274.62845203513535,39.060333412509095
274.63778742340224,12.052116804991556
274.64712281166913,63.278760750071534
274.656458199936,7.470246333858482
274.6657935882029,2.720643231680579
274.6751289764698,63.59401814695009
274.68446436473664,0.3386990139470686
274.69379975300353,18.015283233447118
274.7031351412704,114.48420640224059
274.7124705295373,8.485703930558216
274.7218059178042,85.12640770736886
274.7311413060711,80.14507594942988
274.740476694338,6.115538952924292
274.7498120826048,73.47202417023055
274.7591474708717,30.064447995776536
274.7684828591386,49.15444953134787
274.7778182474055,12.651967943461615
274.7871536356724,227.4117563120399
274.7964890239393,45.364632447835604
274.8058244122061,53.15156034294939
274.815159800473,101.96391534856251
274.8244951887399,20.179954506387194
274.8338305770068,0.06648456196299966
274.84316596527367,15.700080272670002
274.85250135354056,34.48980792966075
274.86183674180745,13.316458128681488
274.8711721300743,17.29332757794028
274.8805075183412,14.263236504864679
274.88984290660807,3.5304719432976785
274.89917829487496,35.826565231799975
274.90851368314185,6.198941766119915
274.91784907140874,53.05999828292075
274.9271844596756,74.97355939125258
274.93651984794246,91.85417152959994
274.94585523620935,178.31050472757195
274.95519062447624,89.48410119026316
274.96452601274314,144.92943841040525
274.97386140101,31.26073270152999
274.9831967892769,28.9701451442713
274.99253217754375,2.1171972972031456
275.00186756581064,159.418743784125
275.01120295407753,18.928596532523887
275.0205383423444,109.56255762177615
275.0298737306113,149.56792290610238
275.0392091188782,0.16216924019600365
275.04854450714504,31.18657936180306
275.05787989541193,18.570515542692686
275.0672152836788,26.601909980578714
275.0765506719457,36.47687856061099
275.0858860602126,16.094275013862237
275.0952214484795,12.759063605419547
275.1045568367464,105.70224164355388
275.1138922250132,31.67514920105713
275.1232276132801,13.98915619761651
275.132563001547,100.25982900018064
275.1418983898139,124.37088643683109
275.1512337780808,9.427927036200805
275.16056916634767,4.786301657847882
275.1699045546145,270.6504037721373
275.1792399428814,4.9321482143463475
275.1885753311483,21.08472107187911
275.1979107194152,86.40595043575911
275.20724610768207,77.68998739877655
275.21658149594896,41.80692741121901
275.22591688421585,19.068161654638498
275.2352522724827,123.46463446777257
275.2445876607496,86.3556405490402
275.25392304901646,0.3935488321906825
275.26325843728335,53.07496594867248
275.27259382555025,3.577995916189061
275.28192921381714,77.29100233575113
275.29126460208397,40.07288882870092
275.30059999035086,57.87370102866475
275.30993537861775,28.108063030427658
275.31927076688464,12.847787153584948
275.32860615515153,68.24916156236506
275.3379415434184,68.24278475159377
275.3472769316853,121.81352339315369
275.35661231995215,100.9104017063465
275.36594770821904,13.567314632059146
275.37528309648593,45.10745531895482
275.3846184847528,7.658718888342692
275.3939538730197,7.3699524171107615
275.4032892612866,23.39503960429855
275.41262464955344,6.450443290634073
275.4219600378203,8.715512953164447
275.4312954260872,10.16218754432427
275.4406308143541,23.36381981887223
275.449966202621,47.47736329094426
275.4593015908879,1.8210120261651717
275.4686369791548,55.922708360250255
275.4779723674216,38.2753734191293
275.4873077556885,7.503648736817851
275.4966431439554,15.27293412172904
275.5059785322223,53.36629937462038
275.5153139204892,11.632933395350136
275.52464930875607,22.673654919084555
275.53398469702296,16.718317504764073
275.5433200852898,16.248794648601336
275.5526554735567,41.0722283487498
275.5619908618236,10.442831383300385
275.57132625009046,11.304570511193248
275.58066163835736,8.168110100698215
275.58999702662425,3.4769233337128185
275.5993324148911,45.27474107672728
275.60866780315797,12.190188522936436
275.61800319142486,6.858124468434906
275.62733857969175,169.2657897778731
275.63667396795864,9.324525809368046
275.64600935622553,34.558761078655365
275.6553447444924,125.98840235102044
275.66468013275926,86.5637468739128
275.67401552102615,194.10973370569613
275.68335090929304,59.64085245746533
275.69268629755993,144.46998242147805
275.7020216858268,64.5378502319658
275.7113570740937,136.6737769605143
275.72069246236055,78.24900934905942
275.73002785062744,3.8975632133384708
275.7393632388943,87.31826689885037
275.7486986271612,17.369526523444875
275.7580340154281,24.770285763787253
275.767369403695,57.84477532539029
275.7767047919619,9.592166779953443
275.7860401802287,0.5983431662970128
275.7953755684956,2.3871402859288144
275.8047109567625,39.32275678689872
275.8140463450294,16.22595969643318
275.8233817332963,13.361350532255369
275.8327171215632,10.966145036410694
275.84205250983,77.22262941772841
275.8513878980969,62.563221738201186
275.8607232863638,4.5156351935911605
275.8700586746307,193.63816551473226
275.8793940628976,63.71257262541663
275.88872945116447,14.18802372546181
275.89806483943136,182.37746187929574
275.9074002276982,18.997841455450228
275.9167356159651,2.5381902269215324
275.92607100423197,12.801964434602771
275.93540639249886,48.52929888067642
275.94474178076575,61.660195280252694
275.95407716903264,46.14501702554701
275.9634125572995,12.530837232860382
275.97274794556637,11.134455342806792
275.98208333383326,14.139903721063186
275.99141872210015,6.404604460978149
276.00075411036704,13.663515968685905
276.01008949863393,27.633582091885106
276.0194248869008,12.22726560985507
276.02876027516766,68.91623559368848
276.03809566343455,12.704044677136313
276.04743105170144,50.055842901158655
276.0567664399683,31.8258435671625
276.0661018282352,63.56915034108002
276.0754372165021,3.3659827346843527
276.08477260476894,2.1576889035178106
276.09410799303583,17.822074064222676
276.1034433813027,45.27658099101092
276.1127787695696,7.681331315692466
276.1221141578365,37.101248401593615
276.1314495461034,74.71136196246648
276.1407849343703,9.016458402901092
276.1501203226371,3.641136213922795
276.159455710904,4.511639009513183
276.1687910991709,128.68806226587006
276.1781264874378,2.3456561318193065
276.1874618757047,42.682473195136964
276.1967972639716,7.504428436815793
276.2061326522384,126.10194327723059
276.2154680405053,35.27314490244877
276.2248034287722,116.33065356714198
276.2341388170391,20.713279449255772
276.243474205306,19.59762929359783
276.25280959357286,14.845285750094373
276.26214498183975,5.615845375558559
276.2714803701066,18.490071410012916
276.2808157583735,192.08964552232771
276.29015114664037,119.05827475366898
276.29948653490726,73.91214677087906
276.30882192317415,239.36774385451918
276.31815731144104,65.09219040370395
276.3274926997079,15.194427360816768
276.33682808797477,31.396213810320823
276.34616347624166,5.670348605965843
276.35549886450855,58.01689028180532
276.36483425277544,88.84622772281641
276.37416964104233,2.8201715320455465
276.3835050293092,1.2971477924318993
276.39284041757605,176.64175265922898
276.40217580584294,1.2039083009103946
276.41151119410983,13.288989006136273
276.4208465823767,130.0599542543038
276.4301819706436,17.52037001443694
276.4395173589105,28.624722975752743
276.44885274717734,111.35425452157166
276.45818813544423,54.882744462879366
276.4675235237111,110.38017707851647
276.476858911978,54.60164664891138
276.4861943002449,42.75243215849827
276.4955296885118,27.478451960254855
276.5048650767787,59.1201939733415
276.5142004650455,55.7819099989939
276.5235358533124,144.12090699178046
276.5328712415793,52.49794812779442
276.5422066298462,10.374044016033386
276.5515420181131,14.143156478865365
276.56087740638,36.04266459461375
276.57021279464686,44.8930634506344
276.5795481829137,41.20503192347546
276.5888835711806,31.048247139635208
276.5982189594475,6.889529597194059
276.60755434771437,13.05165962647293
276.61688973598126,0.5862521952206214
276.62622512424815,35.83686451786867
276.635560512515,31.94376763441876
276.6448959007819,13.427111760786538
276.65423128904877,35.03309397354517
276.66356667731566,0.3551937402671904
276.67290206558255,6.447056942685264
276.68223745384944,3.9350123500211827
276.69157284211633,68.10184418933237
276.70090823038316,11.925019190998633
276.71024361865005,6.939637574161321
276.71957900691694,7.013674167648187
276.72891439518384,54.80952211917829
276.7382497834507,26.90304559101562
276.7475851717176,2.764574718405312
276.75692055998445,55.763591796838284
276.76625594825134,18.612676617225866
276.77559133651823,74.21533199066967
276.7849267247851,78.71545727873313
276.794262113052,136.97956622279582
276.8035975013189,84.45029798130308
276.8129328895858,17.850611434381047
276.82226827785263,220.85868102356133
276.8316036661195,5.917582146818029
276.8409390543864,2.6748386827597534
276.8502744426533,76.93763631078713
276.8596098309202,47.64841062477188
276.8689452191871,11.627611106396873
276.8782806074539,11.816491773610426
276.8876159957208,181.5199839636634
276.8969513839877,28.61484795972269
276.9062867722546,13.563759056956
276.9156221605215,45.09335290572345
276.92495754878837,6.287678864413785
276.93429293705526,1.8244596201560657
276.9436283253221,25.839313354386334
276.952963713589,39.7352164127304
276.9622991018559,12.1964457411106
276.97163449012277,6.743806145784347
276.98096987838966,29.758864221671846
276.99030526665655,102.79994552157333
276.9996406549234,162.608505714008
277.0089760431903,289.89574377911094
277.01831143145716,53.440741072207096
277.02764681972405,39.29827890715656
277.03698220799095,57.20055187627674
277.04631759625784,146.70443756908318
277.0556529845247,47.111437346896714
277.06498837279156,3.0070739708323275
277.07432376105845,11.24348585217798
277.08365914932534,49.46384942942692
277.09299453759223,116.97965119037057
277.1023299258591,15.962121690814044
277.111665314126,51.26863201456809
277.12100070239285,23.438324510622817
277.13033609065974,136.80204309960112
277.13967147892663,15.06456048450239
277.1490068671935,75.72947324253917
277.1583422554604,76.30658538794148
277.1676776437273,173.0699817056209
277.1770130319942,25.83472220023906
277.186348420261,24.41917756294676
277.1956838085279,29.727741086828956
277.2050191967948,26.063206630336534
277.2143545850617,26.05989788139358
277.2236899733286,29.0410959332406
277.2330253615955,29.959496403946726
277.2423607498623,14.513177434485971
277.2516961381292,63.64229594351486
277.2610315263961,119.11743580090858
277.270366914663,24.600135543479347
277.2797023029299,12.873518613944134
277.28903769119677,24.42167157616821
277.29837307946366,62.709922454913865
277.3077084677305,30.944650340026225
277.3170438559974,89.2557457628875
277.3263792442643,3.742817874375872
277.33571463253116,102.59476508513798
277.34505002079806,31.486887787000338
277.35438540906495,117.49103604887422
277.3637207973318,10.796739676031788
277.37305618559867,28.34721698845622
277.38239157386556,30.89569568517764
277.39172696213245,38.51675165991493
277.40106235039934,46.765365765927314
277.41039773866623,34.837219163741935
277.4197331269331,45.305483662290136
277.42906851519996,71.71807202869306
277.43840390346685,35.70458141527568
277.44773929173374,22.43268340089449
277.45707468000063,14.212760999493652
277.4664100682675,29.66183634137807
277.4757454565344,56.60502179419638
277.48508084480125,112.61488910811894
277.49441623306814,8.016742262556109
277.503751621335,22.54973243988588
277.5130870096019,32.77964467731761
277.5224223978688,111.69080302131415
277.5317577861357,45.160367047808876
277.5410931744026,67.49192660559311
277.5504285626694,91.28217621201156
277.5597639509363,3.6267572917742728
277.5690993392032,0.0068595774819112075
277.5784347274701,187.44516643748827
277.587770115737,0.7824441731846643
277.5971055040039,0.5215430721508376
277.6064408922707,73.79051742758658
277.6157762805376,24.647809569046874
277.6251116688045,8.997004183468121
277.6344470570714,61.43846910068752
277.6437824453383,24.656733026587453
277.65311783360517,7.523789435148294
277.66245322187206,11.6268425531973
277.6717886101389,41.1483138226781
277.6811239984058,0.14819884181992024
277.69045938667267,31.247350761901334
277.69979477493956,18.27233316150189
277.70913016320645,111.01879473706582
277.71846555147334,284.7703597637161
277.72780093974023,47.34184327562333
277.73713632800707,173.81378674904482
277.74647171627396,144.08716675504627
277.75580710454085,81.28876894355628
277.76514249280774,21.889635841341875
277.77447788107463,20.048214609224054
277.7838132693415,179.0850368056895
277.79314865760836,20.917494368677517
277.80248404587525,21.86408822282152
277.81181943414214,46.647753122221935
277.821154822409,21.9931366624951
277.8304902106759,4.70173738587255
277.8398255989428,52.3433998917083
277.8491609872097,36.4264201920787
277.85849637547653,18.645170928190673
277.8678317637434,3.756175966171224
277.8771671520103,22.13815562528144
277.8865025402772,53.30230312580965
277.8958379285441,48.04203109016068
277.905173316811,11.653907485308384
277.9145087050778,52.494347759956526
277.9238440933447,36.723911022615965
277.9331794816116,51.31833856183734
277.9425148698785,36.656475906157894
277.9518502581454,59.89871453311998
277.9611856464123,23.41162610907464
277.97052103467917,0.5349594258633885
277.979856422946,1.017307010723158
277.9891918112129,28.132057572876196
277.9985271994798,56.04742727786142
278.0078625877467,44.523125530866984
278.01719797601356,13.322848942577362
278.02653336428045,57.101715909308304
278.0358687525473,24.818384624141007
278.0452041408142,44.76768247276528
278.05453952908107,0.14600776372191754
278.06387491734796,18.6149023108586
278.07321030561485,21.04248037370388
278.08254569388174,61.22940639533267
278.09188108214863,26.700063606770854
278.10121647041547,54.73547486614572
278.11055185868236,20.993694172379474
278.11988724694925,73.36496245366119
278.12922263521614,4.566007925644412
278.13855802348303,71.97336977641417
278.1478934117499,14.529673478765826
278.15722880001675,21.042272713687783
278.16656418828364,25.16792575619997
278.17589957655053,22.210421284866555
278.1852349648174,23.35441625186211
278.1945703530843,75.31192723531584
278.2039057413512,14.325943821454446
278.2132411296181,34.33527229974596
278.22257651788493,48.113349724411506
278.2319119061518,106.50988196946061
278.2412472944187,95.00337270176297
278.2505826826856,0.9020627172765179
278.2599180709525,124.9880392955215
278.2692534592194,134.67849813610968
278.2785888474862,102.41101585778556
278.2879242357531,176.860310454057
278.29725962402,49.82915861789356
278.3065950122869,61.345094394751925
278.3159304005538,6.181578997830153
278.3252657888207,26.416017390697547
278.33460117708756,34.18523164583709
278.3439365653544,51.05819250217862
278.3532719536213,84.98877765189309
278.3626073418882,70.51102123366482
278.37194273015507,49.037139542298405
278.38127811842196,30.02935049246051
278.39061350668885,27.272983134218247
278.3999488949557,46.78326546635476
278.4092842832226,80.08046637506392
278.41861967148947,14.160268920516978
278.42795505975636,53.56484643535802
278.43729044802325,26.44600946165522
278.44662583629014,38.010645238577084
278.45596122455703,5.117343724405177
278.46529661282386,8.860120881466388
278.47463200109075,76.64213622676115
278.48396738935764,50.80893652620233
278.49330277762454,32.419505839655635
278.5026381658914,71.78133710370048
278.5119735541583,162.90862266012002
278.52130894242515,47.18281951645832
278.53064433069204,95.54751422020676
278.53997971895893,0.8654038118938355
278.5493151072258,108.00859455629636
278.5586504954927,60.69004105808681
278.5679858837596,4.677941066670716
278.5773212720265,57.88298873541641
278.58665666029333,22.93700092013846
278.5959920485602,22.91432519228229
278.6053274368271,73.001065559913
278.614662825094,23.45251035771345
278.6239982133609,133.28983494241865
278.6333336016278,8.025105308782301
278.6426689898946,148.45669290674027
278.6520043781615,28.235805017707552
278.6613397664284,185.12040642584725
278.6706751546953,133.47857694208753
278.6800105429622,17.382372007705637
278.68934593122907,53.93310760899824
278.69868131949596,70.17615401796328
278.7080167077628,29.234781386803007
278.7173520960297,40.058623113322405
278.7266874842966,123.9611931463414
278.73602287256347,28.074504544278664
278.74535826083036,53.14709266306889
278.75469364909725,18.764721916196144
278.76402903736414,49.52988709388116
278.773364425631,24.043020116671965
278.78269981389786,5.804561708225252
278.79203520216475,9.56993714739892
278.80137059043165,8.395595897498845
278.81070597869854,68.28271139780563
278.8200413669654,122.05828456116552
278.82937675523226,15.091144078922794
278.83871214349915,78.05491856713088
278.84804753176604,8.164942517727837
278.85738292003293,15.13242301754293
278.8667183082998,58.2347923184139
278.8760536965667,23.86902365718762
278.8853890848336,13.533434028475105
278.89472447310044,106.50651620679471
278.90405986136733,36.36395636057644
278.9133952496342,17.756160661233025
278.9227306379011,8.61560907592203
278.932066026168,84.00347410161824
278.9414014144349,33.520668355345656
278.9507368027017,10.013615646806684
278.9600721909686,19.85910405138822
278.9694075792355,50.43508935799792
278.9787429675024,8.925975655226653
278.9880783557693,1.3554228235096897
278.9974137440362,35.245078923469606
279.00674913230307,48.18214179445407
279.0160845205699,13.089177407361529
279.0254199088368,8.132561173235453
279.0347552971037,51.48581221825827
279.0440906853706,25.841928637715135
279.05342607363747,7.461780966994271
279.06276146190436,1.8934064581660008
279.0720968501712,57.797535951857924
279.0814322384381,10.546755082059681
279.090767626705,5.913119199560657
279.10010301497186,13.638689359234181
279.10943840323876,22.42813271047385
279.11877379150565,68.30933874094532
279.12810917977254,31.280740945006738
279.13744456803937,17.749158805668266
279.14677995630626,167.7311601032226
279.15611534457315,20.85567101342825
279.16545073284004,17.165121594928475
279.17478612110693,90.63819450641165
279.1841215093738,55.25347913572376
279.19345689764066,4.333553386632072
279.20279228590755,6.784954849413966
279.21212767417444,119.40601707850146
279.22146306244133,37.568242821955025
279.2307984507082,1.515087584325376
279.2401338389751,31.017258013225582
279.249469227242,5.453923401492855
279.25880461550884,18.072130657321363
279.2681400037757,29.55568048582899
279.2774753920426,0.649248108829022
279.2868107803095,34.89645161402684
279.2961461685764,1.6645091363738007
279.3054815568433,63.258879760128906
279.3148169451101,45.16733699032386
279.324152333377,6.5148921840284
279.3334877216439,20.410512039200192
279.3428231099108,31.69883486509695
279.3521584981777,14.421517579212095
279.3614938864446,12.089189412193132
279.37082927471147,3.290128246038665
279.3801646629783,35.26868996734928
279.3895000512452,112.72598570283708
279.3988354395121,45.17953615273024
279.408170827779,41.30917850299431
279.41750621604587,146.51487662380666
279.42684160431276,33.89480078744303
279.4361769925796,32.613963929043166
279.4455123808465,36.65630414440803
279.45484776911337,261.33575412732625
279.46418315738026,86.82240158010787
279.47351854564715,15.592674482438824
279.48285393391404,383.3219470186577
279.49218932218093,14.876931629115159
279.50152471044777,36.55076026390205
279.51086009871466,12.011348611528671
279.52019548698155,341.4476064026073
279.52953087524844,28.060503261295622
279.53886626351533,3.081685802337297
279.5482016517822,160.45332024961164
279.55753704004906,38.59570649306874
279.56687242831595,130.0063791062986
279.57620781658284,314.68908388083315
279.5855432048497,7.5781194194433
279.5948785931166,243.74372102605216
279.6042139813835,90.88122330125961
279.6135493696504,47.31008718957301
279.62288475791723,21.18715143946157
279.6322201461841,13.172243358352407
279.641555534451,20.257259589992813
279.6508909227179,30.063101917054546
279.6602263109848,76.0635777930229
279.6695616992517,117.16413937821834
279.6788970875185,170.44175411512282
279.6882324757854,215.4399387970504
279.6975678640523,64.50462304705087
279.7069032523192,11.805155132194558
279.7162386405861,17.57343488510038
279.725574028853,51.83033771768416
279.73490941711987,112.88206842348103
279.7442448053867,44.70840687943095
279.7535801936536,36.68223383952999
279.7629155819205,2.290686497721754
279.7722509701874,123.63622815676675
279.78158635845426,182.66156873367333
279.79092174672115,59.67206730517659
279.800257134988,112.8235234935701
279.8095925232549,11.388459972443574
279.81892791152177,44.641855515190414
279.82826329978866,32.20566329707212
279.83759868805555,101.03684924688444
279.84693407632244,0.6365958819109464
279.85626946458933,5.125263769998147
279.86560485285617,72.10503679623784
279.87494024112306,137.33016675728223
279.88427562938995,7.768190243992395
279.89361101765684,11.656679780337042
279.90294640592373,53.91708159944148
279.9122817941906,177.20835412603878
279.9216171824575,58.259209043344796
279.93095257072434,97.5580127090917
279.94028795899123,42.845865813998444
279.9496233472581,19.13808052744803
279.958958735525,0.13464513310178552
279.9682941237919,37.03982693331199
279.9776295120588,16.893218636905218
279.98696490032563,1.7387408203022277
279.9963002885925,43.040000746398434
280.0056356768594,12.909845911764974
280.0149710651263,18.574907710755653
280.0243064533932,87.20266998536528
280.0336418416601,3.8204864426645297
280.042977229927,20.410350783307578
280.0523126181938,25.31426061595013
280.0616480064607,26.15335604198196
280.0709833947276,27.91485654630146
280.0803187829945,19.293109145296068
280.0896541712614,17.78318840024371
280.09898955952826,17.767605382359505
280.1083249477951,75.04061420321838
280.117660336062,9.258160800522539
280.1269957243289,20.707487027424854
280.13633111259577,51.87303171286174
280.14566650086266,4.126005536450747
280.15500188912955,18.05104246476105
280.16433727739644,15.263779195835685
280.1736726656633,54.48685393250607
280.18300805393017,10.460264854618314
280.19234344219706,83.55296348976192
280.20167883046395,37.80597719272092
280.21101421873084,44.77493981972886
280.22034960699773,34.57074977320902
280.22968499526456,1.0632575362463352
280.23902038353145,37.46679015887082
280.24835577179834,24.218784198250933
280.25769116006524,31.763314926856026
280.2670265483321,79.39414772934461
280.276361936599,2.1088201220783014
280.2856973248659,3.805158905640658
280.29503271313274,10.396750062379244
280.30436810139963,101.61493609867891
280.3137034896665,90.89371160125516
280.3230388779334,3.0189594921346807
280.3323742662003,101.92066749952588
280.3417096544672,99.46713794179752
280.35104504273403,36.20025852179723
280.3603804310009,94.20911242432658
280.3697158192678,89.83489650851497
280.3790512075347,22.28025162715566
280.3883865958016,10.357293950225502
280.3977219840685,32.03060213821927
280.4070573723354,19.82344404121962
280.4163927606022,63.190543350641434
280.4257281488691,10.092534265125568
280.435063537136,4.641944065626448
280.4443989254029,58.0484494557187
280.45373431366977,3.5682333645703577
280.46306970193666,22.82655558943702
280.4724050902035,38.44833090463515
280.4817404784704,52.695891837855314
280.4910758667373,38.57893845114657
280.50041125500417,30.12911865128557
280.50974664327106,65.50167969907139
280.51908203153795,9.005771593518466
280.52841741980484,6.156970155227734
280.5377528080717,28.33896322451433
280.54708819633856,132.66841123096594
280.55642358460545,57.88174286242774
280.56575897287235,52.87849807276418
280.57509436113924,60.01042075740467
280.5844297494061,6.92795788663972
280.59376513767296,7.712002250757467
280.60310052593985,11.403401784133191
280.61243591420674,44.51258763107781
280.62177130247363,4.2479100735717354
280.6311066907405,21.978333844604666
280.6404420790074,122.11818117720007
280.6497774672743,0.6840489848282573
280.65911285554114,43.78169473398084
280.66844824380803,72.79999197759015
280.6777836320749,9.189096031095113
280.6871190203418,59.486027481107136
280.6964544086087,16.12924028423222
280.7057897968756,47.93191925641884
280.7151251851424,37.236940532148175
280.7244605734093,14.748218011248355
280.7337959616762,56.155541721555004
280.7431313499431,47.127870465374166
280.75246673821,59.2966312713696
280.7618021264769,55.39145002598956
280.77113751474377,149.46531601662616
280.7804729030106,57.92898933091891
280.7898082912775,2.0177042784554713
280.7991436795444,129.84290328677855
280.8084790678113,47.595138615634696
280.81781445607817,26.866374152899787
280.82714984434506,89.10694465445918
280.8364852326119,3.3658596302070327
280.8458206208788,36.23928887420073
280.8551560091457,105.19446705256631
280.86449139741256,21.31563937446285
280.87382678567946,63.9878375074549
280.88316217394635,6.418909055233216
280.89249756221324,54.51876350750499
280.90183295048007,30.940577666775816
280.91116833874696,54.11941931542241
280.92050372701385,3.35876087632261
280.92983911528074,0.40073429733941623
280.93917450354763,11.523298684328623
280.9485098918145,31.026393960436774
280.95784528008136,49.22404781123245
280.96718066834825,61.473140922288934
280.97651605661514,63.67705543553657
280.98585144488203,39.25857884925788
280.9951868331489,8.14410252644888
281.0045222214158,2.113304742691829
281.0138576096827,20.295414603869396
281.02319299794954,62.72098122168166
281.0325283862164,55.898970559708836
281.0418637744833,44.25081390379535
281.0511991627502,11.514137021677202
281.0605345510171,6.526036669410857
281.069869939284,22.990777551232025
281.0792053275509,35.78939414461788
281.0885407158177,20.590363654805643
281.0978761040846,23.251622801536477
281.1072114923515,9.085063680198902
281.1165468806184,19.058278592086136
281.1258822688853,12.351888381650461
281.13521765715217,19.459499382997873
281.144553045419,1.839173313077632
281.1538884336859,69.8226719535522
281.1632238219528,22.438810593549107
281.1725592102197,13.176713954653211
281.18189459848656,32.14248013293967
281.19122998675346,95.28164683897285
281.20056537502035,5.043985241681182
281.2099007632872,3.6358964439674484
281.21923615155407,235.58040376407402
281.22857153982096,38.32712216097252
281.23790692808785,39.529687232859686
281.24724231635474,142.58213040415419
281.25657770462163,97.78803359121463
281.26591309288847,19.9646213587344
281.27524848115536,11.511514690810868
281.28458386942225,123.88488809713087
281.29391925768914,79.01555527599358
281.30325464595603,73.9958616293509
281.3125900342229,21.764294343044174
281.3219254224898,93.72282117602373
281.33126081075665,11.01902353758777
281.34059619902354,55.37159664294148
281.3499315872904,34.18426948267384
281.3592669755573,26.392614046564628
281.3686023638242,11.599959304928243
281.3779377520911,36.114033212734824
281.38727314035793,19.5597138547055
281.3966085286248,8.825077063146708
281.4059439168917,0.6532709911081943
281.4152793051586,17.7117555442137
281.4246146934255,57.47839838105388
281.4339500816924,143.28106751240338
281.4432854699593,53.6945991187083
281.4526208582261,62.01632312057086
281.461956246493,74.58089107548489
281.4712916347599,338.8621449494605
281.4806270230268,337.0745994597762
281.4899624112937,168.37370419719582
281.49929779956057,112.09997742207898
281.5086331878274,45.287588216753264
281.5179685760943,8.84323765698182
281.5273039643612,127.28681660848423
281.5366393526281,12.337609932356921
281.54597474089496,3.0058776265958156
281.55531012916185,3.5310099049288333
281.56464551742874,132.49559313423444
281.5739809056956,53.6957576668781
281.58331629396247,32.59828473184401
281.59265168222936,27.934913064248448
281.60198707049625,36.18868041809945
281.61132245876314,16.825211454271933
281.62065784703003,98.13208166946677
281.62999323529687,8.128525028807118
281.63932862356376,64.63185664864952
281.64866401183065,117.84405241713132
281.65799940009754,44.20986469653667
281.6673347883644,32.44289253128834
281.6766701766313,23.1593004335534
281.6860055648982,155.44144140584552
281.69534095316504,102.45062944443653
281.70467634143193,52.48072731002271
281.7140117296988,185.69349430905413
281.7233471179657,94.36755113695777
281.7326825062326,5.07157350264204
281.7420178944995,46.36890371347333
281.75135328276633,0.3555468774497909
281.7606886710332,96.4216562853026
281.7700240593001,100.8930063842458
281.779359447567,36.28661837645174
281.7886948358339,3.2581383535672512
281.7980302241008,44.36740970393109
281.8073656123677,29.730341100180578
281.8167010006345,79.85204195187146
281.8260363889014,234.192058198473
281.8353717771683,179.17044339686808
281.8447071654352,23.481818091667947
281.8540425537021,92.97980390580389
281.86337794196896,21.3926194257325
281.8727133302358,28.600692870751182
281.8820487185027,21.723997378568257
281.8913841067696,37.600700389276
281.90071949503647,49.32796566488843
281.91005488330336,33.27466965222501
281.91939027157025,20.051355403216007
281.92872565983714,94.70363101087963
281.938061048104,9.80305973385159
281.94739643637087,4.429032887169586
281.95673182463776,24.172013218310674
281.96606721290465,4.000888306609402
281.97540260117154,36.45162025307198
281.98473798943843,29.492613101330466
281.99407337770526,16.686940806627806
282.00340876597215,65.45284599908382
282.01274415423904,113.288402618351
282.02207954250594,4.3024758116795425
282.0314149307728,37.086010904683405
282.0407503190397,9.77955629793317
282.0500857073066,122.15656836891796
282.05942109557344,91.3874241476158
282.06875648384033,47.34864242632012
282.0780918721072,13.991190606610019
282.0874272603741,50.57996961603042
282.096762648641,50.80085292315704
282.1060980369079,53.080939959053495
282.1154334251748,17.11458039912834
282.1247688134416,27.422442730323233
282.1341042017085,12.50716894865808
282.1434395899754,13.39452314010144
282.1527749782423,29.591520808514613
282.1621103665092,16.06096363539587
282.1714457547761,1.722989305022601
282.1807811430429,43.61866274517988
282.1901165313098,49.81903322209576
282.1994519195767,76.57681326220482
282.2087873078436,29.2673661075287
282.21812269611047,15.275692852007376
282.22745808437736,148.55836713725677
282.23679347264425,60.70763892694229
282.2461288609111,133.21078141985595
282.255464249178,46.66460593913264
282.26479963744487,72.6418741052697
282.27413502571176,25.447267501439867
282.28347041397865,97.1657341845857
282.29280580224554,133.10125536767964
282.3021411905124,43.599314384970604
282.31147657877926,54.631650085677826
282.32081196704615,203.42929940284068
282.33014735531304,85.65757334271147
282.33948274357994,61.77344903808479
282.3488181318468,132.96549291020065
282.3581535201137,33.68829327943168
282.36748890838055,23.29274443268915
282.37682429664744,42.520441843361525
282.38615968491433,5.962883270399039
282.3954950731812,56.55932735894942
282.4048304614481,156.48631750586264
282.414165849715,280.1518095075845
282.42350123798184,60.55095732085838
282.43283662624873,91.70144159423462
282.4421720145156,170.2373623866532
282.4515074027825,23.27286829073954
282.4608427910494,64.87474381053224
282.4701781793163,68.0367864261315
282.4795135675832,65.09038552998292
282.48884895585,39.86081400182981
282.4981843441169,9.274434324728704
282.5075197323838,28.892628240594703
282.5168551206507,25.588963828718065
282.5261905089176,15.569883063798386
282.53552589718447,52.26096536137621
282.5448612854513,49.46071002134279
282.5541966737182,122.07893895540005
282.5635320619851,26.36124349963002
282.572867450252,54.903708356897674
282.58220283851887,62.242768390129235
282.59153822678576,1.4566936800206465
282.60087361505265,74.76821752428401
282.6102090033195,9.639391712816218
282.6195443915864,10.450599295837785
282.62887977985326,16.69611814818888
282.63821516812015,89.54640757930156
282.64755055638705,150.43291721959946
282.65688594465394,76.83551327070184
282.66622133292077,135.74695280696216
282.67555672118766,62.64564896050743
282.68489210945455,3.494886195155035
282.69422749772144,50.76778611128513
282.70356288598833,7.932144164091321
282.7128982742552,42.55749870602899
282.7222336625221,41.15572824032175
282.73156905078895,28.4782413280201
282.74090443905584,53.214655641842434
282.75023982732273,8.952007173588319
282.7595752155896,2.7091899218603537
282.7689106038565,45.01718068900551
282.7782459921234,189.708807015841
282.78758138039024,157.75341915307715
282.7969167686571,200.4194363952125
282.806252156924,108.36976803291292
282.8155875451909,22.175008285709968
282.8249229334578,59.48722404842781
282.8342583217247,69.57552570305913
282.8435937099916,30.335808874596506
282.8529290982584,15.543715522330128
282.8622644865253,1.0481288305091152
282.8715998747922,5.347765722691222
282.8809352630591,8.52371886684025
282.890270651326,3.3522887684232368
282.89960603959287,48.916282898091985
282.9089414278597,35.1050348810055
282.9182768161266,23.91344893735901
282.9276122043935,18.322282708475075
282.9369475926604,31.09794795305218
282.94628298092726,37.53489090696849
282.95561836919416,32.29472145851086
282.96495375746105,11.042739820751393
282.9742891457279,7.857424400445395
282.98362453399477,30.882705703538708
282.99295992226166,68.20487494597577
283.00229531052855,7.535533318661451
283.01163069879544,51.44410549386274
283.02096608706233,46.259338256508926
283.03030147532917,220.82037761782175
283.03963686359606,135.8694008501852
283.04897225186295,5.308666851846023
283.05830764012984,57.095080228336165
283.06764302839673,13.24803580058009
283.0769784166636,97.65580459692632
283.0863138049305,50.493534626076176
283.09564919319735,35.50424787500566
283.10498458146424,140.82131438101334
283.1143199697311,193.03354655621132
283.123655357998,227.22803363826418
283.1329907462649,141.5246868163637
283.1423261345318,15.350751057399933
283.15166152279863,122.34138367783238
283.1609969110655,61.98722080467459
283.1703322993324,27.348676676536314
283.1796676875993,10.970637549310561
283.1890030758662,9.450964926735711
283.1983384641331,14.669841514397156
283.2076738524,86.2921200163893
