frequency,power
0.0039355444567512,6.168116773527776e-05
0.0078710889135024,7.610361114213699e-05
0.0118066333702536,0.0005595452735334918
0.0157421778270048,0.00038779552012281317
0.019677722283756,0.0031668883699703596
0.0236132667405072,0.0011170578321432411
0.0275488111972584,0.061247642528957896
0.0314843556540096,0.1117379811328482
0.0354199001107609,0.012152085383761429
0.0393554445675121,0.06442740581362927
0.0432909890242633,0.13615288213793983
0.0472265334810145,0.07270904490067125
0.0511620779377657,0.046293316619194315
0.0550976223945169,0.025792277089218985
0.0590331668512681,0.008012540272475704
0.0629687113080193,0.02521578425928344
0.0669042557647705,0.07970832159067857
0.0708398002215218,0.08798984614308394
0.074775344678273,0.26420253912008046
0.0787108891350242,0.11099318101218426
0.0826464335917754,0.3081132519253896
0.0865819780485266,0.24376839333131373
0.0905175225052778,0.4262215480474389
0.094453066962029,3.757824419120206
0.0983886114187802,4.134666020855624
0.1023241558755315,1.0880366428001744
0.1062597003322827,0.3416840150079606
0.1101952447890339,0.20410050829254062
0.1141307892457851,0.6292793886236073
0.1180663337025363,1.0657140798786682
0.1220018781592875,2.530259506677165
0.1259374226160387,4.762922053564459
0.1298729670727899,2.7571971540414126
0.1338085115295411,0.19166583065282175
0.1377440559862923,1.8653059057183896
0.1416796004430436,1.4781787162368187
0.1456151448997948,0.028812788721432864
0.149550689356546,0.030514625579967515
0.1534862338132972,0.7844253175080113
0.1574217782700484,4.024981265044673
0.1613573227267996,3.83869154025516
0.1652928671835508,1.698641620447363
0.169228411640302,1.244723035327922
0.1731639560970533,0.0007115317206666908
0.1770995005538045,3.373125652774624
0.1810350450105557,6.199780467846899
0.1849705894673069,1.6504306307174883
0.1889061339240581,0.4337532082070106
0.1928416783808093,1.316719441727176
0.1967772228375605,0.5115573541660288
0.2007127672943117,0.3360953951342578
0.204648311751063,0.8263436056140981
0.2085838562078142,0.7602702926620053
0.2125194006645654,2.5623626129107104
0.2164549451213166,7.040342606121794
0.2203904895780678,4.220338951523586
0.224326034034819,0.3870905302902048
0.2282615784915702,3.0058459889867573
0.2321971229483214,3.6383182402137444
0.2361326674050727,0.7340427277823214
0.2400682118618239,0.9364497585169288
0.2440037563185751,1.0529927320565984
0.2479393007753263,1.7071906091161908
0.2518748452320775,3.5310065191483613
0.2558103896888287,1.2932383640322123
0.2597459341455799,1.3093371139389653
0.2636814786023311,1.623248401629171
0.2676170230590823,1.8082017301188595
0.2715525675158335,0.01870751103970121
0.2754881119725848,3.223902822708668
0.279423656429336,3.345308514939562
0.2833592008860872,1.373454064963299
0.2872947453428384,7.503832153816457
0.2912302897995896,6.879529052841946
0.2951658342563408,3.340252059993101
0.299101378713092,1.0397773932886345
0.3030369231698432,5.339584004468345
0.3069724676265944,2.8176027006048403
0.3109080120833457,1.0580744928827055
0.3148435565400969,3.819641757241232
0.3187791009968481,0.8098303307872105
0.3227146454535993,1.645346333620146
0.3266501899103505,2.0364394492685594
0.3305857343671017,0.6544430572691252
0.3345212788238529,1.3200791913318464
0.3384568232806041,4.388767486525568
0.3423923677373554,1.5441137110729586
0.3463279121941066,0.8217668806822078
0.3502634566508578,1.585010532525359
0.354199001107609,1.1529896705190552
0.3581345455643602,6.449048370047412
0.3620700900211114,5.7855113179702125
0.3660056344778626,2.2832209677627695
0.3699411789346138,2.3205031643153844
0.3738767233913651,0.53756902501525
0.3778122678481163,0.12122715085611808
0.3817478123048675,0.3050527372028031
0.3856833567616187,2.00872718827323
0.3896189012183699,4.586126321358713
0.3935544456751211,1.7195330957062163
0.3974899901318723,1.0753177817211599
0.4014255345886235,6.116756443318636
0.4053610790453748,7.075724293425051
0.409296623502126,3.692348450761578
0.4132321679588772,0.7420207852453529
0.4171677124156284,1.4187404640336183
0.4211032568723796,2.898623995626286
0.4250388013291308,3.256649875837118
0.428974345785882,2.204942547203284
0.4329098902426332,2.0489209245613496
0.4368454346993844,5.7483314684785825
0.4407809791561357,4.422508406765755
0.4447165236128869,0.42110196857472043
0.4486520680696381,0.6175696577649138
0.4525876125263893,1.9842182919811875
0.4565231569831405,1.429082672867155
0.4604587014398917,0.19634508682569707
0.4643942458966429,0.34649901911893777
0.4683297903533941,1.376075183994548
0.4722653348101454,1.0635900135331808
0.4762008792668966,0.30526816374051785
0.4801364237236478,0.3929109610017471
0.484071968180399,0.03525925824093248
0.4880075126371502,1.4118554987841552
0.4919430570939014,1.1004888856159272
0.4958786015506526,1.3350045701594202
0.4998141460074038,4.921636583829417
0.5037496904641551,2.931496693009261
0.5076852349209063,0.45325234423617994
0.5116207793776576,1.496218593895075
0.5155563238344087,0.8288895622110559
0.51949186829116,0.41938903250607307
0.5234274127479112,0.1601141776321307
0.5273629572046624,0.320954221707841
0.5312985016614136,1.2967696458355755
0.5352340461181648,0.9369291227847204
0.539169590574916,0.518419313655704
0.5431051350316672,1.3704786787047691
0.5470406794884185,3.506478272899527
0.5509762239451697,3.202261990757256
0.5549117684019209,0.9251160753181498
0.5588473128586721,0.21501594135661597
0.5627828573154233,0.5223154286045046
0.5667184017721745,1.2129403730011823
0.5706539462289257,0.4647965774322396
0.5745894906856769,0.0956384116247043
0.5785250351424281,0.5412596202684129
0.5824605795991794,1.3739970821656584
0.5863961240559306,0.9955192706011828
0.5903316685126818,0.08450962214105122
0.594267212969433,0.05940938314147014
0.5982027574261842,0.662511022357933
0.6021383018829354,2.235859133804351
0.6060738463396866,1.762900445890148
0.6100093907964378,0.07838163491363952
0.613944935253189,1.3657007146520586
0.6178804797099403,0.9156756284132408
0.6218160241666915,0.11560858066132029
0.6257515686234427,0.5593425586893174
0.6296871130801939,0.5911894052292257
0.6336226575369451,0.894189781019077
0.6375582019936963,0.16137734055402525
0.6414937464504475,1.1432463183550943
0.6454292909071987,1.9907334587473449
0.64936483536395,0.7420083998721162
0.6533003798207012,0.3977965796060486
0.6572359242774524,0.4589179609304647
0.6611714687342036,1.786114280786357
0.6651070131909548,4.198354513500194
0.669042557647706,0.6262369297931278
0.6729781021044572,2.210550403975603
0.6769136465612084,2.3943330467779282
0.6808491910179596,0.4625879635499234
0.6847847354747109,0.620781655217517
0.6887202799314621,0.3480452992485005
0.6926558243882133,0.8581206731130407
0.6965913688449645,0.7390990753572955
0.7005269133017157,2.6749455729118
0.7044624577584669,2.5623814821759265
0.7083980022152181,1.205562022792517
0.7123335466719694,0.38895542972134717
0.7162690911287205,0.09359318813409313
0.7202046355854718,0.12188409479080294
0.724140180042223,0.4107363167384836
0.7280757244989742,0.8164972825469214
0.7320112689557254,0.535787082926733
0.7359468134124766,0.08100363577892937
0.7398823578692278,0.3835043134826291
0.743817902325979,0.39237782686441497
0.7477534467827303,0.7725399770420499
0.7516889912394814,1.4914287370768462
0.7556245356962327,1.1171494662845214
0.7595600801529838,0.10552797440974945
0.7634956246097351,0.09235498254508062
0.7674311690664863,0.1528938674544493
0.7713667135232375,0.5760515085388429
0.7753022579799888,0.801501977747617
0.7792378024367399,0.562982961417025
0.7831733468934912,0.45872178706776334
0.7871088913502423,0.1416134096988679
0.7910444358069936,0.03174584788007051
0.7949799802637447,0.31883398829959664
0.798915524720496,0.4009791131856071
0.8028510691772472,0.3035392321018424
0.8067866136339984,0.17901337612571463
0.8107221580907497,0.29110910989340083
0.8146577025475008,0.4454577098045458
0.8185932470042521,0.17104250612899655
0.8225287914610032,0.01692809465833989
0.8264643359177545,0.013812456298816922
0.8303998803745056,0.022753764281978277
0.8343354248312569,0.004965085598144258
0.8382709692880081,0.1182079824121434
0.8422065137447593,0.21437926380582858
0.8461420582015106,0.05487080220493167
0.8500776026582617,0.05021593609969786
0.854013147115013,0.41580471652356926
0.8579486915717641,0.28101128817683096
0.8618842360285154,0.10018428119261762
0.8658197804852665,0.7921168298263407
0.8697553249420178,0.5370784669866544
0.873690869398769,0.767717328904378
0.8776264138555202,0.2540498332790297
0.8815619583122715,0.13747585131646722
0.8854975027690226,0.41156529273662906
0.8894330472257739,0.07356466098473544
0.893368591682525,0.0017178354986905951
0.8973041361392763,0.012385026576240252
0.9012396805960274,0.05071366216260372
0.9051752250527788,0.5779880476464991
0.90911076950953,0.5051581695610108
0.9130463139662812,0.23463732246606392
0.9169818584230324,0.34246133829090425
0.9209174028797836,0.07296347532927715
0.9248529473365348,0.5153974954787751
0.928788491793286,0.26879109376470983
0.9327240362500372,0.017917873914995976
0.9366595807067885,0.2671950908616771
0.9405951251635396,0.214430702399756
0.9445306696202908,0.5446336731338213
0.948466214077042,0.5025307347827764
0.9524017585337932,0.10669320811306716
0.9563373029905444,0.8284505778394348
0.9602728474472956,0.5558285594681676
0.9642083919040468,0.05079435285340053
0.968143936360798,0.2907777290212707
0.9720794808175492,0.8716427588555276
0.9760150252743004,0.7279569281935334
0.9799505697310518,0.052985044036330455
0.9838861141878028,0.25966669848429824
0.9878216586445542,0.4514123268285564
0.9917572031013052,0.07648626599820736
0.9956927475580566,0.8720158578575568
0.9996282920148076,0.5911618574920025
1.003563836471559,0.21834751967888785
1.0074993809283102,0.012668853406631961
1.0114349253850614,0.9862165900322789
1.015370469841813,1.7430173783624856
1.019306014298564,0.0353615387242818
1.023241558755315,0.971702052821228
1.0271771032120662,0.6112339762176406
1.0311126476688175,0.06971070401400475
1.0350481921255688,0.1973596159066642
1.0389837365823198,0.015407315438998008
1.042919281039071,0.11838951930060883
1.0468548254958223,0.15229644035555376
1.0507903699525736,0.3216998054645314
1.0547259144093248,0.06928480482789229
1.058661458866076,0.048554389263231246
1.0625970033228271,0.11414896390481366
1.0665325477795784,0.019814476820883813
1.0704680922363297,0.07605275851810031
1.0744036366930807,0.11207119838723277
1.078339181149832,0.03419091689057584
1.0822747256065832,0.45411598123273617
1.0862102700633345,0.4754476772946694
1.0901458145200855,0.6902095493087644
1.0940813589768368,0.49156221972466174
1.098016903433588,0.010106511277253202
1.1019524478903393,0.43202879151494783
1.1058879923470906,0.28290673217627266
1.1098235368038416,0.7180143756883016
1.1137590812605929,0.5129588396108968
1.117694625717344,0.6452746270855587
1.1216301701740954,0.7818633598015121
1.1255657146308466,0.10879601930829476
1.1295012590875977,0.2522067955165031
1.133436803544349,0.17892876649240594
1.1373723480011002,0.6120624536538407
1.1413078924578517,1.0883802849606428
1.1452434369146025,1.8978283235969686
1.1491789813713538,0.5486563420211948
1.153114525828105,0.1879471831950364
1.1570500702848563,0.11426494905067887
1.1609856147416076,0.16339506821391309
1.1649211591983586,0.1283745248445139
1.16885670365511,0.22367794855174886
1.1727922481118611,0.48138419799220206
1.1767277925686124,0.019225913379993485
1.1806633370253634,0.28006400505833196
1.184598881482115,0.07373555101920623
1.188534425938866,0.15633702801550908
1.1924699703956172,0.1673638364070916
1.1964055148523685,0.3774461792240199
1.2003410593091195,0.12251439179030776
1.2042766037658708,0.24432120808874735
1.208212148222622,1.1591680336555432
1.2121476926793733,0.9141890438771199
1.2160832371361243,0.16224506130893726
1.2200187815928756,0.03603277135521064
1.2239543260496268,0.19213195653947276
1.227889870506378,0.8438414949599842
1.2318254149631294,0.40231325452057765
1.2357609594198804,0.9051974527343777
1.2396965038766317,1.170270794036645
1.243632048333383,0.1524405540065834
1.2475675927901342,0.20700062771149388
1.2515031372468852,0.3830763610893054
1.2554386817036365,0.3273638880399479
1.2593742261603875,0.09252663879585624
1.263309770617139,0.23618270809352482
1.2672453150738905,1.1772761445480988
1.2711808595306413,0.5227638113948434
1.2751164039873926,0.13987252681664505
1.2790519484441438,0.5576901567325451
1.282987492900895,0.13354105518914128
1.286923037357646,0.6646453689572058
1.2908585818143974,0.23215414496698028
1.2947941262711486,0.1219856774059791
1.2987296707279,0.3492781948056783
1.3026652151846512,0.5033463274554056
1.3066007596414022,0.37409146630468504
1.3105363040981537,0.06802708483849058
1.3144718485549047,0.15072582591003517
1.318407393011656,0.5877848335675792
1.322342937468407,0.7569525120510007
1.3262784819251583,0.15581468974216667
1.3302140263819096,0.2774714284996201
1.3341495708386608,0.0017130635757955474
1.338085115295412,0.40402481255971034
1.3420206597521631,0.10402567190609446
1.3459562042089144,0.1174694785850937
1.3498917486656656,0.06809384816265804
1.353827293122417,0.3346272140891624
1.357762837579168,0.3163042452966571
1.3616983820359192,0.14305201917845134
1.3656339264926705,1.1167567551903588
1.3695694709494215,0.3894081172543041
1.373505015406173,0.5124910165934293
1.377440559862924,0.6780343394270807
1.3813761043196753,0.019459231333167355
1.3853116487764263,0.6789568869939174
1.3892471932331778,0.3849981106259684
1.3931827376899288,0.746783991125111
1.39711828214668,0.8825222397161897
1.4010538266034314,0.45511406833779033
1.4049893710601826,0.6079488588734282
1.408924915516934,0.9463166568988041
1.412860459973685,0.357811993658533
1.4167960044304362,0.29157240953784547
1.4207315488871874,0.6183811895557708
1.4246670933439387,0.14292265177390892
1.4286026378006895,0.13094596377052484
1.432538182257441,0.12233043481202582
1.4364737267141925,0.4217919507308614
1.4404092711709435,1.0544725326015894
1.4443448156276948,0.6024418178104233
1.4482803600844458,0.17059744407967758
1.452215904541197,0.6002886890269394
1.4561514489979483,1.1116049194208384
1.4600869934546996,0.6196881862102396
1.4640225379114506,0.28826543772811053
1.467958082368202,0.10627864890734112
1.4718936268249532,0.08921047492456481
1.4758291712817044,0.16265408185337402
1.4797647157384557,0.05513358168012259
1.4837002601952067,0.1657273887216558
1.487635804651958,0.007269263680399312
1.4915713491087093,0.3059437037638314
1.4955068935654603,0.117385428099594
1.4994424380222116,0.6994163383430783
1.5033779824789628,0.857045588265652
1.507313526935714,0.26321771606357536
1.5112490713924651,0.2528914642950021
1.5151846158492164,0.09419972308888064
1.5191201603059676,0.5071730695051916
1.523055704762719,0.2864701418329389
1.5269912492194702,1.402533164960134
1.5309267936762214,0.23982274533073053
1.5348623381329725,1.0348089111751289
1.5387978825897235,0.5812153635264462
1.542733427046475,0.6561869078542472
1.5466689715032262,0.5251753626709276
1.5506045159599773,0.46450238268990507
1.5545400604167283,0.9284770544548953
1.5584756048734798,0.37515327169864254
1.562411149330231,2.4964007861598767
1.5663466937869823,1.1101358933535748
1.5702822382437334,0.37681339645604883
1.5742177827004846,0.3114471402854674
1.578153327157236,0.1958955483464632
1.5820888716139871,0.7407954912497944
1.5860244160707382,0.39167700732895355
1.5899599605274894,1.3451104930102515
1.5938955049842407,1.5416403593325356
1.597831049440992,0.12268837784477002
1.6017665938977432,1.088113118128874
1.6057021383544945,0.10895427425880404
1.6096376828112455,0.6758209057292017
1.6135732272679968,0.19506077769946634
1.617508771724748,0.7869865583743821
1.621444316181499,0.6731544426991514
1.6253798606382504,0.1699624854964051
1.6293154050950016,0.2254962883178447
1.6332509495517529,0.2846443177380007
1.637186494008504,0.22281515469613122
1.6411220384652552,0.2172230075692127
1.6450575829220064,0.7859796222318091
1.6489931273787577,0.18737302933420055
1.652928671835509,0.03280041941185618
1.65686421629226,0.08441170128761051
1.6607997607490113,0.1646800591724416
1.6647353052057623,0.24790476812334458
1.6686708496625138,0.27957672526151917
1.672606394119265,0.131281407381447
1.676541938576016,0.348571777211532
1.6804774830327671,0.8851262755494863
1.6844130274895186,0.5803080685074478
1.68834857194627,0.0011400808114462061
1.692284116403021,0.6383649832844146
1.6962196608597722,1.5285330340991163
1.7001552053165234,0.88841842546556
1.704090749773275,0.20321385557883848
1.708026294230026,0.7024319648210657
1.711961838686777,0.022168743871543068
1.7158973831435282,1.4947979953986212
1.7198329276002795,2.0568603836977863
1.7237684720570308,0.6610043150961338
1.7277040165137818,0.4122649239561436
1.731639560970533,0.16043326100834612
1.7355751054272843,0.15455563325963942
1.7395106498840356,0.0015936875597160084
1.7434461943407868,0.3366647470930619
1.747381738797538,0.7104037007024522
1.7513172832542891,0.3209322889155687
1.7552528277110404,0.08946097301484111
1.7591883721677917,0.6505684135760208
1.7631239166245427,0.8807292946967527
1.767059461081294,0.21428737448805074
1.7709950055380452,0.27971030288159576
1.7749305499947965,1.3078085611464014
1.7788660944515478,0.6493010743763138
1.7828016389082988,0.03957526913393588
1.78673718336505,0.09646843374474702
1.790672727821801,1.1173875251569378
1.7946082722785526,3.167796756860991
1.7985438167353036,4.326451458955227
1.8024793611920549,2.3244138280234274
1.806414905648806,0.30442023217887976
1.8103504501055572,0.46659395860223196
1.8142859945623089,1.140330425589593
1.81822153901906,1.060667513785561
1.822157083475811,0.9265505513659664
1.8260926279325624,0.8908649502090134
1.8300281723893133,1.2471520021186788
1.8339637168460643,2.2747720614472966
1.837899261302816,0.580439915967586
1.841834805759567,0.5789801153322031
1.8457703502163183,0.755969090620097
1.8497058946730696,0.7990305492849972
1.8536414391298208,2.126853618914439
1.857576983586572,0.9689256654982741
1.8615125280433231,0.24935647501361555
1.8654480725000744,0.9019274578761012
1.8693836169568252,0.10514573617513008
1.873319161413577,0.3330690393821064
1.877254705870328,0.4545990346917049
1.8811902503270792,0.14362970368335523
1.8851257947838305,0.07549462006745636
1.8890613392405813,0.9257343300638264
1.8929968836973328,0.31064431286765143
1.896932428154084,0.6687753675717949
1.9008679726108355,2.0728069716060613
1.9048035170675863,0.8818055798380732
1.9087390615243376,0.26498870375906336
1.9126746059810888,0.7702765119240076
1.91661015043784,1.1913871090598027
1.9205456948945916,0.05601109110203426
1.9244812393513424,0.4932553769491453
1.9284167838080937,0.35565461128495957
1.932352328264845,1.5410195784646394
1.936287872721596,2.2367612359214406
1.9402234171783472,0.3282920176891875
1.9441589616350985,0.04640247535369449
1.9480945060918495,0.09243700094621629
1.952030050548601,1.329305229934492
1.9559655950053525,0.9480897142146607
1.9599011394621035,0.04462050126283461
1.9638366839188544,0.4659438942648664
1.9677722283756056,0.13035418625687079
1.971707772832357,0.47658581039427095
1.975643317289108,0.5140097701544841
1.9795788617458596,0.2274106923386347
1.9835144062026109,0.38667447328685883
1.987449950659362,1.2102327243281648
1.9913854951161127,1.0768781403864103
1.995321039572864,1.3302591356749203
1.9992565840296157,0.9675775073076406
2.0031921284863667,0.05422544194631093
2.007127672943118,0.36937885991612623
2.011063217399869,0.2761422261605395
2.0149987618566203,0.20853764086065965
2.018934306313372,0.2892851791729313
2.0228698507701224,0.021229252306688245
2.026805395226874,0.10341952683390808
2.030740939683625,0.07484863312145869
2.0346764841403764,0.24535913156474923
2.0386120285971274,0.3527286526012158
2.0425475730538785,0.06238496532218158
2.04648311751063,0.09021818161719734
2.050418661967381,0.03748005557713164
2.054354206424132,0.2075970442061961
2.0582897508808835,0.2183162376261122
2.0622252953376345,0.27793868786851816
2.066160839794386,0.14998944437142925
2.070096384251137,0.3098053069765358
2.074031928707888,0.9762147698574658
2.07796747316464,1.6542973426466618
2.08190301762139,2.022904912659149
2.085838562078142,2.0713701259829613
2.089774106534893,2.1678920832829442
2.093709650991644,0.854623814689169
2.097645195448396,0.14171967566618632
2.1015807399051467,0.10165645510406486
2.105516284361898,0.2762092367915483
2.109451828818649,0.9852046529464292
2.1133873732754003,0.23490686386428797
2.117322917732152,0.5714907305535071
2.121258462188903,0.9807937279338431
2.125194006645654,1.143898308648883
2.1291295511024053,0.5953415232472521
2.1330650955591564,0.09262883849204807
2.137000640015908,0.07950279954266283
2.140936184472659,0.5411997537493181
2.14487172892941,0.797400496652447
2.1488072733861614,0.1083214745540858
2.1527428178429124,2.024658250470825
2.156678362299664,0.859478532483226
2.160613906756415,0.35064939603801976
2.164549451213166,0.37902194617629803
2.168484995669917,1.0576199759495208
2.1724205401266685,0.8391689724712745
2.17635608458342,0.551198803635716
2.180291629040171,3.5690042537186044
2.184227173496922,2.3264171677292373
2.1881627179536736,0.8214062181073561
2.1920982624104246,0.05017144358861944
2.196033806867176,0.8914270888581083
2.199969351323927,0.061563329081649874
2.203904895780678,0.8181645302016842
2.2078404402374296,0.514544553473443
2.2117759846941807,0.052689909646390955
2.215711529150932,0.04126773867241399
2.219647073607683,1.9901271308532877
2.2235826180644342,2.4367770830586286
2.2275181625211857,0.8667965032584202
2.2314537069779368,1.2103180927684964
2.235389251434688,2.422469723590149
2.2393247958914397,2.3983273021970337
2.2432603403481903,0.0549676716233547
2.247195884804942,2.97834679981767
2.251131429261693,1.3955745150070797
2.255066973718444,0.2789884644483977
2.259002518175196,0.9928807318043134
2.2629380626319464,0.371601187096555
2.266873607088697,2.465658680728909
2.270809151545449,1.3857163901261227
2.2747446960022,0.02886062498147379
2.2786802404589515,0.2748257108126053
2.2826157849157025,0.03532599329070512
2.286551329372453,0.005568433494696632
2.290486873829205,0.4685408163855186
2.294422418285956,1.1757662719167494
2.2983579627427075,0.30536369873692526
2.3022935071994586,0.14752561006392495
2.3062290516562096,0.09284821724708926
2.310164596112961,1.264268267160359
2.314100140569712,1.067625248122522
2.318035685026464,0.10954644633380456
2.3219712294832147,0.2744712298195895
2.3259067739399657,0.39140710966582837
2.329842318396717,1.25056717540399
2.333777862853468,1.9114608492556373
2.3377134073102197,1.3086401333792403
2.3416489517669707,0.017835595545134655
2.345584496223722,1.6585739776021573
2.3495200406804733,1.8657978572924578
2.3534555851372243,0.473151138261887
2.357391129593976,0.1978853078078279
2.361326674050727,0.1419937536394289
2.365262218507478,0.08422613143231789
2.3691977629642293,0.2624029746067006
2.3731333074209804,0.6341731153884097
2.3770688518777314,0.20871457590120007
2.381004396334483,0.5123289931869065
2.384939940791234,0.5975770271913688
2.388875485247985,1.768468869909518
2.3928110297047365,2.498685602064902
2.3967465741614875,0.8909110177898227
2.400682118618239,0.1276198232020159
2.40461766307499,1.6473199506334235
2.408553207531741,1.0048034330255902
2.412488751988493,0.13463879228760553
2.416424296445244,1.2248989008801616
2.420359840901995,1.7303284673818224
2.424295385358746,1.9538495501008983
2.428230929815497,0.08696998888830476
2.4321664742722486,4.793076110435881
2.436102018729,4.784617452527274
2.440037563185751,0.6009091824944519
2.443973107642502,0.6093257029934446
2.447908652099253,0.9331168734732036
2.4518441965560047,2.904585201980518
2.455779741012756,2.1878725174109404
2.4597152854695072,0.8879374199397143
2.4636508299262583,2.1853765848775337
2.4675863743830093,2.870880770761186
2.471521918839761,0.9243709202980229
2.475457463296512,0.3618120153608579
2.479393007753263,0.004423353980546579
2.4833285522100144,0.2144119317447496
2.4872640966667654,1.6819449753332398
2.491199641123517,4.951471297100786
2.495135185580268,2.073941506839675
2.499070730037019,0.009111147664755195
2.5030062744937704,0.09604618076788494
2.506941818950521,0.2714492716287624
2.510877363407273,0.10797654875287371
2.514812907864024,0.9500927107112543
2.518748452320775,1.0422176453901326
2.5226839967775265,0.9223889771648495
2.5266195412342776,3.1382432681719443
2.530555085691029,1.5889217046603479
2.53449063014778,0.6217605774088921
2.538426174604531,0.05901691770190002
2.5423617190612826,0.6978364399827056
2.5462972635180336,0.721390290271787
2.5502328079747847,2.0672302125699167
2.554168352431536,1.2907925643122935
2.558103896888287,0.1951273473128883
2.5620394413450387,0.052507204839183086
2.5659749858017897,0.5733539443169081
2.5699105302585408,0.23947147290775395
2.5738460747152923,0.43612571331317845
2.5777816191720437,0.9368712433612372
2.5817171636287948,0.5660170045878065
2.585652708085546,0.40234947206127264
2.589588252542297,0.2805864312339991
2.5935237969990483,0.2559394014978036
2.5974593414558,0.33336733679452085
2.601394885912551,2.3780134079575705
2.605330430369302,2.5006300605890113
2.609265974826053,0.931948039760035
2.6132015192828044,0.1885054110068536
2.6171370637395555,1.157843259396944
2.6210726081963065,1.330765580059534
2.625008152653058,0.4128309586897405
2.628943697109809,0.0656768833193875
2.6328792415665605,0.6414801616616064
2.6368147860233115,1.5650674508168074
2.6407503304800626,1.0504775243442277
2.644685874936814,0.25094849058613233
2.648621419393565,1.4646977534018581
2.6525569638503166,2.0482298089371076
2.656492508307068,0.5184784130741964
2.6604280527638187,0.5047910235951726
2.66436359722057,1.202471243372221
2.668299141677321,0.004334105856299557
2.6722346861340727,2.190393170770816
2.676170230590824,2.3001005284548612
2.6801057750475747,0.16954188575500947
2.6840413195043262,0.8844066137206973
2.6879768639610773,1.6494101631515485
2.6919124084178283,0.900547123442676
2.69584795287458,0.06137218460685523
2.699783497331331,1.1586468654558169
2.7037190417880823,0.5631690235267822
2.7076545862448334,0.5071844978491536
2.7115901307015844,0.8458612858124139
2.715525675158336,0.1933671986764547
2.719461219615087,1.0759840131271259
2.7233967640718384,1.8234446276286962
2.727332308528589,1.1282311297493417
2.7312678529853405,0.8924613771485812
2.735203397442092,3.4274019751566818
2.739138941898843,2.0436034945645027
2.7430744863555945,0.012356658115474574
2.747010030812345,0.23830260823887062
2.750945575269097,0.4454854052962196
2.754881119725848,0.824276602819508
2.758816664182599,0.3514277002274727
2.76275220863935,1.106838529668489
2.7666877530961016,2.648502218302739
2.7706232975528526,2.284793269517407
2.774558842009604,1.2693062024389192
2.778494386466355,0.7384923456526168
2.782429930923106,0.030506021062181393
2.7863654753798577,0.016538334678576853
2.7903010198366087,1.0997584330462944
2.79423656429336,1.2807701280715076
2.7981721087501112,2.190040328851951
2.8021076532068623,7.693785383323362
2.8060431976636138,3.0962752658261192
2.809978742120365,1.6158055706915877
2.8139142865771163,1.5619870625391443
2.8178498310338678,1.7390867715245686
2.8217853754906184,0.9017606454823393
2.82572091994737,1.1044060213111884
2.829656464404121,3.476823566440362
2.833592008860872,0.19403378521704237
2.8375275533176234,1.7636571166725836
2.8414630977743744,0.9070912060082547
2.845398642231126,0.054663963056822584
2.849334186687877,0.7116035502711511
2.853269731144628,1.4154479446598367
2.8572052756013795,0.27497297503852947
2.8611408200581305,1.9910272107579294
2.865076364514882,3.8224205679179857
2.869011908971633,1.0533123877550286
2.872947453428384,0.15903870166042747
2.876882997885136,1.2146712624213027
2.8808185423418866,0.727811214173762
2.884754086798638,0.3210591160663083
2.888689631255389,0.03351613943694808
2.89262517571214,2.1485635986342966
2.896560720168892,4.791098560984348
2.9004962646256427,2.799677211331859
2.9044318090823937,0.5026566309273176
2.908367353539145,0.2388995106476777
2.9123028979958963,0.06309225421279786
2.916238442452648,0.12998579507833863
2.9201739869093988,0.45428793181463684
2.92410953136615,0.1435772241114552
2.9280450758229013,0.17652096489775013
2.9319806202796523,0.44026700659497037
2.935916164736404,0.45029013401008966
2.939851709193155,0.4087423733415217
2.943787253649906,0.07725748827815616
2.9477227981066574,1.4870501977585084
2.9516583425634084,0.8687504785265134
2.95559388702016,1.389917416938819
2.959529431476911,2.786334974243235
2.963464975933662,0.24981879578063873
2.967400520390413,3.945004347050891
2.9713360648471645,5.674812083588427
2.9752716093039155,0.6756996370004223
2.979207153760667,0.725834915036945
2.983142698217418,1.0203043321455343
2.987078242674169,0.09891207149032841
2.9910137871309206,0.05814527069715658
2.994949331587672,0.32010927481871265
2.998884876044423,0.8058859190537113
3.002820420501174,0.03727358902499135
3.0067559649579256,1.815031188843123
3.0106915094146767,2.163293137929034
3.014627053871428,0.22072943254941638
3.018562598328179,0.6062924212863844
3.0224981427849302,2.6172728475582163
3.0264336872416813,2.1925936985937797
3.0303692316984328,1.0314767631792698
3.034304776155184,0.6088262223129713
3.0382403206119357,0.36468764773660833
3.0421758650686863,0.3570458031060088
3.0461114095254374,0.39202188961247103
3.050046953982189,1.664989948034697
3.05398249843894,0.5437320739952626
3.057918042895692,5.489900916076747
3.0618535873524424,4.9895868971578015
3.065789131809193,0.33624594923373574
3.069724676265945,1.2776607042971575
3.073660220722696,1.6217194392876835
3.0775957651794474,2.1811199737573306
3.0815313096361985,0.44575248101003834
3.085466854092949,0.43312992619296287
3.089402398549701,1.2005804575499206
3.093337943006452,0.8543019880522897
3.097273487463203,0.3106095811862033
3.1012090319199546,0.3935473538826365
3.1051445763767056,1.177365951449058
3.109080120833457,0.07822934574798225
3.113015665290208,1.2087666094921947
3.116951209746959,1.6294075209386665
3.12088675420371,0.0173805713561488
3.1248222986604617,0.3766037447956436
3.128757843117213,0.16372450994158225
3.132693387573964,1.8455471873293758
3.1366289320307152,1.651490884431324
3.1405644764874667,0.2201938739299276
3.1445000209442178,0.7855200590838668
3.148435565400969,2.592564363902972
3.1523711098577203,0.7213963846742593
3.1563066543144718,1.5360790480664666
3.160242198771223,4.8557336149866925
3.164177743227974,1.282444248855346
3.168113287684725,0.04433100025043727
3.1720488321414764,0.9049511213055126
3.1759843765982274,3.535343108454884
3.179919921054979,1.7213443794896048
3.18385546551173,1.66866507538121
3.187791009968481,2.2401511512240084
3.1917265544252325,2.0212338844046283
3.1956620988819835,4.362047729875064
3.199597643338735,0.9119669169277568
3.203533187795486,0.5334879342070725
3.207468732252237,0.05461077701096282
3.2114042767089885,0.7242458972918073
3.21533982116574,0.7158308730802267
3.219275365622491,4.775564214551665
3.223210910079242,7.99520988645415
3.227146454535993,3.92193125339628
3.2310819989927446,2.6202493631732704
3.235017543449496,4.443647389794022
3.2389530879062467,2.884616178224974
3.242888632362998,0.1453710813614904
3.246824176819749,0.016400095593211882
3.2507597212765007,1.2410790964450107
3.254695265733252,4.09825988406777
3.258630810190003,1.8948559611382014
3.2625663546467543,0.8827611017247121
3.2665018991035053,0.060167403872696264
3.270437443560257,2.266554196724633
3.274372988017008,1.582479235387108
3.278308532473759,1.0182701967406769
3.2822440769305103,3.9408956662002423
3.2861796213872614,0.5468737756782425
3.290115165844013,2.9302025833709697
3.294050710300764,5.668160987103662
3.297986254757515,3.0957376772116714
3.3019217992142664,0.8302831331426419
3.305857343671017,0.6747968910969714
3.3097928881277685,3.5639006929614983
3.31372843258452,4.615521485654565
3.317663977041271,2.047437342346298
3.3215995214980225,0.40767958868351395
3.3255350659547736,0.7396424766533373
3.3294706104115246,0.3125642815860689
3.333406154868276,0.4892396318362792
3.337341699325027,1.5971008967017117
3.3412772437817786,0.372017320779122
3.3452127882385296,1.6490793535570545
3.3491483326952807,0.7278231672471626
3.353083877152032,0.005610341088308423
3.357019421608783,0.25910316734366967
3.3609549660655347,4.043749793809629
3.3648905105222857,4.751014248807706
3.3688260549790368,1.3506443046839507
3.372761599435788,2.9866412169798324
3.3766971438925397,1.9930892838960663
3.3806326883492903,0.5809519312310182
3.384568232806042,0.16666039943249483
3.388503777262793,0.03275189057444082
3.3924393217195443,0.014432068492816807
3.396374866176296,1.1125204097230663
3.4003104106330464,2.3854287254510766
3.404245955089798,0.9355478040927357
3.408181499546549,0.06750200756741252
3.4121170440033004,0.6368817725358495
3.4160525884600514,0.36063518487832036
3.4199881329168025,0.003881873124381169
3.423923677373554,0.14629678010018096
3.427859221830305,0.25339112707727485
3.4317947662870565,0.14865307597140542
3.4357303107438075,1.5606749963983395
3.4396658552005586,5.834254916313405
3.44360139965731,2.2852295001498835
3.447536944114061,1.050233269745513
3.451472488570812,3.983962610517875
3.455408033027564,0.34749298253661304
3.459343577484314,1.3059421663768866
3.463279121941066,0.32113337961200333
3.467214666397817,2.49814884314288
3.471150210854568,4.973216361859176
3.47508575531132,1.7850914886879412
3.4790212997680707,2.8814195434154413
3.482956844224822,1.1545120276849177
3.4868923886815733,0.2550956500969566
3.4908279331383243,1.5426665508697275
3.494763477595076,2.730358904052137
3.498699022051827,3.0503999918195737
3.5026345665085783,1.8175347909128539
3.5065701109653293,0.3221421946704572
3.5105056554220804,0.5452512952172945
3.514441199878832,1.4210365644872562
3.518376744335583,0.012716147887645971
3.522312288792334,1.351261739741886
3.5262478332490854,1.869426040478052
3.5301833777058365,0.7972073193743693
3.534118922162588,0.6115160838867612
3.538054466619339,1.5665432745087664
3.54199001107609,1.120929028553857
3.545925555532841,2.907006011350672
3.5498610999895925,1.7915572372846535
3.553796644446344,0.14348663637513115
3.557732188903095,1.4951122124732235
3.561667733359846,0.21585504805003994
3.5656032778165976,0.15325304614259747
3.5695388222733486,0.04731278261498343
3.5734743667301,0.13262078048747408
3.577409911186851,0.21845281212471734
3.581345455643602,1.4696081816713922
3.5852810001003537,1.6392195467263055
3.5892165445571047,0.6300790611993128
3.593152089013856,0.21163774565399684
3.5970876334706072,0.5533694664787796
3.6010231779273583,0.7680705560002676
3.6049587223841097,0.8504338111485762
3.608894266840861,0.3537197043265904
3.612829811297612,0.05831183853387202
3.6167653557543633,0.03044087625716991
3.6207009002111135,0.5103768583661699
3.624636444667866,0.3381152300447681
3.628571989124617,0.8780062076113005
3.632507533581368,5.33486988635304
3.63644307803812,3.4977813847080546
3.6403786224948704,0.7463583907329203
3.644314166951622,2.5792933254847794
3.648249711408373,1.0613214997565155
3.652185255865124,0.0077554009453924535
3.656120800321876,0.24416410229783828
3.6600563447786265,0.649744276206153
3.6639918892353776,0.4124934031579918
3.667927433692129,0.2424590099594329
3.67186297814888,0.9014810249073014
3.675798522605632,4.676786479413958
3.679734067062383,5.233218853624637
3.6836696115191336,1.534047063596232
3.687605155975885,1.9325872758592735
3.691540700432636,0.9465626495156858
3.695476244889388,0.9209250523308066
3.6994117893461382,1.2727704798942132
3.7033473338028897,2.2223779634614034
3.707282878259641,0.8631867692837708
3.711218422716392,1.0110460505706833
3.715153967173144,1.3983035075037962
3.719089511629895,0.0795793466298685
3.723025056086646,0.9413085738479043
3.726960600543397,0.7686449867514248
3.730896145000148,5.606971703556435
3.7348316894568994,5.439083953086696
3.738767233913651,2.2011861647073077
3.742702778370402,0.513304900875247
3.746638322827154,0.09285884375125977
3.750573867283904,0.020124370194994804
3.754509411740656,0.9439230578879927
3.758444956197407,0.9380479596738879
3.762380500654158,1.4175138442626725
3.766316045110909,4.191772431422097
3.770251589567661,0.6681099113389052
3.774187134024412,7.050841800579143
3.778122678481163,10.801671683977526
3.782058222937914,4.1166993437474195
3.7859937673946655,1.828956949873247
3.789929311851417,0.8684354728916855
3.793864856308168,1.9366667769939174
3.797800400764919,0.5451708868240825
3.80173594522167,0.444190544535473
3.805671489678421,0.0998990399193256
3.8096070341351727,1.9741726042060919
3.813542578591924,1.9851808445976784
3.817478123048675,0.861929320483046
3.821413667505426,2.26190394123671
3.825349211962177,0.20007800696211078
3.8292847564189287,0.612551421742117
3.83322030087568,0.20265355200286125
3.8371558453324313,2.4642788285923576
3.8410913897891823,3.0312670286292773
3.845026934245933,0.8437389833315377
3.848962478702685,0.6574972329631542
3.852898023159436,0.8286541680975976
3.8568335676161873,1.2202003657644
3.8607691120729375,1.6803900271490941
3.8647046565296894,1.7212469722443438
3.868640200986441,0.5877685301059629
3.872575745443192,0.23754373980037002
3.876511289899943,0.19567270780122084
3.8804468343566954,0.9968171121689461
3.8843823788134455,1.0667660748875596
3.888317923270197,1.19311456357354
3.892253467726948,0.4738990043754564
3.896189012183699,0.10544278815630267
3.9001245566404505,0.2857612887063292
3.9040601010972016,0.1723288427615305
3.907995645553953,1.395668907028675
3.911931190010704,0.3613146141719402
3.915866734467455,0.3807596476069193
3.919802278924207,0.40291773956443583
3.9237378233809577,0.5763912952115295
3.927673367837709,3.1292381664945634
3.93160891229446,0.667050421616948
3.9355444567512112,1.5570237187544667
3.9394800012079623,4.088271480258725
3.9434155456647138,0.5093809120212577
3.947351090121465,0.7452635348199909
3.951286634578216,0.982728393197451
3.9552221790349673,0.305272833640672
3.959157723491719,0.6146146148620785
3.96309326794847,6.414777923074664
3.967028812405221,9.575990613439107
3.970964356861973,3.589360987355781
3.9748999013187234,0.3227448673249246
3.978835445775475,0.7458557921422071
3.982770990232226,2.3908984562087086
3.986706534688977,0.35271088001289075
3.990642079145728,1.6762306147379826
3.99457762360248,2.330013953065693
3.998513168059231,0.039842107207472326
4.002448712515982,1.3948255021025033
4.0063842569727335,1.165357478213919
4.0103198014294845,0.5943180966783836
4.014255345886236,0.9896881998990965
4.018190890342987,2.193266850396294
4.022126434799738,2.317906513787935
4.02606197925649,0.24771601656027603
4.029997523713241,0.26782514261793117
4.033933068169992,0.6615095154222937
4.037868612626743,1.6046291941511233
4.041804157083494,0.8405571000928971
4.045739701540246,0.461234647722138
4.049675245996997,2.0306309610862274
4.053610790453748,2.4284513734403643
4.057546334910499,1.7402676692180532
4.06148187936725,0.6439030624435709
4.065417423824002,1.9580503913644742
4.069352968280753,2.9951882336107247
4.073288512737504,1.0656861937267552
4.077224057194255,0.16972484852464215
4.081159601651006,0.6294073612211526
4.085095146107758,0.19606538603462204
4.089030690564509,0.5834120891257291
4.09296623502126,1.0695665340226512
4.096901779478011,1.1564645173419115
4.100837323934762,0.7826125061123999
4.104772868391513,0.3575317902201299
4.108708412848265,3.2720407266805562
4.112643957305016,5.408279221500838
4.116579501761767,1.5622674005645618
4.120515046218518,0.2639269785212532
4.124450590675269,0.47207682764697084
4.128386135132021,0.4257258497116216
4.132321679588772,0.44553705865027926
4.136257224045523,0.1368388299786977
4.140192768502274,0.3646569972565923
4.144128312959025,1.5839892886565523
4.148063857415777,0.9222174569576032
4.151999401872528,0.04478396340945635
4.155934946329279,0.6206912786725887
4.15987049078603,0.082610808726901
4.163806035242781,0.09271239623210537
4.167741579699533,0.14752015442525604
4.171677124156284,0.282025133868259
4.175612668613035,0.24792185842404163
4.179548213069786,0.5723653421924144
4.183483757526537,1.2058266975199894
4.187419301983289,0.7890388317825932
4.19135484644004,0.049594052774255645
4.195290390896791,0.8294174065206579
4.199225935353542,0.05585008189890054
4.203161479810293,1.120607414775659
4.207097024267045,1.048164701150058
4.211032568723796,0.08408876990810324
4.214968113180547,1.262789001165433
4.2189036576372985,0.7219355828570604
4.2228392020940495,0.6264249381131566
4.226774746550801,2.1815606736145474
4.2307102910075525,3.2528026109446073
4.234645835464304,3.0053188530689185
4.238581379921055,7.191660346430756
4.242516924377806,7.677784707596298
4.246452468834557,2.877568309651117
4.2503880132913086,0.25396671604187415
4.25432355774806,0.09716300428264923
4.258259102204811,0.06956190856120828
4.262194646661562,1.4582175368914674
4.266130191118313,4.577654968158189
4.270065735575065,4.296362397220974
4.274001280031816,0.942399494730464
4.277936824488567,0.6684654142625331
4.281872368945318,0.7231552065770552
4.285807913402069,0.04595645557936296
4.289743457858821,0.0014454100518725634
4.293679002315572,0.05613378913936138
4.297614546772323,0.15316161234851908
4.301550091229074,0.7161737293871573
4.305485635685825,1.670852998868988
4.309421180142577,0.9584479069423087
4.313356724599328,0.028621120853929972
4.317292269056079,0.9939082495338959
4.32122781351283,0.8028521371018718
4.325163357969581,1.359992194353322
4.329098902426333,1.4633125737033352
4.333034446883084,0.1340005607887801
4.336969991339835,0.6681947949224449
4.340905535796586,0.2676822405297126
4.344841080253337,0.8979561480409575
4.348776624710089,1.257847889834792
4.35271216916684,0.06714778276650939
4.356647713623591,0.7691262591067819
4.360583258080342,0.3283202840320458
4.364518802537093,0.07109306800402666
4.368454346993845,0.15585144983296872
4.372389891450596,2.344709425210189
4.376325435907347,2.0869925974788583
4.380260980364098,0.32558494485893336
4.384196524820849,0.6461045795478897
4.3881320692776,0.03921940536778489
4.392067613734352,1.1905204302805088
4.396003158191103,1.2217451837671318
4.399938702647854,0.1821122487507784
4.403874247104605,0.16934597138079646
4.407809791561356,0.4587725239637492
4.411745336018108,0.24940081499578579
4.415680880474859,0.027867416778150793
4.41961642493161,0.049542907255501714
4.423551969388361,0.2757175242745262
4.427487513845112,0.20480326512553904
4.431423058301864,0.4060421179668607
4.435358602758615,3.04643280141272
4.439294147215366,1.4063541085740172
4.4432296916721175,0.5610118515486958
4.4471652361288685,2.7695718445312254
4.45110078058562,0.8389725143341825
4.455036325042372,1.817071993150262
4.4589718694991225,3.696865681590154
4.4629074139558735,3.017095690245478
4.466842958412625,0.7648034409825167
4.4707785028693765,0.32553289582587547
4.474714047326128,1.0784980856281496
4.478649591782879,0.6516640876708959
4.48258513623963,1.2158155756281825
4.486520680696381,4.314796573000676
4.490456225153133,1.9700337086840223
4.494391769609884,0.41960709825551296
4.498327314066635,0.09556199294776091
4.502262858523386,3.5157941514377455
4.506198402980137,3.6729230980106866
4.510133947436889,0.26392369272933147
4.51406949189364,0.6589735248497142
4.518005036350391,0.11766094653437875
4.521940580807142,0.15865278036698657
4.525876125263893,0.12887600149384626
4.529811669720644,0.07470037402417917
4.533747214177396,0.22231764585840497
4.537682758634147,1.0267287877886935
4.541618303090898,1.6362510159905317
4.545553847547649,1.6217460469038494
4.5494893920044,0.28211870730920596
4.553424936461152,0.283462268507357
4.557360480917903,1.3964183629397022
4.561296025374654,2.6732532174301444
4.565231569831405,3.348097246561757
4.569167114288156,2.8967020857962997
4.573102658744908,2.918816351937794
4.577038203201659,1.5024727083094513
4.58097374765841,0.26444896503929927
4.584909292115161,1.2580821027389462
4.588844836571912,0.9781398573691168
4.592780381028664,0.595755127343843
4.596715925485415,0.09972176181471488
4.600651469942166,0.2689162678679911
4.604587014398917,0.371071273875249
4.608522558855668,1.5812446795261301
4.61245810331242,1.9123405468959636
4.616393647769171,0.2289464547035479
4.620329192225922,0.08658542444156517
4.624264736682673,0.0888499287874007
4.628200281139424,0.2970824733504714
4.632135825596176,1.0195848490078843
4.636071370052927,1.3817818251430323
4.640006914509678,0.48453298311806975
4.643942458966429,0.2320848097338862
4.64787800342318,0.7502699160316058
4.651813547879932,4.154840673461063
4.655749092336683,2.1778403292043036
4.659684636793434,0.16128966422518384
4.663620181250185,0.5780904815635156
4.667555725706936,0.05094929542003278
4.671491270163688,0.22232279306473943
4.675426814620439,0.2858629190132649
4.6793623590771904,0.5681620257414138
4.6832979035339415,0.5251161762421076
4.6872334479906925,1.4495317327291755
4.691168992447444,2.7537850285522727
4.695104536904196,1.3334149556233506
4.6990400813609465,0.33714000276529954
4.702975625817698,1.9131905172395114
4.706911170274449,0.6706911538881039
4.7108467147312,0.29163769108973353
4.714782259187952,2.0653127879389848
4.718717803644703,2.3404749424205002
4.722653348101454,0.9905982108366154
4.726588892558205,0.027866274173928438
4.730524437014956,2.260033899297388
4.734459981471708,3.727183502763219
4.738395525928459,1.4219154598555328
4.74233107038521,0.37597491039224523
4.746266614841961,0.3585923818312997
4.750202159298712,1.2754665531237919
4.754137703755464,0.9543585029156361
4.758073248212215,0.22321110606708972
4.762008792668966,0.618369059552391
4.765944337125717,0.4303789925248165
4.769879881582468,0.2975532388535101
4.77381542603922,0.11436911651046777
4.777750970495971,0.5509953893240633
4.781686514952722,0.4368214618943616
4.785622059409473,0.4809939671420636
4.789557603866224,0.10801419333363221
4.793493148322976,0.44845514966677696
4.797428692779727,0.278366726732129
4.801364237236478,0.14291785607724813
4.805299781693229,1.1942106161470385
4.80923532614998,3.4616946584538937
4.813170870606731,5.175850069623243
4.817106415063483,3.139829425546891
4.821041959520234,0.6561771743828048
4.824977503976985,0.13457750836904817
4.828913048433736,0.3793105716473011
4.832848592890487,1.7558262051844427
4.836784137347239,3.6455485761704107
4.84071968180399,4.680718430741864
4.844655226260741,4.6351032825230805
4.848590770717492,1.111505520940057
4.852526315174243,0.9666586258066595
4.856461859630995,5.28254541845122
4.860397404087746,3.697063007430487
4.864332948544497,0.841727359138826
4.868268493001248,0.6698338218572745
4.872204037457999,0.9881279221082084
4.876139581914751,0.1378015628063475
4.880075126371502,1.5190682781141653
4.884010670828253,3.1796092634939974
4.887946215285004,0.4812236524286982
4.891881759741755,0.7379141962457749
4.895817304198507,0.20736026351029496
4.899752848655258,0.9367876281582821
4.903688393112009,1.1986377001885204
4.9076239375687605,0.02190479904488185
4.911559482025512,0.8272770972465404
4.915495026482263,0.42445039816819313
4.919430570939015,0.022548021609129047
4.9233661153957655,0.31452189252615925
4.927301659852517,0.082973664586767
4.931237204309268,2.4195965293264363
4.93517274876602,3.785057605061922
4.939108293222771,0.3143457083675962
4.943043837679522,2.6332869244232167
4.946979382136273,1.6033694363241529
4.950914926593024,1.3137512967190244
4.954850471049775,0.7927093038587678
4.958786015506527,2.9341393428352225
4.962721559963278,3.97680201481095
4.966657104420029,1.6738907695255163
4.97059264887678,1.5049138103394546
4.974528193333531,0.07887780994339792
4.978463737790283,1.037790311667794
4.982399282247034,1.863257517849305
4.986334826703785,1.3232850031010999
4.990270371160536,6.8821945210835755
4.994205915617287,10.340158050131112
4.998141460074039,2.4529317138228843
5.00207700453079,1.4315683980672915
5.006012548987541,0.3340831302945201
5.009948093444292,0.12868086336638523
5.013883637901043,0.49658658679379836
5.017819182357795,4.167140443231773
5.021754726814546,1.939360964618754
5.025690271271297,0.1796742447648846
5.029625815728048,0.6294681135385626
5.033561360184799,1.800574506170879
5.037496904641551,2.620685273497878
5.041432449098302,0.21503129969880028
5.045367993555053,0.0900243170991888
5.049303538011804,0.07757304968444205
5.053239082468555,0.25451508728849365
5.057174626925307,0.15831370628126326
5.061110171382058,0.35969171143620626
5.065045715838809,0.008212734346858834
5.06898126029556,0.0380719374283824
5.072916804752311,0.2507276520497959
5.076852349209062,1.2136602775714282
5.080787893665814,3.1612007254605965
5.084723438122565,1.4914691515678673
5.088658982579316,0.581878100015213
5.092594527036067,3.808430742026381
5.096530071492818,1.139555468652732
5.10046561594957,0.06216387610531239
5.104401160406321,0.1149284085892009
5.108336704863072,2.3509308656972108
5.112272249319823,4.62361123956465
5.116207793776574,2.4521123642388405
5.120143338233326,0.27891564089375426
5.124078882690077,0.2002794295292661
5.128014427146828,1.0293418573720605
5.13194997160358,0.5085635485718163
5.1358855160603305,0.7884369097772153
5.139821060517082,0.8852718516995179
5.1437566049738335,0.12516571871687013
5.1476921494305845,0.42602626466022225
5.151627693887336,0.27017512276121536
5.155563238344087,0.08344903569945027
5.159498782800839,0.34769262608648704
5.1634343272575896,1.1374329299157704
5.167369871714341,1.3807243250228611
5.171305416171092,0.3934027978600667
5.175240960627843,1.6280606734132008
5.179176505084595,5.6632097028580715
5.183112049541346,1.476388730010076
5.187047593998097,0.14053224071548512
5.190983138454848,0.4479378777197053
5.194918682911599,0.6416966288856336
5.198854227368351,0.394479501595072
5.202789771825102,4.3292713968783465
5.206725316281853,1.7938559803461553
5.210660860738604,0.47355423422853155
5.214596405195355,1.460495846029905
5.218531949652106,0.678196976679654
5.222467494108858,0.7854272487505491
5.226403038565609,0.17526142104761291
5.23033858302236,0.17655809363342448
5.234274127479111,2.234292273796298
5.238209671935862,1.57947859831147
5.242145216392614,0.029446508664289814
5.246080760849365,0.09377084005959609
5.250016305306116,1.4228431627068874
5.253951849762867,1.4099564554449753
5.257887394219618,0.5442775724204025
5.26182293867637,2.5639335268522943
5.265758483133121,0.8264510307905322
5.269694027589872,4.515965099142155
5.273629572046623,1.656753724051222
5.277565116503374,0.6746256989727789
5.281500660960126,4.833966572034285
5.285436205416877,5.2014307422089425
5.289371749873628,0.8161142462875655
5.293307294330379,6.2112676001944624
5.29724283878713,4.318617990813065
5.301178383243882,1.0988087657298875
5.305113927700633,1.8722402520479546
5.309049472157384,0.4740118760640627
5.312985016614135,1.3510386177134248
5.316920561070886,0.48111589560620666
5.320856105527638,0.4069812823739601
5.324791649984389,0.6157498817496273
5.32872719444114,1.842571507177601
5.332662738897891,1.7430466538563678
5.336598283354642,2.8152619000646784
5.340533827811394,4.954392794331471
5.344469372268145,2.458381256558944
5.348404916724896,1.5152501016832347
5.352340461181647,5.0298531390860735
5.356276005638399,2.178894613497396
5.3602115500951495,0.03826211646860321
5.364147094551901,0.166562068799596
5.3680826390086525,0.9223001360669015
5.372018183465404,0.7390935374150001
5.3759537279221545,0.05175785849431658
5.379889272378906,1.2857131690671033
5.3838248168356575,3.6884649011580533
5.3877603612924085,1.6512861193458401
5.39169590574916,0.2864040785731854
5.395631450205911,0.7901993954319566
5.399566994662662,0.05489946838652122
5.403502539119414,0.42625809212681387
5.407438083576165,1.2976494295459142
5.411373628032916,0.47060133087054
5.415309172489667,0.3935989010647859
5.419244716946418,0.92679408299795
5.42318026140317,0.6051497837095506
5.427115805859921,0.3489348463997631
5.431051350316672,0.29369161338086147
5.434986894773423,1.2956640550421128
5.438922439230174,0.20377699750976497
5.442857983686926,0.3229574035175719
5.446793528143677,0.500060808460479
5.450729072600428,0.8141588366696971
5.454664617057179,1.594049085670374
5.45860016151393,0.7033266652771574
5.462535705970682,0.5533853531112033
5.466471250427433,0.8054888525746193
5.470406794884184,0.09999382865553488
5.474342339340935,0.35562224379326224
5.478277883797686,0.7139606207960039
5.482213428254438,1.9870444727833971
5.486148972711189,1.6832515098827623
5.49008451716794,0.47835881768334465
5.494020061624691,0.06885180112510231
5.497955606081442,0.0254568779089338
5.501891150538193,0.3215674049643929
5.505826694994945,2.716608077450916
5.509762239451696,2.8298048281716923
5.513697783908447,0.04269708518558616
5.517633328365198,1.639643868571853
5.521568872821949,1.488312489217085
5.525504417278701,0.05548472716387793
5.529439961735452,0.04438722579434364
5.533375506192203,0.15701424822105714
5.537311050648954,0.423795750203392
5.541246595105705,0.8791954303297502
5.545182139562457,1.8852278163416252
5.549117684019208,0.6612454609110929
5.553053228475959,0.08574992103580703
5.55698877293271,0.375411974344045
5.560924317389461,1.0368085811663335
5.564859861846213,0.8056220783464159
5.568795406302964,1.3821966321018515
5.572730950759715,0.08085504438259786
5.576666495216466,1.503217133751226
5.580602039673217,1.1954540705684507
5.584537584129969,0.6720009870926248
5.58847312858672,3.208520858976067
5.592408673043472,0.4631519966717827
5.596344217500223,5.71818609030033
5.6002797619569735,8.853319042633741
5.6042153064137255,1.964141354973386
5.6081508508704765,0.11950543007417556
5.612086395327228,0.3586549994175244
5.616021939783979,0.04526726355112369
5.61995748424073,0.24493313071389733
5.6238930286974815,0.5629415242055412
5.627828573154233,1.6609891188390602
5.631764117610984,0.7567367171238404
5.635699662067735,0.1800892196283159
5.639635206524486,0.9510660444569777
5.643570750981237,0.406744055016381
5.647506295437989,0.5718253474814317
5.65144183989474,0.5053355702591061
5.655377384351491,0.4583299165279346
5.659312928808242,1.7209721358462426
5.663248473264993,4.383541865807582
5.667184017721745,2.958064002573468
5.671119562178496,0.1263103079169355
5.675055106635247,0.6010559601360114
5.678990651091998,0.32661596469276116
5.682926195548749,0.12533910276859664
5.686861740005501,1.005009503418279
5.690797284462252,1.3231982904765214
5.694732828919003,1.348574765556386
5.698668373375754,3.2506141162759365
5.702603917832505,0.3805573049867796
5.706539462289257,1.8803474193108192
5.710475006746008,3.517771694008342
5.714410551202759,1.3346075515355766
5.71834609565951,0.009188497566031623
5.722281640116261,1.6846437605984652
5.726217184573013,2.596084717563055
5.730152729029764,0.7461828533475497
5.734088273486515,0.10287755581415549
5.738023817943266,0.13426720521793373
5.741959362400017,0.5993976511035571
5.745894906856769,0.17486763026307298
5.74983045131352,0.23648419424981332
5.753765995770271,1.1535448937423172
5.757701540227022,0.7425766243685138
5.761637084683773,1.582896052472018
5.765572629140525,1.7475236496496016
5.769508173597276,0.3058160588816657
5.773443718054027,0.0002146188598228245
5.777379262510778,1.3275256557772113
5.781314806967529,4.406579257858132
5.78525035142428,3.2702928053967955
5.789185895881032,1.3379294770977568
5.793121440337783,0.8809812648404001
5.797056984794534,0.8892000777526248
5.800992529251285,0.7095975579461766
5.804928073708036,0.6665471299320126
5.808863618164788,0.4894109360631278
5.812799162621539,1.1434146560438327
5.81673470707829,1.898511236883051
5.8206702515350415,1.178550154609346
5.8246057959917925,0.3889811362797399
5.828541340448544,0.024640769128177604
5.832476884905296,0.20284991195724064
5.836412429362047,0.9270332305748693
5.8403479738187976,1.1731268371888117
5.844283518275549,0.23174804877700894
5.8482190627323005,0.4554249514117698
5.852154607189052,0.9366231300889118
5.856090151645803,1.5766647172229715
5.860025696102554,1.1466054757301565
5.863961240559305,0.21698193439169908
5.867896785016057,1.7911732162188145
5.871832329472808,2.2700562403621696
5.875767873929559,1.6903465559972457
5.87970341838631,1.5650112557467413
5.883638962843061,1.0440196800888004
5.887574507299813,0.38261434157397567
5.891510051756564,0.4631030818540647
5.895445596213315,0.1553945930668534
5.899381140670066,0.5425716506529827
5.903316685126817,0.6008155489878537
5.907252229583569,0.8037951549043889
5.91118777404032,0.06714807094311288
5.915123318497071,1.2583096678575
5.919058862953822,0.967502661298092
5.922994407410573,0.27571825946432604
5.926929951867324,1.732887057919842
5.930865496324076,0.8780892858963177
5.934801040780827,2.8532073720891082
5.938736585237578,1.9432975688076322
5.942672129694329,0.9440965575913398
5.94660767415108,0.7863487826491841
5.950543218607832,0.012061437990077974
5.954478763064583,0.7416915619535784
5.958414307521334,1.0639496306706488
5.962349851978085,1.5400136907819926
5.966285396434836,1.5601713566864772
5.970220940891588,1.6026187252374477
5.974156485348339,1.8758207236438984
5.97809202980509,0.6411248889913241
5.982027574261841,0.5391771159276695
5.985963118718592,2.0141745620904024
5.989898663175344,0.527384161576765
5.993834207632095,0.6719227149296287
5.997769752088846,1.3458407531585577
6.001705296545597,1.7831329287666218
6.005640841002348,1.573315999305174
6.0095763854591,0.07655001145530395
6.013511929915851,0.4720606561368651
6.017447474372602,0.3195501773909182
6.021383018829353,0.3806670561151669
6.025318563286104,0.6591365722930093
6.029254107742856,0.15183622182150797
6.033189652199607,0.09491608591378223
6.037125196656358,0.9229485471298426
6.041060741113109,4.261991284900132
6.0449962855698605,4.288734861533748
6.048931830026612,1.4722071643089893
6.052867374483363,3.417464778035826
6.0568029189401145,4.651030059167191
6.0607384633968655,1.4193163575764365
6.0646740078536165,0.6960952408139464
6.068609552310368,1.0170332574970224
6.07254509676712,0.3133853011656242
6.076480641223871,2.746346642137414
6.080416185680622,0.6785107239277929
6.084351730137373,2.0496936021166166
6.088287274594124,2.2593566489585397
6.092222819050876,0.0010132707806398036
6.096158363507627,0.5078141628956542
6.100093907964378,0.3059265762403871
6.104029452421129,0.8786826076454533
6.10796499687788,0.38232458302036326
6.111900541334632,1.1055665530509373
6.115836085791383,0.4472438868718298
6.119771630248134,1.5681620842391464
6.123707174704885,1.0694368059087844
6.127642719161636,0.42734735350313957
6.131578263618388,1.6958865244831705
6.135513808075139,1.97126808657292
6.13944935253189,0.39285602387629903
6.143384896988641,0.5586069675074428
6.147320441445392,1.7605522391200386
6.151255985902144,1.672659742327364
6.155191530358895,1.076210750589312
6.159127074815646,0.5989566277584137
6.163062619272397,0.22363103155110345
6.166998163729148,0.008698537662992532
6.1709337081859,0.11471492112786483
6.174869252642651,0.07262617713384957
6.178804797099402,0.03325728515345748
6.182740341556153,0.6657896509402607
6.186675886012904,0.8858107585443916
6.190611430469655,0.1715039299094329
6.194546974926407,0.020756374084592646
6.198482519383158,0.05070424119353439
6.202418063839909,0.02689466927048415
6.20635360829666,0.09582825499497968
6.210289152753411,0.77766326746602
6.214224697210163,1.3972724127698954
6.218160241666914,0.5242333269512129
6.222095786123665,1.120329764079933
6.226031330580416,0.8074576591353025
6.229966875037167,0.8394800259160154
6.233902419493919,1.3840920345872982
6.23783796395067,0.2025050731936656
6.241773508407421,0.4973273165814228
6.245709052864172,0.3105058482810803
6.249644597320923,0.11061632978041415
6.253580141777675,0.8580305806272482
6.257515686234426,0.9150605824077687
6.261451230691177,0.03257126869592849
6.265386775147928,0.26798238010491426
6.26932231960468,0.04535605633160041
6.273257864061431,0.40062279454760014
6.277193408518182,0.8444369753212324
6.2811289529749335,0.22545223104516374
6.2850644974316845,0.303699506796392
6.289000041888436,0.7430817943403814
6.292935586345188,0.9838547031225714
6.2968711308019385,1.101480852117693
6.3008066752586895,0.12460500271134008
6.304742219715441,0.5603248152415775
6.308677764172192,0.6265153217177251
6.312613308628944,0.6297940833578471
6.316548853085695,3.059702360632027
6.320484397542446,1.6507227847653665
6.324419941999197,0.016444311463349987
6.328355486455948,0.12189870986806663
6.332291030912699,1.0451120794463504
6.336226575369451,1.9919148572254202
6.340162119826202,0.5251526308269172
6.344097664282953,0.0022447840001193495
6.348033208739704,0.15682986753400074
6.351968753196455,0.5024594927599214
6.355904297653207,0.15788252431638133
6.359839842109958,0.8617774089210244
6.363775386566709,1.2989688036706568
6.36771093102346,0.350718465013477
6.371646475480211,0.004478255487758724
6.375582019936963,0.4179298678418323
6.379517564393714,0.6729914333417094
6.383453108850465,0.32503255625715105
6.387388653307216,0.5741721857014915
6.391324197763967,0.985456055839855
6.395259742220719,0.8578742124875908
6.39919528667747,0.9262508665074527
6.403130831134221,3.0206403899893624
6.407066375590972,1.4609663220957596
6.411001920047723,0.1531208206757947
6.414937464504475,1.426185454047547
6.418873008961226,0.2624235671814302
6.422808553417977,0.7987952643665268
6.426744097874728,1.761796968284675
6.430679642331479,1.8884053193233166
6.434615186788231,3.2297895683660043
6.438550731244982,2.2356807466103876
6.442486275701733,0.43019008346970716
6.446421820158484,0.3774708152680155
6.450357364615235,0.08664775325923446
6.454292909071987,0.025061178365470352
6.458228453528738,0.166219571116705
6.462163997985489,0.9461136950768014
6.46609954244224,0.8570123631330323
6.470035086898991,0.5759263955865798
6.473970631355742,2.079612034252241
6.477906175812494,1.5814054270535434
6.481841720269245,0.02239745235078539
6.485777264725996,0.9652638396124266
6.489712809182747,0.45927092901398536
6.493648353639498,0.07332857612435278
6.49758389809625,0.18635577826316993
6.501519442553001,0.22298212387339683
6.505454987009752,0.14233758251788603
6.509390531466504,0.6631160746911097
6.513326075923255,1.6228114671839202
6.5172616203800064,3.027573060980739
6.5211971648367575,1.2152646848999273
6.5251327092935085,0.2187095858292967
6.52906825375026,0.5673123854070298
6.533003798207011,0.07219865588429236
6.5369393426637625,0.6847988407835505
6.540874887120514,1.1895207720370229
6.544810431577265,2.6589461992446997
6.548745976034016,2.0787866823393992
6.552681520490767,0.3845482926619427
6.556617064947519,3.1161393963586
6.56055260940427,1.0077184979738436
6.564488153861021,0.4689399623175289
6.568423698317772,1.2966093418388382
6.572359242774523,1.2432583177051466
6.576294787231275,0.3524096612142188
6.580230331688026,0.3883101412404345
6.584165876144777,0.6832286651749805
6.588101420601528,0.1563961860178998
6.592036965058279,0.4204780852944538
6.595972509515031,0.08012848703726694
6.599908053971782,0.4825369631337369
6.603843598428533,0.9175697408173773
6.607779142885284,0.6223447721069398
6.611714687342035,0.815006121982112
6.615650231798786,5.190011536964121
6.619585776255538,7.087861393051171
6.623521320712289,5.538460454371029
6.62745686516904,1.1386914616905843
6.631392409625791,0.6194844698958989
6.635327954082542,1.8737956081781977
6.639263498539294,1.370768529003187
6.643199042996045,1.1417176167599128
6.647134587452796,0.6346246748719763
6.651070131909547,0.023660196992609937
6.655005676366298,0.349936337947732
6.65894122082305,0.13637455137548643
6.662876765279801,0.10180608169222177
6.666812309736552,0.13871209525100356
6.670747854193303,1.7472725303101684
6.674683398650054,3.2831766597293206
6.678618943106806,1.8847920693740543
6.682554487563557,0.5243306680195765
6.686490032020308,0.38928416400797866
6.690425576477059,0.5655314754726045
6.69436112093381,0.009240594465844758
6.698296665390562,0.41741022722567467
6.702232209847313,0.09839447213118742
6.706167754304064,1.480916315835376
6.710103298760815,1.2808334544658595
6.714038843217566,0.06184613634518852
6.717974387674318,0.8008292940242172
6.721909932131069,0.9199579532216334
6.72584547658782,2.8288848491300076
6.729781021044571,1.9362559954001006
6.7337165655013225,0.10418177791844448
6.737652109958074,0.5366977157102676
6.741587654414825,0.23536601601892548
6.7455231988715765,0.6199058625362655
6.749458743328328,1.9029945597457931
6.753394287785079,2.0920034335405733
6.75732983224183,1.4991602357882503
6.7612653766985815,1.404044382948203
6.765200921155333,0.7696653860909941
6.769136465612084,0.29702512762485633
6.773072010068835,1.568884405311919
6.777007554525586,1.7761467911712547
6.780943098982338,0.811865291433598
6.784878643439089,0.374706977659263
6.78881418789584,0.11860794887962882
6.792749732352591,1.3296979828787667
6.796685276809342,5.119350205571088
6.800620821266094,4.065390524035306
6.804556365722845,0.44161581794719895
6.808491910179596,0.39179549896349264
6.812427454636347,0.048422259880099704
6.816362999093098,0.22932392319444916
6.82029854354985,0.13127067780986604
6.824234088006601,0.13305667439958943
6.828169632463352,0.3859204990853766
6.832105176920103,1.7578769296225198
6.836040721376854,0.8069146310115636
6.839976265833606,0.34910648386450704
6.843911810290357,0.21301667255412762
6.847847354747108,0.7121426860734594
6.851782899203859,0.7532734358881666
6.85571844366061,0.9321909618401414
6.859653988117362,4.4128647437057325
6.863589532574113,1.5004506605420942
6.867525077030864,1.11416008225902
6.871460621487615,0.8372618252612227
6.875396165944366,0.5974322859571072
6.879331710401118,2.9788907061904832
6.883267254857869,1.3221978791108888
6.88720279931462,0.1632802545985884
6.891138343771371,0.37230387591948716
6.895073888228122,0.7359995373292159
6.899009432684873,0.463682918916315
6.902944977141625,0.5444683448239187
6.906880521598376,0.40789816150757274
6.910816066055127,1.6582920878382839
6.914751610511878,2.024523082604281
6.918687154968629,0.5387401295055094
6.922622699425381,0.2243190422650715
6.926558243882132,0.09068336835576059
6.930493788338883,0.3109339104300349
6.934429332795634,0.3483023972773156
6.938364877252385,2.0733309563571956
6.942300421709137,2.995195089683456
6.946235966165888,2.0010390793094412
6.950171510622639,0.49248604791291706
6.95410705507939,0.13169248040527595
6.9580425995361415,0.4020611312035455
6.961978143992893,0.09057923753771716
6.965913688449644,1.1190303266072383
6.969849232906396,0.2469823366323561
6.9737847773631465,1.393179101742423
6.9777203218198975,1.577545015235271
6.9816558662766495,0.2332719993994648
6.9855914107334005,4.721068600766492
6.989526955190152,4.976251904154371
6.993462499646903,0.7622386520172891
6.997398044103654,0.2652377714254491
7.0013335885604056,0.19974113948143984
7.005269133017157,0.3070796248186216
7.009204677473908,0.5906920820494462
7.013140221930659,0.7014228451057016
7.01707576638741,0.7029452617953242
7.021011310844162,0.10121858232331454
7.024946855300913,0.16822069452802013
7.028882399757664,0.4410337921950245
7.032817944214415,0.13171388210929855
7.036753488671166,0.025776325964320116
7.040689033127917,0.37377213235811185
7.044624577584669,1.6892892289860182
7.04856012204142,1.8494681547572005
7.052495666498171,0.675007686171434
7.056431210954922,0.8500392199341529
7.060366755411673,0.6189180222091324
7.064302299868425,0.5855719157474666
7.068237844325176,1.9390738289140421
7.072173388781927,1.5204119474244373
7.076108933238678,0.5113923877442192
7.080044477695429,0.5533867533176449
7.083980022152181,0.2450767063749269
7.087915566608932,0.09675461055461732
7.091851111065683,0.05397949751885856
7.095786655522434,0.50850115970967
7.099722199979185,1.9795125344899727
7.103657744435937,1.5532440890262944
7.107593288892688,0.15662866843961532
7.111528833349439,0.05756157762900299
7.11546437780619,0.06773074409806008
7.119399922262941,0.6562614167536107
7.123335466719693,0.2869429066124577
7.127271011176444,1.3656404791245926
7.131206555633195,1.3921715532118597
7.135142100089946,0.01460889586218533
7.139077644546697,0.30125540412307195
7.143013189003449,0.07913120674282195
7.1469487334602,1.3301820545195595
7.150884277916951,0.5060272201573834
7.154819822373702,1.0660673158454215
7.158755366830453,1.7694378559817878
7.162690911287204,0.2962209582421741
7.166626455743956,2.122879778779743
7.170562000200707,1.5974567944664575
7.174497544657458,0.5988180556621964
7.178433089114209,1.9626833748929151
7.18236863357096,0.5524682811122709
7.186304178027712,0.08527462253494544
7.190239722484463,0.27115763360568207
7.194175266941215,0.325960233841999
7.1981108113979655,0.1559068139779654
7.2020463558547165,0.46228615849380283
7.2059819003114685,0.6164523801632109
7.2099174447682195,0.2276381537994321
7.21385298922497,0.12799099240665165
7.217788533681722,0.861354886000745
7.221724078138473,0.3235819421378079
7.225659622595224,1.0926854794154197
7.229595167051976,1.2593701398626111
7.233530711508727,0.7734297682235982
7.237466255965478,2.5198752364950483
7.241401800422229,1.9478002168096469
7.245337344878981,0.2003298126940115
7.249272889335732,0.5665233941551406
7.253208433792483,0.5835731615515491
7.257143978249234,0.6220960328750818
7.261079522705985,0.49366747494591234
7.265015067162737,0.22341076478477673
7.268950611619488,0.459681417927429
7.272886156076239,0.1969933210115667
7.27682170053299,0.1259407140283107
7.280757244989741,0.02156158953499264
7.284692789446493,0.39454737716949545
7.288628333903244,1.4158700324379199
7.292563878359995,1.0340517204402968
7.296499422816746,0.731224520120181
7.300434967273497,1.3194098468068731
7.304370511730248,0.7523284252261261
7.308306056187,1.3800684373456082
7.312241600643751,2.231854816593602
7.316177145100502,1.1378698348247365
7.320112689557253,1.2475084755028345
7.324048234014004,4.605129596905153
7.327983778470756,3.8968479840205688
7.331919322927507,1.4126801208419917
7.335854867384258,1.1611256702790864
7.339790411841009,0.20131433183636419
7.34372595629776,1.4774616846455768
7.347661500754512,0.7970829578178383
7.351597045211263,9.829276719721198
7.355532589668014,13.469156708618973
7.359468134124765,2.676374185401761
7.363403678581516,1.0668425830289952
7.367339223038268,2.6004281623174967
7.371274767495019,0.39939844309789413
7.37521031195177,0.07938199068300911
7.379145856408521,0.13484553909278443
7.383081400865272,0.26486329834150946
7.387016945322024,0.29042095639053006
7.390952489778775,1.3149659239537699
7.394888034235526,1.518298416456955
7.398823578692277,1.0884323253490353
7.402759123149028,0.2553022003840124
7.40669466760578,0.03165555325842733
7.410630212062531,0.9490141122746868
7.414565756519282,4.934938350646543
7.418501300976033,3.8060312571073522
7.422436845432784,0.093827389399714
7.426372389889536,0.6434508414768814
7.430307934346287,0.24968033012444255
7.4342434788030385,0.5992836801554072
7.438179023259789,1.0505346017766148
7.442114567716541,1.2281735507032132
7.446050112173292,0.1858621325177554
7.4499856566300435,0.39044360809053813
7.453921201086795,0.80378846229775
7.457856745543546,0.41630754478008025
7.461792290000297,0.6437272066713456
7.465727834457048,0.604306953139371
7.4696633789138,0.2938927511626163
7.473598923370551,0.07739617959457813
7.477534467827302,0.983152373115733
7.481470012284053,0.7520660159648468
7.485405556740804,0.23727540659553653
7.489341101197556,0.6155489907029278
7.493276645654307,0.4954920771747349
7.497212190111058,0.23294374885873603
7.501147734567809,1.0251409751611924
7.50508327902456,0.20583673984433778
7.509018823481312,0.28011464170010375
7.512954367938063,0.17759199582712246
7.516889912394814,0.5599146033513227
7.520825456851565,2.7345714959269487
7.524761001308316,1.9085832755583536
7.528696545765068,0.6929403946720103
7.532632090221819,2.1825743321448092
7.53656763467857,1.6174580101689895
7.540503179135321,0.7500907164809208
7.544438723592072,0.15808689384410488
7.548374268048824,1.220397668679932
7.552309812505575,1.3100440030962124
7.556245356962326,0.41664683793756085
7.560180901419077,0.9179564504462291
7.564116445875828,5.13062334491551
7.56805199033258,2.874944484935574
7.571987534789331,0.2939051113095128
7.575923079246082,0.44708606322662703
7.579858623702833,0.9231737854048491
7.583794168159584,1.1678433553119771
7.587729712616335,0.21038495471240926
7.591665257073087,1.3099999028821339
7.595600801529838,0.8328221458358159
7.599536345986589,3.052296810714243
7.60347189044334,0.3586965553155617
7.607407434900091,1.6859564799513476
7.611342979356843,1.5821837206733558
7.615278523813594,0.3064639407570908
7.619214068270345,2.112265818249928
7.623149612727096,2.2523553286892284
7.627085157183847,0.45044552620017086
7.631020701640599,0.014615195105367861
7.63495624609735,0.4297572507251656
7.638891790554101,2.590801538700476
7.642827335010852,2.1182358112883675
7.6467628794676035,0.6535934210068446
7.650698423924355,0.8788547120498643
7.654633968381106,1.1596803834777536
7.6585695128378575,0.6874170655707101
7.662505057294608,0.03716125350975644
7.666440601751359,0.5736315902525683
7.670376146208111,0.053483575113708735
7.6743116906648625,1.0777763971380712
7.678247235121614,2.4859535827169377
7.682182779578365,1.8008972759056732
7.686118324035116,0.9569838335310431
7.690053868491868,0.324799556787912
7.693989412948619,1.0293595335004704
7.69792495740537,2.0101257692438455
7.701860501862121,5.083235846094477
7.705796046318872,1.3758496533495643
7.709731590775624,2.985373532631789
7.713667135232375,2.5547617593575986
7.717602679689126,0.3759307579882639
7.721538224145877,3.2744689327246497
7.725473768602628,0.827389146871188
7.729409313059379,1.4761977568535039
7.733344857516131,1.968353544172951
7.737280401972882,1.6129868228061472
7.741215946429633,0.18476867364454622
7.745151490886384,1.2761799167870669
7.749087035343135,0.8216751889315534
7.753022579799887,0.5805755233086836
7.756958124256638,0.3006509986234018
7.760893668713389,1.054101611096174
7.76482921317014,3.33486205349393
7.768764757626891,0.6506961663290711
7.772700302083643,0.4708728209162908
7.776635846540394,0.5693807541463083
7.780571390997145,0.08132101207309406
7.784506935453896,0.5659542064971849
7.788442479910647,0.6420313911804812
7.792378024367399,2.719492578780471
7.79631356882415,1.5729354732767078
7.800249113280901,0.6383938317036791
7.804184657737652,3.9110633501941034
7.808120202194403,2.478314113687168
7.812055746651155,0.06290503016919598
7.815991291107906,0.039818168247476846
7.819926835564657,0.8874595260891992
7.823862380021408,4.444562769974443
7.827797924478159,3.6180764927944535
7.831733468934911,0.4912043974116216
7.835669013391662,1.4832973998976127
7.839604557848413,2.79901427414078
7.843540102305164,1.3389011908971076
7.847475646761915,0.7644629114941432
7.851411191218667,2.06919275248864
7.855346735675418,2.0706811407058607
7.859282280132169,1.0632713332365713
7.86321782458892,0.442217725788631
7.867153369045671,0.21772914654347392
7.8710889135024225,0.1318770057632372
7.875024457959174,0.28985589935760164
7.878960002415925,0.7282587906321536
7.882895546872676,1.8907318494112264
7.8868310913294275,1.3483563057743142
7.890766635786178,0.14119400391692383
7.89470218024293,0.0859918224463579
7.8986377246996815,0.1582051437140215
7.902573269156432,0.028067686661140612
7.906508813613184,0.04143901017259035
7.910444358069935,0.4378839748875433
7.9143799025266865,1.3057365637885983
7.918315446983438,2.2025719499049536
7.922250991440189,1.6245460182457476
7.92618653589694,0.9019379264923938
7.930122080353691,1.648593463006032
7.934057624810443,0.43040125825035147
7.937993169267194,0.07475290565928572
7.941928713723945,0.1708967200984816
7.945864258180696,1.8133461955461916
7.949799802637447,1.7229603169154226
7.953735347094199,0.3433766793447498
7.95767089155095,1.8977869550585973
7.961606436007701,4.628169130588353
7.965541980464452,7.875683653904238
7.969477524921203,4.0236395703760826
7.973413069377955,0.02079259506339772
7.977348613834706,1.5837085813040424
7.981284158291457,1.1403838406035796
7.985219702748208,0.07469073931865253
7.989155247204959,0.802893353436526
7.993090791661711,0.2537001467568148
7.997026336118462,0.5223394072792148
8.000961880575213,2.406437555624601
8.004897425031965,1.6580066012134271
8.008832969488717,0.15546994970308795
8.012768513945467,0.48479189585643395
8.016704058402219,1.3885964407360272
8.020639602858969,1.2571949983756472
8.024575147315721,2.999958033382939
8.028510691772473,2.62311394823597
8.032446236229223,0.09266177588339831
8.036381780685975,2.2940724443460474
8.040317325142725,1.1654039651127537
8.044252869599477,0.1360582194617344
8.048188414056229,0.49514060188968667
8.05212395851298,0.06562707935669389
8.056059502969731,0.6775126360882834
8.059995047426481,0.19355033950376885
8.063930591883233,1.1199721268594045
8.067866136339985,2.8630718184070787
8.071801680796735,3.6498633427761
8.075737225253487,1.7590223321288476
8.079672769710237,0.6278242818482721
8.08360831416699,0.7940480565930843
8.087543858623741,1.7499233455857024
8.091479403080491,1.3734325158888774
8.095414947537243,0.27539057624165897
8.099350491993993,0.055888620891873284
8.103286036450745,0.09420172653575325
8.107221580907497,0.2820005905035894
8.111157125364247,0.9524054221757785
8.115092669821,0.30057641509300126
8.11902821427775,0.33096133503667186
8.122963758734501,0.9298326791344269
8.126899303191253,0.19049418857392658
8.130834847648003,0.0033593929549853387
8.134770392104755,0.22552172201454657
8.138705936561506,0.2905127584808994
8.142641481018257,0.2453682643506684
8.14657702547501,1.9134398563800459
8.15051256993176,1.715615428555291
8.154448114388511,0.44525276037822753
8.158383658845262,0.1171491198222969
8.162319203302014,0.9603860508844863
8.166254747758765,0.6096323156819251
8.170190292215516,0.32130795041213894
8.174125836672268,0.5453949171870789
8.178061381129018,0.24195363081692095
8.18199692558577,0.8125330692279076
8.185932470042522,1.0744014030873392
8.189868014499272,0.5035156279391517
8.193803558956024,0.12999355444160593
8.197739103412774,1.443253180497459
8.201674647869526,1.1741480514631724
8.205610192326276,0.24870505634562257
8.209545736783028,0.14382044494317786
8.21348128123978,0.27299812663041606
8.21741682569653,0.5115783669422875
8.221352370153282,0.5587776122717407
8.225287914610032,0.32102838072251993
8.229223459066784,1.4182658003286865
8.233159003523536,2.104648866628903
8.237094547980286,0.5597511111775423
8.241030092437038,0.9125989294846164
8.244965636893788,2.351083281327479
8.24890118135054,1.6404139520270207
8.252836725807292,0.27446504793206156
8.256772270264042,0.4665507756507855
8.260707814720794,0.565501734052263
8.264643359177544,0.31160671123083394
8.268578903634296,0.30810896385720077
8.272514448091048,0.5229002998680771
8.276449992547798,0.18561943456329266
8.28038553700455,0.712609880345586
8.2843210814613,2.549248908668805
8.288256625918052,0.9977293945856882
8.292192170374804,0.9385952048250686
8.296127714831554,5.016962590946181
8.300063259288306,2.7970285728969504
8.303998803745056,0.053990713883000384
8.307934348201808,2.2006549561876434
8.31186989265856,0.9180857710602706
8.31580543711531,0.6560130172133544
8.319740981572062,2.2425479995675897
8.323676526028812,0.7898058398390015
8.327612070485564,0.13248740277645235
8.331547614942316,0.8072475649472608
8.335483159399066,0.8156555690828317
8.339418703855818,0.24994626443681262
8.343354248312568,0.032286683723306675
8.34728979276932,0.3222926732609537
8.351225337226072,0.36877197020112173
8.355160881682822,0.2611325336045103
8.359096426139574,0.4811416849753947
8.363031970596325,0.6149270753846819
8.366967515053076,0.00950346983989517
8.370903059509828,1.0997139131684988
8.374838603966579,0.9205757808498901
8.37877414842333,0.4706088833389809
8.38270969288008,0.1749513651193839
8.386645237336833,0.4754777507091586
8.390580781793584,0.7426903918040987
8.394516326250335,9.969892048732786e-05
8.398451870707087,0.3331608757396954
8.402387415163837,0.03984548113842159
8.406322959620589,0.1016558058314558
8.41025850407734,0.5598209452344479
8.41419404853409,0.9903084703318491
8.418129592990843,0.5969513819149522
8.422065137447593,0.687869148433817
8.426000681904345,0.27011902596227894
8.429936226361097,0.09248812198610484
8.433871770817847,0.8111195013378242
8.437807315274599,1.6890917545637776
8.441742859731349,2.590233761010208
8.4456784041881,3.850479202911409
8.449613948644853,2.4246791017147684
8.453549493101603,0.19141599520934927
8.457485037558355,3.087266462312686
8.461420582015105,4.482968470904495
8.465356126471857,1.0758542043172536
8.469291670928609,1.9264430184887242
8.473227215385359,0.7296682676655859
8.47716275984211,0.14777683842554426
8.481098304298861,0.198682103805491
8.485033848755613,0.31756640125476526
8.488969393212363,2.3507175328196404
8.492904937669115,3.320604931229254
8.496840482125867,0.6383634410270478
8.500776026582617,0.475246500720112
8.504711571039369,0.7855823415972186
8.50864711549612,0.38227599654468325
8.512582659952871,0.8151666597838433
8.516518204409623,0.9355786798321609
8.520453748866373,0.9825461653959583
8.524389293323125,0.04080428614803661
8.528324837779875,0.31783546819269204
8.532260382236627,0.33482776992276114
8.53619592669338,0.16336329621680606
8.54013147115013,0.6039123821933932
8.544067015606881,0.027513261177190315
8.548002560063631,2.233902020100585
8.551938104520383,5.089608140882152
8.555873648977135,2.875522002317655
8.559809193433885,4.989628237358807
8.563744737890637,3.4667681737061558
8.567680282347387,0.30754035123438467
8.57161582680414,0.2677571085950129
8.575551371260891,1.3240641632557253
8.579486915717641,7.262724069399644
8.583422460174393,6.193680785199993
8.587358004631144,1.371778475084339
8.591293549087895,1.912316064060578
8.595229093544647,1.3843813669639669
8.599164638001398,0.36411408452523386
8.60310018245815,0.7957528818455586
8.6070357269149,0.2654188538462269
8.610971271371652,2.7048528791677557
8.614906815828403,3.963225755602022
8.618842360285154,1.3483191880830825
8.622777904741906,0.10284396603288819
8.626713449198656,0.008447021605804354
8.630648993655408,0.1955400703225805
8.63458453811216,0.2394665009123628
8.63852008256891,0.2529805156965747
8.642455627025662,1.5125820644879813
8.646391171482412,0.18900824474601266
8.650326715939164,1.2517248471020828
8.654262260395916,1.584242407820408
8.658197804852666,2.547727876247698
8.662133349309418,3.097833262944987
8.666068893766168,1.2110253028264868
8.67000443822292,1.9835250205136201
8.673939982679672,0.761452053400056
8.677875527136422,0.23378957475571616
8.681811071593174,0.1769820846813348
8.685746616049924,1.2650850125841464
8.689682160506676,1.2534089081309419
8.693617704963428,2.547936868550226
8.697553249420178,3.067301566572401
8.70148879387693,0.18968928954658043
8.70542433833368,1.6602937270991163
8.709359882790432,0.38197933335154116
8.713295427247184,1.2442770184117766
8.717230971703934,0.9465276086585318
8.721166516160686,1.3736178057432518
8.725102060617436,4.384413232590656
8.729037605074188,0.8205552994606443
8.73297314953094,3.0381020903400513
8.73690869398769,1.4882178307060767
8.740844238444442,0.037098563743485934
8.744779782901192,0.23770084018669846
8.748715327357944,0.28644568081076816
8.752650871814696,1.032792040556041
8.756586416271446,0.8360529464554188
8.760521960728198,0.5238154421232472
8.764457505184948,2.2414786833704388
8.7683930496417,1.1140247822532596
8.77232859409845,3.411358268629909
8.776264138555202,1.1100524326011614
8.780199683011954,1.0488698807377712
8.784135227468704,1.2945539931357966
8.788070771925456,0.05899570291886015
8.792006316382206,0.6483229408207127
8.795941860838958,0.5697167105498325
8.79987740529571,0.9612964262434345
8.80381294975246,0.4168457341292439
8.807748494209212,0.5191711694341008
8.811684038665963,2.467640804931422
8.815619583122714,3.4029198895207178
8.819555127579466,0.6459314076234803
8.823490672036217,0.031978190589324586
8.827426216492968,0.10474523790842596
8.831361760949719,0.12478521777707868
8.83529730540647,0.07723297831355821
8.839232849863222,1.119327887436372
8.843168394319973,1.714440835793077
8.847103938776725,1.545581447571249
8.851039483233475,1.2640007752142841
8.854975027690227,0.19872019821474646
8.858910572146979,0.7131886366931889
8.862846116603729,0.8236177544898244
8.86678166106048,0.0038751807572406306
8.87071720551723,0.6983749512441713
8.874652749973983,1.3371056322850499
8.878588294430735,2.0782882239863447
8.882523838887485,3.3101910089953965
8.886459383344237,1.7266839936692937
8.890394927800987,0.0994093883156816
8.894330472257739,1.9420575561646274
8.89826601671449,0.5289556346621279
8.90220156117124,0.6492501337860812
8.906137105627993,1.6601453763871858
8.910072650084743,0.309897248304862
8.914008194541495,0.29313959435922804
8.917943738998247,0.46329016404102064
8.921879283454997,0.06029739097155253
8.925814827911749,0.0368957431945968
8.929750372368499,0.5889778053953508
8.933685916825251,1.0709090303762023
8.937621461282003,0.22804704776260593
8.941557005738753,0.12811577332072957
8.945492550195505,0.756706720864489
8.949428094652255,2.733930916358362
8.953363639109007,4.060642208591471
8.957299183565759,2.1243123471547167
8.961234728022509,0.21481669175947438
8.965170272479261,1.0308453133870752
8.969105816936011,3.3091693793743517
8.973041361392763,1.516558458954186
8.976976905849515,0.21755145276875543
8.980912450306265,1.214225985694621
8.984847994763017,0.20112022253477904
8.988783539219767,1.2733111971540987
8.99271908367652,0.9212720751263237
8.996654628133271,0.020610716099715418
9.000590172590021,0.42589564559024157
9.004525717046773,0.031008501967164773
9.008461261503523,0.15208767409505713
9.012396805960275,0.15669261411741384
9.016332350417027,0.09506597678546848
9.020267894873776,0.18677118103877033
9.02420343933053,1.5421440216859095
9.02813898378728,1.56582885842231
9.032074528244031,0.23378259868458892
9.036010072700783,0.1214803289204941
9.039945617157532,0.30657392936762123
9.043881161614284,0.6372501895626668
9.047816706071035,0.051647325572912434
9.051752250527787,2.1127778219092392
9.055687794984538,3.6768308222456882
9.05962333944129,1.2164476983195585
9.06355888389804,0.0328827003665161
9.067494428354792,0.31729569414853054
9.071429972811544,1.1938356781545127
9.075365517268294,0.459893942830969
9.079301061725046,0.05591353619344342
9.083236606181798,0.4525033044584616
9.087172150638548,0.6101019709212196
9.0911076950953,0.1983475704051928
9.09504323955205,0.17376313216611314
9.098978784008802,0.19258310287828656
9.102914328465554,0.29845446905406914
9.106849872922304,0.5170069206716679
9.110785417379056,0.4734939092129099
9.114720961835806,0.9743716879005108
9.118656506292558,0.27392590691341506
9.12259205074931,0.14047006319216837
9.12652759520606,0.1421274510420678
9.130463139662812,0.12933642821596522
9.134398684119562,0.733820407836787
9.138334228576314,3.1230855924990557
9.142269773033066,3.093765677376404
9.146205317489816,0.24506385163069236
9.150140861946568,1.3538304179457024
9.154076406403318,3.8335443185972
9.15801195086007,2.341726693308099
9.161947495316822,0.6377890740420241
9.165883039773572,1.1606354210901475
9.169818584230324,1.6800186095110026
9.173754128687074,3.5421332437995683
9.177689673143826,3.7103860632144627
9.181625217600578,3.025322458089178
9.185560762057328,2.6771813165941807
9.18949630651408,1.263980169496754
9.19343185097083,2.144430089463281
9.197367395427582,0.5546123000557938
9.201302939884334,0.709017328399128
9.205238484341084,0.8485462507781939
9.209174028797836,0.3271308233902933
9.213109573254586,1.20202697792905
9.217045117711338,0.07834383681035932
9.22098066216809,1.842797534280988
9.22491620662484,1.8307813864918592
9.228851751081592,0.5712545978208634
9.232787295538342,0.9314680602824952
9.236722839995094,0.6722805940103649
9.240658384451846,0.202033759909899
9.244593928908596,0.36300851562659986
9.248529473365348,1.3232362988040862
9.252465017822098,0.3052335078171947
9.25640056227885,0.9529284644404852
9.260336106735602,2.5119692027028524
9.264271651192352,1.086990737461802
9.268207195649104,0.21734013757093748
9.272142740105854,0.1170449755360276
9.276078284562606,0.9870613615256275
9.280013829019358,2.254504899494552
9.283949373476108,1.827347093024783
9.28788491793286,1.6774209550439554
9.29182046238961,0.5645374278833514
9.295756006846362,0.07059491008991169
9.299691551303114,0.572932398851519
9.303627095759865,0.29121031052822627
9.307562640216617,0.6008040497607974
9.311498184673368,1.756799551310863
9.31543372913012,1.2541544854415207
9.319369273586869,1.2188853278259897
9.32330481804362,0.8054465296317584
9.327240362500373,0.010717260455913017
9.331175906957125,0.35598088743417605
9.335111451413876,0.31034173802802717
9.339046995870625,0.32981873747299234
9.342982540327377,0.39071886844114856
9.346918084784129,2.0443244227284065
9.35085362924088,2.4659410599464002
9.35478917369763,1.029892639647401
9.35872471815438,0.13222004157396874
9.362660262611133,0.007962197468790495
9.366595807067885,0.14162407664846413
9.370531351524637,0.1293497369424507
9.374466895981389,0.3882853090563842
9.378402440438135,0.9751061187385688
9.382337984894887,0.15095024204438978
9.38627352935164,0.1594944371475069
9.390209073808393,0.14853693328780018
9.394144618265145,0.886302415005241
9.398080162721891,0.23727844813796434
9.402015707178643,1.1945677795967011
9.405951251635395,5.120751268526968
9.409886796092149,5.138080832081038
9.4138223405489,1.294894376829862
9.41775788500565,0.014756389129884296
9.4216934294624,0.07549673557560338
9.425628973919151,0.3622941946135407
9.429564518375903,1.4659621423136782
9.433500062832657,0.9179148844243801
9.437435607289403,0.23203326404370989
9.441371151746155,0.27310560218172686
9.445306696202907,0.33474183958053816
9.44924224065966,0.06368507291975832
9.453177785116411,0.019340182224014606
9.45711332957316,0.1400611732215845
9.461048874029911,0.2709420149941764
9.464984418486663,0.026997522393143278
9.468919962943415,0.6072661457905169
9.472855507400167,0.044826674439298914
9.476791051856916,1.442346477918121
9.48072659631367,1.5046909805096411
9.48466214077042,0.07270580320294598
9.488597685227171,1.4844114712387102
9.492533229683923,1.147699089519576
9.496468774140672,0.6504794363350181
9.500404318597424,0.11018952702801621
9.504339863054176,0.0674025278357558
9.508275407510927,0.24386674458131244
9.51221095196768,0.7821712857053613
9.51614649642443,0.3489688624430225
9.52008204088118,0.9692390386760563
9.524017585337932,0.9205595125811376
9.527953129794684,0.2828624298446748
9.531888674251435,0.2407943434980286
9.535824218708186,0.08070050786665807
9.539759763164938,0.3724261824482861
9.54369530762169,0.3478160399237372
9.54763085207844,0.054021442527084663
9.551566396535192,0.24448112626569676
9.555501940991942,0.9069635389358175
9.559437485448694,0.31926317966672535
9.563373029905446,1.5697522414795115
9.567308574362196,3.138528664631502
9.571244118818948,1.2565861192286056
9.575179663275698,0.5665002819248806
9.57911520773245,0.3870317786142225
9.583050752189202,1.7559120385107083
9.586986296645952,1.0877432087951562
9.590921841102704,2.476534072813254
9.594857385559454,1.0845232667676696
9.598792930016206,0.8643102599322445
9.602728474472956,4.116380096646276
9.606664018929708,3.0837238183039335
9.61059956338646,0.8204756087522376
9.61453510784321,0.034362986762130995
9.618470652299962,0.40443078151959405
9.622406196756712,1.663416704834403
9.626341741213464,1.8970146031412278
9.630277285670216,0.4450862955289381
9.634212830126966,0.3956503437526269
9.638148374583718,0.2639805444577551
9.642083919040468,0.3442557687414136
9.64601946349722,0.06191448980746319
9.649955007953972,0.5241119555786636
9.653890552410722,2.015428994114393
9.657826096867474,0.9968326370613988
9.661761641324224,0.18474176827514352
9.665697185780976,0.29528646505450173
9.669632730237728,2.307017921863685
9.673568274694478,2.7800611834122817
9.67750381915123,0.026307285159008417
9.68143936360798,1.4670238353919818
9.685374908064732,0.7763971753158699
9.689310452521484,0.021765150937115858
9.693245996978234,0.058283648513243747
9.697181541434986,1.2298877176141667
9.701117085891736,1.4214820914343458
9.705052630348488,0.5355189726518282
9.70898817480524,0.5400951982656589
9.71292371926199,0.8459756672703378
9.716859263718742,0.86545820076143
9.720794808175492,0.06521142108921353
9.724730352632244,2.020511731836853
9.728665897088996,3.303299582214315
9.732601441545746,0.692630644042864
9.736536986002498,0.47631268810770855
9.740472530459249,1.424044677137544
9.744408074916,1.259237738644031
9.748343619372752,0.47431536284770687
9.752279163829504,1.2007698251207477
9.756214708286254,4.646172954518661
9.760150252743005,3.4621152684874694
9.764085797199757,0.004010267434100312
9.768021341656508,2.081066406928135
9.77195688611326,1.2752374589360358
9.77589243057001,0.33706353800324484
9.77982797502676,0.7472400883287309
9.783763519483513,0.19411781597353145
9.787699063940265,0.03538727217034467
9.791634608397016,0.0024001911134603877
9.795570152853768,0.17249812638001427
9.799505697310517,0.5822949532628178
9.803441241767269,0.18324367246302817
9.80737678622402,1.0860599106073612
9.81131233068077,1.1146053536408194
9.815247875137525,0.7478996699830209
9.819183419594273,1.6061494220945416
9.823118964051025,0.42532695151419353
9.827054508507777,0.02747382999149793
9.830990052964529,0.08873828033234338
9.83492559742128,0.12723748385383918
9.838861141878027,0.12055392190123
9.84279668633478,0.37344881287500814
9.846732230791533,0.31730692871008087
9.850667775248285,0.12757191502461088
9.854603319705037,0.17648579287425215
9.858538864161783,0.035495521117421276
9.862474408618535,0.7085469264034494
9.866409953075287,0.99469768228659
9.87034549753204,0.5093610577476643
9.874281041988793,2.2801259129996705
9.87821658644554,0.3447566146773124
9.882152130902291,1.9630817006232653
9.886087675359043,2.3287247306369716
9.890023219815795,1.0299143714475392
9.893958764272549,4.1216496581715205
9.897894308729295,1.1363881261595479
9.90182985318605,0.42244941393685015
9.9057653976428,1.3861841719221721
9.909700942099551,0.7434081187288917
9.913636486556303,0.8584875737025137
9.917572031013052,0.3118352814825935
9.921507575469803,0.7006919832541058
9.925443119926555,1.1114836675988105
9.929378664383307,0.06583688434984394
9.93331420884006,0.1336129905097014
9.93724975329681,0.02344872359262664
9.94118529775356,0.27579478940076774
9.945120842210311,0.2881104105801293
9.949056386667063,1.4777308503099797
9.952991931123815,0.7685241273710592
9.956927475580564,1.583122752695641
9.960863020037316,1.7253406403723257
9.964798564494068,0.6120569199598352
9.96873410895082,0.20399783810630068
9.972669653407571,0.11769687062322785
9.976605197864322,0.2611045641179865
9.980540742321072,0.327902903664375
9.984476286777824,0.44585001501117133
9.988411831234576,1.122507960738103
9.992347375691327,0.9920364541491764
9.996282920148078,0.12051496064205997
10.00021846460483,1.6412182584830315
10.00415400906158,1.1295699878078296
10.008089553518332,0.2087255002998236
10.012025097975084,1.2729525521919587
10.015960642431834,2.950759272623114
10.019896186888586,2.1069531493089553
10.023831731345336,1.2401850532288865
10.027767275802088,1.248374365914384
10.03170282025884,1.3255588065069612
10.03563836471559,0.6462569577941454
10.039573909172342,0.15580992904961086
10.043509453629092,1.0989454396146545
10.047444998085844,0.14851030739088233
10.051380542542596,0.5269644870362574
10.055316086999346,0.2343664790486594
10.059251631456098,1.2109583202120788
10.063187175912848,2.3194750228681458
10.0671227203696,0.08013504099518141
10.071058264826352,1.1905565083311327
10.074993809283102,0.15329657544921527
10.078929353739854,1.1406953974748695
10.082864898196604,1.6206223001188602
10.086800442653356,0.14571243295215033
10.090735987110108,0.03612067745148522
10.094671531566858,0.1442529016138238
10.09860707602361,0.38449734295578564
10.10254262048036,0.24276838565957606
10.106478164937112,0.7741008702404574
10.110413709393864,1.093271769750966
10.114349253850614,0.4479772445502449
10.118284798307366,0.48339662439559744
10.122220342764116,0.0008488175460979407
10.126155887220868,0.5854654297359034
10.13009143167762,0.9457362399771674
10.13402697613437,2.6326839642440745
10.137962520591122,2.1955113129876254
10.141898065047872,0.9001231831314961
10.145833609504624,0.4948096556162665
10.149769153961374,0.9010232173529815
10.153704698418126,3.091260545246376
10.157640242874878,1.2636187400180319
10.161575787331628,0.05202606764409062
10.16551133178838,0.012898926323545282
10.16944687624513,0.40938269376456443
10.173382420701882,0.15953550807282751
10.177317965158634,0.1075551604612965
10.181253509615384,0.16280473765672443
10.185189054072136,0.15861843324750774
10.189124598528888,0.6176942647696928
10.193060142985638,2.7104075349483203
10.19699568744239,1.9599824521197768
10.20093123189914,0.478891230256954
10.204866776355892,4.043169714112337
10.208802320812644,2.000961604438083
10.212737865269396,0.055690355762424926
10.216673409726146,0.5596031881666496
10.220608954182897,0.1705770686787996
10.224544498639649,0.0649837162639441
10.2284800430964,0.14449763399885276
10.23241558755315,0.0876504736809916
10.236351132009904,0.6254505441295355
10.240286676466653,3.8763975229261853
10.244222220923405,4.337491682261793
10.248157765380157,1.186613659037316
10.252093309836908,0.3303264508664606
10.25602885429366,0.40515945994189373
10.259964398750409,0.08444223560464989
10.26389994320716,0.023260790438959556
10.26783548766391,0.28928087059845864
10.271771032120665,0.9436106916593169
10.275706576577416,1.3061441123133122
10.279642121034165,1.265244175706139
10.283577665490917,0.8114164572165081
10.287513209947669,0.27071105566951104
10.29144875440442,0.17024819774894956
10.29538429886117,0.34789775879861073
10.29931984331792,1.4486764904655156
10.303255387774673,2.661615465938439
10.307190932231425,0.8840059173124201
10.311126476688177,1.0510926356844827
10.315062021144929,3.558807657502926
10.318997565601675,2.8443120293200312
10.322933110058427,1.5000807321068044
10.32686865451518,1.2311703187843785
10.330804198971933,1.7522108329831934
10.334739743428685,0.8084393321643927
10.338675287885431,0.13532117168877228
10.342610832342183,0.30554808916730314
10.346546376798935,2.0908494844461005
10.350481921255687,1.9916656272912445
10.35441746571244,1.0385136473350562
10.35835301016919,0.2731596300122798
10.36228855462594,0.7198342734332193
10.366224099082691,2.951565656338842
10.370159643539443,2.629637970207061
10.374095187996195,2.059699303995538
10.378030732452943,1.040711265958047
10.381966276909695,2.1525072003214234
10.385901821366447,1.649798395459346
10.3898373658232,2.072198507127188
10.393772910279951,5.307764006702913
10.3977084547367,1.414072072960867
10.401643999193452,0.5282756057311401
10.405579543650203,1.2421392434541416
10.409515088106955,0.6596849718997583
10.413450632563707,1.4905840486328377
10.417386177020456,1.4452263874609343
10.42132172147721,1.1233181155906464
10.42525726593396,0.03653482750940036
10.429192810390711,3.051838600819649
10.433128354847462,5.556104931921061
10.437063899304214,2.4076653711592364
10.440999443760964,3.0835561717385644
10.444934988217716,2.7524681758752014
10.448870532674468,0.4763812919981738
10.452806077131218,0.8695365052502094
10.45674162158797,0.10045649918355834
10.460677166044722,0.27530992250358316
10.464612710501472,0.9342457541454189
10.468548254958224,2.087753906664514
10.472483799414974,0.9251281450905802
10.476419343871726,0.39192968810735773
10.480354888328478,0.8875812224086576
10.484290432785228,1.0410394168546113
10.48822597724198,0.5067970280193425
10.49216152169873,0.26162101981522423
10.496097066155482,1.354571912720188
10.500032610612234,1.99680072941893
10.503968155068984,0.8462581269722108
10.507903699525736,0.8221021191352065
10.511839243982486,0.06859561558007674
10.515774788439238,1.4184171980761364
10.51971033289599,1.1339534739584511
10.52364587735274,1.79915527598044
10.527581421809492,1.0659643632362659
10.531516966266242,0.30246090381585533
10.535452510722994,2.2986060200669445
10.539388055179746,1.6655667265118672
10.543323599636496,0.3706095007421746
10.547259144093248,0.46720513782662476
10.551194688549998,2.9538415795360113
10.55513023300675,1.6957087336675578
10.559065777463502,2.2544177479189766
10.563001321920252,5.3678258553840665
10.566936866377004,3.2054578522089616
10.570872410833754,3.1055053545149636
10.574807955290506,1.84107076587855
10.578743499747258,3.4676115054702747
10.582679044204008,1.4249446757434445
10.58661458866076,0.2604678192728299
10.59055013311751,0.38432152695945615
10.594485677574262,0.44510247732659863
10.598421222031014,1.1724766473613564
10.602356766487764,0.0014970361747001797
10.606292310944516,1.2183636652877754
10.610227855401266,0.7191460040274202
10.614163399858018,0.3937201266811431
10.61809894431477,0.27866476270563434
10.62203448877152,2.093959737346495
10.625970033228272,4.7099401686683215
10.629905577685022,0.9276294577018519
10.633841122141774,1.607619464516939
10.637776666598526,1.8789384496027952
10.641712211055276,0.6386721270447102
10.645647755512028,0.5018630678606355
10.64958329996878,0.044525582234670874
10.65351884442553,0.08187840466701926
10.657454388882282,0.1275768455391821
10.661389933339033,0.30651733491110816
10.665325477795784,0.24262187342621686
10.669261022252536,0.25854627096356225
10.673196566709288,0.6107012394353791
10.677132111166038,1.1219250496829427
10.681067655622789,1.5521255497656645
10.68500320007954,0.039918904072274476
10.68893874453629,2.5486552332526364
10.692874288993044,1.233607152129152
10.696809833449796,0.9844867270462064
10.700745377906545,3.7724978140746415
10.704680922363297,1.3687775096837402
10.708616466820049,1.182419023012945
10.7125520112768,1.9929595368500512
10.716487555733549,1.3761124430544636
10.7204231001903,1.1702472866351827
10.724358644647053,1.8585357339752715
10.728294189103805,0.6092801079765117
10.732229733560557,0.33236549336507526
10.736165278017303,0.5200525157328498
10.740100822474057,3.051577260724864
10.744036366930809,0.9007960163629347
10.74797191138756,0.17037981231101518
10.75190745584431,0.3263868370007399
10.75584300030106,0.0013636351468403717
10.759778544757811,0.101270870081561
10.763714089214565,0.6672557372698633
10.767649633671317,1.3417676590542964
10.771585178128069,2.414781541998891
10.775520722584815,1.455187630678516
10.779456267041567,0.8557391841788176
10.78339181149832,0.5770985035451226
10.787327355955073,0.126680303977238
10.791262900411825,0.7142889808652955
10.795198444868571,1.1540770254114896
10.799133989325323,2.3846825900853474
10.803069533782075,2.7956896489748737
10.807005078238827,0.9011016331507841
10.81094062269558,0.2006031893505288
10.81487616715233,0.5881780463988969
10.81881171160908,0.08169959901245084
10.822747256065831,0.09511916163368093
10.826682800522583,0.20539937098512265
10.830618344979335,1.02576825626357
10.834553889436084,1.7221552230828612
10.838489433892835,1.2363598330094068
10.84242497834959,0.9479428979960812
10.84636052280634,0.2931908212912787
10.850296067263091,0.1270372571437319
10.85423161171984,0.14900098267542616
10.858167156176592,0.11351890668595159
10.862102700633343,0.09738951166202872
10.866038245090095,0.033517509927247835
10.869973789546847,0.46372221949153397
10.873909334003596,0.7351061936451294
10.87784487846035,0.010962710839198864
10.8817804229171,2.2702636818546194
10.885715967373851,4.990073964529316
10.889651511830603,3.627173990660584
10.893587056287354,1.9332154273980056
10.897522600744106,1.4243954298677322
10.901458145200856,1.7967321399580005
10.905393689657608,3.3064896328639377
10.90932923411436,2.1240105658890642
10.91326477857111,0.06173683895049063
10.917200323027862,0.22607807113616116
10.921135867484614,0.24148184769819805
10.925071411941364,3.785094585025127
10.929006956398116,2.4892172789366773
10.932942500854866,0.8058685602958179
10.936878045311618,3.6894800316958576
10.94081358976837,1.1542497186070524
10.94474913422512,3.593780464356529
10.948684678681872,0.9454764517058034
10.952620223138622,1.7353169055232271
10.956555767595374,3.89301655794353
10.960491312052126,1.143506126717262
10.964426856508876,1.0310608611818717
10.968362400965628,0.1662675260413866
10.972297945422378,0.09775086660791782
10.97623348987913,0.27667673637659906
10.980169034335882,0.5625808090010767
10.984104578792632,0.9184550012452967
10.988040123249384,1.2350895246421738
10.991975667706134,1.8963949794903558
10.995911212162886,1.4114843832110509
10.999846756619636,0.04661488183448526
11.003782301076388,0.5203067276226734
11.00771784553314,1.180274031684152
11.01165338998989,1.0773762613750189
11.015588934446642,0.8537323127790227
11.019524478903392,1.7901431430361217
11.023460023360144,1.043718565529584
11.027395567816896,0.21315434944667813
11.031331112273646,0.5686322096760691
11.035266656730398,0.985221310614012
11.039202201187148,0.782857140074767
11.0431377456439,0.22182008602637393
11.047073290100652,0.0651299981947235
11.051008834557402,0.10139224457168225
11.054944379014154,0.030510205649281186
11.058879923470904,0.192220975430484
11.062815467927656,0.6375547770624593
11.066751012384408,0.6087252663002048
11.070686556841158,0.8824274534108432
11.07462210129791,0.7129898533233373
11.07855764575466,0.23287541016365423
11.082493190211412,0.15281804296947418
11.086428734668164,0.08017977530962433
11.090364279124914,0.07439338418398042
11.094299823581666,0.14621880265881823
11.098235368038416,0.10882131676713988
11.102170912495168,0.009992259565239739
11.10610645695192,0.10297313208439039
11.11004200140867,0.11738747124555254
11.113977545865422,0.1436931285403817
11.117913090322173,0.10207528104578795
11.121848634778924,0.0022708457962897716
11.125784179235676,0.04455753416875989
11.129719723692428,0.004421689501796351
11.133655268149178,0.5501869384004362
11.137590812605929,2.8517733363374247
11.14152635706268,2.7253372638432802
11.145461901519433,0.14497281912632592
11.149397445976184,2.1522288769992644
11.153332990432936,0.6300507722682233
11.157268534889685,1.4316979589704935
11.161204079346437,1.2480772826768716
11.165139623803189,0.9712481859063843
11.16907516825994,3.544677105790429
11.17301071271669,0.3332289788496258
11.17694625717344,0.5019443951941138
11.180881801630193,0.7935242769601534
11.184817346086945,3.2366427024635462
11.188752890543697,1.1229624274299035
11.192688435000449,0.48822710468789143
11.196623979457195,0.3506055769711549
11.200559523913949,2.7512346447578193
11.2044950683707,3.874720528722826
11.208430612827453,0.11814742052992798
11.212366157284205,1.1074150197872448
11.216301701740951,1.3700345743286015
11.220237246197703,2.326694259530336
11.224172790654457,0.7672317614725017
11.228108335111209,0.29466544899375946
11.23204387956796,0.46788929606270835
11.235979424024707,0.633136474777991
11.23991496848146,0.20568137720469226
11.243850512938211,0.6122285865867476
11.247786057394965,1.3857509083693975
11.251721601851717,0.313348697724061
11.255657146308463,0.35078807559034175
11.259592690765215,0.6302570236380644
11.263528235221967,0.7690904543659515
11.26746377967872,0.11562230326473293
11.271399324135473,0.4373624524190553
11.27533486859222,1.0069445452444385
11.279270413048971,0.3375749452925905
11.283205957505723,0.7281939675635062
11.287141501962475,2.3384923854230566
11.291077046419227,2.9660462579532973
11.295012590875976,0.8978648658796737
11.29894813533273,0.12501395359459025
11.30288367978948,0.09882946723600125
11.306819224246231,0.15510589302877698
11.310754768702983,0.16314276832567914
11.314690313159732,0.04785615925531888
11.318625857616484,0.3202696900213166
11.322561402073235,0.03469979789386806
11.326496946529987,0.31869192006889197
11.33043249098674,0.4842830091508513
11.33436803544349,0.14687114664676792
11.33830357990024,0.45063703736669647
11.342239124356992,0.18257965742733137
11.346174668813743,0.09249556559400474
11.350110213270495,0.6650697786848331
11.354045757727246,0.6333684063046816
11.357981302183996,0.6349063865461517
11.361916846640748,1.3470148455761553
11.3658523910975,1.4864047857319254
11.369787935554251,0.4350360724863881
11.373723480011002,0.8784318961177786
11.377659024467754,3.1894200988126036
11.381594568924504,2.1325706106183637
11.385530113381256,0.40767770374226786
11.389465657838008,0.2407097143818597
11.393401202294758,0.18654548785896624
11.39733674675151,0.8503496761453865
11.40127229120826,1.0335003824355453
11.405207835665012,0.7110721688948596
11.409143380121764,0.6725081618949369
11.413078924578514,1.0964569920812137
11.417014469035266,1.1953241507644514
11.420950013492016,0.2011224022589785
11.424885557948768,0.891931807756892
11.42882110240552,2.2196545613701653
11.43275664686227,1.1657217033329617
11.436692191319022,1.1049999057671485
11.440627735775772,0.3559399381297189
11.444563280232524,0.19631550350743843
11.448498824689276,0.4927338669504465
11.452434369146026,0.5873997158061707
11.456369913602778,0.7071580964875732
11.460305458059528,0.1431744360257471
11.46424100251628,0.6924192946138249
11.468176546973032,0.37898957894519586
11.472112091429782,0.12824167728360455
11.476047635886534,0.5883469167093531
11.479983180343284,2.178656069530737
11.483918724800036,2.7049509989811007
11.487854269256788,1.8615283749378595
11.491789813713538,3.060818592111324
11.49572535817029,6.274693536356535
11.49966090262704,3.2849642822814262
11.503596447083792,1.0900887809213446
11.507531991540544,0.222161715555029
11.511467535997294,1.1406560188284947
11.515403080454046,1.1654501630041965
11.519338624910796,0.020762338723856133
11.523274169367548,0.384225860245191
11.5272097138243,0.050813883987047906
11.53114525828105,0.13396250125244963
11.535080802737802,0.7199474369006076
11.539016347194552,0.9812239447138901
11.542951891651304,0.2624053943545392
11.546887436108054,0.129349964555578
11.550822980564806,1.0109814464384501
11.554758525021558,0.3371962630799072
11.558694069478308,0.5104058943813938
11.56262961393506,0.9685595100810558
11.56656515839181,0.9884909992320277
11.570500702848562,2.3523519136408484
11.574436247305314,0.14750291375450764
11.578371791762065,1.9754536848768927
11.582307336218816,1.4895107709363105
11.586242880675568,0.577936132194986
11.59017842513232,0.8316919873798715
11.59411396958907,1.034677847720979
11.59804951404582,0.8781361497586648
11.601985058502573,0.728488957414848
11.605920602959324,0.4865320999926326
11.609856147416076,0.17989404829864628
11.613791691872828,0.02192787849373663
11.617727236329577,1.0017841582077036
11.621662780786329,1.3309342657821746
11.62559832524308,0.1994739089637566
11.62953386969983,0.25167222323350075
11.633469414156584,0.09602699310554423
11.637404958613333,0.08362558222823038
11.641340503070085,0.15981975586293748
11.645276047526837,0.056373137282945865
11.649211591983589,0.3857256663734848
11.65314713644034,1.270258258500809
11.657082680897089,1.0964422117814192
11.66101822535384,0.4523095181874239
11.664953769810593,0.5335440345465488
11.668889314267345,1.502287497515942
11.672824858724097,0.5020461170498289
11.676760403180843,0.12382394451309693
11.680695947637597,0.39885748289985334
11.684631492094349,0.7178480788225666
11.6885670365511,0.34475317705593184
11.692502581007853,0.613929074335238
11.6964381254646,2.4967960443647574
11.700373669921351,3.2005366348157875
11.704309214378103,1.5005182667140895
11.708244758834857,0.39598450048344563
11.712180303291609,0.9081787937414237
11.716115847748355,3.7275227652746183
11.720051392205107,3.87634367432373
11.72398693666186,0.6382685248409778
11.727922481118611,0.7915955204600991
11.731858025575365,0.20955126701090726
11.735793570032111,1.2682297698286644
11.739729114488863,2.17135433754608
11.743664658945615,1.231719908662741
11.747600203402367,2.5110765516555884
11.75153574785912,1.4338820649286008
11.75547129231587,0.28010201478599095
11.75940683677262,0.47223430569693653
11.763342381229371,2.703728549169775
11.767277925686123,3.9327795486721824
11.771213470142875,2.0678689168991604
11.775149014599624,3.1460528984954492
11.779084559056376,1.3082890251363632
11.783020103513127,0.1837028380632736
11.78695564796988,0.5963448532426747
11.790891192426631,0.887843880615549
11.79482673688338,3.4877214281186224
11.798762281340132,0.8244618184542244
11.802697825796884,1.0063132586280994
11.806633370253635,2.609250680195855
11.810568914710387,1.3313005247726173
11.814504459167138,0.9598960235340499
11.81844000362389,1.1106505207954211
11.82237554808064,0.551360147383625
11.826311092537392,0.1971632426806186
11.830246636994142,0.23113117913511105
11.834182181450894,0.07253696153414275
11.838117725907646,0.14932074704385226
11.842053270364396,0.5119618904162733
11.845988814821148,0.8468219982882633
11.849924359277898,0.22979056835807693
11.85385990373465,0.9889973917385686
11.857795448191402,4.348408528144661
11.861730992648152,3.3743439754062763
11.865666537104904,0.45087421121181753
11.869602081561654,0.14540512396343241
11.873537626018406,0.6428559228646694
11.877473170475158,1.4870978281716343
11.881408714931908,2.1234039334272787
11.88534425938866,2.1833818511834093
11.88927980384541,2.292286179272558
11.893215348302162,0.40724139809055326
11.897150892758914,0.7927671101482114
11.901086437215664,0.9933929328890028
11.905021981672416,0.5333675228128175
11.908957526129166,1.8457631716762304
11.912893070585918,0.39742486277843914
11.91682861504267,0.44051065185215726
11.92076415949942,0.3178933751996176
11.924699703956172,0.18631920870159524
11.928635248412922,0.7588651823157994
11.932570792869674,0.5943076148627532
11.936506337326426,0.31610813078780503
11.940441881783176,0.09669545593421594
11.944377426239928,0.4036027516998105
11.948312970696678,1.1593240623485563
11.95224851515343,0.563695946942016
11.956184059610182,0.45770731339608606
11.960119604066932,0.8919361543546429
11.964055148523684,0.9667348833989957
11.967990692980434,0.2598347105478907
11.971926237437186,1.872510281768595
11.975861781893938,6.144269154673032
11.979797326350688,3.8113536494988534
11.98373287080744,0.230792428067223
11.98766841526419,0.3978434097155619
11.991603959720942,1.2601264332198032
11.995539504177694,0.36567717211473244
11.999475048634444,0.39978988815990446
12.003410593091196,1.3921247537115056
12.007346137547946,1.0358709179842955
12.011281682004698,1.211396626148645
12.01521722646145,0.6133290605842631
12.0191527709182,0.5135930781386094
12.023088315374952,0.0308110272286569
12.027023859831704,0.5446808795162928
12.030959404288454,1.0725439676049668
12.034894948745206,1.3639744269738987
12.038830493201957,0.999847514829194
12.042766037658708,0.5469085365792852
12.04670158211546,0.33898636737425175
12.05063712657221,0.07149007195428653
12.054572671028962,0.3396390981504876
12.058508215485713,0.5276360731453614
12.062443759942465,0.29077530251929073
12.066379304399216,0.10267524223982856
12.070314848855968,0.35674895197140927
12.07425039331272,0.8458545171523744
12.078185937769469,0.22859971943891308
12.08212148222622,0.9453190962165767
12.08605702668297,1.860606059551444
12.089992571139724,1.6484500547755723
12.093928115596473,1.0314020058518205
12.097863660053225,0.1900840116727722
12.101799204509977,0.0008397705938383292
12.105734748966729,0.139907663773878
12.10967029342348,0.24960519258267755
12.113605837880227,0.07083140094237882
12.11754138233698,0.3386112908711736
12.121476926793733,0.2591854465594331
12.125412471250485,0.15611825763767523
12.129348015707237,0.11447432659802283
12.133283560163983,0.2679357945987454
12.137219104620735,0.08350704867330015
12.141154649077489,0.20531489010127274
12.14509019353424,0.35616881278811513
12.149025737990993,0.049679809527154783
12.15296128244774,1.089773103227592
12.156896826904491,0.8374091012272332
12.160832371361243,0.0234367440086971
12.164767915817997,0.9717452561458105
12.168703460274749,0.6559871808201413
12.172639004731495,0.014708307486181457
12.176574549188247,0.10763432555827009
12.180510093645,0.4617480334021436
12.184445638101751,0.9130700401132597
12.188381182558503,1.0421456220248817
12.192316727015251,1.5939380218539958
12.196252271472003,3.1105480314963763
12.200187815928755,3.2715742637533682
12.204123360385507,1.4441350218992133
12.20805890484226,0.5109028410692303
12.21199444929901,0.49026289469412193
12.21592999375576,0.09633061827811988
12.219865538212511,0.04428700213840786
12.223801082669263,0.026237163519296287
12.227736627126015,0.3706426663592403
12.231672171582764,0.45486725284786134
12.235607716039516,0.523494377895535
12.23954326049627,0.41505762075923536
12.24347880495302,0.002628573939719053
12.247414349409771,0.07191763580706728
12.251349893866522,0.35425540336874567
12.255285438323272,1.1654402074222796
12.259220982780024,0.5736711439216222
12.263156527236776,0.8849201281195136
12.267092071693527,1.1492459869913287
12.271027616150278,0.4107741964192457
12.27496316060703,1.737711280222533
12.27889870506378,0.9667045920627504
12.282834249520532,0.23221014708536472
12.286769793977284,0.8277944027687211
12.290705338434034,0.4602111251759622
12.294640882890786,2.574740890442152
12.298576427347538,2.3992035288344105
12.302511971804288,0.3801035236062183
12.30644751626104,0.08948906962786622
12.31038306071779,0.30448346140121485
12.314318605174542,0.0390265513299261
12.318254149631294,0.10384517315995409
12.322189694088044,0.04862574546755738
12.326125238544796,0.11318974854576035
12.330060783001546,0.07640898895551271
12.333996327458298,0.13474883812008542
12.33793187191505,0.31658714599262333
12.3418674163718,0.051253727404804376
12.345802960828552,0.7107297914745444
12.349738505285302,0.8394335625003722
12.353674049742054,2.004356204348177
12.357609594198806,2.8899528317508927
12.361545138655556,1.3159350035023598
12.365480683112308,0.3665580852978511
12.369416227569058,1.1739041382649174
12.37335177202581,2.9954781144145164
12.37728731648256,2.2502368542759865
12.381222860939312,0.11216265438963453
12.385158405396064,0.31666034767033785
12.389093949852814,0.03599900851355001
12.393029494309566,0.9018927158287445
12.396965038766316,2.3389524714343835
12.400900583223068,1.2070044690819914
12.40483612767982,0.47739551785071904
12.40877167213657,0.584566118371462
12.412707216593322,0.300731934504616
12.416642761050072,0.22821045703012918
12.420578305506824,0.2567509021487337
12.424513849963576,0.020330567316304077
12.428449394420326,0.300174542903088
12.432384938877078,0.17697400399243285
12.436320483333828,0.06585946966088684
12.44025602779058,0.2073260081325744
12.444191572247332,0.208692047599144
12.448127116704082,0.7304326677835331
12.452062661160834,0.08637056740877902
12.455998205617584,2.1078900836278236
12.459933750074336,2.431526845663296
12.463869294531088,0.22302050823297648
12.467804838987838,0.44433604645111774
12.47174038344459,0.36159767972981705
12.47567592790134,0.6485716572798317
12.479611472358092,0.19776920316976518
12.483547016814844,0.12990962227296227
12.487482561271596,0.5151455730124358
12.491418105728346,1.172632110126976
12.495353650185097,0.9402363925510571
12.499289194641849,0.5735609411436045
12.5032247390986,0.23648831603112316
12.50716028355535,0.17486561058906416
12.511095828012104,0.19425210201813436
12.515031372468853,0.79250672662758
12.518966916925605,0.9561745720046507
12.522902461382357,0.15497448634155517
12.526838005839108,0.15613864008763131
12.53077355029586,0.6993096866712369
12.534709094752609,0.9953733879594466
12.53864463920936,1.2666562095597367
12.542580183666113,1.4103455486979426
12.546515728122865,0.3329424638247699
12.550451272579616,0.015535815483223544
12.554386817036365,0.5720179967792801
12.558322361493117,1.2673336347021371
12.562257905949869,0.9735545984388186
12.56619345040662,2.270949435246012
12.57012899486337,1.6541310662840998
12.57406453932012,0.07560258690793238
12.578000083776873,1.856324353250194
12.581935628233625,1.9348071094965449
12.585871172690377,0.1290264014375173
12.589806717147129,0.5320803316237672
12.593742261603875,1.3860499985147987
12.597677806060627,1.8212845422809172
12.60161335051738,0.7851095149346208
12.605548894974133,0.5276828920172221
12.609484439430885,3.1542225524494314
12.613419983887631,2.843321556755528
12.617355528344383,0.6909849329111265
12.621291072801135,0.11040429731547902
12.625226617257889,0.26973462239710205
12.62916216171464,0.8382392170499804
12.63309770617139,1.1435019660576515
12.63703325062814,0.6049550342450277
12.640968795084891,0.11269684467515578
12.644904339541643,0.14741328254981206
12.648839883998397,0.13956389059459928
12.652775428455143,0.30792107145680847
12.656710972911895,0.026416679569742394
12.660646517368647,0.3668810022780585
12.6645820618254,0.6513627731299206
12.668517606282151,0.18652213170426496
12.6724531507389,0.07918270696210221
12.676388695195651,0.145075556081913
12.680324239652403,0.4798301381530173
12.684259784109155,1.631443898257924
12.688195328565907,2.1736962729026823
12.692130873022656,0.48366760161498745
12.69606641747941,0.4596939020859719
12.70000196193616,1.8877962323873871
12.703937506392911,0.3595731983149926
12.707873050849663,1.479082620210716
12.711808595306412,3.9886547785098942
12.715744139763164,1.7792031791821128
12.719679684219916,0.05192628341335349
12.723615228676667,0.3335602804961628
12.72755077313342,0.3129197296780777
12.73148631759017,0.01618137183463494
12.735421862046922,0.3013823517769527
12.739357406503672,1.00782008082118
12.743292950960424,0.5860913698875357
12.747228495417176,0.357592540061611
12.751164039873926,1.0291407916379114
12.755099584330678,0.39261172842215414
12.759035128787428,0.0713243819236973
12.76297067324418,0.3278441853390318
12.766906217700932,0.17844975081311107
12.770841762157682,0.4027107333933292
12.774777306614434,1.3122993131108036
12.778712851071184,2.619501650957049
12.782648395527936,1.038967705722611
12.786583939984688,0.8841376860249068
12.790519484441438,2.645193406030699
12.79445502889819,0.9745042806063278
12.79839057335494,1.7365152050399968
12.802326117811692,1.7627608141379376
12.806261662268444,1.086358812402131
12.810197206725194,1.228951164762871
12.814132751181946,0.11231786032139383
12.818068295638696,0.3601884168929305
12.822003840095448,1.6603161946594036
12.8259393845522,2.8732473934778424
12.82987492900895,2.008499695920826
12.833810473465702,0.7793941747662229
12.837746017922452,0.41430542325527897
12.841681562379204,0.21318960819925467
12.845617106835956,0.20950745160725123
12.849552651292706,0.0697612384176381
12.853488195749458,0.12225967729904484
12.857423740206208,0.5495220917462876
12.86135928466296,0.5508048830749983
12.865294829119712,0.050152958694425986
12.869230373576462,0.43930865563686033
12.873165918033214,0.7882198047383289
12.877101462489964,0.18415465884508314
12.881037006946716,0.13612506436754887
12.884972551403468,0.6627933997745715
12.888908095860218,1.5559964827180923
12.89284364031697,0.6132921847961853
12.89677918477372,0.3604081873949273
12.900714729230472,0.5516857743033464
12.904650273687224,1.3261546851451427
12.908585818143974,1.654832336565261
12.912521362600726,2.1866613450970984
12.916456907057476,1.277061226767041
12.920392451514228,0.29628053824079115
12.92432799597098,0.8158121039014679
12.92826354042773,0.12024358435750675
12.932199084884482,0.47969916506881716
12.936134629341232,0.16206243964454506
12.940070173797984,0.10534562244392995
12.944005718254736,0.005078044562543877
12.947941262711486,0.3345018678689098
12.951876807168238,0.3052865620897406
12.955812351624989,0.04926891774802354
12.95974789608174,0.2519814546979388
12.96368344053849,0.1605560021282043
12.967618984995244,0.42648635554922426
12.971554529451994,0.22076224772669106
12.975490073908745,0.6066899460053762
12.979425618365497,1.485895302385296
12.983361162822249,0.15758830085908235
12.987296707279,1.7232096515133952
12.99123225173575,2.2808358337009556
12.9951677961925,0.12168156528917555
12.999103340649253,0.7683781260904282
13.003038885106005,0.8992707539754643
13.006974429562757,0.016973225833767747
13.010909974019508,0.2946265133368803
13.014845518476257,0.22111351885150304
13.018781062933009,0.6633566088645356
13.02271660738976,1.712592572606157
13.02665215184651,1.405250123572045
13.030587696303265,0.3096383171632108
13.034523240760011,0.0405797072349465
13.038458785216765,0.7802829870207286
13.042394329673517,1.1212873916206139
13.046329874130269,0.23038275315015938
13.05026541858702,0.5951793720415587
13.054200963043767,0.9782015883788836
13.05813650750052,1.7150024783636086
13.062072051957273,0.8152261168451683
13.066007596414025,0.03478937982191526
13.069943140870777,0.5629930217437911
13.073878685327523,1.6845234266196942
13.077814229784275,4.19005092025585
13.081749774241027,4.006912294072336
13.08568531869778,1.8714896609820204
13.089620863154533,0.6638302988506092
13.09355640761128,0.2906946060198263
13.097491952068031,0.3382047296464812
13.101427496524783,0.24989127659156513
13.105363040981535,0.01862500005105107
13.109298585438289,0.08429955391904234
13.113234129895035,0.0031001232272379444
13.11716967435179,0.03207080447106671
13.12110521880854,0.1335908871831576
13.125040763265291,0.3826337524729638
13.128976307722043,0.13915041261602096
13.132911852178792,0.363994245503105
13.136847396635543,2.0635566492530097
13.140782941092295,2.3379316251596203
13.144718485549047,2.8159648771730446
13.1486540300058,2.022084385993731
13.15258957446255,0.9906506232804155
13.1565251189193,0.9467962813529848
13.160460663376051,0.08931882988643094
13.164396207832803,2.113916422705205
13.168331752289555,1.4889919514845933
13.172267296746304,1.8187290933857616
13.176202841203056,2.8560161767764103
13.180138385659808,1.4584345175375861
13.18407393011656,0.0688109644745108
13.188009474573311,1.116825204863727
13.191945019030062,1.1033199200931503
13.195880563486812,3.5736672460285295
13.199816107943564,4.798803143078759
13.203751652400316,0.37102336438770867
13.207687196857066,1.3285982216750758
13.211622741313818,1.396038568211022
13.21555828577057,0.6144701950172518
13.21949383022732,2.44123654482764
13.223429374684072,1.5121257887634212
13.227364919140822,0.028698653306593963
13.231300463597574,0.31317132675271325
13.235236008054326,0.08235505025914704
13.239171552511076,0.09351151019553473
13.243107096967828,0.1797739694221076
13.247042641424578,2.038624913843367
13.25097818588133,1.1751678291491998
13.254913730338082,0.08993354394224674
13.258849274794832,0.6705330878063863
13.262784819251584,0.09847153596995716
13.266720363708334,0.3452200115057175
13.270655908165086,0.24760716950982142
13.274591452621838,0.3711292163727007
13.278526997078588,0.003977958650703767
13.28246254153534,0.41209388066110275
13.28639808599209,2.8031489749822684
13.290333630448842,3.5188790090962114
13.294269174905594,1.0175701430667436
13.298204719362344,1.6134680415348188
13.302140263819096,2.0450592870202153
13.306075808275846,3.709357410612741
13.310011352732598,0.9041613351055385
13.31394689718935,0.4652966460749769
13.3178824416461,0.07135553884433812
13.321817986102852,0.770128988234696
13.325753530559602,0.240715050181278
13.329689075016354,2.4048046272524806
13.333624619473106,2.400330106276261
13.337560163929856,0.1777782010175653
13.341495708386608,2.9284207088170766
13.345431252843358,0.9950651362750931
13.34936679730011,1.1126108647893151
13.353302341756862,1.6829824272147926
13.357237886213612,0.1904323056013916
13.361173430670364,2.7055980783897287
13.365108975127114,3.006724354663942
13.369044519583866,0.07564157203174526
13.372980064040618,1.1087186420433484
13.376915608497368,2.108613837677897
13.38085115295412,1.2648713216450937
13.38478669741087,0.3275657659292743
13.388722241867622,1.0058538367685423
13.392657786324374,0.1588350332705136
13.396593330781124,0.2986313009038562
13.400528875237876,0.5519666738271981
13.404464419694628,3.4859408557930585
13.408399964151378,3.1868321710534535
13.41233550860813,3.4762579182120916
13.41627105306488,4.506273861875219
13.420206597521632,0.5374320473390068
13.424142141978384,1.9434538425633616
13.428077686435136,2.1804125542421984
13.432013230891886,0.2744126652011414
13.435948775348637,3.3225987456604584
13.439884319805389,1.632251410345427
13.44381986426214,0.12727059023434625
13.44775540871889,0.16322835420237827
13.451690953175644,1.0449963290099658
13.455626497632393,0.6618678513588169
13.459562042089145,0.09553955987522947
13.463497586545897,0.8039467902629257
13.467433131002648,0.4680049569084812
13.4713686754594,0.24230119171366377
13.475304219916149,0.0056738525455077215
13.4792397643729,0.9336031789066855
13.48317530882965,1.6248790755126614
13.487110853286405,0.2494569326476357
13.491046397743151,2.270130753820567
13.494981942199905,2.8892849822092956
13.498917486656657,3.906496391496115
13.502853031113409,10.503357776406546
13.50678857557016,7.368720348852216
13.510724120026907,1.4221362946404903
13.51465966448366,0.3229955722038819
13.518595208940411,0.9818912267187027
13.522530753397165,0.8462952056028816
13.526466297853917,0.5804392760281246
13.530401842310663,1.402495858507354
13.534337386767415,1.4934735112425577
13.538272931224167,1.3951409094514016
13.54220847568092,0.36878753224513905
13.546144020137673,0.8833031988510917
13.55007956459442,0.42316712617414576
13.554015109051171,0.8005727094548039
13.557950653507923,0.8376843719018812
13.561886197964675,0.5577956711926894
13.565821742421427,0.553805593005158
13.569757286878176,0.49679860782702456
13.57369283133493,0.5028880748958935
13.57762837579168,3.7069921346513826
13.581563920248431,5.4760951474033694
13.585499464705183,2.1465568878590147
13.589435009161932,1.1659090460497559
13.593370553618684,1.6414962720343431
13.597306098075435,0.8758242143389268
13.601241642532187,0.3732685837326979
13.60517718698894,0.07875208781811298
13.60911273144569,0.16416371877723399
13.61304827590244,0.6512689734363664
13.616983820359192,1.1637432191890256
13.620919364815943,1.4456513777979967
13.624854909272695,1.545289222820196
13.628790453729446,0.49470742579748295
13.632725998186196,1.0136479201837187
13.63666154264295,1.3315949127200035
13.6405970870997,0.13334016606177443
13.644532631556451,1.8969819287551748
13.648468176013202,0.9760019155562518
13.652403720469954,0.9958942785471697
13.656339264926704,1.7380009507206093
13.660274809383456,0.4322175315547629
13.664210353840208,1.2458658754615948
13.668145898296958,0.12019432510645676
13.67208144275371,0.661549636837565
13.676016987210462,0.44258483609701343
13.679952531667212,0.07987116473148057
13.683888076123964,0.11044262718473355
13.687823620580714,0.23029013848482954
13.691759165037466,0.9339677128304855
13.695694709494218,1.2429228090723534
13.699630253950968,0.5695291384487134
13.70356579840772,1.1385333283750292
13.70750134286447,3.0855712544916747
13.711436887321222,1.0859040232797013
13.715372431777974,0.9420584816592368
13.719307976234724,2.3506388915519896
13.723243520691476,1.7863804929379663
13.727179065148226,1.0843521580388304
13.731114609604978,0.33882938576698646
13.73505015406173,0.09052580829449791
13.73898569851848,0.20308622496637627
13.742921242975232,0.09420553562246897
13.746856787431982,0.35554788078471317
13.750792331888734,0.7149740824235208
13.754727876345486,0.1388289575255002
13.758663420802236,1.2426933170077505
13.762598965258988,1.0140969572912568
13.766534509715738,2.6991981014143556
13.77047005417249,0.9767414395689934
13.77440559862924,0.46894332560701063
13.778341143085992,0.863705385734858
13.782276687542744,0.7113500912247781
13.786212231999494,1.9096593358465532
13.790147776456246,0.2343528435611062
13.794083320912996,0.8155286549343634
13.798018865369748,0.18205056026755484
13.8019544098265,0.10076197961617354
13.80588995428325,0.6892704267455814
13.809825498740002,1.1030542270846577
13.813761043196752,0.36265714660257087
13.817696587653504,3.69753902494819
13.821632132110256,2.821049388507927
13.825567676567006,0.7658525987635345
13.829503221023758,0.5258681187176275
13.833438765480508,0.23180678236378735
13.83737430993726,1.5883004215090246
13.841309854394012,1.587158081703144
13.845245398850762,1.695677526741782
13.849180943307514,1.100739516089287
13.853116487764265,0.5578128794340975
13.857052032221016,1.6906154014656973
13.860987576677768,1.8739273273434292
13.86492312113452,2.3794929167750767
13.86885866559127,2.256251376638014
13.87279421004802,1.0436105559791482
13.876729754504773,0.4500068916462027
13.880665298961524,0.4187984144898552
13.884600843418276,0.8107109693289446
13.888536387875028,0.7572405477794263
13.892471932331777,0.2601284492540385
13.896407476788529,0.13826070235558147
13.90034302124528,0.5613205716332085
13.90427856570203,0.901406254298313
13.908214110158784,0.15119421947363368
13.912149654615533,0.16446972337337884
13.916085199072285,0.08543021989799565
13.920020743529037,1.6156274456318436
13.923956287985789,1.5099807819603843
13.92789183244254,0.19769329651312695
13.931827376899289,0.2506156015464779
13.93576292135604,1.0844417352795237
13.939698465812793,2.006994640189904
13.943634010269545,0.7594188012308303
13.947569554726297,0.7521081356291351
13.951505099183043,1.2420368291518877
13.955440643639797,0.2849055259450631
13.959376188096549,0.1870384751239588
13.9633117325533,0.11389895510345503
13.96724727701005,0.004978734237054143
13.9711828214668,0.11879911684354671
13.975118365923551,0.22033306852363532
13.979053910380305,0.15018346094161109
13.982989454837057,0.3285685426789036
13.986924999293809,0.20933495936489516
13.990860543750555,0.00482019407137406
13.994796088207307,0.2184554735119455
13.99873163266406,0.4383696129127062
14.002667177120813,0.17364961673117588
14.006602721577565,0.5086325577958625
14.010538266034311,1.929015167832287
14.014473810491063,1.7358889381140792
14.018409354947815,2.611455652254812
14.022344899404567,4.508936319731148
14.02628044386132,0.7111657116107513
14.03021598831807,1.0751563417325802
14.03415153277482,0.9921543837984046
14.038087077231571,0.22064491964788124
14.042022621688323,1.1392092390520792
14.045958166145075,2.8426601608350435
14.049893710601824,4.792927412729629
14.053829255058575,2.7302998071433895
14.057764799515327,1.0481726699072678
14.06170034397208,0.007276087240658234
14.065635888428831,0.8816346380450044
14.06957143288558,1.0282597937911786
14.073506977342332,0.23238522162727457
14.077442521799084,0.09686876207115416
14.081378066255835,0.02079334467633768
14.085313610712587,0.576226469580765
14.089249155169338,1.245500655165736
14.09318469962609,0.24443984590127954
14.09712024408284,0.7999583836515124
14.101055788539592,2.7626341388413267
14.104991332996343,0.9491842949881693
14.108926877453094,0.6604174701892386
14.112862421909846,0.5287994067855557
14.116797966366596,1.0828817043994976
14.120733510823348,2.4518909342413338
14.1246690552801,0.331037865816261
14.12860459973685,1.018773843524829
14.132540144193602,2.5195378225277048
14.136475688650352,1.2235754280754974
14.140411233107104,1.613081765940272
14.144346777563856,1.9222318189272893
14.148282322020606,0.5813700698420874
14.152217866477358,0.41784213100894146
14.156153410934108,1.074847350594964
14.16008895539086,0.009578148332368207
14.164024499847612,1.7083893415170115
14.167960044304362,1.3246107245560628
14.171895588761114,0.3759107336390521
14.175831133217864,1.611809852772147
14.179766677674616,0.11224657323052188
14.183702222131368,0.10509348680802459
14.187637766588118,0.5657281889588373
14.19157331104487,2.5251299362840216
14.19550885550162,0.9327467945481044
14.199444399958372,0.004374598430860668
14.203379944415124,0.460616662202024
14.207315488871874,1.0068748653571387
14.211251033328626,0.08141324878821048
14.215186577785376,0.4412876174136312
14.219122122242128,0.08720941064021445
14.22305766669888,2.130623632546749
14.22699321115563,1.016321983999017
14.230928755612382,0.574773219327601
14.234864300069132,0.36831217664671606
14.238799844525884,0.9833342701264332
14.242735388982636,2.5601602755936312
14.246670933439386,0.16572904120978035
14.250606477896138,1.3340615270192497
14.254542022352888,1.0083185709876499
14.25847756680964,0.18368655435134668
14.262413111266392,0.9894300017788138
14.266348655723142,0.6744020848393734
14.270284200179894,0.07302304050316571
14.274219744636644,0.46568794944707625
14.278155289093396,0.18910271676126086
14.282090833550148,0.2734420199232328
14.286026378006898,0.35808870547720684
14.28996192246365,0.6043672674388243
14.2938974669204,1.8644562496905082
14.297833011377152,1.6444408114648565
14.301768555833904,0.40583191621621
14.305704100290654,1.2738184796390517
14.309639644747406,0.27303948163039116
14.313575189204157,1.4041883398773989
14.317510733660908,4.480376170766552
14.32144627811766,1.9809549651080913
14.32538182257441,0.22947675041995053
14.329317367031162,0.3110779036645131
14.333252911487913,0.1039630937223342
14.337188455944665,0.6592522088789727
14.341124000401416,0.506458735593418
14.345059544858168,0.3349839923070619
14.34899508931492,0.5933147169685846
14.352930633771669,1.960378744227981
14.35686617822842,0.8744097213242286
14.36080172268517,0.22213434990488784
14.364737267141924,1.0785629711098217
14.368672811598676,2.3842844451619323
14.372608356055425,1.723182155113077
14.376543900512177,1.6067921325637002
14.380479444968929,0.29509246917895177
14.38441498942568,0.24544375037350982
14.38835053388243,0.09014523099603447
14.39228607833918,0.5022868686094171
14.396221622795933,0.10946414715289493
14.400157167252685,1.2001214375337583
14.404092711709437,0.9981634180446283
14.408028256166189,1.522165679060176
14.411963800622935,1.9934024720626617
14.415899345079689,1.4229711913331857
14.41983488953644,2.6130392388114863
14.423770433993193,0.1874366776501532
14.427705978449945,5.115873827122106
14.431641522906691,3.21338265344745
14.435577067363443,0.6639718856406227
14.439512611820197,1.1825104662186325
14.443448156276949,1.2572675338835677
14.4473837007337,0.5835440244170164
14.451319245190447,0.03984517708993994
14.4552547896472,0.39834476274863106
14.459190334103951,1.1313726679428673
14.463125878560705,0.13022884123291653
14.467061423017457,0.43638196438567306
14.470996967474203,0.23643063508195356
14.474932511930955,3.6862190421832812
14.478868056387707,2.474142304090209
14.48280360084446,0.4959176576992658
14.486739145301213,3.324786416387559
14.49067468975796,1.2461992113716707
14.494610234214711,0.5115802389299167
14.498545778671463,0.8060504972633428
14.502481323128215,0.9942892905484352
14.506416867584967,0.22051792575238213
14.510352412041716,0.5124225064005711
14.51428795649847,2.6672865992010255
14.51822350095522,2.6888899190087083
14.522159045411971,0.3613590236418704
14.526094589868723,0.2628285727748267
14.530030134325472,1.1529267146966857
14.533965678782224,6.697602639745978
14.537901223238975,4.046495669012045
14.541836767695727,0.4668297051768419
14.54577231215248,0.7707181591066716
14.54970785660923,0.11639985333883648
14.55364340106598,0.14269106588612132
14.557578945522732,0.4392145607777316
14.561514489979483,0.6875154947004295
14.565450034436235,0.10210133047380607
14.569385578892986,0.595951767506207
14.573321123349738,0.8304103507555602
14.577256667806488,0.06213423618254391
14.58119221226324,0.339768032049184
14.585127756719992,0.29729397737839053
14.589063301176742,2.702835891309338
14.592998845633494,2.0714214376398976
14.596934390090244,0.012663324775009303
14.600869934546996,1.7633128680492791
14.604805479003746,2.1672379918684053
14.608741023460498,1.6605071783890708
14.61267656791725,1.7947968191503056
14.616612112374,1.16070715594054
14.620547656830752,0.6996956731123107
14.624483201287502,0.6855234227599217
14.628418745744254,0.3720068268487796
14.632354290201006,0.0012239704660741877
14.636289834657756,1.0257587100601795
14.640225379114508,2.6634800582510567
14.644160923571258,1.5758506543248343
14.64809646802801,0.29149452518757135
14.652032012484762,0.14017949447915526
14.655967556941512,0.4997792319079903
14.659903101398264,2.268440823693375
14.663838645855014,3.853165239347463
14.667774190311766,2.674313398441806
14.671709734768518,2.143022318962633
14.675645279225268,0.533761371312128
14.67958082368202,0.46641230135241
14.68351636813877,0.7060152353173774
14.687451912595522,0.22624161370648796
14.691387457052274,1.1210074708796727
14.695323001509024,0.5322338728585759
14.699258545965776,0.2358191820694048
14.703194090422526,0.020660215985819432
14.707129634879278,0.5869428926680913
14.71106517933603,0.6134630911432927
14.71500072379278,0.03338251250307635
14.718936268249532,0.4320665799414896
14.722871812706282,0.19867843343559816
14.726807357163034,0.7409968454168236
14.730742901619786,1.478476934152087
14.734678446076536,0.07067620911988652
14.738613990533288,2.161441109503324
14.742549534990038,0.43350675120090565
14.74648507944679,0.4671718594598469
14.750420623903542,0.29062146531928507
14.754356168360292,1.4207264764432674
14.758291712817044,0.8345638300645303
14.762227257273794,0.6803821509424399
14.766162801730546,1.2002279369464695
14.770098346187298,0.3218594564745745
14.774033890644048,1.5135113342169204
14.7779694351008,0.6115282095628018
14.78190497955755,0.2160691080491554
14.785840524014302,0.037032603867471425
14.789776068471054,0.14555383652289738
14.793711612927805,0.07727681345063742
14.797647157384556,0.23624335195925028
14.801582701841308,2.261869902716223
14.80551824629806,3.4257422719929465
14.80945379075481,1.8390470972342472
14.81338933521156,0.4405789527104446
14.817324879668313,0.7723844200828315
14.821260424125065,2.353447644762305
14.825195968581816,0.7390360897115993
14.829131513038568,0.1873101642836481
14.833067057495317,0.5827970011764432
14.837002601952069,0.12666737171625458
14.84093814640882,0.4264939280536433
14.84487369086557,0.3728403641433834
14.848809235322324,0.3814716915190311
14.852744779779073,0.1332254201015928
14.856680324235825,0.10884501775177524
14.860615868692577,0.2707835857220676
14.864551413149329,1.2000880944622956
14.86848695760608,1.5229967134578668
14.872422502062827,0.2247802615975274
14.87635804651958,0.6241532365048327
14.880293590976333,0.01105626905320423
14.884229135433085,0.9639277865790733
14.888164679889831,0.9916026452772818
14.892100224346583,0.4219763469521255
14.896035768803335,0.4955237079332477
14.899971313260089,0.11460122490539604
14.90390685771684,0.3470756401990023
14.90784240217359,0.5166757946911954
14.91177794663034,2.341979011172534
14.915713491087091,2.1159617366536287
14.919649035543843,0.13865798179027577
14.923584580000597,1.372535900208475
14.927520124457343,0.5180988425666176
14.931455668914095,1.1434463550342653
14.935391213370847,5.5917323944063675
14.9393267578276,7.143717247216925
14.943262302284351,3.597638177240894
14.9471978467411,1.139824136851728
14.951133391197851,0.15176461696821
14.955068935654603,0.3496039820731336
14.959004480111355,0.15939415739568846
14.962940024568107,0.08075510088964646
14.966875569024856,0.3501142272375594
14.97081111348161,2.9140830841231717
14.97474665793836,1.4570558322431815
14.978682202395111,0.2764255116188978
14.982617746851863,1.278526089295295
14.986553291308612,0.9160137839445817
14.990488835765364,1.8969800535055974
14.994424380222116,0.050189158519532824
14.998359924678867,1.5631353415862805
15.00229546913562,0.6469673402102214
15.00623101359237,0.5582993927222716
15.01016655804912,3.2025676695332117
15.014102102505872,5.098189221450219
15.018037646962624,3.7265014626111554
15.021973191419375,0.5864714046751123
15.025908735876126,0.04406031847747966
15.029844280332878,0.4080817146373079
15.03377982478963,1.2403891596314702
15.03771536924638,2.317622174664007
15.041650913703132,1.6805350805031074
15.045586458159882,0.258242943417227
15.049522002616634,0.08335533003679385
15.053457547073386,0.7438075460820914
15.057393091530136,1.123848556743953
15.061328635986888,0.18494251188254265
15.065264180443638,0.5209174615284584
15.06919972490039,0.6651789233856344
15.073135269357142,0.2636507122496593
15.077070813813892,0.31133652798562067
15.081006358270644,0.10189247789747564
15.084941902727394,0.2753151157961094
15.088877447184146,0.03508146449148698
15.092812991640898,0.2797424716428844
15.096748536097648,0.7168315530198807
15.1006840805544,0.5445745920494
15.10461962501115,0.2817347824696182
15.108555169467902,0.1684783721355597
15.112490713924654,0.05210336742930393
15.116426258381404,0.07438482367575523
15.120361802838156,0.6335117770938524
15.124297347294906,0.4448707367499081
15.128232891751658,0.06265391992736012
15.13216843620841,0.3972048696718984
15.13610398066516,0.10591464718794864
15.140039525121912,0.08375297612736618
15.143975069578662,0.6417803560299397
15.147910614035414,2.1096853479479796
15.151846158492164,1.5716618199892758
15.155781702948916,1.4589733971258616
15.159717247405668,1.038811304759666
15.163652791862418,0.06927069585723866
15.16758833631917,0.5540076077298078
15.17152388077592,0.16263603811821561
15.175459425232672,0.0583447339355839
15.179394969689424,0.012504783552874732
15.183330514146174,0.16878712260123874
15.187266058602926,0.6926836708198859
15.191201603059676,0.5489629474646661
15.195137147516428,0.03287036922736602
15.19907269197318,0.21539294214762505
15.20300823642993,0.16816450889221068
15.206943780886682,0.0346279389233505
15.210879325343432,0.35520881176464675
15.214814869800184,0.7912320200910485
15.218750414256936,0.9345647931863962
15.222685958713686,0.6889656974954553
15.226621503170438,0.17223049054837386
15.230557047627189,0.15005926528159982
15.23449259208394,0.15479350837853992
15.238428136540692,0.34347117369012353
15.242363680997444,0.7251774938489114
15.246299225454194,0.6145889183530812
15.250234769910945,0.11465623979700544
15.254170314367697,0.3186111681328758
15.258105858824448,0.4648394837913022
15.2620414032812,0.30529546935665836
15.26597694773795,0.3082840295928131
15.2699124921947,0.17006787346828936
15.273848036651453,1.8398306000130316
15.277783581108205,1.3830430549514072
15.281719125564956,0.013044560032991228
15.285654670021708,0.8029273441668651
15.289590214478457,1.7946032110289887
15.293525758935209,0.8206531362814566
15.29746130339196,0.16178535449604975
15.30139684784871,1.126243115363496
15.305332392305464,1.0503404182812603
15.309267936762213,0.4678919402297765
15.313203481218965,0.06548762390813916
15.317139025675717,0.6044426516859218
15.321074570132469,0.5667955726106209
15.32501011458922,0.06980177745216136
15.328945659045967,0.043391635033410716
15.33288120350272,0.021419311689524184
15.336816747959473,0.05853837202898074
15.340752292416225,0.3380313763166884
15.344687836872977,0.849732753779102
15.348623381329723,1.606096526530969
15.352558925786475,2.34672382261623
15.356494470243227,1.550669534566706
15.36043001469998,1.2508806092331186
15.364365559156733,0.11495232731142488
15.36830110361348,0.9417039696061976
15.372236648070231,1.7699688693519877
15.376172192526983,1.4751618190656515
15.380107736983735,1.8008341197804472
15.384043281440489,1.6669517526743118
15.387978825897235,1.7061841534885176
15.39191437035399,1.0228440160428243
15.39584991481074,2.2925436523641047
15.399785459267491,3.4008076205584636
15.403721003724243,2.332840867317619
15.407656548180992,0.2298751438435724
15.411592092637743,0.2142028145193276
15.415527637094495,0.24755129056332761
15.419463181551247,0.7416321434012602
15.423398726008,0.00044611572609444154
15.42733427046475,1.4528772190051864
15.4312698149215,1.9378381477032967
15.435205359378251,3.3036851732453894
15.439140903835003,3.5213621342427937
15.443076448291755,0.6884731224026693
15.447011992748504,0.11370615161227327
15.450947537205256,0.9336782167597406
15.454883081662008,1.0290375474326883
15.45881862611876,0.13945245972815615
15.462754170575511,0.32835850260129257
15.466689715032262,0.9860528491592808
15.470625259489012,0.20468450749070818
15.474560803945764,0.8557778845278933
15.478496348402516,1.106256654215514
15.482431892859267,1.156259448883819
15.486367437316018,2.0440042154679046
15.49030298177277,0.42421712727645566
15.49423852622952,0.354253125926817
15.498174070686272,0.8569768194546319
15.502109615143024,0.7650157193584458
15.506045159599774,0.46334557125604015
15.509980704056526,0.5431345160662444
15.513916248513276,1.502226868609419
15.517851792970028,2.4680712476905295
15.52178733742678,0.4646795837823032
15.52572288188353,0.3153606036524556
15.529658426340282,0.3336771160262869
15.533593970797032,0.5837976642381637
15.537529515253784,0.5845168321553624
15.541465059710536,0.4063243705239827
15.545400604167286,0.7504205410227082
15.549336148624038,0.41490096900289386
15.553271693080788,0.849430500087932
15.55720723753754,0.7084531713350033
15.561142781994292,0.8169658410485922
15.565078326451042,0.9321083818350626
15.569013870907794,2.089198716779877
15.572949415364544,1.5093591100844326
15.576884959821296,0.640228864383898
15.580820504278048,0.24519993748455152
15.584756048734798,0.015945148528201173
15.58869159319155,0.03189205213452953
15.5926271376483,0.10717989677977846
15.596562682105052,0.2310742510958973
15.600498226561804,0.2758423750504222
15.604433771018554,0.2451057981223557
15.608369315475306,0.506432815508665
15.612304859932056,1.0614711116720799
15.616240404388808,0.35605572784397743
15.62017594884556,0.9491472016198067
15.62411149330231,2.38522179023978
15.628047037759062,0.9811220646853411
15.631982582215812,0.2857912370467445
15.635918126672564,0.006512765302955501
15.639853671129316,0.6463644876185177
15.643789215586066,0.43807606451985803
15.647724760042818,0.017598422871418044
15.651660304499568,0.411954161635452
15.65559584895632,0.5967651720541716
15.659531393413072,1.247308647581698
15.663466937869822,2.899836667262755
15.667402482326574,1.9136146519082868
15.671338026783324,0.2820257312415014
15.675273571240076,0.2493198658144494
15.679209115696828,0.026297184547131282
15.683144660153578,1.0801382709154572
15.68708020461033,1.983603823970352
15.69101574906708,0.8632771136355382
15.694951293523832,0.5033820208510046
15.698886837980584,1.353321970614521
15.702822382437336,1.0172467344482397
15.706757926894086,0.32531264564583
15.710693471350837,0.12334840502557827
15.714629015807589,0.3263118001459606
15.71856456026434,0.5819261082360591
15.72250010472109,0.44112767888287996
15.726435649177844,0.20505245462087163
15.730371193634593,0.677869198689704
15.734306738091345,1.2541638210224806
15.738242282548097,0.5249570348585505
15.742177827004848,0.9757429457642486
15.7461133714616,0.49173969739886164
15.750048915918349,0.5193510768204631
15.7539844603751,3.7383320828239954
15.75792000483185,2.9385084572812548
15.761855549288605,0.12515362216747164
15.765791093745356,0.5545590928379268
15.769726638202105,0.37599570943525085
15.773662182658857,1.4181427700327098
15.777597727115609,1.6576783683879004
15.78153327157236,0.2094897465060965
15.78546881602911,0.27885550478375315
15.78940436048586,0.3829416332915553
15.793339904942613,0.13854664805054467
15.797275449399365,0.5711380909788856
15.801210993856117,0.5020204231616385
15.805146538312869,0.4765069247811318
15.809082082769615,1.5948018006578033
15.813017627226367,0.4298136319846103
15.81695317168312,1.3020845581223564
15.820888716139873,1.8110564573123245
15.824824260596625,0.20840294070718454
15.828759805053371,0.7074597819225653
15.832695349510123,1.9203403163587753
15.836630893966875,0.4920911716125411
15.840566438423629,0.3023005875714341
15.84450198288038,0.3268954064824812
15.84843752733713,0.06856918127350457
15.85237307179388,0.1627161866013259
15.856308616250631,0.03627313997205567
15.860244160707383,0.21687770285254895
15.864179705164135,0.12423518810055499
15.868115249620883,0.28277305289757054
15.872050794077635,0.4650675799564128
15.875986338534387,1.4053988814704614
15.87992188299114,0.9119825391152366
15.883857427447891,0.4513201242100753
15.88779297190464,1.0068838271416611
15.891728516361391,1.602823486773554
15.895664060818143,1.4671690298716125
15.899599605274895,3.186750819254548
15.903535149731647,2.0011607416407635
15.907470694188396,0.5208705671464197
15.91140623864515,2.9032426891676097
15.9153417831019,1.3803538148841945
15.919277327558651,0.013526194661606306
15.923212872015403,0.2333032191240044
15.927148416472154,0.21846904836030265
15.931083960928904,0.363909412584165
15.935019505385656,0.5389630885296098
15.938955049842408,0.49133762289229915
15.94289059429916,0.09835741380507068
15.94682613875591,0.007901408502277017
15.950761683212662,0.05649154324468477
15.954697227669412,0.293624047524171
15.958632772126164,0.6751220689988259
15.962568316582916,1.2797538172367198
15.966503861039666,1.2044582180860528
15.970439405496418,0.3069630269628421
15.974374949953168,0.060367997022289406
15.97831049440992,0.8987251639209829
15.982246038866672,1.7027346939784145
15.986181583323422,1.0297962082733747
15.990117127780174,0.3348885836150763
15.994052672236924,1.0486489942598178
15.997988216693676,0.5521201602101651
16.001923761150426,0.010170894242320152
16.005859305607178,0.03533324974162968
16.00979485006393,0.26216360155409
16.01373039452068,1.240672020860011
16.01766593897743,1.6731272299295676
16.021601483434182,1.8618293274827433
16.025537027890934,2.017618652260008
16.029472572347686,0.9393466790605453
16.033408116804438,1.1586247959805052
16.037343661261186,1.926646987672884
16.041279205717938,1.0324329926152422
16.04521475017469,1.2812449566269046
16.049150294631442,3.2466385368652233
16.053085839088194,4.041791674100467
16.057021383544942,1.8663936087877473
16.060956928001694,0.4103557132193121
16.064892472458446,1.559499004262442
16.068828016915198,3.551926599182169
16.07276356137195,7.170269136416903
16.0766991058287,6.8457159951350555
16.08063465028545,1.8046492231558762
16.084570194742202,0.35548210104526934
16.088505739198954,0.6375709634942892
16.092441283655706,2.0026779457043156
16.096376828112454,3.652692462866415
16.100312372569206,2.337681375066588
16.10424791702596,0.5819905141767511
16.10818346148271,0.4577563326976344
16.112119005939462,0.1616591571719223
16.11605455039621,0.305676875654691
16.119990094852962,0.7542945387449089
16.123925639309714,0.28468244435852613
16.127861183766466,0.10245012387952931
16.131796728223218,0.08407148515345628
16.135732272679967,2.4339809038723463
16.13966781713672,4.54748315057355
16.14360336159347,0.8625108820099013
16.147538906050222,0.9043346907743993
16.151474450506974,2.355032058322723
16.155409994963723,0.4143131260116605
16.159345539420475,0.29799376467132893
16.163281083877227,0.7204823450273687
16.16721662833398,1.6619338499803613
16.17115217279073,2.130150855391668
16.17508771724748,2.014191024657979
16.17902326170423,1.5717712547374256
16.182958806160983,1.255646940418322
16.186894350617735,0.5763198845866925
16.190829895074486,1.0241325033624034
16.194765439531235,1.4871685612002719
16.198700983987987,0.14237901747084772
16.20263652844474,0.2775898776576526
16.20657207290149,0.04734998093577888
16.210507617358243,0.2882754317212296
16.21444316181499,0.29294670314545435
16.218378706271743,0.11986158059680645
16.222314250728495,0.42903756497357726
16.226249795185247,0.4561495168416017
16.230185339642,0.8151198334969613
16.234120884098747,0.4698893166839544
16.2380564285555,0.8510366101341709
16.24199197301225,1.5151879800083068
16.245927517469003,0.022588340261396667
16.249863061925755,3.4098944525975083
16.253798606382503,3.304153914036751
16.257734150839255,0.07428965442179328
16.261669695296007,0.5912353314493284
16.26560523975276,0.9605586348013254
16.26954078420951,1.4683334067895106
16.27347632866626,0.6492643771618655
16.27741187312301,1.1732788651098192
16.281347417579763,1.433793961838925
16.285282962036515,1.225108642616318
16.289218506493267,0.901696290356631
16.293154050950015,0.26523820902173756
16.297089595406767,0.08172340282059025
16.30102513986352,0.15934408914518874
16.30496068432027,0.43849951931519393
16.308896228777023,0.7040163066688688
16.31283177323377,0.8425163013863751
16.316767317690523,1.2821988606398718
16.320702862147275,1.4678241432170778
16.324638406604027,0.9360910272825531
16.32857395106078,0.6005666125879797
16.332509495517527,0.7051225525540286
16.33644503997428,0.4884685829667136
16.34038058443103,0.3314023594342499
16.344316128887783,0.389948839571321
16.348251673344535,0.29508113325704216
16.352187217801283,0.47923415418887894
16.356122762258035,0.905931222843462
16.360058306714787,0.5620198198267474
16.36399385117154,0.11349634194060901
16.36792939562829,0.3492461443209737
16.37186494008504,2.3984576820456307
16.37580048454179,2.1273925421401403
16.379736028998543,0.5096010704930268
16.383671573455295,0.5788054687105871
16.387607117912047,0.17087378260784647
16.391542662368796,0.20635324828782434
16.395478206825548,0.5307843802817394
16.3994137512823,0.7408173686630181
16.40334929573905,1.4063968442322667
16.4072848401958,1.0576529813528215
16.41122038465255,0.5939433386261236
16.415155929109304,3.936668424424868
16.419091473566056,4.959715547120959
16.423027018022808,1.8388085852446392
16.426962562479556,0.5967271565772748
16.430898106936308,0.5964863239724156
16.43483365139306,0.30261990400200955
16.43876919584981,0.011402916249704773
16.442704740306564,0.05413032124451718
16.446640284763312,0.17416524187506624
16.450575829220064,0.3885602535135917
16.454511373676816,0.32868923607863976
16.458446918133568,1.0738653208864628
16.46238246259032,1.1379053333377562
16.466318007047068,0.10310636028256775
16.47025355150382,0.49303251308097995
16.474189095960572,0.5385107854769462
16.478124640417324,0.07996752251199478
16.482060184874076,0.15466135691461422
16.485995729330824,0.5733168944568184
16.489931273787576,0.22791585122998753
16.493866818244328,0.09653624516296692
16.49780236270108,0.6594539982326559
16.501737907157832,0.5434372815124745
16.50567345161458,0.4046265825188276
16.509608996071332,0.4053686962238385
16.513544540528084,1.5029177137973244
16.517480084984836,3.3027716200607777
16.521415629441588,2.1319791971522917
16.525351173898336,0.39137518819190964
16.52928671835509,1.4565773646263536
16.53322226281184,0.9626007154856615
16.537157807268592,0.07810011382491422
16.541093351725344,1.2258571717515763
16.545028896182092,0.31937163421160164
16.548964440638844,0.6807600576856775
16.552899985095596,0.9499585459551121
16.556835529552348,0.5237837620796936
16.5607710740091,0.7761221068851325
16.56470661846585,0.27647578828622493
16.5686421629226,0.03529872629501237
16.572577707379352,0.8715353312050661
16.576513251836104,4.786467195424672
16.580448796292856,5.683433585205952
16.584384340749605,2.158838340441084
16.588319885206356,0.6621672463373063
16.59225542966311,0.2774522584847608
16.59619097411986,1.4039633258740853
16.600126518576612,2.243173911316723
16.60406206303336,0.43560813248643804
16.607997607490113,0.121022517722737
16.611933151946864,1.4300622620735286
16.615868696403616,2.112833497419589
16.61980424086037,0.3850241472693263
16.623739785317117,1.0938912737343887
16.62767532977387,1.2720544686603417
16.63161087423062,3.9756884352144035
16.635546418687372,4.288595117170455
16.639481963144124,0.6131524340887672
16.643417507600873,0.05187384943005655
16.647353052057625,0.05976407813533486
16.651288596514377,0.6971417946747294
16.65522414097113,1.464603979565445
16.65915968542788,0.5200999044607026
16.66309522988463,1.2245044295058738
16.66703077434138,2.3505162106593125
16.670966318798133,0.5450316499200144
16.674901863254885,0.5350941169754572
16.678837407711637,0.5432205353692982
16.682772952168385,0.17712828462780977
16.686708496625137,0.40333778089353856
16.69064404108189,0.7319336932054781
16.69457958553864,0.4240314392115392
16.698515129995393,0.9472342631081772
16.70245067445214,0.6118774902771261
16.706386218908893,0.5921654823142674
16.710321763365645,1.1667326930322577
16.714257307822397,1.0236760451206728
16.71819285227915,1.2068299288944908
16.722128396735897,0.4961331169188238
16.72606394119265,0.024682271333208706
16.7299994856494,0.002141256022782547
16.733935030106153,0.025733732703355248
16.737870574562905,0.06762907085856502
16.741806119019653,0.3008366784023647
16.745741663476405,0.06693992674237349
16.749677207933157,1.1546995615995062
16.75361275238991,5.703571234161694
16.75754829684666,4.853530700045813
16.76148384130341,0.26657406819535373
16.76541938576016,1.7720026559187174
16.769354930216913,2.5387630412841915
16.773290474673665,0.5572981233621169
16.777226019130417,0.2535833744096357
16.781161563587165,0.18879221035717328
16.785097108043917,1.1323784643659744
16.78903265250067,4.689453385428182
16.79296819695742,4.254832793151752
16.796903741414173,0.33043958692653636
16.80083928587092,1.8587290084401218
16.804774830327673,1.2014332713969298
16.808710374784425,0.14169442849352962
16.812645919241177,1.0677872153778103
16.81658146369793,1.2830703616836008
16.820517008154678,2.0397797876082646
16.82445255261143,0.7306046836027915
16.82838809706818,0.03544638307681976
16.832323641524933,0.026593193819954886
16.836259185981685,0.08710684407503344
16.840194730438434,0.7091870015342134
16.844130274895186,2.4088866178073434
16.848065819351937,1.7791377358132714
16.85200136380869,0.2775279842517216
16.85593690826544,0.6530743493405866
16.85987245272219,1.7407976917306252
16.86380799717894,2.3012206000377655
16.867743541635694,2.1729621027830404
16.871679086092445,0.4819968437830283
16.875614630549197,0.0002144146903748424
16.879550175005946,0.42537722286594093
16.883485719462698,2.6054324410575123
16.88742126391945,1.7062250844229918
16.8913568083762,0.04784944867207646
16.895292352832953,0.6600916177206584
16.899227897289702,0.38041286357230825
16.903163441746454,0.21386895533392758
16.907098986203206,0.6019102784197751
16.911034530659958,2.4743445191282762
16.91497007511671,1.9191203764661156
16.918905619573458,0.2845203054450808
16.92284116403021,0.0855080719374281
16.926776708486962,0.7324354523630596
16.930712252943714,1.5885620753292329
16.934647797400466,0.6215945751986811
16.938583341857214,2.0104898037204206
16.942518886313966,5.290041161236376
16.946454430770718,4.807117922836603
16.95038997522747,1.5836156627764868
16.95432551968422,0.3904751697547782
16.95826106414097,0.7427816646179313
16.962196608597722,0.5503032187391909
16.966132153054474,0.4266087034576901
16.970067697511226,0.0041666694760143196
16.974003241967974,0.11043254055603262
16.977938786424726,0.04113057635738637
16.981874330881478,0.9878674634661537
16.98580987533823,1.4849858888974974
16.989745419794982,0.9734805284817206
16.99368096425173,0.478126151245737
16.997616508708482,0.2331539170383815
17.001552053165234,0.11367857736649353
17.005487597621986,0.04711185253243384
17.009423142078738,0.8528045983537688
17.013358686535486,2.321643674032812
17.01729423099224,2.976517595515433
17.02122977544899,2.285023515453202
17.025165319905742,0.589670680647145
17.029100864362494,1.2815712785859354
17.033036408819243,2.03481546106155
17.036971953275994,0.9947570675458863
17.040907497732746,0.053791173553195536
17.0448430421895,0.3677386922365588
17.04877858664625,0.3256021925969003
17.052714131103,0.008565036244831103
17.05664967555975,0.20604110337092663
17.060585220016502,0.05768384469455242
17.064520764473254,0.1434397544635853
17.068456308930006,0.33677832523628926
17.072391853386755,0.39684547547853743
17.076327397843507,0.11188706695248618
17.08026294230026,0.012367604496213307
17.08419848675701,0.25690406393931886
17.088134031213762,1.6712725674329207
17.09206957567051,3.45326782634988
17.096005120127263,2.4705123632205974
17.099940664584015,0.46446873202910566
17.103876209040767,1.23144555753919
17.10781175349752,1.9067130806052812
17.111747297954267,0.44726017287704223
17.11568284241102,0.9670795125804144
17.11961838686777,1.2715360572355445
17.123553931324523,0.6759053281678254
17.127489475781275,0.3041203107294173
17.131425020238023,0.010863970126204952
17.135360564694775,0.6014921834062904
17.139296109151527,1.008753288167008
17.14323165360828,1.0449567338255317
17.14716719806503,0.4708491901331172
17.15110274252178,0.25220587225040636
17.15503828697853,1.800944588534701
17.158973831435283,1.0738908963077818
17.162909375892035,0.18389349266952154
17.166844920348787,0.16984073318830478
17.170780464805535,0.057839339711422244
17.174716009262287,0.0097892241369256
17.17865155371904,0.37860301637792176
17.18258709817579,0.7093776994777212
17.186522642632543,0.6756344890328624
17.19045818708929,0.5622729208131297
17.194393731546043,1.353850238385961
17.198329276002795,1.6585531990781386
17.202264820459547,0.7688728450849697
17.2062003649163,0.4126856834689901
17.210135909373047,0.448338791642015
17.2140714538298,0.3617115680626352
17.21800699828655,0.12890825314502238
17.221942542743303,1.2702411191736414
17.225878087200055,0.9679544597013717
17.229813631656803,0.6091465870725725
17.233749176113555,0.24133623003362298
17.237684720570307,0.3825332354503673
17.24162026502706,0.8696700752828689
17.24555580948381,0.16267642719823006
17.24949135394056,1.087172217887145
17.25342689839731,0.7916953100662631
17.257362442854063,0.5359437675016026
17.261297987310815,1.7219912023367676
17.265233531767567,1.0089224705867383
17.269169076224316,0.7444008384165847
17.273104620681067,0.8309432024636374
17.27704016513782,0.30056616145398446
17.28097570959457,0.22226163997653847
17.284911254051323,0.34326879751613515
17.28884679850807,0.725096199478999
17.292782342964824,2.119073248852448
17.296717887421575,1.1171484794072775
17.300653431878327,0.48042320558460666
17.30458897633508,0.904489374894169
17.308524520791828,0.3761742376425193
17.31246006524858,0.07896076102494196
17.31639560970533,0.22842466434608666
17.320331154162083,0.09755063916439366
17.324266698618835,1.3839389119882117
17.328202243075584,1.2184398365439897
17.332137787532336,0.028972771877464155
17.336073331989088,1.4097894920954666
17.34000887644584,1.4301282618216278
17.34394442090259,0.9421375062396999
17.34787996535934,0.8137011645696861
17.35181550981609,1.5772842957741917
17.355751054272844,1.2409545415501486
17.359686598729596,0.15999462677436393
17.363622143186348,0.11783408568179855
17.367557687643096,0.21969228173421276
17.371493232099848,0.7284283517981772
17.3754287765566,0.6718089897259903
17.37936432101335,0.9622741592477208
17.383299865470104,0.5246941558981731
17.387235409926852,0.4461392006373819
17.391170954383604,0.29862799038997334
17.395106498840356,0.06618304035230356
17.399042043297108,0.7373063454200297
17.40297758775386,0.6991289106696494
17.406913132210608,0.5608282387559096
17.41084867666736,1.2141735752735165
17.414784221124112,2.390790861319045
17.418719765580864,1.1600181265850957
17.422655310037616,0.23367030304269099
17.426590854494364,3.9431341680491596
17.430526398951116,4.193683944055792
17.434461943407868,0.22354065586032074
17.43839748786462,1.4426660662391488
17.442333032321372,1.4322152483437807
17.44626857677812,0.35642208004680703
17.450204121234872,2.5527674736685975
17.454139665691624,1.1948002519593526
17.458075210148376,0.6082236298471596
17.462010754605128,0.9029440451552678
17.465946299061876,1.3939145090249656
17.46988184351863,1.3327510104189664
17.47381738797538,0.6618089790863099
17.477752932432132,0.6356536076068192
17.481688476888884,0.039803048845382286
17.485624021345632,0.11750129857473827
17.489559565802384,0.41415037197078614
17.493495110259136,1.697727595313023
17.497430654715888,0.5124606577194853
17.50136619917264,0.6610459626617784
17.50530174362939,1.4572590813920854
17.50923728808614,0.1360377819667253
17.513172832542892,0.7914917918772445
17.517108376999644,3.1329340281142444
17.521043921456393,3.9097330554525533
17.524979465913145,1.9714216190294336
17.528915010369897,0.09805763095938297
17.53285055482665,0.46541095846776115
17.5367860992834,0.6006872683438583
17.54072164374015,0.06641604043703093
17.5446571881969,0.05057112076211817
17.548592732653653,0.003047153216649605
17.552528277110405,0.049080670880992924
17.556463821567156,0.15600493335658996
17.560399366023905,0.8681190922014318
17.564334910480657,1.0184576284056222
17.56827045493741,0.6042063247066177
17.57220599939416,0.28479035198796177
17.576141543850913,0.5491490347554968
17.58007708830766,0.2483644338192121
17.584012632764413,0.9012386071436279
17.587948177221165,2.505835671997092
17.591883721677917,1.1973968646696291
17.59581926613467,0.35922737234922764
17.599754810591417,1.2587373443411174
17.60369035504817,0.7258681634540438
17.60762589950492,0.18792453096882303
17.611561443961673,0.6475899593951819
17.615496988418425,0.49035251070185143
17.619432532875173,0.25136323225354046
17.623368077331925,0.2711478282141689
17.627303621788677,0.2717996454794828
17.63123916624543,0.6910077834345095
17.63517471070218,0.32979842638755763
17.63911025515893,0.7876023328926822
17.64304579961568,1.3866284354093739
17.646981344072433,0.5184476147695998
17.650916888529185,0.11120060478350544
17.654852432985937,0.2180300638951947
17.658787977442685,0.42226584910318915
17.662723521899437,0.27301960890534505
17.66665906635619,0.057772388569180606
17.67059461081294,0.06818572068969377
17.674530155269693,0.412870868310067
17.67846569972644,0.19171125354916552
17.682401244183193,0.14991520692595392
17.686336788639945,0.18439504186073152
17.690272333096697,0.018080582708162728
17.69420787755345,0.2467674684052327
17.698143422010197,0.06517938588790995
17.70207896646695,0.1591801472987568
17.7060145109237,0.7679848312654844
17.709950055380453,1.7791258411315658
17.713885599837205,1.431240414677298
17.717821144293953,1.1377749447914716
17.721756688750705,0.7958538677833833
17.725692233207457,0.3359233090431606
17.72962777766421,0.955888570204894
17.73356332212096,0.8879986512867833
17.73749886657771,1.5424362563298344
17.74143441103446,0.8294628780465099
17.745369955491213,0.22711335430652216
17.749305499947965,0.26493524693134035
17.753241044404717,0.05844640933126159
17.757176588861466,0.6299168251663472
17.761112133318218,2.0482919523414336
17.76504767777497,3.77763946558539
17.76898322223172,0.5283725451328228
17.772918766688473,3.615982697267676
17.77685431114522,7.080604890511387
17.780789855601974,1.330720167924693
17.784725400058726,1.217124604604373
17.788660944515478,1.8758803890453437
17.79259648897223,0.6044878545592054
17.796532033428978,0.0027642092160405345
17.80046757788573,0.873162307658807
17.80440312234248,1.2389790735761745
17.808338666799234,0.3453541918692096
17.812274211255986,0.607087464395024
17.816209755712734,0.09315325443627016
17.820145300169486,0.24203081555644715
17.824080844626238,0.2550361884292209
17.82801638908299,0.03137375400875262
17.83195193353974,0.606470608297824
17.83588747799649,1.1098120152313842
17.839823022453242,1.1167273847976342
17.843758566909994,0.6682194768818667
17.847694111366746,0.20411439414814694
17.851629655823498,0.6633488520853642
17.855565200280246,1.3326160846711654
17.859500744736998,1.0935568739811394
17.86343628919375,0.44294141851534446
17.867371833650502,0.1991625690515214
17.871307378107254,0.48385379925817085
17.875242922564002,0.5337277373304913
17.879178467020754,2.377646575254191
17.883114011477506,3.4862792279948396
17.887049555934258,1.414465578017761
17.89098510039101,0.4725981912947436
17.89492064484776,0.6136534201723615
17.89885618930451,0.00795276010660997
17.902791733761262,0.30028844115408937
17.906727278218014,0.19070487529416316
17.910662822674766,2.5220750707970616
17.914598367131514,3.1665484046749826
17.918533911588266,0.8558252726390532
17.922469456045018,0.6132789671858154
17.92640500050177,0.12335194233241502
17.930340544958522,1.852343889398195
17.93427608941527,0.40812058691237113
17.938211633872022,2.2306336514535476
17.942147178328774,2.9698659737780484
17.946082722785526,0.02155334369177157
17.950018267242278,1.2180197928669685
17.953953811699026,0.2121988062237567
17.95788935615578,0.9928321729338443
17.96182490061253,1.9098922003557641
17.965760445069282,0.1504047236738955
17.969695989526034,1.0273080658766023
17.973631533982783,2.8625359958702856
17.977567078439534,1.5790102177261935
17.981502622896286,0.917632998896993
17.98543816735304,2.6607111193643247
17.98937371180979,3.123146294326293
17.99330925626654,1.7209312429939876
17.99724480072329,1.265300835120234
18.001180345180043,3.1681860236899047
18.005115889636794,2.2992300583617133
18.009051434093546,0.882008740080802
18.012986978550295,1.8483944390939004
18.016922523007047,0.23984189991910054
18.0208580674638,1.0660648526614571
18.02479361192055,1.5421118529245572
18.028729156377302,0.5372049271371284
18.03266470083405,0.27284649926276056
18.036600245290803,0.0014922974622970818
18.040535789747555,0.11360585422993273
18.044471334204307,0.11277260496612788
18.04840687866106,0.011390190561559614
18.052342423117807,0.2968973785789595
18.05627796757456,0.17711406879134833
18.06021351203131,0.21059756300811502
18.064149056488063,1.0232508656907997
18.06808460094481,0.9195015478240204
18.072020145401563,1.2411896253837906
18.075955689858315,0.6149586071630481
18.079891234315067,0.001509283386008354
18.08382677877182,0.1267701558548318
18.087762323228567,0.36775803057378015
18.09169786768532,0.45845048580792597
18.09563341214207,0.2416106984865286
18.099568956598823,0.21121657073869626
18.10350450105557,0.3306978567008492
18.107440045512323,0.862881326629912
18.111375589969075,0.4939315945807784
18.115311134425827,1.2583261247603457
18.11924667888258,1.8299728463281746
18.12318222333933,2.0918365683161864
18.12711776779608,2.6919444937015258
18.13105331225283,0.6220669716063398
18.134988856709583,0.8512396477336356
18.13892440116633,3.9215578775651574
18.142859945623087,2.8064288653663114
18.146795490079835,0.5226902149433285
18.150731034536587,0.26546581142485703
18.15466657899334,0.6659212489739287
18.15860212345009,0.23595449372544014
18.162537667906843,0.08227153265870109
18.16647321236359,0.06230448294577374
18.170408756820343,0.6079209891722217
18.17434430127709,1.7239180841089958
18.178279845733847,1.1208551831655384
18.1822153901906,0.2862659945186511
18.186150934647348,0.016470210948111588
18.1900864791041,0.24380844490054887
18.19402202356085,0.22376827693553267
18.197957568017603,0.15587104350007533
18.201893112474355,0.014283838030474953
18.205828656931104,0.2969135475886651
18.209764201387856,1.854170882863578
18.213699745844607,2.096625116930221
18.21763529030136,0.31902186319170145
18.22157083475811,0.24727500674256347
18.22550637921486,1.716478321633609
18.22944192367161,1.824898651874332
18.233377468128364,0.23886356382500853
18.23731301258512,0.3427330154807238
18.241248557041867,0.12728046093530765
18.245184101498616,0.6700892935257274
18.249119645955368,0.27263344664512495
18.25305519041212,0.031754885367822075
18.25699073486887,0.9027009528498255
18.260926279325624,4.968173115477541
18.26486182378237,4.129536761579537
18.268797368239124,0.32703786842261817
18.27273291269588,0.29328618777090415
18.276668457152628,0.24401320461811693
18.28060400160938,0.024113269224797142
18.284539546066128,0.31978725611901837
18.28847509052288,0.8849314210794159
18.292410634979632,0.7845357341736636
18.296346179436384,0.6951438158268236
18.300281723893136,0.11346961993708841
18.304217268349884,0.3944512058270693
18.30815281280664,0.6826391177455927
18.312088357263388,0.17391741544321826
18.31602390172014,0.7584281747151016
18.31995944617689,0.23465987974573566
18.32389499063364,0.34839082243733205
18.327830535090392,0.8207130318809965
18.331766079547144,0.23511075934352071
18.335701624003896,0.08772990379780919
18.339637168460648,0.4472518078673132
18.3435727129174,1.2913154189232368
18.347508257374148,0.11757368209585682
18.3514438018309,0.31782597566345044
18.35537934628765,0.06503132163484933
18.359314890744404,0.9796404533803433
18.363250435201152,0.4365105360507125
18.367185979657904,0.4585940940701896
18.371121524114656,1.5264618168038837
18.375057068571408,0.4557787248134528
18.37899261302816,0.21912522892242176
18.38292815748491,0.093903753472063
18.38686370194166,0.790199296537022
18.39079924639841,0.35967231592112986
18.394734790855164,1.1646658008983153
18.39867033531192,0.6914155484016575
18.402605879768664,0.34849234694279063
18.406541424225416,2.139303829965123
18.41047696868217,0.9307237902711943
18.41441251313892,0.24204689857701062
18.418348057595672,0.20804479989159105
18.42228360205242,1.1610208981488601
18.42621914650917,0.5988814068022983
18.430154690965924,0.1970409262690981
18.43409023542268,0.7803928478693559
18.43802577987943,0.2855384461254763
18.441961324336177,0.5590156148387357
18.44589686879293,0.00036123037666194245
18.44983241324968,1.352878926812134
18.453767957706432,1.45377005705288
18.457703502163184,0.037539298200979336
18.461639046619933,0.9272464623210038
18.465574591076685,0.22094019143973107
18.46951013553344,0.450612836860654
18.47344567999019,1.0073638305912818
18.47738122444694,1.3123985776703124
18.48131676890369,3.0422019983097335
18.48525231336044,2.335112476211873
18.489187857817196,0.7526887620007159
18.493123402273945,0.38016940847770103
18.497058946730697,0.3824294796234992
18.500994491187445,0.9399653566943976
18.5049300356442,0.5073014929647613
18.50886558010095,0.03377262860769573
18.5128011245577,0.09609435131707168
18.516736669014453,0.11972989111077681
18.5206722134712,0.4523266982833972
18.524607757927956,0.09619210744187545
18.528543302384705,0.16446359675190458
18.532478846841457,0.31298744343068996
18.53641439129821,2.7863292928493895
18.54034993575496,1.8937978010441403
18.54428548021171,0.3576846449367462
18.54822102466846,1.4751044973545924
18.552156569125213,0.10924262468305886
18.556092113581965,1.0484012286150544
18.560027658038717,1.4939503668626741
18.563963202495465,4.9357474203750105
18.567898746952217,3.187052013130414
18.57183429140897,0.2624631868139897
18.57576983586572,3.753362553479357
18.57970538032247,1.2351000070559917
18.58364092477922,0.2389131800793615
18.587576469235973,2.398568367841066
18.591512013692725,3.5640212500712445
18.59544755814948,0.8196713750673607
18.599383102606225,0.41034912802957607
18.603318647062977,0.432496573950233
18.60725419151973,0.10289313339887617
18.61118973597648,0.3675486699530704
18.615125280433237,0.017174559217434663
18.61906082488998,0.11628308755776184
18.622996369346733,0.013538561214829046
18.626931913803485,0.2416565309823647
18.63086745826024,0.31283260181031286
18.634803002716986,0.20509545660279127
18.638738547173737,0.21305205568586838
18.64267409163049,0.2657179912650724
18.64660963608724,0.032489853443539975
18.650545180543997,0.24057891803335632
18.65448072500074,0.01991110091945938
18.658416269457494,0.6641007068466734
18.662351813914245,1.2978055743983512
18.666287358371,0.429642497156926
18.67022290282775,1.2932264164125198
18.674158447284498,1.3910820001906763
18.67809399174125,0.789209333055678
18.682029536198,1.0750469437674135
18.685965080654757,1.5675492186273292
18.689900625111505,0.9238437864515665
18.69383616956825,0.25379548060093277
18.69777171402501,0.18232165878815476
18.70170725848176,1.1183618614802053
18.70564280293851,0.7468674065837391
18.70957834739526,0.9781711140299492
18.71351389185201,1.1628769463594233
18.71744943630876,0.33656853636578526
18.721384980765517,0.36990337263347595
18.725320525222266,1.7164622338085693
18.729256069679018,1.3517601361192861
18.73319161413577,0.09995641199851377
18.73712715859252,0.7479131790583261
18.74106270304927,0.644004303011399
18.74499824750602,0.10745739256711136
18.748933791962774,1.708201754293819
18.75286933641952,2.9952055624899447
18.756804880876278,1.0868585701646591
18.760740425333022,0.11326597301034737
18.764675969789774,1.7224018888628772
18.76861151424653,0.7498506790440126
18.77254705870328,0.1986892932209226
18.77648260316003,0.7444726315635734
18.780418147616786,0.2384928857871462
18.78435369207353,0.09154169828609378
18.78828923653029,0.64892435585827
18.792224780987038,1.9376642537935547
18.796160325443783,0.31222155782473826
18.800095869900534,1.0211182142430164
18.80403141435729,0.8263008360261941
18.80796695881404,1.054297256235904
18.81190250327079,3.377877520243015
18.815838047727546,2.628108100831682
18.81977359218429,0.4332536513181699
18.82370913664105,0.12060416048504584
18.8276446810978,0.0987338227001452
18.831580225554543,0.05585596300306739
18.8355157700113,0.03737026725973398
18.83945131446805,0.1669441090248109
18.8433868589248,0.3433997208011192
18.847322403381558,0.7427677366716415
18.851257947838302,2.0834338667651093
18.85519349229505,1.1307693547558646
18.859129036751806,0.30176360962621
18.86306458120856,1.5902934616189115
18.86700012566531,1.6507989533215686
18.87093567012206,0.1925211804221685
18.87487121457881,1.181401797246101
18.87880675903556,1.8148575241951672
18.882742303492314,0.5316633614584255
18.886677847949063,2.4787374194138323
18.89061339240581,3.619336329259967
18.894548936862567,1.9677134067683173
18.89848448131932,1.5637919731573848
18.90242002577607,0.6329615677532199
18.906355570232822,0.47523902525639933
18.91029111468957,2.127423974093299
18.914226659146323,0.249508559754497
18.918162203603075,2.1701387129609944
18.922097748059823,2.8275263432912148
18.92603329251658,0.5011002132134336
18.929968836973327,0.020215279356196648
18.93390438143008,0.12386231120005016
18.93783992588683,0.08482106487748468
18.941775470343583,0.03068550937277674
18.94571101480033,0.18347200641680006
18.949646559257083,0.37898927624978807
18.953582103713835,0.28813502683834485
18.957517648170587,1.1133920519845055
18.96145319262734,0.5972821311054024
18.96538873708409,0.5383567415109238
18.96932428154084,0.5723898186991339
18.97325982599759,0.06526325341656063
18.977195370454343,0.2048025586905508
18.98113091491109,0.2674861414020256
18.985066459367847,1.447649785253873
18.989002003824595,0.3621480243673015
18.992937548281347,1.2733369359840934
18.9968730927381,1.5400222515053996
19.00080863719485,0.13041893945758626
19.004744181651603,0.6162980417331082
19.00867972610835,1.1014485500504714
19.012615270565103,0.592053617080622
19.01655081502185,3.1779803884369344
19.020486359478607,8.287618160316843
19.02442190393536,6.934710778482732
19.028357448392107,1.622637308858135
19.03229299284886,0.18290901249915417
19.03622853730561,0.6726802207975049
19.040164081762363,0.012409587395064767
19.044099626219115,1.044258475160341
19.048035170675863,0.9214847463244055
19.05197071513261,0.8083694328827565
19.055906259589367,0.000954226481776192
19.05984180404612,2.6216180002676572
19.06377734850287,4.379447967045179
19.06771289295962,1.0903272532333463
19.07164843741637,0.3302523999833161
19.075583981873123,0.7770051032248235
19.079519526329875,1.8983885659207034
19.083455070786627,3.933444692507961
19.087390615243372,4.19966095914249
19.091326159700127,2.6411027544527794
19.09526170415688,0.8117162300930544
19.09919724861363,0.020808582547681594
19.103132793070383,0.039609413524995536
19.10706833752713,0.234490600761704
19.111003881983883,0.3452556857906316
19.114939426440635,1.020345399009305
19.118874970897387,1.5750896184401582
19.12281051535414,0.3148989915688837
19.126746059810888,0.38746797694856516
19.13068160426764,0.6532151051111531
19.13461714872439,0.21529005323093073
19.138552693181143,0.030128173862550817
19.14248823763789,0.020407163234139113
19.146423782094644,0.31454941191839375
19.1503593265514,0.9420861665177377
19.154294871008148,2.6146291218168622
19.1582304154649,3.2713879967723134
19.16216595992165,0.5638393572968693
19.1661015043784,0.5258766024422917
19.17003704883515,0.484656910342081
19.173972593291904,0.2122528498770085
19.177908137748656,1.437946575186332
19.181843682205404,1.9170781314822238
19.18577922666216,3.2222404857241904
19.189714771118908,2.6045687057139775
19.19365031557566,0.7864226483825936
19.19758586003241,0.16998539807919966
19.20152140448916,0.20439496046916114
19.205456948945912,0.5524673635388013
19.209392493402664,0.7367512259829566
19.213328037859416,0.6691632950371069
19.217263582316168,0.8536947614436657
19.22119912677292,0.22710038820255243
19.225134671229668,0.13969379329529796
19.22907021568642,0.9485665135191341
19.23300576014317,1.605311833278206
19.236941304599924,0.6593751791294671
19.240876849056672,0.2508050328443009
19.244812393513424,0.46509722341219256
19.248747937970176,0.028161589032325105
19.252683482426928,0.4881468360510159
19.25661902688368,0.3854634406385229
19.26055457134043,0.09933793101141661
19.26449011579718,0.07107477460058019
19.26842566025393,0.36868586484720767
19.272361204710684,0.3496910451007973
19.27629674916744,1.6970811266961843
19.280232293624184,2.6052376744286887
19.284167838080936,0.4633812305929488
19.288103382537688,0.2712576501807207
19.29203892699444,0.9582380774226004
19.295974471451192,1.3422639616434482
19.29991001590794,1.049230289914478
19.30384556036469,0.5846421654559865
19.307781104821444,0.8803187923712731
19.3117166492782,1.08754501812863
19.315652193734948,0.2310080068553639
19.319587738191697,0.5732130436395593
19.32352328264845,0.9994161382800067
19.3274588271052,0.27335735536393857
19.331394371561952,0.32133648894068056
19.335329916018704,0.7249854772951675
19.339265460475453,1.3664450287449352
19.343201004932205,1.0427108887771452
19.34713654938896,0.7936927406970771
19.35107209384571,0.2098170679523017
19.35500763830246,0.04836199933407289
19.35894318275921,0.278359164133555
19.36287872721596,0.34645765556447894
19.366814271672716,0.03123272042009656
19.370749816129464,0.15615114204259178
19.374685360586216,0.31865417804512175
19.378620905042965,0.2722963621807879
19.38255644949972,0.008498595223437846
19.38649199395647,0.6354218154119124
19.39042753841322,0.5362879514354776
19.39436308286997,0.6446628264929547
19.39829862732672,1.5178643729556172
19.402234171783476,0.7162493953864778
19.406169716240225,0.7101410231514977
19.410105260696977,1.6003400059465842
19.41404080515373,3.8642410043423117
19.41797634961048,1.6684029313494884
19.42191189406723,0.6770269337352937
19.42584743852398,2.858338405247531
19.429782982980733,0.6708015931494877
19.433718527437485,0.792593909483942
19.437654071894237,1.1886826737625857
19.441589616350985,2.34658922281876
19.445525160807737,4.289149069940781
19.44946070526449,2.55711904630038
19.45339624972124,0.6325446456266879
19.45733179417799,0.16458273518689523
19.46126733863474,3.046215685003016
19.465202883091493,3.0539728925440435
19.469138427548245,0.025801824655231214
19.473073972005,1.8591035193757546
19.477009516461745,1.1864854470398951
19.480945060918497,0.13349721163069347
19.48488060537525,0.13017227829738368
19.488816149832,1.1835187939350156
19.492751694288756,1.506808183564244
19.4966872387455,0.18635513806151546
19.500622783202253,0.9350415858166818
19.504558327659005,0.3270538431465248
19.50849387211576,0.4385164926261687
19.51242941657251,0.5744332854235377
19.516364961029257,0.6439489481168293
19.52030050548601,2.0682117943994593
19.52423604994276,2.6890551339588202
19.528171594399517,0.11569460668322123
19.532107138856265,2.517527684345376
19.536042683313013,4.199326354220695
19.539978227769765,1.1800015293980075
19.54391377222652,0.7956785927238634
19.54784931668327,1.3264643939913758
19.55178486114002,0.8728450315923971
19.55572040559677,0.45588635712419234
19.55965595005352,0.019182989888901526
19.563591494510277,0.20686803978210164
19.567527038967025,0.0203285973267202
19.571462583423777,0.49055453730513565
19.57539812788053,0.08041014957532906
19.57933367233728,0.3953532473356034
19.58326921679403,0.6702587284236137
19.58720476125078,0.31029376253677093
19.591140305707533,0.05089889364944886
19.59507585016428,0.20471765321741628
19.599011394621037,0.29339521933158086
19.602946939077786,0.3107615031626264
19.606882483534537,0.8051347348833156
19.61081802799129,1.2163295350578351
19.61475357244804,0.1904634958386328
19.61868911690479,1.9322695267519123
19.62262466136154,3.875460796841471
19.626560205818294,1.2933023962144838
19.630495750275045,0.8578505567676724
19.634431294731797,1.44531821615847
19.638366839188546,1.0220407357903007
19.642302383645298,0.698372965063098
19.64623792810205,0.6248538944885484
19.6501734725588,0.6216452489342447
19.65410901701555,0.863579125979923
19.658044561472305,0.2614260128173443
19.661980105929054,0.40358590664018157
19.66591565038581,0.3284224974535107
19.66985119484256,0.0931211394787283
19.673786739299302,0.4452275336204986
19.677722283756054,0.01200373759649017
19.68165782821281,0.5706429657953921
19.68559337266956,0.7311458056199907
19.689528917126317,0.7812932703963792
19.693464461583066,0.010505274432450522
19.69740000603981,2.0829950679420817
19.70133555049657,2.361161819251191
19.70527109495332,0.6496423971002543
19.70920663941007,0.32103716137927346
19.713142183866815,0.2405775029818782
19.71707772832357,0.6383562325511587
19.72101327278032,0.44644880570827666
19.724948817237077,0.44201266698419517
19.728884361693822,0.02207624622669476
19.73281990615057,0.24805543516054393
19.73675545060733,0.06961887789740437
19.74069099506408,0.301803933515149
19.74462653952083,0.12181804274296372
19.74856208397758,0.6049588383489742
19.75249762843433,1.1429319616835585
19.75643317289108,0.6933743990022067
19.760368717347838,1.1322957679296088
19.764304261804583,1.9373694457084911
19.76823980626133,2.4188594514037804
19.772175350718086,2.3120686965734634
19.77611089517484,0.8979108233372469
19.78004643963159,0.22570020462896553
19.783981984088346,1.2430476676129196
19.78791752854509,0.4282671562283079
19.79185307300184,0.28975039148586657
19.795788617458594,1.5373732911316895
19.799724161915343,1.9935826839390032
19.8036597063721,2.504157919614178
19.807595250828847,1.7168221637597079
19.8115307952856,0.7197849568322288
19.81546633974235,1.5101713784988982
19.819401884199102,1.005745886333985
19.82333742865585,0.31228858110160146
19.827272973112603,0.25987657773364575
19.831208517569355,0.07734093883245916
19.835144062026107,0.7494714190339734
19.83907960648286,0.5000483986102902
19.84301515093961,0.18554963081279457
19.84695069539636,0.2521846984902206
19.85088623985311,1.6870120644897735
19.854821784309863,1.5853972627642265
19.85875732876661,0.19026069258485642
19.862692873223367,0.3353584715585151
19.866628417680115,0.6152868856477594
19.870563962136867,1.1570883666367748
19.87449950659362,0.2897768432169781
19.87843505105037,0.2786221455532955
19.882370595507123,1.286348715408878
19.88630613996387,2.54006301547174
19.890241684420623,2.660750581970796
19.89417722887737,0.6716766437857347
19.898112773334127,0.0717030884746617
19.90204831779088,0.34431016266716175
19.905983862247627,0.191112869532742
19.90991940670438,2.731924089677532
19.91385495116113,6.148985918639122
19.917790495617883,2.784614144762031
19.921726040074635,1.3072944977589673
19.925661584531383,2.1215369915667073
19.92959712898813,0.35644033361568866
19.933532673444887,2.024123408612911
19.93746821790164,2.551547716819192
19.94140376235839,0.16197010093777756
19.94533930681514,0.6389948164311924
19.94927485127189,0.5140789075888453
19.953210395728643,0.00010543273903285999
19.957145940185395,0.018568185671098348
19.961081484642147,0.07306684043536349
19.96501702909889,0.07029054038195097
19.968952573555647,0.26113642829603845
19.9728881180124,0.9487019089850316
19.97682366246915,0.7198706889929866
19.980759206925903,0.4231542295242085
19.98469475138265,0.899187604939868
19.988630295839403,1.5111527542763192
19.992565840296155,0.7396983468135419
19.996501384752907,0.04786248894947811
20.00043692920966,0.09997601106864236
20.004372473666407,0.0564108547993895
20.00830801812316,0.05111643986813058
20.01224356257991,0.16452495918044477
20.016179107036663,0.15065765815676985
20.02011465149341,0.1236843090700033
20.024050195950164,1.0621174675827088
20.027985740406915,0.8829171845700515
20.031921284863667,0.7608299235309761
20.03585682932042,2.0926827562770756
20.03979237377717,1.0520240435141
20.04372791823392,0.1817389367126476
20.04766346269067,1.0193954347433671
20.051599007147423,0.8418251296255179
20.055534551604172,0.3316328108268681
20.059470096060927,0.23416052833413606
20.06340564051768,0.07334505626279252
20.067341184974428,0.23997458625596693
20.07127672943118,0.5590020988742094
20.07521227388793,0.34474527738100197
20.079147818344683,0.07127806176743567
20.083083362801432,0.20129532243648543
20.087018907258184,1.13312585278388
20.090954451714936,1.1982418588020314
20.094889996171688,0.19073144723303528
20.09882554062844,1.051826496530201
20.102761085085188,1.9136788347808604
20.10669662954194,0.7860637489296491
20.11063217399869,0.7791811364176332
20.114567718455444,0.4780282744949354
20.1185032629122,0.490134950903631
20.122438807368944,0.027211932833946677
20.126374351825696,1.172477245582606
20.130309896282448,1.4948431185202984
20.1342454407392,0.08967170761316573
20.13818098519595,1.6626279216762179
20.1421165296527,0.8367983098587657
20.14605207410945,0.1052873090352777
20.149987618566204,0.29283288254447415
20.15392316302296,0.8171228998046967
20.157858707479708,0.3064032264689117
20.161794251936456,1.1557895950259152
20.165729796393208,2.5303717232808216
20.16966534084996,1.576308021581281
20.173600885306712,1.0114237240914803
20.177536429763464,1.1412102070938648
20.18147197422021,1.5801390093536967
20.185407518676964,1.042293949841804
20.18934306313372,1.8236699167043933
20.193278607590468,3.0498581494451154
20.19721415204722,2.5087949197616677
20.20114969650397,2.6364770949767755
20.20508524096072,2.03683577475089
20.209020785417472,0.356312576176348
20.212956329874224,0.3205525624574857
20.216891874330976,1.7373879080596246
20.220827418787724,2.2542421576901437
20.22476296324448,2.3687959490638932
20.22869850770123,1.5629567602256207
20.23263405215798,0.6906679713041124
20.23656959661473,0.7442153134045093
20.24050514107148,1.4431795453815006
20.244440685528232,1.7079435626836668
20.248376229984984,2.795273056457869
20.252311774441736,4.473697898846329
20.256247318898488,2.832300447972699
20.26018286335524,1.1987277995704997
20.26411840781199,1.1049522208443086
20.26805395226874,1.0011375618524612
20.27198949672549,0.7701325280647557
20.275925041182244,0.6545242812739531
20.279860585638996,1.0740202354729702
20.283796130095745,0.7335988136525893
20.287731674552496,0.051324364854669055
20.29166721900925,0.2658206012684921
20.295602763466,1.1520316646870523
20.29953830792275,0.6425606896471114
20.3034738523795,0.14885159214316562
20.307409396836253,1.1242026008755879
20.311344941293004,0.530557058536154
20.315280485749756,0.032228699635461516
20.319216030206505,0.040033759540430924
20.323151574663257,0.031925290429289675
20.32708711912001,0.09893938423544088
20.33102266357676,0.084880035234559
20.33495820803351,0.7398583996256449
20.33889375249026,0.7355780896282372
20.342829296947013,0.1659657222351335
20.346764841403765,1.7087303119950095
20.35070038586052,1.705968372737191
20.354635930317265,0.7289848450207284
20.358571474774017,0.5266232609957555
20.36250701923077,2.8055213023007615
20.36644256368752,0.6831680085059432
20.370378108144276,2.1373137008343535
20.37431365260102,8.285646793460288
20.378249197057773,5.618985853246868
20.382184741514525,1.1460918844586425
20.38612028597128,0.7623369877280161
20.39005583042803,0.47831166906012657
20.393991374884777,0.021852636200498057
20.39792691934153,0.5566453577448548
20.40186246379828,0.7356389755618795
20.405798008255037,0.3224762101747911
20.409733552711785,0.1590855109217441
20.413669097168533,1.0972412505957394
20.417604641625285,1.246327559257061
20.42154018608204,0.3557849618157063
20.42547573053879,0.13763498235691118
20.42941127499554,1.6727717341900399
20.43334681945229,1.6874585601205412
20.43728236390904,0.12131595984159335
20.441217908365797,0.25400785560117706
20.445153452822545,0.12707354762378845
20.449088997279297,0.011372758573580388
20.453024541736045,0.12677238482820538
20.4569600861928,0.7379239849887181
20.46089563064955,0.5363556132480213
20.4648311751063,0.6113080961719531
20.468766719563053,1.4407312971171753
20.4727022640198,1.730147445177282
20.476637808476557,0.9533895855952563
20.480573352933305,0.3226460997414059
20.484508897390057,0.21616732601055158
20.48844444184681,0.32559265063617443
20.49237998630356,1.6961347190362264
20.49631553076031,2.293649413567453
20.50025107521706,1.8653509353715263
20.504186619673813,1.25315682959116
20.508122164130565,0.9551516231267605
20.512057708587317,0.4748847391771363
20.515993253044066,0.018333838257205456
20.519928797500818,0.24878985755978364
20.52386434195757,1.4419439907760925
20.52779988641432,2.7107182698945245
20.53173543087107,1.1742188561567735
20.53567097532782,1.0423852616909235
20.539606519784574,2.159540722971797
20.54354206424133,0.39899729852475163
20.54747760869808,0.7250775764719312
20.551413153154822,0.5018278010599222
20.555348697611574,0.09010994330075645
20.55928424206833,0.09531621428064449
20.56321978652508,0.2216437157392359
20.567155330981837,0.5286024305880908
20.571090875438585,1.240593043770237
20.57502641989533,0.5859220430039511
20.57896196435209,0.0812927054153082
20.58289750880884,0.41718627755514553
20.58683305326559,0.15605138853661238
20.590768597722334,0.287681171142236
20.59470414217909,0.9612832108177687
20.59863968663584,0.7143564597483721
20.602575231092597,0.5347726844723277
20.606510775549346,0.8402946354600487
20.61044632000609,0.40501611185706526
20.61438186446285,3.2992676764560347
20.6183174089196,4.176178077427916
20.62225295337635,0.4069032961903551
20.626188497833105,1.764198258920399
20.63012404228985,3.39887828598606
20.6340595867466,0.9308456408655466
20.637995131203358,0.48512383174422696
20.641930675660102,0.3194760152069031
20.645866220116854,0.011143977976876173
20.649801764573606,0.1153447286159861
20.65373730903036,0.5001172475516747
20.65767285348711,2.075490877026975
20.661608397943866,1.8134120176410864
20.66554394240061,0.11743533408582181
20.66947948685736,0.9769571714925976
20.673415031314114,0.2522288828139898
20.677350575770863,0.5826844220373539
20.681286120227615,0.6333939193230034
20.68522166468437,0.3040507381844327
20.68915720914112,2.639598540466782
20.69309275359787,2.693052549256849
20.697028298054622,0.20055116275244775
20.70096384251137,1.1560643727901312
20.70489938696813,1.006600380188925
20.708834931424875,0.0760327829942584
20.712770475881623,0.17176135186538577
20.71670602033838,0.6749540198853986
20.72064156479513,0.4206736821351587
20.72457710925188,0.5007035675861842
20.72851265370863,0.30059387893021833
20.732448198165383,1.0891765515016065
20.73638374262213,1.1823059642800924
20.740319287078886,0.7970633725859501
20.74425483153564,0.056515131434149206
20.748190375992387,0.49086891325728865
20.75212592044914,0.4286181967797819
20.75606146490589,0.010469533860766496
20.75999700936264,0.15241148036940336
20.763932553819394,1.4285740060026055
20.767868098276143,1.2962982768988427
20.77180364273289,0.028662985893466757
20.775739187189647,0.13037063322685788
20.7796747316464,0.4340308979390949
20.78361027610315,1.034920299203416
20.7875458205599,1.3912413540538324
20.79148136501665,1.3098323551301365
20.795416909473403,0.11810169238607467
20.799352453930155,0.4324518232133909
20.803287998386907,0.4415427269148108
20.80722354284365,0.2030654647442392
20.811159087300407,0.4916558523847189
20.81509463175716,0.6136200616153384
20.81903017621391,0.05929642407440717
20.822965720670663,0.7204162874805832
20.82690126512741,0.41706153593309825
20.830836809584163,1.5625428128184018
20.834772354040915,3.8470093116455586
20.838707898497667,1.9990081231095422
20.84264344295442,0.6190311811388621
20.846578987411167,0.09163136440516811
20.85051453186792,0.9404021828852598
20.85445007632467,0.9015291404036724
20.858385620781423,1.2117890373710625
20.86232116523817,6.37349367451654
20.866256709694923,3.4941437885950997
20.870192254151675,1.2864552359839445
20.874127798608427,2.0791054903465653
20.87806334306518,0.6919130831675997
20.881998887521927,0.2298531413347664
20.88593443197868,0.30353778033275164
20.88986997643543,0.5148915541682126
20.893805520892183,1.7576878170142056
20.89774106534893,0.47857701565454586
20.901676609805683,0.15713726886618792
20.905612154262435,0.05137711346628688
20.909547698719187,0.8705219087763605
20.91348324317594,0.9642218285661524
20.91741878763269,0.4945235986883699
20.92135433208944,0.7667476311756869
20.92528987654619,0.2659476646681185
20.929225421002943,0.8336205572374553
20.93316096545969,0.05396816888248677
20.937096509916447,0.2574182423706244
20.9410320543732,0.1571869352696561
20.944967598829948,0.5624345334847157
20.9489031432867,0.7184785901595329
20.95283868774345,3.140779702734179
20.956774232200203,0.9112240609994184
20.96070977665695,0.3398525168838604
20.964645321113704,0.5137073304716372
20.968580865570456,0.06566120609672514
20.972516410027207,0.14368183815215
20.97645195448396,0.26693553490670313
20.980387498940708,1.6214484363441541
20.98432304339746,2.7116038475384077
20.98825858785421,1.1149627994030198
20.992194132310964,0.0018434687125825217
20.996129676767715,0.1562578305724301
21.000065221224464,1.309817868628794
21.004000765681216,1.0626911750624606
21.007936310137968,0.34913663113724364
21.01187185459472,1.599674483679746
21.01580739905147,2.239676014948395
21.01974294350822,0.8351583677039587
21.02367848796497,2.8796889583361525
21.027614032421724,7.839290744781326
21.03154957687848,4.947345220519114
21.035485121335228,3.4230060740120694
21.039420665791976,2.6812505610129853
21.043356210248728,0.7708161596020228
21.04729175470548,0.06577321232643564
21.051227299162232,0.04959005764292364
21.055162843618984,0.2042125627522246
21.05909838807573,0.5399211436945737
21.063033932532484,0.4976986414062556
21.06696947698924,0.9398181801793232
21.070905021445988,3.5234369507973566
21.07484056590274,5.317842572912394
21.078776110359488,2.6678112698721552
21.08271165481624,1.0978437027826404
21.086647199272992,1.434199224348962
21.090582743729744,2.1425446339032344
21.094518288186496,2.1822948440187497
21.098453832643244,0.9186733446931892
21.1023893771,0.6035398648002195
21.106324921556748,0.9648075544846637
21.1102604660135,0.5930763534241644
21.11419601047025,0.023854762873518873
21.118131554927,0.41223863440725933
21.122067099383752,0.42875888092459297
21.126002643840504,0.803127163067179
21.129938188297256,1.4108600813639849
21.133873732754008,0.7416918814202055
21.13780927721076,1.1650645426631272
21.14174482166751,1.3048810627397542
21.14568036612426,1.1270848093781185
21.14961591058101,0.779321605217291
21.153551455037764,0.13479841942063397
21.157486999494516,0.08031931828692324
21.161422543951264,0.6393266845486165
21.165358088408016,0.4734247169011773
21.16929363286477,0.055840149735981295
21.17322917732152,1.0396929969715578
21.17716472177827,0.8636475281073538
21.18110026623502,0.0332254768049296
21.18503581069177,0.2714630249180059
21.188971355148524,0.12006235435790348
21.19290689960528,0.7373901944723907
21.196842444062025,2.3822332329706666
21.200777988518777,2.5432752491774195
21.20471353297553,1.169396804919898
21.20864907743228,0.04283882438185871
21.212584621889032,0.8726695274243127
21.21652016634578,1.869125526643618
21.220455710802533,1.1312961747285655
21.224391255259285,0.6602034700143459
21.22832679971604,0.3552569585294139
21.23226234417279,0.40635058657808576
21.236197888629537,1.1996667854007423
21.24013343308629,0.6478308472008526
21.24406897754304,0.2630922272783185
21.248004521999796,1.2889028632089048
21.251940066456545,1.4444603440498964
21.255875610913293,0.597605812854293
21.259811155370045,0.1881295866055039
21.2637466998268,0.34283016645699027
21.26768224428355,0.15054528702434386
21.2716177887403,0.2543679410300916
21.27555333319705,0.7733681591628901
21.2794888776538,0.5414359366729433
21.283424422110556,0.10415723232870401
21.287359966567305,0.31202216899824153
21.291295511024057,0.49407727244304434
21.295231055480805,0.10405424144361554
21.29916659993756,0.17901982562918597
21.30310214439431,0.46425584480755544
21.30703768885106,0.3365302465808824
21.310973233307813,0.32987906293609603
21.31490877776456,0.49710953535728525
21.318844322221317,0.9017058717460249
21.322779866678065,2.1340705260690696
21.326715411134817,1.5459537291607532
21.33065095559157,0.07835699900434309
21.33458650004832,0.11411135615304069
21.33852204450507,0.8923416154222163
21.34245758896182,2.388356880385911
21.346393133418573,0.6005650118548486
21.350328677875325,0.7512760736254284
21.354264222332077,2.521459525116331
21.358199766788825,0.5792276768611682
21.362135311245577,0.28464486339554185
21.36607085570233,0.3356676505877606
21.37000640015908,0.13617111142231
21.37394194461583,0.07841844731734128
21.37787748907258,1.4276383934475416
21.381813033529333,1.864707700078313
21.385748577986085,0.07691125877245689
21.38968412244284,2.1464340306106964
21.393619666899585,0.5813673476572161
21.397555211356337,1.5484826276508497
21.40149075581309,3.8784433758312704
21.40542630026984,0.9481678250490164
21.40936184472659,1.7817823215496305
21.41329738918334,3.0840433321539087
21.417232933640094,0.6113091014989032
21.421168478096845,0.27326781487761603
21.4251040225536,0.09979289330128296
21.429039567010346,0.44181584820009767
21.432975111467098,0.9401888366611284
21.43691065592385,0.15553541537068585
21.4408462003806,0.07944294188835482
21.444781744837357,0.023916462024520184
21.448717289294105,0.01886334109263082
21.452652833750854,0.6038367042317532
21.45658837820761,2.0103131291869474
21.46052392266436,0.9362641794400292
21.46445946712111,1.121254176481626
21.468395011577854,3.458222097404192
21.47233055603461,1.8557089912374751
21.47626610049136,0.08200545535843458
21.480201644948117,1.457669821705277
21.484137189404866,2.714888684206022
21.48807273386161,0.8298993937333994
21.49200827831837,1.0040011991697293
21.49594382277512,0.7049366429838828
21.49987936723187,0.19084159859214286
21.50381491168862,0.05348963374201904
21.50775045614537,0.5782922912873449
21.51168600060212,1.0256498791051245
21.515621545058877,0.00425882301470959
21.519557089515622,0.8756418923463207
21.523492633972378,1.158475962630931
21.52742817842913,0.31933631507557003
21.53136372288588,0.2599889123205939
21.53529926734263,0.35753360293405045
21.539234811799385,0.37194222766866164
21.54317035625613,1.3976073373754672
21.54710590071288,2.4836754489524178
21.551041445169638,2.2873570119001405
21.554976989626383,0.563176096174052
21.558912534083134,0.39772719380295296
21.56284807853989,1.0470318437063277
21.56678362299664,1.7615696740642421
21.57071916745339,2.2248277247954853
21.574654711910146,1.3010793003719905
21.57859025636689,0.4446089770314993
21.58252580082365,0.26728908842326377
21.586461345280394,0.17910880935383974
21.590396889737143,0.08785660121677669
21.5943324341939,0.07602878264110649
21.59826797865065,0.14761325954936347
21.6022035231074,0.968716987471358
21.60613906756415,0.37180083943587955
21.610074612020902,0.24415398108778094
21.61401015647765,0.471776755444725
21.617945700934406,0.043846130061647545
21.62188124539116,0.09741456142068314
21.625816789847907,0.014620948964663073
21.62975233430466,0.10488359528361747
21.63368787876141,0.009049502209567024
21.63762342321816,0.10924274538561296
21.641558967674914,0.018233944793219804
21.645494512131663,0.09584218732792255
21.64943005658841,0.5265155475075323
21.653365601045166,0.5347080723844588
21.65730114550192,0.7818746912729531
21.66123668995867,1.9708267853854533
21.66517223441542,0.32670676744719357
21.66910777887217,1.0040987061458035
21.673043323328923,0.848171644819198
21.676978867785675,0.524942724179075
21.680914412242423,1.9252970800377334
21.68484995669917,1.8128198619104268
21.688785501155927,1.2352974289432122
21.69272104561268,0.6631317440561183
21.69665659006943,0.6693250418879848
21.700592134526183,2.052060059795064
21.70452767898293,2.487007136500401
21.708463223439683,0.5788468362919201
21.712398767896435,0.1695851237701753
21.716334312353187,0.08029543799389251
21.72026985680994,0.8085414590909339
21.724205401266687,0.7802499094571935
21.72814094572344,1.21903483097337
21.73207649018019,3.8168945092118727
21.736012034636943,4.575217520001782
21.73994757909369,1.1522704603798228
21.743883123550443,1.1987662135571642
21.747818668007195,2.920292859175693
21.751754212463947,0.17491374623264677
21.7556897569207,0.825571225892666
21.75962530137745,0.3778618216442648
21.7635608458342,1.3585926240535395
21.76749639029095,1.3699362913157127
21.771431934747703,0.41470578475208625
21.77536747920445,0.46491937281508
21.779303023661207,0.09554354689054236
21.783238568117955,0.21790835097459912
21.787174112574707,0.1137718125428235
21.79110965703146,0.17622805005476705
21.79504520148821,0.6848789651933871
21.798980745944963,0.3829638024029318
21.80291629040171,0.9752222210648206
21.806851834858463,3.208962308967306
21.81078737931521,1.8763979508605395
21.814722923771967,1.7071709189641113
21.81865846822872,0.3076933969923014
21.822594012685467,0.5089741041896747
21.82652955714222,0.35380844809270084
21.83046510159897,0.33792878327875364
21.834400646055723,0.08938264488315041
21.838336190512475,0.5997985419014884
21.842271734969223,1.0901907040945815
21.846207279425972,0.08441194220624418
21.850142823882727,1.4423303523629094
21.85407836833948,1.2961057874579685
21.85801391279623,0.1552707075672553
21.86194945725298,1.0785079258999677
21.86588500170973,0.40950160594034135
21.869820546166483,0.23755331066774876
21.873756090623235,0.3708529569087164
21.877691635079987,0.39432800854586786
21.881627179536736,0.20099754019443905
21.885562723993488,0.2295235253661266
21.88949826845024,0.2737596154243167
21.89343381290699,0.04233651651454865
21.897369357363743,0.10446436295052863
21.90130490182049,0.9668844032773375
21.905240446277244,1.9910833942830042
21.909175990734,2.019947586307296
21.913111535190748,0.5158831298579215
21.9170470796475,0.6794195567856386
21.920982624104248,0.9185666660987301
21.924918168561,0.4591302278913769
21.92885371301775,0.9161693298991745
21.932789257474504,0.20633234160703243
21.936724801931256,0.9133787649861862
21.940660346388004,0.2423059340710212
21.94459589084476,1.0263948733415047
21.948531435301508,3.077915383230446
21.95246697975826,1.984211730885336
21.95640252421501,0.265188063787593
21.96033806867176,0.21364068899973682
21.964273613128512,0.4712619750635012
21.968209157585264,0.285780443365237
21.972144702042016,0.44572630736284274
21.976080246498764,0.1953088438313747
21.98001579095552,0.0417789561365995
21.983951335412268,0.3300487090079816
21.98788687986902,0.5986033147219609
21.99182242432577,1.4420801111454
21.99575796878252,2.273247199202175
21.999693513239272,0.7429053970934377
22.003629057696024,0.25914150553070603
22.007564602152776,0.979873359390637
22.011500146609528,0.4687277450600435
22.01543569106628,0.1499048442158303
22.019371235523028,0.12004866082780706
22.02330677997978,0.7771357291597358
22.02724232443653,0.38760533230521765
22.031177868893284,0.2460356299548246
22.035113413350032,0.6978429654627374
22.039048957806784,0.1475077222643285
22.042984502263536,0.5490866568767783
22.046920046720288,0.4267092749006939
22.05085559117704,0.6225504163728619
22.05479113563379,0.49640345808058295
22.05872668009054,0.15824977744799232
22.06266222454729,1.802348067218501
22.066597769004044,1.9439463675208606
22.0705333134608,0.9667722778357676
22.074468857917545,0.27306702523774257
22.078404402374296,0.0134837714752688
22.08233994683105,0.3994160249493864
22.0862754912878,0.8960693961817663
22.090211035744552,0.8609515466501478
22.0941465802013,0.7356428540496625
22.098082124658053,0.25160003845756856
22.102017669114804,1.039783458952974
22.10595321357156,3.0779314876783146
22.10988875802831,1.9296215776877392
22.113824302485057,0.023671729494997164
22.11775984694181,0.49601279830786993
22.12169539139856,0.05458572110219567
22.125630935855312,0.43876620436980096
22.129566480312064,0.2659066427730169
22.133502024768813,0.005482347507500197
22.137437569225565,0.47544090092922475
22.14137311368232,1.0740222427494166
22.14530865813907,0.5507748968475662
22.14924420259582,0.7213813836417671
22.15317974705257,0.5615376062396287
22.15711529150932,0.2264075044596426
22.161050835966076,0.0704915871304227
22.164986380422825,0.25280462584145214
22.168921924879577,0.08246420716731975
22.172857469336325,0.09307711146329813
22.17679301379308,0.22042600708821056
22.18072855824983,0.057059486271012455
22.18466410270658,0.015265056798386351
22.188599647163333,0.012210513686439285
22.19253519162008,0.043780251341331844
22.196470736076837,0.20054492034326346
22.200406280533585,0.365309112364849
22.204341824990337,0.9332937095439059
22.20827736944709,2.8780539226856576
22.21221291390384,6.104624340937958
22.21614845836059,4.025703688120018
22.22008400281734,0.2296141630746497
22.224019547274093,0.44823442741927716
22.227955091730845,0.5512289867490702
22.231890636187597,0.12535355291379152
22.235826180644345,0.07933201859336995
22.239761725101097,0.5392359850818028
22.24369726955785,0.3632178641168341
22.2476328140146,0.033504027465729946
22.25156835847135,0.45949299543939903
22.2555039029281,0.6409502616408194
22.259439447384853,2.03501789916352
22.263374991841605,2.5043907260704734
22.26731053629836,2.413533168933105
22.271246080755105,1.680922812361741
22.275181625211857,0.19100851370901215
22.27911716966861,0.22547098480054095
22.28305271412536,0.7322482036340383
22.286988258582117,1.3073014198009176
22.29092380303886,2.232198265770379
22.294859347495613,1.2980619096638941
22.298794891952365,0.27565384458479014
22.30273043640912,0.43476373731402657
22.30666598086587,1.1687673377303562
22.310601525322618,0.4060943872886848
22.31453706977937,0.33385755937674155
22.31847261423612,1.1490167368687567
22.322408158692877,0.5407243861232028
22.326343703149625,0.7198618002014925
22.330279247606374,0.39212097374136595
22.33421479206313,0.5154937134970153
22.33815033651988,0.33949467153514584
22.34208588097663,0.9281504357279161
22.34602142543338,1.313341262302185
22.34995696989013,1.2910318649800248
22.35389251434688,0.7250087450939977
22.357828058803637,0.3748524250625109
22.361763603260385,0.8137531362132027
22.365699147717137,1.4560955994581273
22.36963469217389,2.7024756703663106
22.37357023663064,0.9874123466554032
22.37750578108739,1.094634299083584
22.38144132554414,3.441193934405735
22.385376870000893,1.595449250884167
22.38931241445764,0.345224284716863
22.393247958914397,1.8288802442301473
22.397183503371146,0.9758638849099059
22.401119047827898,0.8388232422760888
22.40505459228465,2.696941333606946
22.4089901367414,2.011637041208823
22.41292568119815,0.5741646144146888
22.416861225654905,0.2639774536469457
22.420796770111654,0.6295810403336117
22.42473231456841,1.2525431334621155
22.428667859025158,1.3243871382997545
22.432603403481902,2.2628948743803035
22.436538947938654,2.8046213812842167
22.44047449239541,1.6117124330963217
22.44441003685216,0.4037388939440654
22.44834558130891,0.5577697249863189
22.452281125765666,2.5227491146941254
22.45621667022241,1.4023096563141584
22.46015221467917,0.9252042225856522
22.46408775913592,1.6107010192619942
22.468023303592663,1.1473691761825862
22.471958848049415,1.7560742892170882
22.47589439250617,3.6464201837114496
22.47982993696292,3.2168643019793484
22.483765481419677,0.2020070063264026
22.487701025876422,1.121717034063789
22.49163657033317,1.5480871234759896
22.49557211478993,0.5156934286000586
22.49950765924668,0.1203120352210053
22.50344320370343,0.36755498197650915
22.50737874816018,1.0193083545256139
22.51131429261693,2.766694239516685
22.51524983707368,0.6268233376316306
22.519185381530438,2.7447053493220617
22.523120925987183,5.202729836705298
22.52705647044393,3.0482073218770336
22.530992014900686,2.3058791631628393
22.53492755935744,1.4062458594065603
22.53886310381419,1.7821550630824905
22.54279864827094,0.4306584967289662
22.54673419272769,1.2895599130460476
22.55066973718444,0.7600996400392876
22.554605281641194,0.781867647841458
22.558540826097943,0.8311314088305224
22.56247637055469,0.8988912209349119
22.566411915011447,0.6879582329850937
22.5703474594682,0.6278396671927993
22.57428300392495,1.2062760402072503
22.578218548381702,1.6391063858138377
22.58215409283845,0.8252172587403507
22.586089637295203,0.7069710076859649
22.590025181751955,2.6681983344823315
22.593960726208707,2.2825829020244446
22.59789627066546,0.05433477626596777
22.601831815122207,1.3307269816650016
22.60576735957896,1.0400400762005448
22.60970290403571,0.338891733723065
22.613638448492463,0.21538452703340213
22.61757399294921,0.1912403598487355
22.621509537405963,0.9689480258224576
22.625445081862715,0.9382899329498336
22.629380626319467,0.3246614534731548
22.63331617077622,0.7976336814569668
22.63725171523297,1.2914332970591602
22.64118725968972,0.1425543293626215
22.64512280414647,0.8135204311479826
22.649058348603223,2.5110437512964054
22.65299389305997,1.2372078550425418
22.656929437516727,0.0011365084854796316
22.660864981973475,0.47795936657510196
22.664800526430227,0.8732358645214559
22.66873607088698,0.8926089894220546
22.67267161534373,0.38644767663016977
22.676607159800483,0.12870823310419335
22.68054270425723,0.20851203547588126
22.684478248713983,1.2915897340658589
22.68841379317073,2.7088367633016133
22.692349337627487,1.386269524182749
22.69628488208424,0.8005460544012032
22.700220426540987,1.1013341609276288
22.70415597099774,0.15387840358825047
22.70809151545449,0.07219619798882304
22.712027059911243,0.08370485562310044
22.715962604367995,0.7579405681815602
22.719898148824743,0.810150415222165
22.72383369328149,0.652338281102884
22.727769237738247,0.9189904460564019
22.731704782195,0.8405707040495161
22.73564032665175,0.26262790112971013
22.7395758711085,0.9611881513146552
22.74351141556525,1.841260955685303
22.747446960022003,0.7417817034602048
22.751382504478755,0.5397446133693773
22.755318048935507,1.7991911497375697
22.759253593392256,0.5385470781479005
22.763189137849007,0.790339171683264
22.76712468230576,2.7099377704358574
22.77106022676251,2.0782826093371667
22.774995771219263,0.7676431306787181
22.77893131567601,0.8806099828210299
22.782866860132764,0.9409412070287397
22.786802404589515,0.1638111404948818
22.790737949046267,0.24187629621290568
22.79467349350302,0.39735259999759154
22.798609037959768,0.011246093318078399
22.80254458241652,0.21115629240564307
22.80648012687327,0.1535671421985858
22.810415671330023,0.5156930731205447
22.814351215786772,1.3239607098942294
22.818286760243524,1.7242109882623955
22.82222230470028,1.725296229382961
22.826157849157028,1.0087022717898249
22.83009339361378,0.45423323431189033
22.83402893807053,0.1033428220265166
22.83796448252728,0.5625465752659254
22.84190002698403,0.08791900352914858
22.845835571440784,0.19642019089011492
22.849771115897536,0.6784752301112537
22.853706660354288,4.418190559770537
22.85764220481104,4.439116021706739
22.861577749267788,0.27007987590903176
22.86551329372454,1.6872937425977101
22.86944883818129,1.2834881015932367
22.873384382638044,0.22225419899839569
22.877319927094792,0.18502587854728256
22.881255471551544,0.17077500078625343
22.885191016008296,0.6853431565513314
22.889126560465048,1.5708744669328945
22.8930621049218,0.8050930469437678
22.896997649378548,0.5803894193862074
22.9009331938353,1.64747470910337
22.90486873829205,2.255541575363079
22.908804282748804,1.6529157236593597
22.91273982720556,0.1393695347658995
22.916675371662304,0.16750983240498607
22.920610916119056,0.2705979273667926
22.924546460575808,0.5534110062657643
22.92848200503256,0.7099387249542821
22.932417549489312,0.734306588458887
22.93635309394606,1.0410987758541543
22.94028863840281,1.2176105126125496
22.944224182859564,0.7052306099023836
22.94815972731632,1.1739537346441187
22.952095271773068,0.7769498795138234
22.956030816229816,0.31417780761982633
22.95996636068657,0.35633027626487296
22.96390190514332,0.5200496996193716
22.967837449600072,0.4353868865339855
22.971772994056824,2.585648266061884
22.97570853851357,2.266526110424535
22.979644082970324,0.1098836938510248
22.98357962742708,1.518243637870916
22.987515171883828,0.677377506601003
22.99145071634058,0.20738159197104183
22.99538626079733,0.6105774016758853
22.99932180525408,0.590041785952806
23.003257349710832,0.46310888289931235
23.007192894167584,0.36406070842650895
23.011128438624336,3.2122035502490007
23.015063983081085,3.649268726279395
23.01899952753784,0.6709304559493142
23.02293507199459,0.16470390372942947
23.02687061645134,2.746280989922704
23.03080616090809,4.179379954421063
23.03474170536484,1.0319457285702527
23.038677249821596,0.8051558386308318
23.042612794278345,0.12803111222625416
23.046548338735096,0.8875505496563802
23.05048388319185,0.7179176639587117
23.0544194276486,0.5828204328451599
23.05835497210535,0.9037540281550244
23.0622905165621,0.4166393966015875
23.066226061018853,0.5160717448459822
23.070161605475604,0.3418487009973925
23.074097149932356,0.07675373311020522
23.078032694389105,1.1331672020662698
23.081968238845857,1.1996462874527294
23.08590378330261,0.29949771187749674
23.08983932775936,0.38183203383629977
23.09377487221611,1.2309464185525143
23.09771041667286,0.1837659023243434
23.101645961129613,0.1553161111779203
23.105581505586365,0.08813624414329438
23.109517050043117,0.47502060390178613
23.113452594499865,1.5159930393199184
23.117388138956617,1.6721047447518784
23.12132368341337,0.0411259411639613
23.12525922787012,3.0010286284983057
23.12919477232687,1.341265379459611
23.13313031678362,0.9683895734669252
23.137065861240373,3.2921624280898865
23.141001405697125,2.3134304227120412
23.14493695015388,0.3478430587278782
23.148872494610625,2.897245391032023
23.152808039067377,4.653770494011054
23.15674358352413,2.5758217458682555
23.16067912798088,1.0469143498130604
23.164614672437637,3.2220105313843788
23.16855021689438,7.259053648414817
23.172485761351133,4.025840091444614
23.176421305807885,2.137014441917958
23.18035685026464,0.16030149367572735
23.18429239472139,1.1437432835650259
23.188227939178137,2.438860123023531
23.19216348363489,4.8994327876810555
23.19609902809164,0.8455994745770312
23.200034572548397,2.079479300698496
23.203970117005145,2.1394494745023502
23.207905661461893,0.5881198867714739
23.211841205918645,2.6444793827121105
23.2157767503754,0.05113402145544929
23.21971229483215,2.0373331794272103
23.2236478392889,0.7662628017362106
23.22758338374565,0.5756807535105782
23.2315189282024,1.230248600076433
23.235454472659157,0.018035137450783684
23.239390017115905,0.341648968135577
23.243325561572657,0.12433503900690615
23.24726110602941,0.12205744297450659
23.25119665048616,0.08651092690288577
23.25513219494291,0.07220120049085507
23.25906773939966,0.4019216551806434
23.263003283856413,0.6438612841872348
23.26693882831316,0.08772615743703671
23.270874372769917,0.11192155580392836
23.274809917226666,0.04961794828032706
23.278745461683418,0.1388001443663619
23.28268100614017,0.18072999125707861
23.28661655059692,0.6590506125811978
23.29055209505367,1.1463319005600452
23.29448763951042,0.4799409647135752
23.298423183967174,0.24577779882733775
23.30235872842393,0.10352447649146353
23.306294272880677,0.9900693540755403
23.310229817337422,1.8027389000322904
23.314165361794178,0.6032285732729183
23.31810090625093,0.7414149729874485
23.32203645070768,6.084239803697434
23.32597199516443,7.1757798700125415
23.329907539621185,3.0662269035686256
23.33384308407793,1.177341078407937
23.33777862853469,0.6378604656317293
23.34171417299144,0.6994995310539986
23.345649717448183,1.1332202627040138
23.349585261904934,0.49433118562375006
23.35352080636169,0.25584636147327744
23.35745635081844,0.5899837698313883
23.361391895275197,0.7459871484111517
23.365327439731946,0.7926413739390692
23.36926298418869,0.39344168918583305
23.37319852864545,1.4518509511107307
23.3771340731022,2.2267586861227646
23.38106961755895,1.4589590925515303
23.3850051620157,3.4611973674687087
23.38894070647245,3.1117851980828766
23.3928762509292,0.295406538573468
23.396811795385958,1.471684412280739
23.400747339842702,1.5698933975391633
23.40468288429945,0.4721023386276738
23.408618428756206,0.6030421178172446
23.41255397321296,0.13998813123395457
23.41648951766971,0.578054304125685
23.420425062126466,3.0466723614894264
23.42436060658321,3.275151352062428
23.42829615103996,0.6766167055390211
23.432231695496714,0.022987967205748087
23.436167239953463,0.1991773127919072
23.440102784410215,0.30359507721036366
23.444038328866966,0.4443778154999982
23.44797387332372,1.6922412565398846
23.45190941778047,1.1849801517514913
23.455844962237222,0.056153766291764766
23.45978050669397,0.27887972488151425
23.463716051150723,0.2824909198032752
23.467651595607474,0.29671166457863263
23.471587140064223,2.8563110296848455
23.47552268452098,1.9166098097226132
23.47945822897773,0.08032013994891238
23.48339377343448,1.439341159525588
23.48732931789123,0.40625567741985663
23.491264862347983,1.4074891154537443
23.49520040680473,1.353946195187533
23.499135951261486,0.2910110765759619
23.503071495718235,0.15942681831978486
23.507007040174987,0.5161979756534569
23.51094258463174,0.7933168359010799
23.51487812908849,1.0792064400788415
23.51881367354524,0.8865989353541447
23.52274921800199,0.34232676725620653
23.526684762458743,0.02693962925868628
23.53062030691549,0.05989635625419758
23.534555851372247,0.1269794872565799
23.538491395829,0.6293972016387659
23.542426940285747,1.8999069003452338
23.5463624847425,1.461018978791826
23.55029802919925,0.5493295245157965
23.554233573656003,0.5329180009798752
23.558169118112755,0.31350509100407387
23.562104662569503,3.5967959535366907
23.56604020702625,4.219865953756263
23.569975751483007,1.0061440719485373
23.57391129593976,0.11523642609705576
23.57784684039651,0.1787443671017504
23.58178238485326,0.9561437812663465
23.58571792931001,2.234521432079021
23.589653473766763,1.9541533053481086
23.593589018223515,0.6911328195825228
23.597524562680267,0.4050207290611748
23.60146010713701,0.2018703818274484
23.605395651593767,0.007033928539781721
23.60933119605052,0.10586684204391954
23.61326674050727,0.473303653548841
23.617202284964023,0.3859895887905187
23.62113782942077,0.20708908641699278
23.625073373877523,0.17198598466984355
23.629008918334275,0.002697065317759101
23.632944462791027,0.07125338998022089
23.636880007247772,0.23853682938176862
23.640815551704527,0.7865476743528096
23.64475109616128,1.043133954663108
23.64868664061803,0.4554710396961145
23.652622185074783,0.0295855037479909
23.65655772953153,0.015006505895155042
23.660493273988283,0.21397925596979175
23.664428818445035,0.5816302336927249
23.668364362901787,0.7402155671777892
23.67229990735854,0.7017374635125896
23.676235451815288,0.9111354743083084
23.68017099627204,0.6249337878964332
23.68410654072879,0.025273511695307414
23.688042085185543,0.07621129665459928
23.69197762964229,0.3929468676955968
23.695913174099044,1.051875592902596
23.6998487185558,0.20931956123062073
23.703784263012547,0.44443530179173973
23.7077198074693,0.5803601353663472
23.71165535192605,1.1321524760265602
23.7155908963828,3.485597119694321
23.71952644083955,2.4660235304951557
23.723461985296304,0.8096264992327162
23.727397529753052,0.4503724321477116
23.731333074209807,0.17539066491477592
23.73526861866656,0.13416625455705267
23.739204163123308,1.3015592393811168
23.74313970758006,3.7239876873630475
23.74707525203681,2.4933240387760582
23.751010796493564,0.5606506018562403
23.754946340950312,0.3134046980174401
23.758881885407064,1.3157337642463145
23.762817429863816,1.5391169683162256
23.766752974320568,0.26028778387630186
23.77068851877732,1.919599377094756
23.774624063234068,0.16139744733971334
23.77855960769082,2.5232366127961003
23.78249515214757,4.123748910879932
23.786430696604324,1.0836618421547932
23.79036624106108,1.9217690961920424
23.794301785517824,1.8648175183252522
23.798237329974576,0.26341246050703304
23.802172874431328,0.47970959864996665
23.80610841888808,0.31443734360009834
23.81004396334483,0.6262148645228641
23.81397950780158,2.121086355662894
23.81791505225833,1.0148263523641978
23.821850596715084,0.10027446651540355
23.82578614117184,1.1499754981228703
23.829721685628588,1.7957133772753948
23.833657230085336,0.7433233118799737
23.837592774542088,0.028626555380462534
23.84152831899884,0.21283716261213304
23.845463863455592,0.6665559432159414
23.849399407912344,0.30153487837566134
23.85333495236909,0.08650713806724375
23.857270496825844,0.04324953356816782
23.8612060412826,0.146442788420947
23.865141585739348,0.39737047993542807
23.8690771301961,0.1111894497964109
23.87301267465285,0.32210018833169984
23.8769482191096,0.5050405886805175
23.880883763566352,1.2802989844276
23.884819308023104,0.48410800972794266
23.888754852479856,0.40648141213685024
23.892690396936604,0.6506359658611869
23.89662594139336,0.06635243517918894
23.90056148585011,1.0671556175348247
23.90449703030686,1.4838991482959083
23.90843257476361,1.9283153704964304
23.91236811922036,1.7300405409935462
23.916303663677112,1.1545473525553696
23.920239208133864,1.7796981850542943
23.924174752590616,0.8429153899425216
23.92811029704737,0.8705075242544633
23.93204584150412,2.255118628455618
23.93598138596087,0.35042771405455286
23.93991693041762,0.5562692319296387
23.94385247487437,1.940974653529544
23.947788019331124,2.785985032458633
23.951723563787876,2.401351457557735
23.955659108244625,1.1940966349718982
23.959594652701377,0.3865752029971182
23.96353019715813,0.8852408248195379
23.96746574161488,1.3113874527778921
23.97140128607163,0.3782826254240609
23.97533683052838,0.059646432388631876
23.979272374985133,0.3282751634818941
23.983207919441885,0.026297124355942236
23.98714346389864,0.7203099843478703
23.991079008355385,1.6236093785166745
23.995014552812137,0.33069479816577824
23.99895009726889,0.3294213210310359
24.00288564172564,0.7612192027528676
24.006821186182396,0.15926821538201502
24.01075673063914,0.056252982386762546
24.014692275095893,0.2212898877052494
24.018627819552645,0.06307952034721045
24.0225633640094,0.17708414129252367
24.02649890846615,0.36271928424252914
24.030434452922897,0.007289313060849303
24.03436999737965,0.20111094609965285
24.0383055418364,0.018032659086747223
24.042241086293156,0.39683284959884946
24.046176630749905,0.2897611941419372
24.050112175206653,0.4561693920190016
24.054047719663405,0.3918071712836038
24.05798326412016,0.03584665045385326
24.06191880857691,0.06365959415203813
24.06585435303366,0.15859660886585256
24.06978989749041,0.6169685883875056
24.07372544194716,1.1581893143132322
24.077660986403917,0.6530848695486363
24.081596530860665,0.15928228910496642
24.085532075317417,0.2882616932617403
24.089467619774165,0.23417199793328627
24.09340316423092,0.16491154146509168
24.09733870868767,0.04666770969065937
24.10127425314442,0.025527410437325447
24.105209797601173,0.6366600792608424
24.10914534205792,1.7173675739367518
24.113080886514677,1.593020690093169
24.117016430971425,1.1512212587903672
24.120951975428177,1.0942626639401654
24.12488751988493,0.994176660463903
24.12882306434168,0.9152786849340581
24.13275860879843,0.39917539409269137
24.13669415325518,0.05057180082784529
24.140629697711933,1.705708102096321
24.144565242168685,3.101810193513243
24.148500786625437,1.9203010160234861
24.152436331082185,0.7538894018399273
24.156371875538937,0.5586178908542193
24.16030741999569,0.5094377778772521
24.16424296445244,0.19664664633321205
24.16817850890919,0.08042241508288842
24.17211405336594,0.6918373012460524
24.176049597822693,2.313624564365571
24.179985142279445,0.7213694514897596
24.183920686736197,1.6724091602074282
24.187856231192946,3.0529827862317993
24.191791775649698,0.6662636768498152
24.19572732010645,0.5898693714425904
24.1996628645632,1.545317192178259
24.20359840901995,1.4834860299587773
24.207533953476705,0.9468140848298809
24.211469497933454,0.6146823148772124
24.21540504239021,0.3647297220008248
24.21934058684696,0.34990773365766387
24.223276131303702,0.7574806211393191
24.227211675760454,0.9334209088473585
24.23114722021721,0.528356414359156
24.23508276467396,1.4022335040244704
24.239018309130717,1.894525179171295
24.242953853587466,0.6537234860400706
24.24688939804421,0.15460073453710194
24.25082494250097,0.0948871144992183
24.25476048695772,0.3368873155473992
24.25869603141447,1.555131242502517
24.262631575871215,1.8725093248995563
24.26656712032797,0.8964368312237976
24.27050266478472,0.19726768657463276
24.274438209241477,0.1662133883311881
24.278373753698222,1.1063547345961373
24.28230929815497,0.8944415931351057
24.28624484261173,0.029656429893114445
24.29018038706848,0.442886939954737
24.29411593152523,0.3454458289063452
24.298051475981985,1.1813268874856233
24.30198702043873,2.687968922894179
24.30592256489548,1.8029316461961389
24.309858109352238,0.5893311041600418
24.313793653808982,0.32807038425112633
24.317729198265734,0.6329933444988374
24.321664742722486,2.2187208044583047
24.32560028717924,3.1872959228677784
24.32953583163599,1.0153005522877077
24.333471376092746,0.08897253316353165
24.33740692054949,0.7368502349445955
24.34134246500624,0.5640259332416412
24.345278009462994,0.43917212181693627
24.349213553919743,0.5458808679171815
24.353149098376495,0.6869642559087845
24.35708464283325,1.4070366165678072
24.36102018729,2.707958464885068
24.36495573174675,2.0122812451552137
24.368891276203502,0.2270313328895717
24.37282682066025,0.3794012364482939
24.376762365117006,0.45253456674810083
24.380697909573755,0.04319700521635351
24.384633454030507,0.590877722192402
24.38856899848726,0.9542292207124744
24.39250454294401,0.8359285310169075
24.39644008740076,0.5101130889418007
24.40037563185751,0.21879720293279165
24.404311176314263,0.9789472283446639
24.40824672077101,1.6976726010413035
24.412182265227766,0.7473130310072637
24.41611780968452,0.23405498060882185
24.420053354141267,0.4478195484239762
24.42398889859802,0.1679420215310084
24.42792444305477,0.00627505774780183
24.431859987511523,0.003329081005046148
24.435795531968274,0.16901043311551056
24.439731076425023,0.7668880377549006
24.44366662088177,0.8574197351486151
24.447602165338527,1.2798894293169158
24.45153770979528,2.962351962814122
24.45547325425203,1.330498148683382
24.45940879870878,0.49434255376617675
24.46334434316553,3.911411747464204
24.467279887622283,1.6548899757809457
24.471215432079035,0.2403783623900682
24.475150976535787,1.4064012925461116
24.47908652099253,0.1440950495666063
24.483022065449287,0.33911163440953473
24.48695760990604,0.2915736264508874
24.49089315436279,0.2404406301410934
24.494828698819543,0.19220309732375065
24.49876424327629,0.1260198033734836
24.502699787733043,0.3534285235408989
24.506635332189795,0.3236557631917152
24.510570876646547,0.03055961461937103
24.5145064211033,0.12862210732093954
24.518441965560047,0.3674267537616843
24.5223775100168,0.6604207557467648
24.52631305447355,1.4355397137575878
24.530248598930303,2.5519658714857454
24.53418414338705,1.9867517993524224
24.538119687843803,0.16800476346658824
24.542055232300555,0.4145301108898619
24.545990776757307,0.7132883329754998
24.54992632121406,0.10055749954549334
24.55386186567081,0.013505855957757221
24.55779741012756,0.014571298663464438
24.56173295458431,0.1949479382590868
24.565668499041063,0.1621392253289343
24.56960404349781,0.06214632849973283
24.573539587954567,1.1503004756694999
24.577475132411315,2.421010041224804
24.581410676868067,0.8045218644942336
24.58534622132482,0.29540913940914076
24.58928176578157,1.790646847116221
24.593217310238323,0.726620417444057
24.59715285469507,0.7303267455426996
24.601088399151823,0.9696258910878465
24.605023943608572,0.09706577166567266
24.608959488065327,0.10136349639502112
24.61289503252208,0.0801825601000353
24.616830576978828,0.23066588482949696
24.62076612143558,2.3966226571923532
24.62470166589233,3.1322647208940446
24.628637210349083,0.6795590668177467
24.632572754805835,1.3254501689016773
24.636508299262584,2.4449628803435237
24.640443843719336,3.1014833890005913
24.644379388176088,2.081089658850824
24.64831493263284,0.9578093782629007
24.65225047708959,2.5601691228725936
24.65618602154634,1.2444457617279798
24.66012156600309,0.35290478781767226
24.664057110459844,0.653197151804992
24.6679926549166,0.6461796016176573
24.671928199373347,0.4116401175998022
24.675863743830096,0.7347149367055055
24.679799288286848,1.5398283250525802
24.6837348327436,0.45081436550220466
24.68767037720035,0.2690612553264663
24.691605921657104,0.3859887939698754
24.69554146611385,0.0882291128314514
24.699477010570604,0.462092787725929
24.70341255502736,0.20161230057891896
24.707348099484108,0.38485819662198073
24.71128364394086,0.2832239041483297
24.715219188397608,2.7641394573227656
24.71915473285436,1.9137631872931211
24.723090277311112,0.08415286746701921
24.727025821767864,2.4016910873459993
24.730961366224616,3.2978721326917833
24.734896910681364,1.4367096632711769
24.73883245513812,0.16833323536175554
24.742767999594868,0.10896228782534553
24.74670354405162,0.09879420809164483
24.75063908850837,0.27359757391592443
24.75457463296512,0.31183782467572035
24.758510177421872,0.047121837513472924
24.762445721878624,0.4166589489217121
24.766381266335376,0.5069446209124095
24.770316810792124,0.8544147613505088
24.77425235524888,0.3707265936245853
24.778187899705628,0.2827811127277082
24.78212344416238,0.2726405867057731
24.78605898861913,1.0373364992015706
24.78999453307588,1.481995779931043
24.793930077532632,0.18387002310776845
24.797865621989384,0.4896052801285167
24.801801166446136,0.44424253720376766
24.805736710902888,0.6473049795968673
24.80967225535964,0.2332888907152975
24.81360779981639,0.9762211926080554
24.81754334427314,0.09822229680063453
24.82147888872989,0.5955640349528193
24.825414433186644,0.12275636193080726
24.829349977643396,1.0039257190664317
24.833285522100145,0.4531264835613618
24.837221066556896,0.14891225092545773
24.84115661101365,0.24800514331219214
24.8450921554704,0.015622726315609637
24.84902769992715,0.054273412555993036
24.8529632443839,0.5619322787620306
24.856898788840653,0.5917771994009703
24.860834333297404,0.15684463388225
24.86476987775416,0.07614499228808651
24.868705422210905,0.18875047255560226
24.872640966667657,0.2360588171107055
24.87657651112441,0.43579867856765225
24.88051205558116,0.01576137787300519
24.884447600037912,2.908074882102215
24.88838314449466,4.716450206959647
24.892318688951413,0.8365897384334126
24.896254233408165,0.1460411322143051
24.90018977786492,0.2938956588790742
24.90412532232167,0.22699289248872415
24.908060866778417,0.10185445423558678
24.91199641123517,1.7620951284179618
24.91593195569192,1.554793519236682
24.919867500148676,0.017770197454376784
24.923803044605425,1.0095054277470967
24.927738589062173,0.8435158747501491
24.931674133518925,0.09353261209304116
24.93560967797568,0.016778700969691376
24.93954522243243,0.014721168889850176
24.94348076688918,0.0357718071800077
24.94741631134593,0.07942505832697441
24.95135185580268,0.22836332717010024
24.955287400259436,0.010670329750847423
24.959222944716185,0.25951342243170294
24.963158489172937,0.43652402471584534
24.967094033629685,0.09532382939037308
24.97102957808644,0.2389094317096117
24.97496512254319,0.308116512951027
24.97890066699994,0.02679230442535757
24.982836211456693,0.6290443112024818
24.98677175591344,2.3872213046841577
24.990707300370197,4.462180959208137
24.994642844826945,4.020760141824422
24.998578389283697,1.108349545476221
25.00251393374045,0.5418042023575212
25.0064494781972,0.7475655514600519
25.01038502265395,0.5559343338232124
25.0143205671107,1.161046330049453
25.018256111567453,0.2904093010540897
25.022191656024205,0.33248514733220896
25.026127200480957,1.3638815300843452
25.030062744937705,1.2500812753397534
25.033998289394457,1.25763243091554
25.03793383385121,0.8243335030060797
25.04186937830796,0.09505025177684749
25.04580492276471,0.18828040885143943
25.04974046722146,0.30710053275856725
25.053676011678213,0.4858510518474257
25.057611556134965,1.2173869577547456
25.06154710059172,1.5222964195725466
25.065482645048466,1.2232473952842675
25.069418189505217,2.128034244723767
25.07335373396197,1.540815147242276
25.07728927841872,0.24727698722358965
25.081224822875477,0.44093749839388147
25.08516036733222,2.5836557050428604
25.089095911788974,1.558674533647464
25.09303145624573,0.14499077656295212
25.09696700070248,1.005437265755345
25.10090254515923,0.2445301163560658
25.104838089615978,1.0406623770853471
25.10877363407273,0.1965224941891138
25.11270917852948,0.5824813834336225
25.116644722986237,1.4067642353040033
25.120580267442985,0.5729859501782849
25.12451581189973,0.19471952301307782
25.12845135635649,1.0068399450593868
25.13238690081324,0.8753295917749614
25.13632244526999,0.6824147619865389
25.14025798972674,0.5153562106682992
25.14419353418349,0.21759213759401444
25.14812907864024,0.12252816030185613
25.152064623096997,1.3845087896367674
25.156000167553746,1.4481433968882387
25.159935712010498,0.11223141708883418
25.16387125646725,0.044982323804995054
25.167806800924,0.07640545520747581
25.17174234538075,0.8446056708787671
25.1756778898375,0.36366282109040843
25.179613434294254,0.12069155096651822
25.183548978751,0.3418228727750637
25.187484523207758,0.09354600802009809
25.191420067664502,0.7989270299645319
25.195355612121254,1.051600438857495
25.19929115657801,0.48126234734210843
25.20322670103476,0.4320374644731662
25.20716224549151,2.4872081393668264
25.211097789948266,1.0907499168135637
25.21503333440501,0.016015651977642213
25.21896887886177,0.2063925719087974
25.222904423318514,0.3142765018468534
25.226839967775263,0.2724877502213874
25.230775512232015,0.11505244124380899
25.23471105668877,0.21694339118449452
25.23864660114552,0.12252943401937196
25.24258214560227,0.11793761950351403
25.246517690059022,0.1427297759308017
25.25045323451577,1.3346586770792832
25.25438877897253,4.951455365715566
25.25832432342928,2.5159931153854806
25.262259867886023,0.18599194651767825
25.26619541234278,1.6688508571598406
25.27013095679953,1.4235228022644182
25.27406650125628,0.5028098693571165
25.278002045713038,0.4797980253751877
25.281937590169782,0.47743293183378543
25.28587313462653,0.10601658817356832
25.289808679083286,1.0409351687513317
25.29374422354004,0.7360949648973903
25.297679767996787,0.7747518091325881
25.30161531245354,0.7320067205923957
25.30555085691029,0.8210113624486373
25.30948640136704,1.0846814659318114
25.313421945823794,1.06638716699014
25.317357490280543,1.1455367660164897
25.32129303473729,0.8948133188109204
25.325228579194047,1.0222017072431677
25.3291641236508,2.0825668127348713
25.33309966810755,0.09830903294386457
25.3370352125643,2.947410570987304
25.34097075702105,5.4636867570799454
25.344906301477803,1.37594509807582
25.348841845934555,0.2891627944468614
25.352777390391307,1.0731406215309847
25.35671293484805,0.16646610624648472
25.360648479304807,0.06783748159508905
25.36458402376156,0.015881592440763197
25.36851956821831,0.1565418943725389
25.372455112675063,0.014175223196017666
25.37639065713181,0.6267667422171924
25.380326201588563,0.6477706735237181
25.384261746045315,0.04468593657045881
25.388197290502067,0.7851244003942528
25.39213283495882,0.16811231188315517
25.396068379415567,0.3993860081526245
25.40000392387232,0.2106629721160226
25.40393946832907,0.2471593557880273
25.407875012785823,0.5083315836499591
25.41181055724257,0.36368883549828807
25.415746101699323,0.8567626401786482
25.419681646156075,0.3623967156117809
25.423617190612827,0.0812902110387885
25.42755273506958,0.353094293541692
25.43148827952633,0.9930341091400112
25.43542382398308,0.21009281568964414
25.43935936843983,0.24790477955791504
25.443294912896583,0.2298557613898239
25.44723045735333,0.0364143229836395
25.451166001810087,0.1003426933448999
25.455101546266835,0.17650914482086738
25.459037090723587,1.05375317329898
25.46297263518034,1.4120009437371994
25.46690817963709,1.6773384532679667
25.470843724093843,1.171936942282485
25.47477926855059,0.5700172880039591
25.478714813007343,0.12151817151880602
25.48265035746409,0.7206423868612446
25.486585901920847,1.2693525627926376
25.4905214463776,1.4478874303265812
25.494456990834347,1.9904938477911052
25.4983925352911,2.463838332967821
25.50232807974785,2.545233099251047
25.506263624204603,1.1935964384221873
25.510199168661355,0.8750999606129168
25.514134713118104,1.4137729694600032
25.518070257574852,3.2512448689852165
25.522005802031607,4.639566306292992
25.52594134648836,3.8524549990836254
25.52987689094511,2.311008674083833
25.53381243540186,1.0935054573554397
25.53774797985861,0.5930941360000999
25.541683524315363,1.62728969702403
25.545619068772115,2.1249626984082703
25.549554613228867,0.7984442971541929
25.553490157685616,0.17406641455468858
25.557425702142368,0.46607835857520896
25.56136124659912,1.973666796488896
25.56529679105587,1.185749482739421
25.569232335512623,0.44180022947766895
25.57316787996937,2.4870726920202904
25.577103424426124,3.2041851170795987
25.58103896888288,1.1863992098942757
25.584974513339628,0.19867033954618404
25.58891005779638,0.8720106540848827
25.592845602253128,1.2156913162714365
25.59678114670988,0.06810198694154106
25.60071669116663,4.344041126143693
25.604652235623384,6.489722096326856
25.608587780080136,1.879594001491963
25.612523324536884,0.16547344538677644
25.61645886899364,2.3111429855697914
25.620394413450388,2.7197616291955073
25.62432995790714,1.2731032924874897
25.62826550236389,0.9132919613489822
25.63220104682064,0.4642437799176052
25.636136591277392,0.7912959338143335
25.640072135734144,0.48364280584516534
25.644007680190896,1.7997761386218398
25.647943224647648,1.9388884347987214
25.6518787691044,0.16333245038839317
25.655814313561148,2.868084492081807
25.6597498580179,4.560419053720743
25.66368540247465,1.659722491777681
25.667620946931404,1.5211234282431998
25.671556491388152,0.45662938517447
25.675492035844904,0.7969201973409219
25.679427580301656,0.9922185009771404
25.683363124758408,0.0389945383795303
25.68729866921516,1.1066301069803717
25.69123421367191,0.7371539343021506
25.69516975812866,0.25830912720112365
25.69910530258541,1.4253816437297002
25.703040847042164,3.043057562093703
25.70697639149892,2.6254313855708973
25.710911935955664,0.37847511440135595
25.714847480412416,0.2517178864878058
25.71878302486917,0.7593113396578324
25.72271856932592,0.5690683389524783
25.726654113782672,0.3911883454237523
25.73058965823942,0.11815734791241937
25.73452520269617,0.01892326223177092
25.738460747152924,0.12348221821044218
25.74239629160968,0.5240700990578891
25.746331836066428,1.2442978450165936
25.750267380523177,0.9621768592707267
25.75420292497993,0.39028623545625335
25.75813846943668,0.4763988541172566
25.762074013893432,1.842714256581093
25.766009558350184,2.0655880512629974
25.769945102806933,0.5135114908901537
25.773880647263685,0.15288125729139304
25.77781619172044,0.06664794124165516
25.78175173617719,0.3492498345947809
25.78568728063394,0.6773818076127396
25.78962282509069,0.4309993310919526
25.79355836954744,1.009401704828102
25.797493914004196,0.6354461851536825
25.801429458460944,0.7552749888210224
25.805365002917696,0.37447959264991676
25.809300547374445,0.27528747135927084
25.8132360918312,0.5966231827998546
25.81717163628795,0.16268654020808687
25.8211071807447,0.0608066005057147
25.82504272520145,0.20505415630072796
25.8289782696582,0.08963522397416905
25.832913814114956,0.07909846529777931
25.836849358571705,0.7752406640060927
25.840784903028457,2.1063177897990233
25.84472044748521,0.8612701517088647
25.84865599194196,0.20013142258655128
25.85259153639871,0.8919650135157782
25.85652708085546,0.6118194254573753
25.860462625312213,1.9729833094053335
25.86439816976896,1.3859192382370005
25.868333714225717,0.27890055210349796
25.872269258682465,1.6985327201249991
25.876204803139217,1.5234357015847158
25.88014034759597,0.4392406283022717
25.88407589205272,2.6335741406229394
25.88801143650947,2.4849737273712336
25.89194698096622,0.3904274263488479
25.895882525422973,0.7971567950565402
25.899818069879725,1.2694504861258378
25.903753614336477,1.0228739278095775
25.907689158793225,0.3340209518409886
25.911624703249977,0.24348781120741103
25.91556024770673,0.8959658830952699
25.91949579216348,1.997927958046693
25.92343133662023,0.8800780507743132
25.92736688107698,2.1071802836087237
25.931302425533733,6.035118928490493
25.935237969990485,2.4880613352722873
25.93917351444724,1.035530502264862
25.943109058903985,2.661044076777524
25.947044603360737,0.8876407313743185
25.95098014781749,3.567448531264423
25.95491569227424,4.510621833930122
25.958851236730997,1.2016979387598323
25.96278678118774,0.04501475777684428
25.966722325644493,0.11802396619620427
25.970657870101245,1.0058527665080061
25.974593414558,2.384198734587644
25.97852895901475,2.4681556752163867
25.982464503471498,1.12637174716585
25.98640004792825,0.09150819912817969
25.990335592385,0.3453819709916432
25.994271136841757,1.8555529982402865
25.998206681298505,2.206338714382392
26.002142225755254,1.0779771053614737
26.00607777021201,0.7291726021705414
26.01001331466876,0.02535274362322929
26.01394885912551,3.1323280432199327
26.01788440358226,4.77867006215911
26.02181994803901,1.2445234620363403
26.02575549249576,0.5463674701560578
26.029691036952517,0.07833551653029366
26.033626581409266,0.30803215470228434
26.037562125866017,0.3440803574210199
26.04149767032277,0.14572557119419802
26.04543321477952,0.10354120049802965
26.04936875923627,0.3853086202036195
26.05330430369302,0.621424092438849
26.057239848149774,0.5243045711228873
26.06117539260652,0.8487651170172337
26.065110937063277,1.9959786154159558
26.069046481520022,1.3505275301908317
26.072982025976778,0.49403795646166415
26.07691757043353,0.576057890096664
26.08085311489028,0.3325528590935959
26.08478865934703,0.24208158481315875
26.088724203803785,0.784008292411832
26.09265974826053,0.39985085491152533
26.09659529271729,0.23995391197469781
26.100530837174038,0.14653546499552697
26.104466381630782,0.39891606399549506
26.108401926087534,0.4880303877437601
26.11233747054429,0.250979917914248
26.11627301500104,0.7755890145980003
26.12020855945779,0.3928098942505689
26.124144103914546,0.31831525860850934
26.12807964837129,0.2198261732714265
26.13201519282805,0.5509379867696261
26.1359507372848,0.835050346586902
26.139886281741543,3.388293272356459
26.143821826198295,0.5239137335398628
26.14775737065505,1.4677249066457538
26.1516929151118,1.8043381793455495
26.155628459568558,0.04258029178496063
26.159564004025302,1.133205676857141
26.16349954848205,0.5437795027251806
26.16743509293881,0.4039772890063347
26.17137063739556,0.046978619693003106
26.17530618185231,1.2495531885912357
26.17924172630906,0.7391375609623971
26.18317727076581,0.02146306663804878
26.18711281522256,0.2730579264399564
26.191048359679318,0.29721829844024333
26.194983904136063,1.3186144992850246
26.19891944859281,1.3446853460253707
26.202854993049566,0.8774187720977986
26.20679053750632,0.6687554040389979
26.21072608196307,0.4093465798062628
26.214661626419822,0.05795965430793047
26.21859717087657,0.6138950759532243
26.222532715333323,1.1065153901470395
26.226468259790074,0.3594577027618696
26.230403804246823,1.326681024586057
26.23433934870358,3.1372415769556032
26.238274893160327,4.061079842383226
26.24221043761708,3.9622076451187054
26.24614598207383,2.5638237123565712
26.250081526530582,0.8671396052060213
26.25401707098733,0.29670461532009734
26.257952615444083,0.6841234839913283
26.261888159900835,0.6310137732923101
26.265823704357587,0.14209687287479658
26.26975924881434,0.6293830622170146
26.27369479327109,0.330341565696604
26.27763033772784,0.24276687126747945
26.28156588218459,0.4650574792850153
26.285501426641343,0.15119784009336398
26.28943697109809,0.06291812327736697
26.293372515554847,0.03955746730266622
26.297308060011595,0.12246067193479178
26.301243604468347,0.6347651818630357
26.3051791489251,0.29202111149944193
26.30911469338185,0.09901295296787173
26.313050237838603,0.4648320217521326
26.31698578229535,0.10584857554866381
26.320921326752103,0.015174173212160491
26.32485687120885,0.7125852415977018
26.328792415665607,3.1984953826544307
26.33272796012236,3.7544360960803864
26.336663504579107,2.6236603185661775
26.34059904903586,1.432224608956921
26.34453459349261,0.6072660242422908
26.348470137949363,0.5598445373841744
26.352405682406115,0.6422563115432924
26.356341226862863,0.09711743465813068
26.36027677131961,1.7062237728031278
26.364212315776367,1.454728594331096
26.36814786023312,0.5245387970257352
26.37208340468987,2.8695283860170573
26.37601894914662,1.3468214880324718
26.37995449360337,0.108046100111117
26.383890038060123,0.228060898401371
26.387825582516875,2.5495136829750167
26.391761126973627,1.764835304502265
26.395696671430372,0.255451973764172
26.399632215887127,2.1437172489220107
26.40356776034388,2.65434069721601
26.40750330480063,2.0953432519484316
26.41143884925738,0.036002928524934676
26.41537439371413,1.6197329902051458
26.419309938170883,2.957090033990057
26.423245482627635,1.9745881933759217
26.427181027084387,1.7871803931768298
26.431116571541136,1.3175444001189045
26.435052115997888,0.16683161518906334
26.43898766045464,1.2471009829271267
26.44292320491139,0.30339126719310516
26.446858749368143,0.8423863163996879
26.45079429382489,0.5989936407997758
26.454729838281644,0.7239747624477513
26.4586653827384,0.4977260704675511
26.462600927195147,0.5878310511124
26.4665364716519,0.7108360326498655
26.470472016108648,0.2550274035446665
26.4744075605654,0.37356822587789607
26.47834310502215,0.07590502901765088
26.482278649478904,0.34723100360392906
26.486214193935652,0.08820096088606448
26.490149738392404,1.226161178203765
26.49408528284916,1.4643168246160236
26.498020827305908,1.1529005255674194
26.50195637176266,1.6840640039642396
26.50589191621941,1.0265013445678588
26.50982746067616,0.041180454690332435
26.513763005132912,1.3290869043091038
26.517698549589664,0.7566291657472359
26.521634094046416,0.1910039650208019
26.525569638503168,0.10021952402685827
26.52950518295992,0.44591511712747584
26.533440727416668,1.4826361560450092
26.53737627187342,1.5626139899097877
26.54131181633017,1.3854955967105935
26.545247360786924,1.08825271576183
26.549182905243672,0.320904289975792
26.553118449700424,0.11725845669788995
26.557053994157176,1.2400586857580416
26.560989538613928,1.72802712911444
26.56492508307068,1.4498088289442357
26.568860627527428,1.253345003257402
26.57279617198418,0.8092600451449967
26.57673171644093,0.3562123146648873
26.580667260897684,1.291802730581154
26.58460280535444,3.6470729753075797
26.588538349811184,2.2914709845882464
26.592473894267936,0.42072222268125264
26.596409438724688,0.4863480276456392
26.60034498318144,0.386391028777053
26.604280527638192,2.9842856661891166
26.60821607209494,1.818601290947726
26.61215161655169,2.582167423687787
26.616087161008444,2.0466353819534464
26.6200227054652,0.8408934988171082
26.623958249921948,0.5073841598859439
26.627893794378696,0.3564263831610585
26.63182933883545,1.479540714804584
26.6357648832922,0.2810936630235571
26.639700427748952,0.1013240260113528
26.643635972205704,1.5691123132975822
26.64757151666245,3.617688079322567
26.651507061119204,1.8127503344641538
26.65544260557596,0.7747099166135591
26.65937815003271,2.339311993731016
26.66331369448946,2.084663581971496
26.66724923894621,0.14905077384842613
26.67118478340296,0.6219053473321734
26.675120327859712,0.015211081716171903
26.679055872316464,1.2614537961603456
26.682991416773216,1.025402974867028
26.686926961229965,0.25693908372137453
26.69086250568672,1.4916400946017956
26.69479805014347,1.1057154984114
26.69873359460022,0.4789425139012515
26.70266913905697,0.8449878713574237
26.70660468351372,0.5598978605800997
26.710540227970476,0.7640126590824585
26.714475772427225,1.1498760643763495
26.718411316883977,0.18958884831456194
26.72234686134073,0.04090742117646192
26.72628240579748,0.10906192310345611
26.73021795025423,0.1674797166157172
26.73415349471098,0.06867476400932054
26.738089039167733,0.33214587625188696
26.742024583624485,0.5509693135096156
26.745960128081236,0.4978717218896153
26.749895672537985,1.052181186157616
26.753831216994737,1.4438245264346754
26.75776676145149,0.41485185720086926
26.76170230590824,0.37130905108695356
26.76563785036499,1.0427347835046012
26.76957339482174,1.1151685453077065
26.773508939278493,2.12193311288515
26.777444483735245,1.3506051921320361
26.781380028192,0.6153295926462922
26.785315572648745,2.775248458277433
26.789251117105497,2.3905006184128537
26.79318666156225,0.3461804133139908
26.797122206019,0.11572887176195487
26.801057750475756,2.2566424563435583
26.8049932949325,4.791951906530242
26.808928839389253,1.280371626975038
26.812864383846005,1.025166423006226
26.81679992830276,3.517767830365198
26.82073547275951,1.0870307894727542
26.824671017216257,0.008437902301857812
26.82860656167301,0.02139594630716744
26.83254210612976,0.2907083985202091
26.836477650586517,0.11064626451496914
26.840413195043265,1.5278281844223112
26.844348739500013,2.1375063679594293
26.848284283956765,0.6223001843327413
26.85221982841352,0.5609172325759418
26.85615537287027,0.3158941831674676
26.86009091732702,0.40361412292538645
26.86402646178377,1.2665272016303368
26.86796200624052,1.5936437115492066
26.871897550697277,0.5064724183201545
26.875833095154025,0.4857493965957873
26.879768639610777,0.4816901731471245
26.883704184067525,0.039627107370542945
26.88763972852428,0.2851911327662569
26.89157527298103,1.376302908892375
26.89551081743778,1.8797550133162857
26.899446361894533,0.7011570344196438
26.90338190635128,1.1346247117799249
26.907317450808037,1.0541181585274773
26.911252995264785,0.3123853963250628
26.915188539721537,1.2744462574832647
26.91912408417829,1.961840239152686
26.92305962863504,1.9485395826057161
26.92699517309179,0.7154362476318059
26.93093071754854,0.5072405483678272
26.934866262005293,0.663408238001676
26.938801806462045,0.0047119213287756785
26.942737350918797,0.44713218650107184
26.946672895375546,0.44542265593481345
26.950608439832298,0.08762346334644337
26.95454398428905,0.06867533199877204
26.9584795287458,0.40860363076928125
26.96241507320255,0.9641011727282194
26.9663506176593,1.003311677660814
26.970286162116054,0.07804669695343522
26.97422170657281,0.41079502473837154
26.978157251029558,0.3825023192661844
26.982092795486302,0.03799352850963764
26.986028339943054,0.9576615783424148
26.98996388439981,2.2398520018932757
26.99389942885656,4.244093470278413
26.99783497331331,5.834813634917452
27.001770517770066,4.081846101629195
27.00570606222681,1.158340562149411
27.00964160668357,0.20352896091716477
27.01357715114032,1.3714414926411667
27.017512695597063,1.8805978890831598
27.021448240053815,1.3699556032125995
27.02538378451057,1.1315683588533911
27.02931932896732,0.6673030261145507
27.033254873424077,0.8532519188881964
27.037190417880822,1.1648190753366232
27.04112596233757,1.13637180911046
27.04506150679433,0.3626626686584933
27.04899705125108,1.3321845009398015
27.05293259570783,1.0283719288080007
27.05686814016458,0.05564002028809631
27.06080368462133,1.3700075763494783
27.06473922907808,1.5780752552043555
27.068674773534838,0.7978541057019305
27.072610317991582,0.8422473694794309
27.07654586244833,2.2535520014634427
27.080481406905086,3.9897679516886644
27.08441695136184,3.3478631909372867
27.08835249581859,1.2647142010071681
27.092288040275346,0.11092881133863557
27.09622358473209,0.13395015487800244
27.10015912918884,0.5236579002426766
27.104094673645594,1.6832784147292081
27.108030218102343,1.1333764048418622
27.111965762559095,0.01681910655453037
27.115901307015847,0.3176793759378401
27.1198368514726,0.21499752968176444
27.12377239592935,0.048750343297865276
27.127707940386102,0.016296280512932294
27.13164348484285,0.02724552446239052
27.135579029299603,0.11461012921694372
27.139514573756355,0.06902245008740185
27.143450118213103,0.6155702178647144
27.14738566266986,0.5377593385175585
27.15132120712661,0.35309419488656274
27.15525675158336,1.5194982577285165
27.15919229604011,1.084966309457873
27.163127840496863,1.1520044911376828
27.16706338495361,0.686616593563609
27.170998929410366,0.0158166974343191
27.174934473867115,0.2393860038127679
27.178870018323867,0.7446873602532021
27.18280556278062,0.8034229261102815
27.18674110723737,0.47090078663460466
27.190676651694123,0.9367701851110587
27.19461219615087,1.8645691451076716
27.198547740607623,2.2975263863244373
27.20248328506437,2.933047221212578
27.206418829521127,1.888577265937896
27.21035437397788,0.49965213216773285
27.214289918434627,0.9043593395905632
27.21822546289138,0.48462703141083796
27.22216100734813,0.02971286541323522
27.226096551804883,0.2690083798705408
27.230032096261635,0.36077435749786985
27.233967640718383,0.05946228995005222
27.23790318517513,0.18885956461552456
27.241838729631887,0.56345500752575
27.24577427408864,0.839513493001539
27.24970981854539,0.5015198654796609
27.25364536300214,0.4306677447103256
27.25758090745889,0.28391708637472485
27.261516451915643,0.0652963669310889
27.265451996372395,0.01451723892535046
27.269387540829147,0.637431026599875
27.27332308528589,1.481622042799807
27.277258629742647,0.25567165420916593
27.2811941741994,0.4786470956133679
27.28512971865615,2.197149734242103
27.289065263112903,3.16227765526538
27.29300080756965,1.816735647714144
27.296936352026403,0.2870756062964735
27.300871896483155,0.20249090643278003
27.304807440939907,0.49989217496672217
27.30874298539666,1.4365654039049196
27.312678529853407,3.0105550567232466
27.31661407431016,2.211760425823477
27.32054961876691,0.37666071374093063
27.324485163223663,0.21274057026334955
27.32842070768041,2.0536787438279913
27.332356252137163,2.775914307933671
27.336291796593915,0.3311068986215444
27.340227341050667,1.1879187142211887
27.34416288550742,1.0634707515993662
27.34809842996417,0.8833440956627122
27.35203397442092,0.7870716028159375
27.35596951887767,0.0346835837863465
27.359905063334423,0.07918686800764314
27.363840607791172,0.022369142855947797
27.367776152247927,0.03628153088808283
27.37171169670468,0.048055447765913535
27.375647241161428,0.2180243787320075
27.37958278561818,1.1483721157629032
27.38351833007493,0.8302392805717974
27.387453874531683,0.015358573509475483
27.39138941898843,0.39427683938850633
27.395324963445184,0.5351864616041143
27.399260507901936,0.16540078293335156
27.403196052358687,1.364712992160071
27.40713159681544,0.9745430480106265
27.411067141272188,0.07121187130942613
27.41500268572894,0.9362068222003055
27.41893823018569,0.8198078158616092
27.422873774642444,0.1343156138240918
27.4268093190992,0.5930089450586682
27.430744863555944,0.20865137893783348
27.434680408012696,0.23967248936975083
27.438615952469448,0.38285268588928034
27.4425514969262,0.20245701360061535
27.44648704138295,0.8306084277482985
27.4504225858397,0.1063169554271062
27.45435813029645,1.6738236633697232
27.458293674753204,2.943107485241869
27.46222921920996,1.5166626451543277
27.466164763666708,0.1405323157648708
27.470100308123456,0.2948376155139184
27.474035852580208,0.4749487128996908
27.47797139703696,1.1206928474169189
27.481906941493712,0.7651819828236073
27.485842485950464,0.2921335203315794
27.48977803040721,1.160384170900593
27.493713574863964,0.6390783171678653
27.49764911932072,0.3361779481555431
27.501584663777468,0.45647531904139277
27.50552020823422,1.6624409023991455
27.509455752690968,0.5512214374886242
27.51339129714772,0.9258072462551815
27.517326841604472,2.2203156084909095
27.521262386061224,0.42658126008542546
27.52519793051797,0.8170625597706271
27.529133474974724,0.5689818645015721
27.53306901943148,0.40144908535214624
27.537004563888228,1.3849700827390143
27.54094010834498,0.9527834220244553
27.54487565280173,0.06392593068816203
27.54881119725848,1.3823922945437228
27.552746741715232,0.8916935586528294
27.556682286171984,0.5400624395576319
27.560617830628736,0.05800903258624459
27.564553375085485,0.5239219713259474
27.56848891954224,0.6165240949921146
27.57242446399899,0.5824924149496767
27.57636000845574,0.3129928840581943
27.58029555291249,0.9502731262846039
27.58423109736924,1.553553760108787
27.588166641825996,0.7082630616056221
27.592102186282744,0.5041329530323633
27.596037730739496,0.9421763987671082
27.59997327519625,0.38624535350860184
27.603908819653,0.16286207728153834
27.60784436410975,0.20765264864914354
27.6117799085665,0.11674191330549093
27.61571545302325,0.17430888543282727
27.619650997480004,0.8360971693462054
27.623586541936756,0.916716272301084
27.627522086393505,0.029811111811521084
27.631457630850257,0.09545721392868153
27.63539317530701,0.050598792597365785
27.63932871976376,0.9805791448885937
27.64326426422051,1.1720568461767258
27.64719980867726,0.4635813385770029
27.651135353134013,0.3245128449048113
27.655070897590765,1.5564693401835874
27.65900644204752,4.223616909533153
27.662941986504265,2.891703739492714
27.666877530961017,2.1679010876255207
27.67081307541777,1.5917490100352847
27.67474861987452,0.07421518532868868
27.678684164331276,0.2639781216765754
27.68261970878802,0.40394969231914424
27.686555253244773,1.8000487702728047
27.690490797701525,0.27912199271080473
27.69442634215828,0.5110732439561655
27.69836188661503,0.6604910767820805
27.702297431071777,0.21703361906177107
27.70623297552853,0.5437269880261343
27.71016851998528,0.414516034090248
27.714104064442036,0.3198648587255053
27.718039608898785,0.18735089018797899
27.721975153355533,0.28325782929074067
27.725910697812285,1.0143078554139326
27.72984624226904,2.528567904269217
27.73378178672579,1.8398125559473206
27.73771733118254,1.456979953869537
27.74165287563929,5.520947786040662
27.74558842009604,3.487913245486124
27.749523964552797,0.7800177890665801
27.753459509009545,1.1506528734877088
27.757395053466297,0.6197902537853447
27.761330597923045,0.3345375295946868
27.7652661423798,0.0217378680880671
27.76920168683655,0.08705236548556196
27.7731372312933,1.2229989410294186
27.777072775750053,1.8137830074666486
27.7810083202068,1.447514232501987
27.784943864663557,1.9309764540641594
27.788879409120305,0.19898133974501436
27.792814953577057,0.5471006713364958
27.79675049803381,1.0191286351758666
27.80068604249056,1.3516549348626845
27.80462158694731,1.0032537541252442
27.80855713140406,0.5464885998902386
27.812492675860813,0.008217569285125115
27.816428220317565,1.7506053902924308
27.820363764774317,1.9991833716469247
27.824299309231066,0.19074011209386116
27.828234853687817,0.15703212405774333
27.83217039814457,0.609322186078514
27.83610594260132,2.331682623755246
27.84004148705807,0.33145934657077847
27.84397703151482,1.2015673712067048
27.847912575971574,2.077836722572699
27.851848120428325,0.2882593374550623
27.85578366488508,0.4286392629361128
27.859719209341826,0.20795162872718423
27.863654753798578,0.2826895205608287
27.86759029825533,0.5951363785053031
27.87152584271208,0.4712810711388615
27.875461387168837,0.15766503884644253
27.879396931625585,0.08109611861604325
27.88333247608233,0.08985583969576157
27.88726802053909,1.8712609698201899
27.89120356499584,2.9611328029322577
27.89513910945259,1.1891263897250952
27.899074653909334,0.16197591430828523
27.90301019836609,0.8155835737046948
27.90694574282284,0.6188101188254302
27.910881287279597,0.19579531293565572
27.914816831736346,1.4441693353438345
27.91875237619309,0.13445767060432287
27.92268792064985,0.7497147188432162
27.9266234651066,0.8446025457343115
27.93055900956335,0.22669858162457204
27.9344945540201,0.08080592498047476
27.93843009847685,0.15627360626899497
27.9423656429336,0.7618257030096545
27.946301187390358,1.5365465743174043
27.950236731847102,1.9011776801948084
27.954172276303854,1.2925822650323782
27.95810782076061,0.47564162492571516
27.96204336521736,0.4894043476149623
27.96597890967411,1.7867380935767223
27.969914454130866,1.361379811993534
27.97384999858761,0.8645846934570317
27.97778554304436,1.429218107359381
27.981721087501118,0.19632575337132457
27.985656631957863,0.5300657303350345
27.989592176414614,0.3486392529490456
27.99352772087137,0.12948993236259332
27.99746326532812,0.0385395989645187
28.00139880978487,0.8893012118753023
28.005334354241626,2.0929325054408405
28.00926989869837,0.5718056074552671
28.01320544315513,0.08020867207854888
28.017140987611874,0.31118180043165444
28.021076532068623,0.6583095325614243
28.02501207652538,0.8965118633569191
28.02894762098213,1.4552736795885277
28.03288316543888,0.7142236498922819
28.03681870989563,0.41356054761652594
28.040754254352382,3.2387141275351907
28.04468979880913,2.1131148604566343
28.048625343265886,1.0816832667367664
28.05256088772264,1.4502672929052436
28.056496432179387,0.3990808504041184
28.06043197663614,0.3763857372874099
28.06436752109289,0.5981569123121816
28.06830306554964,0.04123895805005451
28.072238610006394,1.1820051527564055
28.076174154463143,1.3614252030617402
28.08010969891989,1.3245808434983104
28.084045243376647,1.4514243794814694
28.0879807878334,0.30961269654012724
28.091916332290147,1.8207468835219367
28.0958518767469,0.7345329616779224
28.09978742120365,0.09722845494003715
28.103722965660403,0.2003930192064178
28.107658510117155,0.12718644515266883
28.111594054573903,0.9505456322108424
28.11552959903065,1.0515726873407585
28.119465143487407,0.3189813558056305
28.12340068794416,3.1412002535549677
28.12733623240091,2.2847540026874356
28.13127177685766,0.08708338904933892
28.13520732131441,0.14262366212674493
28.139142865771163,1.2213548733548767
28.143078410227915,2.5647920405922977
28.147013954684667,1.0444467956644397
28.15094949914141,0.4291962872189608
28.154885043598167,2.29179397506811
28.15882058805492,2.22980057632116
28.16275613251167,0.3603795898207507
28.166691676968423,0.310861526795704
28.17062722142517,0.7063239305922209
28.174562765881923,0.21629659372846163
28.178498310338675,0.5229519199462632
28.182433854795427,0.21562006993421856
28.18636939925218,2.4256707619106517
28.190304943708927,2.435418198423257
28.19424048816568,0.23711968444825943
28.19817603262243,0.2962418962305659
28.202111577079183,0.2905272832644319
28.20604712153593,0.05575938431050801
28.209982665992683,0.9376463826178423
28.213918210449435,2.60378814192879
28.217853754906187,1.9844149524397054
28.22178929936294,0.7971405829308483
28.22572484381969,0.5300133079497091
28.22966038827644,0.3342220401942554
28.23359593273319,0.03144118926461425
28.237531477189943,0.19497674773938797
28.24146702164669,0.07930302825442008
28.245402566103447,0.09977257053643786
28.2493381105602,0.0029530779787745438
28.253273655016947,0.1795352032239847
28.2572091994737,0.3861704090927398
28.26114474393045,0.4261853105287873
28.265080288387203,0.20101640743567847
28.26901583284395,0.10109184564673176
28.272951377300704,0.24618420439121355
28.276886921757452,0.37528066495686807
28.280822466214207,0.06602932686968382
28.28475801067096,0.6390046423385373
28.288693555127708,0.4680859024328443
28.29262909958446,0.7559409870496272
28.29656464404121,5.397490433924461
28.300500188497963,3.7570569665205173
28.304435732954715,0.06069067814969458
28.308371277411464,1.2926891746636715
28.312306821868216,0.2386326643569664
28.316242366324968,1.2392868958116035
28.32017791078172,1.054291535260324
28.32411345523847,0.1920356804592962
28.32804899969522,0.9670574274982554
28.33198454415197,0.5797797631615544
28.335920088608724,0.042756391088337044
28.33985563306548,0.20747013696945676
28.343791177522228,0.27737041036141497
28.347726721978976,1.7665126022773487
28.351662266435728,1.0693599576973782
28.35559781089248,0.023006550765511405
28.35953335534923,0.38165212751265
28.363468899805984,0.3188566101363526
28.36740444426273,1.6255725544335295
28.371339988719484,1.4057105422614677
28.37527553317624,0.4995434939713423
28.379211077632988,0.08337528409123365
28.38314662208974,0.9778754297078626
28.387082166546488,1.521146245712369
28.39101771100324,1.4959642442845698
28.394953255459992,1.0219352910431707
28.398888799916744,0.19399126226987023
28.402824344373496,0.038349539935401286
28.406759888830244,0.014269637176161759
28.410695433287,0.04483203146553704
28.414630977743748,0.09350820916638085
28.4185665222005,0.10281653850143782
28.42250206665725,0.27994002349413366
28.426437611114,0.286088265663751
28.430373155570752,0.18394166990582364
28.434308700027504,0.5795266915052705
28.438244244484256,1.2151863809601657
28.442179788941008,1.5409150981964521
28.44611533339776,2.2298813302973612
28.45005087785451,0.9435470625385729
28.45398642231126,0.5345958417320718
28.45792196676801,1.4988469875715102
28.461857511224764,1.7438681012462887
28.465793055681512,0.6794752501602314
28.469728600138264,0.0953946747499017
28.473664144595016,0.3270998182449878
28.477599689051768,0.36674501477527155
28.48153523350852,2.0837190563582575
28.48547077796527,0.6840177324271651
28.48940632242202,1.3213246863753498
28.49334186687877,1.4876397568721709
28.497277411335524,0.407896024883694
28.50121295579228,0.23284994447186066
28.505148500249025,0.16450856736589461
28.509084044705777,1.8075894725707016
28.51301958916253,3.430254957994674
28.51695513361928,1.1435233093980397
28.520890678076032,2.2546744065244204
28.52482622253278,0.7228403530249506
28.528761766989533,1.647207920339992
28.532697311446285,3.6716074003410895
28.53663285590304,0.32797934868566225
28.54056840035979,3.2965901920804335
28.544503944816537,1.4360188355603334
28.54843948927329,0.27745226737005974
28.55237503373004,0.7297048973584861
28.556310578186796,0.5586849819873254
28.560246122643544,1.569690140286627
28.564181667100293,3.326600217947916
28.568117211557045,2.3953997933524085
28.5720527560138,0.6355757067303743
28.57598830047055,0.3068339634371102
28.5799238449273,0.2731574299139497
28.58385938938405,0.6372876159907717
28.5877949338408,0.2883235487440328
28.591730478297556,0.2750354159720548
28.595666022754305,0.6295261886462638
28.599601567211057,0.1393937067325514
28.603537111667805,0.3631233114939581
28.60747265612456,0.4896768755894026
28.61140820058131,1.0500560528256078
28.61534374503806,2.5525210923236337
28.619279289494813,0.6016082423032519
28.62321483395156,0.9054027313897819
28.627150378408317,0.6080108928215218
28.631085922865065,0.029708634189285137
28.635021467321817,0.21281107080592637
28.638957011778565,0.9737913864625158
28.64289255623532,0.2901674034816601
28.64682810069207,0.4088295006185235
28.65076364514882,0.49335573707004887
28.654699189605573,0.06494165729271081
28.65863473406232,0.014683007253299733
28.662570278519077,0.7043003450192468
28.666505822975825,1.5415955733433104
28.670441367432577,0.4550682145678174
28.67437691188933,0.03288536982091715
28.67831245634608,0.6061689471361544
28.68224800080283,0.9641426296470856
28.68618354525958,0.4012886409012604
28.690119089716333,0.37618438063290865
28.694054634173085,0.3395118817490345
28.697990178629837,0.15895012240575374
28.701925723086585,0.24807237958664421
28.705861267543337,0.42043293968568884
28.70979681200009,0.8849053103151082
28.71373235645684,1.0483293211596927
28.71766790091359,0.19384319481327555
28.72160344537034,0.4641479597753513
28.725538989827093,0.9322857384324575
28.729474534283845,0.6387896096732989
28.7334100787406,1.1762570071322913
28.737345623197346,0.6735549936101888
28.741281167654098,0.9332497454088634
28.74521671211085,1.2774428004539486
28.7491522565676,0.08118271113015345
28.753087801024357,0.574986390468913
28.7570233454811,0.23946914143177378
28.760958889937854,0.9973075677259122
28.76489443439461,2.838409799275728
28.76882997885136,0.3965952567722531
28.77276552330811,0.9821248661965142
28.776701067764854,2.009870600365762
28.78063661222161,0.6339214805507264
28.78457215667836,0.2647016828024566
28.788507701135117,0.7175329301839889
28.792443245591866,0.2865229994820796
28.79637879004861,0.1975122271130015
28.80031433450537,0.9994223833210056
28.80424987896212,0.568828487873776
28.80818542341887,0.009545748361290279
28.81212096787562,1.0358207710102554
28.81605651233237,1.3242666236792178
28.81999205678912,0.37623555944512876
28.823927601245877,0.34077053574485966
28.827863145702626,0.0705033967086191
28.831798690159378,0.2676126638244944
28.83573423461613,0.03167392336282205
28.83966977907288,0.09728206656432271
28.84360532352963,0.14499008767787935
28.847540867986385,0.038778381146631236
28.851476412443134,1.027777166927386
28.85541195689988,3.57258780188874
28.859347501356638,3.293000918127937
28.863283045813382,4.642403579354086
28.867218590270134,5.5980023419122595
28.87115413472689,1.4937771019757726
28.87508967918364,1.8794205480363306
28.87902522364039,2.415611991954024
28.882960768097146,0.15171722690749534
28.88689631255389,0.4504797242926084
28.89083185701065,0.5800047070894288
28.894767401467394,0.26317457372375974
28.898702945924143,0.3944248653734126
28.902638490380895,0.060426431135353315
28.90657403483765,0.6001829455618234
28.9105095792944,0.7305137499888087
28.91444512375115,0.37302152056365523
28.918380668207902,1.1093228387176677
28.92231621266465,0.8438921364752782
28.92625175712141,8.108819030877076
28.93018730157816,8.39222454757401
28.934122846034903,1.0654163499578158
28.93805839049166,3.0885298805385255
28.94199393494841,1.3845892335860286
28.94592947940516,0.650116450312258
28.949865023861918,2.407761597589697
28.953800568318663,0.1871269533547101
28.95773611277541,0.630938574416556
28.961671657232166,0.6128525554387737
28.96560720168892,1.6122432848393953
28.96954274614567,1.262432312781513
28.97347829060242,0.39054378330494044
28.97741383505917,1.150356356013792
28.98134937951592,4.73623857863854
28.985284923972674,3.9735833792497988
28.989220468429423,0.2153189938237691
28.99315601288617,0.8715223096796421
28.997091557342927,1.745836424279377
29.00102710179968,1.39991683713697
29.00496264625643,0.25181250331675564
29.008898190713182,1.6861172135819489
29.01283373516993,1.7172956610788408
29.016769279626683,0.10243313802498165
29.020704824083435,1.1935809823929293
29.024640368540187,0.7091021496710608
29.02857591299694,0.20089035276877965
29.032511457453687,1.5561038879089573
29.03644700191044,1.4911257297313942
29.04038254636719,0.27879571005543174
29.044318090823943,0.7254975977377977
29.04825363528069,1.9767554872783857
29.052189179737443,0.5589227824965756
29.056124724194195,0.34521779840774736
29.060060268650947,1.0508315009083813
29.0639958131077,1.0403121735611334
29.06793135756445,0.8889897506885597
29.0718669020212,0.1044032574538709
29.07580244647795,0.3394527749251409
29.079737990934703,0.8620330661677753
29.08367353539145,0.23006904428734504
29.087609079848207,0.22270524307863815
29.091544624304955,0.15100320812874315
29.095480168761707,0.4278817117257464
29.09941571321846,0.7954614182842429
29.10335125767521,0.030424350328994324
29.107286802131963,0.60206562408578
29.11122234658871,0.6860065105355301
29.115157891045463,0.13047956754052156
29.11909343550221,1.240700595436845
29.123028979958967,4.308917152338297
29.12696452441572,4.70734680189743
29.130900068872467,1.3312784510831144
29.13483561332922,0.8895296075233963
29.13877115778597,1.1254045526011973
29.142706702242723,0.16056915852607354
29.146642246699475,1.6705253474795985
29.150577791156223,3.1262592634536435
29.15451333561297,1.425417054336966
29.158448880069727,0.0036252288977552893
29.16238442452648,0.4274250713324509
29.16631996898323,0.11489602634208376
29.17025551343998,0.5097813492710307
29.17419105789673,0.4622235199992367
29.178126602353483,0.01581662850537933
29.182062146810235,0.09968908281934952
29.185997691266987,1.5705098107283069
29.189933235723736,5.458653695577234
29.193868780180487,3.8857442202618677
29.19780432463724,1.2040180722116116
29.20173986909399,1.0329200042158393
29.20567541355074,1.6069226172873912
29.20961095800749,1.0517629414319256
29.213546502464244,2.128250848300731
29.217482046920995,4.917580082963261
29.221417591377747,4.449217171276371
29.225353135834496,2.094640396866784
29.229288680291248,2.0807724822652087
29.233224224748,0.7932232617586373
29.23715976920475,0.7751805885748033
29.241095313661503,0.9536663324968048
29.24503085811825,0.1487061520452863
29.248966402575004,1.5292096425260164
29.25290194703176,1.2964628984513626
29.256837491488508,1.4516400092305775
29.26077303594526,2.0798530944985956
29.264708580402008,2.286613308684981
29.26864412485876,1.4867787772337437
29.272579669315512,3.2160562078080677
29.276515213772264,1.4130251931613913
29.280450758229016,0.6947542237572655
29.284386302685764,0.7678905519693351
29.28832184714252,0.059292844663999915
29.292257391599268,0.589294024692745
29.29619293605602,1.780454152195133
29.30012848051277,0.9450127651628557
29.30406402496952,0.2867411344609882
29.307999569426272,3.457761095142273
29.311935113883024,2.792522434264167
29.315870658339776,0.06969161269983888
29.319806202796528,0.709210350785558
29.32374174725328,0.21575200991117974
29.327677291710028,0.20529702435617606
29.33161283616678,0.16217846908067246
29.33554838062353,0.2390046726369647
29.339483925080284,0.8236766272687364
29.343419469537032,1.079998651836048
29.347355013993784,0.1207661403321513
29.351290558450536,1.3979833972934168
29.355226102907288,1.3592675901353715
29.35916164736404,0.07594608899175878
29.36309719182079,1.1250229613787768
29.36703273627754,0.6537072327935358
29.37096828073429,4.070319933535332
29.374903825191044,1.9921652038382065
29.3788393696478,1.047840700086837
29.382774914104544,3.253931635394531
29.386710458561296,1.1915207730388266
29.39064600301805,4.303011878609334
29.3945815474748,2.089494688218714
29.398517091931552,0.6196512894896511
29.4024526363883,4.028465827738506
29.40638818084505,4.726616990599504
29.410323725301804,2.6926156984616556
29.41425926975856,1.7779305709770872
29.41819481421531,0.1568584638865862
29.422130358672057,1.2056173056064399
29.42606590312881,1.8258911768782105
29.43000144758556,0.8472673140222436
29.433936992042312,0.6436043257669871
29.437872536499064,0.558211719385636
29.441808080955813,0.8118276799264265
29.445743625412565,0.09269580200118188
29.44967916986932,0.714316953391068
29.45361471432607,0.2572014924348928
29.45755025878282,0.910919198927993
29.46148580323957,3.89567595149196
29.46542134769632,3.74876443393538
29.469356892153076,0.690262094764799
29.473292436609825,0.8332543660522764
29.477227981066576,0.9599315101124417
29.481163525523325,0.048985898506484264
29.48509906998008,0.8422360072022024
29.48903461443683,0.023694368215906935
29.49297015889358,1.2486405963036822
29.496905703350333,0.5771125578879778
29.50084124780708,0.770301067464519
29.504776792263836,2.273536925093638
29.508712336720585,0.4810369287412913
29.512647881177337,1.0935864279808323
29.51658342563409,1.4435766569355664
29.52051897009084,0.6280986753770392
29.52445451454759,0.07798312289792911
29.52839005900434,0.5126598318012504
29.532325603461093,1.0590838807619365
29.536261147917845,2.025192367961204
29.540196692374597,0.49214126614414666
29.544132236831345,0.6617073161594149
29.548067781288097,0.34749405861859495
29.55200332574485,0.09275361650483421
29.5559388702016,0.1090082189257261
29.55987441465835,0.10703393285153148
29.5638099591151,0.10505500733830254
29.567745503571853,0.03930116041088045
29.571681048028605,0.30570359113366224
29.57561659248536,0.8908170213291554
29.579552136942105,1.1302958379490613
29.583487681398857,1.3388483630865893
29.58742322585561,0.30097389156501064
29.59135877031236,0.16451033074414043
29.595294314769117,0.304337103523068
29.59922985922586,0.1843767006401632
29.603165403682613,1.0021995062177564
29.607100948139365,3.4676238272835938
29.61103649259612,2.287466381819801
29.61497203705287,0.42579415479805904
29.618907581509617,1.3596658246499533
29.62284312596637,0.6487279288052364
29.62677867042312,0.8153940135450023
29.630714214879877,0.18223382513477693
29.634649759336625,0.5980911744914453
29.638585303793374,0.5528475871266404
29.642520848250125,0.05323534661681667
29.64645639270688,0.5950418848034498
29.65039193716363,0.354397825526105
29.65432748162038,0.36031597028989903
29.65826302607713,0.2476281216934785
29.66219857053388,0.11387495651532979
29.666134114990637,0.7397503948770433
29.670069659447385,1.074590623544593
29.674005203904137,0.25028813892674917
29.67794074836089,0.5309665225930402
29.68187629281764,0.2848075606461068
29.68581183727439,0.019145410970573665
29.68974738173114,0.08744270008085199
29.693682926187893,1.2480096770145477
29.69761847064464,1.2442238254701767
29.701554015101397,0.0960275142040267
29.705489559558146,0.6687498665798498
29.709425104014898,0.11951599017369297
29.71336064847165,0.6807422383076996
29.7172961929284,0.8680738277274216
29.72123173738515,0.46795382299250793
29.7251672818419,0.2474898350279722
29.729102826298654,0.30438744973371407
29.73303837075541,0.10066815086442255
29.736973915212157,0.4720811158248264
29.740909459668902,0.7709731931802375
29.744845004125654,0.05282147579433248
29.74878054858241,0.3482490652444776
29.75271609303916,0.5951572517190108
29.75665163749591,0.8697846513971272
29.760587181952666,0.297929841641263
29.76452272640941,0.6748556124945075
29.76845827086617,0.5091881458388456
29.772393815322918,0.5128813630017864
29.776329359779663,0.6351055601265254
29.780264904236414,0.014383677015114359
29.78420044869317,0.31553988613816975
29.78813599314992,0.41942488699467784
29.79207153760667,0.22061668847899032
29.796007082063426,0.5697025945714751
29.79994262652017,1.4846378489120227
29.80387817097693,2.2438663663217775
29.80781371543368,1.4863031714124666
29.811749259890423,0.24423229970465282
29.81568480434718,0.20410903255641713
29.81962034880393,0.40271050528027796
29.82355589326068,0.8079523608318189
29.827491437717438,0.7841362536098246
29.831426982174182,0.38850479147540357
29.83536252663093,0.2087137556297746
29.839298071087686,0.09156704255447974
29.84323361554444,0.017131112310953288
29.84716916000119,0.005108386141089968
29.85110470445794,0.15288483712652426
29.85504024891469,0.2650238053124512
29.85897579337144,0.15619008126671774
29.862911337828194,0.37669380333462166
29.866846882284943,1.052998439666666
29.87078242674169,0.6027939212802818
29.874717971198447,0.2829266889885901
29.8786535156552,1.5273106878163247
29.88258906011195,1.692010728426825
29.886524604568702,2.4587680795619775
29.89046014902545,0.5289741999988288
29.894395693482203,3.1885670306635676
29.898331237938955,3.889936811480869
29.902266782395703,0.8102496665897205
29.90620232685246,0.10634909107251739
29.910137871309207,1.0482062596586994
29.91407341576596,2.4311371853558046
29.91800896022271,0.5181519726323776
29.921944504679463,0.3426219345704507
29.92588004913621,0.5720058011648024
29.929815593592963,0.9209005249623776
29.933751138049715,0.49056130126263287
29.937686682506467,0.1466868270914639
29.94162222696322,0.31195629317981904
29.94555777141997,1.5726629630464657
29.94949331587672,2.3004149199961743
29.95342886033347,3.415082196238985
29.957364404790223,1.4021284908788931
29.96129994924697,0.3199996869716222
29.965235493703727,1.6790655039834415
29.969171038160475,4.11698098190063
29.973106582617227,2.3752711006942038
29.97704212707398,0.46024890254252954
29.98097767153073,1.7925190450418038
29.984913215987483,1.5798603504482551
29.98884876044423,0.8653720040558498
29.992784304900983,0.7933930834908858
29.99671984935773,1.4627246891955425
30.000655393814487,2.1014273887205057
30.00459093827124,1.1382002908677606
30.008526482727987,0.44709695349662415
30.01246202718474,0.0367200791317069
30.01639757164149,0.5158167331677199
30.020333116098243,1.5100085345454957
30.024268660554995,1.018392949545592
30.028204205011743,0.26134706815586595
30.03213974946849,1.166468148868427
30.036075293925247,1.6267011173643255
30.040010838382,0.8124789609502393
30.04394638283875,0.5057604455336323
30.0478819272955,0.24527719173489784
30.05181747175225,0.05039057887503147
30.055753016209003,0.23514320263727642
30.059688560665755,0.637694709368389
30.063624105122507,0.09051638026489228
30.067559649579252,0.4101710668378509
30.071495194036007,0.1432684215218895
30.07543073849276,0.9708902211624164
30.07936628294951,1.9114633362221625
30.083301827406263,0.2192260732767678
30.08723737186301,1.25129240430185
30.091172916319763,2.9004584012092596
30.095108460776515,1.9264001928854977
30.099044005233267,0.4156457963767089
30.10297954969002,0.05589772017241449
30.106915094146768,0.0029536008169428647
30.11085063860352,0.0020285545513309996
30.11478618306027,0.2600504638255195
30.118721727517023,0.6420431836082537
30.12265727197377,0.08871785702719484
30.126592816430524,0.11524326997077183
30.13052836088728,0.2527508294713494
30.134463905344028,0.4366628395231133
30.13839944980078,0.30590090134665937
30.14233499425753,0.5408139182786056
30.14627053871428,0.4273972318110248
30.15020608317103,0.6163275928912759
30.154141627627784,2.0287351217056795
30.158077172084536,3.453651006067159
30.162012716541287,1.935421512726189
30.16594826099804,0.17805178534787255
30.169883805454788,0.11090934607321422
30.17381934991154,1.0859151724050016
30.17775489436829,1.4554439591622346
30.181690438825044,0.41673336266617006
30.185625983281792,0.07232060236487203
30.189561527738544,0.22978662315610499
30.193497072195296,0.6196579696828616
30.197432616652048,0.43487894678363204
30.2013681611088,1.0491761532227808
30.205303705565548,1.5382826230500606
30.2092392500223,0.5790046272269391
30.21317479447905,0.20729486135957917
30.217110338935804,0.1101191987384698
30.22104588339256,0.03723527718160323
30.224981427849304,0.19880095993314703
30.228916972306056,0.08064577730999306
30.232852516762808,0.042023585919522086
30.23678806121956,0.3726501552894897
30.240723605676312,0.7060084035152447
30.24465915013306,0.6237482277630515
30.24859469458981,0.7473826901471227
30.252530239046564,1.0965760421689887
30.25646578350332,0.124752751797278
30.260401327960068,0.5071981631367458
30.264336872416816,1.5201273872025247
30.268272416873568,1.2949837662066501
30.27220796133032,0.6667389199733695
30.276143505787072,0.7109335889728566
30.280079050243824,0.6056466350454719
30.28401459470057,2.070773854755156
30.287950139157324,1.3120846113532711
30.29188568361408,0.3919441005520699
30.295821228070828,0.5999799920158161
30.299756772527576,0.009249576831456021
30.30369231698433,0.26267882734963716
30.30762786144108,0.8650244801224386
30.311563405897832,1.1304247294176684
30.315498950354584,0.5770195439035569
30.319434494811333,1.451710770939468
30.323370039268084,0.6944017873457715
30.32730558372484,0.061500631806405553
30.33124112818159,0.11606248796686847
30.33517667263834,0.38136893554040024
30.33911221709509,0.11529577200083134
30.34304776155184,0.1666590381216099
30.346983306008596,0.1906813087385553
30.350918850465344,0.6615787606252681
30.354854394922096,0.98559845794154
30.358789939378845,0.744424552933423
30.3627254838356,0.1753798717345436
30.36666102829235,0.20502723076436477
30.3705965727491,0.6802473054676602
30.37453211720585,0.16425069534681605
30.3784676616626,0.05913585765999392
30.382403206119356,0.7934684271862839
30.386338750576105,2.2272950811752
30.390274295032857,1.6009908015023013
30.39420983948961,0.7173344624192751
30.39814538394636,0.33600486334175184
30.40208092840311,0.0042802291131535854
30.40601647285986,0.09477795916714492
30.409952017316613,0.005618374864074224
30.413887561773365,0.35013710746309634
30.417823106230117,1.3962604364911413
30.421758650686865,0.8159486630331476
30.425694195143617,0.2886481267964758
30.42962973960037,1.243533504952685
30.43356528405712,0.14195202515302244
30.43750082851387,1.489866316502199
30.44143637297062,1.0098245787828235
30.445371917427373,0.2723036360154795
30.449307461884125,1.2521408520172543
30.45324300634088,0.2982262552882183
30.457178550797625,0.15061662148243213
30.461114095254377,0.5200050098450582
30.46504963971113,1.1470214742821294
30.46898518416788,1.1920208244975117
30.472920728624636,0.40911521459658867
30.47685627308138,0.04738496085023348
30.480791817538133,0.144562403814812
30.484727361994885,0.9820140434649923
30.48866290645164,2.4548924029393127
30.49259845090839,1.3723508753132232
30.496533995365137,0.43797269981920167
30.50046953982189,3.8785400410852544
30.50440508427864,2.7263289647912914
30.508340628735397,0.12581637901968218
30.512276173192145,1.3508335809246415
30.516211717648893,2.3117543564856935
30.520147262105645,2.1374308203433023
30.5240828065624,0.6664043558012958
30.52801835101915,0.012603808342118621
30.5319538954759,0.4308535711784276
30.53588943993265,1.6071763977685467
30.5398249843894,1.2067578004859756
30.543760528846157,0.07271504380691718
30.547696073302905,0.3123475772255816
30.551631617759657,0.36486602201000823
30.55556716221641,0.24412352481816832
30.55950270667316,0.24188482204852652
30.56343825112991,0.15409397334266062
30.56737379558666,0.006616189718209783
30.571309340043413,0.23425494315955644
30.57524488450016,0.42744524543110646
30.579180428956917,0.05687997475353701
30.583115973413666,2.2140075578706506
30.587051517870417,3.02199756075598
30.59098706232717,0.2806103557607963
30.59492260678392,0.6369765487520648
30.59885815124067,0.6629458289893021
30.60279369569742,0.1380904324422111
30.606729240154174,0.0897643013075769
30.610664784610925,0.9332634488751911
30.614600329067677,0.45641168393255493
30.618535873524426,0.8491407442207005
30.622471417981178,1.6968532745309644
30.62640696243793,0.23626456114251337
30.63034250689468,0.01708394760220812
30.63427805135143,0.3330599938502888
30.638213595808185,1.2192392049534395
30.642149140264934,1.6035301803411388
30.64608468472169,1.4231028929556873
30.65002022917844,1.3117996010226587
30.653955773635182,2.8323093562344885
30.657891318091934,1.456932531581958
30.66182686254869,0.7848302885789115
30.66576240700544,0.6508779539851486
30.669697951462197,0.6059155360644807
30.673633495918946,0.004985990213206106
30.67756904037569,0.32327214962569345
30.68150458483245,0.3625322056602782
30.6854401292892,1.5919441083061205
30.68937567374595,1.8816734711691832
30.693311218202695,5.4389312093701445
30.69724676265945,3.035263725770742
30.7011823071162,2.182090989988819
30.705117851572957,2.363730470950284
30.709053396029702,0.3840672349951837
30.71298894048645,0.6128954610200844
30.71692448494321,0.729531709811818
30.72086002939996,2.300509801992401
30.72479557385671,0.6279792135688412
30.728731118313465,0.17052632628429384
30.73266666277021,1.381783061901633
30.73660220722696,5.460407039720905
30.740537751683718,2.1269805692468675
30.744473296140463,0.07948606508584982
30.748408840597214,0.8083495302447887
30.752344385053966,0.4630403650643378
30.75627992951072,0.22028391215251922
30.76021547396747,0.9863336251561556
30.764151018424226,0.84067540855444
30.76808656288097,0.9481126496331579
30.77202210733772,0.4742397083600721
30.775957651794474,0.3173991201848301
30.779893196251223,1.7131824615961426
30.78382874070798,3.624664289297746
30.78776428516473,1.8183598411388475
30.79169982962148,0.203162816072255
30.79563537407823,2.6571433231057413
30.799570918534982,3.7550040862149165
30.80350646299173,1.0261701623619806
30.807442007448486,0.16264996726661163
30.811377551905235,0.5013332764366502
30.815313096361987,1.3073754883995807
30.81924864081874,1.622730155852371
30.82318418527549,2.7802753414319237
30.82711972973224,0.8696715668529682
30.83105527418899,2.651184893715294
30.834990818645743,4.58115651667558
30.83892636310249,2.939896101094352
30.842861907559247,3.2331749900379863
30.846797452016,0.5400161192835623
30.850732996472747,1.1997143555037293
30.8546685409295,0.907013350456516
30.85860408538625,0.1102956940933002
30.862539629843003,0.5838403141478754
30.86647517429975,0.02249233789528726
30.870410718756503,0.41669026982665075
30.87434626321325,0.048579106042154846
30.878281807670007,2.871642660977848
30.88221735212676,4.302873085422599
30.886152896583507,1.0263313347927705
30.89008844104026,0.30383839236154303
30.89402398549701,0.9894531305413446
30.897959529953763,0.5733361488584263
30.901895074410515,0.9158476037160912
30.905830618867263,2.630566483228526
30.90976616332401,1.8884402132374825
30.913701707780767,0.21530916253965834
30.91763725223752,0.7567350490930508
30.92157279669427,1.302602954895962
30.92550834115102,0.6050341148083823
30.92944388560777,0.0337925941819619
30.933379430064523,1.145093247530797
30.937314974521275,1.1549936290367044
30.941250518978027,0.13117078014153824
30.94518606343477,0.2606300456801772
30.949121607891527,0.2426381781414533
30.95305715234828,0.001952463595894871
30.95699269680503,0.17874346147958195
30.960928241261783,0.36892231992061003
30.96486378571853,0.24563296703999643
30.968799330175283,0.10284754017404807
30.972734874632035,0.6141318525554977
30.976670419088787,1.5517696223591226
30.98060596354554,1.1651630210523007
30.984541508002287,0.9041824808511717
30.98847705245904,1.0085109695841636
30.99241259691579,0.21038723464224574
30.996348141372543,0.2890783369723323
31.00028368582929,0.07730525607452801
31.004219230286044,0.6090539199706381
31.008154774742795,0.15156989214675173
31.012090319199547,0.23896462038911312
31.0160258636563,0.5544868684520979
31.01996140811305,0.2808869900928516
31.0238969525698,0.4983485720847964
31.02783249702655,1.2281834611324232
31.031768041483303,1.356444385842657
31.035703585940052,0.9385804919886096
31.039639130396807,0.6846449059507477
31.04357467485356,0.9944667348884536
31.047510219310308,0.11531976231923713
31.05144576376706,1.2561563627737582
31.05538130822381,1.6922765798723804
31.059316852680563,0.8357375070370864
31.063252397137312,0.49932043719898556
31.067187941594064,0.15419809389916211
31.071123486050816,1.1256954617465011
31.075059030507568,0.06673726729022245
31.07899457496432,1.3504063320840547
31.082930119421068,4.108209875746553
31.08686566387782,3.655944203638967
31.09080120833457,0.7266844927190902
31.094736752791324,1.5855419845308465
31.09867229724808,1.720405520017535
31.102607841704824,0.26437517820314926
31.106543386161576,0.05113385653191749
31.110478930618328,0.2580508013644805
31.11441447507508,0.31870916765555296
31.11835001953183,1.8284387453068192
31.12228556398858,1.639233715942672
31.12622110844533,0.038579950067458235
31.130156652902084,1.6251580390445566
31.13409219735884,0.7665890166465387
31.138027741815588,0.04976615743834974
31.141963286272336,0.3148055483154901
31.145898830729088,0.49294879484396403
31.14983437518584,1.3411505048106525
31.153769919642592,1.6590383697528066
31.157705464099344,0.2979004688065847
31.16164100855609,0.476542880458974
31.165576553012844,0.5032390318508421
31.1695120974696,0.670912834891525
31.173447641926348,1.5665209701748264
31.1773831863831,2.350676379377421
31.18131873083985,0.8084162460531933
31.1852542752966,0.09384859156317442
31.189189819753352,0.5315238934257462
31.193125364210104,0.09573021002891931
31.197060908666856,0.007170266405541341
31.200996453123604,0.028281349698507395
31.20493199758036,0.057315404075672476
31.208867542037108,0.24013560464176248
31.21280308649386,0.09468580323774708
31.21673863095061,0.022059030083376133
31.22067417540736,0.1766446504588618
31.224609719864112,1.1317944800243749
31.228545264320864,1.2723963959039402
31.232480808777616,0.15555565818782185
31.236416353234368,0.08074491322970856
31.24035189769112,0.14651687828854526
31.24428744214787,0.17163117421277072
31.24822298660462,0.0909529034024801
31.25215853106137,0.7184136259036787
31.256094075518124,1.077243328625751
31.260029619974876,0.20398368767121425
31.263965164431625,0.27355946531023706
31.267900708888376,0.342730595306728
31.27183625334513,0.03229057267542723
31.27577179780188,0.25899586439028033
31.27970734225863,0.660858064408907
31.28364288671538,0.3375819449419286
31.287578431172133,1.694989036446122
31.291513975628884,1.2421945651280222
31.29544952008564,0.032932307472539245
31.299385064542385,0.44986006838809206
31.303320608999137,0.10046491141636742
31.30725615345589,0.5287185925557765
31.31119169791264,0.30130727438491983
31.315127242369392,0.04117976271980107
31.31906278682614,2.0348283411210035
31.322998331282893,6.0865226821864296
31.326933875739645,2.6095615399934267
31.3308694201964,0.025085175035204927
31.33480496465315,0.38262738868830454
31.338740509109897,0.24161900121875837
31.34267605356665,1.082315459450066
31.3466115980234,0.8497051141870569
31.350547142480156,1.1349377422626923
31.354482686936905,6.3051220613769114
31.358418231393653,5.79937448820393
31.362353775850405,0.8512111044189205
31.36628932030716,2.0304506494801493
31.37022486476391,2.7387808219797267
31.37416040922066,0.8532409690952972
31.37809595367741,0.022373555784952537
31.38203149813416,0.1945458892042274
31.385967042590917,0.34917611754872574
31.389902587047665,0.03277650109706706
31.393838131504417,1.344794740290276
31.397773675961165,2.2277655678714434
31.40170922041792,0.7312544410229539
31.40564476487467,1.6301599285296546
31.40958030933142,3.9046331643417274
31.41351585378817,3.6541301728806967
31.41745139824492,2.391201524747052
31.421386942701677,2.6423353195775143
31.425322487158425,1.6401992964410859
31.429258031615177,0.7480517688223521
31.433193576071925,0.25265005358277776
31.43712912052868,0.09401872010980149
31.44106466498543,0.7081218124151395
31.44500020944218,2.4416096457073024
31.448935753898933,1.9214333743846415
31.45287129835568,0.23505313840928324
31.456806842812437,0.0032349568393887484
31.460742387269185,0.019473140089691598
31.464677931725937,0.17445617503147542
31.46861347618269,0.19701403231156037
31.47254902063944,1.3819270861746225
31.47648456509619,3.4582978786387453
31.48042010955294,1.907008704527955
31.484355654009693,0.25048739116431745
31.488291198466445,0.5666723746156175
31.492226742923197,0.03297790952636543
31.496162287379946,0.31644395948522075
31.500097831836698,0.2996725831314195
31.50403337629345,0.019116410196654537
31.5079689207502,0.04613984823210609
31.51190446520695,0.09690696744747564
31.5158400096637,0.05203347336501035
31.519775554120454,0.005879243625840683
31.52371109857721,0.13360154384189826
31.52764664303396,0.12838697982254677
31.531582187490702,0.10960059420124066
31.535517731947458,0.4883834173256095
31.53945327640421,0.09127894169559846
31.54338882086096,1.6932614448798204
31.547324365317717,2.470039556717621
31.551259909774465,0.7201794709872414
31.55519545423121,0.5073835590078024
31.55913099868797,0.8945811030288631
31.56306654314472,1.2446533660688195
31.56700208760147,3.061247681799982
31.570937632058214,1.4970852279761862
31.57487317651497,0.08639920253737933
31.57880872097172,0.21814030249196728
31.582744265428477,0.4392366619166828
31.586679809885226,0.2684466090388587
31.59061535434197,0.8635588527806685
31.59455089879873,1.713386538315219
31.59848644325548,0.27471984887625156
31.60242198771223,1.4487773103326402
31.606357532168985,1.320206423367338
31.61029307662573,0.06354985268023552
31.61422862108248,0.2058087097074288
31.618164165539238,0.47386638632292566
31.622099709995982,0.47491230477589663
31.626035254452734,0.09130634294370735
31.629970798909486,1.2248485687187758
31.63390634336624,1.2406506636908017
31.63784188782299,0.0980494810598533
31.641777432279746,2.478293492987622
31.64571297673649,2.0849465669354967
31.64964852119324,0.3249966093945907
31.653584065649994,0.035153297345287805
31.657519610106743,0.21479396887063393
31.661455154563495,0.007393094109692888
31.66539069902025,0.9760975158820118
31.669326243477,0.9593473810396114
31.67326178793375,0.04376552099354651
31.677197332390502,1.0599304303433459
31.68113287684725,0.9916538313261541
31.68506842130401,0.12234226106114163
31.689003965760755,0.38814199407627165
31.692939510217503,1.3007021652826454
31.69687505467426,1.5463304373775213
31.70081059913101,0.7552833260994409
31.70474614358776,0.33297619643782417
31.70868168804451,0.4455805683082213
31.712617232501263,1.0847662977180224
31.71655277695801,1.0383912486419467
31.720488321414766,0.4132118874206153
31.72442386587152,1.7085110649735358
31.728359410328267,1.6766084103637642
31.73229495478502,0.31679015893705237
31.73623049924177,0.15075340388301908
31.74016604369852,0.9168588763314319
31.744101588155274,2.878460503295477
31.748037132612023,2.582926211197985
31.75197267706877,0.9665916834798605
31.755908221525527,0.41012301039412646
31.75984376598228,0.0172165028513357
31.76377931043903,0.5892190000573941
31.76771485489578,0.21692752702965887
31.77165039935253,0.18512386558959196
31.775585943809283,0.2601020577946388
31.779521488266035,0.011581165813629153
31.783457032722787,0.283528605744484
31.78739257717953,0.9239390122085318
31.791328121636287,0.8472779541580092
31.79526366609304,0.1806422415132464
31.79919921054979,0.57408690688637
31.803134755006543,0.11679532702533434
31.80707029946329,0.11405074478256672
31.811005843920043,0.02709252408704422
31.814941388376795,0.14539796893036738
31.818876932833547,0.0464634400343733
31.8228124772903,0.43442173041113946
31.826748021747047,0.9806190724872089
31.8306835662038,3.077271532520187
31.83461911066055,2.1795873920974786
31.838554655117303,1.092228373692664
31.84249019957405,1.149450339598154
31.846425744030803,0.24041747368575955
31.850361288487555,0.14693723905248207
31.854296832944307,0.6408335021471107
31.85823237740106,0.323656691471818
31.86216792185781,0.2127339981956985
31.86610346631456,0.3558404650122439
31.87003901077131,0.09521071865689891
31.873974555228063,0.06212069288877493
31.87791009968481,0.7067305237790522
31.881845644141567,0.9536570520402271
31.885781188598315,0.2740293370403927
31.889716733055067,0.2574896252139423
31.89365227751182,0.3746949253236822
31.89758782196857,0.44867498963461
31.901523366425323,0.3602649561424477
31.90545891088207,0.6658833065125662
31.909394455338823,0.3943983779883736
31.91332999979557,0.24843362115803544
31.917265544252327,1.0272464838700885
31.92120108870908,1.4285492018086927
31.925136633165828,2.9547725982703366
31.92907217762258,1.8719060866712758
31.93300772207933,0.4001285056747394
31.936943266536083,0.08058485425421522
31.940878810992835,0.39303469367656413
31.944814355449584,1.0320810556343798
31.948749899906336,0.8029749080260036
31.952685444363087,0.38460331325923897
31.95662098881984,0.32179123768062373
31.96055653327659,0.7708073942809931
31.96449207773334,0.24864908316077503
31.96842762219009,0.0669180209439507
31.972363166646844,0.7493713239255354
31.976298711103595,2.0922050344151035
31.980234255560344,1.805002224003566
31.984169800017096,1.2050721316501654
31.988105344473848,1.4435225906224172
31.9920408889306,1.335676247910292
31.99597643338735,0.7411870422102327
31.9999119778441,0.3449271335562581
32.00384752230085,0.04330842348170687
32.007783066757604,0.8309245827353116
32.01171861121436,3.3044635561624633
32.01565415567111,2.5313874375243195
32.01958970012786,0.14839177920151242
32.02352524458461,0.3030827907396706
32.02746078904136,0.18711791477760767
32.03139633349811,0.09774942978279973
32.03533187795486,0.26277179944821444
32.03926742241161,0.14554928997102767
32.043202966868364,0.08608094386263808
32.04713851132512,0.6356994315505757
32.05107405578187,1.1224216570494927
32.05500960023862,1.3630945618720967
32.05894514469537,2.162206574205734
32.062880689152124,3.259533550934239
32.06681623360888,2.231402994047805
32.07075177806562,0.8180512198359132
32.07468732252237,0.17492023647732927
32.078622866979124,0.4630543269166305
32.08255841143588,1.5455853100550228
32.08649395589263,1.4203536686343774
32.09042950034938,0.5444220959413548
32.09436504480613,0.39091099645969446
32.098300589262884,0.32346542675209183
32.10223613371964,0.21134479199054346
32.10617167817639,0.27646221320133224
32.11010722263313,0.029300547203422633
32.114042767089884,1.3988816268803852
32.11797831154664,2.6027103175320234
32.12191385600339,1.7739260759446034
32.12584940046014,0.8878442379053239
32.12978494491689,1.0548947475546067
32.133720489373644,0.807315651900752
32.1376560338304,0.23197896252917205
32.14159157828715,0.6433172330548733
32.1455271227439,1.3707576254873381
32.149462667200645,0.4350826147224543
32.1533982116574,0.08668841192890067
32.15733375611415,0.9588391664960828
32.1612693005709,2.916305433658462
32.16520484502765,1.3512893124921332
32.169140389484404,0.6065968104041396
32.17307593394116,2.899631956863644
32.17701147839791,0.32981902501218374
32.18094702285466,1.2389989603850255
32.18488256731141,0.7908293623743928
32.18881811176816,0.7645428218834475
32.19275365622491,1.160152605741496
32.19668920068166,0.3133604279743502
32.20062474513841,1.1427822766801896
32.204560289595165,0.8301465267093991
32.20849583405192,0.4526773959661568
32.21243137850867,1.08018651382705
32.21636692296542,1.3193256225987071
32.22030246742217,1.1423790175938464
32.224238011878924,1.5105036888402048
32.22817355633567,0.5741529098611435
32.23210910079242,0.40137163770379564
32.23604464524917,0.31440318979553966
32.239980189705925,0.6134422784130401
32.24391573416268,3.0516652977410614
32.24785127861943,1.0560687587195643
32.25178682307618,0.36028765017491476
32.25572236753293,2.3591985187681743
32.259657911989684,2.1182595224037266
32.26359345644643,0.6368245859723365
32.26752900090318,0.2612858704522128
32.27146454535993,0.40386924125293816
32.275400089816685,0.339606816681652
32.27933563427344,0.32455227465433617
32.28327117873019,0.3163320500860395
32.28720672318694,0.25948387209624474
32.29114226764369,0.3009790638641508
32.295077812100445,0.8789187562120664
32.2990133565572,3.0880964194179237
32.30294890101394,4.517244908437233
32.30688444547069,1.932258908685801
32.310819989927445,2.1050542863356405
32.3147555343842,2.399269646773952
32.31869107884095,0.0751954486157066
32.3226266232977,0.7651080884564441
32.32656216775445,0.604919017078006
32.330497712211205,0.3226985171617961
32.33443325666796,0.6068439067015928
32.33836880112471,0.2557906221013381
32.342304345581454,1.712042430413613
32.346239890038206,2.1527850362891905
32.35017543449496,0.9763510021628352
32.35411097895171,3.53381714513288
32.35804652340846,1.1061258526457514
32.36198206786521,0.7775128752303581
32.365917612321965,2.5828075974600386
32.36985315677872,0.5369355480608519
32.37378870123547,0.650134140308306
32.37772424569222,0.9312772740127733
32.381659790148966,0.42753893328669734
32.38559533460572,0.42571564924677696
32.38953087906247,0.9005280933103825
32.39346642351922,0.1942908510546788
32.39740196797597,1.338276731669454
32.401337512432725,3.3156504641138533
32.40527305688948,1.2209900328933025
32.40920860134623,0.5498606374912779
32.41314414580298,0.18264216436645214
32.41707969025973,0.5776389568584359
32.42101523471648,0.21764398707027938
32.42495077917323,0.9330744382701275
32.42888632362998,1.095795035330132
32.432821868086734,0.07487339894994559
32.436757412543486,0.034803146913371004
32.44069295700024,0.10191363269001912
32.44462850145699,0.18942748269356602
32.44856404591374,0.11783330657856515
32.45249959037049,0.43365184762979536
32.456435134827245,0.30798632826305167
32.46037067928399,0.8209607902207079
32.46430622374074,1.9891091235368903
32.468241768197494,0.9375462714465959
32.472177312654246,0.10980254842376848
32.476112857111,0.14390458282520135
32.48004840156775,0.03855480976920464
32.4839839460245,0.1461567283046048
32.487919490481254,1.4142556100966188
32.491855034938006,2.5610142188679488
32.49579057939476,3.080051277815597
32.4997261238515,2.288642616722175
32.503661668308254,0.7473585832408636
32.507597212765006,0.4474452714768209
32.51153275722176,0.5472162029417799
32.51546830167851,0.1692005409670796
32.51940384613526,0.043657726413195624
32.523339390592014,0.14599198751783252
32.527274935048766,0.08546072210523874
32.53121047950552,0.3891085807593905
32.53514602396227,0.3021333221799234
32.539081568419014,0.6584987457096794
32.543017112875766,1.7000265286526923
32.54695265733252,0.5460893693186001
32.55088820178927,0.36773615753064276
32.55482374624602,0.5275878470493388
32.558759290702774,0.06803364568827353
32.562694835159526,0.888547111225903
32.56663037961628,0.6086993929964761
32.57056592407303,0.12482635082347147
32.57450146852978,1.0985082163120343
32.57843701298653,0.6533912221051246
32.58237255744328,0.2428328718144366
32.58630810190003,2.307507190696909
32.59024364635678,2.3957722515524016
32.594179190813534,0.4043865760512853
32.598114735270286,0.73485331597865
32.60205027972704,2.3339738432345523
32.60598582418379,1.3728520914578966
32.60992136864054,1.9157364975530742
32.613856913097294,3.4505556362403804
32.61779245755404,1.621841447155159
32.62172800201079,0.6612840102704237
32.62566354646754,1.8369559815097518
32.629599090924295,0.7612137221075373
32.63353463538105,0.2395917045965056
32.6374701798378,0.7373284004665969
32.64140572429455,1.3429298656822952
32.6453412687513,0.3364766832150202
32.649276813208054,0.36364245767450604
32.653212357664806,0.17212448675424707
32.65714790212155,1.531163440415273
32.6610834465783,1.5717872526858154
32.665018991035055,0.1505639964760306
32.66895453549181,1.8907367346601116
32.67289007994856,0.6744443853973905
32.67682562440531,1.7856292970461598
32.68076116886206,0.23009578926633342
32.684696713318814,1.4865976242963728
32.688632257775566,1.1435902026647673
32.69256780223232,0.05130326480912451
32.69650334668906,0.012694764448330367
32.700438891145815,1.8904790488675511
32.70437443560257,4.027069384697444
32.70830998005932,1.383159346118785
32.71224552451607,0.1767136212218453
32.71618106897282,0.190677415084512
32.720116613429575,1.4616537704369883
32.72405215788633,1.9041771373862841
32.72798770234308,1.5197566287303457
32.73192324679983,0.9721083165676001
32.735858791256575,0.342471877949683
32.73979433571333,0.08050060408687973
32.74372988017008,0.11521789324138602
32.74766542462683,0.9284495586582902
32.75160096908358,1.567080031992798
32.755536513540335,0.057299709238815694
32.75947205799709,0.6032349585073294
32.76340760245384,1.110616404535844
32.76734314691059,2.336335183175636
32.77127869136734,1.9692805659095851
32.77521423582409,1.2830058737443755
32.77914978028084,0.04809581101178595
32.78308532473759,1.4880442498905597
32.78702086919434,0.7503334824815013
32.790956413651095,0.6632526742965997
32.79489195810785,3.218011817000945
32.7988275025646,2.289492457051456
32.80276304702135,1.0606090066479077
32.8066985914781,0.1697203237739698
32.81063413593485,0.36552365554268307
32.8145696803916,1.6845212595700372
32.81850522484835,1.4568186301402093
32.8224407693051,2.2784266062729546
32.826376313761855,1.7017110195278027
32.83031185821861,0.9217636169922797
32.83424740267536,1.4185496698688806
32.83818294713211,0.3713457414595395
32.84211849158886,0.5577685426045855
32.846054036045615,0.09153933618120182
32.84998958050236,1.8928495018918594
32.85392512495911,1.1660891487137095
32.857860669415864,0.23797746006715617
32.861796213872616,0.7422132937626444
32.86573175832937,0.3083126722898837
32.86966730278612,0.32805269654688113
32.87360284724287,0.15482006646492757
32.87753839169962,1.1051420475302796
32.881473936156375,4.912571396105319
32.88540948061313,2.0046817277370628
32.88934502506987,0.18631251564482915
32.893280569526624,1.7317286985527365
32.897216113983376,2.9768393426864552
32.90115165844013,1.4387010635131883
32.90508720289688,1.7175473197476017
32.90902274735363,1.6493188787469066
32.912958291810384,0.754125090519733
32.916893836267135,5.957579923602779
32.92082938072389,2.03159422658781
32.92476492518064,1.8787678955338512
32.928700469637384,3.3211553184784464
32.932636014094136,0.9433579075383127
32.93657155855089,0.293182387068447
32.94050710300764,1.0443415432491523
32.94444264746439,1.3713633605471542
32.948378191921144,1.188561353406573
32.952313736377896,3.7610749362370495
32.95624928083465,2.241283844127526
32.9601848252914,0.009591724708607639
32.96412036974815,1.1338603353993724
32.968055914204896,1.328720994467266
32.97199145866165,0.7715497130194149
32.9759270031184,0.6657532957571698
32.97986254757515,0.031413032601419824
32.983798092031904,0.8934824239685522
32.987733636488656,1.1412189619674211
32.99166918094541,0.1400805137969131
32.99560472540216,0.5069414303096472
32.99954026985891,0.9804177742268781
33.003475814315664,0.26613864516753066
33.00741135877241,0.13958783282672524
33.01134690322916,0.1191804204623337
33.01528244768591,1.0383668789482954
33.019217992142664,2.578357072294423
33.023153536599416,0.5516068269290355
33.02708908105617,0.23779143716770929
33.03102462551292,0.010657012513194435
33.03496016996967,1.0304751816731634
33.038895714426424,1.582958195818684
33.042831258883176,0.23372614567817013
33.04676680333992,0.06450048406339111
33.05070234779667,0.042627093457147304
33.054637892253425,0.656541768458046
33.05857343671018,0.5744388795121081
33.06250898116693,1.3815532600442122
33.06644452562368,0.7449444904250606
33.07038007008043,2.0624492037491864
33.074315614537184,6.519667819233653
33.078251158993936,2.0862869763335934
33.08218670345069,1.496384973287248
33.08612224790743,4.565838606358276
33.090057792364185,1.4212751476622392
33.09399333682094,0.530443752091335
33.09792888127769,0.6554839854812711
33.10186442573444,0.5229484339320656
33.10579997019119,0.7731267266569077
33.109735514647944,0.39988315767498406
33.113671059104696,0.8647150678689429
33.11760660356145,0.564745358695715
33.1215421480182,0.05369530722122124
33.125477692474945,0.24206595885649915
33.1294132369317,0.4543393977019002
33.13334878138845,0.20181483364968816
33.1372843258452,0.16405788729469087
33.14121987030195,0.9002275174352373
33.145155414758705,0.22333828028748795
33.14909095921546,3.2663285788638463
33.15302650367221,4.022321638050599
33.15696204812896,0.15388260500023598
33.16089759258571,0.9624355529042837
33.16483313704246,0.63146095940993
33.16876868149921,1.0930773105106812
33.17270422595596,1.09635146615329
33.17663977041271,0.3554036313038773
33.180575314869465,2.991288216947874
33.18451085932622,4.585952036652104
33.18844640378297,1.5732338179544252
33.19238194823972,0.1569974043477666
33.19631749269647,0.31001498137271105
33.200253037153225,0.1906693412949388
33.20418858160997,0.28054770760669817
33.20812412606672,0.4547736467254622
33.21205967052347,0.4869769122368623
33.215995214980225,1.539581977765807
33.21993075943698,1.9781665463499336
33.22386630389373,0.8240282713039885
33.22780184835048,0.02896029237370424
33.23173739280723,0.472898754267604
33.235672937263985,0.08455544692858953
33.23960848172074,0.5526754110876714
33.24354402617748,1.2372166477141076
33.24747957063423,0.9132111409569968
33.251415115090985,0.22093584252138604
33.25535065954774,0.10327154557706741
33.25928620400449,0.8003729591394186
33.26322174846124,0.9950583297784965
33.26715729291799,1.2522214498794317
33.271092837374745,0.815733142001462
33.2750283818315,0.02567027657504511
33.27896392628825,0.2767400652671087
33.282899470744994,0.5879353538705214
33.286835015201746,1.3029678083006684
33.2907705596585,0.33647417679568475
33.29470610411525,0.3423966921183197
33.298641648572,1.2472989762636275
33.30257719302875,2.4626975597181993
33.306512737485505,1.6399098193441817
33.31044828194226,1.7398395450611739
33.31438382639901,2.7239116788742828
33.31831937085576,1.5597170651809449
33.322254915312506,0.09150254616685166
33.32619045976926,2.606768325506574
33.33012600422601,2.8663901676674213
33.33406154868276,0.8148200262109936
33.33799709313951,1.2364911183590155
33.341932637596265,1.1729357732916863
33.34586818205302,0.6878845960729163
33.34980372650977,5.250325061374902
33.35373927096652,6.225187800792336
33.357674815423266,0.9444767036668047
33.36161035988002,2.025693955893746
33.36554590433677,1.280098782254849
33.36948144879352,0.3294006251910585
33.373416993250274,0.9224590366953426
33.377352537707026,0.1677936989229287
33.38128808216378,0.16483934020089802
33.38522362662053,0.0024667747172860684
33.38915917107728,0.5712302254484117
33.39309471553403,1.1906222332506247
33.39703025999078,1.3694489061347241
33.40096580444753,1.2795018105715734
33.40490134890428,0.29929629647570205
33.408836893361034,0.05341645590022602
33.412772437817786,0.055642110202141284
33.41670798227454,0.04772296374618979
33.42064352673129,0.32448482693523223
33.42457907118804,0.7048927415114049
33.428514615644794,0.20393142569544284
33.432450160101546,0.0783828606509096
33.43638570455829,0.41580230132010804
33.44032124901504,0.5318548400524731
33.444256793471794,0.896647042505276
33.448192337928546,1.0387922643292589
33.4521278823853,0.9559650376232124
33.45606342684205,0.4826541551813453
33.4599989712988,0.15132403871658873
33.463934515755554,0.38578274800472667
33.467870060212306,0.1607441615632683
33.47180560466906,0.05652803946118908
33.4757411491258,0.2225600670442689
33.479676693582554,0.4062370781571337
33.483612238039306,0.2678119251326937
33.48754778249606,1.4613012688393572
33.49148332695281,4.7757492889624675
33.49541887140956,3.7381715246549545
33.499354415866314,0.430808812570863
33.503289960323066,0.9319471172921665
33.50722550477982,0.8324094385552323
33.51116104923657,0.24578563488040442
33.515096593693315,0.21857620628637825
33.51903213815007,0.08633185575752322
33.52296768260682,0.42913032594334843
33.52690322706357,0.5923020385258316
33.53083877152032,0.22717646931505456
33.534774315977074,0.28599232498962474
33.538709860433826,0.05311665680139061
33.54264540489058,0.05957699888271332
33.54658094934733,0.07517971797056494
33.55051649380408,0.16105602657620222
33.55445203826083,0.024934411232024146
33.55838758271758,0.09283644837110358
33.56232312717433,0.13970059693392028
33.56625867163108,0.02610895950409937
33.570194216087835,0.011129273094335802
33.57412976054459,0.23029041280820706
33.57806530500134,1.2869769263593187
33.58200084945809,3.599116556143007
33.58593639391484,5.015254190565216
33.589871938371594,3.390622843379966
33.59380748282834,1.15307200272852
33.59774302728509,0.4681825312823134
33.60167857174184,0.5708995130925948
33.605614116198595,1.2889401247588224
33.60954966065535,3.0625852018018036
33.6134852051121,2.2295110693986753
33.61742074956885,0.1789886052957123
33.6213562940256,0.3129982208082189
33.625291838482354,0.010337210867429999
33.629227382939106,0.6538883959848195
33.63316292739585,0.986619790818225
33.6370984718526,0.31816036174734197
33.641034016309355,0.02045004222603932
33.64496956076611,0.01580671701882698
33.64890510522286,0.07865554168197783
33.65284064967961,0.5590312374601518
33.65677619413636,2.5926432436455578
33.660711738593115,3.935393765548551
33.66464728304987,1.9223423092293805
33.66858282750662,0.973221691880197
33.67251837196336,0.7441595702417971
33.676453916420115,0.2752301382538996
33.68038946087687,0.06805188813547142
33.68432500533362,0.1887223137417212
33.68826054979037,0.4684788495251429
33.69219609424712,1.1367369552612279
33.696131638703875,2.0062616911860203
33.70006718316063,0.6685046003223931
33.70400272761738,0.26831072611052925
33.70793827207413,1.2293615947079761
33.71187381653088,1.1679128597915216
33.71580936098763,0.7952355824588544
33.71974490544438,1.0515414950716353
33.72368044990113,0.8199542764615793
33.72761599435788,0.1042043439292623
33.731551538814635,0.06038133472787687
33.73548708327139,0.15736830898162618
33.73942262772814,0.11868886834468806
33.74335817218489,0.2821082662891444
33.74729371664164,0.493883047248702
33.75122926109839,0.16342145556859375
33.75516480555514,0.9351862052148374
33.75910035001189,1.55236149087181
33.76303589446864,0.8371380886229634
33.766971438925395,0.2932087266304472
33.77090698338215,0.017107976628890787
33.7748425278389,0.07520547123952513
33.77877807229565,0.4284139868734622
33.7827136167524,0.627844171354508
33.786649161209155,1.0045458146793458
33.7905847056659,3.2569163029489845
33.79452025012265,2.4026309674275446
33.798455794579404,1.2022923071885232
33.80239133903616,0.7344504760348824
33.80632688349291,0.8637690911994936
33.81026242794966,1.973326809542542
33.81419797240641,2.02851682767692
33.81813351686316,1.1626717375025042
33.822069061319915,0.39252164985761284
33.82600460577667,0.8249012294629787
33.82994015023341,1.0053294806250759
33.833875694690164,1.466493424848192
33.83781123914692,0.4825550840292854
33.84174678360367,0.45153792558189576
33.84568232806042,0.19959792491464395
33.84961787251717,0.15650425829465325
33.853553416973924,0.4560515106532299
33.85748896143068,0.5804570720531649
33.86142450588743,0.9939260910452584
33.86536005034418,0.6788187046372482
33.869295594800924,0.5549159500195648
33.87323113925768,0.09892683123117825
33.87716668371443,0.09497541976102618
33.88110222817118,0.8518331947994215
33.88503777262793,1.9560547754165156
33.888973317084684,0.8653009482826026
33.89290886154144,0.11247299464562287
33.89684440599819,0.4568545792609094
33.90077995045494,0.40577762991675415
33.90471549491169,1.1750310245908906
33.90865103936844,0.4293540664982912
33.91258658382519,0.3442142489334223
33.91652212828194,1.4775417912486168
33.92045767273869,0.27237196234648475
33.924393217195444,1.6523688400996557
33.9283287616522,3.1238067255901685
33.93226430610895,0.39444180182771604
33.9361998505657,0.8048544270514698
33.94013539502245,1.2465960343091524
33.9440709394792,0.2910921882093397
33.94800648393595,0.3935849278262989
33.9519420283927,0.09957321181861334
33.95587757284945,0.3677627520711508
33.959813117306204,0.2796856127897372
33.96374866176296,0.09082628409910433
33.96768420621971,0.14663511232108714
33.97161975067646,0.5039400590131308
33.97555529513321,0.7262295773533424
33.979490839589964,0.3553468060874708
33.98342638404671,0.07366982413983697
33.98736192850346,0.6647311733567763
33.99129747296021,0.1623431994668668
33.995233017416965,0.3210557086147873
33.99916856187372,0.4432044818301511
34.00310410633047,0.06519134115658819
34.00703965078722,0.02179116323778349
34.01097519524397,0.08461387459989471
34.014910739700724,0.19916645904393565
34.01884628415748,0.1707683050846465
34.02278182861422,0.04187304122596066
34.02671737307097,0.5699328527993864
34.030652917527725,1.0614652873164228
34.03458846198448,0.5387985276424077
34.03852400644123,0.2218188850954662
34.04245955089798,0.32019994015202463
34.04639509535473,0.5403798881183239
34.050330639811484,0.3257893426062059
34.05426618426824,0.6007070264763578
34.05820172872499,0.2348957702966932
34.06213727318173,1.4758882081596738
34.066072817638485,1.1700917854450792
34.07000836209524,0.03614460287938457
34.07394390655199,0.012583038519780739
34.07787945100874,0.3664033053963782
34.08181499546549,1.0427128960672776
34.085750539922245,1.6159207383072913
34.089686084379,2.6121837833768793
34.09362162883575,0.8033450539635624
34.0975571732925,0.771144761458423
34.101492717749245,0.5785549480427975
34.105428262206,0.24471448626945072
34.10936380666275,2.13850690521344
34.1132993511195,2.084210186031823
34.11723489557625,1.294604178727002
34.121170440033005,0.8221562371309253
34.12510598448976,0.47791446468622306
34.12904152894651,0.3146984899941889
34.13297707340326,0.30434080472125374
34.13691261786001,0.6896236063817243
34.14084816231676,0.3026930673341245
34.14478370677351,0.25745102938391656
34.14871925123026,1.3135662663403471
34.15265479568701,1.1631681575247326
34.156590340143765,2.4901957862909803
34.16052588460052,2.342040883758489
34.16446142905727,1.2947977968575253
34.16839697351402,0.43785635541991863
34.17233251797077,0.1381751180210601
34.176268062427525,0.14310918721986848
34.18020360688427,0.31712571365994013
34.18413915134102,0.39358342041526584
34.18807469579777,0.1849759056096679
34.192010240254525,0.4756269581089076
34.19594578471128,0.24845810796162263
34.19988132916803,2.7249006583234365
34.20381687362478,1.971452902020837
34.20775241808153,0.41055867786512407
34.211687962538285,0.15363931544694864
34.21562350699504,0.5102226933458692
34.21955905145178,0.12109560250703544
34.223494595908534,0.2314310225172427
34.227430140365286,0.17590098320992267
34.23136568482204,0.32561459424363637
34.23530122927879,0.6908162935240626
34.23923677373554,0.08802612355948396
34.24317231819229,0.08233152619400977
34.247107862649045,0.013677129544280457
34.2510434071058,0.6966283343838183
34.25497895156255,1.7588897721700143
34.258914496019294,0.9733319523045376
34.262850040476046,0.7939399017199843
34.2667855849328,3.053934319348217
34.27072112938955,2.7247249997582013
34.2746566738463,1.0907062462121082
34.278592218303054,0.519021580736011
34.282527762759806,0.2779119678628849
34.28646330721656,0.27239498560055125
34.29039885167331,0.5674530859847691
34.29433439613006,0.819193432720151
34.298269940586806,0.6812534707124988
34.30220548504356,0.33738638696305245
34.30614102950031,0.3610059625025361
34.31007657395706,0.15614226578641496
34.314012118413814,0.0176315424523706
34.317947662870566,0.026366382364005746
34.32188320732732,0.13823602065958343
34.32581875178407,0.22219843831090286
34.32975429624082,0.15920377424891435
34.33368984069757,0.28774794542431903
34.33762538515432,0.18250991736077946
34.34156092961107,0.2595481739991094
34.34549647406782,0.6979366406701385
34.349432018524574,0.3680376157175069
34.353367562981326,0.5690098958855542
34.35730310743808,0.9497253386208464
34.36123865189483,0.4899247720026579
34.36517419635158,0.1812494951758926
34.369109740808334,0.03220035351405375
34.373045285265086,0.5524976304832595
34.37698082972183,0.9131494689842831
34.38091637417858,1.2511177569842942
34.384851918635334,0.6649183025964815
34.388787463092086,0.08788936523974421
34.39272300754884,0.014082975837274704
34.39665855200559,0.22181774907115664
34.40059409646234,0.10561198705885082
34.404529640919094,0.6291000220810331
34.408465185375846,1.5219128763742378
34.4124007298326,0.08393911712111524
34.41633627428934,0.6823885408929996
34.420271818746095,0.9368104553890704
34.42420736320285,0.30313663525889445
34.4281429076596,0.02039132111079344
34.43207845211635,0.005765784402256307
34.4360139965731,1.034486496177158
34.439949541029854,2.740699562586233
34.443885085486606,1.1393519219354658
34.44782062994336,0.21092840879805108
34.45175617440011,0.026165629151491104
34.455691718856855,0.6437999811908455
34.45962726331361,0.5795965553764794
34.46356280777036,0.30434373164477246
34.46749835222711,0.017622187227929263
34.47143389668386,1.3326863131594189
34.475369441140614,0.8976798134361579
34.479304985597366,0.44451401972886456
34.48324053005412,1.1696294109430658
34.48717607451087,0.029854579348297397
34.491111618967615,0.8556964894395195
34.49504716342437,1.8097487225483262
34.49898270788112,1.959037525146297
34.50291825233787,0.666711656487271
34.50685379679462,0.2682063854826412
34.510789341251375,0.6347278188821832
34.51472488570813,0.5962647615649154
34.51866043016488,0.09495223483371405
34.52259597462163,1.347370789312833
34.52653151907838,0.7748358985198059
34.53046706353513,0.3838528771400635
34.53440260799188,2.423932023616932
34.53833815244863,1.311381089078078
34.54227369690538,0.6117344097087027
34.546209241362135,1.2873863701176482
34.55014478581889,0.6407616494575276
34.55408033027564,1.733179823134768
34.55801587473239,1.3179856085345407
34.56195141918914,1.2750369383643407
34.565886963645895,3.4643090032057304
34.56982250810264,2.1554283990138696
34.57375805255939,0.7879373933458672
34.57769359701614,0.23497784120336693
34.581629141472895,0.3424218034701729
34.58556468592965,1.9012428430487145
34.5895002303864,1.1570500175153478
34.59343577484315,0.3101661654391669
34.5973713192999,1.3710388310691926
34.601306863756655,1.4151454583539527
34.60524240821341,0.7063807411360074
34.60917795267015,0.7978095776743587
34.6131134971269,1.2937715467957631
34.617049041583655,0.9564461633136832
34.62098458604041,0.478303703840442
34.62492013049716,0.09521954718533843
34.62885567495391,0.22818422049325193
34.63279121941066,0.672085070544725
34.636726763867415,1.2960633388687741
34.64066230832417,1.0107086693028426
34.64459785278092,0.5189022657774138
34.648533397237664,0.40033655637190313
34.652468941694416,0.16883563515936714
34.65640448615117,0.26616587626730964
34.66034003060792,0.7162899539268399
34.66427557506467,0.757554804584798
34.66821111952142,1.3472581101878323
34.672146663978175,1.876256924778674
34.67608220843493,0.28993992924011813
34.68001775289168,0.8444101279540258
34.68395329734843,0.8677216323926972
34.687888841805176,1.0985299074199375
34.69182438626193,1.6046928646586538
34.69575993071868,0.9113540796979432
34.69969547517543,1.038082219316451
34.70363101963218,2.2381820652565136
34.707566564088935,2.331961193704148
34.71150210854569,1.2117257132079096
34.71543765300244,0.38901263165017186
34.71937319745919,1.7315149660163536
34.72330874191594,0.388094336502715
34.72724428637269,1.2107359170437109
34.73117983082944,1.7977755926837147
34.73511537528619,0.5377746829753303
34.739050919742944,1.221045220908454
34.742986464199696,1.2899807529455174
34.74692200865645,1.1857667881525935
34.7508575531132,0.8351024101519287
34.75479309756995,0.7306703659878578
34.7587286420267,0.21400902619799872
34.762664186483455,0.009647031639138449
34.7665997309402,0.1736239764098121
34.77053527539695,0.20823034648316674
34.774470819853704,0.13116934235609165
34.778406364310456,0.8580157483930141
34.78234190876721,0.1362961248675365
34.78627745322396,1.2202555655061094
34.79021299768071,1.8354434585439523
34.794148542137464,0.8044697205100754
34.798084086594216,2.6427297880948015
34.80201963105097,2.493455914113153
34.80595517550771,0.655999184116609
34.809890719964464,0.12821077022974237
34.813826264421216,0.0857248538412565
34.81776180887797,0.7068177823727899
34.82169735333472,1.7906611911915737
34.82563289779147,1.3525754104441639
34.829568442248224,0.46359912607198656
34.833503986704976,0.8031599474311887
34.83743953116173,0.04558699588571392
34.84137507561848,0.208305228092475
34.845310620075225,0.011193933880244143
34.849246164531976,0.37586863024292366
34.85318170898873,0.21988407907488214
34.85711725344548,0.5655809749782899
34.86105279790223,0.8600867221222762
34.864988342358984,1.035711871202976
34.868923886815736,1.092943555387233
34.87285943127249,0.16074204863587424
34.87679497572924,0.32794541888485274
34.88073052018599,0.7222379667113281
34.88466606464274,0.06758113590449577
34.88860160909949,0.9868460462344544
34.89253715355624,0.5007987075403036
34.89647269801299,0.030375777594636343
34.900408242469744,0.11738210120513903
34.904343786926496,0.046199361276242405
34.90827933138325,1.2070693587349186
34.91221487584,2.95247016260133
34.91615042029675,1.1924563688052503
34.920085964753504,0.11323587390021968
34.92402150921025,0.3288766566477349
34.927957053667,0.0487932663944007
34.93189259812375,0.5578665346578323
34.935828142580505,0.7949798393065962
34.93976368703726,0.35196416332497504
34.94369923149401,0.07350953446083085
34.94763477595076,0.2983233412494442
34.95157032040751,0.8354202702970903
34.955505864864264,1.9619821982384007
34.959441409321016,0.7344508226614133
34.96337695377776,0.2788051090683051
34.96731249823451,0.3412384937816269
34.971248042691265,2.1825646208519114
34.97518358714802,4.564858191481689
34.97911913160477,3.796518149242241
34.98305467606152,1.0028637338028943
34.98699022051827,0.6136348118701109
34.990925764975024,0.3421146841999753
34.994861309431776,1.348109316853929
34.99879685388853,0.8867286632854215
35.00273239834527,0.4142387276483876
35.006667942802025,0.9333498233408405
35.01060348725878,0.20829449149811424
35.01453903171553,0.09581941556819062
35.01847457617228,0.47464513869005287
35.02241012062903,1.8011301110064706
35.026345665085785,2.6746256689595476
35.03028120954254,1.7887089615967768
35.03421675399929,0.6238575225688575
35.03815229845603,0.5057070539307447
35.042087842912785,0.0760572277643905
35.04602338736954,0.11545209916741643
35.04995893182629,0.10330188940750448
35.05389447628304,0.3020657348159693
35.05783002073979,0.6571075900352358
35.061765565196545,0.42643826440492505
35.0657011096533,0.2487282482364069
35.06963665411005,0.34449412773662097
35.0735721985668,0.5364985715979901
35.077507743023546,0.4579442183452225
35.0814432874803,0.11070385826775765
35.08537883193705,0.04426595114098837
35.0893143763938,0.14311036712154404
35.09324992085055,0.15216277246793936
35.097185465307305,0.42107601836265296
35.10112100976406,0.9243628668179666
35.10505655422081,0.47307530807046755
35.10899209867756,0.36740975383455
35.11292764313431,0.8984741035477393
35.11686318759106,0.7411723934933127
35.12079873204781,0.1322988869158684
35.12473427650456,0.11445570522476281
35.12866982096131,0.1943230855383947
35.132605365418065,0.20854920949276926
35.13654090987482,0.4482469521098537
35.14047645433157,0.12224633340651159
35.14441199878832,0.0017944150674515035
35.14834754324507,0.06605688110810977
35.152283087701825,0.171644874222552
35.15621863215857,0.03368465051605808
35.16015417661532,0.07786839875032488
35.164089721072074,0.4756759070652486
35.168025265528826,0.5428573598093339
35.17196080998558,0.26944529612165075
35.17589635444233,0.4432823066323718
35.17983189889908,0.9830786419278159
35.18376744335583,0.40154540618395096
35.187702987812585,0.24651435811476696
35.19163853226934,0.8046535916937958
35.19557407672608,0.09900051039296864
35.199509621182834,1.6713437710530752
35.203445165639586,0.302581362894535
35.20738071009634,2.7193933585321632
35.21131625455309,5.2871558978249045
35.21525179900984,1.6895305301457288
35.219187343466594,1.4135123950449475
35.223122887923346,0.6697418039945593
35.2270584323801,0.008408838736390442
35.23099397683685,0.026783907897044792
35.234929521293594,0.08299696099686346
35.238865065750346,0.2773957577646364
35.2428006102071,0.6821427609375716
35.24673615466385,1.0597308718575136
35.2506716991206,0.975790244888364
35.254607243577354,0.9193943064318983
35.258542788034106,0.6444162239459259
35.26247833249086,0.28960484559789346
35.26641387694761,0.7325289125533069
35.27034942140436,0.533621041988466
35.274284965861106,0.12553443540969556
35.27822051031786,0.9108989952855647
35.28215605477461,1.5777123966408133
35.28609159923136,0.7367806008321257
35.290027143688114,0.31720966606962775
35.293962688144866,0.43267463476860657
35.29789823260162,0.16833130624477347
35.30183377705837,0.6074606587611698
35.30576932151512,1.6471548589794842
35.309704865971874,1.8973849394674667
35.31364041042862,1.1094978756525
35.31757595488537,0.29701286194463034
35.32151149934212,0.06762937337260558
35.325447043798874,0.5550886019184874
35.329382588255626,0.18485967570251502
35.33331813271238,0.23137544603517066
35.33725367716913,0.28672971775954187
35.34118922162588,0.5031751747971723
35.345124766082634,0.806969013853178
35.349060310539386,0.013992548854346708
35.35299585499613,0.6807670781307602
35.35693139945288,0.4005529010288369
35.360866943909635,0.4065941782248983
35.36480248836639,1.2685206820906834
35.36873803282314,0.8157015080762239
35.37267357727989,0.8359437302660497
35.37660912173664,0.052666132601780664
35.380544666193394,1.3691292310511998
35.384480210650146,2.0697561693836963
35.3884157551069,1.5491286611791901
35.39235129956364,0.5766656668393201
35.396286844020395,1.8626202654328599
35.40022238847715,3.330130380429552
35.4041579329339,1.0636506224472861
35.40809347739065,0.25995326551404707
35.4120290218474,0.4329360681364713
35.415964566304154,0.3625652448255394
35.419900110760906,1.0083036585497125
35.42383565521766,0.9241935272940748
35.42777119967441,0.11141974829512269
35.431706744131155,0.28674348518955617
35.43564228858791,0.9999819748144279
35.43957783304466,0.7401831582902014
35.44351337750141,0.25627679993749825
35.44744892195816,0.4325925330117492
35.451384466414915,0.27879000084633176
35.45532001087167,0.12233392203030152
35.45925555532842,0.22137716497168913
35.46319109978517,0.026820334870774783
35.46712664424192,0.026937123839180253
35.47106218869867,0.05507776525448403
35.47499773315542,0.32391889234755766
35.47893327761217,0.5137630337056299
35.48286882206892,0.47068957635678405
35.486804366525675,0.2456830563346527
35.49073991098243,0.016023575925025752
35.49467545543918,0.0002121041504271543
35.49861099989593,0.5079444963126687
35.50254654435268,2.1974341326733606
35.506482088809435,1.8924431103155277
35.51041763326618,0.3064625734031359
35.51435317772293,0.025340905847646537
35.51828872217968,0.8836306348012853
35.522224266636435,3.092034435243349
35.52615981109319,2.781304287942614
35.53009535554994,1.0723347488589987
35.53403090000669,0.5767758224317504
35.53796644446344,0.6758621318840377
35.541901988920195,0.4950544194944188
35.54583753337695,0.1364012834687142
35.54977307783369,0.06432708516013427
35.55370862229044,0.13010375952107567
35.557644166747195,0.12396601477661308
35.56157971120395,0.08501889071264156
35.5655152556607,0.6686175957779119
35.56945080011745,1.5509650548495177
35.5733863445742,0.8001821266762574
35.577321889030955,1.552364748938695
35.58125743348771,3.052984104027383
35.58519297794445,0.9946852593532142
35.589128522401204,0.04843876758861224
35.59306406685796,0.11727202629420407
35.59699961131471,1.2592286818687388
35.60093515577146,2.1681612265348944
35.60487070022821,1.0192668095906812
35.60880624468496,0.09567594493104152
35.612741789141715,0.16651792952449612
35.61667733359847,0.59539342879135
35.62061287805522,2.9296650828756112
35.624548422511964,2.929566466700064
35.62848396696872,0.4999067622463697
35.63241951142547,0.338764333322683
35.63635505588222,0.23903048173131367
35.64029060033897,1.5009242604089175
35.644226144795724,0.4656977715175136
35.64816168925248,1.3270252669450007
35.65209723370923,0.09874146734504695
35.65603277816598,1.57680539161637
35.65996832262273,1.4671977273402395
35.66390386707948,0.05792849418470656
35.66783941153623,0.7534494191368215
35.67177495599298,1.23308193149389
35.67571050044973,0.1981197131428715
35.679646044906484,2.0808532599377596
35.68358158936324,4.120092202270271
35.68751713381999,0.1800987435703172
35.69145267827674,1.3888919312875374
35.69538822273349,0.21821403452186405
35.69932376719024,1.3167439495004243
35.70325931164699,1.484925199864455
35.70719485610374,0.24668550181634685
35.71113040056049,1.3145027676909042
35.715065945017244,0.2204609808053545
35.719001489474,0.6005456960422122
35.72293703393075,0.8135260559995805
35.7268725783875,0.06871888723191409
35.73080812284425,1.1560569238170404
35.734743667301004,0.5744034761035263
35.73867921175776,1.4867139301239205
35.7426147562145,1.4549550349475717
35.74655030067125,0.24349759063556403
35.750485845128004,0.316960547089629
35.75442138958476,0.7682041649988294
35.75835693404151,1.4293326369305805
35.76229247849826,1.4519699178913745
35.76622802295501,1.1853510325732985
35.770163567411764,0.23925811794590054
35.77409911186852,0.42273666816580435
35.77803465632527,0.6109992821011033
35.78197020078201,0.2398995710493865
35.785905745238765,1.2333956752649702
35.78984128969552,1.3662995999549965
35.79377683415227,0.05200944225573704
35.79771237860902,0.5071371525929371
35.80164792306577,0.2788478209495886
35.805583467522524,0.3343365784676933
35.80951901197928,1.2654721272024907
35.81345455643603,0.26954566139102015
35.81739010089278,0.5627381707774848
35.821325645349525,1.1789535354216758
35.82526118980628,0.5043227266108574
35.82919673426303,2.886197564778861
35.83313227871978,2.3089696465345737
35.83706782317653,0.5511784139712519
35.841003367633284,3.3951678164404435
35.84493891209004,0.5761873262887551
35.84887445654679,1.7284699016586245
35.85281000100354,1.6538769944560725
35.85674554546029,0.3688139366209489
35.86068108991704,2.0202245688656166
35.86461663437379,0.44562106316226685
35.86855217883054,0.13297424712845618
35.87248772328729,1.071169143265913
35.876423267744045,5.2381868599980965
35.8803588122008,6.445335333776466
35.88429435665755,4.0968714984511
35.8882299011143,0.6543040532576566
35.89216544557105,1.0035901607809528
35.896100990027804,0.09664870081396626
35.90003653448455,2.3247452440802716
35.9039720789413,1.3950374032877857
35.90790762339805,0.7421013667928024
35.911843167854805,1.3120126624194892
35.91577871231156,0.9171966112761543
35.91971425676831,1.3591393479447733
35.92364980122506,0.8971930950051017
35.92758534568181,3.5807948042992037
35.931520890138565,1.7140344007695323
35.93545643459532,0.9935467729716502
35.93939197905206,2.075670329364327
35.94332752350881,1.4665288924552822
35.947263067965565,2.1295163072784806
35.95119861242232,3.750598578619406
35.95513415687907,0.8530725361276573
35.95906970133582,4.611435513784851
35.96300524579257,2.255240591387721
35.966940790249325,0.827655423208138
35.97087633470608,2.932182408931035
35.97481187916283,0.6986684091032961
35.97874742361957,0.035465493627625286
35.982682968076325,0.7005735067018689
35.98661851253308,0.5695364005081581
35.99055405698983,0.734698084156369
35.99448960144658,3.201826977873052
35.99842514590333,1.063374340814771
36.002360690360085,0.06101005210583764
36.00629623481684,0.3151611969826078
36.01023177927359,0.22293600008181833
36.01416732373034,1.3277949509347906
36.018102868187086,2.681142650929209
36.02203841264384,3.0455134703482125
36.02597395710059,2.882164035764845
36.02990950155734,0.917020177257463
36.03384504601409,1.227501438552193
36.037780590470845,2.2159533890732055
36.0417161349276,0.867635726096745
36.04565167938435,0.5928553553368091
36.0495872238411,0.49572092534014434
36.05352276829785,0.20988771649757618
36.0574583127546,0.2727552203300594
36.06139385721135,0.06764611162928297
36.0653294016681,0.5559768752700265
36.06926494612485,0.00235765598195289
36.073200490581605,0.8414730488722465
36.07713603503836,0.37238082725754595
36.08107157949511,0.23636000956470254
36.08500712395186,0.6683905842441025
36.08894266840861,1.0888557337449327
36.092878212865365,1.6244249751369848
36.09681375732211,0.9229096035301866
36.10074930177886,1.3432485023594498
36.104684846235614,0.9156238550785013
36.108620390692366,0.9378976660430477
36.11255593514912,0.5529877877398358
36.11649147960587,0.07691044902419829
36.12042702406262,0.2356877497735765
36.12436256851937,0.7632792915342244
36.128298112976125,1.6012459969878516
36.13223365743288,1.6594638829756025
36.13616920188962,1.1440073279085103
36.14010474634637,0.28933818870733397
36.144040290803126,0.004500235862758872
36.14797583525988,0.11963833122772463
36.15191137971663,0.7938900177735908
36.15584692417338,0.8360043356769408
36.15978246863013,0.8643324646402951
36.163718013086886,0.7890518619283122
36.16765355754364,0.14582398001935462
36.17158910200038,0.06794190245894564
36.175524646457134,0.6697766963557947
36.179460190913886,1.3795472187222222
36.18339573537064,1.647560690271844
36.18733127982739,1.674520072574986
36.19126682428414,0.822275086137537
36.195202368740894,2.3791905184037025
36.199137913197646,1.4895956319069772
36.2030734576544,0.18966153781074324
36.20700900211115,1.1927079154165265
36.210944546567895,0.7032749729186908
36.214880091024646,0.3058321806626524
36.2188156354814,0.24162453164170336
36.22275117993815,0.022898526363318378
36.2266867243949,0.53602988645559
36.23062226885165,0.8389926116422441
36.234557813308406,0.6359876161164638
36.23849335776516,0.11665461335455922
36.24242890222191,0.22096727343698178
36.24636444667866,0.9421057681326426
36.25029999113541,0.951742616546968
36.25423553559216,0.9284524301998094
36.25817108004891,0.480798625164153
36.26210662450566,0.35300282123110616
36.266042168962414,1.0716266864228696
36.269977713419166,0.22256130221433731
36.27391325787592,0.18031319333670215
36.27784880233267,0.3504605928923434
36.28178434678942,0.050764075412335366
36.285719891246174,0.010085221032565119
36.28965543570292,0.08790800989526988
36.29359098015967,0.3590596969326891
36.29752652461642,0.28095638464404693
36.301462069073175,0.09514046305392636
36.30539761352993,0.9071317862450566
36.30933315798668,0.5486364399912087
36.31326870244343,0.10840951640832011
36.31720424690018,0.023269921476161713
36.32113979135693,0.2841474162869042
36.325075335813686,0.0354390260126631
36.32901088027043,0.21137947550007954
36.33294642472718,0.03246795311026053
36.336881969183935,0.7050834946048151
36.34081751364069,0.228401131930334
36.34475305809744,1.4274936446418471
36.34868860255419,2.77930668170165
36.35262414701094,2.579895721578317
36.356559691467695,4.198252689821713
36.360495235924446,1.4307069737567832
36.3644307803812,1.580537650781413
36.36836632483794,1.622448421904986
36.372301869294695,0.09357134229756404
36.37623741375145,0.30198224330312523
36.3801729582082,0.45797499357676164
36.38410850266495,0.04351068194123924
36.3880440471217,0.2746780999672642
36.391979591578455,0.17683320454429916
36.39591513603521,0.6312563312016958
36.39985068049196,0.30451239224373466
36.40378622494871,0.29258221554834823
36.407721769405455,0.3720362315393663
36.41165731386221,1.3078646039486561
36.41559285831896,1.3927652581604615
36.41952840277571,0.3020351170980685
36.42346394723246,1.3622354830955934
36.427399491689215,1.1280288945350665
36.43133503614597,0.25279005579030345
36.43527058060272,0.34554675381010574
36.43920612505947,0.21975853520171648
36.44314166951622,0.014546124771465243
36.44707721397297,0.7251464269250453
36.45101275842972,1.4818576036991575
36.45494830288647,0.3829195777396652
36.45888384734322,0.8749857584537439
36.462819391799975,1.9329589119700261
36.46675493625673,0.12287028841234629
36.47069048071348,0.8740469361517961
36.47462602517023,0.17042268239850275
36.47856156962698,0.7036382747410652
36.482497114083735,0.23908218566807496
36.48643265854048,1.2773106688936569
36.49036820299723,1.587319370695889
36.49430374745398,0.22089413414288828
36.498239291910735,1.873073875882422
36.50217483636749,0.10782211184247588
36.50611038082424,0.815191639028169
36.51004592528099,1.0806667376084298
36.51398146973774,1.4484706089361838
36.517917014194495,0.0699667167688347
36.52185255865125,2.894730808320522
36.52578810310799,2.5880558790092536
36.52972364756474,4.084662630129812
36.533659192021496,4.803019754941072
36.53759473647825,1.5972439742975766
36.541530280935,3.918380538236536
36.54546582539175,2.816520514279179
36.5494013698485,0.32610122904608757
36.553336914305255,0.5515276100559187
36.55727245876201,0.5971945128014041
36.56120800321876,0.344108472648377
36.565143547675504,0.3411173817258793
36.569079092132256,0.23257520386205524
36.57301463658901,0.3566097915179946
36.57695018104576,0.5156931630124889
36.58088572550251,0.25964502228343206
36.584821269959264,0.5799833660587213
36.588756814416016,0.13751290673168637
36.59269235887277,0.6181362941109683
36.59662790332952,1.428659787761744
36.60056344778627,0.3988646033636686
36.604498992243016,0.0103631254635304
36.60843453669977,0.6000973511773892
36.61237008115652,1.6069499206048394
36.61630562561327,0.7149525110760646
36.62024117007002,0.4871977252037642
36.624176714526776,0.1701241821273247
36.62811225898353,0.11903265064874284
36.63204780344028,0.6200552441336462
36.63598334789703,0.9067442082934424
36.63991889235378,1.1212418205637222
36.64385443681053,1.6917610229506095
36.64778998126728,1.9987094942228658
36.65172552572403,0.8097975204992485
36.655661070180784,0.07952610801362164
36.659596614637536,0.029019962565137836
36.66353215909429,0.3422773692665245
36.66746770355104,1.091961100205615
36.67140324800779,0.5050432742521365
36.675338792464544,0.5962324577318251
36.679274336921296,2.514791525910303
36.68320988137804,1.3003031035210992
36.68714542583479,0.026297863671523466
36.69108097029154,0.31788900203711107
36.695016514748296,0.6187686032557608
36.69895205920505,0.5736367123880934
36.7028876036618,0.14898949723349864
36.70682314811855,0.035496458335942775
36.7107586925753,0.12577694448588314
36.714694237032056,0.246090509947393
36.7186297814888,0.0074826073178723695
36.72256532594555,0.5184314787396231
36.72650087040231,1.5204205198765042
36.73043641485906,1.4089143190039404
36.73437195931581,0.06890649245746715
36.73830750377256,0.4703242397909885
36.74224304822931,1.1401914874298702
36.746178592686064,1.7364561533625797
36.750114137142816,0.8767987978256242
36.75404968159957,0.3208473296241352
36.75798522605631,0.22240161203310915
36.761920770513065,0.06402877117153277
36.76585631496982,0.4982023369235693
36.76979185942657,0.27031083845264015
36.77372740388332,0.03610541363429145
36.77766294834007,0.2599332671406206
36.78159849279682,0.9369593532865481
36.785534037253576,1.4341561610041413
36.78946958171033,1.477739096448744
36.79340512616708,0.5344471523144556
36.79734067062383,0.08853507532572255
36.80127621508058,1.3942644325487115
36.80521175953733,2.1731086929448784
36.80914730399408,1.8494559857632429
36.81308284845083,0.5701213086432956
36.81701839290759,0.20141826847140237
36.82095393736434,0.8675511888892304
36.82488948182109,0.5167534422133814
36.82882502627784,0.6176979479377295
36.83276057073459,0.09059690179348458
36.83669611519134,1.25833011118635
36.84063165964809,2.228077643555307
36.84456720410484,0.7189423612901505
36.84850274856159,1.2571112631344095
36.852438293018345,0.6684615692854635
36.8563738374751,0.172869666556192
36.86030938193185,1.6877376082180318
36.8642449263886,2.032580265214521
36.86818047084535,0.7473694022213314
36.872116015302105,0.08038533951538769
36.87605155975885,0.18752886208154937
36.8799871042156,0.5597181627645785
36.88392264867235,0.14551097533091076
36.88785819312911,0.10151435036349489
36.89179373758586,0.010359575115517746
36.89572928204261,0.8536110971283746
36.89966482649936,2.070018007984408
36.90360037095611,1.0038353930061654
36.90753591541287,0.015270196077925985
36.91147145986962,0.8959328250997896
36.91540700432636,2.3497488689370325
36.91934254878311,4.263522512289901
36.923278093239865,4.916344767343739
36.92721363769662,1.093243075108458
36.93114918215337,1.1467421036212984
36.93508472661012,2.851771968883516
36.93902027106687,0.7183657973703218
36.942955815523625,0.7448892539326696
36.94689135998038,0.8181277492171469
36.95082690443713,0.6059658063428548
36.954762448893874,4.8233006070132936
36.95869799335063,2.7856915299610012
36.96263353780738,0.2589596109679653
36.96656908226413,0.20321989424623382
36.97050462672088,0.8012818064972912
36.97444017117763,1.03405771676728
36.97837571563439,0.322220911592737
36.98231126009114,2.308212060479187
36.98624680454789,0.4618152541016463
36.99018234900464,1.361078066269619
36.994117893461386,1.7969843690375247
36.99805343791814,0.6898768207429031
37.00198898237489,0.7896273684953067
37.00592452683164,0.47266979904122935
37.0098600712884,0.33080512878305957
37.013795615745146,0.14653918417223222
37.0177311602019,0.1487761993209267
37.02166670465865,0.2124179276518969
37.0256022491154,0.9581117120142588
37.02953779357215,1.468946515757232
37.0334733380289,1.32389263270015
37.03740888248565,1.2678892734703138
37.0413444269424,1.1185280539448414
37.045279971399154,1.4238088003012608
37.04921551585591,1.6005618575115994
37.05315106031266,0.3663636247210372
37.05708660476941,1.2900722497355526
37.06102214922616,2.8693963665693514
37.06495769368291,0.5872969847814442
37.06889323813967,0.3204697491358128
37.07282878259641,0.1647786083113575
37.07676432705316,0.19137445646554033
37.08069987150992,0.17038050032405927
37.084635415966666,0.6674153473831694
37.08857096042342,2.082788657313783
37.09250650488017,1.2503738176932486
37.09644204933692,0.8201795628872274
37.10037759379368,2.1454003814034177
37.104313138250426,4.78742373888563
37.10824868270718,7.847906519201551
37.11218422716392,5.158123976952533
37.116119771620674,0.46309812203119033
37.12005531607743,0.42557685438683596
37.12399086053418,0.3358104454666632
37.12792640499093,0.008484516522481004
37.13186194944768,0.12395542526058013
37.135797493904434,0.029223060518030638
37.13973303836119,0.06599759677763127
37.14366858281794,0.11933153726764556
37.14760412727469,0.0456312529954284
37.15153967173144,0.12005656075168311
37.15547521618819,0.20432487572022887
37.15941076064494,0.3385480355288704
37.16334630510169,0.4513602751488417
37.16728184955844,0.30354095169134776
37.1712173940152,0.036278439863943863
37.175152938471946,0.40741908760632356
37.1790884829287,0.3185791967158294
37.18302402738545,0.02508391279967337
37.1869595718422,0.5179815306501839
37.19089511629895,0.6021056743943595
37.1948306607557,0.2482099182580372
37.19876620521245,0.7968140673340096
37.2027017496692,1.1969518188415353
37.206637294125954,0.1953754524344349
37.21057283858271,1.0856341735846449
37.21450838303946,2.3817964669482614
37.21844392749621,2.8309401127701435
37.22237947195296,2.5379580481259967
37.226315016409714,1.9195195145695223
37.23025056086646,1.1615998208832066
37.23418610532321,1.0414122862000397
37.23812164977996,0.8567822066996169
37.24205719423672,0.6232089914432463
37.24599273869347,0.7094992038636225
37.24992828315022,0.24609544466673666
37.25386382760697,0.05156709030116367
37.25779937206372,0.11691436799660238
37.26173491652048,0.5435034438572037
37.26567046097722,0.6845146627317304
37.26960600543397,0.07092782741976977
37.27354154989072,1.876317239199342
37.27747709434748,1.1638616228073533
37.28141263880423,1.0105373506910074
37.28534818326098,2.0941994017678196
37.28928372771773,1.0475173022245232
37.29321927217448,0.5873751931196886
37.29715481663124,0.22036224104879135
37.30109036108799,0.670175270586508
37.30502590554473,0.22656440227861863
37.30896145000148,0.2896355510621812
37.31289699445824,1.591362866984369
37.31683253891499,1.167411477090557
37.32076808337174,0.34549988111970975
37.32470362782849,0.4823868652603894
37.32863917228524,0.8759845579894088
37.332574716742,0.5725755950635887
37.33651026119875,0.19543527393322357
37.3404458056555,1.1515350704113376
37.34438135011224,1.1933378356733573
37.348316894569,2.038911809604304
37.35225243902575,0.40062862510158087
37.3561879834825,1.2249269226852537
37.36012352793925,3.79903658577054
37.364059072396,2.033143017337964
37.36799461685276,1.049047999783945
37.37193016130951,1.7499494592334048
37.37586570576626,1.9248993821058782
37.37980125022301,1.437473868760631
37.38373679467976,3.4847254963982452
37.38767233913651,3.4697753834156684
37.39160788359326,0.7182498761449182
37.39554342805001,0.6860372425231155
37.39947897250676,0.8078860909455258
37.40341451696352,1.1995448934741189
37.40735006142027,0.08362964697891194
37.41128560587702,1.094371101180357
37.41522115033377,1.2992910414979157
37.41915669479052,0.3345747984803548
37.42309223924727,0.5354181970248759
37.42702778370402,1.5241111155001903
37.43096332816077,2.04279702389441
37.43489887261752,0.13345613407825388
37.43883441707428,1.3608093421312206
37.44276996153103,1.0736817146409159
37.44670550598778,0.22031322852873844
37.45064105044453,0.7395354098072462
37.45457659490128,2.0117611011667855
37.45851213935804,0.7044932215063895
37.46244768381478,1.5312083228886297
37.46638322827153,0.6242380347584625
37.47031877272829,0.512200166968971
37.47425431718504,0.791211212722533
37.47818986164179,1.285511532814913
37.48212540609854,6.305828400413763
37.48606095055529,3.5201744577265774
37.48999649501204,1.51425714521218
37.4939320394688,2.8311655220552314
37.49786758392555,3.408275210241926
37.50180312838229,4.543766434718171
37.50573867283904,1.7946058264937639
37.5096742172958,0.06352072935421949
37.51360976175255,0.7933824574378916
37.5175453062093,6.347862517485464
37.52148085066605,8.13913771923417
37.5254163951228,2.6932926981438365
37.52935193957956,1.962356649195549
37.53328748403631,1.4303653474358515
37.53722302849306,0.40614073768751563
37.54115857294981,0.3591023432960766
37.54509411740656,0.585637790316438
37.54902966186331,0.7015521407249817
37.55296520632006,0.5209568681598978
37.55690075077681,0.1975483620075907
37.56083629523357,0.1668717168150584
37.56477183969032,0.13016830354106562
37.56870738414707,0.07291160497375059
37.57264292860382,0.23016689316709152
37.57657847306057,0.23302899470443267
37.58051401751732,0.07388776416346084
37.58444956197407,0.05743343881484127
37.58838510643082,0.2819375617669253
37.59232065088757,1.323648888885537
37.59625619534432,1.5263013525173208
37.60019173980108,1.7062057885159325
37.60412728425783,1.3635703190886648
37.60806282871458,0.6057941089969217
37.61199837317133,0.6401333063088347
37.61593391762808,1.3019335098463085
37.61986946208483,0.8389443129530336
37.62380500654158,0.36726160829920523
37.62774055099833,0.3528874113604218
37.63167609545509,1.006936445638211
37.63561163991184,1.12378949658295
37.63954718436859,0.9182120334528018
37.64348272882534,0.7471166140542798
37.64741827328209,0.10857042389446211
37.65135381773885,0.548990983628213
37.6552893621956,0.0018561381303734963
37.65922490665234,0.7598986329250876
37.66316045110909,0.9129540505928926
37.667095995565845,0.05271452612363922
37.6710315400226,1.0496218572501397
37.67496708447935,1.96424692158401
37.6789026289361,0.16063004279599938
37.68283817339285,5.908433368991123
37.6867737178496,5.731388657003905
37.69070926230636,0.561199372807813
37.69464480676311,2.3862322815976906
37.69858035121985,1.491509506583928
37.702515895676605,0.17845275881919193
37.70645144013336,0.0044995714821639944
37.71038698459011,0.10250004894985013
37.71432252904686,0.13419479275467477
37.71825807350361,0.10883084534721583
37.722193617960365,0.25055069670033797
37.72612916241712,0.8476246119386683
37.73006470687387,0.5286383506941209
37.73400025133062,0.680728006367268
37.737935795787365,0.9266511851473835
37.74187134024412,0.7961601386897889
37.74580688470087,1.2297091236581539
37.74974242915762,0.5776142344001209
37.75367797361437,1.142827719766848
37.757613518071125,3.229216530024196
37.76154906252788,1.4648721398637083
37.76548460698463,0.373065425150905
37.76942015144138,1.3254939608817413
37.77335569589813,0.3866718479652058
37.77729124035488,0.2443300623063311
37.78122678481163,1.1770780293613328
37.78516232926838,0.7847709169840743
37.78909787372513,0.040046522632161935
37.793033418181885,0.6629158855669528
37.79696896263864,0.7309013169122467
37.80090450709539,0.09025602349399967
37.80484005155214,1.1693840906696014
37.80877559600889,0.3358639117254052
37.81271114046564,0.7275704400623271
37.81664668492239,0.7619286924869821
37.82058222937914,0.0040209491500442845
37.82451777383589,0.15636906585965848
37.828453318292645,0.041402222656763486
37.8323888627494,0.20816620155797597
37.83632440720615,0.43474879080922346
37.8402599516629,1.4653956872848137
37.84419549611965,2.536295780371005
37.848131040576405,3.513751054084376
37.85206658503315,5.216439816631554
37.8560021294899,3.1418715638554535
37.85993767394665,0.8658316294563129
37.863873218403405,1.5912176636013295
37.86780876286016,2.2473615335347694
37.87174430731691,2.15916302103898
37.87567985177366,0.6874557068649075
37.87961539623041,0.26587600673365036
37.883550940687165,0.045818275197988485
37.88748648514392,0.40900377549004596
37.89142202960066,1.1135422238166803
37.89535757405741,0.42575121850028724
37.899293118514166,1.4823440531279517
37.90322866297092,3.4415567522447117
37.90716420742767,2.220932065117455
37.91109975188442,0.30946933270795013
37.91503529634117,0.17837662731354473
37.918970840797925,0.07162412419286604
37.92290638525468,0.02931021858919041
37.92684192971143,0.6888510492974245
37.930777474168174,3.1192445511074394
37.934713018624926,2.6415225738292065
37.93864856308168,0.3422964199423801
37.94258410753843,0.11466067508711683
37.94651965199518,0.14392254334068608
37.950455196451934,0.20171451492556186
37.954390740908686,0.3066582061382711
37.95832628536544,0.8757330279770836
37.96226182982219,2.224128785580826
37.96619737427894,1.1295338797818086
37.970132918735686,0.0784404871062403
37.97406846319244,0.3980832541902489
37.97800400764919,0.33228733103250424
37.98193955210594,1.6788284544629362
37.98587509656269,0.7343987130968801
37.989810641019446,0.2651383389391442
37.9937461854762,0.11253422041390589
37.99768172993295,0.7401581370603244
38.0016172743897,0.7233155027910941
38.00555281884645,0.09744635909631875
38.0094883633032,0.024612922213993502
38.01342390775995,0.04221169103112138
38.0173594522167,0.1479691209656056
38.021294996673454,0.411797587666112
38.025230541130206,0.21690980600411747
38.02916608558696,1.5220499053739133e-05
38.03310163004371,0.014286092416578517
38.03703717450046,0.11815534903240928
38.040972718957214,0.2789879248209203
38.044908263413966,0.37578837881543825
38.04884380787071,0.075366109439422
38.05277935232746,0.38605153614112725
38.05671489678421,0.5343777029606933
38.060650441240966,0.5128840287478637
38.06458598569772,1.4209592335141206
38.06852153015447,1.3128632874164206
38.07245707461122,0.72169895737788
38.07639261906797,0.2971059462359001
38.080328163524726,0.13596272623027908
38.08426370798148,0.18048920045327363
38.08819925243822,0.3207200503244175
38.092134796894975,1.2228383041625293
38.09607034135173,1.0746254742322143
38.10000588580848,0.2864629243016367
38.10394143026523,0.9368983370240583
38.10787697472198,0.4762600143370697
38.111812519178734,0.06060901183120738
38.115748063635486,0.6237065392863476
38.11968360809224,0.1797311393205769
38.12361915254899,0.11657371437081623
38.127554697005735,0.38965302178640565
38.13149024146249,0.1374711703522111
38.13542578591924,0.04529839903427745
38.13936133037599,0.2332165627282933
38.14329687483274,0.47630681241151657
38.14723241928949,0.47175687934861654
38.151167963746246,0.5806040346330497
38.155103508203,0.6816297467113697
38.15903905265975,2.8998287694611475
38.1629745971165,4.553689564810827
38.16691014157325,1.5403177657937297
38.17084568603,0.13287638455864886
38.17478123048675,0.15406325208060945
38.1787167749435,0.6472139696606399
38.182652319400255,0.8440157828512285
38.18658786385701,0.043519356328297835
38.19052340831376,0.24340562870974852
38.19445895277051,0.04708859914778989
38.19839449722726,0.3412010881787257
38.202330041684014,1.7672729072725353
38.20626558614076,2.254906892790799
38.21020113059751,0.4334100733987635
38.21413667505426,0.3849783026936594
38.218072219511015,2.0940164995778865
38.22200776396777,1.9086619595223573
38.22594330842452,0.07034342819722947
38.22987885288127,1.0046549442036399
38.23381439733802,0.4344603454618435
38.237749941794775,0.6046977906225443
38.24168548625153,0.2010836853281443
38.24562103070827,0.47503431067148044
38.24955657516502,1.2354119936884345
38.253492119621775,0.44783730572707353
38.25742766407853,0.15333272510362927
38.26136320853528,1.1996873532460235
38.26529875299203,1.2668697306418406
38.26923429744878,0.18819837519905994
38.273169841905535,0.2713645755729393
38.27710538636229,0.11213050877802891
38.28104093081904,0.04017077879817169
38.28497647527578,0.034905255980739555
38.288912019732535,0.050716745936967234
38.29284756418929,0.07679490767676109
38.29678310864604,0.1586834414543057
38.30071865310279,0.5393594398456538
38.30465419755954,0.06063846729300498
38.308589742016295,0.26717715183735746
38.31252528647305,0.2672070766198683
38.3164608309298,0.4780825178761449
38.32039637538655,0.2935001474052758
38.324331919843296,0.19732166820955657
38.32826746430005,0.8774044774206611
38.3322030087568,1.1469199666973047
38.33613855321355,1.451387737234083
38.3400740976703,0.8303042415649787
38.344009642127055,0.27282391697558256
38.34794518658381,0.5063482576052301
38.35188073104056,0.9299136175956365
38.35581627549731,0.6868006379638331
38.359751819954056,3.193492178926905
38.36368736441081,2.135336149698203
38.36762290886756,0.08688325749354604
38.37155845332431,0.058392471588840346
38.37549399778106,0.06477500534817951
38.379429542237816,0.14231757477030613
38.38336508669457,0.021697695239341713
38.38730063115132,0.16117713559386287
38.39123617560807,0.4031443473457099
38.39517172006482,0.5694655599476562
38.39910726452157,0.9695063827135991
38.40304280897832,1.6524423617021524
38.40697835343507,1.3912620548205354
38.410913897891824,0.7448106550531133
38.414849442348576,1.4257880083583492
38.41878498680533,0.64323724997797
38.42272053126208,1.3369015701624378
38.42665607571883,2.2492179938489905
38.43059162017558,0.8497832859470106
38.434527164632335,0.17200252226992344
38.43846270908908,0.08959311475599725
38.44239825354583,0.2957420896859263
38.44633379800258,0.48433675119419234
38.450269342459336,0.22772307379621307
38.45420488691609,0.6085004507869141
38.45814043137284,1.3179701798552206
38.46207597582959,0.8016027093230557
38.46601152028634,0.2018768457844611
38.469947064743096,0.48441231227870485
38.47388260919985,0.16695022789621247
38.47781815365659,0.6398742967605421
38.481753698113344,1.4752261906607738
38.485689242570096,0.4923765454366928
38.48962478702685,0.041620101142166854
38.4935603314836,0.2850439669782736
38.49749587594035,0.0348413778632514
38.501431420397104,0.1490627682299077
38.505366964853856,0.43054198446899555
38.50930250931061,0.0914626623319647
38.51323805376736,0.18605368638754502
38.517173598224105,0.43298194763541714
38.52110914268086,0.05022751462838314
38.52504468713761,0.26455505134946095
38.52898023159436,0.1657140328344693
38.53291577605111,0.9295832316342889
38.53685132050786,1.5096100220799145
38.540786864964616,0.6631143915173131
38.54472240942137,0.1178827504124929
38.54865795387812,0.07436234508075253
38.55259349833487,0.4850030096151543
38.55652904279162,0.46525014333981285
38.56046458724837,0.11200941924775491
38.56440013170512,2.1670953847204273
38.56833567616187,2.678824845061752
38.572271220618624,0.42311101257082395
38.576206765075376,0.4068666217074073
38.58014230953213,1.0088184419326653
38.58407785398888,0.3777060607413287
38.58801339844563,1.3601820659491504
38.591948942902384,2.8510695496765655
38.59588448735913,1.241759536448905
38.59982003181588,0.5586923852846833
38.60375557627263,2.0687675705843898
38.607691120729385,0.5786587842158109
38.61162666518614,0.1919343156223605
38.61556220964289,0.356494207122254
38.61949775409964,0.011957588077933849
38.62343329855639,0.04355521876601197
38.62736884301314,0.14608863948063702
38.631304387469896,0.3330194656003073
38.63523993192664,1.5303568556543523
38.63917547638339,2.0615444628319706
38.64311102084015,0.7244346418833061
38.6470465652969,0.2074559211076446
38.65098210975365,0.38267911389477427
38.6549176542104,0.142042562093182
38.65885319866715,1.1532057679175827
38.66278874312391,1.8753272079863919
38.66672428758066,1.327787339800655
38.67065983203741,1.4002198401221249
38.67459537649415,0.5007850532000309
38.678530920950905,1.635911163224391
38.68246646540766,0.9437450311424278
38.68640200986441,0.3166883176487258
38.69033755432116,1.6606148853540628
38.69427309877791,0.172655765650574
38.698208643234665,2.4978760412181176
38.70214418769142,3.313714304205246
38.70607973214817,0.29064988137774267
38.71001527660492,1.3446128962463852
38.71395082106167,1.7449431460960179
38.71788636551842,0.15106763998927028
38.72182190997517,0.4709653738206425
38.72575745443192,0.9612800293576799
38.72969299888867,0.5240795440944497
38.73362854334543,0.3633010280624613
38.73756408780218,0.6977073518721363
38.74149963225893,0.8918062705416663
38.74543517671568,0.3961282218232421
38.74937072117243,0.2977691356182411
38.75330626562918,0.28511802067970055
38.75724181008593,0.0194057159868458
38.76117735454268,0.41452847776929597
38.76511289899943,0.10033081952731057
38.769048443456185,0.8763275821416436
38.77298398791294,1.5572426943923736
38.77691953236969,1.6751642531107396
38.78085507682644,1.7095563987346765
38.78479062128319,1.014597964717098
38.788726165739945,0.026601024125729993
38.79266171019669,1.4312850683347447
38.79659725465344,2.090191060428587
38.800532799110194,0.06430398458942037
38.80446834356695,0.8977466321259584
38.8084038880237,1.2694900868548467
38.81233943248045,1.8784961704844496
38.8162749769372,1.571516892575026
38.82021052139395,0.05408746325225128
38.82414606585071,0.8200781185603041
38.82808161030746,1.9075176949282808
38.8320171547642,1.4621906292198779
38.83595269922096,0.7409286981641193
38.839888243677706,0.07988149735354974
38.84382378813446,0.39646578503428453
38.84775933259121,0.8358317282602503
38.85169487704796,0.015966077957229822
38.85563042150471,0.4457581336607904
38.859565965961465,0.48752297070966194
38.86350151041822,1.6143583544334101
38.86743705487497,1.9592315357558354
38.871372599331714,2.3281414982698014
38.87530814378847,3.3709745779305162
38.87924368824522,3.1092221503341193
38.88317923270197,1.123371982509438
38.88711477715872,0.03156002803851744
38.891050321615474,1.0088700416277279
38.89498586607223,3.385320822270695
38.89892141052898,3.1058883180567776
38.90285695498573,0.6656001736889159
38.90679249944248,1.0965806933963835
38.910728043899226,0.5206344957340048
38.91466358835598,2.9890074102568525
38.91859913281273,2.430504417901625
38.92253467726948,0.35356573598345603
38.92647022172624,0.09593981760683429
38.930405766182986,0.24440478551270078
38.93434131063974,1.0782061083205798
38.93827685509649,1.068309578297982
38.94221239955324,0.41017571368761546
38.94614794400999,1.2838050341281737
38.95008348846674,0.27216560878761953
38.95401903292349,1.3324329736955631
38.95795457738024,0.6851973984753945
38.961890121836994,0.3134193024877662
38.96582566629375,0.2235338232635745
38.9697612107505,0.15000430473898108
38.97369675520725,0.25787473924422655
38.977632299664,0.434504541641949
38.981567844120754,1.2583846144143662
38.9855033885775,0.7416266013156635
38.98943893303425,0.21367396443952313
38.993374477491,0.18849669486653756
38.99731002194776,1.834469892744124
39.001245566404506,2.995665435690189
39.00518111086126,0.18641149882901947
39.00911665531801,1.4871088494639788
39.01305219977476,1.4079357958230552
39.01698774423152,0.11460244320184353
39.020923288688266,0.6159802802124212
39.02485883314501,0.09413368025444195
39.02879437760176,0.07732583617938311
39.03272992205852,0.5511802551796303
39.03666546651527,0.11878236712159196
39.04060101097202,0.8784111012730729
39.04453655542877,1.9238689054592517
39.04847209988552,1.0974963842505208
39.052407644342274,0.2426099849394006
39.05634318879903,0.40626437867856235
39.06027873325578,0.6918677861849909
39.06421427771252,0.7235052796796833
39.06814982216928,0.856056242157741
39.07208536662603,0.14429297751194933
39.07602091108278,0.8356244242992195
39.07995645553953,0.5510090587147868
39.08389199999628,1.0350691051724188
39.08782754445304,0.08326306315527063
39.09176308890979,0.7237112856559265
39.09569863336654,0.613890885387807
39.09963417782329,0.28086479370610756
39.10356972228004,1.0318035265992804
39.10750526673679,1.9123143840301968
39.11144081119354,1.3311760400612302
39.11537635565029,0.8096866822731161
39.11931190010704,0.08593981903349857
39.1232474445638,0.5886613714107087
39.12718298902055,0.017454921855247916
39.1311185334773,1.4874850139098084
39.13505407793405,2.4248666989056287
39.1389896223908,2.39907496044577
39.14292516684755,3.3760769584821024
39.1468607113043,3.6486894334764033
39.15079625576105,3.3939685380567934
39.1547318002178,1.354619405313002
39.15866734467456,0.6138112774178799
39.16260288913131,0.885184120082019
39.16653843358806,0.06046061482288572
39.17047397804481,0.4732037846986117
39.17440952250156,0.8787672320901702
39.17834506695832,0.8125574163536446
39.18228061141506,0.3284045288651031
39.18621615587181,0.6536447503604632
39.19015170032856,1.6806580030680838
39.19408724478532,1.2059531313367684
39.19802278924207,1.604420434440488
39.20195833369882,1.8493176418389925
39.20589387815557,1.668814691143731
39.20982942261232,1.0758837284937048
39.21376496706908,0.6266985970521446
39.21770051152583,1.6508339558305494
39.22163605598257,0.732860540387871
39.22557160043933,0.024071704047621618
39.22950714489608,0.33302281013126367
39.23344268935283,0.3448176806460347
39.23737823380958,0.6933134675648859
39.24131377826633,1.063226657018829
39.24524932272308,0.21680124976803938
39.24918486717984,0.5329735195993915
39.25312041163659,2.1160474386700265
39.25705595609334,1.84559753428155
39.26099150055008,1.1777033432910062
39.26492704500684,0.9882401434040494
39.26886258946359,0.4491318181882784
39.27279813392034,2.0932347708839485
39.27673367837709,3.1391552014242667
39.28066922283384,1.311470879152304
39.2846047672906,0.12882943054185492
39.28854031174735,0.10637118620738766
39.2924758562041,0.7436984589217096
39.29641140066085,1.6299825649775634
39.3003469451176,0.6873685196006504
39.30428248957435,0.05056175516876773
39.3082180340311,0.7428067274291261
39.31215357848785,0.4932966198353297
39.31608912294461,0.4655708700379473
39.32002466740136,0.2807166521901151
39.32396021185811,0.08390198173603236
39.32789575631486,0.22350173236208043
39.33183130077161,0.30851193447188735
39.33576684522836,1.1550209995596397
39.33970238968511,0.565279181672238
39.34363793414186,1.3586825221967285
39.34757347859861,0.8200579366201242
39.35150902305536,0.3904103285537666
39.35544456751212,0.10314832109087829
39.35938011196887,0.7672316203179632
39.36331565642562,1.6996350406667242
39.36725120088237,0.378945787406671
39.37118674533912,0.7136069158427345
39.37512228979588,0.9775167293760071
39.37905783425262,0.6342583628480092
39.38299337870937,0.02464963847134487
39.38692892316613,0.18198160260524668
39.39086446762288,0.19513933687132284
39.39480001207963,2.5224710299659847
39.39873555653638,2.6241436533251097
39.40267110099313,0.18754562950571624
39.40660664544989,1.0010390815729853
39.41054218990664,1.5083653293895118
39.41447773436339,0.21258186403563678
39.41841327882013,0.785859627064091
39.42234882327688,1.9136474472210634
39.42628436773364,0.9296028816755239
39.43021991219039,0.11098870259705128
39.43415545664714,0.07433480301140413
39.43809100110389,0.273173501520221
39.44202654556064,1.1648890808077579
39.4459620900174,2.0626056898559693
39.44989763447415,0.6448969925901548
39.4538331789309,0.25817468987184267
39.457768723387645,1.0123544248155456
39.4617042678444,1.0013611122326176
39.46563981230115,1.5923804664433494
39.4695753567579,0.8301758572971574
39.47351090121465,0.4963245106725803
39.47744644567141,0.24307846115979878
39.48138199012816,0.53367261256425
39.48531753458491,0.5196118249776445
39.48925307904166,0.6341297720012314
39.493188623498405,2.445763667743674
39.49712416795516,1.8666194009973478
39.50105971241191,0.53177971002178
39.50499525686866,0.7798830076479871
39.50893080132541,1.1653633024580565
39.512866345782165,0.5637043206373321
39.51680189023892,1.3354396473408392
39.52073743469567,2.0382369953710957
39.52467297915242,1.2147109336499629
39.52860852360917,0.7195971543639359
39.53254406806592,0.9509125710196012
39.53647961252267,4.579190180740145
39.54041515697942,2.1940571168748835
39.54435070143617,0.4574861355596481
39.548286245892925,0.4604261567332345
39.55222179034968,0.011853961296840295
39.55615733480643,0.01770677863609573
39.56009287926318,1.2107829847568334
39.56402842371993,2.2471126144408746
39.56796396817669,0.8260323126719378
39.57189951263343,0.1342675712863328
39.57583505709018,0.669669521592936
39.57977060154693,1.0976749127058194
39.583706146003685,1.5202468757501508
39.58764169046044,1.2637283547384064
39.59157723491719,1.0123011709961187
39.59551277937394,0.6965019172544469
39.59944832383069,0.38023934135044474
39.603383868287445,0.03249880663876525
39.6073194127442,0.5144917153870769
39.61125495720094,0.37131373236592274
39.61519050165769,0.21019683953450832
39.619126046114445,0.2528529429015156
39.6230615905712,0.1767130498091009
39.62699713502795,0.8570619578410136
39.6309326794847,1.3072268012453014
39.63486822394145,1.2488863533075945
39.638803768398205,0.22566970695412525
39.64273931285496,1.1241549967266107
39.64667485731171,1.1389300747375155
39.65061040176845,1.5180573083377167
39.654545946225205,1.9786966399598374
39.65848149068196,0.6422394404739113
39.66241703513871,1.113074592647748
39.66635257959546,2.3945107247491366
39.67028812405221,1.329219478642989
39.674223668508965,0.04405984187248678
39.67815921296572,1.0386122363038108
39.68209475742247,1.324446449878317
39.68603030187922,0.7988740031980357
39.689965846335966,4.834904142545498
39.69390139079272,3.7612418460805754
39.69783693524947,1.818937080652078
39.70177247970622,0.43908031234497535
39.70570802416297,0.2173851277801094
39.709643568619725,1.277803459426006
39.71357911307648,4.201878557768195
39.71751465753323,2.026620757663375
39.72145020198998,0.36690263669068995
39.72538574644673,2.2008275064018394
39.72932129090348,0.2391225092319397
39.73325683536023,0.6107017326865695
39.73719237981698,0.2320456497103045
39.74112792427373,0.18877315111807344
39.745063468730486,0.15735491348074634
39.74899901318724,0.37700089925489433
39.75293455764399,0.35349203547827984
39.75687010210074,1.904598817140244
39.76080564655749,0.5402188654390813
39.764741191014245,0.5695621628438322
39.76867673547099,1.3213841221447167
39.77261227992774,0.05663112696377469
39.776547824384494,0.3322941667821656
39.780483368841246,0.8221354654760412
39.784418913298,1.4701229137165455
39.78835445775475,0.6862845147993714
39.7922900022115,0.5609843619517206
39.79622554666825,1.759580286090934
39.800161091125005,1.381497242987485
39.80409663558176,0.10099007529222034
39.8080321800385,1.4399800495469977
39.81196772449525,3.193839801564075
39.815903268952006,1.1208548499074733
39.81983881340876,0.20727948428518267
39.82377435786551,0.49237515903553897
39.82770990232226,0.38584141060545324
39.83164544677901,0.6051807200251968
39.835580991235766,0.4077234729590486
39.83951653569252,0.24875379569177603
39.84345208014927,0.6042835944776138
39.847387624606014,0.8796231257931658
39.851323169062766,0.5262645224285186
39.85525871351952,0.23547108777669878
39.85919425797627,0.4957528490295465
39.86312980243302,0.361363468465017
39.867065346889774,0.11231533062281215
39.871000891346526,0.059965491148266103
39.87493643580328,1.0864671330048614
39.87887198026003,1.4832657446185735
39.88280752471678,0.1543833427289363
39.88674306917353,0.23575075071987248
39.89067861363028,0.06981520374007168
39.89461415808703,1.821217788868614
39.89854970254378,1.5352550164734236
39.90248524700053,0.08723880725426356
39.906420791457286,0.29275192790597754
39.91035633591404,0.054173313745159164
39.91429188037079,0.046083450857326645
39.91822742482754,0.5231806364322215
39.92216296928429,1.3194473430890366
39.92609851374104,0.8977257155608481
39.93003405819779,0.1279057799473918
39.93396960265454,0.13095377759017035
39.937905147111294,0.07641927325559361
39.941840691568046,0.7840599789619369
39.9457762360248,2.831620910447177
39.94971178048155,3.080574253592643
39.9536473249383,1.3048619189510924
39.957582869395054,1.0182566590155047
39.961518413851806,1.713992067065155
39.96545395830855,0.9398334569061575
39.9693895027653,0.16495188356471854
39.973325047222055,0.596023648601913
39.97726059167881,0.6227614142912887
39.98119613613556,0.1758507060956293
39.98513168059231,0.11795348468956637
39.98906722504906,0.43714827123275557
39.99300276950581,0.5727613264288638
39.996938313962566,0.17484876580633762
40.00087385841932,0.30164020322452606
40.00480940287606,0.9716952701298649
40.008744947332815,0.4837254903683285
40.01268049178957,0.07616898167905978
40.01661603624632,0.28618365109795985
40.02055158070307,0.9753990062701036
40.02448712515982,0.20929184936151551
40.028422669616575,1.198572564350282
40.03235821407333,3.452848138209175
40.03629375853008,2.0840883239345374
40.04022930298682,1.3652226048644365
40.044164847443575,0.5962346897929764
40.04810039190033,0.2263082733964043
40.05203593635708,0.34120668241868196
40.05597148081383,0.08600603636482172
40.05990702527058,1.0581786437304697
40.063842569727335,1.063913913046441
40.06777811418409,1.1327938569010458
40.07171365864084,1.0693004757132467
40.07564920309759,0.11550991583263016
40.079584747554335,0.7125913437325874
40.08352029201109,1.119658729127622
40.08745583646784,0.9522523291716198
40.09139138092459,1.2086625358084182
40.09532692538134,0.7056589695345308
40.099262469838095,0.42050896548302097
40.10319801429485,0.06825441195561094
40.1071335587516,0.4045459037685836
40.11106910320835,1.154661692455917
40.1150046476651,1.3013981158332861
40.11894019212185,1.266522168693139
40.1228757365786,0.5307818029582494
40.12681128103535,0.6428827486119875
40.1307468254921,0.6046441251779917
40.134682369948855,0.026184083891386056
40.13861791440561,1.4661417934783185
40.14255345886236,1.8197460358530948
40.14648900331911,0.197549503127325
40.15042454777586,0.4495220817388587
40.154360092232615,1.174900602355116
40.15829563668936,1.6177198881439736
40.16223118114611,2.8100814807333077
40.166166725602864,3.3459487340999927
40.170102270059616,1.5165223130236847
40.17403781451637,0.543684464506709
40.17797335897312,0.4777493248584816
40.18190890342987,0.33233738637311355
40.18584444788662,0.9364332856992841
40.189779992343375,1.3675977810971311
40.19371553680013,1.1086090238260518
40.19765108125687,0.32639175955259536
40.20158662571362,0.028034982525513123
40.205522170170376,0.20357036857175123
40.20945771462713,0.1738063661882047
40.21339325908388,0.21549275541498408
40.21732880354063,0.27595332836657144
40.22126434799738,0.10330864752859846
40.225199892454135,0.007218812206963652
40.22913543691089,0.056714304496502624
40.23307098136764,0.09524653887499258
40.237006525824384,0.2270200235421582
40.240942070281136,0.23932838340238582
40.24487761473789,0.5904218469033995
40.24881315919464,0.2819384203981394
40.25274870365139,0.216955304474794
40.256684248108144,1.4883324237045181
40.260619792564896,1.584097282790561
40.26455533702165,0.5460348410220215
40.2684908814784,0.5388214746185273
40.27242642593515,1.5891275130946703
40.276361970391896,1.4441283301965415
40.28029751484865,1.3540631932932385
40.2842330593054,2.9908222954730945
40.28816860376215,1.7023279042182353
40.2921041482189,1.007556719451019
40.296039692675656,2.6325877853789406
40.29997523713241,1.0919141781961152
40.30391078158916,0.22914360119485006
40.30784632604591,0.7110148420356561
40.31178187050266,0.2367409162743144
40.31571741495941,0.6926911560533275
40.31965295941616,1.9912577062409822
40.32358850387291,0.9746176476822883
40.327524048329664,0.01301802039266261
40.331459592786416,0.08852484757414208
40.33539513724317,0.028392615438968077
40.33933068169992,0.03808166814438388
40.34326622615667,0.055350986866048675
40.347201770613424,0.49680758129637204
40.351137315070176,0.5325997398664207
40.35507285952692,0.13952942145451708
40.35900840398367,0.15153197143252703
40.36294394844042,0.17251221634153047
40.366879492897176,0.5647818294929662
40.37081503735393,0.8514349007761512
40.37475058181068,0.18300896066620811
40.37868612626743,0.08613559338755318
40.38262167072418,0.30440176992164525
40.386557215180936,0.2771071009566309
40.39049275963769,0.29135494161203473
40.39442830409443,0.17007231691753932
40.39836384855119,0.13989776766376008
40.40229939300794,0.010392199825779538
40.40623493746469,0.09308928337642745
40.41017048192144,0.09356291014477855
40.41410602637819,0.18620812584520674
40.418041570834944,0.3245038442527922
40.421977115291696,0.4461196617971338
40.42591265974845,0.26392693898712
40.4298482042052,0.013941274095219246
40.433783748661945,0.07873467446456049
40.4377192931187,0.22958011389587032
40.44165483757545,1.0344053935570725
40.4455903820322,0.25456229805935576
40.44952592648895,0.35625160838241243
40.453461470945705,0.3023720025501044
40.45739701540246,0.03493058211088403
40.46133255985921,0.058317524064894356
40.46526810431596,0.08671631101745417
40.46920364877271,0.06307893605489402
40.47313919322946,0.29831539995581213
40.47707473768621,0.8976307763964074
40.48101028214296,0.5890745995998393
40.48494582659971,1.1494892754562664
40.48888137105647,1.8739616909751544
40.49281691551322,0.9830949107955469
40.49675245996997,0.055233054357289604
40.50068800442672,0.6377122052161347
40.50462354888347,0.07602441508816164
40.508559093340224,0.2588188928343872
40.51249463779697,0.12241452863951215
40.51643018225372,0.13631762349572407
40.52036572671047,0.19379938308110944
40.524301271167225,0.03329452403305944
40.52823681562398,0.20155705722444997
40.53217236008073,0.18044023985752775
40.53610790453748,0.6282457400083158
40.54004344899423,1.4071454856769425
40.543978993450985,0.7576079238590462
40.54791453790774,0.11312582710113905
40.55185008236448,0.2541778140534307
40.55578562682123,0.20871109626886508
40.55972117127799,1.0889683721938865
40.56365671573474,0.2944095196485209
40.56759226019149,0.20801499214979957
40.57152780464824,0.506477080736824
40.57546334910499,0.05541517132697338
40.57939889356175,0.012560710154900005
40.5833344380185,0.18743435653112311
40.58726998247524,1.051038993799221
40.591205526932,1.255725460045714
40.595141071388746,1.6464126691869547
40.5990766158455,2.515169696981582
40.60301216030225,2.1830899898488636
40.606947704759,1.5406449487996963
40.61088324921575,1.7709755455585878
40.614818793672505,1.1731103469525153
40.61875433812926,0.1930089541846204
40.62268988258601,0.09294889928796317
40.626625427042754,0.9206428705891563
40.63056097149951,2.0481455182548762
40.63449651595626,1.7252021338503338
40.63843206041301,1.9035337338140468
40.64236760486976,1.2982119919274484
40.64630314932651,0.2221640234609671
40.65023869378327,0.10942229730454389
40.65417423824002,0.2903740833949893
40.65810978269677,0.3268012798429074
40.66204532715352,0.08393349297197521
40.665980871610266,0.22059135459152024
40.66991641606702,1.285459075572441
40.67385196052377,2.5516074334275354
40.67778750498052,2.7366510675902225
40.68172304943728,2.1589037039458963
40.685658593894026,1.7116409762000426
40.68959413835078,1.3331943048465271
40.69352968280753,1.4416777767278823
40.69746522726428,1.5217111949035886
40.70140077172103,1.1635491136640108
40.70533631617778,0.16270584125031617
40.70927186063453,0.2182884133271507
40.71320740509128,0.19157050486362912
40.717142949548034,0.029089887400937587
40.72107849400479,0.4944570413190312
40.72501403846154,0.7152609890451324
40.72894958291829,0.14026395469033814
40.73288512737504,0.1981828633218355
40.736820671831794,1.2895076377921983
40.74075621628855,2.6822049392833898
40.74469176074529,2.4506537115375973
40.74862730520204,1.0646110166043352
40.7525628496588,0.5741388688935061
40.756498394115546,0.4606097391366669
40.7604339385723,0.32389849372948126
40.76436948302905,0.0241149935940759
40.7683050274858,0.06093066273513675
40.77224057194256,0.032673559431450075
40.776176116399306,0.016929452012397594
40.78011166085606,0.6639965041214971
40.7840472053128,3.1502829133034242
40.787982749769554,2.882160107982726
40.79191829422631,1.5066771276894961
40.79585383868306,6.07745595744704
40.79978938313981,5.519183126225475
40.80372492759656,1.9756799215386187
40.807660472053314,1.7986971231596338
40.81159601651007,1.9582416771130016
40.81553156096682,1.2438863686336896
40.81946710542357,0.2866199352787706
40.82340264988032,0.8371784587746228
40.82733819433707,0.8449157128090499
40.83127373879382,0.26337174918395023
40.83520928325057,1.4382336453680247
40.83914482770732,4.2604467771973065
40.84308037216408,4.342853897914258
40.847015916620826,1.5749701129477622
40.85095146107758,0.13433992916757495
40.85488700553433,0.4065186612610121
40.85882254999108,0.2622971201804179
40.86275809444783,0.43538625674198966
40.86669363890458,0.26877073387934314
40.87062918336133,0.6297829895737161
40.87456472781808,0.07939074076001473
40.87850027227484,0.4994661609910698
40.88243581673159,0.93873254492339
40.88637136118834,1.3738793116126657
40.89030690564509,2.8634539075231293
40.89424245010184,2.5117600370856215
40.898177994558594,0.38203978259160637
40.90211353901534,2.2012982484263244
40.90604908347209,3.084593580081892
40.90998462792884,2.7395437231578055
40.9139201723856,2.23444585444909
40.91785571684235,0.6141916783048568
40.9217912612991,0.17114967004038484
40.92572680575585,1.1735321836542727
40.9296623502126,0.9769339511961751
40.93359789466936,0.09196023647465781
40.937533439126106,1.985511164970939
40.94146898358285,4.314396525530612
40.9454045280396,4.300305387500447
40.94934007249636,0.8525390809932524
40.95327561695311,0.9068198940701944
40.95721116140986,1.8189235926213203
40.96114670586661,0.34285026990229356
40.96508225032336,0.841630056625139
40.96901779478012,2.0137100341959644
40.97295333923687,0.6199330146952845
40.97688888369362,1.411420572313444
40.98082442815036,2.620107475534605
40.98475997260712,0.26316156274973573
40.98869551706387,0.9256614939866676
40.99263106152062,0.4391353945271471
40.99656660597737,2.036550592373248
41.00050215043412,7.217979200480406
41.00443769489088,3.440328841210323
41.00837323934763,0.08019981690321878
41.01230878380438,1.7504012311940156
41.01624432826113,0.8913404766349099
41.02017987271788,0.64604932491811
41.02411541717463,2.1902785954568547
41.02805096163138,1.243692638609274
41.03198650608813,0.8086576507804061
41.03592205054488,2.236810463070696
41.03985759500164,1.3226319248244671
41.04379313945839,1.0907036612886374
41.04772868391514,1.358794239662546
41.05166422837189,0.5845937023853874
41.05559977282864,0.13184211370171353
41.05953531728539,0.26091290625401004
41.06347086174214,0.27647356093583514
41.06740640619889,0.15989393298559376
41.07134195065564,1.1237735929411798
41.0752774951124,4.08449028589713
41.07921303956915,3.3827705102691223
41.0831485840259,0.3297810128275512
41.08708412848265,0.3409132506806235
41.0910196729394,1.2117468500962403
41.09495521739616,1.4153576486253705
41.0988907618529,0.4467261207707671
41.10282630630965,0.02481368609017469
41.1067618507664,0.9271686903020513
41.11069739522316,1.9889985394804774
41.11463293967991,1.2334803488706543
41.11856848413666,0.3413137724753266
41.12250402859341,0.20134166669054945
41.12643957305016,0.03558777613741658
41.13037511750692,1.1313087262797066
41.13431066196367,4.551478474374974
41.13824620642041,3.745863393681585
41.14218175087717,0.6244753794805686
41.14611729533392,1.0200090952235998
41.15005283979067,0.7220551219502809
41.15398838424742,0.00043857331102744077
41.15792392870417,0.5558086653981229
41.16185947316092,0.529519364353782
41.16579501761768,0.06960062483369597
41.16973056207443,1.3638015708660456
41.17366610653117,1.4304348605209485
41.17760165098792,1.3586452207302617
41.18153719544468,1.3280721260097401
41.18547273990143,0.4365906374596881
41.18940828435818,0.06922692857757981
41.19334382881493,0.350446451234062
41.19727937327168,1.7264053012641212
41.20121491772844,2.1174418091949603
41.20515046218519,0.9292806997622143
41.20908600664194,0.3398759912704632
41.21302155109869,0.06745017279671274
41.21695709555544,0.2504159536212891
41.22089264001219,1.1098299456371923
41.22482818446894,1.6604953798926565
41.22876372892569,1.383581008065071
41.23269927338245,0.22093492895209602
41.2366348178392,0.4055984632670365
41.24057036229595,0.45219886863027353
41.2445059067527,1.218677284148104
41.24844145120945,0.8286483616124226
41.2523769956662,0.1132259709374343
41.25631254012295,0.18814588130673687
41.2602480845797,0.06692121272113064
41.26418362903645,0.14898368042286
41.2681191734932,0.8608533653091978
41.27205471794996,1.1868995339045403
41.27599026240671,0.07305426197995278
41.27992580686346,1.7705357815372267
41.28386135132021,1.3291518036451726
41.28779689577696,0.2634904385122587
41.29173244023371,0.44455051657355943
41.29566798469046,0.07816287890739415
41.29960352914721,1.0873927017049145
41.303539073603964,2.0821827569797438
41.30747461806072,1.642324189898184
41.31141016251747,1.102745490462332
41.31534570697422,0.3505208820006932
41.31928125143097,0.1659274521392899
41.32321679588773,0.3647965103168055
41.32715234034448,0.014920055140858505
41.33108788480122,0.3795106040633221
41.33502342925797,0.008791755368799881
41.338958973714725,0.8056052235580738
41.34289451817148,1.389512653322408
41.34683006262823,1.1580292218467292
41.35076560708498,0.18785487750289825
41.35470115154173,0.8114413146649784
41.35863669599848,1.2837018240821887
41.36257224045524,0.13512755471476814
41.36650778491199,0.47594794745503016
41.37044332936873,0.04779264249161566
41.374378873825485,0.789838080928023
41.37831441828224,0.743761681743375
41.38224996273899,0.40923969336540356
41.38618550719574,0.7715742201438308
41.39012105165249,0.11619176767455985
41.394056596109245,0.6402938872642542
41.397992140566,0.7483329958196567
41.40192768502275,0.7429303924340928
41.4058632294795,0.6250666367575879
41.409798773936245,0.35447780616657737
41.413734318393,0.058680346059807556
41.41766986284975,0.74176066071056
41.4216054073065,2.8404200370312984
41.42554095176325,4.492025152983443
41.429476496220005,5.290761339634377
41.43341204067676,4.801723323672832
41.43734758513351,2.9427955087001516
41.44128312959026,1.2974969478434353
41.44521867404701,0.4677704672905536
41.44915421850376,0.40224809934687933
41.45308976296051,1.2062713918809338
41.45702530741726,1.8303646959680264
41.46096085187401,0.31061251600889606
41.464896396330765,0.41974377476569785
41.46883194078752,0.6756924437024492
41.47276748524427,0.41460353779306514
41.47670302970102,1.5309421963998853
41.48063857415777,0.45489303398100733
41.484574118614525,0.32828507489927955
41.48850966307127,1.859678554989367
41.49244520752802,0.9448650084733173
41.49638075198477,0.2305915441899343
41.500316296441525,1.740392831764241
41.50425184089828,0.9861362768801093
41.50818738535503,0.05518857797106303
41.51212292981178,0.03172638189055655
41.51605847426853,0.2306085362454702
41.519994018725285,0.24576004196871828
41.52392956318204,0.010742334347252708
41.52786510763878,0.2749005650124039
41.531800652095534,0.9522286289398972
41.535736196552286,1.9219199473771962
41.53967174100904,1.4228652889860633
41.54360728546579,0.811453100279278
41.54754282992254,1.2718136695398579
41.55147837437929,0.13555771369503972
41.555413918836045,0.4624269544734163
41.5593494632928,1.4979401148363176
41.56328500774955,1.8410467954081158
41.56722055220629,1.3199641886895839
41.571156096663046,3.2374095736878044
41.5750916411198,2.3919540132952677
41.57902718557655,0.8114264843261356
41.5829627300333,0.9682544891411811
41.58689827449005,0.00704527858145502
41.590833818946805,1.0536476653656448
41.59476936340356,0.41084266203274994
41.59870490786031,0.3421405403332276
41.60264045231706,1.496670017763144
41.606575996773806,0.754714757792434
41.61051154123056,0.40137016663761416
41.61444708568731,1.0553274367494094
41.61838263014406,0.5124953527871903
41.622318174600814,0.3055739368084055
41.626253719057566,1.180009477911301
41.63018926351432,1.0001768446132688
41.63412480797107,0.06113888657668645
41.63806035242782,0.856284237084574
41.64199589688457,1.7044873538036174
41.64593144134132,0.6502814697581639
41.64986698579807,0.45335603012194514
41.65380253025482,2.798272463083837
41.65773807471157,3.2358717817817335
41.661673619168326,0.6968623227975287
41.66560916362508,0.23068470617258732
41.66954470808183,1.2617869170803648
41.67348025253858,1.7765982294177094
41.67741579699533,2.418758767746406
41.681351341452086,1.0159414225830639
41.68528688590883,0.8955159280458845
41.68922243036558,1.5377515562562865
41.693157974822334,0.4220002635779747
41.697093519279086,0.01919992097410501
41.70102906373584,0.002834496823195036
41.70496460819259,0.21594876510566222
41.70890015264934,0.3511875682423492
41.712835697106094,0.24006650218106548
41.716771241562846,1.070552414076941
41.72070678601959,1.6575196071061304
41.72464233047634,0.941727558338073
41.72857787493309,0.4368483880702969
41.732513419389846,0.11376693140439208
41.7364489638466,0.28216981424849336
41.74038450830335,0.44287097620718624
41.7443200527601,0.9580190149352532
41.74825559721685,1.6941639652406137
41.752191141673606,0.23725178083747292
41.75612668613036,1.3042337156856896
41.7600622305871,2.8966722838132104
41.763997775043855,1.0238491227422823
41.76793331950061,0.00019206155165906483
41.77186886395736,0.12544957673994955
41.77580440841411,0.022839935531154553
41.77973995287086,0.01596280857664558
41.783675497327614,0.17057419705229843
41.787611041784366,0.21676246457682719
41.79154658624112,0.912491571700799
41.79548213069787,1.8716373925640069
41.799417675154615,0.6838581741796589
41.80335321961137,0.49548854823790117
41.80728876406812,0.5324226288877983
41.81122430852487,0.4094349212092884
41.81515985298162,0.5572878502125286
41.819095397438375,0.5555118181945311
41.82303094189513,1.063822779347845
41.82696648635188,0.08260145897732953
41.83090203080863,0.7468046149920141
41.83483757526538,1.1897787081055877
41.83877311972213,0.4953174569708697
41.84270866417888,0.2985762241167385
41.84664420863563,0.24815247909252125
41.85057975309238,1.1363181018321757
41.854515297549135,0.3257208922294656
41.85845084200589,0.15446901574715122
41.86238638646264,0.1492535301266813
41.86632193091939,0.06279473331291888
41.87025747537614,0.06647834496829465
41.874193019832894,0.6395803654046377
41.87812856428964,0.5933563126205695
41.88206410874639,0.019726449091132962
41.88599965320314,0.38780600638097995
41.889935197659895,0.010975848482311337
41.89387074211665,0.5878865340039897
41.8978062865734,0.1200884297574023
41.90174183103015,0.4590979676390393
41.9056773754869,0.8294201398526742
41.909612919943655,0.26511874326872903
41.91354846440041,0.397973423341876
41.91748400885715,0.0377773530250243
41.9214195533139,0.45918057367259485
41.925355097770655,0.5105035206212047
41.92929064222741,0.14931973023128817
41.93322618668416,0.2516890089285968
41.93716173114091,0.7468561672480232
41.94109727559766,1.1047793762981521
41.945032820054415,0.9814104786138286
41.94896836451117,0.775104608309408
41.95290390896792,0.5324049245960495
41.95683945342466,0.3125651066182942
41.960774997881416,0.3932972833540708
41.96471054233817,0.8058949699798919
41.96864608679492,0.7417572496316305
41.97258163125167,0.18338889881398726
41.97651717570842,0.004309793340415021
41.980452720165175,0.08378246416415182
41.98438826462193,0.007465513231776347
41.98832380907868,0.3357386439702202
41.99225935353543,0.602021436790055
41.996194897992176,0.14775607948914427
42.00013044244893,0.4359628156121034
42.00406598690568,0.017048252645240562
42.00800153136243,1.6555329259882403
42.01193707581918,1.966099776911875
42.015872620275935,0.3980820403036113
42.01980816473269,0.12750232112294269
42.02374370918944,0.17067907078988095
42.02767925364619,0.10299939033095329
42.03161479810294,0.30819504305729334
42.03555034255969,0.5898358000517604
42.03948588701644,0.4120198020543432
42.04342143147319,0.5635665760443959
42.04735697592994,1.0841735457412176
42.051292520386696,1.7146990270354971
42.05522806484345,0.22568410467370356
42.0591636093002,0.86866574916779
42.06309915375695,1.101469772962857
42.0670346982137,0.2507875285427508
42.070970242670455,0.8949120585350259
42.0749057871272,0.8358352034746215
42.07884133158395,1.1115029990348382
42.082776876040704,3.8628287427801817
42.086712420497456,3.083352872167453
42.09064796495421,0.11705429394246188
42.09458350941096,0.8862579594225685
42.09851905386771,1.1381615473639275
42.102454598324464,0.6879060806583432
42.106390142781216,0.17001461850682403
42.11032568723797,0.20858142764904142
42.11426123169471,0.3945794415980396
42.11819677615146,0.47185485751059697
42.122132320608216,0.36651861534396335
42.12606786506497,0.4196323447938517
42.13000340952172,0.5177911888491683
42.13393895397847,0.2835534807136785
42.13787449843522,0.22109344918820578
42.141810042891976,0.18712777569379882
42.14574558734873,0.08587838752076589
42.14968113180548,0.22272664818770782
42.153616676262224,0.1343966615293205
42.157552220718976,0.005776978801948594
42.16148776517573,0.025020367618568025
42.16542330963248,0.6730870921418437
42.16935885408923,1.0429617524591526
42.173294398545984,0.10884037353233647
42.177229943002736,0.6735066897763861
42.18116548745949,0.35738707815656817
42.18510103191624,1.3707695634123043
42.18903657637299,2.5173961135179606
42.19297212082974,1.4462377920966674
42.19690766528649,2.6282803868296187
42.20084320974324,2.9388642130669482
42.20477875419999,0.5227304155150331
42.20871429865674,0.46176945472587044
42.212649843113496,0.5192296947017598
42.21658538757025,0.06733127974051517
42.220520932027,1.355437062884341
42.22445647648375,1.2841084003400822
42.2283920209405,0.17344843997491358
42.23232756539725,1.1553220432526257
42.236263109854,2.2864056419510623
42.24019865431075,1.706554029675755
42.24413419876751,1.3123522776855159
42.24806974322426,2.4842496479130465
42.25200528768101,2.928255936879924
42.25594083213776,1.8101306304665574
42.25987637659451,0.6965044385304154
42.263811921051264,0.7329044896148788
42.26774746550801,2.194119637671805
42.27168300996476,1.7220606103215719
42.27561855442151,0.17745361218006933
42.279554098878265,0.1328019604320649
42.28348964333502,0.10855117051914621
42.28742518779177,0.27683608615545824
42.29136073224852,0.04219667486262704
42.29529627670527,0.9640594392240129
42.29923182116202,1.3118719086443031
42.303167365618776,0.6117144100573967
42.30710291007552,2.637498133576051
42.31103845453227,2.797568123344869
42.31497399898903,1.0733726855587675
42.31890954344578,0.32169473443288155
42.32284508790253,0.28361103345067173
42.32678063235928,0.6987917907885871
42.33071617681603,0.42315341463527595
42.33465172127279,0.0756962307834293
42.33858726572954,0.12691139578555527
42.34252281018629,0.31920935039125153
42.34645835464303,0.14524830036229266
42.350393899099785,0.2892507253786659
42.35432944355654,1.3930672539285587
42.35826498801329,1.1208261767043832
42.36220053247004,0.594996698920135
42.36613607692679,0.40993491196858095
42.370071621383545,0.40956165395277977
42.3740071658403,0.39161303209624637
42.37794271029705,0.7019340259588358
42.3818782547538,0.3773853022148425
42.38581379921055,0.603929666955585
42.3897493436673,0.2754803103224894
42.39368488812405,0.0014773142681363865
42.3976204325808,0.6584699928076844
42.40155597703755,2.774155821163347
42.40549152149431,3.838704147125856
42.40942706595106,4.900154426460431
42.41336261040781,2.82486416438966
42.41729815486456,0.03188295549530002
42.42123369932131,1.4358125201373049
42.42516924377806,1.447224193093063
42.42910478823481,0.5741654502225917
42.43304033269156,0.11386262083953443
42.43697587714831,0.3711606015780403
42.440911421605065,0.5722206800586179
42.44484696606182,0.7657123573188114
42.44878251051857,1.1016760273800783
42.45271805497532,3.7096669768582236
42.45665359943207,4.410108933926248
42.460589143888825,1.1806547653093276
42.46452468834557,0.05213282366949447
42.46846023280232,0.02448553304578163
42.472395777259074,0.2921303194527284
42.47633132171583,0.7343228663055393
42.48026686617258,0.9600686233064539
42.48420241062933,1.035645583086185
42.48813795508608,0.6397331711715586
42.49207349954283,0.45263867267783037
42.49600904399959,0.6647132209877762
42.49994458845634,0.4051357815471324
42.50388013291308,1.7794015284287243
42.50781567736984,3.2494456577579798
42.511751221826586,1.9291442459527153
42.51568676628334,0.48624484073551943
42.51962231074009,0.008354912247610556
42.52355785519684,0.3781988457560368
42.52749339965359,0.2533649350620558
42.531428944110345,0.09371401066588432
42.5353644885671,0.11990546938652405
42.53930003302385,0.0764387514915692
42.543235577480594,0.1040879356706242
42.54717112193735,1.2646095269951934
42.5511066663941,1.4862006340420826
42.55504221085085,0.46161062570854705
42.5589777553076,1.7235608819393544
42.562913299764354,1.1727522754006827
42.56684884422111,0.23261835283462604
42.57078438867786,0.5426645675882381
42.57471993313461,0.17888552224220197
42.57865547759136,2.0923908720713182
42.582591022048106,2.037115901173854
42.58652656650486,1.0166744736139848
42.59046211096161,0.4660195040962148
42.59439765541836,0.37772445748714595
42.59833319987512,0.9186260439954336
42.602268744331866,0.37390585289819306
42.60620428878862,3.7631984157298923
42.61013983324537,6.099996357369107
42.61407537770212,2.6249412548923594
42.61801092215888,0.7209668817291157
42.62194646661562,2.495717343075788
42.62588201107237,2.08290113357866
42.62981755552912,0.5819414667890397
42.633753099985874,0.6754898709761619
42.63768864444263,1.2801266046461066
42.64162418889938,0.5073015020551774
42.64555973335613,0.06577721551237588
42.64949527781288,1.5786773419048588
42.653430822269634,4.056353419042795
42.65736636672639,2.6538706000936494
42.66130191118313,0.2358135773560747
42.66523745563988,0.08757081697588961
42.66917300009664,0.43865391224328565
42.673108544553386,0.27121802693303404
42.67704408901014,0.03545084348073419
42.68097963346689,0.25571444779647934
42.68491517792364,0.02606855975770251
42.6888507223804,0.15014336260746064
42.692786266837146,0.05584208742545956
42.6967218112939,0.46702175528060275
42.70065735575064,1.1015021473542344
42.7045929002074,1.1126940989087584
42.70852844466415,1.455145915597011
42.7124639891209,1.281416279633696
42.71639953357765,1.0696640566936304
42.7203350780344,2.3492475069216985
42.724270622491154,2.01710714451154
42.72820616694791,0.3308377822993635
42.73214171140466,0.18605022596342563
42.73607725586141,0.5035885437947083
42.74001280031816,0.00481790976357958
42.74394834477491,0.4854094262552593
42.74788388923166,0.9954187641692235
42.75181943368841,1.453694391960949
42.75575497814516,1.313143347937458
42.75969052260192,0.42729799155184983
42.76362606705867,0.3268907707057461
42.76756161151542,0.049012287440942055
42.77149715597217,1.1541963493161822
42.77543270042892,2.2899303608736017
42.77936824488567,0.4626203226047979
42.78330378934242,0.09984942850265754
42.78723933379917,0.23529466822207223
42.79117487825592,0.136205011560712
42.79511042271268,0.5742973361125576
42.79904596716943,2.7503466216315524
42.80298151162618,2.071178811548431
42.80691705608293,0.13652494431625506
42.81085260053968,0.002091385636568615
42.81478814499643,0.5859140019579921
42.81872368945318,1.827634586968633
42.82265923390993,1.0025734780350948
42.82659477836668,0.19858414047817624
42.83053032282344,0.02420390115388726
42.83446586728019,0.006108229359959133
42.83840141173694,0.265524445446438
42.84233695619369,0.9984189747321152
42.84627250065044,0.4678810083522534
42.8502080451072,0.003395197782683986
42.85414358956394,0.16012606351954045
42.85807913402069,0.5893875553668512
42.86201467847744,0.28329735814896595
42.8659502229342,0.30939080915869865
42.86988576739095,0.6533347060073071
42.8738213118477,0.16626873937450395
42.87775685630445,0.3442755819107083
42.8816924007612,0.47268385221604364
42.88562794521796,0.20794486587525565
42.88956348967471,0.033162095398177216
42.89349903413145,0.41586314772824273
42.89743457858821,0.6165657400221672
42.90137012304496,0.31152048539888827
42.90530566750171,0.1613022678652045
42.90924121195846,0.08299981539762523
42.91317675641521,1.634790593322372
42.91711230087196,3.230072977905992
42.92104784532872,1.3856702061460766
42.92498338978547,0.06713395209750712
42.92891893424222,1.019793486348905
42.93285447869896,0.5752188183847945
42.93679002315572,0.04448914890579051
42.94072556761247,0.0940214638235337
42.94466111206922,0.19910242477682535
42.94859665652597,0.037079155694290926
42.95253220098272,0.1587683012301393
42.95646774543948,0.2269657064992133
42.96040328989623,1.0738513368707496
42.96433883435298,0.4047100177008433
42.96827437880973,0.5834216512496138
42.97220992326648,2.3543711919917656
42.97614546772323,2.1301847114218964
42.98008101217998,1.9880427009679364
42.98401655663673,0.5932126811968881
42.98795210109349,0.21924415397396965
42.99188764555024,0.7332736881763453
42.99582319000699,1.637253808065519
42.99975873446374,1.0932407754764208
43.00369427892049,3.158114858035566
43.00762982337724,3.4371813077269824
43.01156536783399,2.645663667275011
43.01550091229074,1.2992872767084187
43.01943645674749,0.05693521813620098
43.02337200120424,0.3561672571857327
43.027307545661,0.5402888187505869
43.03124309011775,1.1557715965399813
43.0351786345745,0.19819438261060465
43.03911417903125,0.06941065541875932
43.043049723488,0.7303309573803193
43.04698526794476,1.9967307591527002
43.0509208124015,2.2831057950658997
43.05485635685825,1.1089417474479744
43.05879190131501,0.11134564012527434
43.06272744577176,0.07694158190209663
43.06666299022851,1.6946126123124805
43.07059853468526,1.9732059638418926
43.07453407914201,0.4833028757484336
43.07846962359877,1.7334709036555431
43.08240516805552,0.15050664221162477
43.08634071251227,0.6513172410684869
43.09027625696901,0.6035823822261086
43.09421180142576,1.207677168665286
43.09814734588252,0.34408583327116077
43.10208289033927,2.3926827458325155
43.10601843479602,1.458135097941721
43.10995397925277,0.8426876002465408
43.11388952370952,0.5569326059948839
43.11782506816628,1.430104099967796
43.12176061262303,3.681551621186267
43.12569615707978,0.38495730449038745
43.129631701536525,0.5771367124965667
43.13356724599328,0.34317546660377624
43.13750279045003,0.8766864525908064
43.14143833490678,0.5380797243940056
43.14537387936353,0.9217517874742602
43.14930942382029,0.7157814650804576
43.15324496827704,0.34591440224655473
43.15718051273379,0.3016033362412362
43.16111605719054,0.3203094596815451
43.16505160164729,1.543831631624766
43.16898714610404,0.8384767554683772
43.17292269056079,0.018254874244045077
43.17685823501754,0.24324071089198926
43.18079377947429,0.056699206512207785
43.184729323931045,0.38570009063994914
43.1886648683878,0.40816132134282235
43.19260041284455,0.2856643220218043
43.1965359573013,0.027260287883641144
43.20047150175805,0.8695335592836426
43.2044070462148,0.8571562418563942
43.20834259067155,1.152150944305586
43.2122781351283,1.4253890911260343
43.21621367958505,1.0470166806385368
43.220149224041805,1.1250275036793227
43.22408476849856,0.14173480626833995
43.22802031295531,0.30978700596974745
43.23195585741206,0.3048866069745889
43.23589140186881,0.018446387854920372
43.239826946325564,0.15688763554871532
43.24376249078232,0.7199684994033368
43.24769803523906,0.23751425594660563
43.25163357969581,1.2745005297714669
43.255569124152565,3.1033806528351193
43.25950466860932,1.215195106564346
43.26344021306607,1.4247344268139834
43.26737575752282,2.367094897287399
43.27131130197957,1.6548751397831951
43.275246846436325,0.5234013230764212
43.27918239089308,0.012079733321892893
43.28311793534983,0.12596593788359384
43.28705347980657,0.6358513270951583
43.290989024263325,0.5000100800013312
43.29492456872008,0.7471220756642322
43.29886011317683,1.2957417415559906
43.30279565763358,0.11099718293444667
43.30673120209033,1.3532848379780797
43.310666746547085,1.1159973941706
43.31460229100384,0.13725370285302368
43.31853783546059,0.741951273462113
43.32247337991734,1.1600224043789173
43.326408924374086,1.7423670354460203
43.33034446883084,0.42691413658137345
43.33428001328759,0.8780664655066641
43.33821555774434,1.0333939258206006
43.34215110220109,0.10157891294120713
43.346086646657845,3.3696231781750106
43.3500221911146,4.980286976766187
43.35395773557135,1.7992126408969276
43.3578932800281,0.03391243550225361
43.361828824484846,1.827933360194462
43.3657643689416,3.6199598688355
43.36969991339835,2.308374736728886
43.3736354578551,0.5051445029269154
43.37757100231185,0.14341464147109864
43.381506546768605,0.09326344934653079
43.38544209122536,0.38423919968527775
43.38937763568211,0.08169097446473332
43.39331318013886,0.15715458036811109
43.39724872459561,5.0280846722666976e-05
43.40118426905236,0.6825421169783297
43.40511981350911,0.6373773951412106
43.40905535796586,0.13373112348997618
43.41299090242261,0.8477399627478066
43.416926446879366,0.5029085936980061
43.42086199133612,0.01057627177376958
43.42479753579287,0.6781058045875312
43.42873308024962,0.340327346235402
43.43266862470637,0.5874590617087132
43.436604169163125,2.6451319366661514
43.44053971361987,1.2480927588157982
43.44447525807662,0.08825361602143617
43.448410802533374,0.5961418455169328
43.452346346990126,0.39186705407641365
43.45628189144688,0.4285858234218319
43.46021743590363,0.15043691684157717
43.46415298036038,1.00425447299001
43.468088524817134,2.096878502820999
43.472024069273886,0.31390443642023425
43.47595961373064,1.5939034172057736
43.47989515818738,1.2738903199617704
43.48383070264413,1.4443501118729967
43.487766247100886,1.3203938978078076
43.49170179155764,0.014317883696942129
43.49563733601439,0.08523388201377381
43.49957288047114,0.7602687521168726
43.50350842492789,2.5156882685633004
43.507443969384646,1.2230668714026163
43.5113795138414,1.1264223872319092
43.51531505829815,1.6211706844338176
43.519250602754894,2.5325728093243107
43.523186147211646,1.0220843001304594
43.5271216916684,0.14954772932960095
43.53105723612515,1.4621703931890968
43.5349927805819,1.331009658033221
43.538928325038654,0.5874195736209236
43.542863869495406,0.08696904617577586
43.54679941395216,0.46072560659014444
43.55073495840891,1.0454527455227158
43.55467050286566,1.919769928901192
43.55860604732241,2.863069062971912
43.56254159177916,1.360155422773047
43.56647713623591,0.23175029415274942
43.57041268069266,0.7748892795727519
43.57434822514941,2.2316457595732215
43.578283769606166,1.1028799603875161
43.58221931406292,0.16386119871389404
43.58615485851967,1.888479449724154
43.59009040297642,3.29223149024217
43.59402594743317,2.261310327354003
43.59796149188992,0.7643989196171189
43.60189703634667,0.9287869507289743
43.60583258080342,0.37781302812819006
43.609768125260175,0.9378560520658368
43.61370366971693,0.18781894762766937
43.61763921417368,0.7394003619688012
43.62157475863043,0.910681184590164
43.62551030308718,0.18190582430326374
43.629445847543934,0.3300578660532998
43.633381392000686,2.8614065033191456
43.63731693645743,3.3031927142359536
43.64125248091418,0.5009987633169425
43.645188025370935,0.4902193375590446
43.64912356982769,0.7580283254340886
43.65305911428444,0.04630235988541823
43.65699465874119,0.2895950317961591
43.66093020319794,0.3537701029479974
43.66486574765469,0.2503172717174189
43.668801292111446,0.8889430132841509
43.6727368365682,1.109620522608397
43.67667238102494,0.9481681079046551
43.680607925481695,5.5300564349262356
43.68454346993845,4.62866842615647
43.6884790143952,0.06205728899627421
43.69241455885195,4.7824889771741415
43.6963501033087,3.7597248215187293
43.700285647765455,2.081841887480582
43.70422119222221,1.9235594375002778
43.70815673667896,0.09888154218154065
43.71209228113571,1.1777346931351216
43.716027825592455,5.971396710538195
43.71996337004921,7.601560904071581
43.72389891450596,1.6710541034843276
43.72783445896271,0.202046620284488
43.73177000341946,0.21087008400030655
43.735705547876215,1.0045526459195262
43.73964109233297,2.222508613098707
43.74357663678972,2.044648881655308
43.74751218124647,0.8049941411300607
43.75144772570322,0.16450537637283955
43.75538327015997,0.40916981375724804
43.75931881461672,0.6193995513533698
43.76325435907347,0.08233072110637032
43.76718990353022,0.4101920547944967
43.771125447986975,0.17394511450443725
43.77506099244373,0.6107854721009522
43.77899653690048,0.2854933093731311
43.78293208135723,0.5946554034975079
43.78686762581398,0.9118482035225393
43.790803170270735,0.3450278860905631
43.79473871472748,0.1967424432493191
43.79867425918423,0.03653902311530196
43.80260980364098,0.27396394787047795
43.806545348097735,0.5373086769337581
43.81048089255449,0.06212833081441967
43.81441643701124,0.19286169955540103
43.81835198146799,0.09422792348820005
43.82228752592474,0.22220113772041272
43.826223070381495,0.5086853975897401
43.83015861483825,0.6040251057216405
43.83409415929499,0.8210766078429917
43.838029703751744,0.05086123800948511
43.841965248208496,2.6160430733276194
43.84590079266525,2.5761673685214292
43.849836337122,0.2400552147279062
43.85377188157875,1.407449075310991
43.8577074260355,1.3837849127122457
43.861642970492255,1.0087400117980392
43.86557851494901,0.5295207154401871
43.86951405940576,0.05497005776309221
43.8734496038625,0.008206048164773437
43.877385148319256,0.8054470467759188
43.88132069277601,2.676297521502274
43.88525623723276,3.6281919105580913
43.88919178168951,4.275665604741019
43.89312732614626,2.704774006340119
43.897062870603015,0.49792776280271694
43.90099841505977,0.2358920908178605
43.90493395951652,0.0008867961090017492
43.90886950397327,0.24326552680694086
43.912805048430016,0.5084240023170434
43.91674059288677,0.9125890309327556
43.92067613734352,0.35340030528124033
43.92461168180027,1.245417462752953
43.928547226257024,1.7698369659364
43.932482770713776,2.2319409658300566
43.93641831517053,3.0240716134530197
43.94035385962728,1.5868810383524938
43.94428940408403,0.3179561651798088
43.948224948540776,0.3271273779370989
43.95216049299753,0.23049729940386934
43.95609603745428,0.8713621690927968
43.96003158191103,2.351310407931463
43.96396712636778,1.059449496301334
43.967902670824536,0.1729442625635501
43.97183821528129,0.9739742604430357
43.97577375973804,1.7729519891508458
43.97970930419479,0.5873660725355645
43.98364484865154,0.8794335214955368
43.98758039310829,3.068478014172368
43.99151593756504,0.627505232179791
43.99545148202179,0.5985127612963996
43.999387026478544,1.1646299046277033
44.003322570935296,0.34664918532744904
44.00725811539205,0.24306603768281312
44.0111936598488,0.30423585775972095
44.01512920430555,0.3506609563648915
44.019064748762304,0.6329920883022166
44.023000293219056,0.6390768012184346
44.0269358376758,0.00399760883034935
44.03087138213255,1.053746710826866
44.034806926589305,2.3168987145202675
44.038742471046056,0.6674172535566045
44.04267801550281,0.13420186789030214
44.04661355995956,0.36891847356030405
44.05054910441631,0.2830385073562165
44.05448464887306,2.352151470450721
44.058420193329816,3.475266440399016
44.06235573778657,2.2444301508834497
44.06629128224331,0.9665440700887861
44.07022682670007,0.6357689587583627
44.07416237115682,0.5012895708600624
44.07809791561357,0.0036958112297982297
44.08203346007032,1.0983723318685392
44.08596900452707,2.77276250092559
44.089904548983824,1.8362034774971483
44.093840093440576,0.7010671834725629
44.09777563789733,1.6209720950856938
44.10171118235408,2.3996693852467375
44.105646726810825,0.8970785266642055
44.10958227126758,0.47017606324126865
44.11351781572433,1.0339620610778377
44.11745336018108,0.48983807999922224
44.12138890463783,0.021403046734519586
44.125324449094585,0.05900503359818405
44.12925999355134,0.0037671829165261774
44.13319553800809,0.35111189034978163
44.13713108246484,0.3294532685854644
44.14106662692159,0.000854072888859315
44.14500217137834,0.05029641112236411
44.14893771583509,0.29768099039632373
44.15287326029184,0.4119957940865869
44.15680880474859,0.7768289343238056
44.16074434920535,1.2384594198836492
44.1646798936621,0.002832163024127038
44.16861543811885,1.9866245356207433
44.1725509825756,3.214663514792543
44.17648652703235,2.631970610472204
44.180422071489104,0.4265779472641232
44.18435761594585,0.4850972692763451
44.1882931604026,1.5019539792448466
44.19222870485935,2.986617187411101
44.196164249316105,3.3164164498209607
44.20009979377286,1.0309389349206506
44.20403533822961,0.067048188404485
44.20797088268636,0.08129486155127302
44.21190642714311,0.04931707090630706
44.215841971599865,0.24520897612540105
44.21977751605662,0.290618839978659
44.22371306051336,0.040741907856069515
44.22764860497011,0.45843289596472325
44.23158414942687,0.3185933443532076
44.23551969388362,0.47909817026472307
44.23945523834037,1.4432697125985543
44.24339078279712,1.4074551842856264
44.24732632725387,0.7741625447328073
44.25126187171063,0.24174346107326744
44.25519741616738,0.6543578052411922
44.25913296062413,1.910168137167132
44.26306850508088,0.6112592990657498
44.267004049537626,1.2905702635513274
44.27093959399438,1.1139063627863766
44.27487513845113,0.40629357478586964
44.27881068290788,0.28561125669611664
44.28274622736463,0.7019512656437383
44.286681771821385,0.6340100252187346
44.29061731627814,0.579005511919855
44.29455286073489,0.8228690972209465
44.29848840519164,1.5955967773719026
44.30242394964839,1.425362337039529
44.30635949410514,2.4802048319844294
44.31029503856189,0.6706765181241443
44.31423058301864,0.3920039897729046
44.31816612747539,0.6406319578115834
44.32210167193215,0.6161545300060752
44.3260372163889,0.11778551228110926
44.32997276084565,1.580268501570266
44.3339083053024,1.996835580396569
44.33784384975915,0.24361180141342503
44.3417793942159,2.949455904839105
44.34571493867265,0.5111218088786018
44.3496504831294,0.6529053461764882
44.35358602758616,0.024746824164407617
44.357521572042906,1.3016266634371076
44.36145711649966,0.4305379910764808
44.36539266095641,1.946334256656558
44.36932820541316,4.109158988011922
44.37326374986991,1.5385381082578344
44.377199294326665,0.8375322626876807
44.38113483878341,0.28399046736013045
44.38507038324016,0.2026132727904942
44.389005927696914,0.06677551190529712
44.39294147215367,0.12207989076187635
44.39687701661042,0.4467963135556662
44.40081256106717,0.5258579541050404
44.40474810552392,0.29954220108850427
44.408683649980674,0.17180403881364623
44.41261919443743,0.22515263158957657
44.41655473889418,0.5674949501079001
44.42049028335092,0.3357653724096424
44.42442582780768,0.07289571239216508
44.428361372264426,0.13972854683137892
44.43229691672118,0.027881082467516555
44.43623246117793,0.19812198744177847
44.44016800563468,0.1434480025123804
44.44410355009144,0.26608429539137896
44.448039094548186,2.4538299006577695
44.45197463900494,2.1610110307869332
44.45591018346169,0.0763376355886718
44.459845727918434,0.35509100801857707
44.46378127237519,0.5029953932501076
44.46771681683194,1.922562402390012
44.47165236128869,0.44648026749235975
44.47558790574544,0.4581707499238522
44.479523450202194,0.5461138735499271
44.48345899465895,0.9547459124996059
44.4873945391157,0.33851704310564895
44.49133008357245,0.670120579413944
44.4952656280292,0.49051122742163694
44.49920117248595,0.1740163214700016
44.5031367169427,0.3910208701676436
44.50707226139945,0.779856729025827
44.5110078058562,0.8486658107846634
44.51494335031296,0.060022154083815664
44.518878894769706,0.2573955640987855
44.52281443922646,0.3878441828985101
44.52674998368321,0.6566065329622066
44.53068552813996,0.11239478612206052
44.53462107259671,0.46266236966990965
44.53855661705346,0.14032882714782713
44.54249216151021,0.5020960047506111
44.54642770596696,0.0757230566593908
44.55036325042372,0.22627140970653367
44.55429879488047,0.03936455622302683
44.55823433933722,0.1736676577075181
44.56216988379397,0.09415586286808862
44.56610542825072,0.039475091777766515
44.570040972707474,0.14611582789607747
44.57397651716422,0.025219531782108312
44.57791206162097,0.03417838941416082
44.58184760607772,0.08449920616821673
44.58578315053448,0.053192367251548675
44.58971869499123,0.04704950471942828
44.59365423944798,0.011524511981836112
44.59758978390473,0.02246228095902144
44.60152532836148,0.06776803099787555
44.60546087281824,0.0763993659468154
44.609396417274986,0.3364597737971676
44.61333196173173,0.11995202991219664
44.61726750618848,0.1635548830693446
44.62120305064524,0.14051015227949606
44.62513859510199,0.549957320893424
44.62907413955874,0.04366316710454401
44.63300968401549,2.168432616265911
44.63694522847224,1.4366622110461345
44.640880772929,1.761877563462543
44.64481631738575,4.265380970565634
44.6487518618425,1.1918432485391581
44.65268740629924,0.31917283781952144
44.656622950756,3.072372274809932
44.66055849521275,3.0000545395250717
44.6644940396695,0.4464436800485441
44.66842958412625,3.142663469004942
44.672365128583,2.3515106136580526
44.67630067303976,1.0827901943478266
44.68023621749651,0.00901003853439088
44.68417176195326,0.7502178648295686
44.68810730641001,0.7410287685828619
44.69204285086676,2.331177209359263
44.69597839532351,0.3180496681488851
44.69991393978026,1.2427452603070044
44.70384948423701,2.9836057710642687
44.70778502869376,3.5762733402969387
44.71172057315052,0.8200210460390628
44.71565611760727,1.0673954159623356
44.71959166206402,0.6628720414226323
44.72352720652077,3.872292731229133
44.72746275097752,4.6665346878238045
44.73139829543427,0.524946031979427
44.73533383989102,6.245975580990089
44.73926938434777,2.2104396755115285
44.74320492880452,0.4068389840989695
44.74714047326128,0.6764646773634634
44.75107601771803,0.051962314984647186
44.75501156217478,0.26881589312402365
44.75894710663153,1.4945747783773569
44.76288265108828,2.3019549722545967
44.76681819554504,1.1455040956774725
44.77075374000178,0.7831692069043495
44.77468928445853,0.014113562620431211
44.77862482891528,0.5147895722754211
44.78256037337204,0.044729859926791266
44.78649591782879,1.098666939323045
44.79043146228554,1.645556522513121
44.79436700674229,0.15522568272285053
44.79830255119904,0.42151646298948775
44.8022380956558,0.19515200383951303
44.80617364011255,0.47553148138345647
44.81010918456929,0.4288805793724487
44.81404472902605,0.17861702774932148
44.8179802734828,1.2198935358761236
44.82191581793955,2.154924418047999
44.8258513623963,2.667155450541608
44.82978690685305,0.6782643824790288
44.83372245130981,2.095174105747589
44.83765799576656,1.243403682561673
44.84159354022331,1.3734275227481427
44.84552908468006,0.5524925286099794
44.8494646291368,1.5619868260488887
44.85340017359356,2.8551316573317855
44.85733571805031,0.46866718924061285
44.86127126250706,3.0383319777181637
44.86520680696381,1.3964712412853904
44.86914235142056,0.5845260966466235
44.87307789587732,0.830818194136753
44.87701344033407,0.2579708517097464
44.88094898479082,0.781444910053403
44.88488452924757,0.4436018597257087
44.88882007370432,0.9681075462813066
44.89275561816107,0.1614159928191048
44.89669116261782,0.39638236147171835
44.90062670707457,0.9197289556942069
44.90456225153133,0.5036702354637916
44.90849779598808,0.3959673453358279
44.91243334044483,0.596476062454334
44.91636888490158,0.7711007617836622
44.92030442935833,0.675882267917387
44.92423997381509,0.5747492841671532
44.92817551827183,0.3951021215762172
44.93211106272858,0.3496727673322685
44.93604660718533,1.4990803766023528
44.93998215164208,3.0699026008073402
44.94391769609884,1.5949961125527716
44.94785324055559,0.07168343269297693
44.95178878501234,1.5988912156176736
44.95572432946909,0.7662308896090371
44.95965987392584,2.0323835899318823
44.9635954183826,2.942231644875805
44.96753096283934,0.7921366665068369
44.97146650729609,1.0097037572779275
44.975402051752845,0.9418798209983181
44.9793375962096,0.35383546436979146
44.98327314066635,0.18724843721408208
44.9872086851231,0.20691162227087237
44.99114422957985,0.460892825357303
44.99507977403661,1.065776759758411
44.99901531849336,1.0867194855844178
45.00295086295011,0.624559122641601
45.00688640740685,0.0034664742951859904
45.010821951863605,0.5930310229304584
45.01475749632036,1.3446243702894136
45.01869304077711,4.089465549465153
45.02262858523386,5.264859249434758
45.02656412969061,1.5523472143235717
45.03049967414736,0.1374838691445108
45.03443521860412,0.4728566393935502
45.03837076306087,1.4224858181367195
45.04230630751761,0.5463302463621819
45.046241851974365,4.856572516759762
45.05017739643112,6.004526432285836
45.05411294088787,1.157532911498184
45.05804848534462,0.08392239322474865
45.06198402980137,1.3115100653534142
45.065919574258125,2.9088046890729404
45.06985511871488,0.27829280839147036
45.07379066317163,1.6848837744952385
45.07772620762838,2.9836882932881332
45.081661752085125,0.9149406050964484
45.08559729654188,1.0083315646120303
45.08953284099863,1.5482872880013947
45.09346838545538,0.7982480271725185
45.09740392991213,0.1667312280752775
45.101339474368885,0.3027060716828263
45.10527501882564,0.21692432430602743
45.10921056328239,0.007970277109820772
45.11314610773914,0.05812837867895591
45.11708165219589,0.013120323555303499
45.12101719665264,0.056448572911305776
45.12495274110939,0.3870380566542443
45.12888828556614,0.6821722538100935
45.13282383002289,1.2814569683303232
45.136759374479645,2.985989781069437
45.1406949189364,1.9008474226014587
45.14463046339315,0.06154498790583681
45.1485660078499,0.12764515656838527
45.15250155230665,0.001081601656932004
45.156437096763405,0.17833478313627854
45.16037264122015,0.3287096172180388
45.1643081856769,0.4058800085933052
45.16824373013365,0.1514160708347528
45.172179274590405,0.05864708991499806
45.17611481904716,0.40988316801558106
45.18005036350391,1.134463442432844
45.18398590796066,0.41286979654982414
45.18792145241741,0.3273619835252494
45.191856996874165,1.052355500613605
45.19579254133092,0.6053597552856541
45.19972808578766,0.3562206064492295
45.203663630244414,0.2081094327052701
45.207599174701166,1.5261325306147524
45.21153471915792,3.339296825697438
45.21547026361467,1.593082416324118
45.21940580807142,0.22803980004093824
45.22334135252817,0.25235987205741284
45.227276896984925,0.43029457511511915
45.23121244144168,0.760129102470543
45.23514798589843,0.6168092644224523
45.23908353035517,0.07122112700973804
45.243019074811926,1.3988239691763646
45.24695461926868,1.371572202804812
45.25089016372543,0.30035206059793357
45.25482570818218,0.15980894275603968
45.25876125263893,1.059985883310781
45.262696797095685,1.902433465816
45.26663234155244,1.0073967380843702
45.27056788600919,0.6908060116529765
45.27450343046594,0.0716037362760779
45.278438974922686,0.7804850630993593
45.28237451937944,2.280456074764316
45.28631006383619,1.8359093330299243
45.29024560829294,0.8229223055525421
45.294181152749694,0.5460547383364682
45.298116697206446,0.05850552731867448
45.3020522416632,0.1826734930196533
45.30598778611995,0.25884245903856357
45.3099233305767,1.4760004091567513
45.31385887503345,0.9177615343299861
45.3177944194902,0.672753180256788
45.32172996394695,3.014751776533997
45.3256655084037,2.3074474912172493
45.32960105286045,0.5533362373694517
45.333536597317206,0.313844011486495
45.33747214177396,1.006461665492995
45.34140768623071,0.8574220381943828
45.34534323068746,0.12358798152856827
45.34927877514421,1.306759607667209
45.353214319600966,1.9870640744160428
45.35714986405771,1.2119057158714805
45.36108540851446,0.8818555022728803
45.365020952971214,0.6691340924924482
45.368956497427966,1.1197378063281018
45.37289204188472,1.5663581375988993
45.37682758634147,1.7621016029884744
45.38076313079822,2.286908104667145
45.384698675254974,0.8198278164157511
45.388634219711726,1.2584822734479817
45.39256976416848,2.9481881026370176
45.39650530862522,0.2685387043369247
45.400440853081975,0.7381712872867046
45.40437639753873,0.15752124922535998
45.40831194199548,0.9475158767669498
45.41224748645223,1.071760129158866
45.41618303090898,0.1323990448061005
45.42011857536573,0.42489544605866014
45.424054119822486,0.23769215051061507
45.42798966427924,1.4148444686889676
45.43192520873599,0.9869037788570125
45.435860753192735,0.7255084331268593
45.43979629764949,1.849430938534353
45.44373184210624,2.4417943761678003
45.44766738656299,0.6680568035670719
45.45160293101974,0.5090092896897013
45.455538475476494,1.987476255055017
45.459474019933246,2.130013897891759
45.46340956439,0.5333655449303246
45.46734510884675,0.28886908981496523
45.4712806533035,1.2876144656487871
45.47521619776025,1.0556185839989842
45.479151742217,0.2437341097087824
45.48308728667375,0.1346946351832883
45.4870228311305,0.1751146120589415
45.490958375587255,0.30063893624355137
45.49489392004401,0.7112222599040128
45.49882946450076,0.5965922271692726
45.50276500895751,0.14120657823973704
45.50670055341426,0.566658496746956
45.51063609787101,1.3062331630450195
45.51457164232776,1.4237134648980057
45.51850718678451,0.68500444028
45.52244273124126,0.3620849639189145
45.526378275698015,0.20402636717903871
45.53031382015477,0.10856036800981611
45.53424936461152,0.45391285033924506
45.53818490906827,0.7501362775941143
45.54212045352502,0.08933556201602649
45.546055997981775,0.19551572875223688
45.549991542438526,0.2001627922542575
45.55392708689527,0.05540463198052174
45.55786263135202,0.1389187310634784
45.561798175808775,0.4856820633487748
45.56573372026553,0.9932782005694011
45.56966926472228,0.45435049188351884
45.57360480917903,0.40308237412034
45.57754035363578,0.9729586142392184
45.581475898092535,0.16625350531984873
45.58541144254929,1.0080093015809974
45.58934698700603,1.5203458771892833
45.59328253146278,0.7797236522084932
45.597218075919535,1.5810947680626262
45.60115362037629,0.48454535749537847
45.60508916483304,0.4310031232127509
45.60902470928979,0.4664330026650343
45.61296025374654,0.34647415071756504
45.616895798203295,0.574921312414329
45.62083134266005,0.2932234310380691
45.6247668871168,0.16425310415929972
45.62870243157354,0.21930789237940038
45.632637976030296,0.06771138859749425
45.63657352048705,0.553572121703767
45.6405090649438,0.5721575453466565
45.64444460940055,0.02596686884061768
45.6483801538573,0.25861582791374477
45.652315698314055,0.22441678628749476
45.65625124277081,0.16200102868314803
45.66018678722756,0.18411814981947366
45.66412233168431,0.2985971134683022
45.668057876141056,1.5190853243119888
45.67199342059781,0.8433017365026554
45.67592896505456,0.47498024768179925
45.67986450951131,1.6506770702266562
45.68380005396806,1.8464571395538358
45.687735598424815,2.533825008694905
45.69167114288157,1.0927837949876786
45.69560668733832,0.8014098907760886
45.69954223179507,0.3086654849564451
45.70347777625182,0.0567918814291927
45.70741332070857,0.09883031964347808
45.71134886516532,0.43879346584347517
45.71528440962207,1.6503582968792203
45.71921995407882,2.0687382534948306
45.723155498535576,0.33701128521617796
45.72709104299233,1.0482713348797976
45.73102658744908,2.4022105906954234
45.73496213190583,0.8387061589494696
45.73889767636258,0.21917865481167448
45.742833220819335,1.0000042973737409
45.74676876527608,0.2638941262435242
45.75070430973283,0.1005143583857491
45.754639854189584,0.058944945357296934
45.758575398646336,0.6620734676283214
45.76251094310309,0.8722917174244426
45.76644648755984,0.13960414250165565
45.77038203201659,0.2406036504427116
45.774317576473344,0.22737327324131623
45.778253120930096,0.3072270387380002
45.78218866538685,0.03694757004541677
45.78612420984359,0.19637275218834416
45.79005975430034,1.7632742053097799
45.793995298757096,3.564076895337617
45.79793084321385,0.9890090580265749
45.8018663876706,1.22283417355761
45.80580193212735,1.2693468656949487
45.8097374765841,0.02060645459884746
45.813673021040856,0.5068363097097232
45.81760856549761,0.32878287720413196
45.82154410995436,1.008375130862001
45.825479654411104,0.8635213989038945
45.829415198867856,0.6767138556791703
45.83335074332461,0.9090968834939485
45.83728628778136,0.4174757484117195
45.84122183223811,0.3674311751276156
45.845157376694864,0.7044631983244778
45.849092921151616,0.6234835542578553
45.85302846560837,0.7807766783827461
45.85696401006512,0.9999382977025146
45.86089955452187,0.6342665285415909
45.86483509897862,0.21467367332843393
45.86877064343537,0.08626489687380538
45.87270618789212,0.4062695134015516
45.87664173234887,0.8383789910059977
45.88057727680562,0.900090876598513
45.884512821262376,0.6402091105179171
45.88844836571913,0.1003125661979804
45.89238391017588,1.4159408724329614
45.89631945463263,1.6613049671314004
45.90025499908938,0.47531032886772107
45.90419054354613,0.15842462056047138
45.90812608800288,0.5674681826833797
45.91206163245963,2.5257541763196674
45.91599717691639,1.4889680359065012
45.91993272137314,0.11930633754175321
45.92386826582989,0.13013887039335184
45.92780381028664,1.1277435553998105
45.93173935474339,1.2347692643936956
45.935674899200144,0.09716218895635885
45.939610443656896,0.023129009189679823
45.94354598811364,0.15472647762135383
45.94748153257039,0.5278966649925139
45.951417077027145,0.06729541130754357
45.9553526214839,0.10111316746902448
45.95928816594065,0.03981297730824346
45.9632237103974,0.0562758075410675
45.96715925485415,0.08237008156551404
45.9710947993109,0.20162263436918945
45.975030343767656,0.09608309542322133
45.97896588822441,0.2094830966952545
45.98290143268115,0.270623147528464
45.98683697713791,0.09905330223835564
45.99077252159466,0.30210822393414927
45.99470806605141,0.433525933661455
45.99864361050816,1.0137024100939331
46.00257915496491,0.3973827453373233
46.00651469942167,0.5794006599145608
46.01045024387842,2.1473872313934823
46.01438578833517,0.9315544512921788
46.01832133279192,0.03189227499624052
46.022256877248665,0.5718163863363607
46.02619242170542,0.1695584006713359
46.03012796616217,0.1785454380060686
46.03406351061892,0.6740388796229659
46.03799905507567,0.4655226468001007
46.041934599532425,0.14126086748525846
46.04587014398918,0.2837655215743279
46.04980568844593,0.38636128723625496
46.05374123290268,0.02940325426386949
46.05767677735943,0.43300337293726027
46.06161232181618,0.36932410919488223
46.06554786627293,0.005032525992521024
46.06948341072968,0.1936263532702904
46.07341895518643,0.253040819868505
46.07735449964319,1.3150067536908905
46.08129004409994,1.6519595228451898
46.08522558855669,0.8219783963071765
46.08916113301344,0.5205337183579855
46.09309667747019,1.0739553122850192
46.09703222192695,2.3233146696285596
46.10096776638369,2.7147350080641606
46.10490331084044,2.2726759352600605
46.10883885529719,2.8471584195427826
46.112774399753945,2.16285591084958
46.1167099442107,0.10578269912313269
46.12064548866745,0.7578833401986155
46.1245810331242,1.4210580194565818
46.12851657758095,2.1496604083543653
46.132452122037705,1.783494793978706
46.13638766649446,0.1006199828094924
46.1403232109512,0.8634506146075869
46.144258755407954,0.9841851273215505
46.14819429986471,0.4507915640596224
46.15212984432146,0.5046617315763913
46.15606538877821,0.22084865029485218
46.16000093323496,0.09888638548904698
46.16393647769171,0.26865388939976975
46.16787202214847,0.14328241225446287
46.17180756660522,0.03889409696199927
46.17574311106196,0.052435875642256075
46.17967865551872,0.02967953473923291
46.183614199975466,0.19280847335698054
46.18754974443222,0.6350063947536547
46.19148528888897,0.37839528072128026
46.19542083334572,0.2261987726740601
46.19935637780248,0.8179350743104862
46.203291922259226,0.5547834670555815
46.20722746671598,0.44413956975794766
46.21116301117273,0.15970630882991388
46.215098555629474,0.10549370607659474
46.21903410008623,0.1411987223107166
46.22296964454298,0.05151204177698773
46.22690518899973,0.02746160616437956
46.23084073345648,0.22276785310149566
46.234776277913234,0.5791807168140665
46.23871182236999,0.5481821271496755
46.24264736682674,0.26824092684761036
46.24658291128349,0.009653763196509402
46.25051845574024,0.20995584624523522
46.254454000196986,0.7467124055932682
46.25838954465374,1.4741903087474006
46.26232508911049,1.4365725014664168
46.26626063356724,0.5955910905378036
46.270196178024,0.09935269301864844
46.274131722480746,0.17089724988104335
46.2780672669375,0.47551959486389134
46.28200281139425,0.23201729386468659
46.285938355851,0.44526579603971594
46.28987390030776,0.729255017351883
46.2938094447645,1.4741562291660424
46.29774498922125,1.627837083499535
46.301680533678,0.5331292187297539
46.305616078134754,0.8305851935283378
46.30955162259151,0.3840497807659822
46.31348716704826,0.1174304793135954
46.31742271150501,0.09010450175778657
46.32135825596176,1.1759716232532276
46.325293800418514,1.4577491260317978
46.32922934487527,0.6760909342393709
46.33316488933201,0.39093494208087703
46.33710043378876,0.15385897568844517
46.34103597824552,0.2930095470942555
46.34497152270227,1.2146706248219752
46.34890706715902,1.9137417465889743
46.35284261161577,0.662626261211523
46.35677815607252,1.1102937296465938
46.36071370052928,2.1267140851616526
46.364649244986026,0.6441288726361071
46.36858478944278,0.06754897305846214
46.37252033389952,0.47886553725087083
46.37645587835628,0.15740073827932063
46.38039142281303,0.1055013368694149
46.38432696726978,0.21391595790362636
46.38826251172653,1.5778848518237114
46.39219805618328,2.2701590711204966
46.396133600640034,0.6868584385217275
46.40006914509679,0.03555683300534485
46.40400468955354,0.6041181042914852
46.40794023401029,0.40613631905219455
46.41187577846704,0.0058113271420168
46.41581132292379,0.7641518424265562
46.41974686738054,1.4251541576215152
46.42368241183729,0.5403886247109518
46.42761795629404,0.5052527660204619
46.4315535007508,1.8471442676921233
46.43548904520755,1.2935872559119785
46.4394245896643,0.050385696115001884
46.44336013412105,0.5928968086479306
46.4472956785778,0.7268828239041486
46.45123122303455,0.09410204779564589
46.4551667674913,0.08835336347121082
46.45910231194805,0.12778294971662188
46.4630378564048,0.06966326984939852
46.46697340086156,0.00566702580084292
46.47090894531831,0.16520466091629354
46.47484448977506,0.31501070358751465
46.47878003423181,0.36467405549406884
46.48271557868856,0.4688526579425896
46.48665112314532,0.33304521615298555
46.49058666760206,0.1657268533473218
46.49452221205881,0.22932699566826095
46.49845775651556,0.6098571599429964
46.50239330097232,1.9712845304669446
46.50632884542907,2.148237526394161
46.51026438988582,0.5408914533141148
46.51419993434257,0.8429632958465886
46.51813547879932,1.6914493596308433
46.52207102325608,0.9778357324860135
46.52600656771283,0.2761810553362913
46.52994211216957,0.163014009251422
46.53387765662632,0.24657858571617625
46.53781320108308,0.5131761281656947
46.54174874553983,0.8705828948284992
46.54568428999658,0.7515097190578172
46.54961983445333,0.2512798928489874
46.55355537891008,0.20066030114022784
46.55749092336684,0.1756947757327874
46.56142646782359,0.08500528914792596
46.56536201228034,0.966948766686982
46.56929755673709,0.7516438383541008
46.57323310119384,0.17834756110357972
46.57716864565059,0.5215023968334863
46.58110419010734,0.43977948583235904
46.58503973456409,0.2046401409487091
46.58897527902084,0.08279836084181773
46.5929108234776,0.26315343047304596
46.59684636793435,0.8706304513424588
46.6007819123911,0.4955361508782486
46.60471745684785,0.14824520056155685
46.6086530013046,0.9829440975234378
46.61258854576135,1.1365000481818044
46.6165240902181,0.8479613366491224
46.62045963467485,1.4966309813874423
46.6243951791316,0.7122551968064454
46.62833072358836,1.0774425165370023
46.63226626804511,0.7476309715960868
46.63620181250186,0.04082074154627459
46.64013735695861,0.1604545328518687
46.64407290141536,0.09042804559748217
46.64800844587211,0.39862751676336816
46.65194399032886,0.2863677318407261
46.65587953478561,0.14849610453836054
46.65981507924237,1.271483131911305
46.66375062369912,1.9229627943754029
46.66768616815587,0.22025706902987294
46.67162171261262,0.10626317039697393
46.67555725706937,0.49298568192201014
46.67949280152612,0.8131635659262166
46.68342834598288,0.5169829352835401
46.68736389043962,2.0405848161684017
46.69129943489637,0.6224454159295622
46.69523497935312,0.17803836533775075
46.69917052380988,0.35252159646441034
46.70310606826663,1.3347364431951387
46.70704161272338,1.8763025438086398
46.71097715718013,0.4661007712153796
46.71491270163688,0.12761427093386563
46.71884824609364,0.6862528380532155
46.72278379055038,0.5790947547773045
46.72671933500713,0.7735948597431539
46.73065487946389,0.7545200245362932
46.73459042392064,0.10729052952137019
46.73852596837739,0.6400489974244137
46.74246151283414,0.45945414430317644
46.74639705729089,1.6984995154723723
46.75033260174765,0.34975478244575053
46.7542681462044,2.764381830607494
46.75820369066115,2.4627763021388134
46.76213923511789,0.07588600193764729
46.766074779574645,0.8841654935166371
46.7700103240314,0.5519836347837785
46.77394586848815,4.975016764452843
46.7778814129449,6.085360722501898
46.78181695740165,2.0020326128723687
46.7857525018584,0.4245259205368661
46.78968804631516,0.7140807388421746
46.79362359077191,0.4361286465223671
46.79755913522866,0.010052098166739626
46.801494679685405,0.7884152398967242
46.80543022414216,1.4817102045282062
46.80936576859891,0.6201931370349981
46.81330131305566,0.1517307590447141
46.81723685751241,0.633406413915834
46.82117240196917,2.8080941854506714
46.82510794642592,4.303009755548881
46.82904349088267,2.223824634313012
46.83297903533942,0.07853763836497724
46.83691457979617,1.0672363934371998
46.84085012425292,0.8376397374463577
46.84478566870967,0.1920635530870174
46.84872121316642,0.07387572312805418
46.85265675762317,0.22020762078820563
46.856592302079925,0.14065121250313706
46.86052784653668,0.42309691979265307
46.86446339099343,1.706415736962905
46.86839893545018,1.2756617166460087
46.87233447990693,0.43387613125275554
46.87627002436368,0.052367479765028604
46.88020556882043,0.08563877793001987
46.88414111327718,0.03739491445059316
46.88807665773393,0.14289593765555053
46.892012202190685,1.5272919350181888
46.89594774664744,2.816205119119038
46.89988329110419,2.554245828803562
46.90381883556094,1.627078901204273
46.90775438001769,0.1499148939057111
46.911689924474445,0.34505810409477844
46.9156254689312,0.03642259597738831
46.91956101338794,1.4512700862082486
46.92349655784469,1.7098638199750724
46.927432102301445,0.1234706010150674
46.9313676467582,0.29703411079995573
46.93530319121495,0.2634335171517091
46.9392387356717,0.8287425151421164
46.94317428012845,1.4969283514173923
46.947109824585205,1.1132808615129668
46.95104536904196,0.3406760739787186
46.95498091349871,0.15665843783130914
46.95891645795545,0.6995045425868507
46.962852002412205,0.44624413578353717
46.96678754686896,0.007773180549463754
46.97072309132571,0.7623016775836736
46.97465863578246,0.749244949064888
46.97859418023921,0.44808049712815534
46.982529724695965,3.1234546522266853
46.98646526915272,4.324641067573996
46.99040081360947,2.8178970782520287
46.99433635806622,0.8432465033235376
46.998271902522966,0.1288103023965302
47.00220744697972,0.09292270170519154
47.00614299143647,1.2472363128009096
47.01007853589322,0.9166665706673359
47.01401408034997,0.6246162168518277
47.017949624806725,1.8985881848026056
47.02188516926348,0.6964486851759897
47.02582071372023,0.2381615888684937
47.02975625817698,0.8087188120221779
47.03369180263373,0.39856282494997214
47.03762734709048,1.226822990336604
47.04156289154723,0.4074725158922989
47.04549843600398,0.7589780176509053
47.04943398046073,3.2064634288590534
47.053369524917485,2.16352772358183
47.05730506937424,0.6284081822108332
47.06124061383099,0.2441641416925988
47.06517615828774,1.610001867998346
47.06911170274449,1.2716146204230805
47.073047247201245,0.12790199849355863
47.07698279165799,0.5571587338928498
47.08091833611474,0.5007079585663365
47.08485388057149,0.041776227062332257
47.088789425028246,0.9510994496427422
47.092724969485,1.458322467712751
47.09666051394175,0.4320447679363715
47.1005960583985,0.016337400523680917
47.10453160285525,0.3334006926854429
47.108467147312005,0.426304008042036
47.11240269176876,0.4256770036140643
47.1163382362255,0.6253227073047654
47.120273780682254,0.42553971204146196
47.124209325139006,0.10155868114292053
47.12814486959576,1.4455193331785186
47.13208041405251,1.3575411321463249
47.13601595850926,0.17191855783898957
47.139951502966014,0.825168690281208
47.143887047422766,0.5140863958181418
47.14782259187952,0.11150761284384587
47.15175813633627,0.1283279065995354
47.15569368079301,0.32126981854367614
47.159629225249766,0.32144731250720354
47.16356476970652,0.2946791431204632
47.16750031416327,0.38024135613718923
47.17143585862002,0.26067209653134293
47.17537140307677,0.5909500995004363
47.179306947533526,1.2848649159127752
47.18324249199028,0.5241122107393147
47.18717803644703,0.1541246373990732
47.19111358090378,1.5904138001903392
47.195049125360526,1.6598019716720094
47.19898466981728,0.6929892166934082
47.20292021427403,0.3297256237635632
47.20685575873078,0.32405267986334163
47.210791303187534,0.5043496273123261
47.214726847644286,0.9060542407166962
47.21866239210104,1.3701738659175935
47.22259793655779,1.510671766852841
47.22653348101454,1.124403886476131
47.230469025471294,0.4164238609019325
47.23440456992804,0.0009522408965357183
47.23834011438479,0.6011089185707321
47.24227565884154,1.8856874821993517
47.24621120329829,1.1607690995192776
47.250146747755046,0.6067904912190288
47.2540822922118,1.4313191960710479
47.25801783666855,0.8715962240231094
47.2619533811253,0.6620574753198858
47.26588892558205,1.4746239016118872
47.2698244700388,1.9458557720548786
47.27376001449555,0.5945135684089026
47.2776955589523,1.574175025155867
47.281631103409055,2.188127069807069
47.28556664786581,0.1807146880046562
47.28950219232256,0.6615010175785733
47.29343773677931,1.0533109425399376
47.29737328123606,0.13133558611891377
47.301308825692814,0.38496770539895964
47.305244370149566,0.4636945736260816
47.30917991460631,0.060980701586299875
47.31311545906306,0.6233384608552108
47.317051003519815,1.942625545622431
47.32098654797657,2.200900498093895
47.32492209243332,0.8123652588663524
47.32885763689007,0.24301817623010158
47.33279318134682,1.100706337267742
47.33672872580357,1.6937578199070684
47.340664270260326,1.374055758361525
47.34459981471708,0.485191418980906
47.34853535917382,0.28239671967812613
47.352470903630575,0.7215687088223867
47.35640644808733,0.6672813757037742
47.36034199254408,0.4111322066725736
47.36427753700083,0.3937618286496548
47.36821308145758,0.6901575931330396
47.372148625914335,1.1313115216386038
47.37608417037109,1.0577933984955055
47.38001971482784,0.46832496075006447
47.38395525928459,0.13765155685331565
47.387890803741335,0.18372197869777165
47.39182634819809,0.1621632714397451
47.39576189265484,0.20159365091978793
47.39969743711159,0.11966926656659455
47.40363298156834,0.2464923730949394
47.407568526025095,1.1401197837622763
47.41150407048185,1.908587531183945
47.4154396149386,1.726275349582998
47.41937515939535,0.8581787613425026
47.4233107038521,0.16236557095492327
47.42724624830885,0.7374865256532093
47.4311817927656,2.5584673612743747
47.43511733722235,3.3237379453186673
47.4390528816791,1.9209893608014508
47.442988426135855,0.5065402893450877
47.44692397059261,0.46323751732684415
47.45085951504936,0.8653327243763538
47.45479505950611,0.4664555130058338
47.45873060396286,0.05460366428961812
47.462666148419615,1.2039619229051168
47.46660169287636,1.011759656990757
47.47053723733311,0.031325386806300384
47.47447278178986,0.2418915381980953
47.478408326246615,0.303682653900476
47.48234387070337,0.21759116274503232
47.48627941516012,0.16708781100812498
47.49021495961687,0.020624517345034832
47.49415050407362,0.5259022859930758
47.498086048530375,1.4101323748662853
47.50202159298713,0.6750514962213623
47.50595713744387,1.8348342745332904
47.509892681900624,2.262039199318453
47.513828226357376,0.09835974194309309
47.51776377081413,1.3440137278720081
47.52169931527088,2.270625016709928
47.52563485972763,0.6395241711426065
47.52957040418438,0.07045144636651131
47.533505948641135,0.09554027743079765
47.53744149309789,0.1671464852393977
47.54137703755464,0.8107937651223356
47.54531258201138,0.4194668933348762
47.549248126468136,1.1055598293927194
47.55318367092489,4.19121581121353
47.55711921538164,1.4681303614358754
47.56105475983839,2.1895421486389965
47.56499030429514,2.506923526889753
47.568925848751896,1.707977959130052
47.57286139320865,1.5233169088086773
47.5767969376654,0.1782748808489514
47.58073248212215,3.2459194637130016
47.584668026578896,2.2157027899955706
47.58860357103565,0.23793454413207135
47.5925391154924,0.9126412415244732
47.59647465994915,3.261028776703882
47.600410204405904,1.550401228340844
47.604345748862656,0.9452177554172086
47.60828129331941,1.3296415041475678
47.61221683777616,0.18806284820986532
47.61615238223291,0.14121857650933314
47.62008792668966,0.25418354347339506
47.62402347114641,1.0811812619678602
47.62795901560316,0.40927009545527937
47.63189456005991,0.09787190755823151
47.63583010451666,0.5033072947048419
47.639765648973416,0.24341017110648153
47.64370119343017,0.09562612883464879
47.64763673788692,0.2497616141830402
47.65157228234367,0.36367473789336996
47.65550782680042,0.3899990630592427
47.659443371257176,0.2694767195198263
47.66337891571392,0.18954645055026992
47.66731446017067,0.5317936304745031
47.671250004627424,0.9338878268057933
47.675185549084176,0.5291535036973105
47.67912109354093,0.14404041738238252
47.68305663799768,0.1054651692976023
47.68699218245443,1.0669735382806664
47.690927726911184,1.0375369347070882
47.694863271367936,0.2839622257865694
47.69879881582469,0.21185113618476073
47.70273436028143,0.8240885139847597
47.706669904738185,1.2846736315706084
47.71060544919494,0.5585610468287506
47.71454099365169,0.1292278873625546
47.71847653810844,2.0663368892710783
47.72241208256519,3.18637237363189
47.72634762702194,1.6088762589308352
47.730283171478696,0.5396963202569984
47.73421871593545,1.8082350585617761
47.7381542603922,2.7697735112650452
47.74208980484895,0.5986292378168555
47.7460253493057,0.4025381906075816
47.74996089376245,1.4192521895567667
47.7538964382192,0.4502345904505086
47.75783198267595,0.14512151982534535
47.761767527132704,0.6524200081235104
47.765703071589456,0.057814474900634794
47.76963861604621,0.14584518392627385
47.77357416050296,0.9302713347200846
47.77750970495971,2.140261049844379
47.78144524941646,0.8225709619727873
47.78538079387321,0.01540486201043291
47.78931633832996,1.1106722128665247
47.79325188278671,3.9573369369098463
47.797187427243465,3.4135179609914412
47.80112297170022,1.3776618997094363
47.80505851615697,0.8813420434460177
47.80899406061372,0.13831447947253442
47.81292960507047,0.1341321775741585
47.81686514952722,1.256235031699195
47.82080069398397,1.708890344341808
47.82473623844072,0.13818295975881648
47.82867178289747,0.5821072628627106
47.83260732735423,0.3760788639313665
47.83654287181098,0.10188318454180427
47.84047841626773,0.4150914442365404
47.84441396072448,0.2203090191320468
47.84834950518123,0.6970900947310853
47.85228504963799,0.607978174954425
47.85622059409473,0.5836617524279274
47.86015613855148,0.9130706958766994
47.86409168300823,0.1029796756393857
47.868027227464985,0.45782071862604495
47.87196277192174,0.6800982050539861
47.87589831637849,1.6915086062450952
47.87983386083524,1.1597236764135426
47.88376940529199,0.18525491991871637
47.887704949748745,0.17043266349093017
47.8916404942055,0.14469835006845008
47.89557603866224,0.09888572148308766
47.89951158311899,1.4063617906047043
47.90344712757575,2.282244109413469
47.9073826720325,0.5579938807094568
47.91131821648925,0.13294968471123167
47.915253760946,0.36898214072088314
47.91918930540275,1.2033997861093038
47.92312484985951,1.0449760123409706
47.92706039431626,1.064597916942202
47.93099593877301,1.9473716297718855
47.93493148322976,0.9939585611994747
47.938867027686506,0.2750328772505748
47.94280257214326,2.420210596763012
47.94673811660001,4.124570727283004
47.95067366105676,0.43421315618760714
47.95460920551351,2.3004315311093504
47.958544749970265,4.668988800587102
47.96248029442702,1.0250911664011313
47.96641583888377,1.3695294947015548
47.97035138334052,1.6561720607532675
47.97428692779727,0.1662293694792824
47.97822247225402,0.2102138366987243
47.98215801671077,0.17773555896160953
47.98609356116752,0.2388337661100273
47.990029105624274,0.9483291401224034
47.99396465008103,0.4581773849764114
47.99790019453778,0.9121113631381884
48.00183573899453,0.4907043384580099
48.00577128345128,1.1231529751694516
48.00970682790803,1.57602101249992
48.01364237236478,0.48710617735673045
48.01757791682153,0.3115688004938354
48.02151346127828,0.09530900528342398
48.02544900573504,0.1937067195574766
48.029384550191786,0.43719037359348323
48.03332009464854,0.6774284183464047
48.03725563910529,0.4668377639370501
48.04119118356204,0.11721003154044062
48.04512672801879,0.4877958550602162
48.049062272475545,1.2095671694080625
48.05299781693229,0.21127174409828492
48.05693336138904,0.8187958279157693
48.060868905845794,1.0764868219805066
48.06480445030255,0.0013466142380592471
48.0687399947593,0.974141906831546
48.07267553921605,1.2163597088139402
48.0766110836728,1.199715081822589
48.080546628129554,0.8632237788111188
48.08448217258631,0.2936556953173564
48.08841771704306,0.22171458658572116
48.0923532614998,1.1886238183300635
48.09628880595656,4.111703463789777
48.100224350413306,0.5714883565610632
48.10415989487006,3.6058821994592614
48.10809543932681,10.887616778070527
48.11203098378356,5.566887896598255
48.11596652824032,0.2783584720903834
48.119902072697066,0.2747318726360467
48.12383761715382,0.4278003006407623
48.12777316161057,2.5704520994780835
48.13170870606732,3.781746621338955
48.13564425052407,0.7644435187292354
48.13957979498082,0.907519538124459
48.14351533943757,2.6036775664027116
48.14745088389432,0.3437221296034316
48.151386428351074,0.3513977754491471
48.15532197280783,0.5466503997786563
48.15925751726458,4.2773105618670035
48.16319306172133,5.115014718158671
48.16712860617808,1.561683416854852
48.17106415063483,2.6755483547051875
48.17499969509158,1.3140506521622706
48.17893523954833,3.1490324709958557
48.18287078400508,1.7339748047134886
48.18680632846184,0.42951168727961975
48.190741872918586,2.3386648153349308
48.19467741737534,0.631063800078755
48.19861296183209,0.5992139635809529
48.20254850628884,0.9887775307895507
48.2064840507456,0.15510545705377377
48.21041959520234,0.2793033068289359
48.21435513965909,0.5700245537337668
48.21829068411584,0.043350134527503935
48.2222262285726,0.14879570088308305
48.22616177302935,0.11880490463832694
48.2300973174861,0.004305439079424202
48.23403286194285,0.19383624486014256
48.2379684063996,0.8392012865685837
48.241903950856354,0.8534240436897127
48.24583949531311,0.1597659269539738
48.24977503976985,0.2909466612658831
48.2537105842266,0.8635205067229214
48.25764612868336,0.38854905222586394
48.26158167314011,0.9039053228158191
48.26551721759686,0.2886272732471791
48.26945276205361,0.20584122674537417
48.27338830651036,0.1500816071971361
48.27732385096712,1.1763858704185066
48.28125939542387,1.1366484699912482
48.28519493988062,0.0965027513760271
48.28913048433736,1.2316952816295945
48.29306602879412,1.1155000907929205
48.29700157325087,1.873244145675413
48.30093711770762,0.23625677858487573
48.30487266216437,0.5791830509503008
48.30880820662112,0.22742675501801124
48.31274375107788,0.7631515544908956
48.31667929553463,1.7164970670566755
48.32061483999138,0.16147536214824523
48.32455038444813,0.3858785881135216
48.32848592890488,0.9412258544849597
48.33242147336163,1.0588179122177528
48.33635701781838,0.8548263601436348
48.34029256227513,0.625179888066391
48.34422810673188,1.5313223014722617
48.34816365118864,1.8917266798286654
48.35209919564539,0.5435237555850772
48.35603474010214,0.19233644549445927
48.35997028455889,0.11923494271528584
48.36390582901564,0.11856364466678679
48.36784137347239,0.1998906851433782
48.37177691792914,0.28853261571989425
48.37571246238589,0.5110202421131826
48.37964800684264,0.18027771004924747
48.3835835512994,0.3423545283398889
48.38751909575615,1.0576305415571472
48.3914546402129,0.2631935019856611
48.39539018466965,0.3720614968002603
48.3993257291264,1.1876577918153313
48.40326127358315,0.8701184939811032
48.4071968180399,0.2645879004377999
48.41113236249665,0.6089904336948704
48.41506790695341,1.105926708645777
48.41900345141016,1.0108736262072184
48.42293899586691,0.20984610506846535
48.42687454032366,0.15221543707857935
48.43081008478041,0.4096580766367593
48.43474562923716,1.2568139179314977
48.43868117369392,0.16307840082137215
48.44261671815066,2.9560224823194443
48.44655226260741,0.5693842106064995
48.45048780706416,2.651367746599484
48.45442335152092,1.9712088004620658
48.45835889597767,0.6211523117663121
48.46229444043442,2.194592777969048
48.46622998489117,0.33890375052953403
48.47016552934792,2.2594533708392195
48.47410107380468,3.1218001055006375
48.47803661826143,7.698775106312763
48.48197216271817,2.804261388819645
48.48590770717493,1.167107788777774
48.48984325163168,0.9307563033248293
48.49377879608843,0.1687819353794179
48.49771434054518,0.8437976851008945
48.50164988500193,1.1601699480352214
48.50558542945869,0.20828254485772837
48.50952097391544,1.1624051911339313
48.51345651837219,2.1241779572447963
48.51739206282894,0.14213896321844371
48.52132760728568,1.6767479116843191
48.52526315174244,1.2134523894420868
48.52919869619919,0.14107425504928553
48.53313424065594,0.10248135186309322
48.53706978511269,0.49072691030181614
48.54100532956944,0.7468457480549064
48.5449408740262,1.1810524335789392
48.54887641848295,1.7003175967469542
48.5528119629397,0.32497362342833325
48.55674750739645,0.3297329856885332
48.5606830518532,0.6232580472513917
48.56461859630995,0.013150558880839876
48.5685541407667,0.33433496019400866
48.57248968522345,0.07397005132900326
48.57642522968021,0.1406822743232769
48.58036077413696,0.3409167036076888
48.58429631859371,0.5484922836391641
48.58823186305046,2.0328168918578857
48.59216740750721,3.475337076072693
48.59610295196397,2.42584448504818
48.60003849642071,1.2486163159239763
48.60397404087746,1.08342168052127
48.60790958533421,2.5141381224124797
48.61184512979096,3.052609515891832
48.61578067424772,0.35129080609363095
48.61971621870447,2.2685418914042987
48.62365176316122,5.233271101536245
48.62758730761797,1.792434516113928
48.63152285207472,0.46106323981105163
48.63545839653148,0.7202451382804069
48.63939394098822,0.05365740449422928
48.64332948544497,0.20648266045075758
48.647265029901725,0.06700508705113042
48.65120057435848,0.7656638022050126
48.65513611881523,0.8620270577492193
48.65907166327198,1.989570938077593
48.66300720772873,2.019490648682216
48.66694275218549,1.0615633472862238
48.67087829664224,0.23122738664760356
48.67481384109899,0.22455199668543982
48.67874938555573,0.15870217183788657
48.682684930012485,1.5013185520232053
48.68662047446924,0.7987522428418892
48.69055601892599,0.22355772457062903
48.69449156338274,1.259219861241222
48.69842710783949,0.7062154511471466
48.702362652296245,0.2154942240173966
48.706298196753,0.29673914908897137
48.71023374120975,0.3120455472506185
48.7141692856665,0.05186329314592994
48.718104830123245,0.7144446874379377
48.72204037458,0.11506268396238005
48.72597591903675,0.911771823334302
48.7299114634935,2.815195654752243
48.73384700795025,0.8912479820881023
48.737782552407005,0.6894544281060985
48.74171809686376,1.1507800266983501
48.74565364132051,0.1234143231824428
48.74958918577726,0.6253444296129392
48.75352473023401,0.45853463551233764
48.75746027469076,0.11334400263225675
48.76139581914751,0.8824069780570408
48.76533136360426,0.5902470506323259
48.76926690806101,0.5433255227247504
48.773202452517765,2.5453312803535675
48.77713799697452,0.5668562160646384
48.78107354143127,0.8604816578010566
48.78500908588802,0.8717594245101676
48.78894463034477,0.4162075463283972
48.792880174801525,0.390716160552621
48.79681571925827,0.010812040479171026
48.80075126371502,0.025581276927989505
48.80468680817177,0.01576146734631353
48.808622352628525,0.05113388689819279
48.81255789708528,0.15186965109170802
48.81649344154203,0.3051148638107488
48.82042898599878,1.8687063335493799
48.82436453045553,0.982255145388848
48.828300074912285,0.3067889402636645
48.83223561936904,0.6871617088603235
48.83617116382578,0.23291841857402046
48.84010670828253,0.26757824011825326
48.844042252739285,0.05146505148576627
48.84797779719604,0.6626829994048441
48.85191334165279,0.7639443189300852
48.85584888610954,0.5941129997888006
48.85978443056629,0.5350686325968644
48.863719975023045,0.13062520346180467
48.8676555194798,0.041141033903160554
48.87159106393655,0.1031868199324251
48.875526608393294,0.03515955754702168
48.879462152850046,0.028717058693865906
48.8833976973068,0.3379074066324527
48.88733324176355,0.11143646599702565
48.8912687862203,0.10858951521984574
48.89520433067705,0.05289918941504881
48.899139875133805,0.3065183908857541
48.90307541959056,0.08838848130581235
48.90701096404731,1.1690858143218001
48.91094650850406,2.192499684872899
48.914882052960806,0.2706918670626868
48.91881759741756,1.4520309196811625
48.92275314187431,1.1655575392138435
48.92668868633106,0.3080991913933827
48.93062423078781,0.14117746645013568
48.934559775244566,0.031910193841813664
48.93849531970132,0.336631196573411
48.94243086415807,0.3745771914853537
48.94636640861482,0.0633091837022704
48.950301953071566,0.741965105139246
48.95423749752832,1.8860436735352628
48.95817304198507,2.0707393713751228
48.96210858644182,0.11974207507380774
48.966044130898574,0.866186075060265
48.969979675355326,1.2725951483968756
48.97391521981208,2.265256627183157
48.97785076426883,2.3670138671357486
48.98178630872558,1.1022825991557363
48.98572185318233,1.5161110272525298
48.98965739763908,1.185879324650981
48.99359294209583,0.9125841633224827
48.99752848655258,0.17276628404089517
49.00146403100933,0.34011332939066113
49.005399575466086,0.39547799310462195
49.00933511992284,0.3572687751427352
49.01327066437959,0.5379219896108689
49.01720620883634,0.5317757917447575
49.02114175329309,0.8501598739659729
49.025077297749846,2.141099864442609
49.02901284220659,1.5868755392258855
49.03294838666334,0.38582929769206264
49.036883931120094,0.9178287370026393
49.040819475576846,1.61182417311439
49.0447550200336,0.76383659158325
49.04869056449035,1.5427935863892852
49.0526261089471,2.1154789695044993
49.056561653403854,0.5082409709743844
49.060497197860606,0.26663033790873414
49.06443274231736,0.6486953666670173
49.0683682867741,0.16287673179550238
49.072303831230855,0.14835225782307285
49.07623937568761,0.13831426553479442
49.08017492014436,0.08282085842167637
49.08411046460111,0.014599337018149382
49.08804600905786,0.11891684003248024
49.09198155351461,0.40896873542222145
49.095917097971366,1.4918742645285399
49.09985264242812,1.4249325875444592
49.10378818688487,0.2765926460149288
49.107723731341615,0.5161039932219174
49.11165927579837,0.21207841848010506
49.11559482025512,2.146030267290051
49.11953036471187,4.123513379394003
49.12346590916862,1.9055748666984784
49.127401453625374,0.1440144845612955
49.131336998082126,0.16005115160421132
49.13527254253888,0.021783172710834412
49.13920808699563,0.4691502246981641
49.14314363145238,1.3772539331738798
49.14707917590913,2.2478785847304845
49.15101472036588,1.4336559157624709
49.15495026482263,0.27924581324290904
49.15888580927938,0.5317490036389094
49.162821353736135,0.9355326213451163
49.16675689819289,1.6486061919985298
49.17069244264964,2.6336559398624444
49.17462798710639,1.73289363809154
49.17856353156314,1.3002171553959303
49.18249907601989,2.435314472594957
49.18643462047664,1.190514027257772
49.19037016493339,0.2634499533561804
49.19430570939014,0.0763310079047651
49.198241253846895,0.3332184696663452
49.20217679830365,0.7340653712606682
49.2061123427604,0.4676145068684787
49.21004788721715,0.1151202651473626
49.2139834316739,0.3592371754423401
49.217918976130655,0.1083982451944487
49.22185452058741,0.17128935905116743
49.22579006504415,0.6535667741887815
49.2297256095009,0.4381065209976258
49.233661153957655,0.2568849676990073
49.23759669841441,0.0680688222513634
49.24153224287116,0.13294543198397535
49.24546778732791,0.8462556089569909
49.24940333178466,0.8522882182562159
49.253338876241415,0.16663239292805063
49.25727442069817,0.20598420719250554
49.26120996515492,1.4743866982153422
49.26514550961166,1.295270963713049
49.269081054068415,0.030055542696343366
49.27301659852517,0.5264622147056993
49.27695214298192,0.4689426486882612
49.28088768743867,0.28644071449727093
49.28482323189542,0.8994320166083326
49.288758776352175,0.13648884821985735
49.29269432080893,0.5858417014838389
49.29662986526568,1.082031020193995
49.30056540972243,0.48988512814395174
49.304500954179176,2.952893489670789
49.30843649863593,3.438120113139463
49.31237204309268,0.6924189865387202
49.31630758754943,0.559303019034601
49.32024313200618,0.13891062864292172
49.324178676462935,1.1684842613182551
49.32811422091969,3.6861170796718126
49.33204976537644,3.0248552710034775
49.33598530983319,2.7448979307016574
49.33992085428994,2.1004971370447496
49.34385639874669,0.46788604333874523
49.34779194320344,0.004776853509571081
49.35172748766019,0.09844662249521383
49.355663032116944,0.14178900836254313
49.359598576573696,0.04134435151467025
49.36353412103045,0.6660090028580842
49.3674696654872,0.4849890991067941
49.37140520994395,0.3568785339254906
49.3753407544007,0.8589553269418886
49.379276298857455,0.6737183516486565
49.3832118433142,0.21400739155577103
49.38714738777095,0.10831059342225728
49.3910829322277,1.2375024737607123
49.395018476684456,1.446697520227424
49.39895402114121,0.38957367047891894
49.40288956559796,0.014428188280641487
49.40682511005471,0.04333474986025315
49.41076065451146,0.30538805126951585
49.414696198968215,0.12375652471637891
49.41863174342497,0.39055718277260815
49.42256728788171,2.3792186709584024
49.426502832338464,1.934627389014817
49.430438376795216,0.11537311247584661
49.43437392125197,0.9716382895303278
49.43830946570872,1.700821376889391
49.44224501016547,0.9804365541909562
49.446180554622224,0.27612140972206345
49.450116099078976,0.06979051206343251
49.45405164353573,0.36740852687186976
49.45798718799248,0.6711969274082066
49.46192273244922,0.2695535308798199
49.465858276905976,0.2435503384327601
49.46979382136273,0.660968000213313
49.47372936581948,0.6187398360946369
49.47766491027623,0.29499038296211283
49.48160045473298,0.058578703365081905
49.485535999189736,0.09991051259662652
49.48947154364649,0.5736803672159286
49.49340708810324,0.7988903092356563
49.49734263255999,0.4083583832344265
49.50127817701674,0.03777553234743733
49.50521372147349,1.0915183481870396
49.50914926593024,2.359788095552136
49.51308481038699,0.4046217530582594
49.517020354843744,1.2089904983226347
49.520955899300496,2.513003307806589
49.52489144375725,0.1364201358426871
49.528826988214,0.7669855293113119
49.53276253267075,0.3328414568398034
49.5366980771275,0.38002462367753953
49.54063362158425,1.201691115616183
49.544569166041,0.8419990575095992
49.54850471049775,1.0395242919644812
49.5524402549545,0.6992199840080948
49.556375799411256,0.9044983044987076
49.56031134386801,1.4959481324874908
49.56424688832476,0.683386465223805
49.56818243278151,0.00895091192892657
49.57211797723826,0.1636649077631194
49.57605352169501,0.2608617298261757
49.57998906615176,0.5039789855145465
49.58392461060851,1.2562924611822566
49.58786015506527,1.7553355545217133
49.59179569952202,1.5944647340674758
49.59573124397877,2.165260755542406
49.59966678843552,2.053484321098385
49.60360233289227,1.3433348126584406
49.607537877349024,0.8318329959087224
49.611473421805776,0.3066202779047232
49.61540896626252,3.413389136452606
49.61934451071927,5.708071251684349
49.623280055176025,3.064452830099474
49.62721559963278,1.45024746198269
49.63115114408953,1.4424938888838266
49.63508668854628,1.6592522291362413
49.63902223300303,0.7767530821719231
49.642957777459785,0.6209848206670376
49.64689332191654,2.1628673476332487
49.65082886637329,2.152994910039975
49.65476441083003,0.736990994125574
49.65869995528679,0.729256732386266
49.66263549974354,0.39997806786465684
49.66657104420029,0.08950792918732531
49.67050658865704,0.5834430393238813
49.67444213311379,0.0509814292183031
49.67837767757055,0.3638985291727384
49.6823132220273,0.2499172898851105
49.68624876648405,0.028476305146250637
49.6901843109408,0.2351610244632039
49.694119855397545,0.19094923965950555
49.6980553998543,0.20380994536527877
49.70199094431105,0.09474616700793155
49.7059264887678,0.1389329517469676
49.70986203322455,0.8919355453303859
49.713797577681305,0.6604922328976575
49.71773312213806,0.03339207642297138
49.72166866659481,0.02672471046122299
49.72560421105156,0.019612531380659146
49.72953975550831,0.12558739583445425
49.73347529996506,0.8351886266647893
49.73741084442181,1.6206081437892557
49.74134638887856,1.6724104390113301
49.74528193333531,0.17853209562838562
49.74921747779207,1.3928305436726753
49.75315302224882,2.9567390270808267
49.75708856670557,0.22806191612244847
49.76102411116232,0.45912101876047046
49.76495965561907,0.007037849420302813
49.76889520007583,2.468006449770744
49.77283074453257,2.1710421650717575
49.77676628898932,1.0206105089596853
49.78070183344608,2.4854495595161485
49.784637377902826,1.3450605099108461
49.78857292235958,3.279431843453022
49.79250846681633,2.4094005167252415
49.79644401127308,0.5476526809002227
49.80037955572983,0.9530945032056587
49.804315100186585,0.9721347806687552
49.80825064464334,0.535106981436919
49.81218618910008,4.618274046521182
49.816121733556834,6.8570335340848985
49.82005727801359,3.045496835577654
49.82399282247034,0.5255968227130561
49.82792836692709,0.060022676135182654
49.83186391138384,0.908799128950265
49.83579945584059,2.4592730250806616
49.83973500029735,1.1087221737955881
49.8436705447541,0.06918813851727386
49.84760608921085,1.3963903383283296
49.8515416336676,1.0312192505387276
49.855477178124346,0.02590501039385249
49.8594127225811,0.19992963093526359
49.86334826703785,0.45218889832762754
49.8672838114946,0.9240963265912512
49.87121935595136,0.1239809044610767
49.875154900408106,0.8802077960566115
49.87909044486486,2.45621450876914
49.88302598932161,1.4106552726069201
49.88696153377836,0.31978684752270015
49.89089707823511,0.3509518200133924
49.89483262269186,0.49313903033935447
49.89876816714861,0.8110089685866702
49.90270371160536,0.6021195923189961
49.906639256062114,0.2448331843120482
49.91057480051887,0.7289522729871315
49.91451034497562,0.5212452723995574
49.91844588943237,2.1631798748331637
49.92238143388912,6.495571262536174
49.926316978345874,6.673239698259716
49.93025252280262,2.449494115909051
49.93418806725937,0.1685300381156397
49.93812361171612,0.24167400653087395
49.94205915617288,1.0440102656635448
49.945994700629626,0.7505812845099645
49.94993024508638,0.05794656552592779
49.95386578954313,1.3058420395577568
49.95780133399988,0.4310170527695965
49.96173687845664,0.4568347316914371
49.965672422913386,0.9469330012418259
49.96960796737013,0.02809830442883264
49.97354351182688,1.246213055137931
49.977479056283634,0.9255344834443642
49.98141460074039,0.34709771059107314
49.98535014519714,0.15727259768781446
49.98928568965389,2.1358083347495955
49.99322123411064,1.3010452005988662
49.997156778567394,1.7552187235838985
50.00109232302415,3.640110725923006
50.0050278674809,0.5320942180682917
50.00896341193764,1.8971001630997313
50.0128989563944,2.208696688849025
50.01683450085115,0.08801554077255724
50.0207700453079,2.587984485371478
50.02470558976465,1.886110207411416
50.0286411342214,0.003631373019856402
50.03257667867816,0.8125649849409219
50.036512223134906,0.5795771224219635
50.04044776759166,0.26724031485651134
50.0443833120484,0.5742305161341446
50.04831885650516,0.4638300735352975
50.05225440096191,0.06794220680990422
50.05618994541866,0.3519724638518947
50.06012548987541,0.917620913956546
50.06406103433216,2.093475818284623
50.06799657878892,1.769333340996244
50.07193212324567,0.7979422840692676
50.07586766770242,1.8620886331459672
50.07980321215917,0.8300602998746511
50.08373875661592,0.2277877831455822
50.08767430107267,1.189866517660378
50.09160984552942,0.6845934337212161
50.09554538998617,1.6453358617586364
50.09948093444292,2.9820668285295695
50.10341647889968,2.237442287882408
50.10735202335643,0.556198600224292
50.11128756781318,2.2752860995238127
50.11522311226993,2.154447066922844
50.11915865672668,0.08958835675854401
50.12309420118343,1.066403929707037
50.12702974564018,1.6203218732294504
50.13096529009693,0.5812063104202962
50.13490083455368,0.3052831176452213
50.13883637901044,0.7383216765862071
50.14277192346719,0.27355114570242667
50.14670746792394,0.21280926045413617
50.15064301238069,0.2592941700788164
50.15457855683744,0.48173676356018474
50.1585141012942,1.1610314586747286
50.16244964575094,0.836843869967379
50.16638519020769,0.21602159092318338
50.17032073466444,0.2874440873078318
50.1742562791212,0.0049288498923506984
50.17819182357795,0.024711384417317912
50.1821273680347,0.30228575683347997
50.18606291249145,0.8672017841923003
50.1899984569482,0.1354602720734594
50.19393400140496,0.1997386420732349
50.19786954586171,0.07749892075038073
50.20180509031845,0.3174818560870352
50.2057406347752,1.869841421092569
50.20967617923196,2.330921831511439
50.21361172368871,0.02081304159048867
50.21754726814546,1.606731112833653
50.22148281260221,0.41446192983609803
50.22541835705896,2.7814333464380416
50.22935390151572,5.548007373203265
50.23328944597247,1.6695698665852163
50.23722499042922,0.7741680357658638
50.24116053488597,0.6964681191275097
50.24509607934272,1.371804174310259
50.24903162379947,0.061972880529674285
50.25296716825622,1.2170351767928917
50.25690271271297,1.3886822656948232
50.26083825716972,0.28025895673155554
50.26477380162648,0.08060398186393576
50.26870934608323,1.498667701312456
50.27264489053998,1.6794656089415236
50.27658043499673,0.30199752674628544
50.28051597945348,0.07381668871051006
50.28445152391023,0.35894336007038813
50.28838706836698,2.084452839775749
50.29232261282373,1.6912236247488321
50.29625815728048,0.07007147927865098
50.30019370173724,1.6315576692277733
50.30412924619399,3.4903817859693445
50.30806479065074,3.1270863467300973
50.31200033510749,2.2928817530462964
50.31593587956424,1.3141082653127028
50.31987142402099,0.09304997936357247
50.32380696847774,0.3823446203146818
50.32774251293449,0.4745005650488031
50.33167805739125,0.41540278012583837
50.335613601848,0.8347328218631868
50.33954914630475,0.11886328316113508
50.3434846907615,0.17692450781529903
50.34742023521825,0.22041939970703728
50.351355779675,0.9033607667734994
50.35529132413176,1.641763591871418
50.3592268685885,1.6341791630920262
50.36316241304525,3.6658988504329946
50.367097957502,5.277296398709189
50.37103350195876,1.9626673661065979
50.37496904641551,0.31546489826846214
50.37890459087226,4.538726527699775
50.38284013532901,3.889828231813628
50.38677567978576,0.5956616551000596
50.39071122424252,1.1495826168270877
50.39464676869927,0.7454195738736695
50.39858231315601,1.2214482190018354
50.40251785761277,0.9656999758954196
50.40645340206952,0.3021259459209283
50.41038894652627,1.2716485725642945
50.41432449098302,1.5797624497326173
50.41826003543977,0.5037009777816829
50.42219557989653,1.3849025778371729
50.42613112435328,3.6638799172376126
50.43006666881003,1.9687348809941265
50.43400221326678,0.16409075845878643
50.437937757723525,0.3580469071324596
50.44187330218028,0.8327266812832677
50.44580884663703,0.6527315970338514
50.44974439109378,1.6044197597061998
50.45367993555053,3.244143428671094
50.45761548000728,1.9253210671013927
50.46155102446404,0.09813220837187793
50.46548656892079,0.7719063156914335
50.46942211337754,0.6624044494610104
50.47335765783429,0.885261025490746
50.47729320229104,0.9336632724711857
50.48122874674779,1.3993886176992139
50.48516429120454,5.687114126818749
50.48909983566129,1.4601110920824978
50.493035380118044,2.1890334830105846
50.4969709245748,5.958421834350035
50.50090646903155,1.7429079416541766
50.5048420134883,0.5329970129280152
50.50877755794505,0.5577421875544928
50.51271310240181,0.7530326954033225
50.51664864685855,0.1342534214193969
50.5205841913153,0.1775826164300182
50.52451973577205,0.2918801294564041
50.528455280228805,0.04547866670045573
50.53239082468556,0.31503283118373887
50.53632636914231,1.1722166257629107
50.54026191359906,1.5013427824898937
50.54419745805581,2.0523683864887037
50.54813300251256,1.8261341810320928
50.55206854696932,1.0453322544427157
50.55600409142606,1.3202803411642041
50.55993963588281,1.448962473832427
50.563875180339565,0.8581562058143055
50.56781072479632,0.708143905321363
50.57174626925307,0.9784392730430257
50.57568181370982,0.9301802689519709
50.57961735816657,0.2810640242396269
50.583552902623325,0.7454895786162627
50.58748844708008,1.0059489880152646
50.59142399153682,0.8136106624393201
50.59535953599357,0.09401911424077822
50.599295080450325,1.1549538813147238
50.60323062490708,1.3212031440778689
50.60716616936383,0.020903647115894326
50.61110171382058,0.3305972416316375
50.61503725827733,0.09972445698511492
50.618972802734085,0.012525944798251764
50.62290834719084,0.017825503422264966
50.62684389164759,0.0610637358759405
50.63077943610433,0.3928506294060718
50.634714980561085,0.22393953005595887
50.63865052501784,0.3892235874704513
50.64258606947459,1.0502169060686286
50.64652161393134,0.16755439360996757
50.65045715838809,0.40734103648084713
50.654392702844845,0.7031358434960664
50.6583282473016,0.3434179937238013
50.66226379175835,0.07178516289112613
50.6661993362151,0.735027950641797
50.670134880671846,0.5998891535658788
50.6740704251286,0.13681866155044012
50.67800596958535,0.04920640143997527
50.6819415140421,0.0740855695732153
50.68587705849885,0.27682361498284896
50.689812602955605,0.5581737853475122
50.69374814741236,0.2893469254571675
50.69768369186911,0.05985591596645232
50.70161923632586,0.23109720198524142
50.70555478078261,0.31685916511359996
50.70949032523936,0.3612059950726017
50.71342586969611,0.826831970112774
50.71736141415286,0.2166910133492186
50.721296958609614,0.07089883391859428
50.725232503066366,0.0025601985213418066
50.72916804752312,0.18131521686239938
50.73310359197987,0.11276756868692689
50.73703913643662,0.2908509670622227
50.74097468089337,0.634397064188143
50.744910225350125,1.0708396361541943
50.74884576980687,2.244878397929849
50.75278131426362,5.6093687154575536
50.75671685872037,2.3323292786554157
50.760652403177126,0.5882320518790309
50.76458794763388,3.5167916012283795
50.76852349209063,0.8075417020428867
50.77245903654738,0.793301999230168
50.77639458100413,1.4271510197420891
50.780330125460885,0.7299417921255194
50.78426566991764,0.20054214979358195
50.78820121437438,0.02316487934562156
50.792136758831134,0.16954854534480285
50.796072303287886,0.2519191233464457
50.80000784774464,1.052369518276136
50.80394339220139,1.8728886195978267
50.80787893665814,1.0587763335526852
50.811814481114894,0.8675535454029841
50.815750025571646,0.06689215310596186
50.8196855700284,0.2157043850580386
50.82362111448515,0.019091035630585874
50.82755665894189,0.3146723750777963
50.831492203398646,0.0868558788868949
50.8354277478554,0.5857398288922182
50.83936329231215,0.99717143776032
50.8432988367689,0.3561589478777692
50.84723438122565,0.014691478459679887
50.851169925682406,0.6595178354241801
50.85510547013916,0.8302173341920958
50.85904101459591,0.25641323543616246
50.86297655905266,0.05002447493100657
50.86691210350941,0.24274719210222337
50.87084764796616,0.9751501090308985
50.87478319242291,0.663310652670718
50.87871873687966,0.7923549947144398
50.882654281336414,3.6242047809346567
50.886589825793166,3.924662888251313
50.89052537024992,1.5636624440025289
50.89446091470667,0.396777875916218
50.89839645916342,0.15251571152678012
50.902332003620174,0.18890262245104258
50.90626754807692,0.29828235337781456
50.91020309253367,1.061633459581541
50.91413863699042,1.569391446656049
50.91807418144717,0.8565162390999731
50.922009725903926,1.8451629589919494
50.92594527036068,1.5597279692231782
50.92988081481743,1.603116581717892
50.93381635927418,0.77187305477274
50.93775190373093,0.16483106328692182
50.941687448187686,0.7902535871530556
50.94562299264443,0.03344471337504231
50.94955853710118,0.1462785351667325
50.953494081557935,0.06542780973976456
50.95742962601469,0.5339167140127896
50.96136517047144,1.769392436466227
50.96530071492819,1.2373460050283025
50.96923625938494,0.11276592640989852
50.973171803841694,1.3632904455008612
50.977107348298446,1.4854442828060623
50.9810428927552,4.7755970485094945
50.98497843721194,3.5303008132413884
50.988913981668695,0.15680659648208622
50.99284952612545,1.2458214710214794
50.9967850705822,1.1847132630222732
51.00072061503895,0.07415922442959019
51.0046561594957,1.1411452682692451
51.008591703952455,0.6924398798407113
51.01252724840921,1.5227106684560252
51.01646279286596,2.309881142962612
51.02039833732271,0.6133263310351954
51.024333881779455,2.368518551152389
51.02826942623621,4.432435648502739
51.03220497069296,1.3766233521610511
51.03614051514971,0.6912343074262701
51.04007605960646,1.3007128110842507
51.044011604063215,0.15461453726030866
51.04794714851997,0.05494658904564308
51.05188269297672,0.04370097665988041
51.05581823743347,0.5511966015126841
51.05975378189022,0.8185202164142508
51.06368932634697,0.4994040035954892
51.06762487080372,0.8263417853823791
51.07156041526047,0.6654917068348674
51.07549595971722,0.5439490222155172
51.079431504173975,0.30640344496624616
51.08336704863073,0.24799178926490015
51.08730259308748,0.2079098770741393
51.09123813754423,0.4257879723380658
51.09517368200098,1.4159293139586162
51.099109226457735,0.6853733327456369
51.10304477091448,0.4932117692123562
51.10698031537123,3.14185614830695
51.11091585982798,0.5805871570747229
51.114851404284735,1.8063815071565408
51.11878694874149,3.407391852992481
51.12272249319824,0.26361418275716997
51.12665803765499,0.35745363388667883
51.13059358211174,0.1766147072872083
51.134529126568495,0.08738342933807831
51.13846467102525,0.06803300565304661
51.14240021548199,0.4754657411511898
51.14633575993874,0.13907483163715484
51.150271304395496,0.3340610537845618
51.15420684885225,1.2559479321819331
51.158142393309,1.0450580522600814
51.16207793776575,0.13954575663117327
51.1660134822225,0.4634790914309789
51.169949026679255,0.38602679062460804
51.17388457113601,0.24633622529494262
51.17782011559275,0.2849828729616459
51.181755660049504,0.8097314890213289
51.185691204506256,1.9449307355750676
51.18962674896301,1.273097561319615
51.19356229341976,0.3842896050273498
51.19749783787651,0.06773831568679664
51.20143338233326,0.6317354503905842
51.205368926790015,1.4088421434809262
51.20930447124677,0.0782017088715406
51.21324001570352,0.33157316513469803
51.21717556016026,0.02871892741988651
51.221111104617016,0.4202973470178078
51.22504664907377,0.4121971735633056
51.22898219353052,0.009469267449324796
51.23291773798727,0.7535728297413677
51.23685328244402,0.9706492715483891
51.240788826900776,2.2029094967506784
51.24472437135753,2.885848128446558
51.24865991581428,1.403275007541376
51.25259546027103,5.3868345975496075
51.256531004727776,3.247472098364597
51.26046654918453,0.7349405099069927
51.26440209364128,1.6917235473666798
51.26833763809803,0.4234966037089748
51.272273182554784,0.034051879922706835
51.276208727011536,0.1891154120755155
51.28014427146829,0.18251961948085155
51.28407981592504,0.07699900391581797
51.28801536038179,0.26581507408179555
51.291950904838544,0.8374780237913438
51.29588644929529,2.2859317028027215
51.29982199375204,1.9401906101328088
51.30375753820879,0.05633583296975264
51.30769308266554,1.1362301041665746
51.311628627122296,0.5014156474204615
51.31556417157905,0.3517653436917575
51.3194997160358,1.0171815522278784
51.32343526049255,0.05997031789624377
51.3273708049493,0.3053731788271687
51.331306349406056,0.1306455181921095
51.3352418938628,0.041393092081553014
51.33917743831955,0.033524300755052173
51.343112982776304,0.055269503065838776
51.347048527233056,0.09269464308868237
51.35098407168981,0.31518377143698983
51.35491961614656,0.33512773504913257
51.35885516060331,2.1130872283674
51.362790705060064,3.32821814193435
51.366726249516816,0.20538890269545476
51.37066179397357,0.7487626763047461
51.37459733843031,0.10859890305866453
51.378532882887065,1.001778729997852
51.38246842734382,1.1681985495687761
51.38640397180057,2.574319814410802
51.39033951625732,1.5652937227504324
51.39427506071407,0.30464297730759127
51.39821060517082,1.862660142721925
51.402146149627576,0.622146725050745
51.40608169408433,0.3375734599428996
51.41001723854108,0.06072768940984351
51.41395278299783,0.7023974376011071
51.41788832745458,0.1636444802669331
51.42182387191133,0.0987629256108163
51.42575941636808,0.3587257028928673
51.42969496082483,1.0448144652796445
51.43363050528159,0.5212210262634427
51.43756604973834,0.13915910507943405
51.44150159419509,0.03197587403862674
51.44543713865184,0.21024787345555637
51.44937268310859,0.7064865017035957
51.45330822756534,0.5454024442169034
51.45724377202209,1.1225553337446996
51.46117931647884,0.1452085470941647
51.46511486093559,1.5779079489920913
51.469050405392345,1.8667260241257146
51.4729859498491,0.02571011284796032
51.47692149430585,1.1925651065249117
51.4808570387626,0.23091332893716898
51.48479258321935,0.9063267427443964
51.4887281276761,0.3944001072806729
51.49266367213285,0.16587259090340975
51.4965992165896,1.1856255095778596
51.50053476104635,1.7977546343285078
51.50447030550311,1.1989093322939914
51.50840584995986,1.5386704057819132
51.51234139441661,0.39460994298091856
51.51627693887336,2.9446754705810574
51.52021248333011,1.2096446231366436
51.52414802778687,0.30626157235719637
51.52808357224362,0.2366426183713133
51.53201911670036,3.34921539238822
51.53595466115711,6.345265112122648
51.539890205613865,0.31019669013868445
51.54382575007062,1.953384002306403
51.54776129452737,0.47441498926087916
51.55169683898412,1.9708995351526482
51.55563238344087,3.072872195172361
51.559567927897625,0.10730231922675004
51.56350347235438,0.6623567020231532
51.56743901681113,0.03623899357314215
51.571374561267874,1.1065297054013594
51.57531010572463,0.3788423685511005
51.57924565018138,0.1344846066720908
51.58318119463813,0.37779188444056433
51.58711673909488,1.0697030073536766
51.59105228355163,0.6662369082908813
51.59498782800839,0.22717568069250918
51.59892337246514,0.6783353899081993
51.60285891692189,0.3997497815181718
51.60679446137864,1.6506030715487936
51.610730005835386,0.2429679560049451
51.61466555029214,4.148828258405619
51.61860109474889,3.190936852020706
51.62253663920564,1.2301234327946058
51.62647218366239,2.2702477770309093
51.630407728119145,0.9147743933411172
51.6343432725759,2.0973761713612227
51.63827881703265,0.20287044364804882
51.6422143614894,0.4729398599458662
51.64614990594615,0.2757994361599309
51.6500854504029,1.058855620806385
51.65402099485965,1.4634997821751912
51.6579565393164,6.595062446758598
51.661892083773154,5.569671643116738
51.66582762822991,0.30817897427234564
51.66976317268666,1.2415349764698602
51.67369871714341,2.2736940356805637
51.67763426160016,0.7828700022655944
51.68156980605691,0.5271413188349984
51.68550535051367,0.9934034471022576
51.68944089497041,0.7783341574187252
51.69337643942716,3.2166749825643794
51.69731198388392,1.4908907416513402
51.701247528340666,1.0548760708828644
51.70518307279742,2.322786456515418
51.70911861725417,0.5785985053790207
51.71305416171092,0.02915096661046926
51.71698970616767,0.30408142176825703
51.720925250624425,1.3713004644271256
51.72486079508117,1.244346737270047
51.72879633953792,1.2592519651828569
51.732731883994674,0.5738969324450388
51.73666742845143,0.0226133098272533
51.74060297290818,0.05109473631209104
51.74453851736493,0.9637957812204048
51.74847406182168,1.4420061296222353
51.752409606278434,0.40087695909470833
51.75634515073519,0.41861686098740375
51.76028069519194,0.5386655473542346
51.76421623964868,0.3041237987159274
51.76815178410544,1.4063933710193333
51.772087328562186,0.8106503524273029
51.77602287301894,0.3654893227293856
51.77995841747569,1.7038930409515602
51.78389396193244,1.0912976640667493
51.7878295063892,1.6386686514483626
51.791765050845946,0.1944945451095362
51.7957005953027,3.636987131747174
51.79963613975945,4.302814185359314
51.8035716842162,0.26431245086449345
51.80750722867295,3.09657928610917
51.8114427731297,1.7304181370126634
51.81537831758645,0.021386362943575026
51.8193138620432,0.4412054165968174
51.823249406499954,1.5013466492966607
51.82718495095671,0.7343636827138836
51.83112049541346,0.534665194330981
51.83505603987021,0.5488134924546187
51.83899158432696,0.1428033561364197
51.84292712878371,1.1243443828130912
51.84686267324046,0.424720373560409
51.85079821769721,0.038816155862915105
51.85473376215396,0.44488092144607694
51.85866930661072,0.4209919071541226
51.862604851067466,0.0007318554288038753
51.86654039552422,0.7940840917198515
51.87047593998097,1.410336286060125
51.87441148443772,0.38373524292528965
51.87834702889448,0.05469459840667859
51.88228257335122,0.5645765609112456
51.88621811780797,1.2343423949487367
51.89015366226472,0.4257635437948671
51.89408920672148,0.0707075686778391
51.89802475117823,0.35680729634792746
51.90196029563498,0.81751830048314
51.90589584009173,1.1433240743042528
51.90983138454848,0.9091852596790615
51.913766929005234,0.8159940269601619
51.91770247346199,0.6632481765280852
51.92163801791873,0.17508573481065207
51.92557356237548,0.4112336180446074
51.92950910683224,1.1893569849551544
51.93344465128899,1.4513671996768478
51.93738019574574,0.5411062614332799
51.94131574020249,0.03472970991462595
51.94525128465924,0.0205231369524806
51.949186829116,0.10012386690839443
51.95312237357275,0.15642674516566818
51.9570579180295,0.15442421937739778
51.96099346248624,0.09343807475038693
51.964929006943,1.0783415242417325
51.96886455139975,1.4869735803213862
51.9728000958565,1.153006549727256
51.97673564031325,0.4128074585975399
51.98067118477,0.05112087809088344
51.98460672922676,0.29546766614381437
51.98854227368351,1.1079386482022184
51.99247781814026,0.2405496443712756
51.99641336259701,0.6612179433107405
52.00034890705376,1.5786117635596826
52.00428445151051,0.287447345998782
52.00821999596726,0.6208213618914026
52.01215554042401,0.5517528966909243
52.01609108488076,0.5774800998898351
52.02002662933752,0.7967699205775528
52.02396217379427,2.218118219977565
52.02789771825102,1.824912075127307
52.03183326270777,0.03928033145290606
52.03576880716452,1.1176976134459133
52.03970435162127,0.6677287548602601
52.04363989607802,0.27502316031342594
52.04757544053477,0.23907259548995757
52.05151098499152,1.0221128218698157
52.05544652944828,0.26569123876411527
52.05938207390503,2.386355367138444
52.06331761836178,2.429844031052779
52.06725316281853,0.8780095935599725
52.07118870727528,2.6296262030072115
52.07512425173204,6.317529644346673
52.07905979618878,6.845708531991426
52.08299534064553,1.680650357853303
52.08693088510229,4.031159350363803
52.09086642955904,4.662351528091104
52.09480197401579,0.9628660650582292
52.09873751847254,0.22672705128596546
52.10267306292929,1.2768715265991533
52.10660860738604,2.6391510852890905
52.1105441518428,2.3121495018093237
52.11447969629955,0.63342950062376
52.11841524075629,0.0029374513111594335
52.12235078521304,0.3042979606877655
52.1262863296698,0.6702993750314716
52.13022187412655,0.6224243094117907
52.1341574185833,0.2019972569152602
52.13809296304005,0.023686547571710896
52.1420285074968,0.44276766867878536
52.14596405195356,0.6032320602734176
52.14989959641031,0.3403914945818306
52.15383514086706,0.2615949327245293
52.15777068532381,0.2917130102085135
52.16170622978056,0.7581725971228533
52.16564177423731,1.165917330039871
52.16957731869406,1.4522961111120902
52.17351286315081,2.3057255622789716
52.17744840760757,1.8063263127046814
52.18138395206432,0.6062203852223002
52.18531949652107,0.27233421081619263
52.18925504097782,0.3182189157273125
52.19319058543457,0.28931036384350517
52.19712612989132,0.08179505085467818
52.20106167434807,0.31426859611274355
52.20499721880482,0.33354408708934685
52.20893276326157,0.36014414949638973
52.21286830771832,0.17270312117441078
52.21680385217508,0.15020741994429068
52.22073939663183,0.03360101411541305
52.22467494108858,0.37707932541416417
52.22861048554533,0.18938550721185335
52.23254603000208,0.4103689371925527
52.23648157445883,0.12551763753460293
52.24041711891558,0.4105883349016429
52.24435266337233,0.21125215646857823
52.24828820782909,1.0454309338864196
52.25222375228584,1.051304875537496
52.25615929674259,0.920537050591466
52.26009484119934,0.45563868222420967
52.26403038565609,0.10844489281064824
52.26796593011285,0.1567898992273013
52.27190147456959,0.26382083555965863
52.27583701902634,0.7679187365793144
52.27977256348309,0.3641608328246155
52.28370810793984,0.7052499688967133
52.2876436523966,3.4645641509793403
52.29157919685335,2.4882141288755246
52.2955147413101,0.04969080717116986
52.29945028576685,1.9755289777249745
52.3033858302236,1.3554478329280706
52.30732137468036,1.5973476025545084
52.3112569191371,0.10670125471295051
52.31519246359385,2.0206277300613555
52.319128008050605,3.1721893809409836
52.32306355250736,1.1476592309009257
52.32699909696411,0.7819892804949028
52.33093464142086,1.0113941418276438
52.33487018587761,1.4200272040017439
52.33880573033437,0.0013621492491917597
52.34274127479112,2.4191899266497447
52.34667681924787,2.4812642746950866
52.35061236370461,0.09650408137297842
52.354547908161365,0.1265850046080601
52.35848345261812,0.0882051023411827
52.36241899707487,0.7924659240748175
52.36635454153162,0.1995795629382711
52.37029008598837,0.14605116393731535
52.374225630445125,0.48645386345676794
52.37816117490188,0.19194362168421525
52.38209671935863,0.007877629678585706
52.38603226381538,0.022384608641975386
52.389967808272125,0.10297469662153434
52.39390335272888,0.13940169963137058
52.39783889718563,0.17828521753106122
52.40177444164238,0.2641457501570245
52.40570998609913,1.0804335841434844
52.409645530555885,4.022099033386121
52.41358107501264,3.9069777870479365
52.41751661946939,2.384529023500652
52.42145216392614,1.7218838720423746
52.42538770838289,1.1325521103304772
52.42932325283964,0.8696197855499266
52.43325879729639,0.8359713178622781
52.43719434175314,0.6666670239238793
52.44112988620989,0.8179113228666903
52.445065430666645,0.6245560296444237
52.4490009751234,0.44838509513183666
52.45293651958015,0.7000350225813752
52.4568720640369,0.8729018194631337
52.46080760849365,0.32739653134539043
52.464743152950405,0.11171714716132891
52.46867869740715,0.6769202721692702
52.4726142418639,1.322088957128984
52.47654978632065,3.1662638503105454
52.480485330777405,4.526465887188142
52.48442087523416,2.0462591057565915
52.48835641969091,0.11479991051433273
52.49229196414766,0.47463108053403963
52.49622750860441,0.024660652018357286
52.500163053061165,0.2546235420892657
52.50409859751792,0.2918909729263169
52.50803414197466,0.04854970537354812
52.51196968643141,0.7187776638072214
52.515905230888166,2.174424097649345
52.51984077534492,0.48963551553494805
52.52377631980167,0.5751998957011161
52.52771186425842,0.5855070533484423
52.53164740871517,0.38149695351881746
52.535582953171925,0.6761939754788431
52.53951849762868,2.370042248450757
52.54345404208543,3.5645353761617504
52.547389586542174,2.0197907751737376
52.551325130998926,3.3141905583111115
52.55526067545568,3.2189804526723846
52.55919621991243,4.053306472771307
52.56313176436918,4.901267240875994
52.56706730882593,3.1891047686571614
52.571002853282685,2.612064184598326
52.57493839773944,3.1528524656604913
52.57887394219619,0.9715067194823863
52.58280948665294,1.2446752804341072
52.586745031109686,0.5426620308799307
52.59068057556644,1.1142344825863022
52.59461612002319,3.163344541641671
52.59855166447994,3.3163652731823867
52.60248720893669,0.6089058196035144
52.606422753393446,0.4312611299164605
52.6103582978502,2.183074201693806
52.61429384230695,7.2261536142068366
52.6182293867637,3.77922331699017
52.62216493122045,0.36115878878067537
52.6261004756772,1.692391674352757
52.63003602013395,0.036488178440738046
52.6339715645907,0.3062034063392871
52.637907109047454,0.09005984691450948
52.641842653504206,1.005683535211484
52.64577819796096,0.635294283374209
52.64971374241771,3.1354256058645253
52.65364928687446,2.847689212686051
52.657584831331214,0.6905488799024373
52.661520375787966,0.3125989749172774
52.66545592024471,0.371742153023989
52.66939146470146,0.5794001079479025
52.67332700915821,0.4203097556646139
52.677262553614966,0.248690136882251
52.68119809807172,0.3663419845205248
52.68513364252847,1.3265242464247453
52.68906918698522,1.4879852321817453
52.69300473144197,0.14021511074068274
52.696940275898726,0.6742916529450765
52.70087582035548,0.47077125144556087
52.70481136481222,0.891299083211707
52.708746909268974,0.974920259947916
52.712682453725726,1.6474952703699193
52.71661799818248,4.1128495208050735
52.72055354263923,1.234524015281753
52.72448908709598,0.929770631593635
52.728424631552734,7.54129202103882
52.732360176009486,8.6886536124382
52.73629572046624,1.6539576322064307
52.74023126492299,0.6395801826544268
52.744166809379735,2.504531623302641
52.74810235383649,1.633841912796363
52.75203789829324,0.8892520147493842
52.75597344274999,0.32873563154116936
52.75990898720674,0.32525213229371647
52.76384453166349,0.8255981319241693
52.767780076120246,0.16379513103842724
52.771715620577,0.6229330280721054
52.77565116503375,1.1905566824218372
52.7795867094905,0.6492233581306376
52.78352225394725,0.6095034021151308
52.787457798404,1.472145873539551
52.79139334286075,2.9406552059575124
52.7953288873175,2.8609745601019223
52.799264431774255,0.8356115673844802
52.80319997623101,0.06812000904507245
52.80713552068776,0.5602824370373215
52.81107106514451,2.3011739073837107
52.81500660960126,1.2588902958122843
52.81894215405801,0.3719543815512424
52.82287769851476,2.808528137002824
52.82681324297151,1.0534942769690916
52.83074878742826,0.5072005614325293
52.834684331885015,1.3737680148275906
52.83861987634177,0.8485499678970148
52.84255542079852,0.1277008091095793
52.84649096525527,2.9134533264112625
52.85042650971202,2.8426882428063402
52.85436205416877,0.07340964261285549
52.85829759862552,1.7028309722654051
52.86223314308227,2.2309901715190676
52.86616868753902,0.5246724995233605
52.870104231995775,0.028199722580251663
52.87403977645253,0.361436473447103
52.87797532090928,0.4520715143175576
52.88191086536603,0.15750404799117682
52.88584640982278,0.1831330639940806
52.889781954279535,0.9320298520105585
52.89371749873629,1.0791775554492378
52.89765304319303,0.3349993547823375
52.90158858764978,0.29114379460999157
52.905524132106535,1.833888175076111
52.90945967656329,1.3934037782249389
52.91339522102004,0.6535188148517541
52.91733076547679,1.1913791658104176
52.92126630993354,0.9408734424120986
52.925201854390295,1.118747863498519
52.92913739884705,0.7489631681723624
52.9330729433038,0.6216310145780348
52.937008487760544,1.85243341884818
52.940944032217296,1.5658041819965323
52.94487957667405,0.24105832684683273
52.9488151211308,0.5563861186431766
52.95275066558755,0.010596174064651923
52.9566862100443,1.0682391779077647
52.960621754501055,1.0762060076024813
52.96455729895781,0.3120630099185485
52.96849284341456,0.8901348272803548
52.97242838787131,0.51282794009291
52.976363932328056,0.07529972600098415
52.98029947678481,0.03086954729015426
52.98423502124156,0.2891909584701415
52.98817056569831,0.9200192005586713
52.99210611015506,1.852974013775515
52.996041654611815,1.7618233099025378
52.99997719906857,0.7307713830056178
53.00391274352532,0.004004984577978095
53.00784828798207,0.6862470234714111
53.01178383243882,0.7888745643476215
53.01571937689557,0.015252584631804633
53.01965492135232,1.2456935814733183
53.02359046580907,1.635933670726285
53.027526010265824,1.216147985393208
53.031461554722576,0.671699768255321
53.03539709917933,0.029444178104188614
53.03933264363608,0.8776110584093882
53.04326818809283,2.185001848260415
53.04720373254958,2.2980586930804874
53.051139277006335,1.5225363386239252
53.05507482146308,0.5889281471358542
53.05901036591983,2.2641552480184886
53.06294591037658,3.89392859076788
53.066881454833336,2.1514417375787245
53.07081699929009,1.228643627692618
53.07475254374684,0.2808626189050451
53.07868808820359,0.46941506817537326
53.08262363266034,0.7331877391303032
53.086559177117095,0.2340829593446374
53.09049472157385,0.4627002645643244
53.09443026603059,0.5206637053946414
53.098365810487344,0.07423703376106394
53.102301354944096,0.26170518224706246
53.10623689940085,0.6241526892927775
53.1101724438576,0.05333998545771028
53.11410798831435,0.35683822151451583
53.118043532771104,0.7604599724553717
53.121979077227856,1.0300433648299796
53.12591462168461,0.32270051418917267
53.12985016614136,0.3366416949292471
53.1337857105981,1.31211296196121
53.137721255054856,0.43362799927649837
53.14165679951161,0.37217635069925487
53.14559234396836,0.0236099811965877
53.14952788842511,0.45912882198532023
53.15346343288186,0.3695438671374404
53.157398977338616,0.2958109996495068
53.16133452179537,1.106047255702143
53.16527006625212,1.929299861819474
53.16920561070887,0.9222615321015036
53.17314115516562,0.7887044943139907
53.17707669962237,3.649340765602093
53.18101224407912,2.2942107175308553
53.18494778853587,0.4226487197520655
53.188883332992624,0.2134278430549769
53.192818877449376,0.46743452871899815
53.19675442190613,0.3554108897167767
53.20068996636288,0.5209748730802563
53.20462551081963,1.354318861946037
53.208561055276384,0.4432249475020303
53.21249659973313,0.2729753545731335
53.21643214418988,0.2350833856791771
53.22036768864663,0.47713495665029615
53.224303233103385,0.7848163748699551
53.228238777560136,0.32135999832614
53.23217432201689,0.2509685028368835
53.23610986647364,0.5684793367466481
53.24004541093039,0.1697789092810748
53.24398095538714,0.8744501216116649
53.247916499843896,3.9208825049039078
53.25185204430064,3.043521284210235
53.25578758875739,0.32382365905989396
53.25972313321415,0.3126330138479204
53.2636586776709,1.6383535908879363
53.26759422212765,2.238019511348066
53.2715297665844,0.833511378874596
53.27546531104115,0.4223289405145785
53.279400855497904,1.3947093044539618
53.283336399954656,0.5748876384496042
53.28727194441141,0.2585611199662269
53.29120748886815,2.5366765339307773
53.295143033324905,2.2502941986004203
53.29907857778166,0.14718116408315338
53.30301412223841,0.1600775988406639
53.30694966669516,0.06182793039289946
53.31088521115191,0.30812460201617814
53.314820755608665,0.18068288941467925
53.31875630006542,0.3794269030988317
53.32269184452217,0.02634304859513421
53.32662738897892,1.1694944672202154
53.33056293343567,2.680416618695686
53.33449847789242,3.896872007154194
53.33843402234917,1.611412123953173
53.34236956680592,0.49216665332290177
53.34630511126267,1.509914864259652
53.35024065571943,0.6430729176062385
53.35417620017618,0.08833259816890383
53.35811174463293,0.40177992577483856
53.36204728908968,0.7075616408678053
53.36598283354643,0.6046472926448597
53.36991837800318,2.2809872269396045
53.37385392245993,0.3698727778432881
53.37778946691668,0.5885608952403275
53.38172501137343,0.5443348344446239
53.385660555830185,0.24753671851028822
53.38959610028694,0.5487513161826644
53.39353164474369,0.27286086269748283
53.39746718920044,1.1532990541499488
53.40140273365719,0.5484725036850808
53.40533827811394,0.09400692465365089
53.40927382257069,0.4459964138793307
53.41320936702744,2.157472548959929
53.41714491148419,2.7892504233538395
53.42108045594095,0.7425382246037936
53.4250160003977,0.07040029778247302
53.42895154485445,0.8261142835215453
53.4328870893112,1.1437769103904418
53.43682263376795,0.25606791741925333
53.44075817822471,0.730417733666735
53.44469372268145,1.3459516519950552
53.4486292671382,0.6602768887671305
53.45256481159496,0.8435357926994184
53.456500356051706,3.524819183608082
53.46043590050846,2.649268726280894
53.46437144496521,0.37203638602489325
53.46830698942196,0.35079730678901067
53.47224253387871,1.4997782598866678
53.476178078335465,1.1037755211578117
53.48011362279222,1.3909546500791663
53.48404916724896,2.767790004049576
53.487984711705714,1.9908958585525502
53.49192025616247,0.9121109105254862
53.49585580061922,0.7241926499303084
53.49979134507597,0.747018341900378
53.50372688953272,1.7641434537657654
53.50766243398947,0.8143713300488788
53.51159797844623,0.3255756603070342
53.51553352290298,0.3545822171877722
53.51946906735973,0.6830721904518653
53.52340461181648,1.608223795279304
53.527340156273226,0.19511209974073085
53.53127570072998,0.7092468104065491
53.53521124518673,0.013518907414447497
53.53914678964348,1.9396840002076698
53.54308233410024,3.335231543850857
53.547017878556986,2.7144781658880084
53.55095342301374,2.188355618192411
53.55488896747049,0.5456064637152539
53.55882451192724,0.22411532548463917
53.56276005638399,1.441122031374925
53.56669560084074,1.0878656562202307
53.57063114529749,1.080465308050593
53.57456668975424,1.2412142159565611
53.578502234210994,0.28047246130443276
53.58243777866775,0.1277544473509372
53.5863733231245,0.37283627780336637
53.59030886758125,0.27194329751958274
53.594244412038,0.4591506703604229
53.598179956494754,0.03397694829408309
53.6021155009515,0.3566443506390103
53.60605104540825,0.3408270506517503
53.609986589865,1.0441241745169012
53.61392213432176,0.2990549438478031
53.617857678778506,0.2406144501170992
53.62179322323526,0.18962124553192058
53.62572876769201,0.1849568129887921
53.62966431214876,0.25921591127588484
53.63359985660552,1.2548530185482085
53.637535401062266,1.4709078600263006
53.64147094551901,0.5676191537781532
53.64540648997576,0.03914837535751032
53.649342034432514,0.3271858751125091
53.65327757888927,0.03608289945446917
53.65721312334602,0.641269180257378
53.66114866780277,0.20816954733365303
53.66508421225952,1.2715917468403493
53.669019756716274,3.544016745897027
53.67295530117303,0.9535966523644313
53.67689084562978,0.05004265244079276
53.68082639008652,0.9925225390104964
53.68476193454328,1.54315844832759
53.68869747900003,0.03681034442860227
53.69263302345678,1.3758188186265574
53.69656856791353,0.9213819939035689
53.70050411237028,0.03327285035392978
53.70443965682704,0.32336476627041033
53.708375201283786,0.7742114309523469
53.71231074574054,0.9418324999624627
53.71624629019729,0.09639767697614003
53.72018183465404,1.5184002643139918
53.72411737911079,1.4040625738622423
53.72805292356754,0.10326578886916359
53.73198846802429,0.46708359529389093
53.73592401248104,1.3468968365918146
53.7398595569378,0.4769686661462745
53.74379510139455,0.06320247034630266
53.7477306458513,0.6029489717871983
53.75166619030805,0.6226821106194573
53.7556017347648,0.10237139067798438
53.75953727922155,0.16691629871806968
53.7634728236783,0.48091211586479016
53.76740836813505,0.5075683907569583
53.7713439125918,0.26931526172628933
53.77527945704856,0.06859470992865037
53.77921500150531,0.11193988292201858
53.78315054596206,0.20813533229608758
53.78708609041881,0.9877295709932836
53.79102163487556,0.7605789903441338
53.79495717933232,0.21333997555245393
53.79889272378906,0.11876518497480325
53.80282826824581,0.17681423184946363
53.80676381270256,0.48524766037593087
53.81069935715932,1.442141474655743
53.81463490161607,1.901154997826554
53.81857044607282,1.5223773898123052
53.82250599052957,1.3766264701853295
53.82644153498632,1.6800385559385063
53.83037707944308,1.9789055367662918
53.83431262389983,3.088478566005651
53.83824816835657,3.861659502784315
53.84218371281332,2.7143283755419687
53.84611925727008,1.658309261492759
53.85005480172683,0.6405480031876627
53.85399034618358,0.15477762932596237
53.85792589064033,0.8753592958779735
53.86186143509708,0.4659885499417843
53.86579697955384,1.6888968212850863
53.86973252401059,1.8376367456177154
53.87366806846734,0.30530040070572806
53.87760361292408,0.06366028257241106
53.88153915738084,0.440022314450831
53.88547470183759,1.4105911487267926
53.88941024629434,0.4423441858460715
53.89334579075109,1.8186855189250675
53.89728133520784,1.826427297147839
53.9012168796646,0.4041928680203934
53.90515242412135,1.5159833717116995
53.9090879685781,1.5788287439834998
53.91302351303485,0.40402204760625177
53.9169590574916,1.4229310009976375
53.92089460194835,0.8666494561651733
53.9248301464051,0.4775623291316753
53.92876569086185,0.8921585421847985
53.9327012353186,0.25125653543222953
53.93663677977536,0.06682168008288256
53.94057232423211,1.0738743420276835
53.94450786868886,1.8742747566405318
53.94844341314561,0.856713775049186
53.95237895760236,0.16195710265478455
53.95631450205911,2.2894225952493654
53.96025004651586,3.498942945966356
53.96418559097261,1.7360486253029084
53.96812113542936,0.0638599925615769
53.97205667988612,0.5490298261408523
53.97599222434287,0.5806307743231215
53.97992776879962,0.21773207000395492
53.98386331325637,1.4189345991875995
53.98779885771312,1.7060740736334747
53.99173440216987,0.8288332385950908
53.99566994662662,1.5708800559678768
53.99960549108337,1.3921481841463907
54.00354103554013,0.24314050980035162
54.00747657999688,0.7573406730276937
54.01141212445363,0.9044763245759352
54.01534766891038,1.6641270671189072
54.01928321336713,1.1235185108654797
54.02321875782389,1.1978949314165068
54.02715430228064,2.3340202643474406
54.03108984673738,1.420155068500983
54.03502539119413,0.03394883356739467
54.03896093565088,0.3267656545812868
54.04289648010764,0.31104344793995103
54.04683202456439,0.4597527322457074
54.05076756902114,0.2733300503388226
54.05470311347789,0.19831331850610628
54.05863865793464,0.15061482541520724
54.0625742023914,0.36869329584758886
54.06650974684815,0.6263348325111691
54.07044529130489,0.4010691509761851
54.074380835761644,1.030911301656007
54.0783163802184,1.2035083225352359
54.08225192467515,0.5252765467101698
54.0861874691319,0.14494060955514823
54.09012301358865,0.19045327011292734
54.09405855804541,0.29107002601743237
54.09799410250216,1.7331857247399527
54.10192964695891,3.5939229391358083
54.10586519141566,1.523105890580227
54.109800735872405,0.013094880376020985
54.11373628032916,0.4126938096585373
54.11767182478591,0.1449257392631748
54.12160736924266,1.393063878640917
54.12554291369941,2.094422986409482
54.12947845815616,0.8273930830713961
54.13341400261292,0.06935863515619764
54.13734954706967,0.38616271081026704
54.14128509152642,0.5769195544653654
54.14522063598317,4.175968038223319
54.14915618043992,3.068270382828089
54.15309172489667,0.03541377208949391
54.15702726935342,2.00508507110054
54.16096281381017,4.05698493886522
54.164898358266925,3.5482350991220275
54.16883390272368,0.6490889879511835
54.17276944718043,0.12424849965697891
54.17670499163718,0.2591162644637688
54.18064053609393,0.3507200887351617
54.18457608055069,0.6889529382830888
54.18851162500743,1.6049826429481704
54.19244716946418,1.2291620267802195
54.19638271392093,0.10071224406559809
54.200318258377685,0.056930642257156466
54.20425380283444,0.033424781035307646
54.20818934729119,0.05404412910318461
54.21212489174794,0.14345843139137798
54.21606043620469,0.291428931972762
54.21999598066144,0.025785058328416877
54.2239315251182,0.263183706766057
54.22786706957494,0.1520792031996339
54.23180261403169,0.18787007709659903
54.235738158488445,0.11500406135854849
54.2396737029452,0.12893112074136648
54.24360924740195,0.05890499877819891
54.2475447918587,0.2108434346119745
54.25148033631545,0.041766876545617816
54.255415880772205,0.4332437433820505
54.25935142522896,0.39037751747951566
54.26328696968571,2.8737030261512166
54.26722251414245,1.950064471157436
54.271158058599205,0.457619834300653
54.27509360305596,1.875280167611239
54.27902914751271,0.0996123500780906
54.28296469196946,1.3282379960153035
54.28690023642621,2.6909515642600548
54.290835780882965,1.3142861431919428
54.29477132533972,0.7404694633755465
54.29870686979647,4.089257904983718
54.30264241425322,2.8636702244511354
54.306577958709966,1.2873496012071768
54.31051350316672,0.9448080615023802
54.31444904762347,0.011791721896908868
54.31838459208022,0.4204929372892187
54.32232013653697,0.9800569817737692
54.326255680993725,1.608495109124019
54.33019122545048,0.8470928790876013
54.33412676990723,0.03384343042477684
54.33806231436398,0.8382802298081582
54.34199785882073,0.23935358866962902
54.34593340327748,1.5861772928350695
54.34986894773423,1.4321896456678234
54.35380449219098,0.7608364648140735
54.35774003664773,2.038678342637638
54.361675581104485,0.6629047861096239
54.36561112556124,0.09047530807255406
54.36954667001799,0.5160292234265238
54.37348221447474,1.6732769503853444
54.37741775893149,0.6162868179487715
54.381353303388245,1.0195846746800141
54.38528884784499,0.6201313346716429
54.38922439230174,0.3063710045945844
54.393159936758494,1.009797583700306
54.397095481215246,0.1873176930521739
54.401031025672,1.3611115969046503
54.40496657012875,2.520933409978358
54.4089021145855,2.0982937735036136
54.41283765904225,1.1811988447919641
54.416773203499005,0.48956760597051074
54.42070874795576,0.12351129511709855
54.4246442924125,0.15178393969271944
54.42857983686925,0.30620746969057944
54.432515381326006,0.21211225576649134
54.43645092578276,0.045440874668491386
54.44038647023951,0.33531164947260245
54.44432201469626,0.014483526011156173
54.44825755915301,0.05551265596188146
54.452193103609766,0.2502828100873036
54.45612864806652,2.1011127851718268
54.46006419252327,1.8461074585815256
54.463999736980014,0.36033530115619866
54.467935281436766,0.07819750691255915
54.47187082589352,1.208593451341896
54.47580637035027,1.159286556426623
54.47974191480702,0.05823366867839082
54.483677459263774,0.4665006404544843
54.487613003720526,0.4591895744781783
54.49154854817728,1.66027363094899
54.49548409263403,1.0830243356099005
54.49941963709077,0.7817213872758195
54.503355181547526,0.4082857037514893
54.50729072600428,0.2102190922395141
54.51122627046103,0.826544625057501
54.51516181491778,1.8303813090906333
54.51909735937453,0.47469907028908104
54.523032903831286,1.0937541216288582
54.52696844828804,4.773002036507981
54.53090399274479,3.7154992617070857
54.53483953720154,2.298419614371099
54.53877508165829,2.8593760500735996
54.54271062611504,2.5663328920108333
54.54664617057179,4.4231972987335
54.55058171502854,3.874560391817833
54.554517259485294,0.6530400069578155
54.558452803942046,0.7610324788306259
54.5623883483988,0.2383546212624094
54.56632389285555,0.052159749994644775
54.5702594373123,0.0892426341720951
54.574194981769054,1.5302853370337346
54.5781305262258,1.1002420994960522
54.58206607068255,0.7706442247802585
54.5860016151393,2.047237338346991
54.589937159596055,1.50006844791692
54.59387270405281,0.863551388276277
54.59780824850956,0.05615399032905316
54.60174379296631,0.7328125604444536
54.60567933742306,0.31079263258038503
54.60961488187981,0.0900630356372144
54.613550426336566,0.1107324848392117
54.61748597079331,1.4213739821063274
54.62142151525006,2.323302028045686
54.625357059706815,3.057409827868658
54.62929260416357,1.4212477392985585
54.63322814862032,0.6105856963566383
54.63716369307707,1.1959022434603284
54.64109923753382,0.40746707799470816
54.645034781990574,0.32393964241751666
54.648970326447326,0.14252306640335619
54.65290587090408,0.5648008239240323
54.65684141536082,0.18183557272582773
54.660776959817575,0.23619554983822466
54.66471250427433,0.4888391931302246
54.66864804873108,2.8509009952595132
54.67258359318783,3.535871646661549
54.67651913764458,1.965954512097742
54.680454682101335,1.273586444457485
54.68439022655809,2.305003574112714
54.68832577101484,1.6932179716504718
54.69226131547159,0.02506423301659482
54.696196859928335,0.564975723867965
54.70013240438509,0.17610768476651611
54.70406794884184,0.35303940359760444
54.70800349329859,0.1513874094035239
54.71193903775534,0.7733674686416082
54.715874582212095,1.2563763697249164
54.71981012666885,0.41747553008892696
54.7237456711256,0.22991917221137187
54.72768121558235,0.9691610112679828
54.7316167600391,1.3638531820605735
54.73555230449585,0.68892469764537
54.7394878489526,0.7333974136820135
54.74342339340935,0.8913012690944064
54.7473589378661,0.9537154151989693
54.751294482322855,0.9937556665362096
54.75523002677961,0.1504068984111483
54.75916557123636,0.31771790216379125
54.76310111569311,0.3549797619484253
54.76703666014986,0.6889472084741622
54.770972204606615,0.35439175202307216
54.77490774906336,1.796210519258672
54.77884329352011,5.445677641506126
54.78277883797686,1.5096175944532793
54.786714382433615,1.9022685595644473
54.79064992689037,1.7123390284736233
54.79458547134712,0.3807513274487406
54.79852101580387,3.684277592856819
54.80245656026062,4.601252693155705
54.806392104717375,1.1922297868090423
54.81032764917413,0.7353124183593306
54.81426319363087,3.985116827716269
54.81819873808762,3.4002601949106017
54.822134282544376,2.979658191716603
54.82606982700113,1.5922910868376383
54.83000537145788,0.16087828525972367
54.83394091591463,0.02251405251608109
54.83787646037138,0.3001986822540435
54.841812004828135,0.33536950988322745
54.84574754928489,0.044611962371619074
54.84968309374164,0.8859170098395869
54.853618638198384,0.6742262094176151
54.857554182655136,0.7555580484871481
54.86148972711189,0.6710306567946765
54.86542527156864,1.1435563962901651
54.86936081602539,1.1740387644862593
54.87329636048214,0.34677949561009264
54.877231904938895,1.2161474337586373
54.88116744939565,0.12811328821336324
54.8851029938524,0.4106654641011796
54.88903853830915,0.39757582662576607
54.892974082765896,1.1576861148510806
54.89690962722265,1.2772084374721653
54.9008451716794,0.5609677219621712
54.90478071613615,0.8154910275363053
54.9087162605929,0.5950363328960504
54.912651805049656,0.6270970925364147
54.91658734950641,0.7237723911102886
54.92052289396316,0.5598864247388694
54.92445843841991,0.3459336908391945
54.92839398287666,0.1371458027299196
54.93232952733341,0.075502044075789
54.93626507179016,0.03870700794222758
54.94020061624691,0.3418375245206713
54.944136160703664,0.11476102174801218
54.948071705160416,0.21257514767092905
54.95200724961717,0.49293967191487426
54.95594279407392,0.18952138317570977
54.95987833853067,0.3867042041450639
54.963813882987424,0.034222922096857705
54.967749427444176,0.39347077654774315
54.97168497190092,0.7199261952351281
54.97562051635767,0.33423758731173636
54.97955606081442,0.07497664396251681
54.983491605271176,0.35033911881369045
54.98742714972793,0.5967629659782496
54.99136269418468,0.06468068902392532
54.99529823864143,0.5815091160305332
54.99923378309818,0.8616174904147316
55.003169327554936,0.5704996879869919
55.00710487201169,0.5851526126276498
55.01104041646843,0.4124818298499215
55.014975960925184,0.6648790140312939
55.018911505381936,2.8041070959555534
55.02284704983869,1.9044000386502913
55.02678259429544,1.3706837515195218
55.03071813875219,4.453498312228533
55.034653683208944,2.418473354305666
55.038589227665696,0.8295822851363994
55.04252477212245,0.17502369425557918
55.04646031657919,0.5852416383420239
55.050395861035945,1.2937291221336025
55.0543314054927,0.14715066010912192
55.05826694994945,0.49077191049623886
55.0622024944062,1.6607120649911098
55.06613803886295,0.8866528084049639
55.0700735833197,1.674089650549674
55.074009127776456,3.480963917605086
55.07794467223321,4.145123194112778
55.08188021668996,3.8758260646545573
55.08581576114671,4.190747479664477
55.08975130560346,1.9849223270035556
55.09368685006021,0.13780793164553531
55.09762239451696,0.6886128213400513
55.10155793897371,1.0345989287512845
55.10549348343047,4.791974223767994
55.10942902788722,1.0439118586494271
55.11336457234397,0.44990549842433775
55.11730011680072,0.4039811422058564
55.12123566125747,1.4313689192938015
55.12517120571422,1.8052835587790044
55.12910675017097,3.5508736432552324
55.13304229462772,2.854431543823329
55.13697783908447,0.18546018055327093
55.140913383541225,1.6600630534868177
55.14484892799798,1.2816188433465563
55.14878447245473,0.22191818441003996
55.15272001691148,0.10891375678499379
55.15665556136823,0.13066337714886214
55.16059110582498,0.7624311117828456
55.16452665028173,0.03112638263193232
55.16846219473848,1.3393078296221042
55.17239773919523,1.5665694930737788
55.17633328365199,0.07905047311340319
55.18026882810874,0.49672726696314173
55.18420437256549,0.839833157206394
55.18813991702224,0.492502973383714
55.19207546147899,2.661761696645894
55.19601100593575,1.1448448260309518
55.1999465503925,1.2269733590873808
55.20388209484924,3.379817241539471
55.20781763930599,3.4529693998562663
55.211753183762745,4.230574150486117
55.2156887282195,1.7228440487826582
55.21962427267625,1.7014121199493877
55.223559817133,0.8580667357133597
55.22749536158975,0.3208699056642842
55.231430906046505,0.4182420768016654
55.23536645050326,4.917742117180072
55.23930199496001,5.876104087842091
55.243237539416754,1.764646991050304
55.24717308387351,3.6059451467519787
55.25110862833026,3.4949374170166556
55.25504417278701,0.6590742389546146
55.25897971724376,0.1702673669198593
55.26291526170051,1.6635542668761698
55.26685080615727,2.9071244260359816
55.27078635061402,0.6282525757113121
55.27472189507077,0.08911121630229993
55.27865743952752,0.5944971331627621
55.282592983984266,1.8862329178863917
55.28652852844102,2.6335702106970973
55.29046407289777,3.3841163818145477
55.29439961735452,3.250971019181271
55.29833516181127,1.0071247800784726
55.302270706268025,0.1546404687207849
55.30620625072478,0.4430330635879233
55.31014179518153,0.887884423940777
55.31407733963828,0.618438369327618
55.31801288409503,0.2601676127382895
55.32194842855178,2.532698436272029
55.32588397300853,2.7084032621645897
55.32981951746528,1.1621809453940135
55.333755061922034,1.0830176698989638
55.33769060637879,0.9150367568631743
55.34162615083554,0.160899349976014
55.34556169529229,0.8312211432566461
55.34949723974904,1.411714649284307
55.35343278420579,0.8735813308395767
55.35736832866255,0.5573930117891768
55.36130387311929,2.0499677712142352
55.36523941757604,2.191779672030408
55.3691749620328,0.9409832965474274
55.373110506489546,0.14823472273419896
55.3770460509463,0.03483597138883161
55.38098159540305,1.086570516747111
55.3849171398598,2.278435872410145
55.38885268431656,1.1117897110776669
55.392788228773306,0.13611235235718727
55.39672377323006,0.1626085841900806
55.4006593176868,0.17716445976820258
55.404594862143554,0.19138552285073349
55.40853040660031,0.6773361023909742
55.41246595105706,1.129709829790767
55.41640149551381,0.567901520755751
55.42033703997056,1.8806726527562674
55.424272584427314,3.882346329274741
55.42820812888407,0.4541373484911937
55.43214367334082,1.3606733845188328
55.43607921779757,2.0392564374916464
55.44001476225432,0.5629560681715432
55.443950306711066,0.3091710874607963
55.44788585116782,0.05197431459695142
55.45182139562457,0.4347893295134143
55.45575694008132,0.2213556857635379
55.45969248453808,0.36435415206962996
55.463628028994826,1.7642979120319704
55.46756357345158,0.750836624109684
55.47149911790833,0.32951309832271497
55.47543466236508,1.6341516464304346
55.47937020682183,0.5241027486845216
55.48330575127858,0.35479835077293326
55.48724129573533,0.05755959555880232
55.49117684019208,1.0185613223501135
55.495112384648834,2.9468253537348508
55.49904792910559,4.022865004308714
55.50298347356234,4.614207928540145
55.50691901801909,3.1968419324011657
55.51085456247584,0.4322121235913092
55.514790106932594,0.12679677819032875
55.51872565138934,0.7041101762229546
55.52266119584609,2.151104998506
55.52659674030284,1.5766262179287887
55.5305322847596,0.00817955351042821
55.53446782921635,0.8735110588134973
55.5384033736731,0.5559244338844105
55.54233891812985,0.10400636493573609
55.5462744625866,0.6439484562776733
55.55021000704336,0.08507726009141083
55.554145551500106,0.7017205856017512
55.55808109595685,2.9861879832895726
55.5620166404136,1.4491612938142666
55.56595218487036,0.9969311116646536
55.56988772932711,6.247470808798617
55.57382327378386,2.817222415007951
55.57775881824061,0.19071284683356032
55.58169436269736,1.0376427133618211
55.585629907154114,0.5568898584484869
55.58956545161087,0.4205916044317427
55.59350099606761,0.6576164790200087
55.59743654052436,3.496942514145449
55.60137208498112,2.217122014660091
55.60530762943787,0.1096713260892437
55.60924317389462,2.4263379148648063
55.61317871835137,1.9613008302666277
55.61711426280812,2.879209515936117
55.62104980726488,2.779564033357286
55.62498535172163,1.510200019612402
55.62892089617838,2.3791397087858943
55.63285644063512,1.0547806765204972
55.63679198509188,0.18625179192720523
55.64072752954863,0.9399037140492464
55.64466307400538,1.2453247823806866
55.64859861846213,0.708108743657223
55.65253416291888,2.390314910676621
55.65646970737564,0.3085823786226109
55.66040525183239,1.3730858447291294
55.66434079628914,0.5261230955023314
55.66827634074589,0.20518387139568064
55.67221188520264,0.3308747593487909
55.67614742965939,0.15205193916246051
55.68008297411614,1.8292620220130522
55.68401851857289,3.462156339518991
55.68795406302964,2.283625395449592
55.6918896074864,3.355664189489837
55.69582515194315,1.5606974365081687
55.6997606963999,0.03580042432115911
55.70369624085665,0.2534685891193315
55.7076317853134,0.009480409212316058
55.71156732977015,0.18287577003391506
55.7155028742269,1.470622834358605
55.71943841868365,1.090006130984225
55.7233739631404,0.9153363023620554
55.72730950759716,0.767659460174286
55.73124505205391,0.14573374533260322
55.73518059651066,0.5839479759830951
55.73911614096741,0.03305916818624842
55.74305168542416,0.5667021907714608
55.74698722988092,0.5523998546299859
55.75092277433766,1.4135089943130372
55.75485831879441,0.6612020728879491
55.75879386325117,0.21149428551835572
55.76272940770792,0.01482339328392499
55.76666495216467,0.3735237083451823
55.77060049662142,0.2907719229782866
55.77453604107817,0.11511876561681375
55.77847158553492,0.04882423236102399
55.78240712999168,0.5389872959856635
55.78634267444843,1.0534385398337343
55.79027821890517,0.20528607263934098
55.79421376336192,1.0081506257687014
55.79814930781868,0.2703011909741039
55.80208485227543,0.4928307776003427
55.80602039673218,0.6047316167447335
55.80995594118893,0.11792737245165884
55.81389148564568,0.6771599885441881
55.81782703010244,0.7463907488765685
55.82176257455919,0.9040760359459161
55.82569811901594,0.638995650246116
55.82963366347269,0.31456094272342905
55.83356920792944,0.17243651122089165
55.83750475238619,3.2235742238003344
55.84144029684294,3.553233637325712
55.84537584129969,0.26199882771919114
55.84931138575645,1.3898750592107134
55.8532469302132,0.06245245211854574
55.85718247466995,3.3468913997578067
55.8611180191267,4.224690625469231
55.86505356358345,1.128711138326948
55.8689891080402,0.48942358600833136
55.87292465249695,0.37844855110048475
55.8768601969537,0.886873775578968
55.88079574141045,0.3622419029807293
55.8847312858672,0.17483160337179665
55.88866683032396,0.3180349031894999
55.89260237478071,1.5316797196160818
55.89653791923746,3.481335968371048
55.90047346369421,3.5399262554712756
55.90440900815096,1.8019362670799874
55.90834455260771,0.9945292894538311
55.91228009706446,1.159283938368388
55.91621564152121,0.3717507279888844
55.92015118597797,0.45544017072076026
55.92408673043472,0.5676061117506771
55.92802227489147,0.7404589113057067
55.93195781934822,0.6695482365535912
55.93589336380497,0.13421000815243728
55.93982890826173,0.22173928033928236
55.94376445271848,1.1815704568990113
55.94769999717522,1.7090622027858757
55.95163554163197,0.6949008793662728
55.955571086088725,0.39811646611981
55.95950663054548,0.7624030886556847
55.96344217500223,0.30712207933829516
55.96737771945898,0.20280946276158202
55.97131326391573,0.1356641705214288
55.97524880837248,0.827184096399774
55.97918435282924,0.6311042224771003
55.98311989728599,0.2240514630520717
55.98705544174273,0.5944848975365763
55.990990986199485,0.13171999259476996
55.99492653065624,0.6410314804463801
55.99886207511299,0.4494756847345127
56.00279761956974,0.04707251936166554
56.00673316402649,0.013387913525043265
56.01066870848325,0.07155611751361311
56.01460425294,0.018419735729332767
56.01853979739675,0.29737646692514197
56.0224753418535,1.4211695252993708
56.026410886310245,1.5906363173265594
56.030346430767,0.6631674391551865
56.03428197522375,0.01210088456387028
56.0382175196805,0.30737766480700157
56.04215306413725,0.3780645754494151
56.046088608594005,0.022648523471167314
56.05002415305076,0.12209653099333881
56.05395969750751,0.2812692601232147
56.05789524196426,0.05157908064530977
56.06183078642101,1.2961730306023589
56.06576633087776,1.523185165436549
56.06970187533451,0.26981844721520243
56.07363741979126,1.085979881286603
56.07757296424801,1.153303199841053
56.081508508704765,1.6406849019134624
56.08544405316152,2.2441815679326593
56.08937959761827,0.9125839502903619
56.09331514207502,0.025203093274901223
56.09725068653177,0.7654622733673282
56.101186230988525,1.3996007457774378
56.10512177544527,1.2890927743383802
56.10905731990202,0.4024312639894217
56.11299286435877,0.6359097761959276
56.116928408815525,0.7516363181242702
56.12086395327228,0.10045561345704018
56.12479949772903,0.26448493566813014
56.12873504218578,0.28773492867440453
56.13267058664253,0.14190100513378767
56.136606131099285,0.07383752715674265
56.14054167555604,0.0018277817609597977
56.14447722001278,0.0943769174157814
56.14841276446953,0.03800102358235962
56.152348308926285,0.6897344868503057
56.15628385338304,1.9969676844494462
56.16021939783979,1.3103794624460183
56.16415494229654,0.19588595339577644
56.16809048675329,0.4335836646026809
56.172026031210045,1.7287015801762753
56.1759615756668,0.9421553994854843
56.17989712012354,0.21392871487412807
56.18383266458029,0.7757354691154617
56.187768209037046,1.643553088541866
56.1917037534938,0.691859000694511
56.19563929795055,2.2347405494956107
56.1995748424073,1.5176468468610387
56.20351038686405,0.4454923840320724
56.207445931320805,1.2248183635457104
56.21138147577756,0.8046296900330883
56.21531702023431,1.4391949705869118
56.219252564691054,0.053609053202744006
56.223188109147806,0.4324268464243451
56.22712365360456,0.2925166580024196
56.23105919806131,1.4928516042370723
56.23499474251806,1.2475014097624089
56.238930286974814,1.0409791942717634
56.242865831431565,0.02437834012424073
56.24680137588832,2.954592297034223
56.25073692034507,5.176835774158165
56.25467246480182,1.385315036971526
56.258608009258566,0.0046879252890818885
56.26254355371532,0.11687718769058995
56.26647909817207,0.03358263639253351
56.27041464262882,0.9630430081575384
56.27435018708557,1.3075887395911912
56.278285731542326,0.29456209796720023
56.28222127599908,1.881075843154341
56.28615682045583,3.500910645659438
56.29009236491258,4.118718486680306
56.29402790936933,5.467188880803628
56.29796345382608,4.164797295270605
56.30189899828283,0.7944488854080018
56.30583454273958,0.9682333245485644
56.309770087196334,1.1480638056631416
56.313705631653086,0.22261111946791948
56.31764117610984,0.06489629771784515
56.32157672056659,0.29286377458487667
56.32551226502334,0.30686987250170233
56.329447809480094,0.0751816555329514
56.333383353936846,0.20088760387750962
56.33731889839359,0.22128545338371364
56.34125444285034,0.2286967054638169
56.34518998730709,0.6468649476353532
56.349125531763846,1.8593578805719524
56.3530610762206,1.4495659365255846
56.35699662067735,0.08170646632495181
56.3609321651341,0.46031614204670046
56.36486770959085,0.27817215864278144
56.368803254047606,0.0646519567401362
56.37273879850436,0.5441194420597206
56.3766743429611,1.1278354054518007
56.380609887417855,1.1699474348919288
56.384545431874606,1.3945967209763408
56.38848097633136,2.314035151377695
56.39241652078811,2.6081255921388085
56.39635206524486,0.9814951002868926
56.400287609701614,0.8039623811684157
56.404223154158366,0.24060572851266773
56.40815869861512,1.3838674910644866
56.41209424307187,2.8844938289602853
56.416029787528615,1.4945347215482678
56.41996533198537,0.7823110381015357
56.42390087644212,1.2431934879010225
56.42783642089887,4.820720297919303
56.43177196535562,3.8529051186756154
56.43570750981237,0.6710609880468229
56.439643054269126,0.09474952416232184
56.44357859872588,0.17493384652993005
56.44751414318263,0.36143221451308105
56.45144968763938,0.034925137411671775
56.45538523209613,1.050916457088737
56.45932077655288,0.4788355108280482
56.46325632100963,0.1536008314283275
56.46719186546638,0.23287654096298607
56.471127409923135,1.2910422143416072
56.47506295437989,2.347822190583737
56.47899849883664,0.17968516840280066
56.48293404329339,0.8674509417230626
56.48686958775014,1.9128441108834722
56.490805132206894,3.689152663646941
56.49474067666364,4.536010852056661
56.49867622112039,2.245204927895066
56.50261176557714,0.2877612712013676
56.506547310033895,0.15854095470898763
56.51048285449065,0.625283431220935
56.5144183989474,0.847545394606349
56.51835394340415,2.499894535853447
56.5222894878609,4.124695492360858
56.52622503231765,1.8496135973556227
56.530160576774406,0.3661954017427361
56.53409612123115,0.727885632417144
56.5380316656879,0.3370345301113376
56.541967210144655,1.2424385155508435
56.54590275460141,1.8536843420682714
56.54983829905816,0.5124794873731237
56.55377384351491,2.8719678628392926
56.55770938797166,3.6122893132908542
56.561644932428415,0.9814774151397639
56.56558047688517,0.5375867059969137
56.56951602134192,0.5586692436204744
56.57345156579866,1.2792941787554384
56.577387110255415,0.643330617836043
56.58132265471217,0.16005486947541236
56.58525819916892,1.1331813386499916
56.58919374362567,2.2033683828554707
56.59312928808242,2.2920964016053866
56.597064832539175,1.5322044141335265
56.60100037699593,0.486439669444591
56.60493592145268,0.7099627887254013
56.60887146590943,1.1621433962952095
56.612807010366176,0.4179050017121366
56.61674255482293,0.18058903146623156
56.62067809927968,0.13487837713858294
56.62461364373643,0.17427698946944067
56.62854918819318,0.06916313400813413
56.632484732649935,0.36900520563702605
56.63642027710669,0.5238323019700714
56.64035582156344,0.41898382694309877
56.64429136602019,0.7704723916294365
56.64822691047694,0.5036658541640194
56.65216245493369,0.459759867761396
56.65609799939044,0.5875114091483451
56.66003354384719,0.2504026279170879
56.66396908830394,0.15775751113803418
56.667904632760695,0.7207482866027342
56.67184017721745,1.7492018035002266
56.6757757216742,1.6894471996845037
56.67971126613095,0.18277563334655675
56.6836468105877,3.719742363607783
56.687582355044455,4.597370139382206
56.6915178995012,0.3903327628232692
56.69545344395795,1.6447364694506894
56.699388988414704,1.2925928642455156
56.703324532871456,0.30466521273605424
56.70726007732821,3.0265569880064627
56.71119562178496,1.755308644284329
56.71513116624171,1.9918256307636624
56.71906671069846,1.3570594777011882
56.723002255155215,0.09090871183899954
56.72693779961196,0.9950600956170601
56.73087334406871,0.27645574381727234
56.73480888852546,0.5122036410151886
56.738744432982216,0.10079385132463319
56.74267997743897,0.023715026837787503
56.74661552189572,0.08173965998457702
56.75055106635247,0.4969131542055149
56.75448661080922,0.06138022129513207
56.758422155265976,0.13279044846875507
56.76235769972273,0.03031202583118464
56.76629324417947,0.5153675101764845
56.770228788636224,0.7326453513609408
56.774164333092976,0.23995044260499537
56.77809987754973,0.16431507429294426
56.78203542200648,0.5601312112242894
56.78597096646323,0.4185242991278596
56.789906510919984,0.29416352525848743
56.793842055376736,0.36582669507418436
56.79777759983349,0.34079481187425076
56.80171314429024,0.6974296651840632
56.80564868874698,0.2749375220051593
56.809584233203736,0.009054660776786965
56.81351977766049,0.0829773632976589
56.81745532211724,0.8124655052393085
56.82139086657399,1.6108172466430013
56.82532641103074,0.421591023078457
56.829261955487496,0.25529618320543396
56.83319749994425,0.685418189032384
56.837133044401,1.4708200091015673
56.84106858885775,1.689153562954289
56.8450041333145,0.85520786592079
56.84893967777125,1.4437311543256652
56.852875222228,1.6183273637878903
56.85681076668475,0.20268551636773222
56.860746311141504,0.5762621150008357
56.864681855598256,1.8985359924099978
56.86861740005501,1.9077301989172772
56.87255294451176,1.3891636840548929
56.87648848896851,0.15947578721109607
56.880424033425264,1.5500569572789031
56.88435957788201,2.2675112529843986
56.88829512233876,0.46282176331622715
56.89223066679551,0.5129559350659648
56.896166211252265,0.2086302270870632
56.90010175570902,0.09634900428639159
56.90403730016577,0.3186365646134476
56.90797284462252,0.061288427600063124
56.91190838907927,0.4302436393562013
56.91584393353602,1.5365094309119007
56.919779477992776,1.9374813189966855
56.92371502244952,0.7451728016706656
56.92765056690627,2.67595028120526
56.93158611136303,3.605619586371341
56.93552165581978,0.4733194320919688
56.93945720027653,1.067264329416827
56.94339274473328,0.7504200762543051
56.94732828919003,0.13927983892452003
56.951263833646784,0.5884493443077321
56.955199378103536,0.03903308146456711
56.95913492256029,0.18698724016801802
56.96307046701703,0.33859296271962264
56.967006011473785,0.1751560921924698
56.97094155593054,0.1261201727402035
56.97487710038729,0.38391525300050977
56.97881264484404,0.24733710009467239
56.98274818930079,1.024160811736866
56.986683733757545,1.323639875636145
56.9906192782143,0.3493099494925127
56.99455482267105,0.23296671491805826
56.9984903671278,0.4439467416633088
57.00242591158455,0.05443811283939458
57.0063614560413,0.20107955930367283
57.01029700049805,0.5813533829828673
57.0142325449548,0.27099742192110926
57.01816808941155,0.14448247067584336
57.02210363386831,0.3446449694887364
57.02603917832506,0.2650338908462752
57.02997472278181,0.3505572508675238
57.03391026723856,0.5236975028007802
57.03784581169531,0.15331869180173993
57.04178135615206,0.18714851238446817
57.04571690060881,1.0588749912079685
57.04965244506556,0.6896209072792642
57.05358798952231,0.1350291231433263
57.057523533979065,0.3421196174999404
57.06145907843582,0.5621516143618794
57.06539462289257,0.6278103077018415
57.06933016734932,0.2382469626970788
57.07326571180607,0.03051532037069542
57.077201256262825,0.3700194043072938
57.08113680071957,0.8362267129115122
57.08507234517632,0.291674964769737
57.08900788963307,0.3852651280385242
57.09294343408983,0.7173364943273688
57.09687897854658,0.10090752869930436
57.10081452300333,0.5481212820666583
57.10475006746008,1.3597999787818384
57.10868561191683,1.1329977210187467
57.11262115637359,1.3778162281711543
57.11655670083034,2.1166777365046463
57.12049224528708,1.8862660145044325
57.12442778974384,0.5660613388139996
57.128363334200586,0.2739660386780227
57.13229887865734,0.042102909859853765
57.13623442311409,0.4374178681222402
57.14016996757084,0.35742271792462843
57.14410551202759,0.3279175796014818
57.148041056484345,0.519149455998969
57.1519766009411,0.09398026470563081
57.15591214539785,0.011225985794754883
57.159847689854594,0.014627006512730004
57.16378323431135,0.04034009625247913
57.1677187787681,0.06562018346610628
57.17165432322485,0.002617533729075871
57.1755898676816,0.3197542845776551
57.179525412138354,0.7103537455849891
57.18346095659511,1.384650824920095
57.18739650105186,1.9067277659946615
57.19133204550861,1.2880945683586675
57.19526758996536,2.8646359658515728
57.199203134422106,2.331014124418782
57.20313867887886,0.20837039916671288
57.20707422333561,1.4868658854964678
57.21100976779236,0.2458739859850821
57.21494531224912,0.8024061749683968
57.218880856705866,1.159808489571733
57.22281640116262,0.6661962341022173
57.22675194561937,1.0864657244329023
57.23068749007612,0.05988177019154141
57.23462303453287,0.3865700254832139
57.23855857898962,0.5482613358039289
57.24249412344637,0.6925004168550151
57.24642966790312,1.88597031136861
57.250365212359874,1.7070292884906235
57.25430075681663,0.007824526746566049
57.25823630127338,1.946517845490404
57.26217184573013,1.5287441921717912
57.26610739018688,0.2582988453483173
57.270042934643634,0.018369863855942695
57.27397847910038,1.1264052054046754
57.27791402355713,2.7634790061469428
57.28184956801388,0.9168725373373252
57.28578511247064,0.3153983546930534
57.289720656927386,0.11845675544097245
57.29365620138414,0.37830124752864946
57.29759174584089,0.593101119765827
57.30152729029764,0.07423095747226348
57.3054628347544,0.30091560348457763
57.309398379211146,0.6286839639306113
57.31333392366789,0.5829535391227614
57.31726946812464,0.20220341000709238
57.3212050125814,0.03846005835645875
57.32514055703815,0.5743670313137773
57.3290761014949,0.652740090056225
57.33301164595165,0.2917957046377462
57.3369471904084,0.10985026073155625
57.340882734865154,0.036004372792173174
57.34481827932191,0.09600121652356332
57.34875382377866,0.6130723497962741
57.3526893682354,0.686912053796122
57.35662491269216,0.36509861131058013
57.36056045714891,1.1790407779934524
57.36449600160566,0.4672825567128684
57.36843154606241,0.048443040874694324
57.37236709051916,0.139203155433452
57.37630263497592,0.17353328600392978
57.380238179432666,1.4058927640277008
57.38417372388942,0.9950041080516531
57.38810926834617,0.024601551037385247
57.39204481280292,1.1588872607715235
57.39598035725967,0.7597122771382038
57.39991590171642,2.0248754074799598
57.40385144617317,2.1592409115917643
57.40778699062992,0.02526818107825664
57.41172253508668,1.0540894546681334
57.41565807954343,1.0636092444098193
57.41959362400018,1.956953400823876
57.42352916845693,1.515481423524165
57.42746471291368,0.11879180488860068
57.43140025737043,0.12493830821742719
57.43533580182718,0.27613451904741554
57.43927134628393,0.19140860838821147
57.44320689074068,0.3558436318778726
57.44714243519744,0.08295593901020527
57.45107797965419,0.174344104939606
57.45501352411094,0.09196061675235088
57.45894906856769,0.45629603645705696
57.46288461302444,2.8928799996629553
57.4668201574812,3.5955044784856645
57.47075570193794,1.2354811339794227
57.47469124639469,0.44374881086539975
57.47862679085144,0.9807958894481659
57.4825623353082,0.6797975452340902
57.48649787976495,0.3179150151818884
57.4904334242217,0.14574315658700557
57.49436896867845,0.13880249385301613
57.4983045131352,0.12470804373423239
57.50224005759196,0.015318513024436549
57.50617560204871,0.1804436575259825
57.51011114650545,0.01930723714520108
57.5140466909622,0.13902913137014902
57.51798223541896,0.13015967405201503
57.52191777987571,0.7832479934119657
57.52585332433246,1.6425346511646446
57.52978886878921,0.8734839290803329
57.53372441324596,0.1237869611023087
57.53765995770272,0.26727068033745943
57.54159550215947,0.5756403970781026
57.54553104661622,0.08157601315118812
57.54946659107296,0.26849530019303053
57.55340213552972,0.6634926596849433
57.55733767998647,0.20612840521989742
57.56127322444322,0.09315193822908975
57.56520876889997,0.08749769568235667
57.56914431335672,0.47263711714510026
57.57307985781348,0.3893785824762984
57.57701540227023,0.4271677708353361
57.58095094672698,2.589070692678581
57.58488649118373,0.783819171340467
57.58882203564048,0.7901114761183111
57.59275758009723,2.2601695212756985
57.59669312455398,1.2486733347418904
57.60062866901073,1.7584821853170083
57.60456421346749,1.4123247070134406
57.60849975792424,1.181801512044565
57.61243530238099,0.08471593855826343
57.61637084683774,0.5275322356673022
57.62030639129449,0.11174582146751803
57.62424193575124,0.7570573817604299
57.62817748020799,1.6429750218903534
57.63211302466474,0.6615046695137627
57.63604856912149,0.2115186604572346
57.63998411357824,0.10401302823951765
57.643919658035,0.1422242969193497
57.64785520249175,0.3101435715599515
57.6517907469485,0.3005699659837668
57.65572629140525,0.06286231145932501
57.659661835862,0.25387832333414617
57.66359738031876,1.444099202504708
57.6675329247755,0.6350405736214794
57.67146846923225,0.27140043197774677
57.67540401368901,1.2262264145756008
57.67933955814576,0.29560464574771717
57.68327510260251,1.154013258868275
57.68721064705926,1.7503923093927236
57.69114619151601,0.6874680498475954
57.69508173597277,0.039479694353949234
57.69901728042952,0.4893932825274504
57.70295282488627,0.6012034430513717
57.70688836934301,0.7303120363994582
57.71082391379976,0.5442257052888441
57.71475945825652,0.202329795821415
57.71869500271327,0.11321560284430117
57.72263054717002,1.390234846732119
57.72656609162677,2.8408827934581335
57.73050163608352,2.0511261123792797
57.73443718054028,0.7415751707846338
57.73837272499703,1.3463782219752283
57.74230826945378,2.823910494899243
57.746243813910525,1.293848250300919
57.75017935836728,0.1535327257474288
57.75411490282403,0.4009606463863789
57.75805044728078,1.2330263235785988
57.76198599173753,3.1728614589252784
57.76592153619429,2.563916393431062
57.76985708065104,2.1595157771540436
57.77379262510779,1.8063862566988693
57.77772816956454,0.5283888094146588
57.78166371402129,0.1333596728837335
57.78559925847804,0.09703838665538461
57.78953480293479,0.4493577277122184
57.79347034739154,0.40432795412039557
57.79740589184829,1.391183658500397
57.80134143630504,1.6001751838406333
57.8052769807618,0.2312113864242135
57.80921252521855,1.635331060204457
57.8131480696753,2.5772833468312863
57.81708361413205,1.3539327036574138
57.8210191585888,0.20049105126181369
57.82495470304555,0.34622685308315915
57.8288902475023,1.4179239643488182
57.83282579195905,1.7358582301103598
57.836761336415805,1.608181435948505
57.84069688087256,1.6755560849797264
57.84463242532931,2.0837532913079286
57.84856796978606,1.2424147027052375
57.85250351424281,0.1618143411297946
57.85643905869957,1.1945212226826831
57.86037460315631,0.4218602878522898
57.86431014761306,0.2603666111399223
57.86824569206981,0.11056581461270092
57.872181236526565,1.751006884698348
57.87611678098332,5.134440888160488
57.88005232544007,1.7433732243642186
57.88398786989682,1.17489973105773
57.88792341435357,2.062432124450327
57.891858958810325,1.5486925423107707
57.89579450326708,1.6013779463615931
57.89973004772382,1.4411216147239647
57.90366559218057,0.08778088082169251
57.907601136637325,0.7877716902407698
57.91153668109408,0.4974276475089279
57.91547222555083,0.888918205072802
57.91940777000758,0.6630743124702577
57.92334331446433,0.08808277743126004
57.927278858921085,0.74876909152525
57.93121440337784,0.35192302160540706
57.93514994783459,0.09501845206566055
57.93908549229133,1.5196053973851535
57.943021036748085,1.6830825954412156
57.94695658120484,0.8186901077091993
57.95089212566159,0.07342391539781495
57.95482767011834,1.5732770658036712
57.95876321457509,3.342635752311429
57.962698759031845,2.2917120892213214
57.9666343034886,1.4894191153870013
57.97056984794535,1.4134130413490562
57.9745053924021,3.265404723468431
57.978440936858846,0.4784890980732487
57.9823764813156,3.3824074138267104
57.98631202577235,3.707302202246087
57.9902475702291,3.9302077951886942
57.99418311468585,4.364666513466339
57.998118659142605,2.7194203867052953
58.00205420359936,1.8772559244802398
58.00598974805611,0.10191434452606297
58.00992529251286,3.1422051122369
58.01386083696961,2.2453536320230145
58.01779638142636,0.751104452004723
58.02173192588311,0.2463206650484598
58.02566747033986,1.3329374532799059
58.02960301479661,2.133364943071633
58.033538559253365,0.5764814791833376
58.03747410371012,0.3164380652539064
58.04140964816687,0.5385258984257798
58.04534519262362,0.3857839755697638
58.04928073708037,0.10295785710701902
58.053216281537125,1.3218535676167393
58.05715182599387,0.7726595341849134
58.06108737045062,0.44130423402609487
58.065022914907374,1.2652651911490957
58.068958459364126,0.3742806342169329
58.07289400382088,1.0212995602411024
58.07682954827763,1.1545886748489618
58.08076509273438,0.14076361696368406
58.08470063719113,1.0885533336463553
58.088636181647885,2.370307865290882
58.09257172610464,2.2842834207521827
58.09650727056138,0.9613885820501065
58.10044281501813,0.2212176543359953
58.104378359474886,1.1852465708448379
58.10831390393164,0.28308274504368874
58.11224944838839,1.1950970287622995
58.11618499284514,4.140756314723665
58.12012053730189,1.485542179010993
58.124056081758646,0.1223822641222234
58.1279916262154,0.7879532048497557
58.13192717067215,0.3723258128961143
58.135862715128894,1.386478847840958
58.139798259585646,1.0007790132728431
58.1437338040424,0.7591966718521747
58.14766934849915,1.397721531771742
58.1516048929559,0.7586360348881918
58.155540437412654,0.24759831520673267
58.159475981869406,0.13131193381219344
58.16341152632616,0.1369707189263563
58.16734707078291,0.09706959979235752
58.17128261523966,0.011273221016692904
58.175218159696406,0.2515316443106897
58.17915370415316,0.5712305619741476
58.18308924860991,0.8555270699315805
58.18702479306666,1.692859552508584
58.19096033752341,2.256812173148566
58.194895881980166,0.8633030460698804
58.19883142643692,0.11724120766287763
58.20276697089367,0.6221054678791218
58.20670251535042,0.7289766460784556
58.21063805980717,0.7011083083833529
58.21457360426392,1.5801352587107964
58.21850914872067,2.5401564292702656
58.22244469317742,1.8217048090527868
58.226380237634174,0.8368291057275143
58.230315782090926,0.9078296710755236
58.23425132654768,1.4582948354558976
58.23818687100443,1.0229233320826192
58.24212241546118,0.20727208095524471
58.246057959917934,0.002367571855855993
58.249993504374686,0.017613769195287197
58.25392904883143,0.19413960711026984
58.25786459328818,0.8900690763885057
58.261800137744935,0.30072831743712847
58.26573568220169,0.358730887990726
58.26967122665844,0.8180878534110801
58.27360677111519,0.31015059882301277
58.27754231557194,0.0895195995517008
58.28147786002869,0.13227478662895184
58.285413404485446,0.252312643120637
58.2893489489422,0.04149914833817338
58.29328449339894,0.09116578459062871
58.297220037855695,0.6504628648256466
58.30115558231245,2.288402628090944
58.3050911267692,0.20205270692750502
58.30902667122595,1.1018255781269142
58.3129622156827,1.9390117727686897
58.316897760139454,3.809867884518527
58.320833304596206,2.73749565451194
58.32476884905296,0.04474474893930232
58.32870439350971,2.3433688464058218
58.332639937966455,1.528036341907218
58.33657548242321,1.3489700099387587
58.34051102687996,2.0154900125219815
58.34444657133671,0.958790664211327
58.34838211579346,0.06242424351336418
58.352317660250215,0.014689777474006018
58.35625320470697,0.39761845209061614
58.36018874916372,0.912733085656818
58.36412429362047,0.775476529798144
58.36805983807722,1.3105325803632801
58.37199538253397,1.760713644393543
58.37593092699072,2.564303625225892
58.37986647144747,1.1094801856174055
58.38380201590422,0.013660068159434187
58.387737560360975,0.33341642775021113
58.39167310481773,1.129764245687825
58.39560864927448,2.0710966093636305
58.39954419373123,0.27035958483178163
58.40347973818798,2.1069719988802347
58.40741528264473,5.4424910904415995
58.41135082710148,5.61548964083117
58.41528637155823,1.4690073974572264
58.41922191601498,0.28220233564987296
58.423157460471735,0.821189402331228
58.42709300492849,0.8990352008867349
58.43102854938524,0.9473693100712343
58.43496409384199,0.17863232678510596
58.43889963829874,1.6687274230136375
58.442835182755495,2.188027947902335
58.44677072721224,2.931375519204203
58.45070627166899,0.22620200062864984
58.45464181612574,1.3484898600430857
58.458577360582495,1.1890932368961546
58.46251290503925,0.045999307384943885
58.466448449496,0.39081418810376767
58.47038399395275,0.4701090936482712
58.4743195384095,1.8329498469238479
58.478255082866255,0.7158029428710192
58.48219062732301,0.18773276070708536
58.48612617177975,0.3963610556215429
58.4900617162365,0.007114368687667023
58.493997260693256,0.21542163070865236
58.49793280515001,0.016429716841080078
58.50186834960676,0.2498965229748135
58.50580389406351,0.3554805573477792
58.50973943852026,0.21710234938662787
58.513674982977015,0.28840283180997967
58.51761052743377,1.5604273799111867
58.52154607189052,1.4761565297191714
58.525481616347264,0.20727053353192876
58.529417160804016,0.20820787089141432
58.53335270526077,0.12185596107318812
58.53728824971752,0.5935928211886325
58.54122379417427,0.6319163524099006
58.545159338631024,0.6908728608986188
58.549094883087776,0.2576080606202837
58.55303042754453,0.28934452100957986
58.55696597200128,0.5872732240501674
58.56090151645803,0.13560338493528393
58.564837060914776,0.33765307018825336
58.56877260537153,0.47219263029675196
58.57270814982828,0.0019012499961514199
58.57664369428503,0.7505497265751628
58.58057923874178,0.9742022789699214
58.584514783198536,0.15548642461905915
58.58845032765529,0.28975343062354647
58.59238587211204,0.20221717921543472
58.59632141656879,0.7892917113069932
58.60025696102554,1.1318013106413116
58.60419250548229,0.48453797913884644
58.60812804993904,0.7811666582836791
58.61206359439579,2.199931254640256
58.615999138852544,1.0861290324153727
58.619934683309296,3.634319178141662
58.62387022776605,4.802427888621633
58.6278057722228,0.645341948399749
58.63174131667955,0.42391516635477244
58.635676861136304,0.9406754618470066
58.639612405593056,1.06970019072496
58.6435479500498,0.0446307407036073
58.64748349450655,0.8798090833745387
58.6514190389633,0.5595747857810576
58.655354583420056,0.28793824778008575
58.65929012787681,0.4273432458959084
58.66322567233356,0.1525486101386716
58.66716121679031,1.1995721356226592
58.67109676124706,0.31727441455155536
58.675032305703816,0.14274241254944425
58.67896785016057,0.2660770663867044
58.68290339461731,0.005523264180957195
58.68683893907407,1.1957671336465663
58.69077448353082,2.914789328844197
58.69471002798757,0.9647093138969547
58.69864557244432,0.15342120485224023
58.70258111690107,0.455784577221024
58.706516661357824,0.6278635677793668
58.710452205814576,1.2119603749915813
58.71438775027133,0.09722630079346654
58.71832329472808,0.3097668001967679
58.722258839184825,0.008753849532907972
58.72619438364158,1.4948246947260213
58.73012992809833,2.523103204856558
58.73406547255508,1.7234033540514546
58.73800101701183,0.5584155910792371
58.74193656146858,0.08699559423026461
58.745872105925336,0.4006920555560558
58.74980765038209,0.24962200621223798
58.75374319483884,0.17367162838696404
58.75767873929559,1.1084903690368637
58.76161428375234,0.3613784844866256
58.76554982820909,0.5281544091266617
58.76948537266584,0.23677415917373454
58.77342091712259,0.6557306136340021
58.77735646157935,2.6361256454997424
58.7812920060361,1.7456935455775557
58.78522755049285,0.569677759247789
58.7891630949496,0.45032941848816493
58.79309863940635,0.1290453048212338
58.797034183863104,0.0401717852861963
58.80096972831985,0.25929178913790246
58.8049052727766,0.43682192996269775
58.80884081723335,0.08241228233678259
58.812776361690105,0.9806772899008335
58.81671190614686,0.8306554025443722
58.82064745060361,1.3172810613889991
58.82458299506036,3.6591930750785706
58.82851853951711,4.112106165886897
58.832454083973865,1.6885519351505596
58.83638962843062,2.2165481184651177
58.84032517288736,9.689852879237224
58.84426071734411,5.838623807510031
58.84819626180087,0.2865673871308664
58.85213180625762,0.522730084352419
58.85606735071437,0.7198241532030902
58.86000289517112,0.8682890860617385
58.86393843962787,0.1020637503793143
58.86787398408463,0.7364995968088092
58.87180952854138,1.2795783530922913
58.87574507299813,0.7717991191081495
58.87968061745487,0.6321043138803243
58.883616161911625,0.047978864927119724
58.88755170636838,0.7906329019162688
58.89148725082513,1.3364975957333016
58.89542279528188,2.22436460898967
58.89935833973863,2.109209949164828
58.903293884195385,2.9246506154381002
58.90722942865214,3.7870986470201697
58.91116497310889,0.8922592347448662
58.91510051756564,0.3001022935313098
58.91903606202239,2.472065222394072
58.92297160647914,3.1443863213472465
58.92690715093589,1.2545858271613262
58.93084269539264,0.08622557040220961
58.93477823984939,2.0142216497669367
58.93871378430615,1.7127590498173373
58.9426493287629,0.08862302817185184
58.94658487321965,0.2056030776919314
58.9505204176764,1.925185358286352
58.954455962133146,3.6098800040972487
58.9583915065899,0.5449699288209909
58.96232705104665,0.8268793904138626
58.9662625955034,1.1050639618285103
58.97019813996016,0.04667078130255683
58.974133684416906,0.9154134876362044
58.97806922887366,0.284998369273231
58.98200477333041,0.09298457647485237
58.98594031778716,0.018741045651515416
58.98987586224391,0.11792656300649933
58.99381140670066,0.1841569889911922
58.99774695115741,0.6791470726706271
59.00168249561416,0.4341570544596512
59.005618040070914,0.21191296131348883
59.00955358452767,0.30986099548692064
59.01348912898442,0.203888049096003
59.01742467344117,0.3167684264742163
59.02136021789792,0.24736136369976636
59.02529576235467,0.6038925553129282
59.02923130681143,1.4547871212605301
59.03316685126817,0.7328026685985622
59.03710239572492,0.29355115762776857
59.04103794018168,0.02039780564672634
59.044973484638426,3.0934968484502976
59.04890902909518,6.114300698366935
59.05284457355193,2.043890129955748
59.05678011800868,2.249840663321586
59.06071566246544,0.26230895486445777
59.064651206922186,1.87239331686422
59.06858675137894,3.090249664399407
59.07252229583568,0.5557227447564448
59.076457840292434,0.44038522994117485
59.08039338474919,1.639654185293977
59.08432892920594,0.46737419261331387
59.08826447366269,0.4600625054825959
59.09220001811944,1.0315434719481014
59.096135562576194,0.14911819184827185
59.10007110703295,0.5876476481254188
59.1040066514897,0.614701245728396
59.10794219594645,0.6723549597021695
59.1118777404032,0.173892798921829
59.11581328485995,0.16041853470591344
59.1197488293167,0.4024363891181766
59.12368437377345,1.7948024776472817
59.1276199182302,3.429153190533987
59.13155546268696,1.0634967688538552
59.135491007143706,0.9005341726826261
59.13942655160046,0.6447503370893732
59.14336209605721,2.351518299684475
59.14729764051396,7.531262438852499
59.15123318497071,4.568019301825949
59.15516872942746,0.8730209915203292
59.15910427388421,0.9258945712665824
59.16303981834096,0.6931387502152117
59.166975362797714,0.13937808965090281
59.17091090725447,0.02245172522781467
59.17484645171122,0.8544214554156647
59.17878199616797,1.4865753076023933
59.18271754062472,0.23527577582273723
59.186653085081474,1.2098253501536826
59.19058862953822,1.1873492266226944
59.19452417399497,0.9217001899823496
59.19845971845172,0.5667385999909526
59.20239526290848,1.411334999785521
59.20633080736523,1.6717159125677419
59.21026635182198,0.10744392472340684
59.21420189627873,0.15971977629083886
59.21813744073548,0.13371483511094884
59.22207298519224,0.6607324090568566
59.226008529648986,0.23944838038503877
59.22994407410573,0.08599662743980344
59.23387961856248,0.3554267955586046
59.23781516301924,0.7209081189484663
59.24175070747599,0.6090790194234565
59.24568625193274,0.07394323850592946
59.24962179638949,0.15337870058722297
59.25355734084624,0.18013340018640844
59.257492885303,0.4387369788345162
59.26142842975975,0.11795278381662178
59.2653639742165,0.25760625187470876
59.26929951867324,0.5965189632384147
59.27323506313,0.2571136748917497
59.27717060758675,0.1563848501939872
59.2811061520435,0.6028731034557143
59.28504169650025,0.4616282182857149
59.288977240957,0.6615762464424073
59.29291278541376,1.3222907954672265
59.29684832987051,2.2762563772426225
59.30078387432726,2.2116365732012127
59.30471941878401,0.3902578532933676
59.30865496324076,0.643017917290965
59.31259050769751,2.1293000856351774
59.31652605215426,0.632514399096282
59.32046159661101,1.9204105953784487
59.32439714106776,3.8868079672394926
59.32833268552452,2.707044948127481
59.33226822998127,3.796687766366618
59.33620377443802,4.920906908638056
59.34013931889477,3.401763805251107
59.34407486335152,1.4695774155424581
59.34801040780827,0.3900336759576158
59.35194595226502,0.1312184928687707
59.35588149672177,0.04237961526706851
59.35981704117852,0.07628545469499529
59.36375258563528,0.117523454897796
59.36768813009203,0.21641385225973264
59.37162367454878,0.33997002708230206
59.37555921900553,0.2001172752974956
59.37949476346228,0.3023835220345414
59.38343030791904,0.2665298550742797
59.38736585237578,0.2343025702129562
59.39130139683253,0.06424372125637708
59.39523694128928,0.9974364475354587
59.39917248574604,0.3709309960912885
59.40310803020279,0.8940785650779117
59.40704357465954,1.583554245539952
59.41097911911629,0.18450112649541137
59.41491466357304,1.1940194641272428
59.4188502080298,0.045460124011723245
59.42278575248655,1.5619202146829019
59.42672129694329,3.0850753147361765
59.43065684140005,1.9477999019305166
59.4345923858568,0.29079742485498666
59.43852793031355,3.0911012678338423
59.4424634747703,1.5582649737192644
59.44639901922705,0.6897441083997727
59.4503345636838,1.2376212626597949
59.45427010814056,1.7224220525809875
59.45820565259731,0.8557170844116262
59.46214119705406,0.4831316475444172
59.4660767415108,1.1027463230514791
59.47001228596756,2.052620827945192
59.47394783042431,2.008556964500434
59.47788337488106,0.008697956834236322
59.48181891933781,1.2045728377816687
59.48575446379456,0.7793993808954565
59.48969000825132,0.2135383759982491
59.49362555270807,2.1011147834064423
59.49756109716482,3.787334859079941
59.50149664162157,0.8952414375287907
59.50543218607832,0.4434595975891045
59.50936773053507,1.2229679601513888
59.51330327499182,1.051487212554776
59.51723881944857,1.7445600924669726
59.52117436390533,1.1980706264990781
59.52510990836208,1.3181689960626237
59.52904545281883,2.8094535492904553
59.53298099727558,1.6676846693059495
59.53691654173233,1.0684770312157876
59.54085208618908,1.9373542551586909
59.54478763064583,1.6851567218265102
59.54872317510258,0.23852975818196961
59.55265871955933,0.4848676971193685
59.55659426401608,3.853182462928506
59.56052980847284,6.333072980611632
59.56446535292959,3.0400840104997853
59.56840089738634,1.1200779246677108
59.57233644184309,2.0780678249424254
59.57627198629984,3.439843154298307
59.58020753075659,1.0518085681781573
59.58414307521334,1.1090193075208823
59.58807861967009,5.111956871980413
59.59201416412685,3.037980555286031
59.5959497085836,1.4273156669567286
59.59988525304035,0.031921677708436104
59.6038207974971,2.9120959792549987
59.60775634195385,4.741255764574492
59.61169188641061,0.6315424597772786
59.61562743086736,0.10694865768273507
59.6195629753241,0.22249138483406666
59.62349851978085,3.6152873665631744
59.627434064237605,5.148163079053127
59.63136960869436,3.099872285294805
59.63530515315111,1.9237057388016647
59.63924069760786,1.7160270792786934
59.64317624206461,0.4398421474124156
59.64711178652136,0.48133226202197854
59.65104733097812,1.9818264848488754
59.65498287543487,1.5365350490270164
59.65891841989161,0.18833049695493922
59.662853964348365,0.03575068020409013
59.66678950880512,0.11550193947405848
59.67072505326187,0.554847675892212
59.67466059771862,0.45744980172989613
59.67859614217537,1.4351660288592503
59.682531686632124,0.7911548301805057
59.68646723108888,0.01568732029893072
59.69040277554563,0.9231517852355979
59.69433832000238,2.9371414227219277
59.698273864459125,3.4272482156926856
59.70220940891588,2.707096788707198
59.70614495337263,1.0406095822552928
59.71008049782938,0.3081404681629891
59.71401604228613,1.7082362084165734
59.717951586742885,1.1858200094529396
59.72188713119964,0.9334793815448195
59.72582267565639,1.4941986325599521
59.72975822011314,0.8936044338136502
59.73369376456989,0.5927572099349943
59.73762930902664,2.554318513223832
59.74156485348339,0.634915320701798
59.74550039794014,0.692571877270268
59.74943594239689,2.292561971792315
59.753371486853645,3.5135800859740356
59.7573070313104,2.475080119217361
59.76124257576715,1.2875502289158427
59.7651781202239,1.3802433999586419
59.76911366468065,2.349054117832858
59.773049209137405,1.8994951759517669
59.77698475359415,0.21597226819356494
59.7809202980509,0.8226284529458613
59.78485584250765,0.6458508010327063
59.788791386964405,0.8629323198930046
59.79272693142116,0.8724423733668772
59.79666247587791,0.23215853698681543
59.80059802033466,2.79012843204184
59.80453356479141,5.5528586991664195
59.808469109248165,1.2185853765954826
59.81240465370492,2.651360675938066
59.81634019816166,1.3764397185106378
59.82027574261841,1.9181708229474355
59.824211287075165,3.6198400630197045
59.82814683153192,0.21177709082339127
59.83208237598867,1.5793838313125832
59.83601792044542,0.264813134126513
59.83995346490217,0.9813583203970588
59.843889009358925,1.6415266028331577
59.84782455381568,0.4690665659539427
59.85176009827243,0.4946565264346587
59.85569564272917,0.8214131722138732
59.859631187185926,0.10998488328607516
59.86356673164268,0.0276133540069318
59.86750227609943,0.1589530006402664
59.87143782055618,1.0136701703906688
59.87537336501293,1.3665578538288148
59.879308909469685,1.0579410304105887
59.88324445392644,0.058621128432260534
59.88717999838319,1.517323121445769
59.89111554283994,0.36009579462812213
59.895051087296686,1.535328403115911
59.89898663175344,1.6083729019416013
59.90292217621019,1.5361394590984447
59.90685772066694,2.090351441562628
59.910793265123694,0.10416245318509348
59.914728809580446,1.49018108020257
59.9186643540372,0.18338359634633067
59.92259989849395,0.6124582684003915
59.9265354429507,0.6269279138680265
59.93047098740745,0.20753914134378657
59.9344065318642,0.4903362818334986
59.93834207632095,1.3258865107773437
59.9422776207777,1.1775804134621002
59.94621316523445,0.5749247928333083
59.950148709691206,0.06801030918086981
59.95408425414796,0.0969607265399496
59.95801979860471,0.15569670497038712
59.96195534306146,0.4419576968875416
59.96589088751821,0.8154004279022222
59.969826431974965,0.6557931913826864
59.97376197643171,0.1131746017505491
59.97769752088846,0.49343412335438813
59.981633065345214,0.603865843481406
59.985568609801966,0.07294188415195346
59.98950415425872,0.29041204957463795
59.99343969871547,0.2098953678618346
59.99737524317222,0.07203127526916815
60.001310787628974,0.4438483291181424
60.005246332085726,0.3756478247783787
60.00918187654248,1.2710835792109465
60.01311742099922,0.9245427969597871
60.01705296545597,2.03976333349159
60.020988509912726,1.51877747755068
60.02492405436948,1.0214723416673286
60.02885959882623,4.0636970588548404
60.03279514328298,3.288787419330333
60.03673068773973,1.2597460795284365
60.040666232196486,1.4818414419112809
60.04460177665324,1.9639275577712767
60.04853732110998,0.5037788591322548
60.052472865566735,0.5324697656143063
60.05640841002349,1.388831156640825
60.06034395448024,0.7775222207055873
60.06427949893699,0.30479461343317316
60.06821504339374,1.2656058508672077
60.072150587850494,1.9466441972468456
60.076086132307246,0.6834533583402272
60.080021676764,0.056229865643092285
60.08395722122075,0.860294632270069
60.087892765677495,0.6390732160686119
60.09182831013425,0.2850653697041945
60.095763854591,0.1583395645930372
60.09969939904775,0.47342574143711175
60.1036349435045,1.1338845561429944
60.10757048796125,0.2855660070387965
60.111506032418006,0.26435781947103015
60.11544157687476,0.720022422465751
60.11937712133151,0.21528588208496413
60.12331266578826,0.430737013370093
60.12724821024501,0.2158428444947327
60.13118375470176,0.1386919627503829
60.13511929915851,0.5967553714295118
60.13905484361526,0.2874868081023298
60.142990388072015,0.3926475986460644
60.14692593252877,0.9201674590306138
60.15086147698552,1.069237974070963
60.15479702144227,0.47819661556517185
60.15873256589902,0.6187820371802051
60.162668110355774,1.969400667532841
60.16660365481252,0.8470884701081658
60.17053919926927,0.25573942617128714
60.17447474372602,1.3590275690377094
60.178410288182775,0.31359466336411757
60.18234583263953,1.1561266073432037
60.18628137709628,2.041681718283404
60.19021692155303,0.6345463820459726
60.19415246600978,0.3523670085129348
60.198088010466535,0.6604381333918249
60.20202355492329,0.36246549083644847
60.20595909938003,3.8927526326078907
60.20989464383678,1.3795090151307399
60.213830188293535,1.1101937362671037
60.21776573275029,4.010827414140988
60.22170127720704,0.935044250960096
60.22563682166379,1.2714404488110154
60.22957236612054,1.7416700087194497
60.233507910577295,0.8054401349897342
60.23744345503405,0.6456436471934242
60.2413789994908,0.10439755431863137
60.24531454394754,0.528506157638967
60.249250088404295,1.1275697196715646
60.25318563286105,0.30466897292236417
60.2571211773178,0.5363029437475169
60.26105672177455,0.6119612349768695
60.2649922662313,0.17589704135102396
60.268927810688055,0.7175581877741266
60.27286335514481,0.9192906412855649
60.27679889960156,0.6679227237478468
60.28073444405831,0.7685734369274514
60.284669988515056,0.2991989221038655
60.28860553297181,0.09590033593737128
60.29254107742856,0.15971639325398876
60.29647662188531,0.33551127162927685
60.30041216634206,1.6388819096726728
60.304347710798815,2.2039942101493457
60.30828325525557,0.7180552403442556
60.31221879971232,0.11025000717937897
60.31615434416907,0.3136435697456779
60.32008988862582,0.0820060535471149
60.32402543308257,0.5246776878753259
60.32796097753932,1.447450946590705
60.33189652199607,1.3996723157981343
60.33583206645282,4.086056702635827
60.339767610909576,5.6850880389862555
60.34370315536633,2.2265710086089476
60.34763869982308,1.5008110847424578
60.35157424427983,1.1631320872630106
60.35550978873658,1.5283368526207015
60.359445333193335,1.8690528149665786
60.36338087765008,0.11438791263921849
60.36731642210683,1.5748858889334745
60.371251966563584,2.174429872813073
60.375187511020336,1.2467727678675056
60.37912305547709,1.330970067031601
60.38305859993384,1.3989591874833827
60.38699414439059,0.7558254990148016
60.39092968884734,0.7055842833190228
60.394865233304095,1.000797512418141
60.39880077776085,2.026022547879871
60.40273632221759,3.527918798665127
60.40667186667434,2.5570320449890587
60.410607411131096,1.3747633610677312
60.41454295558785,0.8837575951237411
60.4184785000446,0.10027971057375726
60.42241404450135,0.04582939973002436
60.4263495889581,0.8254857131261534
60.430285133414856,2.079401464645658
60.43422067787161,1.0009264402218871
60.43815622232836,0.0013001423188616595
60.442091766785104,0.25594800482764685
60.446027311241856,0.07604165412316305
60.44996285569861,1.8203591580907568
60.45389840015536,3.560443087256812
60.45783394461211,1.4867658021172991
60.461769489068864,0.019856160612171346
60.465705033525616,0.06861552862544497
60.46964057798237,0.2508721842331344
60.47357612243912,0.5200505564408668
60.47751166689587,1.7943027377243101
60.48144721135262,2.0946778939469213
60.48538275580937,0.3995545153838357
60.48931830026612,1.1820610880943274
60.49325384472287,0.9820957677234243
60.49718938917962,1.9814520715515103
60.501124933636376,0.7215553354710973
60.50506047809313,1.4983105082839332
60.50899602254988,0.41739783396390717
60.51293156700663,1.2994322446813158
60.51686711146338,1.4729572757641345
60.52080265592013,0.8470744018316269
60.52473820037688,1.5206980709329307
60.52867374483363,1.6262501720605682
60.532609289290384,1.467249986934849
60.536544833747136,1.5984683620283255
60.54048037820389,7.72859930682512
60.54441592266064,4.567302638069925
60.54835146711739,1.1204509066778403
60.552287011574144,2.225474314693374
60.556222556030896,2.6573947199970696
60.56015810048764,1.8111415642622213
60.56409364494439,3.4525881283711413
60.568029189401145,1.8758344804083107
60.5719647338579,0.49357475635916304
60.57590027831465,1.138985935766976
60.5798358227714,0.9005640048124997
60.58377136722815,0.6923401408488024
60.5877069116849,5.016243277934683
60.591642456141656,1.8271226153904494
60.5955780005984,0.7116425963048516
60.59951354505515,1.9059931030469917
60.60344908951191,0.712262492100785
60.60738463396866,1.1724206998541211
60.61132017842541,1.1800892917187202
60.61525572288216,0.36068171262164084
60.61919126733891,0.5933452636238535
60.62312681179567,0.002417283348837942
60.62706235625242,0.638933199865702
60.63099790070917,0.3088588560058478
60.63493344516591,3.8007847236598336
60.638868989622665,3.5222152121601833
60.64280453407942,1.5199147605092354
60.64674007853617,0.40934676158428746
60.65067562299292,0.9363382492868281
60.65461116744967,2.389104930230215
60.658546711906425,0.2943406275336528
60.66248225636318,0.42824354741891757
60.66641780081993,2.0527974080606506
60.67035334527668,1.6932520375664886
60.67428888973343,0.04660167153624961
60.67822443419018,0.5373038693453537
60.68215997864693,1.0245253029745438
60.68609552310368,0.4189166534682037
60.69003106756043,0.41715386287810874
60.69396661201719,0.5300224712619003
60.69790215647394,0.39262435371130333
60.70183770093069,1.871742463642215
60.70577324538744,1.0464043905567788
60.70970878984419,1.0839019610691514
60.71364433430094,0.9511004130897519
60.71757987875769,0.08776152630864044
60.72151542321444,0.10256123980390439
60.72545096767119,0.03211254285906989
60.729386512127945,0.2288170031902403
60.7333220565847,0.724721605059567
60.73725760104145,1.7351783286601963
60.7411931454982,1.5173043883101596
60.74512868995495,0.20996979049947911
60.749064234411705,0.3069172644865365
60.75299977886845,1.5976018844131576
60.7569353233252,0.9952170006849161
60.760870867781954,0.4183432484802506
60.76480641223871,2.7399140934472075
60.76874195669546,0.2135943561941791
60.77267750115221,2.755905843558699
60.77661304560896,3.982733392461013
60.78054859006571,0.14655679535489835
60.78448413452247,0.7646347486343739
60.78841967897922,1.8452724915763734
60.79235522343596,3.384745166521945
60.79629076789272,0.6265101592016841
60.800226312349466,1.0578140171039123
60.80416185680622,2.63920850482646
60.80809740126297,2.7469325314408737
60.81203294571972,0.5376342798097933
60.81596849017647,0.270586408529748
60.819904034633225,0.13877138314529952
60.82383957908998,0.8433939880040702
60.82777512354673,0.5684789758338789
60.831710668003474,0.6232881312336482
60.83564621246023,1.0836953927300697
60.83958175691698,0.795599608683886
60.84351730137373,1.2293141403476715
60.84745284583048,0.07017448761376137
60.851388390287234,0.9973824701689591
60.85532393474399,0.5944517104322669
60.85925947920074,1.1611570275624792
60.86319502365749,0.6458675536117797
60.86713056811424,3.303622177038853
60.871066112570986,3.4384598787873335
60.87500165702774,0.41584727661066256
60.87893720148449,0.08025917828594134
60.88287274594124,1.1157565018580957
60.886808290398,5.573076513168464
60.890743834854746,5.112895267072214
60.8946793793115,1.6079898492741567
60.89861492376825,4.34595865678225
60.902550468225,1.95347890890527
60.90648601268175,0.831398297285726
60.9104215571385,1.407267870711572
60.91435710159525,0.8487472686453854
60.918292646052,1.9172217440390953
60.922228190508754,0.0652806104581339
60.92616373496551,1.6420928068405023
60.93009927942226,0.45294115990625355
60.93403482387901,0.5582232607420192
60.93797036833576,0.6222919318210746
60.941905912792514,1.0513582234152041
60.94584145724927,0.4748778049492723
60.94977700170601,0.7114401154441766
60.95371254616276,1.0703129871881507
60.95764809061952,0.49946127944034263
60.961583635076266,3.338791695456433
60.96551917953302,1.8241758306283273
60.96945472398977,1.006565191697917
60.97339026844652,2.292212011915738
60.97732581290328,1.819459887102088
60.981261357360026,0.10656436564670034
60.98519690181678,2.381850188054412
60.98913244627352,1.1316260511861527
60.99306799073028,0.2694304184289671
60.99700353518703,0.17556021286704915
61.00093907964378,0.554666845190051
61.00487462410053,0.00641683216020225
61.00881016855728,0.4814967592848312
61.012745713014034,0.5410111740440521
61.01668125747079,1.2617590162070542
61.02061680192754,0.05209107680408166
61.02455234638429,1.1897961651494189
61.02848789084104,0.6682979370347366
61.03242343529779,0.13497115816893096
61.03635897975454,0.3318548079426886
61.04029452421129,0.02652515514267964
61.04423006866804,0.01111311606237656
61.0481656131248,0.3308417322971454
61.052101157581546,0.7242745277778403
61.0560367020383,1.2703201200358447
61.05997224649505,0.7720251796867802
61.0639077909518,0.006932395870220739
61.06784333540855,0.3749597069916517
61.0717788798653,0.8765597367730711
61.07571442432205,1.2161332236559512
61.0796499687788,0.7635075557645425
61.08358551323556,0.45939429908717133
61.08752105769231,0.15962287697512653
61.09145660214906,0.8964765440442987
61.09539214660581,0.10435315374457622
61.09932769106256,1.1398917421902324
61.103263235519314,1.4191052291870205
61.10719877997606,0.3433773629327995
61.11113432443281,0.47369238915199036
61.11506986888956,0.2694512212289333
61.11900541334632,0.03100255109036002
61.12294095780307,0.5080287821776004
61.12687650225982,0.36366190909777746
61.13081204671657,0.04137011698342568
61.13474759117332,0.3947507822955675
61.13868313563008,1.3770269086830382
61.14261868008683,1.3446640922331357
61.14655422454357,0.01154717962038231
61.15048976900032,0.2687661317731893
61.15442531345708,0.2462106409388191
61.15836085791383,0.8160100696106246
61.16229640237058,0.16891319680101283
61.16623194682733,0.10351238559586151
61.17016749128408,1.0885908726435594
61.17410303574084,2.1436112747118465
61.17803858019759,0.027746589544706785
61.18197412465433,2.453763234975102
61.18590966911108,2.8367224039654326
61.18984521356784,0.49884374146401633
61.19378075802459,0.302126684520457
61.19771630248134,0.5436960063275751
61.20165184693809,0.4914760946008799
61.20558739139484,0.8142823054728883
61.2095229358516,1.1331068327887368
61.21345848030835,0.37146089219311534
61.2173940247651,0.3752634544893047
61.22132956922184,0.4821550476941166
61.2252651136786,0.03292907162373546
61.22920065813535,0.7776550271501005
61.2331362025921,0.5748339758484513
61.23707174704885,0.10288486967515074
61.2410072915056,0.4766975519943707
61.24494283596236,1.983352432211752
61.24887838041911,2.1996039689218265
61.25281392487586,0.8186342824742944
61.25674946933261,0.1729897419646088
61.26068501378936,0.13690872175679758
61.26462055824611,0.041582101200064114
61.26855610270286,1.283321237425472
61.27249164715961,1.4257000606275845
61.27642719161637,0.3766520188131828
61.28036273607312,1.9485209009474227
61.28429828052987,1.1063004820992046
61.28823382498662,1.0100914023878025
61.29216936944337,2.0150636314561456
61.29610491390012,0.20787240924927536
61.30004045835687,0.13004959666752888
61.30397600281362,0.732844772870251
61.30791154727037,2.6870263704324127
61.31184709172712,1.4838395087890555
61.31578263618388,1.3475758782494733
61.31971818064063,0.242417246250052
61.32365372509738,1.232343495175012
61.32758926955413,2.644009008291951
61.33152481401088,1.2568951088812461
61.33546035846764,1.4200354875785115
61.33939590292438,1.046073116458883
61.34333144738113,0.16398406495196124
61.34726699183789,1.041607879481036
61.35120253629464,1.624118664275794
61.35513808075139,1.3589666910593445
61.35907362520814,1.8350618647174826
61.36300916966489,0.33939881505413155
61.36694471412165,0.15375657864681821
61.3708802585784,0.04112236227965189
61.37481580303515,0.4711006409892447
61.37875134749189,2.562175307193351
61.38268689194864,4.588306102343867
61.3866224364054,2.6870016662460303
61.39055798086215,0.4340648413156648
61.3944935253189,0.25519883598490195
61.39842906977565,0.14845806623149754
61.4023646142324,0.27656803504203253
61.40630015868916,1.1252789910586931
61.41023570314591,2.423960009929993
61.41417124760266,1.6122889036257348
61.418106792059405,0.3516601986003322
61.42204233651616,1.1462030863505477
61.42597788097291,2.0085529977592618
61.42991342542966,0.017000446777974416
61.43384896988641,4.233272394407624
61.43778451434317,8.884512991503112
61.44172005879992,2.83383880935465
61.44565560325667,0.6177453798637271
61.44959114771342,3.3531294213000686
61.45352669217017,5.716803547072441
61.45746223662692,3.5647232355210727
61.46139778108367,0.15101358514835517
61.46533332554042,4.289893818279309
61.46926886999717,1.2639851004315763
61.47320441445392,1.027954410261813
61.47713995891068,1.5626714822014736
61.48107550336743,1.4820070464451094
61.48501104782418,1.1362730306149014
61.48894659228093,0.45824155509383363
61.49288213673768,0.23435676101034206
61.49681768119443,1.0821735616987251
61.50075322565118,1.977538377755579
61.50468877010793,3.2848214311212427
61.508624314564685,2.847218268585853
61.51255985902144,2.4252973898553036
61.51649540347819,7.182972256360888
61.52043094793494,3.0583912075448523
61.52436649239169,1.291422157557811
61.52830203684845,0.09927107763243836
61.5322375813052,1.8698761225039178
61.53617312576194,1.0919577838683288
61.54010867021869,2.2762968045733905
61.544044214675445,0.9404486139880049
61.5479797591322,0.42849151898808147
61.55191530358895,0.4901507370236035
61.5558508480457,1.3582714448741369
61.55978639250245,2.5726466381872033
61.563721936959205,0.4170279999489927
61.56765748141596,2.50103841020604
61.57159302587271,1.4301753177121954
61.57552857032945,0.12811161339092295
61.579464114786205,0.6214921700069584
61.58339965924296,0.7639544452236962
61.58733520369971,1.3817188361359642
61.59127074815646,2.3787214892443376
61.59520629261321,2.436883090143639
61.599141837069965,1.5628865741194062
61.60307738152672,1.8951673435757308
61.60701292598347,1.776416541404019
61.61094847044022,0.24438422268242546
61.614884014896965,0.3989731635410864
61.61881955935372,1.4800359786281958
61.62275510381047,0.9668180839916035
61.62669064826722,0.0686061199338485
61.63062619272397,0.4292248069462335
61.634561737180725,1.3831550845450022
61.63849728163748,1.810921082620585
61.64243282609423,1.0992885963327315
61.64636837055098,0.22567936620464468
61.65030391500773,0.020224093933104346
61.65423945946448,0.5835332113713829
61.65817500392123,1.3249890466567966
61.66211054837798,0.9068975373007472
61.66604609283473,0.09069248683396432
61.669981637291485,0.22587348087109774
61.67391718174824,0.2485578784461287
61.67785272620499,0.02696197091895068
61.68178827066174,0.24857126980810726
61.68572381511849,0.880000251547946
61.689659359575245,0.4534589668048762
61.69359490403199,0.05380280333968687
61.69753044848874,0.5126657030544034
61.70146599294549,0.15333071016069358
61.705401537402246,0.13772225181660724
61.709337081859,0.09453321166835267
61.71327262631575,0.4796767960664109
61.7172081707725,0.46884916474834826
61.72114371522925,0.3047669341124656
61.725079259686005,0.595152667455157
61.72901480414275,1.6340231800287817
61.7329503485995,2.131002359956885
61.736885893056254,0.6883016565074198
61.740821437513006,0.0040661737200717125
61.74475698196976,0.08099733915528397
61.74869252642651,1.1376776346151385
61.75262807088326,2.1625307168785084
61.75656361534001,0.8260026269682036
61.760499159796765,0.08501455456599054
61.76443470425352,0.17598108129007473
61.76837024871026,0.234922915967271
61.77230579316701,0.7538709264720368
61.776241337623766,2.018781009601129
61.78017688208052,1.7258652505680876
61.78411242653727,2.7144046007221263
61.78804797099402,2.1466788153277214
61.79198351545077,0.1806488205253212
61.795919059907526,0.23165188357028277
61.79985460436428,0.237493822302344
61.80379014882103,0.3989905810288531
61.807725693277774,1.3158998344979056
61.811661237734526,1.3444628949228408
61.81559678219128,0.2891379854683586
61.81953232664803,1.4401463889125299
61.82346787110478,0.2821288497431475
61.827403415561534,0.5837505115940752
61.831338960018286,1.5640710114316378
61.83527450447504,1.3037293841808288
61.83921004893179,2.7005236963451935
61.84314559338854,3.6346765229120006
61.84708113784529,1.2394555282363258
61.85101668230204,0.20434331046554724
61.85495222675879,0.026377848540603283
61.85888777121554,0.7479135952191485
61.86282331567229,1.1655326377023951
61.866758860129046,0.6023903005619595
61.8706944045858,0.6148134703631689
61.87462994904255,0.8814618896060517
61.8785654934993,0.594140521327107
61.88250103795605,0.1892858975327187
61.8864365824128,0.11448281887228684
61.89037212686955,0.15998785236644153
61.8943076713263,0.4779185710104929
61.898243215783054,1.0995625331929253
61.902178760239806,0.33867850039153863
61.90611430469656,0.2861894772945836
61.91004984915331,0.10986765495919545
61.91398539361006,0.3511172415316363
61.917920938066814,0.3578996414499444
61.921856482523566,0.39450121387860393
61.92579202698031,0.8636172445574176
61.92972757143706,0.05993080484741787
61.933663115893815,0.3849417347292615
61.93759866035057,0.303639186869612
61.94153420480732,0.5964902512811513
61.94546974926407,1.3498808177460817
61.94940529372082,1.7314317751301602
61.95334083817757,1.2431456485699721
61.957276382634326,0.7162810834896798
61.96121192709108,0.6285070790478585
61.96514747154782,0.15321071445544332
61.969083016004575,0.33649703240759954
61.97301856046133,0.6605328412059079
61.97695410491808,0.034630468839886436
61.98088964937483,1.2090772057155827
61.98482519383158,0.5103112407727401
61.988760738288335,0.39157064318469165
61.99269628274509,0.4725062784164969
61.99663182720184,0.42168983021720685
62.00056737165859,0.9246683552219072
62.004502916115335,0.06222033896715076
62.00843846057209,0.37100836783905755
62.01237400502884,0.02671962845736328
62.01630954948559,0.8899028068770919
62.02024509394234,0.8078475272102353
62.024180638399095,0.6502435944705536
62.02811618285585,0.48414781733354606
62.0320517273126,0.15049517171123195
62.03598727176935,0.6156251471725721
62.0399228162261,1.5004235625027602
62.04385836068285,1.694462247045208
62.0477939051396,2.1634943595191407
62.05172944959635,1.1551932596446148
62.0556649940531,1.1714634544303706
62.059600538509855,0.5575239046625703
62.06353608296661,0.36983749077805844
62.06747162742336,0.7187402482281539
62.07140717188011,1.624640089374982
62.07534271633686,0.9720467018157073
62.079278260793615,0.28651502775295057
62.08321380525036,1.5519215885892628
62.08714934970711,1.0720989124959954
62.09108489416386,0.5996412512485984
62.095020438620615,1.0362069485073844
62.09895598307737,1.469296809784962
62.10289152753412,0.781521208988908
62.10682707199087,1.664884010052612
62.11076261644762,1.8912387749341257
62.114698160904375,0.05877262475677425
62.11863370536113,1.026250855513769
62.12256924981787,1.3202041193398046
62.126504794274624,0.8787215296647319
62.130440338731376,0.21292476655413983
62.13437588318813,0.6128238600983577
62.13831142764488,0.3472050180078928
62.14224697210163,1.1346604272270624
62.14618251655838,1.838130243999172
62.150118061015135,0.7267903631086211
62.15405360547189,0.8305521595039547
62.15798914992864,0.2922023819593675
62.16192469438538,0.7767146229356106
62.165860238842136,0.31391626747612805
62.16979578329889,1.4955910084683366
62.17373132775564,1.0582860558489906
62.17766687221239,0.33892050153893594
62.18160241666914,0.19419169310678844
62.185537961125895,1.1236060615831829
62.18947350558265,2.109070675148872
62.1934090500394,2.296204568025649
62.19734459449615,0.4166028444733694
62.201280138952896,0.18736194908837062
62.20521568340965,0.3177448726903108
62.2091512278664,1.0017855528423685
62.21308677232315,0.3508232444818237
62.217022316779904,0.7320161660123781
62.220957861236656,0.3157471490222014
62.22489340569341,1.7995754557400803
62.22882895015016,0.731862578556597
62.23276449460691,0.5913714209244574
62.23670003906366,2.0633579876972705
62.24063558352041,0.3822354764468212
62.24457112797716,0.3259844887441627
62.24850667243391,0.31268249251758173
62.25244221689066,0.08361247941650789
62.256377761347416,0.9206899889243927
62.26031330580417,0.5129920852425994
62.26424885026092,0.009623506150364131
62.26818439471767,0.21957546402041314
62.27211993917442,0.6928544848886676
62.27605548363117,0.6713843129333783
62.27999102808792,0.6309885275063541
62.28392657254467,0.33095845995894624
62.287862117001424,0.1833911001754233
62.291797661458176,0.6021307065012123
62.29573320591493,0.26761493622072574
62.29966875037168,0.280957930608263
62.30360429482843,0.9299954409449682
62.307539839285184,1.085959695342874
62.311475383741936,0.9329922577621201
62.31541092819868,0.3415486602051954
62.31934647265543,2.3330001870543664
62.32328201711218,0.9701966221716922
62.327217561568936,0.16047821752885671
62.33115310602569,0.0007281897796461602
62.33508865048244,2.4960926204182736
62.33902419493919,4.030429255878473
62.34295973939594,0.08479129875588026
62.346895283852696,2.689285829673382
62.35083082830945,2.9676649576774166
62.35476637276619,0.3579649129270815
62.35870191722295,0.8266910347233732
62.3626374616797,0.5978588552852472
62.36657300613645,2.1406227469232046
62.3705085505932,1.790912360090524
62.37444409504995,1.4344324080931652
62.378379639506704,0.7921003977228279
62.382315183963456,0.2296190873871359
62.38625072842021,0.8879764084173288
62.39018627287696,1.4484785622689342
62.394121817333705,7.632031319053687
62.39805736179046,6.8087723320874005
62.40199290624721,1.3576707204728555
62.40592845070396,0.15982099451741064
62.40986399516071,0.373647244001467
62.413799539617465,0.7187203487116374
62.417735084074216,0.8519730220174516
62.42167062853097,1.3917557513926884
62.42560617298772,0.29232994795523837
62.42954171744447,0.5146353073135421
62.43347726190122,0.8020961405930354
62.43741280635797,0.19094136005164822
62.44134835081472,2.3406575381539096
62.44528389527147,0.7445041948829526
62.44921943972823,0.8745150107665604
62.45315498418498,2.6703698297920453
62.45709052864173,2.0308569378862185
62.46102607309848,3.5291190885542814
62.46496161755523,2.018635959256263
62.468897162011984,0.9150927195368552
62.47283270646873,0.31719607650932774
62.47676825092548,0.05833124660672016
62.48070379538223,0.13883191054402275
62.484639339838985,0.15251913701436434
62.48857488429574,0.01904224835968601
62.49251042875249,0.516632160262372
62.49644597320924,1.1320935475447176
62.50038151766599,0.6252329203461802
62.504317062122745,0.8022888495751347
62.5082526065795,3.6594286616676643
62.51218815103624,4.305133802805209
62.51612369549299,1.2073553841061693
62.52005923994975,0.4666914222505191
62.5239947844065,0.13093139014277067
62.52793032886325,0.10357714983576514
62.53186587332,1.5690721090599193
62.53580141777675,3.5556660858817324
62.53973696223351,0.9591620138618905
62.54367250669026,1.2089238596305918
62.54760805114701,1.037200600759438
62.55154359560375,0.8513212797180505
62.555479140060505,1.6397482328723931
62.55941468451726,0.47254542696230334
62.56335022897401,0.07406130765638003
62.56728577343076,0.0448236268947377
62.57122131788751,0.13798592087440995
62.575156862344265,2.0676975437479133
62.57909240680102,2.127625631645929
62.58302795125777,0.019002887994736498
62.58696349571452,2.098118964504719
62.59089904017127,1.0002537840139039
62.59483458462802,0.08536783843356628
62.59877012908477,0.28886240671666025
62.60270567354152,0.389430189843425
62.60664121799827,0.7373576627712133
62.61057676245503,0.05895084966006408
62.61451230691178,0.12773972567706599
62.61844785136853,0.12135327607620029
62.62238339582528,0.35958533393553804
62.62631894028203,0.005709527790625703
62.63025448473878,0.9131260842900186
62.63419002919553,1.911355404281884
62.63812557365228,1.4570067874377568
62.64206111810904,0.6283571094367704
62.645996662565786,0.2008984869235629
62.64993220702254,0.5173731423274709
62.65386775147929,3.017605959951207
62.65780329593604,2.696017784440821
62.66173884039279,0.15809407131599004
62.665674384849545,2.169562396203052
62.66960992930629,3.7915420309115984
62.67354547376304,1.0465955632705282
62.677481018219794,0.26258708101021677
62.68141656267655,1.5241526143608537
62.6853521071333,0.6559914117729779
62.68928765159005,0.03780697059582193
62.6932231960468,1.1525170758861498
62.69715874050355,2.7646193637078467
62.70109428496031,2.0383276425876438
62.70502982941706,1.1516086746138217
62.7089653738738,1.0739785387010985
62.71290091833056,0.9620330601247218
62.716836462787306,0.80012163082282
62.72077200724406,0.2934439385672028
62.72470755170081,0.022383539352305935
62.72864309615756,0.5537680803611623
62.73257864061432,0.7546655725227488
62.736514185071066,0.2520457078137649
62.74044972952782,0.04630288522326726
62.74438527398457,0.13338403699891904
62.748320818441314,0.1682991852750555
62.75225636289807,0.27446974984848405
62.75619190735482,0.5867140299401072
62.76012745181157,0.07773368430924868
62.76406299626832,0.5525020983657828
62.767998540725074,0.5553067541591677
62.77193408518183,0.022108525565880572
62.77586962963858,0.459323292882188
62.77980517409533,0.09765598018612959
62.78374071855208,0.035887087471343705
62.78767626300883,0.05904230502049723
62.79161180746558,0.8032052562691436
62.79554735192233,0.9386408133845728
62.79948289637908,0.22251560242156238
62.80341844083584,0.10849773357126954
62.807353985292586,0.4185099216341041
62.81128952974934,2.68605336069892
62.81522507420609,3.143188484401573
62.81916061866284,0.4625755385218396
62.82309616311959,0.381957339019856
62.82703170757634,1.767629750818756
62.83096725203309,0.9114998364537754
62.83490279648984,0.25277818270798164
62.838838340946594,1.8041511060496531
62.84277388540335,2.2902871786727346
62.8467094298601,3.689840947269718
62.85064497431685,1.6620057747539365
62.8545805187736,1.1964525868924387
62.858516063230354,1.4474390454712844
62.8624516076871,0.3775360123731294
62.86638715214385,0.18361348203398836
62.8703226966006,0.4906064468589197
62.87425824105736,0.17285746616124179
62.87819378551411,0.07086408437691306
62.88212932997086,0.1488630993423337
62.88606487442761,0.12814334812952136
62.89000041888436,0.1468248663686555
62.89393596334112,1.995479484896745
62.897871507797866,3.2147928564572106
62.90180705225461,3.823003468406829
62.90574259671136,1.959429332505848
62.90967814116812,0.840067094653395
62.91361368562487,1.6133070395889022
62.91754923008162,1.7400709413310345
62.92148477453837,6.000498613014074
62.92542031899512,1.447255773820835
62.92935586345188,1.246694976403424
62.93329140790863,2.5472625257902144
62.93722695236538,1.3753797709160118
62.94116249682212,3.0196165439709177
62.94509804127888,4.659510344887701
62.94903358573563,2.318936529804134
62.95296913019238,0.12223050481534306
62.95690467464913,1.323078740770383
62.96084021910588,0.2704945222269786
62.96477576356264,2.3531514470404145
62.96871130801939,1.6140887155387706
62.97264685247614,0.5508786519627299
62.97658239693289,3.2463570992830433
62.98051794138964,3.8554477291411713
62.98445348584639,0.945334299099454
62.98838903030314,1.7649281917693005
62.99232457475989,4.851764107612856
62.99626011921664,2.7432156222673503
63.0001956636734,0.2261397339520249
63.00413120813015,0.8333041018871103
63.0080667525869,0.17673694341607812
63.01200229704365,0.3799811293690555
63.0159378415004,0.9049543417803383
63.01987338595715,0.31342005539567747
63.0238089304139,0.7638734746402838
63.02774447487065,1.644057075150287
63.0316800193274,1.39371555757639
63.03561556378416,0.5800583925474003
63.03955110824091,0.23043438040047312
63.04348665269766,0.3714639769567808
63.04742219715441,0.5554975718129529
63.05135774161116,0.1496005698619696
63.05529328606792,0.2038497914584108
63.05922883052466,0.1434796660415555
63.06316437498141,0.7814878396461826
63.06709991943816,1.9246741470756477
63.07103546389492,0.008558449973441237
63.07497100835167,3.779647395355782
63.07890655280842,6.6878809417667275
63.08284209726517,1.8947893359493866
63.08677764172192,0.023439061139003414
63.09071318617868,0.08732575028629361
63.09464873063543,1.0493853866149205
63.09858427509217,1.9242189485829577
63.10251981954893,0.1911279201236075
63.10645536400568,1.3471863238379564
63.11039090846243,3.1974092397982887
63.11432645291918,3.0836608121474223
63.11826199737593,1.7116420396467054
63.12219754183268,0.5472603838452089
63.12613308628944,0.9223425112552761
63.13006863074619,1.9677572408705057
63.13400417520294,0.25548156407977357
63.13793971965968,2.4142011708266633
63.14187526411644,1.5849258804579585
63.14581080857319,1.197541603638586
63.14974635302994,0.669857800194836
63.15368189748669,1.764144123277074
63.15761744194344,5.675257711337653
63.1615529864002,1.9116629466127713
63.16548853085695,0.011064680119228485
63.1694240753137,0.5590485071893723
63.17335961977045,1.9376798984899108
63.1772951642272,1.4779646994883915
63.18123070868395,0.1576375261758541
63.1851662531407,0.4979921324252195
63.18910179759745,1.6022289484708532
63.19303734205421,1.2254101551914829
63.19697288651096,0.19245114308440095
63.20090843096771,0.06417184217371234
63.20484397542446,0.48097322456984154
63.20877951988121,0.8816488265195339
63.21271506433797,0.38769361126838714
63.21665060879471,0.047365333509892235
63.22058615325146,1.3164116319821721
63.22452169770821,2.350727665549352
63.22845724216496,1.5423668239968078
63.23239278662172,1.1071078710914843
63.23632833107847,1.6392989801951854
63.24026387553522,1.497358622759655
63.24419941999197,0.5241087573108417
63.24813496444872,1.754551893890418
63.25207050890548,2.7099143398424608
63.25600605336222,1.7556939653305523
63.25994159781897,0.8068513372948859
63.263877142275724,0.01322778070277028
63.26781268673248,0.5882140263912697
63.27174823118923,0.03794839974179296
63.27568377564598,0.9538755316185382
63.27961932010273,0.8480626900188363
63.28355486455949,0.6396565708374166
63.28749040901624,2.6909946358734143
63.29142595347299,2.0766093006930624
63.29536149792973,1.3510443029966503
63.299297042386485,0.5353962181346136
63.30323258684324,0.0014531265191025837
63.30716813129999,1.9733351206459948
63.31110367575674,4.761809478439001
63.31503922021349,0.7904898694654203
63.31897476467024,2.8657434399631025
63.322910309127,3.7574071346645073
63.32684585358375,0.03761588137184543
63.3307813980405,2.5425939052840043
63.334716942497245,0.8594546788898185
63.338652486954,0.36015347294825106
63.34258803141075,0.9319384569736541
63.3465235758675,0.31678357621979075
63.35045912032425,0.49721328834053635
63.354394664781005,0.9688547558817092
63.35833020923776,1.3244456176505666
63.36226575369451,2.4611773388167943
63.36620129815126,2.6587306257751497
63.37013684260801,2.1854875675164256
63.37407238706476,0.9613300837673788
63.37800793152151,0.3648135680340929
63.38194347597826,4.081009606593938
63.38587902043501,3.652043153087095
63.389814564891765,1.2557646887169704
63.39375010934852,0.3676196682397188
63.39768565380527,0.11211053320076017
63.40162119826202,0.39261445024337316
63.40555674271877,0.08203233395529093
63.40949228717552,0.8827942684002807
63.41342783163227,0.6442975433542499
63.41736337608902,0.20991948563706977
63.42129892054577,0.48454136645755813
63.425234465002525,0.8532936479699874
63.42917000945928,0.6790381988019856
63.43310555391603,1.4761008676833856
63.43704109837278,0.6201007569504615
63.44097664282953,0.43093810145080036
63.444912187286285,1.3794794564774036
63.44884773174303,0.5420210821495287
63.45278327619978,0.012311296178042528
63.45671882065653,0.2709116904588887
63.460654365113285,0.2409587501391121
63.46458990957004,0.9272903522933457
63.46852545402679,0.4808500277633655
63.47246099848354,0.30143455625819715
63.47639654294029,0.628819969609756
63.480332087397045,0.15315192885061774
63.4842676318538,0.9594438544056669
63.48820317631054,0.8786027841914306
63.492138720767294,0.3619975937667241
63.496074265224046,0.003214424394001524
63.5000098096808,0.6121324008543844
63.50394535413755,0.9624772507005543
63.5078808985943,0.19182741842481196
63.51181644305105,0.48005088589063527
63.515751987507805,1.009906942235798
63.51968753196456,0.18023974618906877
63.52362307642131,0.3527883064784597
63.52755862087805,0.5366492524933321
63.531494165334806,0.1499331574851502
63.53542970979156,0.00028883083395714733
63.53936525424831,0.13754551012076982
63.54330079870506,0.19832472017009514
63.54723634316181,0.5247374940473096
63.551171887618565,0.7413211984069884
63.55510743207532,0.2546143535921325
63.55904297653207,0.34725441957731196
63.56297852098882,0.47972367744765515
63.566914065445566,0.42273619071962426
63.57084960990232,0.7582980326777958
63.57478515435907,1.3718834296978109
63.57872069881582,1.1323356407426557
63.582656243272574,0.4474445564519162
63.586591787729326,0.4427819096086314
63.59052733218608,0.3904517319519741
63.59446287664283,0.610852214471806
63.59839842109958,1.4532571755388455
63.60233396555633,1.4205906198907714
63.60626951001308,0.07446875434514608
63.61020505446983,1.3628611769957415
63.61414059892658,2.1515934657410427
63.61807614338333,0.5962727832893079
63.622011687840086,2.4347568695889352
63.62594723229684,2.284943996241207
63.62988277675359,0.5119424969254279
63.63381832121034,0.8103334451600571
63.63775386566709,1.210750623241378
63.641689410123846,0.9168990748976641
63.64562495458059,0.021676630749860017
63.64956049903734,0.918102928540049
63.653496043494094,0.9641143251023714
63.657431587950846,0.04003835195808812
63.6613671324076,0.18056198518247732
63.66530267686435,0.35433579137106314
63.6692382213211,0.9758485853364604
63.673173765777854,1.233878983629411
63.677109310234606,0.8784260514699491
63.68104485469136,1.5748304615848794
63.6849803991481,1.5669624818560848
63.68891594360485,0.6322010911377866
63.692851488061606,0.09573536777584127
63.69678703251836,0.0009446942371704153
63.70072257697511,0.057295280806903194
63.70465812143186,0.2651934296352248
63.70859366588861,0.4878172324246323
63.712529210345366,0.34500431565224815
63.71646475480212,0.05500608917374329
63.72040029925887,1.6550432919662201
63.724335843715615,2.5552447210485636
63.72827138817237,0.6127485652543082
63.73220693262912,0.8043715598138905
63.73614247708587,1.8354222661478217
63.74007802154262,0.9884153223085453
63.744013565999374,0.14770384228486014
63.747949110456126,0.6524162177819898
63.75188465491288,2.5773385809055798
63.75582019936963,1.3550135389065765
63.75975574382638,0.6993002477983801
63.76369128828313,2.119575300388788
63.76762683273988,0.6201675608414874
63.77156237719663,1.087434294642518
63.77549792165338,3.0727428182930914
63.779433466110135,1.2445480648082514
63.78336901056689,0.9548125765710276
63.78730455502364,2.352067476881951
63.79124009948039,0.4251042868212114
63.79517564393714,0.9767622389769022
63.79911118839389,2.1055378734549763
63.80304673285064,0.07304268164197929
63.80698227730739,1.2343483623368539
63.81091782176414,1.7052459399996072
63.814853366220895,2.048843859739499
63.81878891067765,1.5942214353175748
63.8227244551344,0.42254762482036906
63.82665999959115,0.8850039677902817
63.8305955440479,2.1713479642731754
63.834531088504654,1.7307084738195984
63.838466632961406,1.7622801775354175
63.84240217741815,2.7571609723883532
63.8463377218749,1.6058514866643592
63.850273266331655,0.6171445709728489
63.85420881078841,2.1191849460850185
63.85814435524516,3.04141614303081
63.86207989970191,1.0492665055170742
63.86601544415866,0.6388615782864648
63.869950988615415,1.0493161119198058
63.87388653307217,0.0227347257563277
63.87782207752892,1.587144638548563
63.88175762198566,1.9568475934582028
63.885693166442415,1.4892855936550846
63.88962871089917,0.690690192624611
63.89356425535592,0.5472461615647541
63.89749979981267,0.8096529939393038
63.90143534426942,0.05807364641906013
63.905370888726175,1.1534761593712495
63.90930643318293,1.316725668672359
63.91324197763968,0.23204668155924155
63.91717752209643,0.9256196878056271
63.921113066553175,3.0415314169716705
63.92504861100993,2.7705338987837393
63.92898415546668,0.6701870076849793
63.93291969992343,0.027046502418501393
63.93685524438018,0.051317498528376054
63.940790788836935,0.5355169624503675
63.94472633329369,1.362769913693212
63.94866187775044,0.6496862020771894
63.95259742220719,0.7589351584116373
63.956532966663936,0.47321890940940164
63.96046851112069,0.4943642931553384
63.96440405557744,0.2805585887655443
63.96833960003419,0.2579508178278536
63.97227514449094,0.6607304088662262
63.976210688947695,0.7611463408387961
63.98014623340445,0.37693668221958737
63.9840817778612,0.5742514899145608
63.98801732231795,0.29127337703767137
63.9919528667747,0.9943591163175614
63.99588841123145,1.9118859024316328
63.9998239556882,0.9874585081538604
64.00375950014495,0.0629226557451142
64.0076950446017,0.07452451181866186
64.01163058905846,0.059266641358096096
64.01556613351521,0.13347610701125948
64.01950167797196,0.5192983177008142
64.02343722242871,0.48712224468101367
64.02737276688546,0.10648607612640883
64.03130831134222,0.11202111316803139
64.03524385579897,0.4448353697224996
64.03917940025572,0.8368330009844456
64.04311494471247,2.09242028072462
64.04705048916922,1.4141736283499717
64.05098603362597,0.15356220904102122
64.05492157808271,0.12289849850251722
64.05885712253946,2.2752806119294426
64.06279266699622,3.014983695196437
64.06672821145297,0.042966451615224555
64.07066375590972,2.5609392266418434
64.07459930036647,4.364308005533357
64.07853484482322,4.720762298288648
64.08247038927998,2.7792360289985054
64.08640593373673,0.14298244509883903
64.09034147819348,1.7092724279292408
64.09427702265023,0.8645493339015726
64.09821256710698,0.4875602671269542
64.10214811156374,1.5520451804183142
64.10608365602049,0.7092597403432191
64.11001920047724,0.1117933328880457
64.11395474493399,0.3271856863076452
64.11789028939074,0.6893784266982019
64.1218258338475,0.5306392231072824
64.12576137830425,1.3399729549355748
64.129696922761,0.6110779521417065
64.13363246721774,1.0032367543344831
64.13756801167449,1.0279389383703588
64.14150355613124,0.06387821370996587
64.14543910058799,0.4757743671852695
64.14937464504474,0.6328281222059082
64.1533101895015,3.370867228046007
64.15724573395825,0.6379392415686294
64.161181278415,1.5522469356355604
64.16511682287175,1.9476789903648866
64.1690523673285,0.11039117005206937
64.17298791178526,0.49135049308969336
64.17692345624201,0.39702207336763984
64.18085900069876,1.7119915614964
64.18479454515551,1.3569798680293113
64.18873008961226,1.1736007499101637
64.19266563406902,0.6418020534468626
64.19660117852577,0.609338737284426
64.20053672298252,1.1378019271722972
64.20447226743927,1.046824253946901
64.20840781189602,0.24586039041763774
64.21234335635276,0.11667608437571797
64.21627890080951,1.1167865144665765
64.22021444526627,2.728755524725898
64.22414998972302,1.5953494136789843
64.22808553417977,0.6012176806839783
64.23202107863652,0.9028425611489623
64.23595662309327,0.6521613367156689
64.23989216755002,0.016279624064405186
64.24382771200678,0.11194904693942904
64.24776325646353,0.06002848433693514
64.25169880092028,0.5728909762506208
64.25563434537703,0.01822004274177308
64.25956988983378,0.7795898049325952
64.26350543429054,0.7770331778894254
64.26744097874729,0.002594826246821116
64.27137652320404,0.13925115217444733
64.27531206766079,0.010355743791434701
64.27924761211754,0.2580316496551618
64.2831831565743,0.40217742694360703
64.28711870103105,0.5612009156755845
64.29105424548779,0.9648195865032075
64.29498978994454,1.0849378123482982
64.29892533440129,0.7102716989068905
64.30286087885804,0.4440873346209139
64.3067964233148,0.2792829546925885
64.31073196777155,0.4011786622648419
64.3146675122283,0.4345502122296943
64.31860305668505,0.047066289383890764
64.3225386011418,0.423379898737692
64.32647414559855,0.296112010751366
64.3304096900553,0.2344282738074733
64.33434523451206,0.18789055002048521
64.33828077896881,0.546529978283928
64.34221632342556,2.1283739569010787
64.34615186788231,1.312704929307602
64.35008741233906,0.024596175380131074
64.35402295679582,0.25173706949561536
64.35795850125257,0.0417314596361082
64.36189404570932,0.25575852610995614
64.36582959016607,0.3045881161020708
64.36976513462281,0.6114543531221099
64.37370067907956,1.1110709954369866
64.37763622353631,0.4114120275189545
64.38157176799307,0.3304519941201571
64.38550731244982,0.4818922898143091
64.38944285690657,0.028466835919036218
64.39337840136332,0.21025221607149103
64.39731394582007,0.18350970478938522
64.40124949027683,0.008863069729328227
64.40518503473358,0.23443140578112998
64.40912057919033,0.13153907768155965
64.41305612364708,0.16742683303256756
64.41699166810383,0.35918158037824344
64.42092721256058,0.3770928315874139
64.42486275701734,0.7732454115168439
64.42879830147409,0.08433696734346961
64.43273384593084,1.2861616526068829
64.43666939038759,2.8250363365968103
64.44060493484434,1.0111979778421079
64.4445404793011,1.0182317422353797
64.44847602375783,1.1931941156703798
64.45241156821459,0.3763669033053559
64.45634711267134,0.019415566936445153
64.46028265712809,0.42027837044682004
64.46421820158484,0.20576591243002948
64.4681537460416,3.9775880294506876
64.47208929049835,5.588278316713354
64.4760248349551,1.0515770688424566
64.47996037941185,2.4958056311400223
64.4838959238686,0.989591244773407
64.48783146832535,2.109997895562863
64.4917670127821,6.58814899855958
64.49570255723886,3.012590292394633
64.49963810169561,0.1318358525605674
64.50357364615236,0.5572598837584402
64.50750919060911,0.5819725848294109
64.51144473506587,1.6997869351636006
64.51538027952262,2.768696525000955
64.51931582397937,1.437688520539168
64.5232513684361,0.6972299093949039
64.52718691289286,0.053049004039454055
64.53112245734961,0.9766482472715653
64.53505800180636,0.7299344590295007
64.53899354626311,0.8252173394335646
64.54292909071987,6.47425261617261
64.54686463517662,7.384433285834545
64.55080017963337,2.389578381029369
64.55473572409012,1.2837661565488037
64.55867126854687,0.5166253278604083
64.56260681300363,0.6631176850684511
64.56654235746038,0.5823526694291905
64.57047790191713,0.1663356196955797
64.57441344637388,0.8837130222798862
64.57834899083063,2.2353718482979765
64.58228453528739,3.151393614882943
64.58622007974414,0.9508222162422287
64.59015562420089,0.27391069004981783
64.59409116865764,0.375939082712446
64.5980267131144,0.2840494583651576
64.60196225757113,0.44222306995513344
64.60589780202788,0.28077299105025016
64.60983334648463,0.037552513497878
64.61376889094139,0.5203683431173273
64.61770443539814,0.39231643415651923
64.62163997985489,0.11491519513381866
64.62557552431164,0.05287863275989304
64.6295110687684,0.10313895274901387
64.63344661322515,0.2431206007422804
64.6373821576819,0.07112128859738692
64.64131770213865,0.310134238823718
64.6452532465954,0.5209340076386543
64.64918879105215,0.79743041305416
64.6531243355089,1.027624160757855
64.65705987996566,0.0048666146439883895
64.66099542442241,0.9644736830569086
64.66493096887916,0.3963256877938637
64.66886651333591,0.9305181139369728
64.67280205779267,2.1501274114040694
64.67673760224942,2.056451594628856
64.68067314670616,2.0372819595667067
64.68460869116291,0.7998624027727722
64.68854423561966,0.8361181196934179
64.69247978007641,1.5845431035767727
64.69641532453316,1.1596108941029706
64.70035086898991,0.21173177616504402
64.70428641344667,0.11218389189791465
64.70822195790342,0.058773216681200745
64.71215750236017,0.40493330394621696
64.71609304681692,0.6079791326331839
64.72002859127367,0.6107178000590117
64.72396413573043,0.4591217944481824
64.72789968018718,0.5641833239800804
64.73183522464393,0.7333320428101305
64.73577076910068,0.16913125566281204
64.73970631355743,0.7076873738543541
64.74364185801419,1.3629666423289661
64.74757740247094,2.1981526403692753
64.75151294692769,1.5654221645298503
64.75544849138444,0.8328910386710479
64.75938403584118,0.16222044467250205
64.76331958029793,0.4673562778332565
64.76725512475468,1.3408226744413096
64.77119066921144,0.2216638284970919
64.77512621366819,0.2465770057078512
64.77906175812494,0.005202692977917206
64.78299730258169,0.7116093284750009
64.78693284703844,0.6443613745711342
64.7908683914952,0.01865688100169599
64.79480393595195,0.03565980868865233
64.7987394804087,0.8161496848429413
64.80267502486545,0.7150240910823112
64.8066105693222,0.0005732087192144911
64.81054611377895,0.09503580581534987
64.8144816582357,0.6143694674574058
64.81841720269246,1.0403317764598872
64.82235274714921,0.15045535569921303
64.82628829160596,0.7431829115366607
64.83022383606271,1.8828349592980502
64.83415938051947,1.1373879034804417
64.8380949249762,0.5978948306947881
64.84203046943296,3.400808964719238
64.84596601388971,1.7167368207702596
64.84990155834646,0.8210169768977988
64.85383710280321,0.7606715191979617
64.85777264725996,1.023566153458988
64.86170819171672,0.6914787427828153
64.86564373617347,5.458174773411384
64.86957928063022,4.772129020327777
64.87351482508697,0.837733676017915
64.87745036954372,0.028477142770079754
64.88138591400048,2.575302595994609
64.88532145845723,3.271974865265884
64.88925700291398,0.07552329384815094
64.89319254737073,1.4429172020271686
64.89712809182748,1.2223964118449093
64.90106363628423,0.6794658264861442
64.90499918074099,0.9173600391095054
64.90893472519774,0.9415688131447897
64.91287026965449,1.0994795465893346
64.91680581411123,0.7540287915925231
64.92074135856798,0.8320143056874346
64.92467690302473,1.0785660016414762
64.92861244748148,0.5421539840399164
64.93254799193824,2.720278512522655
64.93648353639499,1.122269851349955
64.94041908085174,0.13112434647427454
64.94435462530849,0.5238843101892059
64.94829016976524,0.0007912242056181445
64.952225714222,0.04739494175519517
64.95616125867875,0.44472721169791946
64.9600968031355,1.5198912774319993
64.96403234759225,0.6957603460787056
64.967967892049,0.4602248706811666
64.97190343650576,0.9839321959047462
64.97583898096251,0.8152893036206528
64.97977452541926,0.06466714662320598
64.98371006987601,2.0110074311930357
64.98764561433276,1.2990977996115691
64.99158115878951,0.9788322572217473
64.99551670324625,2.4074693109524334
64.999452247703,0.5211238134220354
65.00338779215976,0.6050935318415999
65.00732333661651,0.5104027356998815
65.01125888107326,0.09101835157086467
65.01519442553001,1.212024308634866
65.01912996998676,1.49717717603523
65.02306551444352,1.9756546181737002
65.02700105890027,1.386262666155563
65.03093660335702,0.24578557475731772
65.03487214781377,0.8422588453650446
65.03880769227052,0.529161940982859
65.04274323672728,1.3851247280223384
65.04667878118403,0.2958010687867959
65.05061432564078,1.5050179305482467
65.05454987009753,3.0430063860972405
65.05848541455428,0.5952996045966357
65.06242095901104,0.5150274808934956
65.06635650346779,1.1163777583489267
65.07029204792453,1.118219162929818
65.07422759238128,0.6759579973839783
65.07816313683803,0.990429082327243
65.08209868129478,1.622946081927186
65.08603422575153,1.2084666146610898
65.08996977020828,0.5046358978219393
65.09390531466504,0.2811568277169287
65.09784085912179,0.39823547424700534
65.10177640357854,0.432147206566965
65.10571194803529,2.7485038749606105
65.10964749249204,1.8870583023875915
65.1135830369488,0.12707001755092598
65.11751858140555,0.5869981861133432
65.1214541258623,0.8984956481694452
65.12538967031905,0.5499265021425975
65.1293252147758,0.10429527460995479
65.13326075923256,0.4052621817275444
65.13719630368931,1.419858438126041
65.14113184814606,1.3024371000728399
65.14506739260281,0.2256330279659016
65.14900293705955,1.572908256213086
65.1529384815163,1.547892423851151
65.15687402597305,0.26564456936160813
65.1608095704298,0.06696314526799053
65.16474511488656,0.4283057729560697
65.16868065934331,0.6821281919919818
65.17261620380006,0.9712120046316034
65.17655174825681,2.333924874273651
65.18048729271356,2.87469325506208
65.18442283717032,1.0509932281666647
65.18835838162707,0.052773318567965584
65.19229392608382,0.033485492552859236
65.19622947054057,1.0292486854057732
65.20016501499732,2.1962120421350213
65.20410055945408,1.4005139982265133
65.20803610391083,2.095024380330549
65.21197164836758,0.9335747459137622
65.21590719282433,0.12949909510154725
65.21984273728108,0.11180762958505669
65.22377828173784,0.859563295669468
65.22771382619457,2.7527735762512844
65.23164937065133,1.2553773891753235
65.23558491510808,0.2460229157125698
65.23952045956483,1.2336522036772313
65.24345600402158,1.494626434090705
65.24739154847833,0.3672919021593464
65.25132709293509,0.4601127035812835
65.25526263739184,1.3831007423954693
65.25919818184859,3.3180586512182906
65.26313372630534,4.562321414401506
65.2670692707621,3.4108147701936895
65.27100481521884,0.8605132050901264
65.2749403596756,0.3930216575726692
65.27887590413235,0.7001094443206041
65.2828114485891,1.1533468937358
65.28674699304585,0.4808274267059858
65.2906825375026,0.076205093969751
65.29461808195936,0.8533495417681005
65.29855362641611,2.548839579032131
65.30248917087286,1.8829104712911648
65.3064247153296,0.7324683577116596
65.31036025978635,1.086256256590626
65.3142958042431,2.5962982601611295
65.31823134869985,2.3109629495274135
65.3221668931566,0.3943445258437651
65.32610243761336,1.7009262538229362
65.33003798207011,3.4434051902064593
65.33397352652686,1.4648481848751236
65.33790907098361,0.14259861015631597
65.34184461544037,0.16261294575941382
65.34578015989712,0.907908266517209
65.34971570435387,1.3015409506068716
65.35365124881062,0.988215696388491
65.35758679326737,1.2766125926526244
65.36152233772413,2.3251165861057626
65.36545788218088,3.9491599226116687
65.36939342663763,1.596870326644817
65.37332897109438,0.797593588656548
65.37726451555113,2.4063670614753274
65.38120006000788,0.17892443097033198
65.38513560446462,1.105050982549169
65.38907114892137,0.575181750454862
65.39300669337813,1.1657563203749632
65.39694223783488,1.0356716258186547
65.40087778229163,0.03760168693195077
65.40481332674838,0.09797622409469392
65.40874887120513,0.5720094555720742
65.41268441566189,0.1311454258327031
65.41661996011864,1.4012048022007015
65.42055550457539,4.353328831855996
65.42449104903214,2.240784321658348
65.4284265934889,0.259621277437155
65.43236213794565,0.17315873454776126
65.4362976824024,0.17442459027853047
65.44023322685915,0.9754664383944063
65.4441687713159,1.1952472562895589
65.44810431577265,0.467599877190355
65.4520398602294,0.4502144509895251
65.45597540468616,1.9847012463970073
65.45991094914291,0.24625856092622536
65.46384649359965,3.5058813332924745
65.4677820380564,4.302587010869045
65.47171758251315,1.1370757173306925
65.4756531269699,0.1647517656947249
65.47958867142665,0.7897471162673372
65.4835242158834,2.535558685491319
65.48745976034016,0.536626451925338
65.49139530479691,0.6352474373354469
65.49533084925366,0.9288019124806799
65.49926639371041,0.7472275821153214
65.50320193816717,2.66564794014393
65.50713748262392,2.486338542375868
65.51107302708067,2.02020610751487
65.51500857153742,0.9685955612801735
65.51894411599417,0.7162988558218693
65.52287966045093,2.106355907751628
65.52681520490768,3.1592457159762266
65.53075074936443,1.596660977018831
65.53468629382118,0.9281899747371984
65.53862183827793,3.060059145591198
65.54255738273467,6.0926042858395775
65.54649292719142,1.6530485842106797
65.55042847164817,0.2885967680215126
65.55436401610493,0.16778706043302344
65.55829956056168,1.3114997589472612
65.56223510501843,2.0405850008691204
65.56617064947518,0.9529586422418198
65.57010619393193,1.2757725711305345
65.57404173838869,0.410721168781596
65.57797728284544,0.3069128098524722
65.58191282730219,0.38688290818229243
65.58584837175894,1.227268406107537
65.5897839162157,0.7743038803545722
65.59371946067245,0.6954367111992436
65.5976550051292,0.7436714325193676
65.60159054958595,1.6348511528949186
65.6055260940427,0.751262887099113
65.60946163849945,0.016169528147489065
65.6133971829562,0.2887234317958538
65.61733272741294,1.0387997271900482
65.6212682718697,0.6462459749186732
65.62520381632645,0.10363356544013105
65.6291393607832,0.9387252943316164
65.63307490523995,0.10528411315605807
65.6370104496967,1.81314246283436
65.64094599415345,1.3803751309056427
65.6448815386102,0.36434485763846325
65.64881708306696,1.7370424551447898
65.65275262752371,0.6131025796241979
65.65668817198046,0.02427168280182637
65.66062371643721,0.40391087263924386
65.66455926089397,0.5043422082448247
65.66849480535072,0.2868591596330456
65.67243034980747,0.42667952439517925
65.67636589426422,0.08048265438960844
65.68030143872097,0.37555241958085234
65.68423698317773,0.5338697187722468
65.68817252763448,2.3188234148564617
65.69210807209123,1.7061035891408778
65.69604361654797,0.026321544928472326
65.69997916100472,1.362940720547528
65.70391470546147,2.7355146980045926
65.70785024991822,2.807615378137973
65.71178579437498,0.9258624503619769
65.71572133883173,0.9715037281310699
65.71965688328848,4.1595950866639075
65.72359242774523,4.154260908917468
65.72752797220198,1.5993619371807066
65.73146351665874,0.06607194556232446
65.73539906111549,1.0906291597023263
65.73933460557224,0.6881517871031587
65.74327015002899,0.3186658363837748
65.74720569448574,0.09285292837198965
65.7511412389425,0.1319176028072563
65.75507678339925,0.42017465586437375
65.759012327856,0.6725346945855896
65.76294787231275,0.8982976937087663
65.7668834167695,0.6787021514144185
65.77081896122625,0.30205403544349213
65.77475450568299,0.15679719855129656
65.77869005013974,1.6194794908378256
65.7826255945965,0.7328999484987091
65.78656113905325,0.28073395966942405
65.79049668351,1.5467582726486688
65.79443222796675,0.5035475431454024
65.7983677724235,0.23469845903588202
65.80230331688026,0.5443457726211248
65.80623886133701,0.6471168835526202
65.81017440579376,0.5404733535748826
65.81410995025051,1.3273068875254557
65.81804549470726,1.7325090533683651
65.82198103916402,1.775714057716311
65.82591658362077,1.690459265679899
65.82985212807752,0.8942025721328386
65.83378767253427,0.7330152024184136
65.83772321699102,0.41486979408973224
65.84165876144777,3.640185369672242
65.84559430590453,3.089669955628904
65.84952985036128,0.11947626883675623
65.85346539481802,2.7489297944253916
65.85740093927477,2.0410470571013035
65.86133648373152,0.29045210428408874
65.86527202818827,0.4559708158136309
65.86920757264502,0.9931629807906714
65.87314311710178,0.8375819811827787
65.87707866155853,0.8004631115846471
65.88101420601528,1.0901283326354292
65.88494975047203,0.20506887937049828
65.88888529492878,0.2621258890549235
65.89282083938554,1.6334174997021553
65.89675638384229,3.473447725744422
65.90069192829904,2.5940263275103583
65.90462747275579,0.456492689074479
65.90856301721254,0.5059874691413501
65.9124985616693,0.29115108819541785
65.91643410612605,0.1540218960342474
65.9203696505828,1.2381873778632853
65.92430519503955,0.9847164036146289
65.9282407394963,0.8296516924492888
65.93217628395304,2.4845418378400277
65.93611182840979,1.6047013036651951
65.94004737286654,0.373992321192425
65.9439829173233,0.3334127285963515
65.94791846178005,0.1086330742441633
65.9518540062368,0.05536970317087569
65.95578955069355,0.1700774798456478
65.9597250951503,0.6077944974242407
65.96366063960706,1.5951921783025618
65.96759618406381,1.1981810944631772
65.97153172852056,0.4556810900545128
65.97546727297731,0.3928228225962802
65.97940281743406,1.3043070069462606
65.98333836189082,1.8128309859428706
65.98727390634757,1.1388582774422573
65.99120945080432,0.9867911717500955
65.99514499526107,0.9260519679737965
65.99908053971782,0.3223807463523138
66.00301608417458,0.8308711738396687
66.00695162863133,4.508282259950744
66.01088717308807,1.5438803376687393
66.01482271754482,1.6111509185200328
66.01875826200157,3.1354178094533496
66.02269380645832,0.3401235067774261
66.02662935091507,2.061022714893011
66.03056489537182,0.6535787929587401
66.03450043982858,3.5261466490765403
66.03843598428533,3.4483958284432927
66.04237152874208,1.8907031221041926
66.04630707319883,3.6559023648320657
66.05024261765558,3.624409236218762
66.05417816211234,1.3856189810003896
66.05811370656909,0.28782747779277046
66.06204925102584,0.6663724074148737
66.06598479548259,1.2877463762045527
66.06992033993934,0.266343458454925
66.0738558843961,0.6400947942089702
66.07779142885285,0.202729316406845
66.0817269733096,0.08131255589829599
66.08566251776635,0.012292546979560755
66.08959806222309,0.6583304010092593
66.09353360667984,1.0332383364580808
66.0974691511366,0.7936983073136995
66.10140469559335,0.8183531850788818
66.1053402400501,0.5395292699945372
66.10927578450685,0.21843257363745727
66.1132113289636,0.7316527598483316
66.11714687342035,0.8323735855518539
66.1210824178771,2.2323541375042795
66.12501796233386,1.3277105220264998
66.12895350679061,0.18514213900120619
66.13288905124736,0.6408841125632754
66.13682459570411,3.4392470387616347
66.14076014016086,2.026144436697785
66.14469568461762,0.0697741238476241
66.14863122907437,0.18772803755406436
66.15256677353112,0.7366398780221853
66.15650231798787,1.9730339575128204
66.16043786244462,0.34393107277618623
66.16437340690136,0.026698913426868132
66.16830895135811,0.0804043320341659
66.17224449581487,0.2706748571827672
66.17618004027162,0.037321525133882455
66.18011558472837,0.5734652050118433
66.18405112918512,1.0256281435694425
66.18798667364187,0.5884996552056535
66.19192221809863,0.14581064841384728
66.19585776255538,0.9349218924056968
66.19979330701213,0.1087814486190286
66.20372885146888,3.154072179028471
66.20766439592563,3.2481769775907874
66.21159994038238,0.404130431708507
66.21553548483914,0.021040127576174815
66.21947102929589,0.7733574853551134
66.22340657375264,1.7451240561010162
66.22734211820939,0.2780887682683731
66.23127766266614,0.6242312299188313
66.2352132071229,1.027291682909915
66.23914875157965,0.6216459078585669
66.24308429603639,1.650499390055662
66.24701984049314,1.8921924415765174
66.25095538494989,0.5846711720598247
66.25489092940664,0.22005880971172312
66.2588264738634,1.0412714012230015
66.26276201832015,0.45231445439463486
66.2666975627769,0.1552055914914232
66.27063310723365,0.48861593076506427
66.2745686516904,0.0204563646542006
66.27850419614715,0.5791218636009272
66.2824397406039,1.0273816372953737
66.28637528506066,1.2404076412203908
66.29031082951741,3.936635864968967
66.29424637397416,3.7742949006213418
66.29818191843091,0.8322511135708232
66.30211746288767,0.3630839823647471
66.30605300734442,0.2482053555067555
66.30998855180117,2.0264000806532136
66.31392409625792,2.934697883171003
66.31785964071467,0.8841910570071185
66.32179518517141,0.06254576860544622
66.32573072962816,0.5848105126750919
66.32966627408491,1.335394672407267
66.33360181854167,1.6613973889023945
66.33753736299842,0.680697258721955
66.34147290745517,0.00873009524767645
66.34540845191192,0.37307378862980745
66.34934399636867,0.6799197174918212
66.35327954082543,1.4892130005738682
66.35721508528218,0.9247092586450544
66.36115062973893,0.423470224738379
66.36508617419568,0.16871916981224733
66.36902171865243,0.07947179433638805
66.37295726310919,0.26519452379921105
66.37689280756594,0.3149222087127325
66.38082835202269,0.7831466067607954
66.38476389647944,0.23935796792644484
66.3886994409362,0.007717891623313241
66.39263498539295,0.21911349150671655
66.3965705298497,0.29477648064521156
66.40050607430643,0.5869579880244554
66.40444161876319,1.9936066439109357
66.40837716321994,1.0060901612295374
66.41231270767669,0.4403659469154294
66.41624825213344,1.8780944283896432
66.4201837965902,2.904257420287221
66.42411934104695,2.001507824132234
66.4280548855037,0.8738917234106335
66.43199042996045,0.29324181632681523
66.4359259744172,0.48800636348511506
66.43986151887395,2.952002756203319
66.4437970633307,1.8525041981577546
66.44773260778746,0.14008268155078252
66.45166815224421,0.5307012928844893
66.45560369670096,0.5517116868345879
66.45953924115771,0.8397346235814548
66.46347478561447,2.9362967211436164
66.46741033007122,3.366051663723159
66.47134587452797,0.8073206531491355
66.47528141898472,0.05048068157757329
66.47921696344146,0.08181764438775671
66.48315250789821,1.0169468782035003
66.48708805235496,1.7415512446061092
66.49102359681171,0.8413106586880833
66.49495914126847,0.42412747307213133
66.49889468572522,1.370182944002036
66.50283023018197,2.5014630690092607
66.50676577463872,2.1704584892088277
66.51070131909547,0.5502365587064816
66.51463686355223,0.13038169317771192
66.51857240800898,0.8650817653924556
66.52250795246573,0.5127560118469818
66.52644349692248,0.4504199739847055
66.53037904137923,0.560139406374851
66.53431458583599,0.7437516336873333
66.53825013029274,1.337510981448112
66.54218567474949,2.8802577408892915
66.54612121920624,1.6617840652939242
66.550056763663,0.7972893818248575
66.55399230811975,1.6342092210950574
66.55792785257648,0.939369694161373
66.56186339703324,0.16501674627442534
66.56579894148999,0.05774413281653446
66.56973448594674,0.11311893961030803
66.57367003040349,0.22480626416881186
66.57760557486024,0.6309723367020773
66.581541119317,0.7779213277492159
66.58547666377375,0.24322401374899721
66.5894122082305,0.6481782600204549
66.59334775268725,1.8949688387235997
66.597283297144,1.5136074496575282
66.60121884160075,0.5848884317850199
66.6051543860575,0.5586639130132505
66.60908993051426,4.091009449092859
66.61302547497101,3.5276287739421166
66.61696101942776,0.7225704729405572
66.62089656388451,0.3492918441339981
66.62483210834127,0.36871125099740526
66.62876765279802,0.17349821060250312
66.63270319725477,0.08963863210131534
66.63663874171151,1.8294408454051097
66.64057428616826,2.6745017712580355
66.64450983062501,0.1610517262373733
66.64844537508176,1.7840202842833965
66.65238091953852,2.6520804363256434
66.65631646399527,0.6571949942946175
66.66025200845202,0.3623892248373673
66.66418755290877,0.12675627819303523
66.66812309736552,0.6028328935591957
66.67205864182228,1.2457184150422227
66.67599418627903,1.4873562897324404
66.67992973073578,1.7254721152704324
66.68386527519253,0.05310101966343683
66.68780081964928,2.2470354983903
66.69173636410603,4.111305442015033
66.69567190856279,1.2454431151798244
66.69960745301954,0.5065179967591736
66.70354299747629,0.5919544547965779
66.70747854193304,0.9106173668235568
66.71141408638978,1.6110463031442592
66.71534963084653,2.5123513667982937
66.71928517530328,2.070517226142602
66.72322071976004,0.9693836435004285
66.72715626421679,0.5024730358572413
66.73109180867354,0.15479187262038466
66.73502735313029,0.11534083257429929
66.73896289758704,1.0064388991998336
66.7428984420438,1.220734859460913
66.74683398650055,1.1042185770728739
66.7507695309573,1.2109225109837265
66.75470507541405,0.6305229661741747
66.7586406198708,2.8085799778855454
66.76257616432756,1.2942127860377004
66.76651170878431,0.7108537396183953
66.77044725324106,1.2733401083834606
66.77438279769781,2.085347983395258
66.77831834215456,2.574176727148391
66.78225388661131,2.9368148014630298
66.78618943106807,2.4193440441935885
66.7901249755248,0.3067095290122649
66.79406051998156,2.205766145645586
66.79799606443831,0.5083736741361885
66.80193160889506,0.5228816606499508
66.80586715335181,0.5342650084405387
66.80980269780856,0.4304233927909039
66.81373824226532,0.8938159518077614
66.81767378672207,1.5596253495677308
66.82160933117882,1.659833047860037
66.82554487563557,2.5611374237252242
66.82948042009232,0.8408812453340738
66.83341596454908,1.0559402380000382
66.83735150900583,3.2360754774937073
66.84128705346258,2.5951020518626837
66.84522259791933,0.27635210392329357
66.84915814237608,0.23781687282796204
66.85309368683284,0.17957565452952387
66.85702923128959,1.1407917665743936
66.86096477574634,0.47640353932648405
66.86490032020309,0.6229943137384243
66.86883586465983,1.9661516969873414
66.87277140911658,1.0733322462009194
66.87670695357333,1.0052073923979568
66.88064249803008,0.3686720449073029
66.88457804248684,0.21278348322847007
66.88851358694359,0.663319587350932
66.89244913140034,1.0427090273522739
66.89638467585709,0.23259312399013118
66.90032022031384,0.5476538161333243
66.9042557647706,0.46707068163621385
66.90819130922735,0.15737260442275933
66.9121268536841,0.993661212256574
66.91606239814085,1.6732608566874154
66.9199979425976,1.0748033285516214
66.92393348705436,0.050211067371509675
66.92786903151111,0.464971469059152
66.93180457596786,0.43285911092653173
66.93574012042461,0.3378889651292529
66.93967566488136,2.3593369118679504
66.94361120933812,1.8724625013944682
66.94754675379485,0.2136674681940925
66.9514822982516,0.3003143846258065
66.95541784270836,0.23120246177690615
66.95935338716511,0.2640935784801705
66.96328893162186,0.6001392515649203
66.96722447607861,0.8625624877573275
66.97116002053536,0.9942830151666765
66.97509556499212,0.9372383636908131
66.97903110944887,0.3324668235573021
66.98296665390562,0.5148065056589903
66.98690219836237,2.525552576776029
66.99083774281912,1.1546173529431152
66.99477328727588,0.3072163662802109
66.99870883173263,1.6629051512951065
67.00264437618938,0.4264591642596469
67.00657992064613,0.2566047121739393
67.01051546510288,0.2607416221287453
67.01445100955964,0.5244847020756511
67.01838655401639,1.2592568811500378
67.02232209847314,0.6472145645010275
67.02625764292988,3.4896838873676606
67.03019318738663,3.2876623660476723
67.03412873184338,0.26332110547672255
67.03806427630013,1.463318570985023
67.04199982075689,1.1551909309808783
67.04593536521364,5.328579105078511
67.04987090967039,2.4321877480328014
67.05380645412714,1.8774247940168443
67.0577419985839,1.2177711383660148
67.06167754304064,0.8484767052735439
67.0656130874974,1.6721479669559753
67.06954863195415,0.3070593428075974
67.0734841764109,3.569836816967272
67.07741972086765,1.7986540735577976
67.0813552653244,2.575005212644752
67.08529080978116,0.9892745914211749
67.08922635423791,0.6354166629249116
67.09316189869466,2.1307715794552604
67.09709744315141,0.24316392885036348
67.10103298760816,0.5296610573198373
67.1049685320649,0.5543134675147943
67.10890407652165,0.1329435411041427
67.1128396209784,1.6062345062518857
67.11677516543516,1.3196947323086337
67.12071070989191,0.06835911473374794
67.12464625434866,0.15150136086003085
67.12858179880541,0.20606944666371432
67.13251734326217,1.1486055561804758
67.13645288771892,0.15626471206203155
67.14038843217567,1.1793417163343134
67.14432397663242,1.1490273475947035
67.14825952108917,1.2375730579295703
67.15219506554592,1.431097991276438
67.15613061000268,0.1601074819908167
67.16006615445943,2.4237510557110022
67.16400169891618,0.6961267176048105
67.16793724337293,0.14644801492771034
67.17187278782968,0.07551987082903337
67.17580833228644,0.3615506497697308
67.17974387674319,0.8114483286064129
67.18367942119993,0.864322481888107
67.18761496565668,1.0898023144385134
67.19155051011343,1.319917771018551
67.19548605457018,0.300901302035406
67.19942159902693,0.3431395262443103
67.20335714348369,1.1344259954367986
67.20729268794044,0.7918365556342866
67.21122823239719,0.3426930827235008
67.21516377685394,0.5727900295123519
67.2190993213107,0.8238177890915291
67.22303486576745,0.8916841544501237
67.2269704102242,0.46315013975548164
67.23090595468095,0.21558017419122955
67.2348414991377,1.3178956614710389
67.23877704359445,1.09192937273484
67.2427125880512,1.230334237617353
67.24664813250796,0.6552019500436085
67.25058367696471,0.2776797151517024
67.25451922142146,1.959717466608003
67.25845476587821,5.231425461222431
67.26239031033495,2.9503563855886497
67.2663258547917,0.06157692855007146
67.27026139924845,1.9388372681509844
67.2741969437052,1.0829386928883713
67.27813248816196,2.2704575427295226
67.28206803261871,2.7075837661807514
67.28600357707546,0.45680099207322805
67.28993912153221,0.06332747718726506
67.29387466598897,0.7067795635781375
67.29781021044572,1.4340749959540178
67.30174575490247,0.4804373427554262
67.30568129935922,0.767130558747568
67.30961684381597,2.9700679931144975
67.31355238827273,1.4436844689420347
67.31748793272948,0.15815555364030068
67.32142347718623,1.2277757279815746
67.32535902164298,0.31961031958707103
67.32929456609973,0.0936080614050964
67.33323011055649,0.10128075226074476
67.33716565501322,2.1339336627687615
67.34110119946997,1.7096794260916146
67.34503674392673,0.08635147198322253
67.34897228838348,1.9924608507935835
67.35290783284023,0.8329620124107285
67.35684337729698,0.1565377588436525
67.36077892175373,0.2927001778906764
67.36471446621049,0.005850083615393611
67.36865001066724,0.010784182621021845
67.37258555512399,0.03489749469387677
67.37652109958074,0.13274499034118026
67.3804566440375,0.24584427450267762
67.38439218849425,0.23217862824992563
67.388327732951,0.0009731073858330545
67.39226327740775,0.34316362195870154
67.3961988218645,0.5403032918747455
67.40013436632125,0.17442776082738595
67.404069910778,0.053227237369652805
67.40800545523476,0.6361685928627578
67.41194099969151,1.456092481494903
67.41587654414825,1.543237579423044
67.419812088605,0.6752277598564272
67.42374763306175,0.2496582943992322
67.4276831775185,0.6548340147892563
67.43161872197525,0.06924339748123705
67.435554266432,0.9676268339750368
67.43948981088876,1.2541836741994994
67.44342535534551,0.01645629566841116
67.44736089980226,2.1683278123029543
67.45129644425901,3.4703200999336485
67.45523198871577,1.5494583912621875
67.45916753317252,0.08290366048995236
67.46310307762927,0.798543756456533
67.46703862208602,0.5932633119051112
67.47097416654277,1.0954421595578006
67.47490971099953,3.0184439669547776
67.47884525545628,2.0853409158144167
67.48278079991303,0.6089405480724087
67.48671634436978,2.0328911371445875
67.49065188882653,0.4277096673880204
67.49458743328327,1.0613102083938797
67.49852297774002,1.8665610257765082
67.50245852219678,0.042404831152658896
67.50639406665353,0.6631907474044562
67.51032961111028,0.04074516812905637
67.51426515556703,0.2645790381674654
67.51820070002378,0.4093902330387456
67.52213624448054,1.4390690180073047
67.52607178893729,0.15524829162039577
67.53000733339404,1.0781817988602824
67.53394287785079,1.6868337053663076
67.53787842230754,0.21729666081285517
67.5418139667643,0.16499377587475567
67.54574951122105,0.33621147971152476
67.5496850556778,0.19311291320450175
67.55362060013455,0.46280893027422004
67.5575561445913,0.4117958763199561
67.56149168904805,0.1165868435174182
67.5654272335048,0.021024107339713494
67.56936277796156,0.10212386777994888
67.5732983224183,0.13520877774127604
67.57723386687505,0.1805423361979679
67.5811694113318,0.08227463311900829
67.58510495578855,0.7920220964836108
67.5890405002453,0.8610368777571454
67.59297604470206,0.08205849171337025
67.59691158915881,0.34491384762652505
67.60084713361556,0.4081922394140918
67.60478267807231,0.13377770948985865
67.60871822252906,0.21334193461235396
67.61265376698582,0.43101190334253553
67.61658931144257,0.5673987351234077
67.62052485589932,0.10263883279081945
67.62446040035607,2.110842853004102
67.62839594481282,1.4409428163264228
67.63233148926957,0.1564922673507194
67.63626703372633,0.3553886556753014
67.64020257818308,0.7303115437587749
67.64413812263983,0.9077398154933736
67.64807366709658,0.1494922174206242
67.65200921155332,0.37867477507737746
67.65594475601007,0.8357821901394338
67.65988030046682,0.039891399276737335
67.66381584492358,2.0499875431392813
67.66775138938033,1.468283460776666
67.67168693383708,0.25668315301547767
67.67562247829383,1.9189947102998466
67.67955802275058,0.90981192651981
67.68349356720734,0.2124287073615411
67.68742911166409,0.1026265149675383
67.69136465612084,0.8217670586814769
67.69530020057759,0.1852316749721346
67.69923574503434,0.1579580489291704
67.7031712894911,0.16316842161670314
67.70710683394785,0.032645507384708734
67.7110423784046,0.03755860199968827
67.71497792286135,0.3163885610414193
67.7189134673181,0.3145390703514639
67.72284901177485,0.050699115614896956
67.7267845562316,0.8548621571556677
67.73072010068834,0.7766735938226415
67.7346556451451,0.02190309353500113
67.73859118960185,0.9442404534309132
67.7425267340586,1.2218670738005277
67.74646227851535,0.09594557644585777
67.7503978229721,1.8345116660127163
67.75433336742886,2.457321716585199
67.75826891188561,0.4492500590599239
67.76220445634236,4.4004041955909345
67.76614000079911,4.724763181795886
67.77007554525586,2.3059076627347537
67.77401108971262,6.028015503150362
67.77794663416937,5.851349681676144
67.78188217862612,0.34954492431267004
67.78581772308287,1.9619981257053831
67.78975326753962,1.9250970942580081
67.79368881199638,0.09024386048519992
67.79762435645313,1.7561270691311748
67.80155990090988,1.2115042937614173
67.80549544536663,0.1327275676904089
67.80943098982337,0.5029746271300346
67.81336653428012,0.1887651496741935
67.81730207873687,0.23482620427862444
67.82123762319362,0.7591283716382515
67.82517316765038,0.5076547509633631
67.82910871210713,0.4927513743386994
67.83304425656388,0.2307126428598633
67.83697980102063,0.04454577206922251
67.84091534547738,0.34427323062217263
67.84485088993414,0.8416318049122974
67.84878643439089,0.6457125923284914
67.85272197884764,0.9268378405018992
67.85665752330439,0.31983033512420206
67.86059306776114,0.04919447753533801
67.8645286122179,0.2862378896961365
67.86846415667465,0.5151973240211404
67.8723997011314,0.05259985267388821
67.87633524558815,1.5236171102005103
67.8802707900449,2.7901618783297057
67.88420633450164,4.409132289826931
67.8881418789584,3.8056617751723394
67.89207742341515,0.8147528695608047
67.8960129678719,0.2350021785604329
67.89994851232865,0.8512850564000725
67.9038840567854,0.4516694155043021
67.90781960124215,0.1146103001408999
67.9117551456989,0.16184181204816422
67.91569069015566,1.1116371243202818
67.91962623461241,1.7271101901241437
67.92356177906916,0.4748047583761536
67.92749732352591,0.06020711250639926
67.93143286798266,0.2166167121297852
67.93536841243942,0.8996539240741733
67.93930395689617,1.9834960559248203
67.94323950135292,0.38080103603380167
67.94717504580967,0.9505071829709594
67.95111059026642,1.6899242153526506
67.95504613472318,0.19712839708425967
67.95898167917993,1.673918754548072
67.96291722363667,0.2365924979381591
67.96685276809342,0.5737035279666868
67.97078831255017,0.11174398799870698
67.97472385700692,1.6016100311472206
67.97865940146367,2.4690967693299957
67.98259494592043,0.22546807819762354
67.98653049037718,1.3940436136342673
67.99046603483393,0.984713019173077
67.99440157929068,0.0065738728727275245
67.99833712374743,0.6826014244276264
68.00227266820418,1.9759042073862356
68.00620821266094,2.317150369785923
68.01014375711769,0.5751562126750965
68.01407930157444,1.013789001670371
68.01801484603119,2.424197423399016
68.02195039048794,1.1494404815930848
68.0258859349447,1.9636797541390736
68.02982147940145,2.04297982834936
68.0337570238582,1.5513667629835937
68.03769256831495,2.029346709699192
68.04162811277169,0.6567841207331306
68.04556365722844,0.22395589380522524
68.0494992016852,1.5962491843378461
68.05343474614195,1.9048557922947922
68.0573702905987,0.9033160397195598
68.06130583505545,0.17356514604387793
68.0652413795122,0.6592129103886771
68.06917692396895,1.7282772081029112
68.0731124684257,1.831326438685797
68.07704801288246,1.14608054220207
68.08098355733921,0.7138802558993337
68.08491910179596,0.326006568035641
68.08885464625271,0.1533429528668716
68.09279019070947,0.07861218049222453
68.09672573516622,0.14586686096262255
68.10066127962297,0.5168561089341723
68.10459682407972,0.10563473508017632
68.10853236853647,0.10697547608142112
68.11246791299322,0.2363073997434282
68.11640345744998,0.2688757091255136
68.12033900190671,0.03748653736227421
68.12427454636347,0.43906129204725997
68.12821009082022,0.4661634327066177
68.13214563527697,0.6144422920272585
68.13608117973372,3.084339941795985
68.14001672419047,1.8572133492905092
68.14395226864723,0.6903778824600716
68.14788781310398,1.5398888171105531
68.15182335756073,1.4038436066825999
68.15575890201748,2.1392495778076723
68.15969444647423,0.1624260433389736
68.16362999093099,2.4568299664844027
68.16756553538774,4.051290191859463
68.17150107984449,0.7914393984244091
68.17543662430124,0.019953860365752113
68.179372168758,0.07348306872486937
68.18330771321475,0.059563993851630304
68.1872432576715,0.5244399405367064
68.19117880212825,0.6493428802733219
68.195114346585,0.17211946269816683
68.19904989104174,0.7060105531589737
68.20298543549849,0.6877056527503141
68.20692097995524,0.6774158573447814
68.210856524412,1.5131150644733233
68.21479206886875,0.9922038818307473
68.2187276133255,0.20875900375932951
68.22266315778225,2.3049638191516233
68.226598702239,2.31882642649217
68.23053424669575,2.7874158557964663
68.2344697911525,1.8231476832844182
68.23840533560926,0.014853733281194829
68.24234088006601,1.7620309281346418
68.24627642452276,1.4625785986193285
68.25021196897951,0.0561662005344093
68.25414751343627,0.016565736773035154
68.25808305789302,0.3964605224938321
68.26201860234977,1.3438276283148662
68.26595414680652,0.6853628411099316
68.26988969126327,3.3498603212476854
68.27382523572003,3.895821508821957
68.27776078017676,0.6612694654280068
68.28169632463351,0.2785383351745785
68.28563186909027,0.12892124413575426
68.28956741354702,2.063973642373782
68.29350295800377,2.086106395794489
68.29743850246052,0.6478624640194758
68.30137404691727,4.159575397307878
68.30530959137403,6.591343292554045
68.30924513583078,4.198274051535999
68.31318068028753,0.9575786517899993
68.31711622474428,1.1248850585658374
68.32105176920103,3.0245405939471603
68.32498731365779,1.3200792968057393
68.32892285811454,1.0850033234474818
68.33285840257129,4.639189491803736
68.33679394702804,5.070314303315866
68.3407294914848,3.9101737878981755
68.34466503594155,0.8593800766654173
68.3486005803983,0.2207973987070874
68.35253612485505,0.5629018405846615
68.35647166931179,0.027098331274341678
68.36040721376854,0.8453265518385054
68.36434275822529,2.2564301954430865
68.36827830268204,0.983758940833117
68.3722138471388,0.5057115360180161
68.37614939159555,0.8351178053351693
68.3800849360523,0.7080322925283613
68.38402048050905,1.4863653257103648
68.3879560249658,0.7847361526326111
68.39189156942255,0.1899764560289231
68.3958271138793,0.36314197235657875
68.39976265833606,0.9323184395444093
68.40369820279281,1.815860322545493
68.40763374724956,0.7088975473794721
68.41156929170631,7.627126886625246
68.41550483616307,7.362327271049043
68.41944038061982,0.5048484425882592
68.42337592507657,1.427508442721505
68.42731146953332,1.2158699656620733
68.43124701399006,0.5943790284470474
68.43518255844681,0.601090812768448
68.43911810290356,2.1485202802024763
68.44305364736032,1.364096704977568
68.44698919181707,0.21432905091456858
68.45092473627382,0.002420138668045377
68.45486028073057,0.07495287760159841
68.45879582518732,0.3433287550572726
68.46273136964408,0.9493095511089799
68.46666691410083,0.17161030904925215
68.47060245855758,0.46156552514483606
68.47453800301433,1.9456558678936646
68.47847354747108,3.6469061134113985
68.48240909192783,3.298449364160925
68.48634463638459,0.5045187542755502
68.49028018084134,0.25051463172610144
68.49421572529809,0.8874059473822818
68.49815126975484,0.5550680550482401
68.5020868142116,0.16273772011061238
68.50602235866835,0.9371968211139229
68.50995790312508,2.063433417152067
68.51389344758184,2.1407977040887123
68.51782899203859,0.7491548683280932
68.52176453649534,0.8013430853800022
68.52570008095209,1.5351517186368488
68.52963562540884,0.5175634249131652
68.5335711698656,0.032974624381518026
68.53750671432235,0.4654853701006799
68.5414422587791,0.5373622609439972
68.54537780323585,0.5376785525080918
68.5493133476926,0.7962671645069
68.55324889214936,0.20958577925674193
68.55718443660611,1.1994770424404646
68.56111998106286,3.6346574345912104
68.56505552551961,1.2415957054526061
68.56899106997636,0.2626739405527847
68.57292661443311,1.1581339784999976
68.57686215888987,0.09168073530552634
68.58079770334662,3.8415852354278024
68.58473324780337,6.398085641455659
68.58866879226011,2.4281162352867254
68.59260433671686,2.3879719650920235
68.59653988117361,1.1089393153140703
68.60047542563036,0.3459560247366362
68.60441097008712,0.8040274978334085
68.60834651454387,1.296551711604633
68.61228205900062,1.1363699910796026
68.61621760345737,0.06295438160872753
68.62015314791412,1.0704276132701083
68.62408869237088,0.276149571047497
68.62802423682763,0.07893219350354704
68.63195978128438,0.2619898854771384
68.63589532574113,1.6967327813824924
68.63983087019788,1.1250443294724495
68.64376641465464,0.05654110187138942
68.64770195911139,0.7159247309029125
68.65163750356814,2.0530547468164
68.65557304802489,0.9581143868455624
68.65950859248164,0.24258626987417534
68.6634441369384,0.18784777626417726
68.66737968139513,0.29073116739385746
68.67131522585188,0.035542771877453846
68.67525077030864,0.32379015579062476
68.67918631476539,0.5749297998319864
68.68312185922214,0.396237879580304
68.68705740367889,0.16838922932906383
68.69099294813564,0.3514950699382727
68.6949284925924,1.783153167260407
68.69886403704915,2.436087258416425
68.7027995815059,0.5205589989971217
68.70673512596265,0.09445467331509837
68.7106706704194,0.2080746241060429
68.71460621487616,0.015026161127382302
68.71854175933291,0.35593143368188057
68.72247730378966,1.07575115228016
68.72641284824641,0.6354140130276935
68.73034839270316,0.25633849014534166
68.73428393715992,0.11883267074243802
68.73821948161667,0.1835440703132535
68.74215502607342,0.11817082219010751
68.74609057053016,1.3183021332478875
68.75002611498691,0.5768679307340706
68.75396165944366,1.9004424747232538
68.75789720390041,2.7326748209966834
68.76183274835716,0.2112885785508586
68.76576829281392,0.49842140488467557
68.76970383727067,0.3983966437507184
68.77363938172742,0.7985387113844143
68.77757492618417,1.428554867135949
68.78151047064092,0.5663962406693372
68.78544601509768,1.1927032861753564
68.78938155955443,0.8804020281401023
68.79331710401118,0.1286727232157201
68.79725264846793,0.31802617691478696
68.80118819292468,0.3071260501304985
68.80512373738144,2.289695741049598
68.80905928183819,1.0887692968613059
68.81299482629494,0.034941832555901706
68.81693037075169,0.11639072169873729
68.82086591520844,0.02948166928118134
68.82480145966518,0.03396935431783824
68.82873700412193,1.2947511698080232
68.83267254857869,1.2489970897095979
68.83660809303544,2.626190769036597
68.84054363749219,7.750525625495652
68.84447918194894,2.92079027408192
68.8484147264057,0.7033337649287545
68.85235027086244,3.267254463882092
68.8562858153192,2.734436227587679
68.86022135977595,1.6770399019876456
68.8641569042327,0.44012126108139904
68.86809244868945,0.3169949571247421
68.8720279931462,0.4478980962219505
68.87596353760296,0.524570551787256
68.87989908205971,0.9588814327460219
68.88383462651646,1.0024466397939855
68.88777017097321,0.13663493769464394
68.89170571542996,0.32529563021217756
68.89564125988672,0.4553618301583707
68.89957680434347,0.42543835223223253
68.9035123488002,0.29213350993548165
68.90744789325696,0.18888133530723522
68.91138343771371,0.8548917607991176
68.91531898217046,0.1590992043398813
68.91925452662721,0.59850247843601
68.92319007108397,1.231397304291807
68.92712561554072,0.4917027477175283
68.93106115999747,0.2825696208956441
68.93499670445422,0.07743241597008658
68.93893224891097,0.4710751616519076
68.94286779336772,0.4918831438790188
68.94680333782448,0.1268485223364673
68.95073888228123,1.2172174432917877
68.95467442673798,0.30729774360978357
68.95860997119473,0.8710047239424152
68.96254551565148,0.6104207552827317
68.96648106010824,0.2403335803523382
68.97041660456499,1.019754797800929
68.97435214902174,2.445193207217418
68.97828769347848,3.7367919098791638
68.98222323793523,3.3070076372687787
68.98615878239198,2.7483096298644534
68.99009432684873,0.3561786573699235
68.99402987130549,0.9708268122809511
68.99796541576224,3.750227636029387
69.00190096021899,2.492902314909504
69.00583650467574,0.38847508278424414
69.0097720491325,1.788334441486134
69.01370759358925,1.2467386474667135
69.017643138046,1.4612706673090499
69.02157868250275,0.8361234345502767
69.0255142269595,1.7135756773186437
69.02944977141625,7.212014294045609
69.033385315873,6.805365962685495
69.03732086032976,2.0315370132195216
69.04125640478651,0.3885172852285609
69.04519194924326,0.8805791310645132
69.04912749370001,1.5935826980203032
69.05306303815676,1.642487695124671
69.0569985826135,1.0075297817489426
69.06093412707025,0.8036101116959921
69.064869671527,1.4947655345637358
69.06880521598376,1.8612602424069706
69.07274076044051,0.344709415195193
69.07667630489726,0.6127378224820775
69.08061184935401,2.1746770245210434
69.08454739381077,1.4292760924932166
69.08848293826752,3.48556813450882
69.09241848272427,3.286926276255778
69.09635402718102,0.10274122473979379
69.10028957163777,1.6469669204047626
69.10422511609453,0.8448336750942537
69.10816066055128,0.5301821782895493
69.11209620500803,0.42089570649064023
69.11603174946478,0.14257723779119494
69.11996729392153,0.47070652089523535
69.12390283837829,0.15935268598131105
69.12783838283504,0.4242298072241542
69.13177392729179,0.09146228569137345
69.13570947174853,0.2901943375460021
69.13964501620528,0.1108721460135153
69.14358056066203,0.0635964398116624
69.14751610511878,0.17620246129751654
69.15145164957553,0.4185175574416564
69.15538719403229,0.18100028058884476
69.15932273848904,0.27303446406801357
69.16325828294579,1.0179039818943445
69.16719382740254,5.741929801612733
69.1711293718593,2.2148460620733843
69.17506491631605,0.2870807875186555
69.1790004607728,0.6105953280968104
69.18293600522955,0.8378123270655597
69.1868715496863,1.9057486436123023
69.19080709414305,0.12503974403945528
69.1947426385998,2.964405460959687
69.19867818305656,0.938829512576828
69.20261372751331,0.18602522247930128
69.20654927197006,0.8459790826489132
69.21048481642681,4.211607310451287
69.21442036088355,4.523938125179121
69.2183559053403,0.907403550417864
69.22229144979705,1.086379732195373
69.2262269942538,0.8264454191725569
69.23016253871056,0.3492321726903418
69.23409808316731,0.38401312945092675
69.23803362762406,0.1839748544534243
69.24196917208081,0.3514238604858657
69.24590471653757,1.481921541814256
69.24984026099432,0.9538822497895352
69.25377580545107,0.16238354413870246
69.25771134990782,0.3847501103834946
69.26164689436457,1.6578160683941998
69.26558243882133,2.027027883791373
69.26951798327808,1.4804793768193836
69.27345352773483,2.625790101420861
69.27738907219158,2.3192822600513017
69.28132461664833,0.8869077988837
69.28526016110509,1.8732344166562902
69.28919570556184,1.0094595857856996
69.29313125001858,0.44171035639362594
69.29706679447533,1.9596464246593532
69.30100233893208,1.1403594765346412
69.30493788338883,0.05568552755152693
69.30887342784558,0.5340988182665054
69.31280897230234,2.0324923892559177
69.31674451675909,0.8928478696675443
69.32068006121584,0.29509509745669643
69.32461560567259,1.930590046286956
69.32855115012934,1.341948713797963
69.3324866945861,0.03988738150729377
69.33642223904285,0.46823187654209114
69.3403577834996,0.30391605194389826
69.34429332795635,0.11738000842726218
69.3482288724131,0.15861780369382825
69.35216441686985,2.2288907887748346
69.3560999613266,5.540419276665844
69.36003550578336,2.292486515672687
69.36397105024011,0.2612244719859488
69.36790659469686,0.7403111584429988
69.3718421391536,2.4852003692988416
69.37577768361035,1.9500387709836975
69.3797132280671,0.44508696659812014
69.38364877252386,0.08847103386830302
69.38758431698061,0.5155689580981214
69.39151986143736,1.5663752234392496
69.39545540589411,1.0671322939303949
69.39939095035086,0.4996681136266106
69.40332649480762,0.2705218080052642
69.40726203926437,0.46703692730402785
69.41119758372112,0.6868602017581976
69.41513312817787,0.6292080978568311
69.41906867263462,1.365397940349097
69.42300421709137,1.1934636822101128
69.42693976154813,1.8154102074309146
69.43087530600488,3.525462682444513
69.43481085046163,2.0382088909554144
69.43874639491838,1.0067664124986315
69.44268193937513,0.27139174600643673
69.44661748383189,0.894080573367993
69.45055302828862,2.105522599440095
69.45448857274538,0.5561882526991445
69.45842411720213,0.29458964311423724
69.46235966165888,0.9139766146541709
69.46629520611563,0.45096958971054224
69.47023075057238,0.8893181681228592
69.47416629502914,0.7755655391589861
69.47810183948589,1.2310054319522674
69.48203738394264,2.141050263012958
69.48597292839939,1.1112049563427389
69.48990847285614,0.11272945425583158
69.4938440173129,1.4420174315571659
69.49777956176965,1.3959474911252285
69.5017151062264,0.0773105188227285
69.50565065068315,1.9037574486009756
69.5095861951399,1.9609053868341486
69.51352173959665,0.3406204760266002
69.5174572840534,0.4371884556650517
69.52139282851016,0.019034679340402
69.5253283729669,0.6067246792647802
69.52926391742365,1.1939595105844967
69.5331994618804,0.5393776918896065
69.53713500633715,0.22762827428166116
69.5410705507939,0.3994548157426812
69.54500609525066,0.27795157419838223
69.54894163970741,0.06406399613209753
69.55287718416416,0.09734059194305292
69.55681272862091,0.09964744176511278
69.56074827307766,0.8911373444736871
69.56468381753442,1.2199531978961733
69.56861936199117,0.19542754654256336
69.57255490644792,0.5756531412990188
69.57649045090467,1.6442096623715703
69.58042599536142,0.7261001749701529
69.58436153981818,0.22269981399687686
69.58829708427493,0.7730637313687739
69.59223262873168,0.38718574521246
69.59616817318843,1.0559868603437577
69.60010371764518,1.2084330195552289
69.60403926210192,0.5314505648786554
69.60797480655867,0.018068883142745747
69.61191035101542,0.17494306734921186
69.61584589547218,0.08670895059082574
69.61978143992893,0.13861699467474822
69.62371698438568,0.40180261622901164
69.62765252884243,0.19620509940019798
69.63158807329918,0.028255819532730774
69.63552361775594,0.3637937667677123
69.63945916221269,0.4004289347945584
69.64339470666944,0.09608976096013451
69.64733025112619,0.2856237657151083
69.65126579558294,1.2664283419764768
69.6552013400397,0.927782393179604
69.65913688449645,0.11832593855862514
69.6630724289532,0.019939620286928895
69.66700797340995,0.44935456266164037
69.6709435178667,0.685598922074234
69.67487906232346,0.13288192822830414
69.67881460678021,0.6680312907835242
69.68275015123695,0.8008706431429501
69.6866856956937,0.08585985825794569
69.69062124015045,0.2673703886356642
69.6945567846072,0.2874528989395385
69.69849232906395,0.14289497845402666
69.7024278735207,1.3031172581905581
69.70636341797746,1.5991016297514664
69.71029896243421,1.7983518036586938
69.71423450689096,1.0145939812409186
69.71817005134771,0.1835420748292208
69.72210559580446,1.6325124659229813
69.72604114026122,5.236134112559529
69.72997668471797,4.85722662055393
69.73391222917472,0.8569714670282476
69.73784777363147,0.08260989246384773
69.74178331808822,0.018839807484499448
69.74571886254498,0.7506347374602448
69.74965440700173,1.687565670075069
69.75358995145848,0.8968205577722537
69.75752549591523,0.6162194695363982
69.76146104037197,0.4647677094564618
69.76539658482872,0.10384198821942496
69.76933212928547,0.19070595755461886
69.77326767374223,0.12939511310290086
69.77720321819898,0.8039565630881574
69.78113876265573,2.0924732883519686
69.78507430711248,2.3774239855463346
69.78900985156923,1.6505344619393123
69.79294539602598,0.667230073612013
69.79688094048274,0.33113242583668584
69.80081648493949,0.2966119178522212
69.80475202939624,0.045087687944102624
69.80868757385299,0.27332612216680635
69.81262311830974,1.0607291396038454
69.8165586627665,1.1486582098525038
69.82049420722325,0.2759581883505444
69.82442975168,0.798503275505158
69.82836529613675,1.5789359635298206
69.8323008405935,0.2676515491245732
69.83623638505026,0.8916193864440183
69.840171929507,2.4624935074632153
69.84410747396375,1.4603892392113154
69.8480430184205,0.17747662834151748
69.85197856287725,0.4924701223187461
69.855914107334,2.0939893647522094
69.85984965179075,3.269872128074566
69.8637851962475,4.435346120814937
69.86772074070426,5.148566212195718
69.87165628516101,1.982809558500999
69.87559182961776,0.18601392060578978
69.87952737407451,1.225006218944287
69.88346291853127,2.709898317984417
69.88739846298802,2.331983058425121
69.89133400744477,0.9225953398001455
69.89526955190152,2.2211553421362864
69.89920509635827,1.3695395753017672
69.90314064081502,0.5329010431109109
69.90707618527178,0.14735888756066967
69.91101172972853,2.5758258040683844
69.91494727418528,1.2677433060731917
69.91888281864202,2.6111018381127127
69.92281836309877,5.581179895536261
69.92675390755552,1.0553105959234126
69.93068945201227,0.49784372206961014
69.93462499646903,1.6663490947183668
69.93856054092578,2.0643208570441454
69.94249608538253,3.9546500224582917
69.94643162983928,6.3359925056185205
69.95036717429603,3.687331245639978
69.95430271875279,0.6288497214985195
69.95823826320954,0.2805481377443404
69.96217380766629,0.1912625226908358
69.96610935212304,1.8769759843858465
69.9700448965798,1.6529064312571968
69.97398044103655,0.07472650062309544
69.9779159854933,0.5845870030030994
69.98185152995005,1.552558698749327
69.9857870744068,1.7924945694780228
69.98972261886355,0.9495994764311183
69.9936581633203,0.2409548956516103
69.99759370777704,0.5482634220662836
70.0015292522338,0.17070198127623346
70.00546479669055,0.0279333953817739
70.0094003411473,0.060062232603502276
70.01333588560405,1.1209108729044444
70.0172714300608,2.5330172924639482
70.02120697451755,2.2938699291479634
70.0251425189743,1.9683365511846354
70.02907806343106,2.1142543532024316
70.03301360788781,1.7323340941544543
70.03694915234456,0.9405632568773887
70.04088469680131,1.5923405774207327
70.04482024125807,2.0892708896315204
70.04875578571482,0.9252210092268097
70.05269133017157,0.049972070561401065
70.05662687462832,0.06303674529542437
70.06056241908507,0.2202204217260473
70.06449796354183,0.3226191751685906
70.06843350799858,0.05546342404317196
70.07236905245531,0.05645071752732849
70.07630459691207,0.025269060366538403
70.08024014136882,0.009009543190819534
70.08417568582557,0.3052400291640311
70.08811123028232,0.8043572967710862
70.09204677473907,0.35982165263707083
70.09598231919583,0.01855425053537938
70.09991786365258,0.2077541479059099
70.10385340810933,1.316013533901093
70.10778895256608,1.4919475424357163
70.11172449702283,0.7055882310456711
70.11566004147959,0.4608683973497875
70.11959558593634,0.27778749907139627
70.12353113039309,0.01937849038435937
70.12746667484984,0.04456219998845287
70.1314022193066,0.08816228889492021
70.13533776376335,0.24328700428771877
70.1392733082201,0.20074925518129863
70.14320885267685,0.29128931364460126
70.1471443971336,0.12770360866844258
70.15107994159034,0.03273356273083791
70.15501548604709,0.016986175450094062
70.15895103050384,0.1541360180647331
70.1628865749606,0.34591895664384537
70.16682211941735,0.3386797265343097
70.1707576638741,0.3097531571799241
70.17469320833085,0.08317613374464307
70.1786287527876,0.07108503335503624
70.18256429724435,0.4705516703800877
70.1864998417011,0.722634670668484
70.19043538615786,0.31872643017737734
70.19437093061461,0.2994260230679601
70.19830647507136,0.1525375743506301
70.20224201952811,0.007240068920654797
70.20617756398487,0.06286788302331264
70.21011310844162,0.10966703746927528
70.21404865289837,0.04349531640465009
70.21798419735512,0.05767167904848422
70.22191974181187,0.7293763494087784
70.22585528626863,1.2876767475576543
70.22979083072536,0.12525674571178652
70.23372637518212,0.661010004671008
70.23766191963887,0.5081789399437525
70.24159746409562,0.4819956968797626
70.24553300855237,0.9133175360140632
70.24946855300912,0.15722846735889565
70.25340409746588,1.1031765804985885
70.25733964192263,1.2787031074555626
70.26127518637938,0.6609649159673845
70.26521073083613,0.8680230197950586
70.26914627529288,1.0482562002342228
70.27308181974963,1.353899809594378
70.27701736420639,0.9879995744722675
70.28095290866314,0.17378409583550403
70.28488845311989,0.03763271581520602
70.28882399757664,0.3967550133368928
70.2927595420334,0.867851460274864
70.29669508649015,0.32221888511804475
70.3006306309469,0.9697042077187892
70.30456617540365,0.19462719563870812
70.30850171986039,1.5201525848054944
70.31243726431714,3.7134490421930657
70.31637280877389,0.7141872960616144
70.32030835323064,2.0754165572590715
70.3242438976874,3.2261605510794187
70.32817944214415,0.5869629158833592
70.3321149866009,0.7679949696759882
70.33605053105765,1.2124623626430469
70.3399860755144,0.43008887996261413
70.34392161997116,1.8997833689090682
70.34785716442791,1.9882990578684203
70.35179270888466,0.0629063995855633
70.35572825334141,0.5983256452101162
70.35966379779816,0.20200436577246358
70.36359934225491,1.0072720490664189
70.36753488671167,1.3675827021948868
70.37147043116842,0.039379474860541
70.37540597562517,0.590094224260329
70.37934152008192,0.4606954469562723
70.38327706453867,0.10879697142330402
70.38721260899541,0.10813223947549905
70.39114815345216,0.5759510715798944
70.39508369790892,1.7959425356695475
70.39901924236567,1.6920373099927748
70.40295478682242,0.8755887145976761
70.40689033127917,0.49922858699675293
70.41082587573592,0.3070061741190712
70.41476142019268,0.19715534839800003
70.41869696464943,0.07449831152234974
70.42263250910618,0.5906581819913087
70.42656805356293,1.218316546160467
70.43050359801968,2.0459882774442817
70.43443914247644,1.5170837482914157
70.43837468693319,0.49141840427411837
70.44231023138994,0.8168569129717035
70.44624577584669,1.1263650012029889
70.45018132030344,0.6407142197465248
70.4541168647602,0.20330818038198822
70.45805240921695,0.0012847712724338906
70.4619879536737,0.46847993047118214
70.46592349813044,0.58484017281414
70.46985904258719,0.056938839924697116
70.47379458704394,1.0170895730441316
70.47773013150069,0.7927943577073973
70.48166567595744,0.16745556576533
70.4856012204142,0.028667774252681095
70.48953676487095,0.30009661171533253
70.4934723093277,0.36926690328586176
70.49740785378445,0.42008391128930334
70.5013433982412,0.22686063300462472
70.50527894269796,0.02306251606580882
70.50921448715471,0.8621925156822281
70.51315003161146,1.918650729236512
70.51708557606821,0.7852612192542323
70.52102112052496,0.06794373926660403
70.52495666498172,0.2814496591894927
70.52889220943847,0.9056326619340082
70.53282775389522,1.5152428957410844
70.53676329835197,1.014250848886307
70.54069884280872,1.0744051792009126
70.54463438726546,0.7924819762999966
70.54856993172221,0.19921087626749368
70.55250547617896,0.2483081694082654
70.55644102063572,0.9052682263754945
70.56037656509247,1.90061303339974
70.56431210954922,2.0588388944489777
70.56824765400597,0.5852741712405691
70.57218319846272,0.45867851633492757
70.57611874291948,1.304517407640254
70.58005428737623,1.6879099622750235
70.58398983183298,0.5249953279372122
70.58792537628973,0.3102706040303172
70.59186092074648,0.8255789570351331
70.59579646520324,0.7768089895430321
70.59973200965999,0.48440589504776965
70.60366755411674,3.0171885010078934
70.60760309857349,4.557519503063264
70.61153864303024,2.1342768709045346
70.615474187487,0.5621655458953488
70.61940973194373,0.07758701584942113
70.62334527640049,0.2985333300426619
70.62728082085724,0.15650968340161206
70.63121636531399,0.27409759022479135
70.63515190977074,2.5561118269636354
70.6390874542275,5.005455441101657
70.64302299868424,4.087640642130528
70.646958543141,1.0233853373899715
70.65089408759775,0.2088729118503549
70.6548296320545,0.007910918094094558
70.65876517651125,0.5206741637961186
70.662700720968,0.5343663528481102
70.66663626542476,4.515936742080285
70.67057180988151,5.880764735873472
70.67450735433826,0.41934455860170067
70.67844289879501,0.5640698255065034
70.68237844325176,0.07107952545762673
70.68631398770852,4.020553552803432
70.69024953216527,3.262817271232851
70.69418507662202,1.1888803150107479
70.69812062107876,0.8232438610456713
70.70205616553551,1.146191278045272
70.70599170999226,3.9358110499526058
70.70992725444901,3.419253342864796
70.71386279890577,4.289309750125068
70.71779834336252,1.296986405391926
70.72173388781927,3.498569140676857
70.72566943227602,2.946331174950169
70.72960497673277,0.25851583452050053
70.73354052118952,0.11877441343230788
70.73747606564628,0.03643923198222457
70.74141161010303,0.5945377633426735
70.74534715455978,2.3232354346478523
70.74928269901653,2.046802757861304
70.75321824347328,2.950902958374571
70.75715378793004,3.0379163530983826
70.76108933238679,1.0107964490837291
70.76502487684354,0.3410054208145634
70.76896042130029,0.9784690147084824
70.77289596575704,1.9185019536262282
70.77683151021378,0.8038580396748018
70.78076705467053,0.04918548191592201
70.78470259912729,0.18234971471062272
70.78863814358404,0.1405399078807347
70.79257368804079,0.25019745403616395
70.79650923249754,0.6338390273512379
70.8004447769543,0.004119793298104682
70.80438032141105,0.682576623797227
70.8083158658678,0.5761818989637605
70.81225141032455,0.8023362630914567
70.8161869547813,0.2792440566923185
70.82012249923805,0.033823179756434694
70.8240580436948,0.01645549248034477
70.82799358815156,0.1951456905307605
70.83192913260831,0.1943122599569745
70.83586467706506,0.35793831781055524
70.83980022152181,0.05034724570011009
70.84373576597856,0.2726204318128996
70.84767131043532,0.23522070667105166
70.85160685489207,0.25596209710372686
70.8555423993488,0.8434177697778007
70.85947794380556,0.529486917174427
70.86341348826231,0.8453335529285112
70.86734903271906,0.5276976389048978
70.87128457717581,0.1197088398946728
70.87522012163257,0.010954709806393985
70.87915566608932,0.0935747789332751
70.88309121054607,0.05713044163022375
70.88702675500282,0.3121613830509844
70.89096229945957,0.5194560994024713
70.89489784391633,0.05782114605278206
70.89883338837308,0.13449888865389534
70.90276893282983,0.23591409270864688
70.90670447728658,0.09635934245664322
70.91064002174333,0.21896979544469408
70.91457556620009,0.42508114058999924
70.91851111065684,0.3689935479821149
70.92244665511359,0.9194573280602176
70.92638219957034,0.7842982797646032
70.93031774402709,0.4009503688401109
70.93425328848383,0.11086853863992785
70.93818883294058,0.14679658015043667
70.94212437739733,0.105377106805235
70.94605992185409,1.6311656074767318
70.94999546631084,0.6467504316718601
70.95393101076759,1.1090018102938657
70.95786655522434,4.133559860478594
70.9618020996811,1.1078521137390962
70.96573764413785,1.5726089802952177
70.9696731885946,2.2921705807738215
70.97360873305135,0.8382944623164619
70.9775442775081,0.35000779112957525
70.98147982196485,0.07481853435468411
70.9854153664216,0.23887419408807012
70.98935091087836,0.5666569482772215
70.99328645533511,0.6285214032368921
70.99722199979186,0.04402890466139719
71.00115754424861,0.940687858236529
71.00509308870537,1.2644409878233374
71.00902863316212,0.11739061904232333
71.01296417761885,0.5287083796750417
71.0168997220756,0.7773209457978375
71.02083526653236,0.649276314043046
71.02477081098911,1.111430448645498
71.02870635544586,0.7247702624543066
71.03264189990261,0.18726330575955258
71.03657744435937,0.8935754308435689
71.04051298881612,0.7763863328696957
71.04444853327287,0.048038729424048826
71.04838407772962,0.2681259054398732
71.05231962218637,0.017198225788405772
71.05625516664313,0.37537865879769905
71.06019071109988,0.7462449538957868
71.06412625555663,1.0081233857086123
71.06806180001338,0.3943738488359607
71.07199734447013,0.16745113840047665
71.07593288892689,0.37266127076218813
71.07986843338364,1.1100039829062058
71.08380397784039,1.4769139847087607
71.08773952229714,0.8982769282823276
71.09167506675388,0.11292997458505855
71.09561061121063,0.2922973556851716
71.09954615566738,0.6599899643078654
71.10348170012414,0.07539173993227884
71.10741724458089,0.465289605564289
71.11135278903764,0.41045410960940265
71.11528833349439,0.2907102322916742
71.11922387795114,0.949499642938359
71.1231594224079,0.8910590860221526
71.12709496686465,0.43491679545193607
71.1310305113214,0.1961359229085459
71.13496605577815,0.00196097805608623
71.1389016002349,0.3093296794851343
71.14283714469165,0.21044908806865728
71.1467726891484,0.06940344467459827
71.15070823360516,0.39165883330412105
71.15464377806191,0.060482672994452334
71.15857932251866,0.7051863717963652
71.16251486697541,0.943772705691026
71.16645041143215,0.41273480360911735
71.1703859558889,0.7599812209681122
71.17432150034566,0.44852896497068656
71.17825704480241,0.6163135512662294
71.18219258925916,0.7447798628575546
71.18612813371591,0.3670722882853834
71.19006367817266,0.2702125066607621
71.19399922262942,0.04988961173333771
71.19793476708617,1.4051604779717635
71.20187031154292,2.365952913823991
71.20580585599967,1.1280008850497887
71.20974140045642,0.4131248762508157
71.21367694491317,0.20620240639034582
71.21761248936993,0.26514703381732746
71.22154803382668,0.18334118668979058
71.22548357828343,0.6471467687885356
71.22941912274018,2.1502107126637906
71.23335466719693,2.347145676351116
71.23729021165369,1.392008382757377
71.24122575611044,0.6306107176404541
71.24516130056718,0.1567498051776342
71.24909684502393,0.47819300440801243
71.25303238948068,1.3530489201865654
71.25696793393743,1.7687492598389045
71.26090347839418,1.2735449415526021
71.26483902285094,0.09924839705806006
71.26877456730769,0.6324023955824573
71.27271011176444,1.7625714815087847
71.27664565622119,1.1251456176603059
71.28058120067794,0.3994894035898801
71.2845167451347,0.8143674557677022
71.28845228959145,1.9129388387387543
71.2923878340482,4.222877138831021
71.29632337850495,4.809060465163314
71.3002589229617,1.2995696867796027
71.30419446741845,0.08632168222396527
71.3081300118752,0.1480263728579426
71.31206555633196,0.6660241433307367
71.31600110078871,1.123899647135953
71.31993664524546,0.06284199218516937
71.3238721897022,0.5556527772651539
71.32780773415895,0.15867056826741818
71.3317432786157,1.9054609881494025
71.33567882307246,2.759721810898566
71.33961436752921,1.4350106368885795
71.34354991198596,2.7745383291658445
71.34748545644271,2.4600785288581304
71.35142100089946,1.342273122922269
71.35535654535622,0.652196982766566
71.35929208981297,0.06601470363139808
71.36322763426972,0.1378255758051535
71.36716317872647,0.45558150782869816
71.37109872318322,0.5211685955230846
71.37503426763998,0.1771023220905106
71.37896981209673,0.32685502611866435
71.38290535655348,1.3359945955487187
71.38684090101023,1.3881422496855027
71.39077644546698,0.6164069062928554
71.39471198992374,0.34016449391965614
71.39864753438049,0.11614245438884833
71.40258307883722,0.2568813545004463
71.40651862329398,0.3982469636699215
71.41045416775073,1.4473853906216168
71.41438971220748,1.1995781232505696
71.41832525666423,0.18715412710314877
71.42226080112098,1.8837129649964397
71.42619634557774,1.511961962199407
71.43013189003449,0.04992185392543337
71.43406743449124,0.6060250329244308
71.43800297894799,0.18968838814590216
71.44193852340474,0.4470082318710227
71.4458740678615,1.9013924065681294
71.44980961231825,0.9570107129711761
71.453745156775,0.008423340993525074
71.45768070123175,0.5973392299149957
71.4616162456885,0.3253130977008851
71.46555179014526,0.03588817348338407
71.46948733460201,0.7539642974434347
71.47342287905876,1.5891073020107724
71.47735842351551,1.4512929450247674
71.48129396797225,0.41626342053827053
71.485229512429,0.791282687255112
71.48916505688575,1.0547856129744053
71.4931006013425,0.17671394821299063
71.49703614579926,0.044659431561935636
71.50097169025601,0.15070581458559884
71.50490723471276,0.06356324029432908
71.50884277916951,0.01038950968407359
71.51277832362626,0.29390908073845545
71.51671386808302,0.6184326033034728
71.52064941253977,0.3920073299449171
71.52458495699652,0.05498198344936781
71.52852050145327,0.008757020095263503
71.53245604591002,0.04641929655684873
71.53639159036678,0.4224374329107809
71.54032713482353,0.8194293202302799
71.54426267928028,0.5681054764853717
71.54819822373703,0.030257245029715375
71.55213376819378,0.2171280312492475
71.55606931265054,0.08405223840092953
71.56000485710727,0.7226592789392379
71.56394040156403,3.101260277736455
71.56787594602078,1.9451188103312964
71.57181149047753,0.09538138438019586
71.57574703493428,0.24545063919479274
71.57968257939103,1.2632430760477635
71.58361812384778,0.6828863222976742
71.58755366830454,0.566760597371631
71.59148921276129,4.071997331530575
71.59542475721804,2.1462855250592328
71.59936030167479,0.10233628384403021
71.60329584613154,2.4433961007241147
71.6072313905883,2.301825815207485
71.61116693504505,0.6520848081635797
71.6151024795018,0.06144477770931742
71.61903802395855,1.245383868045877
71.6229735684153,1.1283723999559079
71.62690911287206,0.03957564021371262
71.63084465732881,2.12554309613126
71.63478020178556,2.6786345407817977
71.6387157462423,1.1265869998106306
71.64265129069905,0.1561044586998712
71.6465868351558,0.11313213862840403
71.65052237961255,0.5318804727123977
71.6544579240693,0.6334655191286054
71.65839346852606,1.2207637744644917
71.66232901298281,1.8529188856287384
71.66626455743956,1.6805630521413315
71.67020010189631,2.274670262799674
71.67413564635306,2.0284733160956825
71.67807119080982,0.43150738532653493
71.68200673526657,0.394609667745071
71.68594227972332,0.2602364647752217
71.68987782418007,0.2864584113366515
71.69381336863682,0.7113216270196875
71.69774891309358,0.21959760558471253
71.70168445755033,0.03336248842787143
71.70562000200708,0.1314296011682769
71.70955554646383,0.01207322235717782
71.71349109092057,0.6548341142699444
71.71742663537732,1.3241813009770182
71.72136217983407,1.424502500725429
71.72529772429083,1.7246471103535512
71.72923326874758,1.3423208100605122
71.73316881320433,0.5117662901771738
71.73710435766108,0.45095073544806474
71.74103990211783,1.6065718802257198
71.74497544657459,1.7771088497930978
71.74891099103134,0.26477366948467085
71.75284653548809,0.640163824626902
71.75678207994484,0.4262522122360618
71.7607176244016,0.14453102168377002
71.76465316885835,1.0260151997891505
71.7685887133151,0.8200454632954074
71.77252425777185,1.2286462939459042
71.7764598022286,1.0287933115820622
71.78039534668535,0.16672065683657622
71.7843308911421,0.08515775165646831
71.78826643559886,0.06384231093004335
71.7922019800556,0.2482984407304833
71.79613752451235,0.23049261410764146
71.8000730689691,0.04895581636358816
71.80400861342585,0.07792035163030724
71.8079441578826,0.17559324731664294
71.81187970233935,0.12809854815635432
71.8158152467961,0.02196980723860388
71.81975079125286,0.4657001347461284
71.82368633570961,1.0663561265935881
71.82762188016636,0.9634465980933316
71.83155742462311,0.4057076980326605
71.83549296907987,0.16357086595105694
71.83942851353662,0.4908073371955041
71.84336405799337,0.5776067926983987
71.84729960245012,0.06323219997223173
71.85123514690687,1.3423078385456377
71.85517069136363,0.6407626021203152
71.85910623582038,0.19688151668100198
71.86304178027713,0.9667343008853916
71.86697732473388,0.8424066231170786
71.87091286919062,1.0662423721818335
71.87484841364737,1.0870598482719438
71.87878395810412,0.31118641279536585
71.88271950256087,0.18301820497134513
71.88665504701763,0.8166170310022706
71.89059059147438,0.1813220601807701
71.89452613593113,0.7969690409964765
71.89846168038788,1.392882168615534
71.90239722484463,0.8186528861863179
71.90633276930139,0.4271075343206762
71.91026831375814,0.25682320044744006
71.91420385821489,0.11181828933533856
71.91813940267164,0.8538590902136506
71.9220749471284,1.2971289749174475
71.92601049158515,0.18773481453849816
71.9299460360419,1.0725027293538223
71.93388158049865,4.662263492183608
71.9378171249554,3.7897167870696498
71.94175266941215,1.3868158475660608
71.9456882138689,0.5288015484100853
71.94962375832564,0.11554686680822941
71.9535593027824,0.7311664233470404
71.95749484723915,0.2816201801427322
71.9614303916959,1.8172607384788313
71.96536593615265,0.760757201407933
71.9693014806094,0.5245250653935775
71.97323702506615,0.49691022999350826
71.9771725695229,0.6190503869250229
71.98110811397966,1.0137335863680519
71.98504365843641,0.8859276679907623
71.98897920289316,0.6742054596205781
71.99291474734991,0.23825661152481556
71.99685029180667,1.9559036141652917
72.00078583626342,0.3909644757789969
72.00472138072017,0.5250802387616778
72.00865692517692,0.6465966860475308
72.01259246963367,0.029500454402154767
72.01652801409043,0.17997418482468877
72.02046355854718,0.15314042200195307
72.02439910300393,0.8373989907422605
72.02833464746067,0.12954822993337833
72.03227019191742,0.285852473015628
72.03620573637417,0.0053498525718790125
72.04014128083092,0.8849517363046364
72.04407682528768,0.4285635325853395
72.04801236974443,0.4922267042563646
72.05194791420118,1.8488551452287327
72.05588345865793,0.7818720366978873
72.05981900311468,0.4498281389477888
72.06375454757143,0.8183317238584445
72.06769009202819,1.967641169708915
72.07162563648494,1.0203982810603764
72.07556118094169,0.031864937539790174
72.07949672539844,0.2194711677312773
72.0834322698552,0.5182611950841489
72.08736781431195,1.288436754418447
72.0913033587687,1.260645198269661
72.09523890322545,0.2821775052433673
72.0991744476822,0.07975753573618907
72.10310999213895,0.6158811496801808
72.10704553659569,0.8822001435088146
72.11098108105244,0.11821504296445196
72.1149166255092,0.055275736277207284
72.11885216996595,1.1212740328905575
72.1227877144227,4.736104039867428
72.12672325887945,1.8201103257944902
72.1306588033362,0.9158371828684003
72.13459434779296,1.2797652063460714
72.13852989224971,0.5619222677754498
72.14246543670646,1.8548159504480701
72.14640098116321,0.28467711436061716
72.15033652561996,0.2601834569919304
72.15427207007671,0.21436820220555078
72.15820761453347,0.5151203584406405
72.16214315899022,0.363515340759968
72.16607870344697,0.3859285852419909
72.17001424790372,0.9324286850219505
72.17394979236047,0.3212152307893484
72.17788533681723,0.027237603271874522
72.18182088127398,0.04161705455728034
72.18575642573072,0.13414791056352907
72.18969197018747,0.49016012486753724
72.19362751464422,0.09186359752350931
72.19756305910097,0.13954144166609422
72.20149860355772,0.03721702220445225
72.20543414801448,0.22941391726329105
72.20936969247123,0.43499481754411806
72.21330523692798,0.20688068361912468
72.21724078138473,0.23847890200616925
72.22117632584148,0.03180672134366881
72.22511187029824,0.3921469008764288
72.22904741475499,0.3191003700580242
72.23298295921174,0.1741839124875515
72.23691850366849,0.025057097772717883
72.24085404812524,0.33139465245303007
72.244789592582,0.5043186860718012
72.24872513703875,0.6288134254925173
72.2526606814955,0.7139302659029428
72.25659622595225,2.0655457508204114
72.260531770409,0.3807401703730949
72.26446731486574,0.600858781023724
72.26840285932249,0.7670505866150561
72.27233840377924,0.4294446479113443
72.276273948236,0.13218940703701942
72.28020949269275,0.8908607994871529
72.2841450371495,1.3937953598959976
72.28808058160625,0.027184935536281072
72.292016126063,0.43712995093089557
72.29595167051976,0.7404223796421635
72.29988721497651,1.566861149429457
72.30382275943326,1.8518085408977223
72.30775830389001,0.8935631648481372
72.31169384834676,0.22175302703783262
72.31562939280352,0.19833915682678677
72.31956493726027,0.3421942226739682
72.32350048171702,1.0410563992225865
72.32743602617377,1.6278601108952562
72.33137157063052,3.1043028966746635
72.33530711508728,1.8688502315640383
72.33924265954401,1.1999440826308028
72.34317820400076,0.6272917340480627
72.34711374845752,1.3689558825846762
72.35104929291427,0.9297834671856902
72.35498483737102,2.6838287408767822
72.35892038182777,0.6628829745071873
72.36285592628452,5.140260622079979
72.36679147074128,2.501762770529006
72.37072701519803,0.8866677530577175
72.37466255965478,2.6098273644332144
72.37859810411153,0.14575566870526463
72.38253364856828,1.759559328367393
72.38646919302504,0.17123281850673844
72.39040473748179,1.915865173373626
72.39434028193854,2.6937308287249317
72.39827582639529,0.6490016320280405
72.40221137085204,0.35505637509771837
72.4061469153088,3.7171283047519985
72.41008245976555,5.14675879007006
72.4140180042223,0.9939259448731357
72.41795354867904,2.2858977114522157
72.42188909313579,4.963521525659987
72.42582463759254,0.9703378739882109
72.42976018204929,0.8276644515513419
72.43369572650604,0.8690776860653572
72.4376312709628,0.05951054647587413
72.44156681541955,0.5736528543689074
72.4455023598763,0.30176650522267984
72.44943790433305,0.40891770991666543
72.4533734487898,0.18377650862780912
72.45730899324656,3.3404048003037303
72.46124453770331,3.1731212114421687
72.46518008216006,0.1859002782157589
72.46911562661681,3.4196225943857654
72.47305117107356,2.5481054872104907
72.47698671553032,1.5505676047631607
72.48092225998707,2.0156859095235773
72.48485780444382,0.6798306961063966
72.48879334890057,0.7987407817759543
72.49272889335732,4.232802640306577
72.49666443781406,6.841292174775045
72.50059998227081,3.312962206918078
72.50453552672757,1.7455842050164856
72.50847107118432,1.1197296086566013
72.51240661564107,0.025398139268546248
72.51634216009782,1.0632479775982828
72.52027770455457,1.7147905304185993
72.52421324901132,0.04323473294139592
72.52814879346808,2.5605251842674646
72.53208433792483,1.5938092844407707
72.53601988238158,0.42179645551636247
72.53995542683833,0.6958748846862765
72.54389097129508,0.6019619418154097
72.54782651575184,0.8884063290636708
72.55176206020859,0.17002056071354082
72.55569760466534,1.3225202886583554
72.55963314912209,0.6054817017039598
72.56356869357884,0.20498950001460997
72.5675042380356,0.02122352926782489
72.57143978249235,0.3744304969371982
72.57537532694909,0.5219111342204727
72.57931087140584,0.5839025854420575
72.58324641586259,1.3977982151748218
72.58718196031934,0.9911610705813138
72.5911175047761,0.07887682930007263
72.59505304923285,0.05174114082931425
72.5989885936896,0.38114220547208283
72.60292413814635,0.5950383004362311
72.6068596826031,0.16241673630796374
72.61079522705985,0.5722390013863097
72.6147307715166,1.61409782655877
72.61866631597336,1.9294470111388917
72.62260186043011,0.2568305386491871
72.62653740488686,0.3833485542376623
72.63047294934361,1.2120277618285464
72.63440849380036,1.5734082177263444
72.63834403825712,1.4941406162368158
72.64227958271387,1.7385833454256023
72.64621512717062,1.5008603374176779
72.65015067162737,0.2653329007265884
72.65408621608411,0.1543925194444991
72.65802176054086,1.449339132545985
72.66195730499761,2.195027647308494
72.66589284945437,0.8658889407108876
72.66982839391112,4.133510814614856
72.67376393836787,5.8139846339551084
72.67769948282462,2.7135513318203004
72.68163502728137,4.120922407643489
72.68557057173813,2.975903088122795
72.68950611619488,0.9251655394566516
72.69344166065163,0.7231001978296411
72.69737720510838,1.4702584715442135
72.70131274956513,0.4408525308659489
72.70524829402189,0.6913744173875075
72.70918383847864,0.6593654252958714
72.71311938293539,0.5911426326293922
72.71705492739214,0.5707196433759304
72.72099047184889,0.08988628956866382
72.72492601630564,0.7748180078544644
72.7288615607624,0.20924728361829445
72.73279710521913,0.26347887646126034
72.73673264967589,0.013853071992581898
72.74066819413264,0.47753684053691553
72.74460373858939,0.7720965563207506
72.74853928304614,1.5721248741075677
72.7524748275029,3.1603125351255077
72.75641037195965,1.1305332878360772
72.7603459164164,0.07151700724241174
72.76428146087315,0.4563433596462546
72.7682170053299,0.0038842263062778158
72.77215254978665,0.31345161521112275
72.7760880942434,1.0412861181652104
72.78002363870016,4.295472303159546
72.78395918315691,5.331687122240713
72.78789472761366,1.6652078363193321
72.79183027207041,0.2886483383070719
72.79576581652717,1.178691766017175
72.79970136098392,2.7099994641967733
72.80363690544067,1.576634739933622
72.80757244989742,0.7575132259937296
72.81150799435416,1.3889267266262921
72.81544353881091,0.44788200887461493
72.81937908326766,0.8677153767409176
72.82331462772441,1.025247132790848
72.82725017218117,0.6958874964551677
72.83118571663792,0.35809129925691535
72.83512126109467,0.8774759411803832
72.83905680555142,0.4810345525621425
72.84299235000817,0.21617560004028075
72.84692789446493,1.4511974824886549
72.85086343892168,0.2703970972567559
72.85479898337843,1.1792971793916067
72.85873452783518,2.8163760536328137
72.86267007229193,0.49352493616659526
72.86660561674869,2.7249061728463704
72.87054116120544,2.426336533466172
72.87447670566219,0.08371535835198067
72.87841225011894,3.254243337583257
72.8823477945757,3.0205332949460963
72.88628333903243,1.8744103083298396
72.89021888348918,1.799482248678137
72.89415442794594,1.5655222680131278
72.89808997240269,1.4537250052409365
72.90202551685944,0.9635887868308834
72.90596106131619,0.6641303859602818
72.90989660577294,0.4810987455250952
72.9138321502297,0.36036510791975135
72.91776769468645,0.11631707157816559
72.9217032391432,0.30376278393830264
72.92563878359995,1.3503770797201327
72.9295743280567,1.2837826463526518
72.93350987251345,0.18778386814817305
72.9374454169702,0.01255124170563046
72.94138096142696,0.1548948032236093
72.94531650588371,0.3310940521236776
72.94925205034046,0.15566665303994895
72.95318759479721,0.956353979108428
72.95712313925397,1.112301817005461
72.96105868371072,1.0654077710798626
72.96499422816746,0.6247958074918312
72.96892977262421,1.1377797324685224
72.97286531708096,2.7878263698942383
72.97680086153771,0.8016482820560257
72.98073640599446,0.4333289022944968
72.98467195045122,1.1224133746676646
72.98860749490797,0.15067552369031806
72.99254303936472,0.6760593454462176
72.99647858382147,3.042984521128819
73.00041412827822,4.7874327328853585
73.00434967273497,4.026487963256856
73.00828521719173,0.8655593055470604
73.01222076164848,0.3141091105518847
73.01615630610523,0.8058879571389401
73.02009185056198,0.10662681396120241
73.02402739501873,0.23921587123016683
73.02796293947549,0.6749248885222854
73.03189848393224,0.39779428349314466
73.03583402838899,0.38250225862423254
73.03976957284574,2.7307365518793705
73.04370511730248,1.775186988702458
73.04764066175923,0.035742270785564474
73.05157620621598,1.6985767966357257
73.05551175067274,2.237523290074373
73.05944729512949,0.9751094699815701
73.06338283958624,0.23999957483460796
73.06731838404299,0.17936146467578593
73.07125392849974,0.46995601698906453
73.0751894729565,1.2364572547850892
73.07912501741325,1.3406132699086033
73.08306056187,0.6383119169847484
73.08699610632675,2.1748112408908247
73.0909316507835,2.1309599959430248
73.09486719524025,1.5171626808755014
73.098802739697,0.9079935702772972
73.10273828415376,0.03776487054895876
73.10667382861051,0.316965630395531
73.11060937306726,0.06709006258589159
73.11454491752401,0.3925911573959857
73.11848046198077,0.5622637466844191
73.1224160064375,0.12125788882557999
73.12635155089426,0.06789315187779948
73.13028709535101,0.1058569164637679
73.13422263980776,0.01116754507057351
73.13815818426451,0.6577342021748283
73.14209372872126,1.4950878095695834
73.14602927317802,0.617446144667513
73.14996481763477,0.12851353848362118
73.15390036209152,1.3702951653459223
73.15783590654827,0.567189463079849
73.16177145100502,0.21524852139737258
73.16570699546178,1.075225511019053
73.16964253991853,0.07372344378237643
73.17357808437528,0.744475472879101
73.17751362883203,0.9232692574536506
73.18144917328878,0.3467936517256737
73.18538471774553,1.3211824741444687
73.18932026220229,0.5183867339141034
73.19325580665904,0.13378220132264038
73.19719135111579,0.9883583416503662
73.20112689557253,0.8881960995363356
73.20506244002928,0.32759455972673024
73.20899798448603,0.3422855749310431
73.21293352894278,0.9951786024034255
73.21686907339954,1.0931728230671278
73.22080461785629,0.20051668200677844
73.22474016231304,0.49988306671477367
73.22867570676979,1.8373548309623169
73.23261125122654,1.6020056322286382
73.2365467956833,0.6004939130960896
73.24048234014005,0.2963960044239808
73.2444178845968,0.16065849654147035
73.24835342905355,0.23751033898648358
73.2522889735103,2.1069846622448334
73.25622451796706,1.7811367946793777
73.26016006242381,0.4025632954499714
73.26409560688056,1.1379857253122234
73.26803115133731,0.13449473269728257
73.27196669579406,0.47820779259211144
73.27590224025082,0.8206239565196061
73.27983778470755,0.37130729860189443
73.2837733291643,0.033150018676428014
73.28770887362106,0.8223169207812525
73.29164441807781,0.2995195010961859
73.29557996253456,0.9431777574617098
73.29951550699131,1.6156987914966778
73.30345105144806,0.2180033405790067
73.30738659590482,0.08543702494484136
73.31132214036157,0.4050903461263068
73.31525768481832,0.9152642116226545
73.31919322927507,1.1720358118972116
73.32312877373182,0.7662784478388017
73.32706431818858,0.20839219028735745
73.33099986264533,0.1584048623066794
73.33493540710208,0.16299100630502322
73.33887095155883,1.1045373850670275
73.34280649601558,0.6776212630141233
73.34674204047234,0.0519314307734866
73.35067758492909,0.00047743673308371285
73.35461312938584,0.0759444817796217
73.35854867384258,0.1448016291341236
73.36248421829933,0.13449155821085515
73.36641976275608,0.06704878576938414
73.37035530721283,0.014200470392644837
73.37429085166958,0.25482550677479393
73.37822639612634,0.8986864559037372
73.38216194058309,1.4216685180826605
73.38609748503984,0.2288354801346761
73.39003302949659,0.458250770554402
73.39396857395334,0.43419451721986274
73.3979041184101,0.2938973572072336
73.40183966286685,0.48732752439559957
73.4057752073236,0.16423261154492355
73.40971075178035,1.5140620533130416
73.4136462962371,0.5813908597042252
73.41758184069386,0.14979242948646984
73.42151738515061,0.288401303944398
73.42545292960736,0.5006501507175376
73.42938847406411,1.501031120248489
73.43332401852085,1.8826569353232334
73.4372595629776,0.8233989988671288
73.44119510743435,0.43454156279838324
73.4451306518911,0.2685181518884388
73.44906619634786,1.3508119671780399
73.45300174080461,0.2391192962275559
73.45693728526136,0.3234909327490043
73.46087282971811,0.5282610027949295
73.46480837417486,2.1560174163212538
73.46874391863162,2.0093053607497957
73.47267946308837,0.1912728790447149
73.47661500754512,1.0757719642400123
73.48055055200187,1.7316820800507116
73.48448609645862,1.4907088420662105
73.48842164091538,2.119932981306011
73.49235718537213,2.7704846928945503
73.49629272982888,1.087254888059671
73.50022827428563,0.09217590870887454
73.50416381874238,0.10473269375099702
73.50809936319914,0.21253226038467915
73.51203490765587,0.03864531206017211
73.51597045211263,0.08659582708158702
73.51990599656938,0.8234397756567988
73.52384154102613,2.203104362405938
73.52777708548288,1.5382596915640243
73.53171262993963,0.28579131091679677
73.53564817439639,0.25162501602092935
73.53958371885314,0.07132384232509258
73.54351926330989,0.059542241644641315
73.54745480776664,0.016774045766444378
73.5513903522234,1.4367234761168446
73.55532589668015,3.079759042211962
73.5592614411369,0.8556067915379328
73.56319698559365,0.9162717220769588
73.5671325300504,2.459776809864074
73.57106807450715,1.1906874580067932
73.5750036189639,1.1686210729345674
73.57893916342066,1.069703573339441
73.58287470787741,0.3596502226741247
73.58681025233416,0.4931351253193649
73.5907457967909,0.04510785397152177
73.59468134124765,2.2863772644914766
73.5986168857044,2.76003059810108
73.60255243016115,0.17597034742789716
73.6064879746179,0.676572716580005
73.61042351907466,0.9740543443621282
73.61435906353141,2.0195444869710735
73.61829460798816,2.531360559740669
73.62223015244491,1.9142982897797178
73.62616569690167,4.310163323628572
73.63010124135842,2.8647660543388493
73.63403678581517,0.9010887781292413
73.63797233027192,0.866204192186433
73.64190787472867,0.6171171608230358
73.64584341918543,0.5952658960293524
73.64977896364218,3.836984977264455
73.65371450809893,4.020371047840166
73.65765005255568,0.27981557906960286
73.66158559701243,0.8142005685776155
73.66552114146918,0.6992077042927549
73.66945668592592,0.44737795032212513
73.67339223038267,1.0034384934684104
73.67732777483943,0.9448697427220709
73.68126331929618,0.21874548135772778
73.68519886375293,0.7192946892938342
73.68913440820968,2.594470491865221
73.69306995266643,2.268260012763609
73.69700549712319,0.10897732819777368
73.70094104157994,1.0469050098468502
73.70487658603669,1.8654420589371676
73.70881213049344,0.7788803169108138
73.7127476749502,0.28331939382678034
73.71668321940695,1.087116080673654
73.7206187638637,0.5877967353329072
73.72455430832045,0.026928679365182156
73.7284898527772,0.2566873892156983
73.73242539723395,0.45710204039966973
73.7363609416907,0.36573501684639
73.74029648614746,0.058840945074179946
73.74423203060421,0.36120666593683065
73.74816757506095,0.04294136888297386
73.7521031195177,0.3598471192024541
73.75603866397445,0.9466519142803443
73.7599742084312,1.2274834551131308
73.76390975288795,0.7667692569801063
73.7678452973447,0.2082101665476702
73.77178084180146,0.026413768914760813
73.77571638625821,0.12070167215284361
73.77965193071496,0.25506190625914354
73.78358747517171,0.2513935468492449
73.78752301962847,0.43118832980114236
73.79145856408522,0.18842912050084004
73.79539410854197,0.046653682245779864
73.79932965299872,0.07606887704863993
73.80326519745547,0.42904996243079474
73.80720074191223,1.655145767929842
73.81113628636898,1.7188633566366307
73.81507183082573,1.3536749281280003
73.81900737528248,1.455838318108176
73.82294291973923,0.7041026009431643
73.82687846419597,1.383169671803529
73.83081400865272,1.9476349262306163
73.83474955310948,1.1949369483610097
73.83868509756623,0.6098237748147447
73.84262064202298,0.09160515938598089
73.84655618647973,0.07127441747979793
73.85049173093648,0.2003003885228546
73.85442727539323,0.1307104547029244
73.85836281984999,0.046907913722866415
73.86229836430674,0.44235066643177823
73.86623390876349,0.55348923306468
73.87016945322024,0.30515324241465047
73.874104997677,0.21784080945037768
73.87804054213375,1.1583250138914238
73.8819760865905,0.5335207603109389
73.88591163104725,0.8861932998400507
73.889847175504,0.9446707725348418
73.89378271996075,1.0827239373783775
73.8977182644175,1.070238520827199
73.90165380887426,0.03405332253850726
73.905589353331,0.437967673874092
73.90952489778775,0.4447375643065811
73.9134604422445,0.8599985996957145
73.91739598670125,0.34154046494584983
73.921331531158,0.015113688871134661
73.92526707561476,0.5067378148389596
73.92920262007151,1.0749741968466437
73.93313816452826,0.3019791623180764
73.93707370898501,0.3137102738919647
73.94100925344176,1.8832690690485872
73.94494479789851,3.0239211436714775
73.94888034235527,1.8116130478626813
73.95281588681202,2.620509680061483
73.95675143126877,3.716132484746891
73.96068697572552,1.782184721656497
73.96462252018227,0.8311864277905824
73.96855806463903,1.1982205111445539
73.97249360909578,0.9488873691925904
73.97642915355253,0.17951941864851798
73.98036469800927,0.48608170209545526
73.98430024246602,1.4154738588675644
73.98823578692277,2.3596555497063845
73.99217133137952,0.5615398146948761
73.99610687583628,0.17583770561653325
74.00004242029303,0.042618541842686854
74.00397796474978,1.1723611012764033
74.00791350920653,1.0228251695243176
74.01184905366328,0.19630228160667015
74.01578459812004,0.009771122040071073
74.01972014257679,1.0768131032488106
74.02365568703354,1.2385124622020025
74.02759123149029,0.10432609416935876
74.03152677594704,0.04002521276221324
74.0354623204038,0.7100019517751605
74.03939786486055,0.49652214649425985
74.0433334093173,0.4482919774719679
74.04726895377405,1.2012133668060527
74.0512044982308,2.277643230537298
74.05514004268755,3.6471797657186102
74.05907558714429,0.1616099991152683
74.06301113160104,1.8256087338185776
74.0669466760578,1.3288858228763814
74.07088222051455,0.21491751958142036
74.0748177649713,1.0019026357084586
74.07875330942805,0.3449755579138081
74.0826888538848,0.37599129224029965
74.08662439834156,0.8961741584860466
74.09055994279831,0.18271710010128467
74.09449548725506,0.5460304046949365
74.09843103171181,0.5336939273642736
74.10236657616856,0.6573395587064094
74.10630212062532,2.391265330654495
74.11023766508207,2.0004071131877366
74.11417320953882,0.4243233907604126
74.11810875399557,0.14308215595142643
74.12204429845232,0.03852653472635874
74.12597984290908,0.8167839666364409
74.12991538736583,0.35499072114254954
74.13385093182258,0.7572417516373394
74.13778647627932,1.217301284948264
74.14172202073607,0.011004612528270074
74.14565756519282,0.6452549079466061
74.14959310964957,0.059565495842078875
74.15352865410632,1.9829299155897027
74.15746419856308,1.7957877584226154
74.16139974301983,0.3680735146691722
74.16533528747658,1.0362585474516741
74.16927083193333,0.1719317665864222
74.17320637639008,0.549681666792633
74.17714192084684,1.0415930721877567
74.18107746530359,0.17240172015157254
74.18501300976034,0.18122932806058986
74.18894855421709,0.23205517409421947
74.19288409867384,0.16324027008150227
74.1968196431306,0.3242503339945021
74.20075518758735,0.43169884581007245
74.2046907320441,0.2624232354349507
74.20862627650085,0.061363333300406324
74.2125618209576,0.6412398179221815
74.21649736541434,0.8118728009899332
74.22043290987109,0.0021627204230635607
74.22436845432784,0.9186741578021105
74.2283039987846,1.0607572039615416
74.23223954324135,0.11876029420490018
74.2361750876981,0.22364834465786645
74.24011063215485,0.3063235632615991
74.2440461766116,0.3574560646153222
74.24798172106836,0.9079596534161329
74.25191726552511,1.3501634718731015
74.25585280998186,0.5167878540802691
74.25978835443861,0.1436236172701622
74.26372389889536,0.7153473140287785
74.26765944335212,0.48513658371954305
74.27159498780887,0.287717510913727
74.27553053226562,1.0356539864821743
74.27946607672237,2.8193574965970467
74.28340162117912,2.6809172270808115
74.28733716563588,1.1111142244759753
74.29127271009263,0.8086864890788061
74.29520825454937,1.7014795056657135
74.29914379900612,1.4522736603413218
74.30307934346287,0.07332353601464778
74.30701488791962,0.4658274414934149
74.31095043237637,0.4587138103338035
74.31488597683312,0.11207820913561843
74.31882152128988,0.14776453320556882
74.32275706574663,0.03557569526727185
74.32669261020338,0.6217736668007877
74.33062815466013,1.1455319735935239
74.33456369911688,0.17302548223512393
74.33849924357364,0.2666994515885541
74.34243478803039,0.2600863623026006
74.34637033248714,0.01359663335704088
74.35030587694389,0.6767373015725194
74.35424142140064,1.3887322072625563
74.3581769658574,0.41687076341817125
74.36211251031415,0.5021672735276922
74.3660480547709,0.2311174254837697
74.36998359922765,0.3626844008080227
74.37391914368439,0.4998065643332298
74.37785468814114,0.33404892663569674
74.3817902325979,0.7598717706452616
74.38572577705465,0.1387853050561126
74.3896613215114,0.2747240315562923
74.39359686596815,0.24871610228907956
74.3975324104249,0.03683635213875534
74.40146795488165,0.019336518921635057
74.4054034993384,0.48459498751889385
74.40933904379516,1.5660786449431996
74.41327458825191,0.9658313600480062
74.41721013270866,0.541191736680059
74.42114567716541,1.3131912639953356
74.42508122162216,1.2209734492410638
74.42901676607892,1.0644211027606691
74.43295231053567,1.72344260831816
74.43688785499242,2.8233709719352307
74.44082339944917,2.0946442602825166
74.44475894390592,0.7758926288147042
74.44869448836268,1.2904732737873472
74.45263003281941,0.8552606223837799
74.45656557727617,0.7127296403772486
74.46050112173292,1.5309111941348186
74.46443666618967,7.410577012061738
74.46837221064642,7.064124939245846
74.47230775510317,1.8401567476411007
74.47624329955993,1.5473668509681606
74.48017884401668,0.03209691855279325
74.48411438847343,0.970045460088245
74.48804993293018,0.22414951985133902
74.49198547738693,0.6511974919465214
74.49592102184369,1.0690900923257884
74.49985656630044,0.5110273356389976
74.50379211075719,0.33608086661420866
74.50772765521394,0.1135640217233172
74.51166319967069,0.12489641480270498
74.51559874412744,0.34373313839344694
74.5195342885842,0.4036369529874258
74.52346983304095,0.3945177213110367
74.52740537749769,1.818633367169556
74.53134092195444,4.126828833429946
74.53527646641119,0.8977692900758196
74.53921201086794,1.1355260918407886
74.5431475553247,2.1837540868738508
74.54708309978145,0.3511009572604499
74.5510186442382,1.979624533794489
74.55495418869495,0.8719824060790278
74.5588897331517,0.007205796972772622
74.56282527760845,0.05781220287553615
74.5667608220652,1.1700777957458708
74.57069636652196,2.244997658928655
74.57463191097871,1.595222125756703
74.57856745543546,1.1688780550995614
74.58250299989221,0.17361900957544615
74.58643854434897,1.6015413179963707
74.59037408880572,2.183473394857532
74.59430963326247,0.39466932624600537
74.59824517771922,0.5897726811727473
74.60218072217597,0.6741021157122927
74.60611626663271,0.5775032821238475
74.61005181108946,0.9300737803966697
74.61398735554621,0.929081534790119
74.61792290000297,0.7042618883696193
74.62185844445972,0.5697518172327641
74.62579398891647,0.1784215905868587
74.62972953337322,0.008687097033637932
74.63366507782997,0.04332132330949445
74.63760062228673,0.04574937102322242
74.64153616674348,0.7715143782732484
74.64547171120023,1.701067267832988
74.64940725565698,0.5949294342456185
74.65334280011373,0.014030094340384632
74.65727834457049,0.25021513409972845
74.66121388902724,0.33442589655300947
74.66514943348399,0.781750074188846
74.66908497794074,1.1368232793614295
74.6730205223975,0.4655580425164826
74.67695606685425,0.5085535385402062
74.680891611311,1.0658390760060363
74.68482715576774,1.480868723793223
74.68876270022449,1.645018859736414
74.69269824468124,0.5751523382915856
74.69663378913799,0.434197640274121
74.70056933359474,1.5915197883804957
74.7045048780515,0.6381492072770028
74.70844042250825,0.1786733760745281
74.712375966965,1.1638389483731195
74.71631151142175,0.919409470099442
74.7202470558785,0.4547597555324831
74.72418260033525,0.7363856604209443
74.728118144792,1.4725774509046736
74.73205368924876,1.7534590300821637
74.73598923370551,0.9182467541763356
74.73992477816226,0.2427350248866298
74.74386032261901,0.13850042641647473
74.74779586707577,0.697315001889352
74.75173141153252,0.35108060136810615
74.75566695598927,0.41673752357331634
74.75960250044602,0.3250178948883764
74.76353804490276,0.24669487614160202
74.76747358935951,0.7740768851233989
74.77140913381626,2.3133343332729446
74.77534467827302,1.1242707455481793
74.77928022272977,0.8652464221051887
74.78321576718652,5.114782432043744
74.78715131164327,3.961302178689019
74.79108685610002,3.9312947377953735
74.79502240055677,4.3494306294349645
74.79895794501353,1.9977762727489146
74.80289348947028,0.9826884607401284
74.80682903392703,1.1118607389596624
74.81076457838378,0.9282400756234829
74.81470012284053,0.3075690394991791
74.81863566729729,0.04029975678486651
74.82257121175404,0.07259333275255538
74.82650675621079,0.7136635864835154
74.83044230066754,1.6942245251751213
74.8343778451243,1.3200394414373307
74.83831338958105,0.6699905577606529
74.84224893403778,0.0701102082359576
74.84618447849454,0.28717926794559695
74.85012002295129,0.8831639256033623
74.85405556740804,0.9344473483906057
74.85799111186479,0.7276382353939844
74.86192665632154,0.7466282482945036
74.8658622007783,0.6321219171475392
74.86979774523505,0.25594973298394175
74.8737332896918,0.08107710383069834
74.87766883414855,0.2359082724399957
74.8816043786053,0.3317254943392163
74.88553992306205,0.5512890912697156
74.8894754675188,1.0416167570423425
74.89341101197556,1.13426681662333
74.89734655643231,0.4373991130596697
74.90128210088906,0.1037756672816866
74.90521764534581,0.3120259899781017
74.90915318980257,0.10287270301181796
74.91308873425932,0.2247833935460916
74.91702427871607,0.8375728592229251
74.92095982317281,0.6142101624742693
74.92489536762956,0.15447091757721862
74.92883091208631,0.5587060685533735
74.93276645654306,0.7594040588964227
74.93670200099982,0.8153058067862523
74.94063754545657,0.78803572442185
74.94457308991332,0.6251888354126741
74.94850863437007,0.40865379376768524
74.95244417882682,0.05337501941378993
74.95637972328358,0.1608125391201691
74.96031526774033,0.13407964306730732
74.96425081219708,0.58793079522874
74.96818635665383,1.324171633788174
74.97212190111058,0.4330464626114621
74.97605744556733,0.04642287327158843
74.97999299002409,0.31167437177633517
74.98392853448084,1.6736794051133352
74.98786407893759,2.324613520865056
74.99179962339434,3.873435013310081
74.9957351678511,2.433481762114456
74.99967071230783,0.8601892917516499
75.00360625676458,1.527867479571989
75.00754180122134,0.952925744353879
75.01147734567809,0.8670261863925195
75.01541289013484,1.1973049458359517
75.01934843459159,1.6901977398321986
75.02328397904834,2.460641785049705
75.0272195235051,0.9914954772270406
75.03115506796185,0.4402739756873071
75.0350906124186,1.3755944273785377
75.03902615687535,0.00623531766929177
75.0429617013321,1.9169132242564337
75.04689724578886,1.6017644816834749
75.05083279024561,0.3685964515556191
75.05476833470236,0.37979122926447206
75.05870387915911,0.7806210847553159
75.06263942361586,0.7959935500779971
75.06657496807262,1.04875515781348
75.07051051252937,0.8291921151756461
75.0744460569861,1.367118236467779
75.07838160144286,1.175958635714474
75.08231714589961,0.5234348573986345
75.08625269035636,1.8652812183689398
75.09018823481311,2.3076591235649273
75.09412377926986,0.5221553043152765
75.09805932372662,0.1633931795780687
75.10199486818337,0.19096734276046023
75.10593041264012,0.8065979788498778
75.10986595709687,0.499376571465658
75.11380150155362,1.2918198070348386
75.11773704601038,3.416118773223844
75.12167259046713,2.3146728306047306
75.12560813492388,0.2652886371102005
75.12954367938063,0.751068230110913
75.13347922383738,0.3091931990406818
75.13741476829414,0.6663628335714268
75.14135031275089,2.4329669539894767
75.14528585720764,1.50877056249599
75.14922140166439,0.3062265198849347
75.15315694612113,0.12947926030523607
75.15709249057788,0.4601298505323506
75.16102803503463,0.884323678863326
75.16496357949138,0.535913312619711
75.16889912394814,0.3216593000805534
75.17283466840489,1.0680508695569688
75.17677021286164,2.636317609523736
75.18070575731839,2.1978465386208033
75.18464130177514,1.3318695959422076
75.1885768462319,2.1118116459524687
75.19251239068865,1.084950521084425
75.1964479351454,0.0075114067966103
75.20038347960215,0.2698856027116018
75.2043190240589,0.7200988156198682
75.20825456851566,2.4344839043643076
75.21219011297241,0.9358881867478013
75.21612565742916,1.2037745581371715
75.22006120188591,3.2289464893797364
75.22399674634266,2.422926944686123
75.22793229079942,1.6618678190872005
75.23186783525615,1.056904695975962
75.2358033797129,2.718785877020688
75.23973892416966,3.025057415317689
75.24367446862641,1.5051842796596944
75.24761001308316,1.0149068818562208
75.25154555753991,2.829234249731494
75.25548110199666,2.506086608056575
75.25941664645342,0.1766365954010408
75.26335219091017,0.5896695820153103
75.26728773536692,0.9421938471742028
75.27122327982367,0.4350245956284227
75.27515882428042,0.5116155682663817
75.27909436873718,0.6967249767752828
75.28302991319393,0.25785223532349894
75.28696545765068,0.07183989217966966
75.29090100210743,0.7462865362637832
75.29483654656418,0.7160803498767259
75.29877209102094,1.7016486010404868
75.30270763547769,2.426864918559818
75.30664317993444,2.2679917908361023
75.31057872439118,2.2123059743602966
75.31451426884793,0.16922644815939145
75.31844981330468,0.511306218978403
75.32238535776143,0.2892641562588626
75.32632090221819,0.5142367096549798
75.33025644667494,1.365500473461645
75.33419199113169,0.614289028758997
75.33812753558844,0.323726245154958
75.3420630800452,0.4594121403354894
75.34599862450195,0.15966556537536078
75.3499341689587,0.1705188516008928
75.35386971341545,2.208464754537072
75.3578052578722,3.7128931168419035
75.36174080232895,0.49074854406707974
75.3656763467857,0.5078798599078774
75.36961189124246,0.7378332550466081
75.37354743569921,1.2208014311548825
75.37748298015596,0.0338544658147673
75.38141852461271,5.269308405986638
75.38535406906946,5.169771839161324
75.3892896135262,0.608022262458341
75.39322515798295,2.404184033290402
75.3971607024397,0.41540255201333937
75.40109624689646,1.5085776061594025
75.40503179135321,2.787776774846331
75.40896733580996,3.4344443441991594
75.41290288026671,3.956370833225788
75.41683842472347,4.666926194987822
75.42077396918022,0.5577738784676802
75.42470951363697,1.8207268564425172
75.42864505809372,1.148250231847789
75.43258060255047,0.6374631306697395
75.43651614700723,2.664885523964664
75.44045169146398,0.775533181869088
75.44438723592073,0.0651832601990203
75.44832278037748,1.0002528571919775
75.45225832483423,5.013241787485848
75.45619386929098,3.409706016745603
75.46012941374774,0.7732395413389359
75.46406495820449,2.091780027310733
75.46800050266123,1.116259467533123
75.47193604711798,1.5565215786119677
75.47587159157473,1.296057734012308
75.47980713603148,0.41921159549806275
75.48374268048823,1.7534507782174127
75.48767822494499,0.6059823249301821
75.49161376940174,0.07119487370226485
75.49554931385849,0.24049448594416187
75.49948485831524,0.9746957313221385
75.503420402772,1.4447642999488215
75.50735594722875,0.8265213428815296
75.5112914916855,0.6994061313406832
75.51522703614225,0.7427701276792583
75.519162580599,1.755489317198468
75.52309812505575,0.7672529971914884
75.5270336695125,0.05718693012452491
75.53096921396926,0.17045549871132942
75.53490475842601,1.712266673423014
75.53884030288276,2.931957640587694
75.54277584733951,1.5494187200934117
75.54671139179625,0.3415796837980156
75.550646936253,1.2601272926258655
75.55458248070975,1.8428998571600255
75.5585180251665,0.211270589245859
75.56245356962326,0.7739850860455798
75.56638911408001,1.7042279018919775
75.57032465853676,0.397002324768846
75.57426020299351,0.29572892529644373
75.57819574745027,0.33687767927315115
75.58213129190702,0.12153391794205207
75.58606683636377,0.38218711381582077
75.59000238082052,0.6311115571710321
75.59393792527727,1.431283119143931
75.59787346973403,1.1493108370331533
75.60180901419078,1.3460970568927135
75.60574455864753,1.9875597297063228
75.60968010310428,0.0766146778414658
75.61361564756103,0.7085101614001299
75.61755119201779,0.4837683097227964
75.62148673647452,1.1561078995297613
75.62542228093128,0.5581933310375726
75.62935782538803,0.6075301314703013
75.63329336984478,0.4648156196125208
75.63722891430153,0.29601309527465114
75.64116445875828,0.6866541636162022
75.64510000321503,0.2124023590880526
75.64903554767179,0.008808594005206307
75.65297109212854,0.6290064624314056
75.65690663658529,0.995290011768698
75.66084218104204,0.16473589190033358
75.6647777254988,2.101560929372604
75.66871326995555,3.483157196430808
75.6726488144123,1.0461032483909085
75.67658435886905,0.7536959288373518
75.6805199033258,2.925064874654965
75.68445544778255,0.4971460375400819
75.6883909922393,2.3356841361232634
75.69232653669606,5.65802127376642
75.69626208115281,2.144774112673201
75.70019762560955,0.05243779617257444
75.7041331700663,0.2916872789077307
75.70806871452305,1.7308384179549618
75.7120042589798,2.2583659735841937
75.71593980343656,0.3662848703154579
75.7198753478933,1.336615714057028
75.72381089235006,5.06048849038988
75.72774643680681,2.2433919959050184
75.73168198126356,0.09084898242712108
75.73561752572031,0.49185369055061623
75.73955307017707,0.3444490140323086
75.74348861463382,1.3129406467093494
75.74742415909057,0.09844777787747618
75.75135970354732,0.3015141868611551
75.75529524800407,0.4363462826227025
75.75923079246083,0.32456586574262847
75.76316633691758,0.3635453926850042
75.76710188137433,1.426549407782689
75.77103742583108,0.03845235707941428
75.77497297028783,1.306426764852614
75.77890851474457,0.4277136642203239
75.78284405920132,1.3402678882250387
75.78677960365808,2.6780358355945544
75.79071514811483,0.06415828246143075
75.79465069257158,1.8417595736875236
75.79858623702833,1.09031463774522
75.80252178148508,0.17285638066372705
75.80645732594184,0.4756248812211018
75.81039287039859,0.048176573238890304
75.81432841485534,0.2896119655790568
75.81826395931209,0.21959181540521583
75.82219950376884,0.21277253912368105
75.8261350482256,0.040524930072753505
75.83007059268235,1.0216248920868856
75.8340061371391,1.3482092182794176
75.83794168159585,0.523519208897498
75.8418772260526,0.6244550628866958
75.84581277050935,0.6320299363843951
75.8497483149661,0.39968010230453743
75.85368385942286,0.44846740363243226
75.8576194038796,0.6941956956900324
75.86155494833635,0.8049507366635348
75.8654904927931,0.5857339291358736
75.86942603724985,0.42850218729071926
75.8733615817066,0.6474797404611913
75.87729712616336,0.5927834589615496
75.88123267062011,0.2097628428256549
75.88516821507686,0.13348408720473418
75.88910375953361,0.016789574617950845
75.89303930399036,0.46789631322675374
75.89697484844712,1.3097151568019818
75.90091039290387,0.48769184402729693
75.90484593736062,0.12875360558062945
75.90878148181737,0.5343007048867378
75.91271702627412,0.21491558641556757
75.91665257073088,0.1526601713509385
75.92058811518763,0.3412083857530203
75.92452365964438,0.5739622075993149
75.92845920410113,2.354008857799519
75.93239474855788,0.8542039514143127
75.93633029301462,0.3190165382239688
75.94026583747137,1.2939527140909024
75.94420138192812,0.6945873660000088
75.94813692638488,0.16430713167482622
75.95207247084163,1.3915011041939946
75.95600801529838,5.097626993291696
75.95994355975513,4.130303113139628
75.96387910421188,1.367688832037054
75.96781464866864,0.5486584917726884
75.97175019312539,1.8665450948880407
75.97568573758214,2.6603882309865914
75.97962128203889,0.735240216049618
75.98355682649564,0.4901065577291307
75.9874923709524,0.6690635674436513
75.99142791540915,0.4539044480786372
75.9953634598659,0.5112084046460377
75.99929900432265,0.1675623923571285
76.0032345487794,0.24379658610439928
76.00717009323616,0.6441150638763532
76.0111056376929,3.5176160048513543
76.01504118214964,2.3045076502269084
76.0189767266064,0.13268155086778058
76.02291227106315,0.9563099571600816
76.0268478155199,0.6516812425859314
76.03078335997665,0.05144955730182534
76.0347189044334,0.6352059766958169
76.03865444889016,0.09932469592988663
76.04258999334691,0.9051677519818391
76.04652553780366,1.3793957310273175
76.05046108226041,0.15997704921743636
76.05439662671716,0.33134032310876615
76.05833217117392,0.3162638896523799
76.06226771563067,0.39358974943902286
76.06620326008742,0.08639868334663152
76.07013880454417,0.09614798769429792
76.07407434900092,0.1929506412999823
76.07800989345768,1.9574082430412758
76.08194543791443,1.780869522327528
76.08588098237118,0.19179679453324575
76.08981652682793,0.31487588473084477
76.09375207128467,0.9898435400512221
76.09768761574142,0.7977596007684171
76.10162316019817,0.7864782105411243
76.10555870465492,3.7215202911215135
76.10949424911168,0.7987287687542768
76.11342979356843,1.5172850729296552
76.11736533802518,0.7204320424291973
76.12130088248193,1.2508726405127257
76.12523642693868,0.7208006817903864
76.12917197139544,1.333716790875983
76.13310751585219,1.726689704212109
76.13704306030894,0.6660433492209777
76.14097860476569,0.603756097603162
76.14491414922244,0.09168070878322407
76.1488496936792,0.31197417503855857
76.15278523813595,1.5602472331979562
76.1567207825927,2.0576081860793503
76.16065632704945,0.20429626992391015
76.1645918715062,3.3292036388994215
76.16852741596294,2.205760713468065
76.1724629604197,0.19993860282258807
76.17639850487645,0.2334762872348584
76.1803340493332,0.09577005502710542
76.18426959378995,0.4793847032708283
76.1882051382467,0.237376247899845
76.19214068270345,0.02234116421163176
76.1960762271602,0.16276233970273882
76.20001177161696,0.4681537358843871
76.20394731607371,0.47630001383223125
76.20788286053046,0.22331848119812314
76.21181840498721,0.13242098932905882
76.21575394944396,0.48485990588173344
76.21968949390072,0.6737474102595822
76.22362503835747,0.37206088646669555
76.22756058281422,0.024926815749161467
76.23149612727097,1.1732838072208027
76.23543167172772,1.238414033435183
76.23936721618448,0.11394467719373999
76.24330276064123,0.19258633201507763
76.24723830509797,0.981309426309388
76.25117384955472,1.2615736841609244
76.25510939401147,0.148444504545367
76.25904493846822,0.38010596691420956
76.26298048292497,0.15652587504548182
76.26691602738173,0.5951109488663405
76.27085157183848,1.2341975714541273
76.27478711629523,0.7238017387528678
76.27872266075198,0.14232271929289225
76.28265820520873,0.3435323704560817
76.28659374966549,0.4650839999039015
76.29052929412224,0.96882143818407
76.29446483857899,0.22636190790661354
76.29840038303574,0.6311293901771348
76.30233592749249,1.4005029367618178
76.30627147194924,0.42474003893804313
76.310207016406,1.311961436092581
76.31414256086275,2.3722519525557337
76.3180781053195,2.1372514651501398
76.32201364977625,2.2031146701964244
76.32594919423299,0.765688801074607
76.32988473868974,0.5381417281971098
76.3338202831465,1.7779774231694256
76.33775582760325,0.24919476113367306
76.34169137206,0.9972920510900959
76.34562691651675,2.8208490581523105
76.3495624609735,1.4576262699929619
76.35349800543025,0.11749215922520916
76.357433549887,0.08696133346111255
76.36136909434376,0.2649040270237243
76.36530463880051,0.5021213180574903
76.36924018325726,1.0505235067923968
76.37317572771401,1.7575515465290927
76.37711127217077,1.3211336497050814
76.38104681662752,0.13912234959489184
76.38498236108427,1.9495929562536687
76.38891790554102,2.544472168146952
76.39285344999777,0.08474383711165333
76.39678899445452,1.7416565906435242
76.40072453891128,1.1766148116773745
76.40466008336801,0.5119870782708944
76.40859562782477,2.9200397503320885
76.41253117228152,1.2450296025762357
76.41646671673827,0.1076313941937666
76.42040226119502,0.15299977966186862
76.42433780565177,0.09363146545853392
76.42827335010853,0.5900041343457407
76.43220889456528,0.5823019966378272
76.43614443902203,0.4813955445776051
76.44007998347878,0.5442440614837765
76.44401552793553,0.6230746543567145
76.44795107239229,0.8154435879757544
76.45188661684904,0.8610721416319045
76.45582216130579,0.3898061896628612
76.45975770576254,0.7340346324204029
76.4636932502193,0.4248193000532194
76.46762879467605,0.5432971150934223
76.4715643391328,1.4577370478237646
76.47549988358955,1.0879833399675836
76.4794354280463,0.4416824702830318
76.48337097250304,0.7881104583003942
76.48730651695979,1.9485940591435242
76.49124206141654,1.7451710387779977
76.4951776058733,1.6972200155112929
76.49911315033005,2.742352523198949
76.5030486947868,1.35122087711068
76.50698423924355,0.24738589965049626
76.5109197837003,2.2624703364735397
76.51485532815705,2.4730896087928125
76.5187908726138,1.0526589755941829
76.52272641707056,1.0672338720045693
76.52666196152731,0.6413138247181631
76.53059750598406,0.2782797916643756
76.53453305044081,0.527789872645611
76.53846859489757,0.44209429770949343
76.54240413935432,0.7492414772987878
76.54633968381107,1.7245359076233828
76.55027522826782,0.9404816907316048
76.55421077272457,0.033391363520525214
76.55814631718133,2.593641649192605
76.56208186163806,7.807757059848662
76.56601740609482,3.1983129832850743
76.56995295055157,0.21423633226565764
76.57388849500832,0.9709104946593049
76.57782403946507,0.4103146165307297
76.58175958392182,0.48215248663067073
76.58569512837857,0.3460636523419025
76.58963067283533,1.9267356958248336
76.59356621729208,0.4986499153934116
76.59750176174883,2.369279933259336
76.60143730620558,3.8687601623535874
76.60537285066233,1.5324908530390011
76.60930839511909,0.05654859636245659
76.61324393957584,0.23160189947756493
76.61717948403259,0.49406172048940883
76.62111502848934,0.7917282999335211
76.6250505729461,0.9861387781059312
76.62898611740285,0.13952553087550806
76.6329216618596,1.1236661903848706
76.63685720631635,2.721428120827169
76.64079275077309,0.8677412429642744
76.64472829522984,0.029523773936973655
76.64866383968659,0.5695153032940437
76.65259938414334,0.5472564075128724
76.6565349286001,0.13125864641734136
76.66047047305685,0.5494551950792944
76.6644060175136,0.3909610118392728
76.66834156197035,0.009617930929454467
76.6722771064271,0.006473367921889227
76.67621265088385,0.11392081009493604
76.6801481953406,0.28789901535108176
76.68408373979736,0.021932365028796644
76.68801928425411,1.3081594054691703
76.69195482871086,1.9643028397882862
76.69589037316761,0.2495626968180913
76.69982591762437,0.683847657819289
76.70376146208112,0.9592711115536791
76.70769700653787,0.1500774944837876
76.71163255099462,0.5922768639997793
76.71556809545136,0.6918308183339054
76.71950363990811,0.09485550597751728
76.72343918436486,0.6184486758006779
76.72737472882162,1.4610664339531378
76.73131027327837,1.7572148336752975
76.73524581773512,1.3953806582170225
76.73918136219187,0.657378048697344
76.74311690664862,1.3445343095352682
76.74705245110538,2.3289112287076326
76.75098799556213,1.4548112093718215
76.75492354001888,0.09104863336839537
76.75885908447563,0.517240295552809
76.76279462893238,1.1050511209261282
76.76673017338913,3.1696680393474006
76.77066571784589,2.140774780300094
76.77460126230264,1.2920107514350023
76.77853680675939,6.619844582907319
76.78247235121614,3.891156250941672
76.7864078956729,1.0641594619227306
76.79034344012965,0.7974654629975054
76.79427898458638,0.46095822674066816
76.79821452904314,0.8345528428872295
76.80215007349989,0.7380161436240662
76.80608561795664,2.554497564529386
76.81002116241339,2.4725236065160767
76.81395670687014,2.522974090862285
76.8178922513269,1.6529414059362424
76.82182779578365,0.16673314486786714
76.8257633402404,0.4791327993483809
76.82969888469715,0.4119044908921476
76.8336344291539,0.09644371557619792
76.83756997361066,0.07093205269119603
76.84150551806741,0.5299712692548376
76.84544106252416,0.3199526409155345
76.84937660698091,0.01773394858929871
76.85331215143766,0.659404277468459
76.85724769589442,1.2741301485453196
76.86118324035117,1.0066092634570216
76.86511878480792,0.9097441981043074
76.86905432926467,1.4633135981631824
76.87298987372141,3.2633802351111982
76.87692541817816,3.0080518873773467
76.88086096263491,1.0837399861894776
76.88479650709166,0.1571596344218318
76.88873205154842,0.2175192535362779
76.89266759600517,0.5832768130063607
76.89660314046192,1.0318071708309169
76.90053868491867,1.272913161957841
76.90447422937542,0.9721425289008984
76.90840977383218,0.49886902983537507
76.91234531828893,0.19264524178681816
76.91628086274568,1.1170085181103557
76.92021640720243,2.4976197368299045
76.92415195165918,1.333395131921446
76.92808749611594,0.23733284336015026
76.93202304057269,0.6976089368071047
76.93595858502944,0.35961526922442666
76.93989412948619,0.0027071086056650257
76.94382967394294,0.04221579283646724
76.9477652183997,0.002258448422738927
76.95170076285643,0.15447902126086988
76.95563630731318,0.6963706268772955
76.95957185176994,0.5837387818012355
76.96350739622669,0.10117569304234394
76.96744294068344,0.18779925961572788
76.97137848514019,0.8327389957891792
76.97531402959694,0.9019990758957881
76.9792495740537,0.9547662277644162
76.98318511851045,1.7496293659136704
76.9871206629672,0.3767388287718469
76.99105620742395,1.2390350671050718
76.9949917518807,5.076814584709955
76.99892729633746,3.990526247006243
77.00286284079421,0.5668219426749342
77.00679838525096,0.3566324772651686
77.01073392970771,0.45181950217228817
77.01466947416446,2.0480632789202358
77.01860501862122,0.6637088921225208
77.02254056307797,0.7724787909902051
77.02647610753472,0.8285283491633968
77.03041165199146,0.4110410150571525
77.03434719644821,4.154715094313434
77.03828274090496,3.747874190865089
77.04221828536171,0.2833308685738559
77.04615382981846,0.9502757611164843
77.05008937427522,0.10569494859787798
77.05402491873197,1.2228954161828516
77.05796046318872,0.9163842126054743
77.06189600764547,0.6751040013600919
77.06583155210222,3.444653849889947
77.06976709655898,1.1736402702004258
77.07370264101573,0.016376409074560835
77.07763818547248,0.06966383789832316
77.08157372992923,0.2740494782343705
77.08550927438598,0.4642994580167742
77.08944481884274,0.7085835222441994
77.09338036329949,0.14653829422318818
77.09731590775624,0.9580907036909502
77.10125145221299,0.6271945003309818
77.10518699666974,0.25907416923296184
77.10912254112648,0.2049892472022638
77.11305808558323,0.563759642903736
77.11699363003999,0.5471724735684411
77.12092917449674,0.09506704409638643
77.12486471895349,1.7432274643678618
77.12880026341024,4.3310136740091565
77.132735807867,4.337761141710942
77.13667135232375,2.002798527970796
77.1406068967805,1.196835834431073
77.14454244123725,0.850036863244371
77.148477985694,0.3191760786565173
77.15241353015075,0.16797109664967558
77.1563490746075,0.1676189064298901
77.16028461906426,0.05887271498034428
77.16422016352101,0.1728528670036205
77.16815570797776,0.18679017059389946
77.17209125243451,0.004586623040881697
77.17602679689126,0.23521338839495423
77.17996234134802,0.6068660966034054
77.18389788580477,0.5049514266149463
77.1878334302615,0.27518818551020724
77.19176897471826,0.300530576104477
77.19570451917501,0.3097305742958945
77.19964006363176,0.20442220341158304
77.20357560808851,0.6374016905511775
77.20751115254527,0.2459375761836761
77.21144669700202,0.6050966798281613
77.21538224145877,0.6992125100578561
77.21931778591552,0.3370596732434932
77.22325333037227,2.194752983154781
77.22718887482903,0.801227278484856
77.23112441928578,0.5490774084350315
77.23505996374253,1.0041161147988775
77.23899550819928,0.2205435102658223
77.24293105265603,0.07652725950098749
77.24686659711278,0.6229596329151577
77.25080214156954,1.6887678968357769
77.25473768602629,2.297680104192725
77.25867323048304,0.6260885679356422
77.26260877493979,1.7673188879335022
77.26654431939653,3.9694525520829282
77.27047986385328,1.157981415035373
77.27441540831003,0.22372420723592987
77.27835095276679,2.431501698418612
77.28228649722354,4.89096781300103
77.28622204168029,2.0214949616326825
77.29015758613704,0.3975389187385512
77.2940931305938,0.766368515087845
77.29802867505055,0.2950408416063558
77.3019642195073,0.6396558554225688
77.30589976396405,0.7987321113197478
77.3098353084208,0.09114554457943036
77.31377085287755,0.9314796905291826
77.3177063973343,1.6657082642813752
77.32164194179106,0.5543168088681147
77.32557748624781,0.21557686534129705
77.32951303070456,0.20357931701968568
77.33344857516131,0.6914899218158306
77.33738411961806,2.8752388996473677
77.3413196640748,1.3181349950417707
77.34525520853155,0.39055509678664
77.3491907529883,2.3620857500756793
77.35312629744506,0.8978568932957159
77.35706184190181,1.832752709496811
77.36099738635856,1.2018807021456064
77.36493293081531,0.582425658725178
77.36886847527207,1.853290913215298
77.37280401972882,0.3887071492748941
77.37673956418557,0.3963972247199127
77.38067510864232,0.6550360038685515
77.38461065309907,0.4094454174217003
77.38854619755583,0.36011509324589225
77.39248174201258,0.024805070586409614
77.39641728646933,0.28914432100710336
77.40035283092608,0.03028423284653567
77.40428837538283,0.06082637816719429
77.40822391983959,0.2691626337709078
77.41215946429634,0.8393867942426592
77.41609500875309,0.07470292808739719
77.42003055320983,1.2740260528441192
77.42396609766658,0.385726740849542
77.42790164212333,0.808796971377926
77.43183718658008,1.4283979975279464
77.43577273103683,0.22832019756725666
77.43970827549359,0.1696380533642606
77.44364381995034,0.012392000394375538
77.44757936440709,0.42170627201746
77.45151490886384,1.8228698344971133
77.4554504533206,1.436581639632448
77.45938599777735,0.3086123136158117
77.4633215422341,0.6292293583019597
77.46725708669085,0.033939082001831246
77.4711926311476,0.42892270575396235
77.47512817560435,0.21350306017289544
77.4790637200611,0.9261969335001157
77.48299926451786,1.43211081774206
77.48693480897461,0.8681065825498162
77.49087035343136,0.6899240762200972
77.49480589788811,0.8777716386203366
77.49874144234485,0.5914079353884254
77.5026769868016,1.580756794784707
77.50661253125836,2.1439083661725573
77.5105480757151,0.60015782985757
77.51448362017186,0.3543264176272754
77.51841916462861,0.3901427121373939
77.52235470908536,0.07012366701195415
77.52629025354211,0.28309874240320265
77.53022579799887,0.5174740529960788
77.53416134245562,1.593779564480949
77.53809688691237,3.6153726957712484
77.54203243136912,4.32690717682224
77.54596797582587,0.7547724278520422
77.54990352028263,0.5610300120457117
77.55383906473938,1.045256374728049
77.55777460919613,0.03796762836182242
77.56171015365288,1.5452893945535102
77.56564569810963,5.280432354933508
77.56958124256639,5.602110867906525
77.57351678702314,1.3167393047341347
77.57745233147988,1.3649582205341968
77.58138787593663,1.6477643650066292
77.58532342039338,1.493088565942973
77.58925896485013,2.6855764606297425
77.59319450930688,1.637264482253502
77.59713005376364,0.2213952170658709
77.60106559822039,1.046712780204129
77.60500114267714,1.2043397224278267
77.60893668713389,0.04802128334306053
77.61287223159064,1.0030473481001019
77.6168077760474,0.880157983025932
77.62074332050415,0.05029612995028766
77.6246788649609,0.8970270064257937
77.62861440941765,0.6316444985007392
77.6325499538744,0.09471059342003534
77.63648549833115,0.005103273877807725
77.6404210427879,0.11079014579882923
77.64435658724466,0.07345039151253246
77.64829213170141,0.38972155605272785
77.65222767615816,0.6264876398286997
77.6561632206149,0.6463873744711569
77.66009876507165,0.4356677627716496
77.6640343095284,0.010940674031624105
77.66796985398516,0.5717448119023837
77.67190539844191,0.5930272951240284
77.67584094289866,0.37279375897261546
77.67977648735541,0.3236895483277962
77.68371203181216,2.4299166153781417
77.68764757626892,4.2674079511562315
77.69158312072567,1.0543364111476627
77.69551866518242,1.0614942800977287
77.69945420963917,3.4066245145961056
77.70338975409592,1.8565906400993275
77.70732529855268,0.605090602474071
77.71126084300943,0.48213235542327454
77.71519638746618,0.27871743267770577
77.71913193192293,1.7223559001940372
77.72306747637968,2.141795737186974
77.72700302083643,0.8039768203007938
77.73093856529319,0.7567120861571806
77.73487410974992,0.27861477272855006
77.73880965420668,0.15276170976615205
77.74274519866343,1.286157958797736
77.74668074312018,3.072347958997014
77.75061628757693,3.6292631811715053
77.75455183203368,1.4419417279673759
77.75848737649044,0.2967355136575494
77.76242292094719,0.17627313160303992
77.76635846540394,0.06140265242981949
77.77029400986069,0.5751795761193309
77.77422955431744,0.6919856950287026
77.7781650987742,1.0648237276212738
77.78210064323095,1.878443242290674
77.7860361876877,1.618589701204241
77.78997173214445,0.5905987041028424
77.7939072766012,0.6419369194210839
77.79784282105796,0.8641251521726031
77.8017783655147,0.7813201152089697
77.80571390997146,0.4335900897942298
77.80964945442821,0.023109679323246632
77.81358499888495,0.9992429113233553
77.8175205433417,1.4808415840075728
77.82145608779845,0.6636007483205397
77.8253916322552,0.26632412888795837
77.82932717671196,0.636266462295943
77.83326272116871,0.7693298597319627
77.83719826562546,1.2435654542210608
77.84113381008221,1.2599885898609144
77.84506935453896,1.2973856074955774
77.84900489899572,2.666627209992395
77.85294044345247,3.465564305985879
77.85687598790922,1.9903244247255338
77.86081153236597,1.8219855186123632
77.86474707682272,1.268997519469988
77.86868262127948,0.6352709268687249
77.87261816573623,0.715169472327067
77.87655371019298,0.11488447449532917
77.88048925464973,1.176822950684009
77.88442479910648,1.3316613872164051
77.88836034356322,0.38316693942573365
77.89229588801997,0.10590305733796784
77.89623143247672,1.4593058295494115
77.90016697693348,2.3105228061385303
77.90410252139023,1.7957012793752956
77.90803806584698,0.538336907907696
77.91197361030373,0.008140208610320405
77.91590915476048,0.2800578452140235
77.91984469921724,1.0088612890478097
77.92378024367399,0.6656993322049773
77.92771578813074,0.21319215664000749
77.93165133258749,0.1500832192509928
77.93558687704424,0.15212055956033851
77.939522421501,0.26754608989250445
77.94345796595775,0.46720015816716254
77.9473935104145,0.7258572008359432
77.95132905487125,2.212388370869833
77.955264599328,3.439268161200014
77.95920014378476,1.8201862000001114
77.96313568824151,0.3431714676227822
77.96707123269825,0.4683064875806504
77.971006777155,1.4359789291967475
77.97494232161175,1.4256492635217102
77.9788778660685,1.5737839430374783
77.98281341052525,1.6274846806661651
77.986748954982,0.06459385686095166
77.99068449943876,1.372624898990791
77.99462004389551,2.215373187682598
77.99855558835226,0.15770746644716124
78.00249113280901,0.9216855236725643
78.00642667726576,1.4657841350617762
78.01036222172252,0.39153140480549553
78.01429776617927,0.15609059135512246
78.01823331063602,0.6370787814503546
78.02216885509277,1.0727277168261946
78.02610439954952,1.3084739949020723
78.03003994400628,0.7330813682801723
78.03397548846303,0.30737019043726077
78.03791103291978,0.2978108222558382
78.04184657737653,0.058433503793781344
78.04578212183327,0.5903642696547715
78.04971766629002,1.206995828716806
78.05365321074677,0.610846961290076
78.05758875520353,2.3486489397898778
78.06152429966028,1.9195918947931818
78.06545984411703,0.262198626156843
78.06939538857378,2.1433022394982215
78.07333093303053,0.7209269813083781
78.07726647748729,1.6707203233177848
78.08120202194404,4.71507099597297
78.08513756640079,1.5593097428239002
78.08907311085754,0.6305323401350929
78.09300865531429,3.001792785586715
78.09694419977104,1.8604197801046927
78.1008797442278,0.7517576179000641
78.10481528868455,0.8444984921621088
78.1087508331413,0.2736461605586423
78.11268637759805,0.07469525875478125
78.1166219220548,0.5989105561433078
78.12055746651156,1.069460305324351
78.1244930109683,0.8086522922040819
78.12842855542505,0.04615306002144663
78.1323640998818,0.6692715733687433
78.13629964433855,0.8981909826372121
78.1402351887953,0.07226606395226111
78.14417073325205,0.5327078491687395
78.1481062777088,0.9263807204077056
78.15204182216556,0.9908233925777165
78.15597736662231,1.4124658307847342
78.15991291107906,1.3979156153932115
78.16384845553581,2.848483333202435
78.16778399999257,6.098161380853242
78.17171954444932,4.929773953897841
78.17565508890607,1.3534186456835655
78.17959063336282,0.300123369340663
78.18352617781957,0.35390688749416116
78.18746172227632,0.8729988586124585
78.19139726673308,1.1072843876190614
78.19533281118983,0.3949661815006862
78.19926835564658,0.6010712217494983
78.20320390010332,0.925359211509624
78.20713944456007,0.1308223979779018
78.21107498901682,1.754702776424421
78.21501053347357,2.6749093347519826
78.21894607793033,0.5279451090448268
78.22288162238708,1.179880949342668
78.22681716684383,0.8633596036157446
78.23075271130058,1.4658004212443068
78.23468825575733,5.037765305222431
78.23862380021409,1.0655131527133912
78.24255934467084,1.4558744371455654
78.24649488912759,3.7419457393733273
78.25043043358434,0.5542019828042976
78.2543659780411,0.31923232338196456
78.25830152249785,0.1298429109078851
78.2622370669546,0.2360809958492685
78.26617261141135,0.30923936422127873
78.2701081558681,0.11687930418532465
78.27404370032485,0.001630041382535167
78.2779792447816,0.5425809898789621
78.28191478923834,0.5042872210372066
78.2858503336951,0.28940645380593694
78.28978587815185,1.2291901430531784
78.2937214226086,0.44609816949992553
78.29765696706535,0.6092530883085923
78.3015925115221,0.19659999752314944
78.30552805597885,0.25821822125062827
78.3094636004356,0.32832044923197035
78.31339914489236,0.09048432687197029
78.31733468934911,0.037506638088177065
78.32127023380586,0.07717756317670503
78.32520577826261,0.1564003059488479
78.32914132271937,0.36408883509322737
78.33307686717612,0.38205240294331944
78.33701241163287,0.8257695307476001
78.34094795608962,0.1911128710162553
78.34488350054637,0.6911114281932681
78.34881904500313,0.11619751529200646
78.35275458945988,1.8451171581320054
78.35669013391663,3.361829118035362
78.36062567837337,0.5228330609203324
78.36456122283012,0.060939692082185304
78.36849676728687,0.06205390993320401
78.37243231174362,1.5818406724866654
78.37636785620037,1.7023553622451773
78.38030340065713,0.14749592538129488
78.38423894511388,0.196918300300069
78.38817448957063,0.18877334545258914
78.39211003402738,0.035111042945427724
78.39604557848413,0.008921209757744972
78.39998112294089,0.06756555828385029
78.40391666739764,0.19260736266690676
78.40785221185439,0.42318462682830776
78.41178775631114,0.4752903035081279
78.4157233007679,0.36117423657129705
78.41965884522465,1.4808145384047657
78.4235943896814,1.4892008767280398
78.42752993413815,0.08002168615568558
78.4314654785949,1.1906754466643987
78.43540102305164,0.5851246687882746
78.43933656750839,2.3603863607398834
78.44327211196514,3.1618257570109587
78.4472076564219,0.11679800643698436
78.45114320087865,1.467186110480982
78.4550787453354,1.7202207920016608
78.45901428979215,0.48893259366925973
78.4629498342489,0.24043230337176408
78.46688537870565,0.36721763588668094
78.4708209231624,1.1198307586009544
78.47475646761916,1.4430002188924451
78.47869201207591,0.6362519350372512
78.48262755653266,0.04523745473547561
78.48656310098941,0.06653203749453293
78.49049864544617,0.41830239671448743
78.49443418990292,0.7719508529270597
78.49836973435967,0.3975756869533345
78.50230527881642,0.04694030405845465
78.50624082327317,0.5266551972147357
78.51017636772993,0.7809506468277125
78.51411191218666,1.8671342606425483
78.51804745664342,1.7621308413824142
78.52198300110017,0.0591437652341468
78.52591854555692,0.7833715279160102
78.52985409001367,0.7966702060930324
78.53378963447042,0.11407694672423478
78.53772517892718,0.8434317169514459
78.54166072338393,0.39341492016251867
78.54559626784068,0.20164195948841437
78.54953181229743,0.8914798452895104
78.55346735675418,0.17640885658391972
78.55740290121093,0.24824832706764471
78.56133844566769,0.1839837225747417
78.56527399012444,0.2850237539041186
78.56920953458119,1.0305180563563223
78.57314507903794,0.131456242188196
78.5770806234947,0.7535134233337376
78.58101616795145,1.629722664118153
78.5849517124082,0.9824560087757759
78.58888725686495,0.33933980538581887
78.59282280132169,0.5108006263243183
78.59675834577844,1.0414174297668712
78.60069389023519,0.4289210531414049
78.60462943469194,0.2710743103310796
78.6085649791487,2.1767635516917205
78.61250052360545,2.573389300890024
78.6164360680622,0.44282540389104486
78.62037161251895,0.40328431680647847
78.6243071569757,0.48670115875017733
78.62824270143246,0.14441238143040663
78.63217824588921,1.230361471937969
78.63611379034596,0.47000937622062394
78.64004933480271,0.13419746184517678
78.64398487925946,1.244050614013985
78.64792042371622,1.262776640853663
78.65185596817297,0.5817172311773846
78.65579151262972,0.3782064504833148
78.65972705708647,0.11364160032989182
78.66366260154322,0.5748908180037632
78.66759814599997,0.5589045413487945
78.67153369045671,0.1542235758780515
78.67546923491346,0.10158145451785631
78.67940477937022,0.37875013378881095
78.68334032382697,0.004013337832319389
78.68727586828372,0.66671282053294
78.69121141274047,0.36895150268547683
78.69514695719722,0.1260897737334948
78.69908250165398,0.1581256941603578
78.70301804611073,0.3562371627982477
78.70695359056748,0.7297757838635096
78.71088913502423,2.6961689750533977
78.71482467948098,2.8253130903544115
78.71876022393774,1.5693622009445878
78.72269576839449,3.3592712397348703
78.72663131285124,2.1052580684936375
78.73056685730799,2.906524416612185
78.73450240176474,3.5805633486931314
78.7384379462215,0.2780684618196758
78.74237349067825,1.6743078124785997
78.746309035135,3.8555753649503592
78.75024457959174,1.5215494357011234
78.75418012404849,0.00040279014588830907
78.75811566850524,0.6828641497139629
78.76205121296199,0.8074900864244434
78.76598675741874,0.4986875317016521
78.7699223018755,0.8874119367141704
78.77385784633225,0.7581186523861786
78.777793390789,0.027769417219031582
78.78172893524575,0.30240125365311754
78.7856644797025,0.13593782166303037
78.78960002415926,1.09991023385389
78.79353556861601,2.3867985993808323
78.79747111307276,1.6114851904454406
78.80140665752951,0.7777753140443968
78.80534220198626,0.19675898851806806
78.80927774644302,0.17596484380536345
78.81321329089977,0.9890814414416513
78.81714883535652,2.022870001759719
78.82108437981327,1.3099969524574377
78.82501992427002,0.36873508731238996
78.82895546872676,0.3098522591048216
78.83289101318351,0.1355265590320157
78.83682655764026,0.6934784983432274
78.84076210209702,0.9006153633963389
78.84469764655377,1.5922558213665365
78.84863319101052,2.7928602739079036
78.85256873546727,0.8526342280932011
78.85650427992402,0.8948533748417997
78.86043982438078,1.7223901145179097
78.86437536883753,2.0260450578374174
78.86831091329428,1.922224913949032
78.87224645775103,1.8440503587704564
78.87618200220778,5.141844917882452
78.88011754666454,2.865688476137413
78.88405309112129,0.8809374406660408
78.88798863557804,1.8022785034687872
78.89192418003479,0.556673298018667
78.89585972449154,0.5350373832591854
78.8997952689483,0.4408142749567874
78.90373081340505,0.024730612047606373
78.90766635786179,0.023142752178869783
78.91160190231854,0.07762116544166665
78.91553744677529,0.919392410747823
78.91947299123204,1.4454705006583768
78.9234085356888,0.7097140439076722
78.92734408014555,0.3690467020808329
78.9312796246023,0.49213094336146
78.93521516905905,0.7089292411158913
78.9391507135158,0.3696493168449602
78.94308625797255,1.2436976365265098
78.9470218024293,2.475023781652952
78.95095734688606,1.74356645932469
78.95489289134281,0.8284486300661236
78.95882843579956,1.7502914429370307
78.96276398025631,2.3558143913006857
78.96669952471306,0.6740172073903751
78.97063506916982,0.17685247157635975
78.97457061362657,0.5424357492680201
78.97850615808332,0.6870695089255546
78.98244170254006,1.8623647246806203
78.98637724699681,1.8194527896102997
78.99031279145356,1.0015985539463388
78.99424833591031,2.6988943006885013
78.99818388036707,1.2412404683416114
79.00211942482382,0.21603696480049148
79.00605496928057,1.016466529363855
79.00999051373732,0.25558984385263606
79.01392605819407,0.024241172359007208
79.01786160265083,0.21613223775235305
79.02179714710758,0.514462783818824
79.02573269156433,0.6595288098651569
79.02966823602108,3.022189345320727
79.03360378047783,4.149746612550279
79.03753932493458,1.983117630072548
79.04147486939134,0.3042237080057311
79.04541041384809,0.4982252430046894
79.04934595830484,0.39029115415077675
79.05328150276159,2.0266003655000535
79.05721704721834,3.5050539812144454
79.06115259167508,1.0502230187618644
79.06508813613183,0.09713927819095484
79.06902368058859,1.0549174307468396
79.07295922504534,0.7114466717387828
79.07689476950209,0.4061558611881554
79.08083031395884,3.0343068845022465
79.0847658584156,3.7951490453634555
79.08870140287235,1.1205989773314764
79.0926369473291,0.034840434786972865
79.09657249178585,0.010132296247272026
79.1005080362426,0.2453488214218402
79.10444358069935,0.434372721381628
79.1083791251561,0.23268390307817352
79.11231466961286,0.4156423965004942
79.11625021406961,0.6639876802954294
79.12018575852636,0.19121948371921413
79.12412130298311,0.007279628982131575
79.12805684743986,0.054726992172285084
79.13199239189662,0.0233476721287375
79.13592793635337,0.14503531619927484
79.1398634808101,0.06444092350304009
79.14379902526686,0.1738051945363588
79.14773456972361,0.09547070358750193
79.15167011418036,0.8551528587143267
79.15560565863711,2.9713175006587584
79.15954120309387,1.2041902060548977
79.16347674755062,0.7441814707232267
79.16741229200737,1.9917597477537727
79.17134783646412,0.5967333767741422
79.17528338092087,0.33612345100842517
79.17921892537763,0.8548504205334576
79.18315446983438,0.01849225566309156
79.18709001429113,1.3014473385643333
79.19102555874788,2.1368521023195646
79.19496110320463,0.8546278017899706
79.19889664766139,0.9992082408693785
79.20283219211814,0.3305929675958087
79.20676773657489,0.2726893746272431
79.21070328103164,1.0291977161835735
79.2146388254884,3.041346674707234
79.21857436994513,2.7462233268903327
79.22250991440188,0.1710131616859261
79.22644545885863,1.5441518021950986
79.23038100331539,2.9097272235864584
79.23431654777214,0.6307888844534228
79.23825209222889,0.38737893843831667
79.24218763668564,1.667414010703899
79.2461231811424,0.9474808106347858
79.25005872559915,0.3414664865485928
79.2539942700559,0.7911214074558994
79.25792981451265,0.934526253887222
79.2618653589694,0.10281151020787735
79.26580090342615,0.32723969016850707
79.2697364478829,0.135328194273617
79.27367199233966,0.14006191628382805
79.27760753679641,0.29525603304667886
79.28154308125316,0.5854754163594771
79.28547862570991,0.18987203842770758
79.28941417016667,0.4773930464587298
79.29334971462342,0.06136586567557868
79.29728525908016,1.5340280084874964
79.3012208035369,2.2522044845113256
79.30515634799366,0.20197447297651872
79.30909189245041,2.0886330201738157
79.31302743690716,0.6058327498206205
79.31696298136391,1.7406956855550126
79.32089852582067,0.8124313979323616
79.32483407027742,0.8421215901675737
79.32876961473417,1.3200689092244784
79.33270515919092,0.001703234047078288
79.33664070364767,0.6064232506931917
79.34057624810443,0.26573232064926994
79.34451179256118,0.054381263485532585
79.34844733701793,0.5334783590150466
79.35238288147468,2.6019193318442237
79.35631842593143,2.8514672619314627
79.36025397038819,1.188171606056353
79.36418951484494,0.06903050596959517
79.36812505930169,0.17967655880102992
79.37206060375844,0.5817823911534784
79.37599614821518,0.5632177020599903
79.37993169267193,0.007087710611257165
79.38386723712868,1.4044920921931563
79.38780278158544,2.6561908484169927
79.39173832604219,1.406102373559164
79.39567387049894,0.056588057280944334
79.39960941495569,0.23924801870641255
79.40354495941244,0.247127912503521
79.4074805038692,0.6896130820278796
79.41141604832595,0.6559892134955837
79.4153515927827,0.30159358306100853
79.41928713723945,0.1797087040440387
79.4232226816962,0.1588479186726928
79.42715822615295,0.5614973458248803
79.4310937706097,0.07457462511568037
79.43502931506646,0.9898781059387378
79.43896485952321,0.7508001111702695
79.44290040397996,0.10534205046921882
79.44683594843671,0.19441495841688858
79.45077149289347,0.10328187165751668
79.4547070373502,0.19235566686371863
79.45864258180696,0.5899246868424295
79.46257812626371,0.601447740021331
79.46651367072046,0.06134497463484228
79.47044921517721,0.15639902741946757
79.47438475963396,0.5293280663978243
79.47832030409072,0.26082524219921766
79.48225584854747,0.054355709863948824
79.48619139300422,0.11792263381958777
79.49012693746097,0.005962599022441054
79.49406248191772,0.11225411043752444
79.49799802637447,0.5816464321290845
79.50193357083123,1.6572286693054998
79.50586911528798,1.9479488180539957
79.50980465974473,1.6039723199054974
79.51374020420148,1.2389021180117128
79.51767574865823,0.26365111732536656
79.52161129311499,0.13007981167513252
79.52554683757174,0.5319756128657344
79.52948238202848,0.6577164216894996
79.53341792648523,0.021587564487962996
79.53735347094198,1.2227829516832442
79.54128901539873,0.2945653464176143
79.54522455985548,0.8409143909009059
79.54916010431224,1.1530223067051535
79.55309564876899,0.4970725601986902
79.55703119322574,0.6808355606476012
79.56096673768249,0.5349075232426257
79.56490228213924,4.023541409678998
79.568837826596,1.8857826478775948
79.57277337105275,0.0451452469015624
79.5767089155095,0.20943588116446785
79.58064445996625,1.0276689182672294
79.584580004423,0.28228211225574545
79.58851554887976,0.885118197954282
79.5924510933365,0.9572347169240276
79.59638663779326,0.1658576300542821
79.60032218225001,0.7962482972691528
79.60425772670676,0.18226229138964553
79.6081932711635,0.05942933912244615
79.61212881562025,0.06177056546409151
79.616064360077,0.29693126668733205
79.61999990453376,0.03968077010133184
79.62393544899051,0.1463108908675566
79.62787099344726,0.005270736443814414
79.63180653790401,0.06098491926026465
79.63574208236076,0.04472690196439963
79.63967762681752,0.7675450762077929
79.64361317127427,0.3595262065046232
79.64754871573102,0.3996655455661661
79.65148426018777,2.424419410609368
79.65541980464452,1.4697347683510795
79.65935534910128,0.6358676354598761
79.66329089355803,1.5364047377319927
79.66722643801478,0.43589644587829834
79.67116198247153,0.10833473691171511
79.67509752692828,0.44003155262672505
79.67903307138504,1.5363422725368132
79.68296861584179,2.46211082542939
79.68690416029852,1.809255196319306
79.69083970475528,1.302129334452247
79.69477524921203,0.4676816683211535
79.69871079366878,0.037117197865976795
79.70264633812553,0.1088527161048412
79.70658188258228,0.3641542716763354
79.71051742703904,0.6926714515338234
79.71445297149579,0.7487695000366955
79.71838851595254,0.5566271315138297
79.72232406040929,1.2229541925364467
79.72625960486604,1.4960200725914745
79.7301951493228,0.9881092870870647
79.73413069377955,0.9582562309203563
79.7380662382363,0.5488454309806298
79.74200178269305,0.4952531378271627
79.7459373271498,1.9900319300730391
79.74987287160656,0.5761846962314576
79.75380841606331,0.4108710706132752
79.75774396052006,1.0645411280997388
79.76167950497681,0.5240255099799623
79.76561504943355,0.14760672055517524
79.7695505938903,0.2763894490528375
79.77348613834705,0.07292700141308957
79.7774216828038,1.821762911783904
79.78135722726056,1.8406623881854713
79.78529277171731,2.2874012919438753
79.78922831617406,1.5448214132708522
79.79316386063081,0.5656505050856786
79.79709940508756,4.945007692683173
79.80103494954432,3.2550417007683543
79.80497049400107,0.3668736442250606
79.80890603845782,0.20817042131817487
79.81284158291457,0.09898603873010496
79.81677712737132,1.176589809313941
79.82071267182808,0.8209268484085644
79.82464821628483,0.0471353596398869
79.82858376074158,0.3587628048111535
79.83251930519833,0.7041248971419306
79.83645484965508,3.3872746239042915
79.84039039411184,4.637508321427636
79.84432593856857,1.346492098406698
79.84826148302533,0.12828070204164674
79.85219702748208,0.2994841826812742
79.85613257193883,0.1657567555314765
79.86006811639558,0.011904714173126595
79.86400366085233,1.624264320264386
79.86793920530909,1.1548730527425979
79.87187474976584,0.37734443401314
79.87581029422259,1.1311864233914046
79.87974583867934,0.4127319796322004
79.88368138313609,3.2169703586105367
79.88761692759284,0.4263793210350788
79.8915524720496,1.0965303656278322
79.89548801650635,0.14519491348805044
79.8994235609631,0.9208417818502184
79.90335910541985,0.36854943756260283
79.9072946498766,1.2356341003798936
79.91123019433336,0.45904507540865574
79.91516573879011,1.092040126773401
79.91910128324686,1.80245631190774
79.9230368277036,0.24653284210776166
79.92697237216035,0.02632834835079379
79.9309079166171,0.22070709672882813
79.93484346107385,0.2058646548991565
79.9387790055306,2.164498816108445
79.94271454998736,1.3026652328268864
79.94665009444411,1.9318338775601085
79.95058563890086,3.925839137659586
79.95452118335761,0.5055720991356305
79.95845672781437,1.624080372003706
79.96239227227112,0.6942838566128454
79.96632781672787,0.1473941331154259
79.97026336118462,0.632351068028833
79.97419890564137,0.7070675436078111
79.97813445009812,0.7463411302022559
79.98206999455488,1.7469909094486442
79.98600553901163,0.6960425970346911
79.98994108346838,0.1358695001064357
79.99387662792513,0.2668519621343213
79.99781217238188,0.6249470314622577
80.00174771683862,0.5883494894486545
80.00568326129537,0.9511930955832526
80.00961880575213,1.3355793668244045
80.01355435020888,2.302668710424773
80.01748989466563,1.7142189223108155
80.02142543912238,2.656169076545753
80.02536098357913,1.8001606156737608
80.02929652803589,2.491479958616198
80.03323207249264,3.705114530339657
80.03716761694939,1.0221944898942883
80.04110316140614,0.028447483572061193
80.0450387058629,0.42000802067236737
80.04897425031965,0.14117335323041946
80.0529097947764,0.2643938157530602
80.05684533923315,1.184637053298017
80.0607808836899,1.243681394966306
80.06471642814665,0.9842354247679528
80.0686519726034,0.8793063246372633
80.07258751706016,0.6701929469828822
80.0765230615169,0.17782406750859187
80.08045860597365,0.7976139604402962
80.0843941504304,1.5575273325468437
80.08832969488715,0.12001284320266387
80.0922652393439,0.899970934148405
80.09620078380065,1.499136763448311
80.1001363282574,0.3064866961001439
80.10407187271416,0.14773469460751962
80.10800741717091,0.0448354223777904
80.11194296162766,0.3710160505992875
80.11587850608441,0.8674395202333727
80.11981405054117,0.0018460797358892697
80.12374959499792,1.9445391020214209
80.12768513945467,2.191687267568928
80.13162068391142,0.09154464996495089
80.13555622836817,0.6174239558299569
80.13949177282493,0.41214452431046983
80.14342731728168,0.033210514668672995
80.14736286173843,0.12565720597745214
80.15129840619518,0.3850239757330836
80.15523395065192,0.5504765229903846
80.15916949510867,0.442899726050063
80.16310503956542,2.18776610282519
80.16704058402217,1.2508033055750454
80.17097612847893,0.3616927701020532
80.17491167293568,0.4949323002667684
80.17884721739243,1.3011430347604465
80.18278276184918,6.825480930404196
80.18671830630593,3.054179032497519
80.19065385076269,0.09662095801834662
80.19458939521944,1.417221869793856
80.19852493967619,1.1380714044308406
80.20246048413294,1.1223607450891901
80.2063960285897,1.9329237979329867
80.21033157304645,0.1094572295597615
80.2142671175032,4.446120767025452
80.21820266195995,4.784564805602958
80.2221382064167,2.416775444513804
80.22607375087345,6.032137378853035
80.2300092953302,1.8014733142056247
80.23394483978694,1.4069100067018088
80.2378803842437,1.3322971990483603
80.24181592870045,0.3467868006936926
80.2457514731572,0.7281683854382905
80.24968701761395,0.46416887559817116
80.2536225620707,0.4571167419613735
80.25755810652745,0.47599266915786775
80.2614936509842,0.3202411226057587
80.26542919544096,0.047338503661983444
80.26936473989771,0.7052156894101073
80.27330028435446,0.8317291371777971
80.27723582881121,0.2637828720166405
80.28117137326797,0.03691407278353073
80.28510691772472,0.27037305003420664
80.28904246218147,0.4693493197716181
80.29297800663822,1.0845606906753116
80.29691355109497,0.9654183195540151
80.30084909555173,0.4370758238069559
80.30478464000848,0.26670824820417866
80.30872018446523,0.34552778766498743
80.31265572892197,0.5275633038939592
80.31659127337872,0.8193532335200174
80.32052681783547,2.2419279426319405
80.32446236229222,4.351547627264347
80.32839790674898,4.085958019827665
80.33233345120573,0.8867287861325872
80.33626899566248,0.42856756464669926
80.34020454011923,2.3347460217692535
80.34414008457598,1.5991506615626867
80.34807562903273,0.1859646080917108
80.35201117348949,0.01754305198678006
80.35594671794624,0.13029941304463216
80.35988226240299,0.7999153732178851
80.36381780685974,2.035601345810843
80.3677533513165,2.765748728469489
80.37168889577325,2.5072946966822833
80.37562444023,1.3565160219916368
80.37955998468675,0.21722469607700978
80.3834955291435,0.5753816539920745
80.38743107360025,1.9995329472374053
80.39136661805699,1.415642100927239
80.39530216251374,3.3302451353431364
80.3992377069705,8.068364904844723
80.40317325142725,3.316762703373501
80.407108795884,0.18948497345041915
80.41104434034075,1.046884701611344
80.4149798847975,0.1371841103847072
80.41891542925426,0.8990817286886017
80.42285097371101,0.13237176811136764
80.42678651816776,1.8873588510308033
80.43072206262451,1.322439216934175
80.43465760708126,0.05119921415698808
80.43859315153802,1.0160959431381895
80.44252869599477,2.6826171484754
80.44646424045152,2.04761337972482
80.45039978490827,0.7687731523090857
80.45433532936502,0.41315584309785186
80.45827087382177,1.6829470513836315
80.46220641827853,0.4923128559157394
80.46614196273528,0.6546593349936682
80.47007750719202,0.6913833410218096
80.47401305164877,0.026475806671304856
80.47794859610552,0.108845816837585
80.48188414056227,1.5957081593413633
80.48581968501902,2.3845631007852166
80.48975522947578,0.258254726723433
80.49369077393253,2.46935083916112
80.49762631838928,6.156096618670144
80.50156186284603,3.1329856424893077
80.50549740730278,0.16891933776492044
80.50943295175954,2.458256767960121
80.51336849621629,0.13080338495406416
80.51730404067304,2.9288417855945013
80.52123958512979,2.1520842231173902
80.52517512958654,0.2665218286072672
80.5291106740433,1.0590344927605517
80.53304621850005,1.5204100683757986
80.5369817629568,2.173632339368096
80.54091730741355,0.4891522198210316
80.5448528518703,0.011990041757865926
80.54878839632704,0.12512198591531826
80.55272394078379,0.2486473169852601
80.55665948524054,0.10953686297762225
80.5605950296973,1.6589548241494323
80.56453057415405,1.7446172715213495
80.5684661186108,0.6743513893918509
80.57240166306755,0.693810538267759
80.5763372075243,0.4119131374064172
80.58027275198106,0.6374980822193752
80.58420829643781,1.759917152294136
80.58814384089456,2.9700508247116124
80.59207938535131,2.4918036855098626
80.59601492980806,1.525515102689011
80.59995047426482,1.470765198362009
80.60388601872157,1.1381727521306373
80.60782156317832,0.5456393981382133
80.61175710763507,0.42354348967342675
80.61569265209182,0.379850480244448
80.61962819654858,1.6282786502598476
80.62356374100531,0.6233295084577645
80.62749928546206,0.4613624984441922
80.63143482991882,0.38861510465738963
80.63537037437557,0.29638188041629043
80.63930591883232,0.7821224447844177
80.64324146328907,0.5211961781606474
80.64717700774582,1.1915400085366872
80.65111255220258,0.8524301927746105
80.65504809665933,2.1636128809766726
80.65898364111608,2.104580616120615
80.66291918557283,1.7208614289289375
80.66685473002958,0.31491259075851025
80.67079027448634,1.4154369659086232
80.67472581894309,1.0946879303380859
80.67866136339984,0.3349617596401437
80.68259690785659,2.1239704507720325
80.68653245231334,0.3443644292857389
80.6904679967701,0.3817380600785744
80.69440354122685,0.15103434322982884
80.6983390856836,0.37287762584714135
80.70227463014034,0.8603887876565244
80.70621017459709,0.2929722262120074
80.71014571905384,0.008406789724703724
80.7140812635106,1.1478039968780502
80.71801680796735,2.8021224014055046
80.7219523524241,1.7282839141926623
80.72588789688085,0.4174749241017423
80.7298234413376,0.7961233766437995
80.73375898579435,0.5879732204109853
80.7376945302511,0.5073795042718637
80.74163007470786,1.5002380257666288
80.74556561916461,2.1986390361989168
80.74950116362136,2.1084900627276904
80.75343670807811,1.046620308401625
80.75737225253486,0.2983076627320682
80.76130779699162,0.5157569642200679
80.76524334144837,1.380280236490712
80.76917888590512,2.6018490940780197
80.77311443036187,2.870582629241613
80.77704997481862,1.3947458726869337
80.78098551927536,0.0931953522255412
80.78492106373211,0.3130048473288462
80.78885660818887,0.9816583530872902
80.79279215264562,0.42870705519199587
80.79672769710237,0.06746259831232691
80.80066324155912,0.6521347545648097
80.80459878601587,0.6942027617774018
80.80853433047263,0.5445386665662344
80.81246987492938,0.4719975391900334
80.81640541938613,0.14175813950263344
80.82034096384288,0.11817947680000979
80.82427650829963,0.363092108986336
80.82821205275638,0.13284742817653114
80.83214759721314,0.003938635865226701
80.83608314166989,0.05883003327675783
80.84001868612664,0.05990469543001727
80.84395423058339,0.033136253748281636
80.84788977504014,0.0012883544567059543
80.8518253194969,0.07618264956350128
80.85576086395365,0.11088582703772061
80.85969640841039,0.15846679615522155
80.86363195286714,0.6443802411365811
80.86756749732389,0.6595643330636479
80.87150304178064,0.29066645602280683
80.8754385862374,0.1755866028773062
80.87937413069415,0.16649838422423108
80.8833096751509,0.12475181216032523
80.88724521960765,0.2846652976207312
80.8911807640644,0.6338350406483375
80.89511630852115,0.9975100332371156
80.8990518529779,0.9289040390190627
80.90298739743466,0.34489177626264494
80.90692294189141,0.5720810576013647
80.91085848634816,0.26993513275977066
80.91479403080491,1.1389523113405666
80.91872957526166,5.385237015643847
80.92266511971842,2.195607397598641
80.92660066417517,0.4370553748629516
80.93053620863192,2.5891639396381936
80.93447175308867,0.9674808100451843
80.93840729754541,0.9631276800655235
80.94234284200216,0.512285362330255
80.94627838645891,0.6688802757087229
80.95021393091567,0.8713680949710249
80.95414947537242,0.5993547492483767
80.95808501982917,0.026227364833996986
80.96202056428592,1.3978273289268264
80.96595610874267,1.147122625858483
80.96989165319943,0.5217019291727754
80.97382719765618,1.5587081311892796
80.97776274211293,0.6671591563011866
80.98169828656968,0.6352763735183975
80.98563383102643,0.13579819857965678
80.98956937548319,0.446503694042957
80.99350491993994,0.6639196666631564
80.99744046439669,1.063523737667346
81.00137600885344,2.48168340332305
81.0053115533102,0.6046061158052444
81.00924709776694,0.9381441469109617
81.0131826422237,1.2908966837271885
81.01711818668043,0.8212494366071819
81.02105373113719,0.2634128182539513
81.02498927559394,0.4768963869636403
81.02892482005069,0.22620999505163802
81.03286036450744,0.7785850938107233
81.0367959089642,3.2443292096712555
81.04073145342095,1.7957767425718894
81.0446669978777,0.30678941760036327
81.04860254233445,0.7206773259455805
81.0525380867912,0.35103413533011024
81.05647363124795,0.4318925224952017
81.0604091757047,0.9586673938076323
81.06434472016146,0.6018837495340555
81.06828026461821,0.1378016708552281
81.07221580907496,0.31622569137441026
81.07615135353171,1.0444212176896253
81.08008689798847,1.2457735131054415
81.08402244244522,0.435419112571009
81.08795798690197,0.17865658352030997
81.09189353135872,0.7697713465401643
81.09582907581546,0.4293325494022721
81.09976462027221,0.4959788676162919
81.10370016472896,1.9073821032068736
81.10763570918571,0.9975874435089265
81.11157125364247,0.6467399153840622
81.11550679809922,0.35655504762195933
81.11944234255597,0.13628698708129697
81.12337788701272,1.005857996752708
81.12731343146947,0.7861631098413776
81.13124897592623,0.5386098435343252
81.13518452038298,0.3733503877570602
81.13912006483973,0.06255244535728703
81.14305560929648,0.005611227468803501
81.14699115375323,0.23363063590738778
81.15092669820999,0.82204988089596
81.15486224266674,0.26107610078888344
81.15879778712349,0.5016292556161572
81.16273333158024,0.4671762220654466
81.166668876037,0.23096096814683795
81.17060442049373,1.3539999207029694
81.17453996495048,0.34717069480122886
81.17847550940724,0.5321072976093518
81.18241105386399,0.7688937212243906
81.18634659832074,1.1595093681174418
81.19028214277749,0.5059136912464661
81.19421768723424,0.03359427550731969
81.198153231691,0.16442269033263104
81.20208877614775,0.1907064492811123
81.2060243206045,0.21718689754830087
81.20995986506125,0.10301904069129664
81.213895409518,0.08892533141667976
81.21783095397475,1.1344784250212872
81.2217664984315,1.4430866939266236
81.22570204288826,0.17378171848093601
81.22963758734501,0.10540180430432024
81.23357313180176,2.085966065022337
81.23750867625851,3.8553788749784905
81.24144422071527,0.593567733329666
81.24537976517202,2.3676232981888825
81.24931530962876,1.9303403002963209
81.25325085408551,2.6796020871350796
81.25718639854226,2.858550353972659
81.26112194299901,0.1012966815720984
81.26505748745576,2.0592238243919527
81.26899303191252,0.31248845154656324
81.27292857636927,0.8290078732096489
81.27686412082602,1.8129539193167712
81.28079966528277,2.0364837962541045
81.28473520973952,0.6127844491455327
81.28867075419627,0.2197835636122834
81.29260629865303,0.5710584746376551
81.29654184310978,0.04314160106684087
81.30047738756653,0.5510904181040587
81.30441293202328,0.44718319256717287
81.30834847648003,0.23500448099186474
81.31228402093679,0.0008145215549221277
81.31621956539354,0.16978068459425502
81.32015510985029,0.12610578255623434
81.32409065430704,0.05030069767174641
81.32802619876378,1.0653980142625166
81.33196174322053,1.4928861804768987
81.33589728767728,0.19320365772548284
81.33983283213404,0.4526613481030869
81.34376837659079,1.8047569587238745
81.34770392104754,1.412341769744162
81.35163946550429,0.45983324599299635
81.35557500996104,1.5753456942469262
81.3595105544178,0.2737377524355248
81.36344609887455,0.6147109726770734
81.3673816433313,1.0710401819529372
81.37131718778805,0.6095071711332476
81.3752527322448,0.5791256885757348
81.37918827670156,0.39446821582942637
81.3831238211583,0.2349377448260619
81.38705936561506,1.4614530716710374
81.39099491007181,1.4276863082742681
81.39493045452856,0.07341679454211636
81.39886599898531,0.9378957594275975
81.40280154344207,0.40708365183916256
81.4067370878988,0.3259449102444256
81.41067263235556,1.2097190918562228
81.41460817681231,0.9997626313141239
81.41854372126906,0.44569669212981333
81.42247926572581,0.5330640489823033
81.42641481018256,0.39886850649315686
81.43035035463932,0.5217420311310362
81.43428589909607,0.4705585251906718
81.43822144355282,0.06608146451690602
81.44215698800957,0.6343465123236849
81.44609253246632,0.5652288399281968
81.45002807692308,0.09337125610187066
81.45396362137983,0.001819460444226958
81.45789916583658,0.19496582958777123
81.46183471029333,0.5233240730447178
81.46577025475008,0.6264271237761452
81.46970579920684,0.4019982758471021
81.47364134366359,0.05916272310413229
81.47757688812034,0.19275748324759545
81.48151243257709,0.867187592899838
81.48544797703383,0.7881511878080635
81.48938352149058,0.33856753071015144
81.49331906594733,0.3084508707868536
81.49725461040408,0.47018447407652997
81.50119015486084,0.23905374448674416
81.50512569931759,0.019342485444239117
81.50906124377434,0.03959946064380804
81.51299678823109,0.029261064657634513
81.51693233268784,0.16265424960515368
81.5208678771446,0.5539522592672288
81.52480342160135,0.3342568366403417
81.5287389660581,1.4970703561933865
81.53267451051485,2.8542096920484963
81.5366100549716,1.5021313586569338
81.54054559942836,0.21685104675334468
81.54448114388511,0.33376241701455794
81.54841668834186,0.8835169116854877
81.55235223279861,0.636759293662417
81.55628777725536,1.6322001833114153
81.56022332171212,3.219100324809309
81.56415886616885,2.9129336333156868
81.5680944106256,0.5934929754473947
81.57202995508236,0.26284081375887275
81.57596549953911,1.7385925826946875
81.57990104399586,1.4131589154063462
81.58383658845261,0.4745747807189663
81.58777213290936,2.7113677327868344
81.59170767736612,2.623181962529438
81.59564322182287,0.2507051520658005
81.59957876627962,0.5857230620888992
81.60351431073637,0.8041230701237079
81.60744985519312,1.5620418786664718
81.61138539964988,1.9798169873291502
81.61532094410663,1.5082388373869364
81.61925648856338,2.982137133109535
81.62319203302013,2.628100895386631
81.62712757747688,0.5527544238957978
81.63106312193364,0.2792417393144659
81.63499866639039,0.22968677979606014
81.63893421084714,0.1618156236773746
81.64286975530388,0.2106842692034037
81.64680529976063,0.06709395565776584
81.65074084421738,0.6316284226388327
81.65467638867413,1.6727520612043714
81.65861193313089,1.7172491825787901
81.66254747758764,2.3236359782269207
81.66648302204439,2.3846180414837383
81.67041856650114,2.056726247686257
81.67435411095789,0.514178114586709
81.67828965541464,0.44622228265851993
81.6822251998714,1.6956669968990008
81.68616074432815,0.40524618630425224
81.6900962887849,0.8786753143177654
81.69403183324165,2.4815459412969965
81.6979673776984,1.4326141473329141
81.70190292215516,0.35294433715664003
81.70583846661191,1.2187729288575362
81.70977401106866,1.4168148712218798
81.71370955552541,0.7984244806914238
81.71764509998215,0.44620665075329785
81.7215806444389,0.13989041372262961
81.72551618889565,0.07292755308713843
81.7294517333524,0.009553695332316797
81.73338727780916,0.18374794318621704
81.73732282226591,0.5210445853819202
81.74125836672266,0.33005066058886345
81.74519391117941,0.1018811477230075
81.74912945563617,0.11573059226679065
81.75306500009292,0.33717749496953836
81.75700054454967,0.5725348203080244
81.76093608900642,0.6958216532442394
81.76487163346317,0.17684486633551058
81.76880717791992,0.20651088448031793
81.77274272237668,0.7317847999087581
81.77667826683343,0.6096666352266502
81.78061381129018,0.781674844779152
81.78454935574693,0.6503911394907317
81.78848490020368,0.10414062005580818
81.79242044466044,0.3636349120670624
81.79635598911717,0.9112471598504183
81.80029153357393,0.3052663491193717
81.80422707803068,0.06523660369152812
81.80816262248743,0.3633962034673784
81.81209816694418,0.08801658118678926
81.81603371140093,0.07627575381894532
81.81996925585769,0.06043543268069371
81.82390480031444,0.45268616528195055
81.82784034477119,0.2486648830573121
81.83177588922794,1.3857449363902206
81.8357114336847,2.847763798608258
81.83964697814145,1.5058282461235477
81.8435825225982,2.2607234082118177
81.84751806705495,0.9356211777739158
81.8514536115117,0.9594854265596113
81.85538915596845,0.5660788544891137
81.8593247004252,2.303356034961676
81.86326024488196,3.713963765941968
81.86719578933871,1.1568834924495057
81.87113133379546,0.13786584075186883
81.8750668782522,0.058926195044368926
81.87900242270895,0.23247437338882349
81.8829379671657,0.18357127765116277
81.88687351162245,0.6225101065404536
81.8908090560792,0.8280553150312565
81.89474460053596,1.7923558992693256
81.89868014499271,1.0916124294039329
81.90261568944946,0.24640416250273045
81.90655123390621,0.8580744928321219
81.91048677836297,0.28580419804585777
81.91442232281972,0.17160200797371922
81.91835786727647,0.3815835109762975
81.92229341173322,0.061205765528840786
81.92622895618997,1.1076697689850246
81.93016450064673,1.3297901650008186
81.93410004510348,0.12801862095928573
81.93803558956023,0.5930700415290848
81.94197113401698,0.8619115249995112
81.94590667847373,0.14351911668960388
81.94984222293049,0.09826784869597587
81.95377776738722,0.07029355005291406
81.95771331184397,0.20893478423358133
81.96164885630073,0.2936436064372353
81.96558440075748,0.051247862750190595
81.96951994521423,0.31307676712287313
81.97345548967098,0.3481535858524313
81.97739103412773,1.1838619667230748
81.98132657858449,1.0020257914586397
81.98526212304124,0.02791783514589632
81.98919766749799,1.1389168533390404
81.99313321195474,1.138100816797893
81.9970687564115,0.8431123474986215
82.00100430086825,0.44588552586597446
82.004939845325,0.27115243205033623
82.00887538978175,0.364452554521526
82.0128109342385,0.28771067595050853
82.01674647869525,0.14797192492792524
82.020682023152,0.6348160181857418
82.02461756760876,0.20278538975138924
82.02855311206551,0.09092078848800741
82.03248865652225,0.10744037046017962
82.036424200979,0.2913017017115303
82.04035974543575,0.6389966358924882
82.0442952898925,0.21763320398358474
82.04823083434925,0.9945900428396262
82.052166378806,2.439832951474982
82.05610192326276,1.342190146827741
82.06003746771951,0.8403449202773643
82.06397301217626,1.3299431013477987
82.06790855663301,0.29537706505585515
82.07184410108977,0.712982673929221
82.07577964554652,0.8219617623845167
82.07971519000327,0.6487172756181872
82.08365073446002,4.481315101582502
82.08758627891677,1.746232206699247
82.09152182337353,0.545061961910668
82.09545736783028,0.3302053671920476
82.09939291228703,1.8788573500785546
82.10332845674378,3.0638075409149934
82.10726400120053,1.427351281620128
82.11119954565727,2.4332641795588437
82.11513509011402,0.23641219364086694
82.11907063457078,2.1396328712722825
82.12300617902753,3.5697151665597144
82.12694172348428,1.3462192554746488
82.13087726794103,0.31126390654312963
82.13481281239778,1.6960880861863783
82.13874835685453,0.9679993294575647
82.14268390131129,0.16347050547181335
82.14661944576804,2.368521580487085
82.15055499022479,3.1474079220300926
82.15449053468154,1.628201885604
82.1584260791383,0.6961009673476821
82.16236162359505,0.5411081206016094
82.1662971680518,0.8922349283570943
82.17023271250855,1.7202092806190261
82.1741682569653,1.817677732474872
82.17810380142205,0.510159784025406
82.1820393458788,0.29219657706570407
82.18597489033556,0.6705544778747968
82.1899104347923,0.23042452797000793
82.19384597924905,1.1709884754580893
82.1977815237058,0.7989900060406123
82.20171706816255,0.18461898401522844
82.2056526126193,0.43496904441977313
82.20958815707606,0.07610349034787656
82.21352370153281,0.02727323830188384
82.21745924598956,0.09700770908059533
82.22139479044631,0.12229560424661068
82.22533033490306,0.021813285145312465
82.22926587935982,0.053491618104735815
82.23320142381657,0.04527417439778075
82.23713696827332,0.6789305673297913
82.24107251273007,0.778173320124482
82.24500805718682,0.4661582227776608
82.24894360164357,0.25546877120002554
82.25287914610033,0.21944016527729107
82.25681469055708,0.8945244251102002
82.26075023501383,0.6003136345728396
82.26468577947058,0.14042155857900135
82.26862132392732,0.29558789772412286
82.27255686838407,0.6365634497824002
82.27649241284082,1.1681344556739361
82.28042795729758,0.5372850363007847
82.28436350175433,0.10710148920141502
82.28829904621108,0.9565089214481306
82.29223459066783,0.42039154043351784
82.29617013512458,0.25412859279563965
82.30010567958134,0.3715823075728544
82.30404122403809,0.6333012753249655
82.30797676849484,0.4812686140803921
82.31191231295159,0.7521899026303136
82.31584785740834,0.4139748014277544
82.3197834018651,0.6757954862680177
82.32371894632185,0.23843260307242894
82.3276544907786,1.1031765440030419
82.33159003523535,4.218480842879437
82.3355255796921,4.171371032055631
82.33946112414885,3.518800406045535
82.34339666860559,1.2408720705289094
82.34733221306234,0.0848190595048499
82.3512677575191,0.18547975465689126
82.35520330197585,0.2921589595514536
82.3591388464326,3.2748440171188715
82.36307439088935,4.924821277248703
82.3670099353461,1.7104445370333183
82.37094547980286,0.7016169714115423
82.37488102425961,1.1814615569028022
82.37881656871636,0.7070074998614309
82.38275211317311,0.5242234001764449
82.38668765762986,0.6726207110419425
82.39062320208662,0.4539691010649607
82.39455874654337,0.23788383643564484
82.39849429100012,0.5871120817669591
82.40242983545687,1.4951973940643266
82.40636537991362,1.3620750813801894
82.41030092437038,0.39840329575188743
82.41423646882713,0.03502223708476692
82.41817201328388,0.08259708914863656
82.42210755774062,0.3509963330380719
82.42604310219737,0.32031659337376694
82.42997864665412,0.1569820907252528
82.43391419111087,0.002425661886497865
82.43784973556762,0.3016923854332496
82.44178528002438,1.1524765400400894
82.44572082448113,1.5688501924589473
82.44965636893788,0.20130194282595085
82.45359191339463,0.9261759153149065
82.45752745785138,2.4178091056383186
82.46146300230814,0.6199447505804789
82.46539854676489,0.9026551115311885
82.46933409122164,1.1920894580258072
82.47326963567839,0.1232671806744976
82.47720518013514,1.0341735858896113
82.4811407245919,0.3648899356523398
82.48507626904865,0.7160691014926023
82.4890118135054,3.9767202148463423
82.49294735796215,3.613514723143083
82.4968829024189,0.8382051396562313
82.50081844687564,0.17503102698994213
82.5047539913324,0.01289993440706684
82.50868953578914,0.509678960461731
82.5126250802459,0.7573925337200956
82.51656062470265,0.05050814582478037
82.5204961691594,0.6181606542011217
82.52443171361615,0.32658789827638246
82.5283672580729,0.08202905941005034
82.53230280252966,0.21796252028420765
82.53623834698641,0.003855521080032128
82.54017389144316,0.14572091605633497
82.54410943589991,0.3212049293263924
82.54804498035666,0.4382216992644756
82.55198052481342,0.027254306479079084
82.55591606927017,0.47891819520251044
82.55985161372692,0.485323861103638
82.56378715818367,0.934588491855645
82.56772270264042,3.147826399437288
82.57165824709718,1.2716636045687821
82.57559379155393,0.7431702875826842
82.57952933601067,1.2422021471212723
82.58346488046742,1.123970310359462
82.58740042492417,0.9950553891084984
82.59133596938092,0.01098820943591906
82.59527151383767,0.4885336859678528
82.59920705829443,0.36834282069199537
82.60314260275118,0.11660607076033494
82.60707814720793,0.056245695861909376
82.61101369166468,0.022996097086496775
82.61494923612143,0.2516687960433989
82.61888478057818,0.2846113794763701
82.62282032503494,0.02749248061239781
82.62675586949169,0.24070325825945946
82.63069141394844,0.5398247496179783
82.63462695840519,0.338988064769522
82.63856250286194,0.28958930547418316
82.6424980473187,0.08847293511287681
82.64643359177545,0.028613200100275325
82.6503691362322,0.24671518854000535
82.65430468068895,1.304292863885827
82.65824022514569,1.489498059352331
82.66217576960244,0.2881598736049241
82.6661113140592,0.3457320095813354
82.67004685851595,0.9676644642656995
82.6739824029727,0.2940890433519613
82.67791794742945,0.5654564437362983
82.6818534918862,0.05479103145594845
82.68578903634295,1.5064005523520285
82.6897245807997,1.984528405820737
82.69366012525646,0.3124815686673361
82.69759566971321,0.4793311715756733
82.70153121416996,1.1192772651739584
82.70546675862671,0.8617386005799995
82.70940230308346,0.16673045800831382
82.71333784754022,0.4316547141108375
82.71727339199697,0.06070824184607098
82.72120893645372,1.3550312943776628
82.72514448091047,0.6454426257194625
82.72908002536722,0.35774533054624214
82.73301556982398,0.9554510678242826
82.73695111428071,0.8282316087657228
82.74088665873747,1.2242205107450896
82.74482220319422,1.1276959645475817
82.74875774765097,0.38827462508740346
82.75269329210772,0.11679247226694964
82.75662883656447,1.0588235705643876
82.76056438102123,1.2006765044434229
82.76449992547798,0.6222598337425468
82.76843546993473,1.1023044212198625
82.77237101439148,0.7634214120743821
82.77630655884823,0.056769743191564186
82.78024210330499,0.1027269359405532
82.78417764776174,0.2694159144854243
82.78811319221849,0.4302568394324908
82.79204873667524,0.3249272446420053
82.795984281132,0.4279725067503144
82.79991982558874,0.07587783602222839
82.8038553700455,0.5026095003952853
82.80779091450225,1.3897677168937812
82.811726458959,0.43220717772211514
82.81566200341574,0.41749249223617013
82.81959754787249,1.1942117279498268
82.82353309232924,0.4865634217512747
82.827468636786,0.027140045349049836
82.83140418124275,0.7097384908587601
82.8353397256995,0.9698715036549235
82.83927527015625,0.2992782884914952
82.843210814613,0.5042192428255776
82.84714635906975,1.1215124393593692
82.8510819035265,0.3252089384157952
82.85501744798326,1.254304156691065
82.85895299244001,1.6897697265203975
82.86288853689676,0.2573303127758191
82.86682408135351,0.5595172390222435
82.87075962581027,0.015058621555635181
82.87469517026702,0.999972375358701
82.87863071472377,0.67200445948483
82.88256625918052,0.3752178781411264
82.88650180363727,0.3491246112109116
82.89043734809401,0.33374298374189165
82.89437289255076,0.6593025161957502
82.89830843700751,0.1111946966030198
82.90224398146427,1.4063853338475123
82.90617952592102,0.3773547575500665
82.91011507037777,1.0188258002600465
82.91405061483452,2.271777375569718
82.91798615929127,0.5528782138691422
82.92192170374803,0.5959036467193947
82.92585724820478,2.011894319573846
82.92979279266153,1.6191415468473276
82.93372833711828,0.5527108059483046
82.93766388157503,0.3344444074541037
82.94159942603179,1.132124005828019
82.94553497048854,0.5937461539098974
82.94947051494529,0.03846925841636498
82.95340605940204,0.7072034012523988
82.9573416038588,0.9634600019636094
82.96127714831555,0.9286525431009812
82.9652126927723,0.2507828569304625
82.96914823722904,0.8245255251530337
82.97308378168579,1.2853918305120338
82.97701932614254,0.7551828935088613
82.98095487059929,0.45981630325793016
82.98489041505604,0.5979896911141463
82.9888259595128,1.0585856602118222
82.99276150396955,0.8362178775799598
82.9966970484263,1.2279691137094455
83.00063259288305,3.4446243859119146
83.0045681373398,1.5445676841460287
83.00850368179655,3.3959167605362715
83.0124392262533,7.012929736223401
83.01637477071006,3.033056473870626
83.02031031516681,0.36944849726795764
83.02424585962356,0.32658400619839284
83.02818140408031,0.4751727809324555
83.03211694853707,0.0923236779997042
83.03605249299382,0.25836246724570017
83.03998803745057,0.14376078347711624
83.04392358190732,0.3733193822371297
83.04785912636406,0.058412679860041276
83.05179467082081,0.13581950163672118
83.05573021527756,0.04393011604681802
83.05966575973432,0.20506845925200248
83.06360130419107,0.7187144341579413
83.06753684864782,1.0789047392514572
83.07147239310457,1.3886232244756391
83.07540793756132,0.677618218457269
83.07934348201807,0.2349940947325343
83.08327902647483,0.7428650678234181
83.08721457093158,0.06996906579034605
83.09115011538833,0.4011180670651563
83.09508565984508,0.42363075337449785
83.09902120430183,0.137777551105783
83.10295674875859,0.01992901118669339
83.10689229321534,0.25893498443613433
83.11082783767209,0.4744943454236328
83.11476338212884,0.48564656845914184
83.1186989265856,0.3383544063611531
83.12263447104235,0.3291299169626063
83.12657001549908,0.2651271655582407
83.13050555995584,0.028989010568203827
83.13444110441259,0.5088689316825474
83.13837664886934,0.9213525304825114
83.14231219332609,0.29581820989157737
83.14624773778284,0.11724698338093902
83.1501832822396,0.707540641928337
83.15411882669635,1.5159058531311476
83.1580543711531,0.8173996153213335
83.16198991560985,0.22532813942105015
83.1659254600666,0.19429948797129995
83.16986100452336,0.8443194555776558
83.1737965489801,1.3181460969112049
83.17773209343686,0.7825278093747194
83.18166763789361,0.39086581642171236
83.18560318235036,0.1797019450368317
83.18953872680711,0.040663594707951514
83.19347427126387,0.38841797870079725
83.19740981572062,0.18542551099835342
83.20134536017737,0.08088969591416201
83.20528090463411,0.222931700381817
83.20921644909086,0.03847823947714254
83.21315199354761,0.19274423351793424
83.21708753800436,0.01512672616219057
83.22102308246112,0.01929379902170771
83.22495862691787,0.08441383397812458
83.22889417137462,0.5662743829538109
83.23282971583137,0.4460265694219472
83.23676526028812,0.20934717339593104
83.24070080474488,0.5236316683212724
83.24463634920163,1.0336811295174901
83.24857189365838,0.4046963050102399
83.25250743811513,0.008408414492131906
83.25644298257188,0.007681862227523066
83.26037852702864,0.28574716473664713
83.26431407148539,0.6030274838305677
83.26824961594214,0.6636286772367644
83.27218516039889,0.7252071068264646
83.27612070485564,0.2593567249405235
83.2800562493124,1.5416442237311487
83.28399179376913,0.2386879052493074
83.28792733822588,2.9770173441847088
83.29186288268264,4.713816913367313
83.29579842713939,0.4589911577021917
83.29973397159614,0.872183548463131
83.30366951605289,1.3193586538900306
83.30760506050964,1.5245330018354233
83.3115406049664,1.5847291701784103
83.31547614942315,1.9093868799476563
83.3194116938799,1.7298981088054122
83.32334723833665,2.030609276317677
83.3272827827934,1.3862597495973052
83.33121832725016,0.16002708589172954
83.33515387170691,1.1880524752016597
83.33908941616366,1.09669894753858
83.34302496062041,0.21794370668537943
83.34696050507716,0.07581350655919261
83.35089604953392,0.1902952177464607
83.35483159399067,0.6077987248462935
83.35876713844742,1.7212798128104918
83.36270268290416,2.896810239552905
83.36663822736091,0.6060820192002715
83.37057377181766,0.49880503908003876
83.37450931627441,1.2693569248060366
83.37844486073116,1.3669745087512257
83.38238040518792,0.7609310737024944
83.38631594964467,0.673260449062146
83.39025149410142,4.625470046221452
83.39418703855817,2.541041684965633
83.39812258301492,0.5376554534613177
83.40205812747168,0.582495655330566
83.40599367192843,0.22583266080564615
83.40992921638518,2.81983761234681
83.41386476084193,3.087718894517995
83.41780030529868,1.313048130430641
83.42173584975544,0.422161684952537
83.42567139421219,0.5545280271140126
83.42960693866894,1.9142281105466088
83.43354248312569,0.2856283499599807
83.43747802758243,0.7882011068351499
83.44141357203918,0.9283740679685988
83.44534911649593,0.0013474150579697443
83.44928466095269,0.19755200531531747
83.45322020540944,0.10339924811257001
83.45715574986619,0.27422731204737794
83.46109129432294,0.19320954268200882
83.46502683877969,0.13781722487426437
83.46896238323644,0.6140384408750359
83.4728979276932,0.17138819373305386
83.47683347214995,0.43773564288495853
83.4807690166067,1.1438335017217471
83.48470456106345,0.18662258446766863
83.4886401055202,0.09122758068880615
83.49257564997696,0.053741445528916826
83.49651119443371,1.1895063609292593
83.50044673889046,2.845460982261465
83.50438228334721,1.9730703388051491
83.50831782780396,0.15112148721221225
83.51225337226072,0.534546785122042
83.51618891671745,0.7157991233802324
83.5201244611742,1.4436453965691118
83.52406000563096,1.7518942026095734
83.52799555008771,3.461918526619103
83.53193109454446,1.7061391016708398
83.53586663900121,0.06837601053868177
83.53980218345797,0.9968032763696831
83.54373772791472,0.9192688177644435
83.54767327237147,0.8157536708923857
83.55160881682822,0.05565721659145433
83.55554436128497,0.6405637734980187
83.55947990574172,1.398911637697449
83.56341545019848,1.605564487613013
83.56735099465523,0.5944811894817571
83.57128653911198,0.5727415123893858
83.57522208356873,0.48558481388288205
83.57915762802548,0.0030835530155211765
83.58309317248224,0.3726322162247855
83.58702871693899,0.35551953474209214
83.59096426139574,0.018997025671395773
83.59489980585248,0.48471288573608184
83.59883535030923,0.3887741372888975
83.60277089476598,0.3021065579972207
83.60670643922273,0.06306991943152994
83.61064198367949,0.07714128566010066
83.61457752813624,0.011318081883837232
83.61851307259299,0.7284538700565014
83.62244861704974,1.0466317268330287
83.6263841615065,0.3534910535578173
83.63031970596325,0.2055218310291095
83.63425525042,0.10003774324998127
83.63819079487675,0.1758933198358258
83.6421263393335,0.4802276453371179
83.64606188379025,0.7154307755794862
83.649997428247,0.3772985231010656
83.65393297270376,2.842057156691807
83.65786851716051,1.4514462856311576
83.66180406161726,0.5771732009447258
83.66573960607401,3.101176582436276
83.66967515053076,0.7184252864685783
83.6736106949875,0.09404929731673102
83.67754623944425,0.16490442885668866
83.681481783901,0.04060360501301894
83.68541732835776,0.5997670661281167
83.68935287281451,1.697775458266098
83.69328841727126,0.07421389403781864
83.69722396172801,0.9450808240948436
83.70115950618477,0.46966309025278485
83.70509505064152,2.197629328011903
83.70903059509827,2.883724658117379
83.71296613955502,0.6100301992928635
83.71690168401177,0.6641608588600338
83.72083722846853,2.86160889591312
83.72477277292528,1.8917672367369023
83.72870831738203,0.7271042487799463
83.73264386183878,0.9109752500503158
83.73657940629553,0.7502551027432491
83.74051495075229,1.3782465687728072
83.74445049520904,0.05925347530666937
83.74838603966579,1.4891069307028106
83.75232158412253,0.055771609152309616
83.75625712857928,2.924983003147791
83.76019267303603,2.2098756129140495
83.76412821749278,0.12584720402639474
83.76806376194953,1.3508356581926244
83.77199930640629,0.3311598706107643
83.77593485086304,1.0365893088236229
83.77987039531979,1.4245142497240704
83.78380593977654,0.5835182398904463
83.7877414842333,0.47845754180176037
83.79167702869005,0.23691231946764868
83.7956125731468,0.0749740627060403
83.79954811760355,0.31556983901177854
83.8034836620603,0.07406449181604892
83.80741920651705,0.014611850484190959
83.8113547509738,0.251424323090485
83.81529029543056,1.0318541153162164
83.81922583988731,0.9389121808437585
83.82316138434406,0.7333736773067464
83.82709692880081,0.49390453191510836
83.83103247325755,0.28490941311228074
83.8349680177143,0.8432043170506636
83.83890356217105,0.6168751647972546
83.8428391066278,1.9356396866133032
83.84677465108456,3.9417689577088373
83.85071019554131,3.5006209592953867
83.85464573999806,1.9870407995136758
83.85858128445481,1.0301146724687207
83.86251682891157,0.5466861120518015
83.86645237336832,0.009955955899864258
83.87038791782507,0.7456553834820353
83.87432346228182,1.4166398687972996
83.87825900673857,0.9125853050512674
83.88219455119533,0.2548346827024838
83.88613009565208,0.10367212883625042
83.89006564010883,0.43015480862912236
83.89400118456558,0.24234382997671577
83.89793672902233,0.9932768366867717
83.90187227347909,1.4681268544437795
83.90580781793584,1.4206927062542838
83.90974336239258,1.044809722502398
83.91367890684933,0.3201073964182036
83.91761445130608,0.7241592048202116
83.92154999576283,0.8304277052208071
83.92548554021958,0.23014945067171408
83.92942108467633,0.015445589768732107
83.93335662913309,0.29141439265943425
83.93729217358984,0.7514386409322437
83.94122771804659,0.6675584030619633
83.94516326250334,0.24484036668362724
83.9490988069601,0.004325834441232721
83.95303435141685,0.1270505438378658
83.9569698958736,0.3088992028536301
83.96090544033035,0.5079295428822493
83.9648409847871,0.4012409219851995
83.96877652924385,0.7834988044612836
83.9727120737006,0.9110607094843273
83.97664761815736,0.9887779504185581
83.98058316261411,3.8723341173501256
83.98451870707085,3.313139646562211
83.9884542515276,0.19940553275536252
83.99238979598435,1.2647178596107505
83.9963253404411,3.3520419492394367
84.00026088489786,2.0289262107409627
84.00419642935461,0.022360359844963085
84.00813197381136,1.9233658790514825
84.01206751826811,2.2339433608965256
84.01600306272486,0.5624778901383131
84.01993860718161,0.22947289674365962
84.02387415163837,0.21293504760914098
84.02780969609512,0.9926921043060871
84.03174524055187,0.8573029008831068
84.03568078500862,0.1098876572568111
84.03961632946537,0.12357343960919442
84.04355187392213,0.14750798575342966
84.04748741837888,0.22364046059145715
84.05142296283563,0.2414260158519592
84.05535850729238,0.2641611371258385
84.05929405174913,0.08246691057807093
84.06322959620587,0.4351960185222867
84.06716514066262,0.28505526878901477
84.07110068511938,0.5235533827026476
84.07503622957613,0.9136425178219182
84.07897177403288,0.25247253765387095
84.08290731848963,0.3374770567903632
84.08684286294638,0.6740364954571814
84.09077840740314,0.15287391819860202
84.09471395185989,0.22818303809776805
84.09864949631664,0.8510522902244225
84.10258504077339,0.9855729786117026
84.10652058523014,0.910881826053517
84.1104561296869,1.4181117268012238
84.11439167414365,2.3893104548060626
84.1183272186004,1.1055272388207147
84.12226276305715,0.8086413541980576
84.1261983075139,2.6482549991170066
84.13013385197065,4.684630622881755
84.1340693964274,2.191778002437529
84.13800494088416,0.04090323014589499
84.1419404853409,0.06547541721750935
84.14587602979765,0.08271235947135844
84.1498115742544,0.537261369749278
84.15374711871115,0.5453364854439673
84.1576826631679,0.3036183382737727
84.16161820762466,0.054149080367617126
84.16555375208141,0.29489913851170774
84.16948929653816,0.641267706176564
84.17342484099491,0.507407942267605
84.17736038545166,0.17493932257754266
84.18129592990842,0.4763331751008018
84.18523147436517,0.6924956524873325
84.18916701882192,0.6842406589281051
84.19310256327867,0.8549032791098243
84.19703810773542,0.9475961674780998
84.20097365219218,0.5535512505010013
84.20490919664893,0.14841876809201024
84.20884474110568,0.01574840896511371
84.21278028556243,0.05781770943720741
84.21671583001918,0.2868372832403737
84.22065137447592,0.8151906400559832
84.22458691893267,0.6443570826390592
84.22852246338942,0.6069485850251817
84.23245800784618,1.2710652943270306
84.23639355230293,0.4107908109324124
84.24032909675968,0.07364884755665431
84.24426464121643,0.09833832141167424
84.24820018567318,0.19940809435115694
84.25213573012994,0.5358725673445794
84.25607127458669,0.4766067765397247
84.26000681904344,0.7155426328586556
84.26394236350019,1.2656277838071182
84.26787790795694,1.0227213649184055
84.2718134524137,0.5462198087116964
84.27574899687045,1.2884091507842816
84.2796845413272,1.8465511595008166
84.28362008578395,0.6695014344647863
84.2875556302407,0.0572077786678256
84.29149117469746,0.18595918104447626
84.29542671915421,0.17662494399752526
84.29936226361094,0.24014030905129294
84.3032978080677,0.045030256491040185
84.30723335252445,0.414557990360972
84.3111688969812,0.9103541287139575
84.31510444143795,0.42424212438496633
84.3190399858947,0.5741409351247203
84.32297553035146,0.12120846243223718
84.32691107480821,0.6145259524241652
84.33084661926496,0.6553620629022449
84.33478216372171,0.42786442832492527
84.33871770817846,0.4113297685752283
84.34265325263522,1.3971734786394936
84.34658879709197,0.8717138592509287
84.35052434154872,0.18473984267479646
84.35445988600547,1.3391623626060607
84.35839543046222,2.1218532482896095
84.36233097491898,1.6845545902622046
84.36626651937573,0.32794319471113864
84.37020206383248,0.5202047138244761
84.37413760828923,0.5840709370209921
84.37807315274597,1.2974080629265035
84.38200869720272,1.552372804874525
84.38594424165947,0.7539384464158764
84.38987978611623,0.05191245868836815
84.39381533057298,0.03913916046408389
84.39775087502973,0.21707335021467525
84.40168641948648,1.4499875264355655
84.40562196394323,1.4259372889842934
84.40955750839998,0.016924172535136863
84.41349305285674,1.5821235726381837
84.41742859731349,3.2297043397488303
84.42136414177024,1.4597158766063894
84.42529968622699,0.2245823824525725
84.42923523068374,0.039967665048590985
84.4331707751405,0.32956028113065344
84.43710631959725,1.026350889905715
84.441041864054,0.49171824422513666
84.44497740851075,0.4665902266801502
84.4489129529675,0.34879364458889595
84.45284849742426,0.018941691069331166
84.456784041881,0.6399000212179815
84.46071958633775,0.8625873145732986
84.4646551307945,0.40360600464001545
84.46859067525125,0.1166744666180982
84.472526219708,0.696899657493287
84.47646176416475,0.9926543286540371
84.4803973086215,1.1160647758133853
84.48433285307826,1.4213187887453131
84.48826839753501,0.6025730766229026
84.49220394199176,0.5482354472758695
84.49613948644851,2.7511863838197064
84.50007503090526,2.3177694398301734
84.50401057536202,0.08430065160310761
84.50794611981877,0.5875598813962247
84.51188166427552,0.5699303974915765
84.51581720873227,0.5905261292933607
84.51975275318902,0.5977563645589986
84.52368829764578,0.20598579560281083
84.52762384210253,0.013453134967555453
84.53155938655927,0.10015469949689824
84.53549493101602,1.0139256650376816
84.53943047547277,2.6186351306474065
84.54336601992952,3.076527783487262
84.54730156438627,2.3628829752966096
84.55123710884303,0.6086464117844289
84.55517265329978,5.01983069166867
84.55910819775653,6.079610884414424
84.56304374221328,0.6035929683162033
84.56697928667003,1.1163023611439107
84.57091483112679,2.8229838486504626
84.57485037558354,1.8664813233337338
84.57878592004029,0.5329498788964859
84.58272146449704,3.1386185488385276
84.5866570089538,9.262307402822174
84.59059255341054,5.855875271721554
84.5945280978673,0.18406759692075467
84.59846364232405,1.5516611387964683
84.6023991867808,0.5599244679102321
84.60633473123755,0.7748629188149707
84.61027027569429,1.8230420389617894
84.61420582015104,1.3312639492012965
84.6181413646078,0.08848756871608297
84.62207690906455,1.3312412681374093
84.6260124535213,1.672876702602107
84.62994799797805,0.37273725107137873
84.6338835424348,1.6700377511454019
84.63781908689155,3.8221299042951724
84.6417546313483,3.701003393782954
84.64569017580506,1.6213222205438411
84.64962572026181,0.012830181704298168
84.65356126471856,1.3734172029254936
84.65749680917531,3.4333690636800207
84.66143235363207,3.0926154507139785
84.66536789808882,2.360337890283567
84.66930344254557,1.1916752856188386
84.67323898700232,0.41501921729256724
84.67717453145907,0.8823151084497594
84.68111007591583,0.4850427765647737
84.68504562037258,0.16873877742294613
84.68898116482931,0.721951025356116
84.69291670928607,1.832817928701237
84.69685225374282,0.9687100811966516
84.70078779819957,0.002397582704418807
84.70472334265632,0.4285131438454947
84.70865888711307,0.29481228663288356
84.71259443156983,0.2648167630274801
84.71652997602658,1.010028372396086
84.72046552048333,0.2519329255796712
84.72440106494008,0.2483192864477542
84.72833660939683,0.02899522448277556
84.73227215385359,0.5916700247496024
84.73620769831034,0.7178541410329098
84.74014324276709,0.07949956620586822
84.74407878722384,0.18580378524335658
84.7480143316806,0.5035657256092536
84.75194987613735,0.7163149279039811
84.7558854205941,0.47600295748269056
84.75982096505085,1.0021602400459324
84.7637565095076,0.5503767708684888
84.76769205396434,0.09377228389106144
84.77162759842109,0.013244834086697369
84.77556314287784,0.526212214021234
84.7794986873346,0.926604072872613
84.78343423179135,0.8660126488809466
84.7873697762481,0.5181485308698612
84.79130532070485,0.0927348356720388
84.7952408651616,1.0040962556226996
84.79917640961835,1.6103031651673854
84.8031119540751,2.5241434192895165
84.80704749853186,1.6822143947259465
84.81098304298861,0.12327097494039742
84.81491858744536,0.013563480390420811
84.81885413190211,1.2994756489253922
84.82278967635887,4.52123104489569
84.82672522081562,2.9366299705604244
84.83066076527237,0.1316612980572799
84.83459630972912,0.8318173457089066
84.83853185418587,0.5210652762875625
84.84246739864263,0.640035696049746
84.84640294309936,0.794945607199282
84.85033848755612,0.2821766319287405
84.85427403201287,0.2836593306731389
84.85820957646962,0.02544589569102676
84.86214512092637,0.8415352621090226
84.86608066538312,1.674896088943108
84.87001620983987,0.4700342271593049
84.87395175429663,0.8239654989235448
84.87788729875338,3.2020707920831954
84.88182284321013,0.871538507817138
84.88575838766688,0.5867807011428954
84.88969393212363,1.6192175053861848
84.89362947658039,0.988864968023657
84.89756502103714,0.8837352275326419
84.90150056549389,0.011578186234747097
84.90543610995064,1.229685623016913
84.9093716544074,1.9852965708507453
84.91330719886415,0.2835512623850918
84.9172427433209,0.5398340131394194
84.92117828777765,0.9077418698248624
84.92511383223439,0.9437166457704752
84.92904937669114,0.19031439177648113
84.93298492114789,0.8459099479842883
84.93692046560464,1.1769203040782084
84.9408560100614,0.07097563324936085
84.94479155451815,0.3108169685392623
84.9487270989749,0.0918661871657802
84.95266264343165,0.3143214010266947
84.9565981878884,0.6624430471592738
84.96053373234516,0.04954889436131528
84.9644692768019,0.563244633182092
84.96840482125866,0.4855614714290402
84.97234036571541,0.12814064464271627
84.97627591017216,0.6676217361173017
84.98021145462891,1.0906045902144847
84.98414699908567,0.7034668006957164
84.98808254354242,0.2789946999961214
84.99201808799917,1.1172970987943582
84.99595363245592,0.5898900678367484
84.99988917691267,0.8374780297535847
85.00382472136941,1.0691588806759837
85.00776026582616,1.0356865811350824
85.01169581028292,0.13603880392087553
85.01563135473967,1.5202740250337732
85.01956689919642,0.9113263401730025
85.02350244365317,0.256210101312581
85.02743798810992,0.38084932689799794
85.03137353256668,0.6111256449593758
85.03530907702343,0.6787162311220105
85.03924462148018,1.5145836578569207
85.04318016593693,1.5367608293968233
85.04711571039368,0.15097961513313554
85.05105125485044,0.17466597074219964
85.05498679930719,0.7578400667554542
85.05892234376394,2.028360643954558
85.06285788822069,1.0932787781969078
85.06679343267744,0.08642354072873583
85.0707289771342,0.5369863044329979
85.07466452159095,0.7684081162727434
85.07860006604768,0.5803240516207131
85.08253561050444,1.0189137511750113
85.08647115496119,1.4908669572422748
85.09040669941794,0.7792296200714921
85.09434224387469,0.024851730378215448
85.09827778833144,0.12744931620456576
85.1022133327882,0.15991340634912668
85.10614887724495,0.7614635909865258
85.1100844217017,1.0111622565748026
85.11401996615845,0.10967474158159049
85.1179555106152,0.1971183728763682
85.12189105507196,0.2724876646114588
85.12582659952871,1.222499082586668
85.12976214398546,0.74263575371936
85.13369768844221,0.16677579558229463
85.13763323289896,1.7318920352089873
85.14156877735572,2.150939184231911
85.14550432181247,2.3115936599691262
85.14943986626922,1.2936717600123262
85.15337541072597,0.3151108021002284
85.15731095518271,0.1994152796211121
85.16124649963946,0.044217995032895176
85.16518204409621,0.513129959971024
85.16911758855296,1.2509600009539905
85.17305313300972,1.01984112231782
85.17698867746647,0.19536610508734298
85.18092422192322,0.16238239637059587
85.18485976637997,0.724064658154992
85.18879531083672,1.1793652238001462
85.19273085529348,1.0463209692272553
85.19666639975023,0.26631393466186304
85.20060194420698,0.40077352981790537
85.20453748866373,1.6951826306211906
85.20847303312048,1.3718035885562712
85.21240857757724,0.4871450956489674
85.21634412203399,1.1512114388408359
85.22027966649074,1.7719724034266182
85.22421521094749,2.17741084318762
85.22815075540424,1.2159112728122086
85.232086299861,0.6332410270724499
85.23602184431773,2.8398511607820085
85.23995738877449,1.5358800272282103
85.24389293323124,0.006345337754131006
85.24782847768799,0.18227796503291457
85.25176402214474,0.2042319571023758
85.25569956660149,1.0397362145006415
85.25963511105824,1.2962967564036671
85.263570655515,1.0243115218731025
85.26750619997175,1.5147274992186117
85.2714417444285,1.4195573934098908
85.27537728888525,0.13298438458715084
85.279312833342,0.2316628324520547
85.28324837779876,0.47442528657563415
85.28718392225551,0.2346280728965967
85.29111946671226,0.17411100414685782
85.29505501116901,0.9005002975407627
85.29899055562576,1.41131453170246
85.30292610008252,3.2390514780475574
85.30686164453927,3.8609907012962887
85.31079718899602,2.9288257332922836
85.31473273345276,2.6942054334069465
85.31866827790951,2.5160212982765495
85.32260382236626,1.2446616443258667
85.32653936682301,0.32479634039397115
85.33047491127977,3.5943988636487267
85.33441045573652,6.398093118211907
85.33834600019327,3.065378233871711
85.34228154465002,0.8998949527002444
85.34621708910677,1.0034645785770295
85.35015263356352,1.0369067022940701
85.35408817802028,0.6017486978677485
85.35802372247703,0.008052144574404112
85.36195926693378,0.249256237786996
85.36589481139053,0.48214647834832114
85.36983035584728,0.5691385876101909
85.37376590030404,0.7050711275921727
85.37770144476079,0.6055833571813424
85.38163698921754,0.1348237227562707
85.38557253367429,0.021541988472285993
85.38950807813104,0.5031567253706877
85.39344362258778,1.4872418995771999
85.39737916704453,0.8414853905808033
85.40131471150129,0.38745175238977925
85.40525025595804,0.2736793498063715
85.40918580041479,1.0134305980439242
85.41312134487154,2.1828479979558084
85.4170568893283,0.3771847212122609
85.42099243378505,1.0936329430126146
85.4249279782418,0.6471090909573698
85.42886352269855,0.7303174793454464
85.4327990671553,0.16063983126165654
85.43673461161205,0.526277045527952
85.4406701560688,0.8797444548663285
85.44460570052556,0.11076093038899738
85.44854124498231,0.0345793767058972
85.45247678943906,0.47575103791077716
85.45641233389581,0.7509629285649597
85.46034787835256,1.011141904736722
85.46428342280932,0.6149299804312178
85.46821896726607,0.03577677597036685
85.4721545117228,0.09474024416150158
85.47609005617956,0.6591998157535299
85.48002560063631,0.2235636162729744
85.48396114509306,2.762777996136369
85.48789668954981,5.984535145569705
85.49183223400657,2.553159047466727
85.49576777846332,0.199679732797805
85.49970332292007,0.049501555925125326
85.50363886737682,0.6855133815319807
85.50757441183357,0.8467318997546355
85.51150995629033,0.22690762154313515
85.51544550074708,0.05178068491722081
85.51938104520383,0.9900144563474665
85.52331658966058,1.657866431498564
85.52725213411733,0.6367656647965695
85.53118767857408,1.3778476097699872
85.53512322303084,2.4156050200492403
85.53905876748759,1.8888856114169932
85.54299431194434,1.2717466521646033
85.54692985640109,0.2652396647607717
85.55086540085783,0.7257548442759285
85.55480094531458,3.45536395041596
85.55873648977133,1.2282718425439858
85.56267203422809,1.2218673249786702
85.56660757868484,3.6847078023013804
85.57054312314159,2.362435559153933
85.57447866759834,1.8288722066998515
85.5784142120551,3.09953821293278
85.58234975651185,1.9256578175515773
85.5862853009686,0.30676172236104265
85.59022084542535,0.5578220585647193
85.5941563898821,1.9051949733431515
85.59809193433885,4.095554341981471
85.6020274787956,1.2430889688084445
85.60596302325236,0.23296332621468557
85.60989856770911,3.279377407964735
85.61383411216586,3.1131233913535663
85.61776965662261,0.07489133925119465
85.62170520107937,2.436672453737036
85.6256407455361,1.2092812299471696
85.62957628999285,0.09503247665662348
85.6335118344496,0.17858917559872142
85.63744737890636,1.2192065842156097
85.64138292336311,2.636572773502078
85.64531846781986,2.279951794529515
85.64925401227661,1.3850979222067923
85.65318955673337,2.472314600927221
85.65712510119012,1.3086620192365224
85.66106064564687,0.06408178478513897
85.66499619010362,0.26262393430047065
85.66893173456037,0.2247607277652006
85.67286727901713,0.19456762764493762
85.67680282347388,0.65627494622093
85.68073836793063,0.7749912392563016
85.68467391238738,2.162056400465587
85.68860945684413,0.4490951016207433
85.69254500130089,0.70997631896838
85.69648054575764,1.774334080860252
85.70041609021439,0.928461383024297
85.70435163467113,0.027199210209382395
85.70828717912788,1.0293176404703224
85.71222272358463,0.13179705306792822
85.71615826804138,1.1850231338363928
85.72009381249813,0.8327434455750368
85.72402935695489,0.0374069940576822
85.72796490141164,0.10949431212446509
85.73190044586839,0.9275127853423127
85.73583599032514,1.8266825429009073
85.7397715347819,1.0006560228479942
85.74370707923865,0.016394798716392996
85.7476426236954,2.379353127588329
85.75157816815215,1.7336849785927415
85.7555137126089,0.5065647113533986
85.75944925706565,2.376368049902517
85.7633848015224,0.9891061314613763
85.76732034597916,0.7368910896745569
85.77125589043591,1.5501389176532192
85.77519143489266,2.975849908510039
85.77912697934941,0.8338759130530615
85.78306252380615,1.3394567519240834
85.7869980682629,2.5562439850356413
85.79093361271966,1.9232287512898594
85.79486915717641,1.6403932986697358
85.79880470163316,0.760065809048267
85.80274024608991,0.3385570833628823
85.80667579054666,2.070029696977965
85.81061133500341,0.6726827033934444
85.81454687946017,0.14384267142375642
85.81848242391692,0.3978019153060706
85.82241796837367,0.11610185742424213
85.82635351283042,1.751343826989766
85.83028905728717,1.4534743514012105
85.83422460174393,0.024066137326217676
85.83816014620068,1.4007300467619188
85.84209569065743,1.2969761401634134
85.84603123511418,1.4648659721531962
85.84996677957093,0.09977123763623248
85.85390232402769,1.5698867488694683
85.85783786848444,2.137060233257812
85.86177341294118,0.32908983316436186
85.86570895739793,0.9075110532408703
85.86964450185468,0.1638537107921594
85.87358004631143,2.5386775545162994
85.87751559076818,1.606173982903955
85.88145113522494,0.08789792881794987
85.88538667968169,0.6397524736436903
85.88932222413844,1.0353852480433838
85.89325776859519,3.376254285553975
85.89719331305194,1.0614985570186564
85.9011288575087,1.3377619054289862
85.90506440196545,1.208080421570806
85.9089999464222,0.341572391062067
85.91293549087895,2.9024764510093433
85.9168710353357,1.1831675295213768
85.92080657979245,1.333990687526573
85.9247421242492,1.2970750061527196
85.92867766870596,0.3292878421884204
85.93261321316271,2.7234800794562672
85.93654875761946,0.3251915430264076
85.9404843020762,2.1582922836491885
85.94441984653295,3.4306246533900633
85.9483553909897,0.43111019218957247
85.95229093544646,0.061028024509075525
85.95622647990321,0.03679211648987458
85.96016202435996,0.2814295217123264
85.96409756881671,0.14314358520030776
85.96803311327346,0.5022182335413488
85.97196865773022,1.1937685094408952
85.97590420218697,0.883897305767622
85.97983974664372,0.4667907134912711
85.98377529110047,1.509012337812657
85.98771083555722,5.156213028729871
85.99164638001398,4.6384908852315485
85.99558192447073,0.20002263847794244
85.99951746892748,1.8859911012594048
86.00345301338423,1.0897026384983741
86.00738855784098,0.34562943153139936
86.01132410229773,1.0607700841591912
86.01525964675449,0.008500974745630538
86.01919519121122,0.7873623743553115
86.02313073566798,0.715029283371674
86.02706628012473,0.05173619466127137
86.03100182458148,0.5178354348432822
86.03493736903823,0.09780957307804593
86.03887291349498,0.4439560599913322
86.04280845795174,0.9605607138534218
86.04674400240849,1.6058302206800916
86.05067954686524,0.9919037816857278
86.05461509132199,0.1429545317636496
86.05855063577874,1.6051217544834062
86.0624861802355,0.4665748700652506
86.06642172469225,0.30852809756629934
86.070357269149,1.399303408863191
86.07429281360575,1.4113592736444127
86.0782283580625,0.7071656631026626
86.08216390251926,0.6401547350752868
86.08609944697601,0.11763339538544874
86.09003499143276,2.392779774073594
86.09397053588951,1.364619694159281
86.09790608034625,0.35213808235037997
86.101841624803,2.7219959518343604
86.10577716925975,1.053987364164539
86.1097127137165,0.565588788408323
86.11364825817326,3.085494599076633
86.11758380263001,0.6895341933395308
86.12151934708676,1.241962299080516
86.12545489154351,2.232645124399689
86.12939043600026,0.09509831920011334
86.13332598045702,0.43968808037020524
86.13726152491377,0.3776856380954169
86.14119706937052,1.0396684136314442
86.14513261382727,0.787656127627997
86.14906815828402,0.7580818666621497
86.15300370274078,0.466312069866096
86.15693924719753,0.37324790621696463
86.16087479165428,0.18718516169178884
86.16481033611103,0.18267435858787406
86.16874588056778,0.549111156526434
86.17268142502452,1.0369484353234604
86.17661696948127,0.09285561337189151
86.18055251393803,1.309168239641259
86.18448805839478,1.4353118817009018
86.18842360285153,2.045028773367933
86.19235914730828,0.6730716675564237
86.19629469176503,0.7551409584650085
86.20023023622178,0.8351311527556322
86.20416578067854,0.23224764714061036
86.20810132513529,0.6227292265000123
86.21203686959204,0.13523567088990107
86.21597241404879,0.19384001171141196
86.21990795850554,0.8932402892327909
86.2238435029623,2.111533565635
86.22777904741905,0.0009636328820231951
86.2317145918758,1.9409914772755272
86.23565013633255,1.0094839636909487
86.2395856807893,0.4963679242787764
86.24352122524606,0.1261009613371802
86.24745676970281,0.40426612109408894
86.25139231415955,0.22390258786351017
86.2553278586163,0.306518015053082
86.25926340307305,0.24787053605648288
86.2631989475298,2.0710913285434533
86.26713449198655,3.042667103846836
86.2710700364433,2.630387279967577
86.27500558090006,0.5581263656788605
86.27894112535681,1.978750667412243
86.28287666981356,6.246778635429847
86.28681221427031,2.382906567555163
86.29074775872706,0.5358425290757812
86.29468330318382,0.6600415695837671
86.29861884764057,1.4409591524205285
86.30255439209732,0.9296938822212983
86.30648993655407,0.04584260329106628
86.31042548101082,0.49724001547865493
86.31436102546758,0.41393709526277994
86.31829656992433,0.7127656110368702
86.32223211438108,0.6911869181978393
86.32616765883783,0.487042856810606
86.33010320329457,0.8850281731932254
86.33403874775132,0.9627474110930173
86.33797429220807,1.288945604698322
86.34190983666483,0.04597157183230206
86.34584538112158,1.7080099294317932
86.34978092557833,1.625897961800808
86.35371647003508,0.07826120491985528
86.35765201449183,0.5510551066090844
86.36158755894859,0.2466478144314705
86.36552310340534,2.3660376937867866
86.36945864786209,0.6202576608083552
86.37339419231884,0.28397989673289126
86.3773297367756,0.15619784843629556
86.38126528123234,0.2917531905114759
86.3852008256891,0.11499022922002658
86.38913637014585,1.688319543702097
86.3930719146026,2.359338883748893
86.39700745905935,0.530766040439622
86.4009430035161,0.16232726892632546
86.40487854797286,0.7105011808960209
86.4088140924296,0.8141948397183691
86.41274963688635,0.9092711561218887
86.4166851813431,4.162187421453841
86.42062072579985,2.6495049983872216
86.4245562702566,0.6442037908562708
86.42849181471335,1.0789868447088056
86.4324273591701,1.2998717415345353
86.43636290362686,1.0284384112522995
86.44029844808361,0.3378720754800571
86.44423399254036,0.7614661568937772
86.44816953699711,1.4209237818257867
86.45210508145387,0.07766216745580841
86.45604062591062,1.0950640920068369
86.45997617036737,1.7708359311576727
86.46391171482412,0.3835417781133736
86.46784725928087,0.6882133966718245
86.47178280373763,1.631855946173552
86.47571834819438,1.4610510003184753
86.47965389265113,1.2549873734110346
86.48358943710788,2.672358051436152
86.48752498156462,4.3076289377369505
86.49146052602137,3.6239527740813444
86.49539607047812,1.1691000121559456
86.49933161493487,0.32054377999518513
86.50326715939163,0.21079757447561007
86.50720270384838,0.32759764550433823
86.51113824830513,0.13771238323370777
86.51507379276188,0.5340686202715665
86.51900933721863,0.1301150365032454
86.52294488167539,0.1484277476791347
86.52688042613214,0.1472853404492515
86.53081597058889,0.32599314134040586
86.53475151504564,0.12242819713930853
86.5386870595024,0.66162720261167
86.54262260395915,0.338499110875887
86.5465581484159,2.479150640299815
86.55049369287265,3.971571842812252
86.5544292373294,0.3214154915094371
86.55836478178615,3.19240635003377
86.5623003262429,1.0425589367501444
86.56623587069964,3.200976083191826
86.5701714151564,5.577451284280412
86.57410695961315,1.0485210860239136
86.5780425040699,2.184311018723017
86.58197804852665,2.128694580628744
86.5859135929834,0.053277125816944514
86.58984913744015,1.9510772246565682
86.5937846818969,3.513435552681507
86.59772022635366,1.0556360615777949
86.60165577081041,0.14603412895503953
86.60559131526716,1.2386142133055662
86.60952685972391,3.5323145795159556
86.61346240418067,1.2562511681403445
86.61739794863742,0.7353153059441788
86.62133349309417,2.0404800122948337
86.62526903755092,0.046423019458910905
86.62920458200767,1.613032005148317
86.63314012646443,1.1012102963710495
86.63707567092118,0.06954198528531072
86.64101121537793,0.10150641914999038
86.64494675983467,0.5286631921717757
86.64888230429142,1.1188954215180538
86.65281784874817,1.840470881503634
86.65675339320492,0.15347355444114316
86.66068893766167,1.0037474677159528
86.66462448211843,1.3156180555352504
86.66856002657518,3.1455839619541446
86.67249557103193,2.820522704827744
86.67643111548868,4.7077595238292105
86.68036665994543,10.73122764693872
86.68430220440219,5.431183143426204
86.68823774885894,0.5622450286449936
86.69217329331569,3.09236034547864
86.69610883777244,6.020810408669427
86.7000443822292,2.94088978237647
86.70397992668595,0.10980964016089623
86.7079154711427,0.24501574372009174
86.71185101559945,0.3070906202886929
86.7157865600562,0.171960590387073
86.71972210451294,0.5768577384935946
86.72365764896969,0.3045654116917824
86.72759319342644,0.0041154459693199105
86.7315287378832,0.17409583575740395
86.73546428233995,0.5031818488141316
86.7393998267967,0.12405888344468563
86.74333537125345,0.17789719187225544
86.7472709157102,0.4678889866232493
86.75120646016696,0.07522591966317044
86.7551420046237,0.039025121309016524
86.75907754908046,0.10294856376724607
86.76301309353721,0.8553848419959625
86.76694863799396,1.6990641574451686
86.77088418245071,1.1940670359162622
86.77481972690747,0.6872969022311434
86.77875527136422,0.8082218784464448
86.78269081582097,0.044164758089047344
86.78662636027772,0.825324708848604
86.79056190473447,1.3145733208923736
86.79449744919123,0.8732502421468491
86.79843299364796,2.522780716214987
86.80236853810472,2.0404420370785967
86.80630408256147,0.6843203559287422
86.81023962701822,0.36531924652324876
86.81417517147497,0.25266543411655173
86.81811071593172,0.0275241313760887
86.82204626038848,0.49640198018320725
86.82598180484523,0.4921194457613267
86.82991734930198,0.03923750604745656
86.83385289375873,0.29714681412397775
86.83778843821548,2.7888858593859425
86.84172398267224,5.285731751183038
86.84565952712899,2.310774324616739
86.84959507158574,0.08897665091330566
86.85353061604249,0.200055970994282
86.85746616049924,0.06535137466781189
86.861401704956,0.22063448321067086
86.86533724941275,1.5121270625882812
86.8692727938695,1.9880782475013008
86.87320833832625,0.26937102422703546
86.87714388278299,0.4491851956042537
86.88107942723974,0.663595816930576
86.88501497169649,0.3728227258657547
86.88895051615324,0.6814666471083192
86.89288606061,0.46768175592012784
86.89682160506675,0.4376075199348364
86.9007571495235,0.9185231684977301
86.90469269398025,1.373927611732184
86.908628238437,2.3166983634620695
86.91256378289376,0.8793618238858452
86.91649932735051,0.9962010702830577
86.92043487180726,1.5284226042862528
86.92437041626401,1.1339365357640558
86.92830596072076,2.413555508708949
86.93224150517752,0.649112033164354
86.93617704963427,0.21758333329774732
86.94011259409102,0.39788139941873124
86.94404813854777,0.5088429629301386
86.94798368300452,0.42988444588028923
86.95191922746127,0.6188598957406711
86.95585477191801,3.227016457781459
86.95979031637476,1.3275243814835493
86.96372586083152,0.6647695392815951
86.96766140528827,2.7416499311041016
86.97159694974502,2.6236121536238093
86.97553249420177,2.4609203959053243
86.97946803865852,1.3654339420472121
86.98340358311528,0.1634554404775779
86.98733912757203,0.7776337613773265
86.99127467202878,2.752030277490029
86.99521021648553,2.2175971972730966
86.99914576094228,0.8171258031897528
87.00308130539904,1.8156546565714813
87.00701684985579,2.125024715301238
87.01095239431254,0.8202799158340669
87.01488793876929,0.5764462347157319
87.01882348322604,0.970941479695824
87.0227590276828,0.36320791261029617
87.02669457213955,0.19085408966124462
87.0306301165963,0.4727607741046985
87.03456566105304,0.2612791778491308
87.03850120550979,0.27350503197325643
87.04243674996654,0.1954373863149299
87.04637229442329,0.27030455402529113
87.05030783888004,0.22409954587749178
87.0542433833368,0.14076325277254276
87.05817892779355,0.5306832707136789
87.0621144722503,0.24949346765000582
87.06605001670705,0.13036652441944255
87.0699855611638,0.08290481304542234
87.07392110562056,0.2110414392462822
87.07785665007731,0.6009936908017703
87.08179219453406,0.4569469783182456
87.08572773899081,1.1438205545642162
87.08966328344756,1.0654634270468426
87.09359882790432,0.35175404349335626
87.09753437236107,0.02544420290405269
87.10146991681782,0.06324063276051459
87.10540546127457,0.11950850798534722
87.10934100573132,0.17764581363818008
87.11327655018806,0.20033676585269042
87.11721209464481,0.08157191287445711
87.12114763910157,0.2704429916936047
87.12508318355832,0.29263801169316794
87.12901872801507,0.2353143301223183
87.13295427247182,0.9179905698396252
87.13688981692857,0.2889622556201303
87.14082536138532,0.1680292034757502
87.14476090584208,0.4217543937508224
87.14869645029883,0.2869316675927546
87.15263199475558,0.2855202600856513
87.15656753921233,0.011086331728599052
87.16050308366908,0.26802115455728026
87.16443862812584,0.409063243497335
87.16837417258259,0.7297439942898923
87.17230971703934,0.7124761143904502
87.17624526149609,1.1216819398725641
87.18018080595284,1.087529907772789
87.1841163504096,0.23637281746449001
87.18805189486635,0.19534046686027026
87.19198743932309,0.408572369004894
87.19592298377984,0.2895228016112095
87.19985852823659,0.07401606169200092
87.20379407269334,0.4273535716419407
87.2077296171501,0.23057061235577064
87.21166516160685,0.38215449228599446
87.2156007060636,0.6611577508854429
87.21953625052035,0.3276764527133553
87.2234717949771,0.5701617299477825
87.22740733943385,0.26703293034280096
87.2313428838906,0.14623632834432873
87.23527842834736,0.26387012810568516
87.23921397280411,0.11966318712562195
87.24314951726086,0.1485938233154038
87.24708506171761,0.03535066984425045
87.25102060617436,0.09746579513814893
87.25495615063112,0.22986596235229
87.25889169508787,0.4095187260462738
87.26282723954462,0.9383219926050876
87.26676278400137,0.7609376188413194
87.27069832845811,0.14037101292568
87.27463387291486,0.10257368950769638
87.27856941737161,0.5629718873354237
87.28250496182837,0.4305629817104456
87.28644050628512,0.27778074891199295
87.29037605074187,0.4942665344689642
87.29431159519862,0.7102772303668967
87.29824713965537,1.0958165688755919
87.30218268411213,0.5037339351333269
87.30611822856888,0.15805157720779942
87.31005377302563,1.1286662963010008
87.31398931748238,0.6702738461577386
87.31792486193913,0.17807150808909736
87.32186040639588,0.14464596973887872
87.32579595085264,0.027011633061840998
87.32973149530939,0.17747753679513353
87.33366703976614,0.36098482471160886
87.33760258422289,0.0014433881975003731
87.34153812867964,0.6893409820875578
87.34547367313638,0.743414984785321
87.34940921759313,0.09387008374880887
87.35334476204989,0.1644666628878584
87.35728030650664,0.4070792938651124
87.36121585096339,0.4707860099874618
87.36515139542014,0.26185741926173844
87.3690869398769,0.440417420545944
87.37302248433365,0.9770603412482383
87.3769580287904,0.9820254908667977
87.38089357324715,0.676638523459998
87.3848291177039,0.11652971181029209
87.38876466216065,0.05388753803682687
87.3927002066174,0.028310517222481214
87.39663575107416,0.22355541036310705
87.40057129553091,0.126211155982161
87.40450683998766,0.1548132240323737
87.40844238444441,0.20964508119444936
87.41237792890117,1.899551730856085
87.41631347335792,1.101575911815174
87.42024901781467,0.5583143304231332
87.4241845622714,3.1119544547643097
87.42812010672816,0.9625820422916158
87.43205565118491,0.2880937153161577
87.43599119564166,0.37338711298243243
87.43992674009841,0.19619413700498753
87.44386228455517,0.7189491900788927
87.44779782901192,0.21257275352134708
87.45173337346867,0.00794082461792716
87.45566891792542,0.1591497568834696
87.45960446238217,0.5198857793393172
87.46354000683893,0.9672341641088733
87.46747555129568,0.37806323132858477
87.47141109575243,0.1875408954092594
87.47534664020918,0.5256051408174345
87.47928218466593,0.015710305925050638
87.48321772912269,1.031791702050716
87.48715327357944,0.7351572536612433
87.49108881803619,0.49438268068913466
87.49502436249294,1.1898461373628677
87.4989599069497,0.6770977127149901
87.50289545140643,0.43506648802432035
87.50683099586318,0.624213081143602
87.51076654031993,0.46806333025826174
87.51470208477669,0.8833097038283156
87.51863762923344,3.3049355105080473
87.52257317369019,1.7342615011220626
87.52650871814694,0.03848202556608717
87.5304442626037,0.9476483583041697
87.53437980706045,0.21317451016606176
87.5383153515172,0.03060915139709948
87.54225089597395,0.11533059730207172
87.5461864404307,0.5767427867837159
87.55012198488745,0.10074454301356507
87.5540575293442,0.8716361317275764
87.55799307380096,0.9690706720025664
87.56192861825771,0.006025459503080652
87.56586416271446,0.7629408900321183
87.56979970717121,1.1930898812588047
87.57373525162797,0.2671862627829862
87.57767079608472,0.056322626045419294
87.58160634054146,0.13313192290542827
87.58554188499821,0.772274365626788
87.58947742945496,1.7026789863649903
87.59341297391171,2.082228295560673
87.59734851836846,1.2456358484502552
87.60128406282521,0.0238724549293194
87.60521960728197,1.0690567200833214
87.60915515173872,0.17685438912211232
87.61309069619547,0.8763191086711188
87.61702624065222,1.8198603417955523
87.62096178510897,0.769805354981934
87.62489732956573,0.6476876004680675
87.62883287402248,0.6643545535281377
87.63276841847923,0.594815437763795
87.63670396293598,0.19760519767223375
87.64063950739273,0.06747980708255823
87.64457505184949,0.09097892209454218
87.64851059630624,0.06344856980582698
87.65244614076299,0.500285877826224
87.65638168521974,0.19341577989318448
87.66031722967648,0.20128905590201535
87.66425277413323,0.8035395499618794
87.66818831858998,0.45865409980743727
87.67212386304674,1.136508094884203
87.67605940750349,2.534667583634474
87.67999495196024,1.822664399696293
87.68393049641699,0.6250270072830982
87.68786604087374,0.38473493433930966
87.6918015853305,0.37661494738030704
87.69573712978725,0.34182544378722624
87.699672674244,0.309405046874643
87.70360821870075,0.0814619340139304
87.7075437631575,0.3873391426218311
87.71147930761425,1.0332642769958196
87.715414852071,0.7606737417423284
87.71935039652776,0.36311338871644466
87.72328594098451,0.12058985760647108
87.72722148544126,0.09271410152322913
87.73115702989801,0.2929225966702605
87.73509257435477,1.362705037003228
87.7390281188115,1.695776108280723
87.74296366326826,0.4183679798387127
87.74689920772501,0.6257068081791786
87.75083475218176,0.2500043389487698
87.75477029663851,0.7492236677680182
87.75870584109526,0.7267164328142846
87.76264138555202,0.014739175094369138
87.76657693000877,0.6614326967491354
87.77051247446552,1.2782262811564877
87.77444801892227,0.3512419522554513
87.77838356337902,0.36026273201623854
87.78231910783578,0.1522924706405949
87.78625465229253,0.7285014008229443
87.79019019674928,2.6854821504521307
87.79412574120603,2.3506743153129213
87.79806128566278,0.46310680083606887
87.80199683011953,0.07532881989831973
87.80593237457629,0.48765031691091754
87.80986791903304,2.2073718748952866
87.81380346348979,3.274612391070333
87.81773900794653,2.1690882728934087
87.82167455240328,0.8609125826045461
87.82561009686003,0.930366165920223
87.82954564131678,1.3191610835882464
87.83348118577354,0.6296731748201362
87.83741673023029,0.06898060052184164
87.84135227468704,0.38400478442074104
87.84528781914379,0.016189741235037487
87.84922336360054,0.47614858786217884
87.8531589080573,0.7259976609021723
87.85709445251405,0.5826687434325291
87.8610299969708,0.22466517276487963
87.86496554142755,1.500100570487219
87.8689010858843,2.0492917530549555
87.87283663034106,0.28470912673538057
87.87677217479781,0.06493826920741672
87.88070771925456,0.10298073233995489
87.88464326371131,0.0769108799933929
87.88857880816806,0.30109061744464016
87.8925143526248,0.28492026951690086
87.89644989708155,0.0025095573353260637
87.9003854415383,0.3749124045630725
87.90432098599506,0.9325582407295555
87.90825653045181,0.7945330421789468
87.91219207490856,0.10035603894590855
87.91612761936531,0.04100226782065896
87.92006316382206,0.01791097923601774
87.92399870827882,0.24351937152976522
87.92793425273557,0.17273735518259123
87.93186979719232,0.10523659993879478
87.93580534164907,0.2682415228234062
87.93974088610582,0.536408990770669
87.94367643056258,0.34117488943985147
87.94761197501933,0.09007807007985465
87.95154751947608,0.019807270727987582
87.95548306393283,0.19721596035363587
87.95941860838958,1.6433127408676576
87.96335415284634,3.986323764158779
87.96728969730309,4.046505367428546
87.97122524175983,1.9293485883432437
87.97516078621658,0.5299067577429326
87.97909633067333,0.4752984767091709
87.98303187513008,0.8227697189509783
87.98696741958683,1.2892461263772519
87.99090296404358,1.0078599357412938
87.99483850850034,0.20623953513153115
87.99877405295709,0.20259301546774697
88.00270959741384,0.6095159983690321
88.00664514187059,0.8783394548936007
88.01058068632734,1.3966402658032893
88.0145162307841,1.7014604494415393
88.01845177524085,0.36298220629839056
88.0223873196976,0.043787780246696016
88.02632286415435,0.25800815114502124
88.0302584086111,2.293338047788935
88.03419395306786,2.0717212674265917
88.03812949752461,0.2037041464368148
88.04206504198136,0.7139510072296261
88.04600058643811,0.4210494224746085
88.04993613089485,0.13973450420760156
88.0538716753516,0.08643117741427418
88.05780721980835,0.6929951043766212
88.0617427642651,1.5384152620447598
88.06567830872186,1.2309513119931055
88.06961385317861,0.2309892582670994
88.07354939763536,0.5561169711021867
88.07748494209211,0.40469989406690604
88.08142048654886,1.1751872262318417
88.08535603100562,1.889829292816907
88.08929157546237,1.2172857383375622
88.09322711991912,0.3746150730589799
88.09716266437587,0.6172822836183144
88.10109820883262,0.09526908118021152
88.10503375328938,0.3174421598762549
88.10896929774613,1.3396082448893916
88.11290484220288,1.8966849536530992
88.11684038665963,0.4757274041591347
88.12077593111638,0.31055259826456644
88.12471147557314,0.159177678150247
88.12864702002987,0.2022392846126148
88.13258256448663,0.4327836404265781
88.13651810894338,0.061619653790817006
88.14045365340013,0.34249498060265837
88.14438919785688,0.9638078741690215
88.14832474231363,0.1455873142565059
88.15226028677039,0.5680368538451707
88.15619583122714,1.2799649629861367
88.16013137568389,0.4080984301237416
88.16406692014064,0.0275287729904706
88.1680024645974,0.5183893535948342
88.17193800905414,0.49403585872408634
88.1758735535109,0.4290139244144693
88.17980909796765,0.2100517559911181
88.1837446424244,2.9173049298283025
88.18768018688115,4.276148047026559
88.1916157313379,0.6501301615985329
88.19555127579466,1.2815244625122286
88.19948682025141,1.0166368876912601
88.20342236470816,0.1584165268032897
88.2073579091649,0.5021409089376677
88.21129345362165,0.538328962179458
88.2152289980784,0.7907252554633156
88.21916454253515,0.014795606243668808
88.2231000869919,0.514385840394721
88.22703563144866,1.040124085450763
88.23097117590541,2.8888527485195343
88.23490672036216,1.767457112211541
88.23884226481891,0.15355039101419907
88.24277780927567,0.7856020560961049
88.24671335373242,1.510678214389874
88.25064889818917,0.3001395132578663
88.25458444264592,2.0357358502484972
88.25851998710267,1.1430488978889695
88.26245553155943,2.021090596015648
88.26639107601618,4.022531556963911
88.27032662047293,0.21453334503805496
88.27426216492968,1.994880130203234
88.27819770938643,2.502164929833514
88.28213325384318,0.2096405745612389
88.28606879829992,1.4126234740189263
88.29000434275667,2.0821444443862176
88.29393988721343,0.47474146848967774
88.29787543167018,0.17258466466102368
88.30181097612693,0.7758007697646712
88.30574652058368,1.2596571794400582
88.30968206504043,4.626166934240473
88.31361760949719,4.833060736624406
88.31755315395394,1.7940771301664333
88.32148869841069,1.2611487620607311
88.32542424286744,0.3271017835483843
88.3293597873242,0.17651410993114894
88.33329533178095,0.9470748078893987
88.3372308762377,0.9085780732656061
88.34116642069445,0.4496805509662548
88.3451019651512,0.084713325345899
88.34903750960795,0.024252294313010632
88.3529730540647,0.0626202899869681
88.35690859852146,0.28749291524723425
88.36084414297821,0.7374608493225797
88.36477968743495,0.5156927710784657
88.3687152318917,0.15273996601407408
88.37265077634845,2.483268573265475
88.3765863208052,2.5778249650572467
88.38052186526195,0.5259622730396191
88.3844574097187,1.8162016398327983
88.38839295417546,2.4983258372493604
88.39232849863221,0.9240335403063505
88.39626404308896,0.0472901184951404
88.40019958754571,0.9556802160286628
88.40413513200247,0.9225340788236904
88.40807067645922,0.9061387037584481
88.41200622091597,1.2503817917167461
88.41594176537272,0.6146309277080307
88.41987730982947,0.1666041787042658
88.42381285428623,0.053215824522680664
88.42774839874298,0.9541310070293951
88.43168394319973,1.9634880769880891
88.43561948765648,1.1267950933923132
88.43955503211322,1.1361376448796765
88.44349057656997,1.1155128901834386
88.44742612102672,0.5292930978402285
88.45136166548347,0.3904852756390311
88.45529720994023,1.3870373611248679
88.45923275439698,2.5875074899198793
88.46316829885373,1.008915197662187
88.46710384331048,0.024524082018939304
88.47103938776723,0.591708920831801
88.47497493222399,0.3580473664814426
88.47891047668074,0.02471447536975606
88.48284602113749,0.1476953068777475
88.48678156559424,0.6712087034297404
88.490717110051,1.1028023889459395
88.49465265450775,0.9784114473288925
88.4985881989645,0.8771798963250105
88.50252374342125,0.18890810201790126
88.506459287878,1.89514621320126
88.51039483233475,3.412417525791233
88.5143303767915,1.1411891778943608
88.51826592124824,0.42427958994718457
88.522201465705,0.8951297532192896
88.52613701016175,2.363668935758814
88.5300725546185,2.9336185696263493
88.53400809907525,1.190889946062406
88.537943643532,0.09356644943043943
88.54187918798876,0.39181394507235695
88.5458147324455,0.7826237897203105
88.54975027690226,0.85073109636246
88.55368582135901,0.16986913087792352
88.55762136581576,0.13122661928062465
88.56155691027251,0.003323044312489256
88.56549245472927,0.5480601944478871
88.56942799918602,1.0720427253588094
88.57336354364277,0.3955591623448422
88.57729908809952,0.04821615477431697
88.58123463255627,0.2339496676644015
88.58517017701303,0.9381152684774924
88.58910572146978,0.8039177983192964
88.59304126592653,2.800989156681476
88.59697681038327,4.830245209571672
88.60091235484002,1.6884577300543833
88.60484789929677,0.7106280084332461
88.60878344375352,1.6182069920745323
88.61271898821028,1.200475978419095
88.61665453266703,1.2290249802850897
88.62059007712378,6.168233636255844
88.62452562158053,5.703310538112474
88.62846116603728,0.03532617808124862
88.63239671049404,4.117977375197801
88.63633225495079,4.216895350044034
88.64026779940754,0.045230273400068605
88.64420334386429,1.870529599089306
88.64813888832104,0.8764345538594743
88.6520744327778,0.380142368374541
88.65600997723455,2.2435384242220606
88.6599455216913,1.3249974511368776
88.66388106614805,0.4732197964088176
88.6678166106048,3.1429373440799377
88.67175215506155,3.4508254853336693
88.67568769951829,0.36196655644580883
88.67962324397504,0.4541492415677782
88.6835587884318,0.8269763364280062
88.68749433288855,0.25076007746186235
88.6914298773453,0.024163402699831884
88.69536542180205,0.21960682618299696
88.6993009662588,0.012835483505264852
88.70323651071556,0.3495877227195796
88.70717205517231,0.30273514977327043
88.71110759962906,1.2556295975603249
88.71504314408581,1.9052512723417845
88.71897868854256,0.6155007781282228
88.72291423299932,1.14487353295623
88.72684977745607,1.2720845059083705
88.73078532191282,0.3062795746946507
88.73472086636957,0.054257295041301536
88.73865641082632,0.057342462807878775
88.74259195528307,0.30348343689273694
88.74652749973983,0.2215146248111994
88.75046304419658,0.10545795176873624
88.75439858865332,1.4888940445279824
88.75833413311007,1.4152707088838503
88.76226967756682,0.1802000989183263
88.76620522202357,0.8418660729197177
88.77014076648032,1.480334944243721
88.77407631093708,0.7400181618350994
88.77801185539383,0.08553679339927911
88.78194739985058,1.1172743281054047
88.78588294430733,1.790425053682474
88.78981848876408,1.0351671239744973
88.79375403322084,0.15013611063326127
88.79768957767759,0.1974145843343334
88.80162512213434,0.05132333680911113
88.80556066659109,0.11127976525464199
88.80949621104784,0.4996382941828982
88.8134317555046,0.9992048482191074
88.81736729996135,1.608470703054276
88.8213028444181,1.46306615541667
88.82523838887485,0.2820724957206744
88.8291739333316,0.5986206123739826
88.83310947778834,1.1386619760767096
88.83704502224509,0.5397724758734863
88.84098056670184,0.2708243014658274
88.8449161111586,0.07911428028310298
88.84885165561535,0.23759342982659884
88.8527872000721,0.9217852383619056
88.85672274452885,0.34042619148425474
88.8606582889856,0.018532002557160736
88.86459383344236,0.9963769665630058
88.86852937789911,3.4197587406597614
88.87246492235586,2.7397250384527845
88.87640046681261,0.44955418262740715
88.88033601126936,0.7011578250147333
88.88427155572612,0.7586821764569884
88.88820710018287,0.19843865544790878
88.89214264463962,0.0018931485858190444
88.89607818909637,0.11929916601493905
88.90001373355312,0.23440041905307524
88.90394927800988,0.08554343291866301
88.90788482246663,0.025032758588132344
88.91182036692337,0.29414963733801114
88.91575591138012,0.7225860575517008
88.91969145583687,0.7939069706358917
88.92362700029362,0.1982900164632021
88.92756254475037,0.04519144338954436
88.93149808920712,0.24722607477625042
88.93543363366388,0.2991582023850715
88.93936917812063,0.8956935786851024
88.94330472257738,1.4931600099349402
88.94724026703413,0.560330354130806
88.95117581149088,1.2786481148487012
88.95511135594764,1.5028896178123057
88.95904690040439,0.27950365308697905
88.96298244486114,3.373618782930897
88.96691798931789,1.9049983079695212
88.97085353377464,0.05596297733793531
88.9747890782314,1.1246727206323142
88.97872462268815,1.7093994226358524
88.9826601671449,2.590162346297207
88.98659571160164,1.3991679168586992
88.99053125605839,0.37842426284892416
88.99446680051514,0.8891445049233427
88.9984023449719,0.9051588464622119
89.00233788942865,0.7342859388170914
89.0062734338854,1.464487543036317
89.01020897834215,2.4923692105997106
89.0141445227989,1.5842622624910843
89.01808006725565,0.1182216889652206
89.0220156117124,0.26995549802985197
89.02595115616916,0.24205980665781923
89.02988670062591,0.9009422642921635
89.03382224508266,0.69215873075863
89.03775778953941,0.6514372455507078
89.04169333399616,0.35011904893789475
89.04562887845292,0.2625461250252101
89.04956442290967,0.5767366348232342
89.05349996736642,0.10990985537743028
89.05743551182317,0.2028850163624942
89.06137105627992,0.7754810723438008
89.06530660073666,1.2970868727168272
89.06924214519341,1.5707296920594758
89.07317768965017,0.7813848716484043
89.07711323410692,1.5280584870631853
89.08104877856367,1.092798350763305
89.08498432302042,1.8991893296368625
89.08891986747717,0.560151415956369
89.09285541193393,2.2946635258885877
89.09679095639068,2.5459899611732304
89.10072650084743,0.6730493491345948
89.10466204530418,6.8851519755890385
89.10859758976093,3.913223007263751
89.11253313421768,1.4804762161761742
89.11646867867444,0.7101571546735536
89.12040422313119,0.1781383811011791
89.12433976758794,0.5523817114615833
89.12827531204469,0.37046081451540575
89.13221085650144,2.656211568417975
89.1361464009582,4.377292563573882
89.14008194541495,1.0593399659107807
89.14401748987169,0.7101184972993743
89.14795303432844,1.3551082564376733
89.15188857878519,0.07745700063472843
89.15582412324194,1.3506299006932159
89.1597596676987,0.3694683563874909
89.16369521215545,0.7073236341014174
89.1676307566122,0.5139696589858092
89.17156630106895,0.5251554286778587
89.1755018455257,0.09421995448265674
89.17943738998245,0.262188936541007
89.1833729344392,0.30487651788952164
89.18730847889596,0.5357187276295202
89.19124402335271,0.5039445704672557
89.19517956780946,0.12067617003575819
89.19911511226621,0.2846018973185526
89.20305065672297,0.3390315293481799
89.20698620117972,0.07131115147741503
89.21092174563647,0.1209704143822525
89.21485729009322,0.5241004399304718
89.21879283454997,0.3497342341151855
89.22272837900671,0.285631663363036
89.22666392346346,1.2775237951982124
89.23059946792021,0.31511725371263327
89.23453501237697,1.4600973719972286
89.23847055683372,1.2404464670035078
89.24240610129047,0.17305758434733853
89.24634164574722,0.5980042318679885
89.25027719020397,0.1505570899843736
89.25421273466073,1.7751202928330492
89.25814827911748,0.9277013517239692
89.26208382357423,0.8788146528198094
89.26601936803098,1.0987087489060423
89.26995491248773,1.2777396367422056
89.27389045694449,0.12808206100354924
89.27782600140124,1.6262945485635634
89.28176154585799,2.154415886595918
89.28569709031474,1.608173351458209
89.2896326347715,2.0561773019223843
89.29356817922825,0.5981483514578608
89.297503723685,0.5703385478241451
89.30143926814173,0.3389286126745794
89.30537481259849,0.500692742462569
89.30931035705524,0.25868862210650356
89.31324590151199,0.006701091255759528
89.31718144596874,0.06108658717456439
89.3211169904255,0.3415311492682842
89.32505253488225,0.8306462554094046
89.328988079339,0.8363559077250089
89.33292362379575,0.41364622727017447
89.3368591682525,0.8641555508517348
89.34079471270925,1.266164533033833
89.344730257166,1.5911631953751522
89.34866580162276,0.5889877637100678
89.35260134607951,0.019696809228043503
89.35653689053626,0.14647992040863309
89.36047243499301,0.4206905114781459
89.36440797944977,0.6683604172927508
89.36834352390652,0.8278146809371711
89.37227906836327,0.34735993367421436
89.37621461282002,0.12443800314123968
89.38015015727676,0.20874817440250207
89.38408570173351,0.09776082882645347
89.38802124619026,1.1595881411665072
89.39195679064701,1.968588269599518
89.39589233510377,0.7568443844572843
89.39982787956052,0.6430874364363341
89.40376342401727,1.5431804068849846
89.40769896847402,1.021929169819151
89.41163451293077,0.4376007721210808
89.41557005738753,1.3223543863950593
89.41950560184428,1.42316197959836
89.42344114630103,3.253275095930928
89.42737669075778,4.4804441821465675
89.43131223521453,1.1928694044566346
89.43524777967129,0.06668309383466889
89.43918332412804,0.6158760621275877
89.44311886858479,0.22303368853521097
89.44705441304154,0.2724651309794838
89.4509899574983,0.6808916162261457
89.45492550195505,0.019079704730322857
89.45886104641178,0.5077556608955363
89.46279659086854,0.4436827640734457
89.46673213532529,0.7474461266397865
89.47066767978204,1.4338796765139161
89.47460322423879,0.7672965769828882
89.47853876869554,0.2844637779999399
89.4824743131523,4.828917296343157
89.48640985760905,4.2617215564534074
89.4903454020658,0.7010015322491019
89.49428094652255,3.8930913861527134
89.4982164909793,1.5939236631814633
89.50215203543605,0.6839501237108684
89.5060875798928,0.03853012615137337
89.51002312434956,2.194856380092869
89.51395866880631,3.437567195701717
89.51789421326306,1.446559544388289
89.52182975771981,2.2874641249400187
89.52576530217657,0.5727726739941281
89.52970084663332,0.10257144220415818
89.53363639109006,0.08410131566017143
89.53757193554681,0.16504540185729305
89.54150748000356,0.43569190330898017
89.54544302446031,0.30202139377222686
89.54937856891706,0.2085822636186846
89.55331411337382,0.6031929673670566
89.55724965783057,1.7635096860776345
89.56118520228732,1.1845661596939292
89.56512074674407,0.42093599223325967
89.56905629120082,0.24317773294287515
89.57299183565758,0.17192561786108024
89.57692738011433,0.3124312338242371
89.58086292457108,0.7080980335563449
89.58479846902783,0.3676851398995693
89.58873401348458,0.11574581286475982
89.59266955794133,0.6832974477581779
89.59660510239809,0.32231971774131807
89.60054064685484,0.15946872194517975
89.60447619131159,0.49296647120334014
89.60841173576834,0.4614213889034407
89.61234728022508,0.018710350406250808
89.61628282468183,0.41681877225983144
89.62021836913858,0.27465805031186036
89.62415391359534,0.6164977393986404
89.62808945805209,0.8117856952303872
89.63202500250884,0.9662570157163398
89.63596054696559,1.0057620081229726
89.63989609142234,0.7461765154304942
89.6438316358791,0.1854544468648592
89.64776718033585,0.7392169133345127
89.6517027247926,1.409247366394963
89.65563826924935,0.19806273176720332
89.6595738137061,1.8418980980988258
89.66350935816286,1.3444389127459475
89.66744490261961,0.27560427297101087
89.67138044707636,2.434091836927497
89.67531599153311,1.134972280562403
89.67925153598986,0.23004394493200037
89.68318708044661,0.08062562685358103
89.68712262490337,0.1849798488781187
89.6910581693601,0.24172787428552395
89.69499371381686,0.9592232433444144
89.69892925827361,1.0896266625728492
89.70286480273036,0.4267994689178644
89.70680034718711,0.029983810842735884
89.71073589164386,0.10076469960297178
89.71467143610062,0.4103640132284902
89.71860698055737,1.8126245518303186
89.72254252501412,0.5651109848859602
89.72647806947087,0.5012001320520618
89.73041361392762,0.9965129271905693
89.73434915838438,0.03494672062537508
89.73828470284113,1.1251825305104062
89.74222024729788,0.4967921950670244
89.74615579175463,0.11034239959666615
89.75009133621138,0.36431365101180385
89.75402688066814,0.2913028100163662
89.75796242512489,0.720562547495572
89.76189796958164,1.0676500919438416
89.76583351403839,0.3639911068877773
89.76976905849513,0.03904209178215193
89.77370460295188,0.3464577445028507
89.77764014740863,0.39880606019901294
89.78157569186538,0.38021923959225135
89.78551123632214,0.2232624638376362
89.78944678077889,0.16940554533617172
89.79338232523564,0.20625642295000807
89.79731786969239,0.1538765070207047
89.80125341414914,0.6705092096554536
89.8051889586059,0.351403281400515
89.80912450306265,0.21312103468080915
89.8130600475194,0.9321315651656821
89.81699559197615,0.5494060318704166
89.8209311364329,0.30462203852857955
89.82486668088966,0.7189005776740737
89.82880222534641,1.3271794192522846
89.83273776980316,1.5625372562723583
89.83667331425991,1.2474654685465092
89.84060885871666,0.16731864425951284
89.84454440317342,0.051426929114740824
89.84847994763015,0.08573238327774643
89.8524154920869,0.6525553720085392
89.85635103654366,1.930846608670608
89.86028658100041,2.9384611187205105
89.86422212545716,1.257439539356821
89.86815766991391,0.16389521655150197
89.87209321437066,0.8533818497993955
89.87602875882742,0.9337721027713834
89.87996430328417,0.07460871647573224
89.88389984774092,1.2328108114718443
89.88783539219767,0.21243796828388908
89.89177093665442,0.8738035672955139
89.89570648111118,1.6175435932878375
89.89964202556793,1.8995375439302464
89.90357757002468,1.5293561324040583
89.90751311448143,0.0008823852068790945
89.91144865893818,0.4619630773791506
89.91538420339494,0.24262303485321876
89.91931974785169,1.2243283958604236
89.92325529230844,1.4015701011217616
89.92719083676518,1.2661957198135327
89.93112638122193,0.5964287938944961
89.93506192567868,0.4359530758436239
89.93899747013543,0.8977943778564306
89.94293301459219,0.29577501811183454
89.94686855904894,0.5940940471468352
89.95080410350569,3.3326997888307286
89.95473964796244,2.5597018671629033
89.9586751924192,0.37885272342758586
89.96261073687594,0.7186207533381279
89.9665462813327,0.42933551689931077
89.97048182578945,0.17727619584266513
89.9744173702462,0.27202013854113183
89.97835291470295,0.2699079384694766
89.9822884591597,0.06636248101803957
89.98622400361646,0.22543924175857433
89.99015954807321,0.7370162224985422
89.99409509252996,1.464283583497898
89.99803063698671,1.7894725749195108
90.00196618144346,0.5003575931604554
90.0059017259002,0.2464712462260197
90.00983727035695,0.35003241218524983
90.0137728148137,0.32621797080261145
90.01770835927046,0.33518543304117854
90.02164390372721,0.7016132400688774
90.02557944818396,0.1262759454462049
90.02951499264071,0.11225713482249759
90.03345053709747,0.17599494868120114
90.03738608155422,0.36748505890368893
90.04132162601097,0.39393222894900803
90.04525717046772,0.22471739947347955
90.04919271492447,0.17432294492014166
90.05312825938123,1.0066536483589443
90.05706380383798,0.7976980261492329
90.06099934829473,1.187032932319728
90.06493489275148,0.8400274648348921
90.06887043720823,0.24273139289755033
90.07280598166498,1.025191304152327
90.07674152612174,0.6960808658039852
90.08067707057847,0.5783378785688791
90.08461261503524,0.3882465128523426
90.08854815949198,0.26115014698728367
90.09248370394872,0.538758146840238
90.09641924840548,0.7086826644510336
90.10035479286223,0.14501226192299443
90.104290337319,0.2055138781481337
90.10822588177574,0.04228778204201133
90.11216142623248,2.8931142290137974
90.11609697068924,6.949356454687076
90.120032515146,1.4852874678957528
90.12396805960276,1.7843177924835052
90.1279036040595,3.4335247405525133
90.13183914851624,0.14731657375108898
90.135774692973,1.324577231317272
90.13971023742975,0.11601335046673698
90.1436457818865,1.6647303785315126
90.14758132634326,1.7010353899579602
90.1515168708,0.646266735865121
90.15545241525676,0.10199445278939798
90.1593879597135,1.65656588651917
90.16332350417024,1.3375206538603528
90.167259048627,0.7201793060561
90.17119459308375,0.18950297227905244
90.1751301375405,2.296074569753555
90.17906568199726,4.587514940077838
90.183001226454,0.8331514778730938
90.18693677091076,0.249175354658054
90.19087231536751,1.0255540905920464
90.19480785982428,1.6809512701582972
90.19874340428102,0.22355550295701573
90.20267894873776,0.9979485863396395
90.20661449319452,1.8767779970655218
90.21055003765127,0.8601260527078158
90.21448558210804,0.33166079098685225
90.21842112656478,0.09155130201960597
90.22235667102152,0.664254620847419
90.22629221547828,0.31835129471086615
90.23022775993503,0.9291519272862583
90.2341633043918,1.4932109184352773
90.23809884884852,0.5032847222844617
90.24203439330527,0.06281238309220333
90.24596993776204,0.9105661578418676
90.24990548221878,0.3370446209149787
90.25384102667552,0.41208649983472956
90.25777657113228,1.8411365660521777
90.26171211558903,0.8260877222224134
90.2656476600458,1.097737086340253
90.26958320450254,2.4394754043562226
90.27351874895928,1.309735657360088
90.27745429341604,0.049516973210525055
90.2813898378728,0.6663233928385793
90.28532538232956,0.6020956523767521
90.2892609267863,0.11232258503219122
90.29319647124304,1.4170363040188598
90.2971320156998,2.3406418617417306
90.30106756015655,0.7908563096140414
90.3050031046133,0.037319118799774016
90.30893864907006,0.27194936475866693
90.3128741935268,0.0017863970331905236
90.31680973798356,0.6798069404748129
90.3207452824403,1.411388516220405
90.32468082689704,0.8018389805319497
90.3286163713538,0.594255494473738
90.33255191581055,1.1988899936262938
90.3364874602673,1.9456030493365901
90.34042300472406,3.014740068514577
90.3443585491808,2.619344763413367
90.34829409363756,1.0913101430968009
90.35222963809431,0.5839138479247244
90.35616518255108,1.6032782024029852
90.36010072700782,5.52584926895803
90.36403627146456,6.93206415244071
90.36797181592132,2.760087738569385
90.37190736037807,0.49926934638189086
90.37584290483484,0.41145158324222586
90.37977844929158,0.38893621602138745
90.38371399374832,0.927154826174974
90.38764953820508,0.7707329213692592
90.39158508266183,0.4858555396016752
90.39552062711856,0.3561278963339346
90.39945617157532,0.6957568556391973
90.40339171603208,0.43131902318786086
90.40732726048884,0.5960185389835816
90.41126280494558,1.1569664772745414
90.41519834940232,1.6407415859101224
90.41913389385908,2.4885928509269046
90.42306943831584,1.6835429045778258
90.4270049827726,0.22526494046515688
90.43094052722934,0.5399108407986053
90.43487607168608,1.153923224541691
90.43881161614284,0.2567896489515644
90.4427471605996,1.6216990169918122
90.44668270505636,4.705831476834192
90.4506182495131,3.2535364450535407
90.45455379396984,0.41769913402351494
90.4584893384266,0.30877870414564246
90.46242488288335,0.586055714110328
90.4663604273401,0.3212290462571799
90.47029597179686,0.07399133948168238
90.4742315162536,0.05923962116649821
90.47816706071036,0.0541739236745077
90.4821026051671,0.6319075363178339
90.48603814962384,1.914511389296901
90.4899736940806,2.893551731007858
90.49390923853736,2.114793183433503
90.49784478299412,0.9692356046215077
90.50178032745086,1.044189088934525
90.5057158719076,0.3406293266063629
90.50965141636436,0.02304839356659647
90.51358696082112,0.7913071814879217
90.51752250527788,3.272406787124171
90.52145804973462,1.542983878764717
90.52539359419136,2.0108354643957247
90.52932913864812,6.141370861509675
90.53326468310487,1.2606833599207699
90.53720022756164,1.3934027925130519
90.54113577201838,3.7277577513921845
90.54507131647512,1.1107400589278376
90.54900686093188,0.5977739349423904
90.55294240538862,0.48333363545923225
90.55687794984536,0.37136467196075484
90.56081349430212,1.8796527106159506
90.56474903875888,1.666170137818286
90.56868458321564,0.19826968652755889
90.57262012767238,0.4160888275399428
90.57655567212912,1.445728947868761
90.58049121658588,0.40095424444628075
90.58442676104264,1.8461923145110888
90.5883623054994,2.5375702949373675
90.59229784995614,0.20313383660385875
90.59623339441288,0.3315077074225281
90.60016893886964,0.41890199498002034
90.6041044833264,1.1094388052071664
90.60804002778316,0.4790609214712498
90.6119755722399,0.13463437483415117
90.61591111669664,0.21252492460176542
90.6198466611534,0.7025917060542586
90.62378220561015,0.7210023997014621
90.62771775006688,0.03495851408435075
90.63165329452364,1.0417558717859832
90.6355888389804,2.2970822621214637
90.63952438343716,0.8562061634667152
90.6434599278939,0.16932104599099385
90.64739547235064,0.6816770415795547
90.6513310168074,0.02360721394280992
90.65526656126416,0.8640660936217577
90.65920210572092,0.9239623161956932
90.66313765017766,0.31590600873603863
90.6670731946344,0.10719435054424419
90.67100873909116,1.3394690853903257
90.67494428354792,0.7795009376967877
90.67887982800468,0.9499131079099681
90.68281537246142,1.3313845882032713
90.68675091691816,0.6902676711731772
90.69068646137492,0.30314551207250234
90.69462200583168,0.28690034139601905
90.69855755028844,1.1053525671510875
90.70249309474518,0.7532405816524936
90.70642863920192,1.7059967914303282
90.71036418365868,0.49326086549162684
90.71429972811542,0.15409741137196198
90.71823527257216,0.1138534621885883
90.72217081702892,0.9106493376788395
90.72610636148568,0.6779750441812223
90.73004190594244,0.17892118593207795
90.73397745039918,1.186036572063222
90.73791299485592,0.17147845530033232
90.74184853931268,0.5473880027975895
90.74578408376944,0.6445718466005385
90.7497196282262,0.039709109533005674
90.75365517268294,0.2857190527530644
90.75759071713968,0.220863700846234
90.76152626159644,0.4799979173038508
90.7654618060532,0.5144004574793868
90.76939735050996,0.9282377610702883
90.7733328949667,0.9565235758414699
90.77726843942344,0.023948874621995596
90.7812039838802,0.46890168361466217
90.78513952833694,0.5296557333539647
90.7890750727937,0.6780120629641011
90.79301061725045,1.261409691892715
90.7969461617072,1.6245355467067473
90.80088170616396,2.7106706613650795
90.8048172506207,2.4988159521726403
90.80875279507744,2.2758983080487
90.8126883395342,2.2149264665798745
90.81662388399096,0.7353049867785987
90.82055942844772,0.43390400369683196
90.82449497290446,2.0490490422477894
90.8284305173612,3.7345829041794203
90.83236606181796,1.7749026592242776
90.83630160627472,0.41374206494365234
90.84023715073148,1.5306534214477363
90.84417269518822,1.8055282129777777
90.84810823964496,0.2932578337683681
90.85204378410172,1.022525254128888
90.85597932855848,2.4275733264797177
90.85991487301524,0.49382014819575026
90.86385041747197,0.1272923253451204
90.86778596192872,0.4606749124207941
90.87172150638548,0.4823156438922985
90.87565705084222,0.5925407493876732
90.87959259529896,0.8368408160987194
90.88352813975573,1.2356488204406626
90.88746368421248,2.058972045217205
90.89139922866924,2.1335177075435836
90.89533477312598,1.2980940230405678
90.89927031758272,0.3591927445431238
90.90320586203948,0.19863423020911478
90.90714140649624,1.5465830168660486
90.911076950953,2.8491232406005715
90.91501249540974,0.9027380370446484
90.91894803986648,0.4722588897815339
90.92288358432324,0.3442182298200223
90.92681912878,0.11356588041559713
90.93075467323676,0.03945298431385878
90.9346902176935,0.43625670920192994
90.93862576215024,0.14202711895770892
90.942561306607,0.5107254404170295
90.94649685106374,1.8871965914945488
90.9504323955205,2.5119639641382716
90.95436793997725,1.093485694995631
90.958303484434,0.9329883813255349
90.96223902889076,1.0947760350128768
90.9661745733475,0.4559833350621663
90.97011011780424,1.2184566102208227
90.974045662261,0.8788048804545219
90.97798120671776,0.3617662015460702
90.98191675117452,0.317148214846343
90.98585229563126,2.302181133995525
90.989787840088,1.7702080252255121
90.99372338454477,0.3566864305604884
90.99765892900152,0.1795819405948111
91.00159447345828,0.04780531989524649
91.00553001791502,0.05231114526093485
91.00946556237176,0.03587500645777657
91.01340110682852,0.19851308799587924
91.01733665128528,0.1601000188639149
91.021272195742,0.6417939009425448
91.02520774019877,1.7809989791301837
91.02914328465552,2.3839231165462063
91.03307882911228,1.4211742415319886
91.03701437356902,0.20008640010171844
91.04094991802576,0.26655191774292425
91.04488546248253,0.10357394333149701
91.04882100693928,0.5879102611981889
91.05275655139604,1.3306552925269606
91.05669209585278,0.3987573994256051
91.06062764030952,0.2618027040396382
91.06456318476629,0.023298625530001515
91.06849872922304,0.08549309110166312
91.0724342736798,0.14940626796565482
91.07636981813654,2.5858024603866525
91.0803053625933,4.257867282596845
91.08424090705005,3.936819354411753
91.0881764515068,3.3583229983797764
91.09211199596356,0.9608508201437188
91.0960475404203,0.27190274360355293
91.09998308487704,0.6596469908215113
91.1039186293338,0.724643705225308
91.10785417379054,0.1792637206709241
91.1117897182473,0.21230633541055208
91.11572526270405,0.04744383955787504
91.1196608071608,0.911022388181323
91.12359635161756,1.4481260085915613
91.1275318960743,0.2822154403627921
91.13146744053104,1.1328820845797785
91.1354029849878,2.787922013011925
91.13933852944456,1.9901362144382335
91.14327407390132,1.1674356928317657
91.14720961835806,1.057827368783202
91.1511451628148,0.5627406921939994
91.15508070727157,0.05018449880073608
91.15901625172832,0.030970175357173002
91.16295179618508,0.09091695716988826
91.16688734064182,0.3014918831279183
91.17082288509856,0.4221211290521873
91.17475842955533,1.4918110596097607
91.17869397401206,0.8723377953088612
91.1826295184688,0.13840712418438106
91.18656506292557,0.5167478338455969
91.19050060738232,0.07760798606934065
91.19443615183908,0.2791045442418164
91.19837169629582,0.02387526075987903
91.20230724075256,1.6422379875624704
91.20624278520933,3.725100877141942
91.21017832966608,3.128068313487352
91.21411387412284,1.210014518049556
91.21804941857958,0.10301768235408851
91.22198496303632,0.14157038219394955
91.22592050749309,0.04471727071356829
91.22985605194984,0.31663731083015295
91.2337915964066,0.8961007009636854
91.23772714086334,0.834714523096064
91.2416626853201,0.8940595115908944
91.24559822977685,0.535488643510213
91.2495337742336,0.059331838324568544
91.25346931869034,0.04608075160363077
91.25740486314707,0.67837605696529
91.26134040760384,2.146184469816337
91.2652759520606,1.3117932997495851
91.26921149651734,0.011352934849304424
91.2731470409741,1.2873542783206442
91.27708258543085,0.7582983164776343
91.2810181298876,0.23051798570041113
91.28495367434437,1.4451085219949924
91.2888892188011,0.18801567987187243
91.29282476325784,1.0201084347646532
91.2967603077146,1.8005560803931397
91.30069585217136,0.5974428852309198
91.30463139662812,1.1068580948246909
91.30856694108486,0.5261407679525656
91.3125024855416,1.509632114718861
91.31643802999837,0.9080444123175099
91.32037357445512,0.49421796427823006
91.32430911891188,1.5721547808031038
91.32824466336862,0.7424834028933728
91.33218020782536,1.946356273856199
91.33611575228213,1.6196723586527886
91.34005129673886,1.2460999720302264
91.34398684119562,1.3052887463911698
91.34792238565235,0.5380642791799157
91.35185793010912,0.2166097992573234
91.35579347456589,0.01776770749213457
91.35972901902262,0.2505998318342531
91.36366456347938,0.33355419918434015
91.36760010793613,1.1594961884469075
91.37153565239288,0.9718450541484783
91.37547119684965,0.2730222328856678
91.37940674130638,0.014385793473724791
91.38334228576312,0.3216617960859787
91.38727783021989,1.6919039502096067
91.39121337467664,2.2019787233177315
91.3951489191334,0.5655026224339028
91.39908446359014,0.28855942451564875
91.4030200080469,1.0477836339649056
91.40695555250365,0.8177921868768891
91.41089109696038,0.6490452790947516
91.41482664141714,0.26212890546153406
91.41876218587387,0.027691093657988337
91.42269773033064,0.051704019216198945
91.4266332747874,0.2850973604328843
91.43056881924414,0.30245307976791913
91.4345043637009,0.14992787417238365
91.43843990815763,0.2417888704838645
91.4423754526144,1.3817541992504347
91.44631099707117,1.873001921606572
91.4502465415279,1.8702085294187476
91.45418208598466,1.6896006994780906
91.4581176304414,0.7475597152241689
91.46205317489816,0.11104655984862358
91.46598871935493,0.22301458787018702
91.46992426381166,0.9550707979693459
91.4738598082684,1.2019620392882178
91.47779535272517,0.46594555491614253
91.48173089718192,0.005116399792607788
91.48566644163868,0.6796542508153709
91.4896019860954,1.9833353016553368
91.49353753055216,2.0548601291679733
91.49747307500893,0.7086218756161369
91.50140861946566,0.20515596547367562
91.50534416392242,0.12334806959530364
91.50927970837915,0.03806100456743196
91.51321525283592,0.023352153854693043
91.51715079729269,0.6140626993962751
91.52108634174942,0.7277477960295828
91.52502188620618,0.04843134525223919
91.52895743066291,0.18154172455877385
91.53289297511968,0.22325921317264533
91.53682851957645,1.1328868916117754
91.54076406403318,0.09039351651182662
91.54469960848994,1.5058838140967865
91.54863515294667,2.203556714914291
91.55257069740344,0.12629887867614
91.5565062418602,0.7700981453628244
91.56044178631694,0.02242308450957354
91.5643773307737,1.4895464012118913
91.56831287523045,1.6697991636934946
91.57224841968718,0.3922893835809339
91.57618396414394,0.45860135816166736
91.58011950860067,0.44184605149920764
91.58405505305744,0.3474400477522333
91.5879905975142,1.3033392943669069
91.59192614197094,1.5584876325162274
91.5958616864277,0.22489308761446397
91.59979723088443,0.09728441158019563
91.6037327753412,0.08479504867970485
91.60766831979797,0.45266868766870716
91.6116038642547,0.33531433280594897
91.61553940871146,0.43487183545935276
91.6194749531682,1.9995876016122631
91.62341049762496,1.1593625605384568
91.62734604208173,0.059378510916769184
91.63128158653846,1.4293379100869812
91.63521713099522,1.5934618716751794
91.63915267545195,0.5888015383179427
91.64308821990872,0.11149154537107477
91.64702376436546,0.2252475861537672
91.6509593088222,0.3483242223939597
91.65489485327896,0.0782827139714631
91.65883039773573,0.5771911344485113
91.66276594219246,1.8007083000437338
91.66670148664922,1.5473602448803567
91.67063703110595,1.4933561500641321
91.67457257556272,0.3765986486664511
91.67850812001949,0.1612534055306306
91.68244366447622,0.05108979173671867
91.68637920893298,0.9929080539400762
91.69031475338971,0.9018315277389737
91.69425029784648,1.7843170851223196
91.69818584230325,2.9776594826823133
91.70212138675998,0.29401484425877084
91.70605693121674,1.2650982040252219
91.70999247567347,0.1863946572565609
91.71392802013024,0.8592415052105877
91.717863564587,0.09459681879337675
91.72179910904372,1.338398419327796
91.72573465350048,1.0151506277849685
91.72967019795723,0.3198546803105773
91.733605742414,1.9065438752450463
91.73754128687074,3.092540073646864
91.74147683132747,1.2122892983820661
91.74541237578424,0.9761176675256009
91.749347920241,0.3788884670112448
91.75328346469774,1.2443400153821933
91.7572190091545,3.624444377682537
91.76115455361123,0.8553780459267009
91.765090098068,3.902975812536515
91.76902564252477,6.1652684539081015
91.7729611869815,1.4819991764075857
91.77689673143826,3.2188707900324416
91.780832275895,2.696838641848047
91.78476782035176,0.5140131548898468
91.78870336480853,0.7829675361610318
91.79263890926526,0.5857019704323008
91.79657445372202,3.6729867570032164
91.80050999817875,1.0069917875141814
91.8044455426355,2.682005359884727
91.80838108709226,2.577894240477877
91.812316631549,0.2098884976792167
91.81625217600576,1.836844633343383
91.82018772046251,0.43032326325484616
91.82412326491928,0.8723238090991359
91.82805880937602,1.4590596482830835
91.83199435383275,0.07936179569513098
91.83592989828952,0.7515724976381597
91.83986544274627,0.6378395698500496
91.84380098720302,0.8299345585494291
91.84773653165978,0.13892631212987389
91.85167207611651,1.7867623111109474
91.85560762057328,0.6952931982400371
91.85954316503005,0.8205943234788047
91.86347870948678,0.8471654764072103
91.86741425394354,0.5939463640910266
91.87134979840027,0.35862242191491106
91.87528534285704,0.798392727291671
91.87922088731378,3.0363452181089206
91.88315643177052,1.3438877272570553
91.88709197622728,0.9778626063562258
91.89102752068403,1.2293365525494595
91.8949630651408,0.5964289589112092
91.89889860959754,1.5042782993641144
91.90283415405428,1.8701419762101135
91.90676969851104,3.032732852519067
91.9107052429678,1.9318869507499383
91.91464078742456,0.35517664206316363
91.9185763318813,0.16174897937211208
91.92251187633804,0.77325959738935
91.9264474207948,0.7231727150572087
91.93038296525155,0.192134783319907
91.9343185097083,0.052698790081110676
91.93825405416506,0.48056789899531005
91.9421895986218,2.7785819477818836
91.94612514307856,2.984427508299068
91.95006068753533,0.1539713613234962
91.95399623199206,3.4393312455803295
91.9579317764488,1.8525016935188912
91.96186732090555,0.3258708077530138
91.9658028653623,1.522158272816278
91.96973840981906,0.20082264365752875
91.9736739542758,0.345393767010419
91.97760949873256,0.2285689210388631
91.98154504318931,1.827848064917781
91.98548058764608,0.7712401654105424
91.98941613210282,0.17073561668019924
91.99335167655956,0.11769275811179782
91.99728722101632,0.05183364807715387
92.00122276547307,0.012740373596302031
92.00515830992984,0.090491814237612
92.00909385438658,0.27736393573215
92.01302939884332,0.13382433250867612
92.01696494330008,0.06866862321460622
92.02090048775683,0.62624159660001
92.0248360322136,0.6866779105350733
92.02877157667034,0.1600000648666638
92.03270712112707,1.2419797891302617
92.03664266558384,1.3000841634967855
92.04057821004058,0.3492750717873732
92.04451375449732,2.5361907681319042
92.04844929895408,2.4034473028322947
92.05238484341083,1.064234029445683
92.0563203878676,0.7567549447915917
92.06025593232434,0.5930659096389874
92.06419147678108,0.3373296052484226
92.06812702123784,0.1799712861109905
92.0720625656946,0.3783684764266424
92.07599811015136,0.7059986532350465
92.0799336546081,0.08758982549734795
92.08386919906484,0.2697422911232298
92.0878047435216,0.2877520512950198
92.09174028797835,0.17335691938569678
92.0956758324351,0.731873963810323
92.09961137689186,0.6415319877002652
92.1035469213486,0.4683829275443057
92.10748246580536,0.21685472785255233
92.11141801026211,0.25638327490824314
92.11535355471884,1.1882544909282655
92.1192890991756,1.2241545426759652
92.12322464363235,0.6478779620251425
92.1271601880891,0.7582297531891604
92.13109573254586,0.7529609782462436
92.1350312770026,1.2222064988476664
92.13896682145936,1.4542676824185847
92.14290236591611,0.9401453477943674
92.14683791037288,1.4319282433495002
92.15077345482962,1.3763068814966073
92.15470899928636,0.4099583702352943
92.15864454374312,0.3705647224796343
92.16258008819987,2.0708356733981717
92.16651563265664,2.8138534744144135
92.17045117711338,1.854987500589665
92.17438672157012,2.607930699371407
92.17832226602688,1.6416610496287167
92.18225781048363,0.05855521870849094
92.1861933549404,0.6342395338212165
92.19012889939714,1.3694557572534594
92.19406444385388,1.1998755889491413
92.19799998831064,0.36051874621971747
92.20193553276738,0.41581264926343753
92.20587107722412,1.1663110578563705
92.20980662168088,0.937431839414067
92.21374216613764,0.3344180779037011
92.2176777105944,0.15313876506165575
92.22161325505114,0.011184983789778542
92.22554879950788,0.42386836477952056
92.22948434396464,1.2288878949459583
92.2334198884214,1.6042906611317909
92.23735543287816,1.515955631987788
92.2412909773349,0.9252360055482303
92.24522652179164,0.3196523580768469
92.2491620662484,0.05297014776294269
92.25309761070515,0.10816172742572792
92.2570331551619,0.7498519448295006
92.26096869961866,0.7334031982873018
92.2649042440754,0.09970627972633424
92.26883978853216,1.0920960599748726
92.2727753329889,2.4673416255829466
92.27671087744564,1.7547857405605813
92.2806464219024,0.31710864764576074
92.28458196635916,0.016726442282679926
92.28851751081592,0.2713928229431049
92.29245305527266,1.4423442921270886
92.2963885997294,1.6650189022816424
92.30032414418616,0.32526638508939937
92.30425968864292,0.3845553101441852
92.30819523309968,0.9367603925112412
92.31213077755642,0.6488696070254679
92.31606632201316,0.10829070451882833
92.32000186646992,1.5908323606760029
92.32393741092667,3.155239160666711
92.32787295538344,1.5665030451900541
92.33180849984018,0.650483098124067
92.33574404429692,0.8668406458913501
92.33967958875368,0.7469534474945053
92.34361513321043,1.0356547463442793
92.34755067766716,2.165333243978632
92.35148622212392,2.2459784046176807
92.35542176658068,0.4953467802952928
92.35935731103744,0.2240229313929542
92.36329285549418,1.1235791825153583
92.36722839995092,0.9152807659294416
92.37116394440768,0.5808661267825522
92.37509948886444,0.5295596053290149
92.3790350333212,0.23409903272057495
92.38297057777794,0.22972063680546664
92.38690612223468,0.717443058651223
92.39084166669144,0.177200802685833
92.3947772111482,0.35431836074172296
92.39871275560496,0.3990946067063198
92.4026483000617,0.8320686828602694
92.40658384451844,0.787461715261741
92.4105193889752,0.7115716254022406
92.41445493343195,1.0386757442673924
92.4183904778887,0.3136310586367888
92.42232602234546,0.12547964397114839
92.4262615668022,0.5048108918244335
92.43019711125896,1.2898069357654454
92.4341326557157,2.035459592353015
92.43806820017244,0.28157835665059044
92.4420037446292,0.8626473613370969
92.44593928908596,0.9194192874044914
92.44987483354272,0.12286062067256136
92.45381037799946,1.0805419673080576
92.4577459224562,0.09666440243873714
92.46168146691296,0.42570471437048907
92.46561701136972,0.7826932867656872
92.46955255582648,1.1916079442114822
92.47348810028322,0.5257962899734104
92.47742364473996,0.2869279010706091
92.48135918919672,0.5093253749614335
92.48529473365348,0.15595467486256548
92.48923027811024,0.45223825499009657
92.49316582256698,0.7810650340572306
92.49710136702372,0.14827262163397323
92.50103691148048,0.09367000759377056
92.50497245593722,0.0795720461690008
92.50890800039396,1.5794107172976954
92.51284354485072,1.2546513762450986
92.51677908930748,0.16217400672517637
92.52071463376424,1.752236362831893
92.52465017822098,0.9882018975774834
92.52858572267772,1.6637774055960741
92.53252126713448,2.1981441402490383
92.53645681159124,0.5597946997861254
92.540392356048,0.04257658327948782
92.54432790050474,0.04422390957613048
92.54826344496148,0.07733379101760117
92.55219898941824,0.00351895686903855
92.556134533875,0.002138194319814699
92.56007007833176,0.4738627237993312
92.5640056227885,1.5749725933123921
92.56794116724524,1.0057007439447991
92.571876711702,0.528132496714968
92.57581225615876,0.24019482638837905
92.57974780061552,0.09586436448838166
92.58368334507225,0.1931935122672575
92.587618889529,0.020885251914086456
92.59155443398576,0.3508771120075803
92.5954899784425,0.34850305564468337
92.59942552289924,0.3364366261569719
92.603361067356,0.39767389150202576
92.60729661181276,0.28037266389604687
92.61123215626952,0.7914040539283034
92.61516770072626,0.11214998696649187
92.619103245183,0.5534448252376041
92.62303878963976,0.15607554830121081
92.62697433409652,0.5770520381457325
92.63090987855328,1.2968109529511709
92.63484542301002,0.42484719380202146
92.63878096746676,0.1906894637447242
92.64271651192352,0.02683792944063979
92.64665205638028,0.030610862263039103
92.65058760083704,0.6376723060073625
92.65452314529378,2.038128289033201
92.65845868975052,0.9900527951825018
92.66239423420728,0.21610868775808517
92.66632977866402,1.2113847236325332
92.67026532312076,0.5920063241149913
92.67420086757753,0.10035935113130903
92.67813641203428,0.08454017982871762
92.68207195649104,0.2959785393648206
92.68600750094778,0.703206032346725
92.68994304540452,0.12394370575185558
92.69387858986128,0.2458921663599207
92.69781413431804,0.22018863482263126
92.7017496787748,0.19654974518190288
92.70568522323154,0.3345948682182347
92.70962076768828,0.7374766131653394
92.71355631214504,1.2999634443843353
92.7174918566018,1.0772180163341254
92.72142740105856,2.6801256737031665
92.7253629455153,1.723163943225255
92.72929848997204,0.937006623629437
92.7332340344288,1.7933876767687853
92.73716957888556,2.0368573640197636
92.7411051233423,2.2620291780835493
92.74504066779905,0.35422327965096184
92.7489762122558,1.577707717327328
92.75291175671256,0.9006670235920504
92.7568473011693,0.6277677204068983
92.76078284562604,1.1807117802386495
92.7647183900828,0.06457455928605538
92.76865393453956,0.6877423396511172
92.77258947899632,1.7933462012846075
92.77652502345306,1.281881878631702
92.7804605679098,0.2852936049703971
92.78439611236657,0.08302812194498829
92.78833165682332,0.31508190002126124
92.79226720128008,1.229784724688264
92.79620274573682,1.7331255457618793
92.80013829019356,1.3279694976526377
92.80407383465032,0.654408143712648
92.80800937910708,0.06043606177288342
92.81194492356384,0.33429610959092665
92.81588046802058,0.8220198087015471
92.81981601247732,0.37894542507362616
92.82375155693408,0.007259795816734653
92.82768710139082,0.24580353679783862
92.83162264584756,0.2000013243438536
92.83555819030433,0.06857271110395351
92.83949373476108,0.40465191672671036
92.84342927921784,0.23994452489446325
92.84736482367458,0.44821664895234065
92.85130036813132,0.5639443189913004
92.85523591258809,1.2025004358819993
92.85917145704484,1.0292391394799907
92.8631070015016,1.9843875077385014
92.86704254595834,1.9871093877759523
92.8709780904151,0.22160550311206034
92.87491363487185,0.6010331283624636
92.8788491793286,0.5140365557246908
92.88278472378536,0.3877065230131482
92.8867202682421,0.5709843179635344
92.89065581269884,0.44062584031698354
92.8945913571556,0.18034502680577774
92.89852690161234,0.19979569429453775
92.9024624460691,0.2327272061156676
92.90639799052585,0.23588821192482134
92.9103335349826,0.31891743416859347
92.91426907943936,0.14791116555177866
92.9182046238961,0.06453797799528449
92.92214016835284,0.01382993367704756
92.9260757128096,0.7561552265547078
92.93001125726636,1.936725571865318
92.93394680172312,0.42874930792464183
92.93788234617986,0.33295977135582816
92.9418178906366,0.8748055098038318
92.94575343509337,0.6666973047800733
92.94968897955012,0.752996707138891
92.95362452400688,0.1020658147640932
92.95756006846362,0.1358198584305884
92.96149561292036,0.004569376200102719
92.96543115737713,0.4990700876991483
92.96936670183388,0.4101107367833079
92.9733022462906,0.021414793287614003
92.97723779074737,0.27419194270304836
92.98117333520412,0.26884115143308207
92.98510887966088,0.18545288508179106
92.98904442411762,0.6637188441059899
92.99297996857436,0.4700386008796911
92.99691551303113,0.0004584106213823362
93.00085105748788,0.2264495358098432
93.00478660194464,0.1251316898280251
93.00872214640138,0.11051828008797525
93.01265769085812,0.27970230762178183
93.01659323531489,0.3867688291017417
93.02052877977164,0.7230624818155712
93.0244643242284,0.566798401454988
93.02839986868514,0.2827343149614236
93.0323354131419,0.36414740428836045
93.03627095759865,0.09677024028061737
93.0402065020554,0.2934051371843164
93.04414204651216,1.4191637391554546
93.0480775909689,1.23939432100571
93.05201313542564,0.034468771465170266
93.0559486798824,0.7022255980913298
93.05988422433914,0.5307961514127718
93.0638197687959,0.11015756509593655
93.06775531325265,0.6985138680865628
93.0716908577094,2.5171344475468596
93.07562640216617,1.5512212111834105
93.0795619466229,0.905455672919992
93.08349749107964,0.1404718194243082
93.0874330355364,0.11598102708965924
93.09136857999316,0.04933223887832853
93.09530412444992,0.7897681888882206
93.09923966890666,0.6581139141627724
93.1031752133634,1.9067046150102667
93.10711075782017,0.4916010114698514
93.11104630227692,1.8325862339172883
93.11498184673368,4.027844185234488
93.11891739119042,1.7390665111526389
93.12285293564716,0.47096014963152344
93.12678848010393,0.37889777857197127
93.13072402456066,1.5702332520227649
93.13465956901742,0.17482141317297692
93.13859511347415,0.7862225596791192
93.14253065793092,0.8645047230994141
93.14646620238769,1.1473569475705119
93.15040174684442,0.6458305989341024
93.15433729130118,0.24867569635873912
93.15827283575793,0.40059199964241227
93.16220838021468,0.716458017571746
93.16614392467145,0.1677036382264253
93.17007946912818,0.4123899825200579
93.17401501358492,0.20622269417563055
93.17795055804169,1.2045815907431074
93.18188610249844,0.7302940520226313
93.1858216469552,0.04787569634681962
93.18975719141194,0.33236506066915894
93.1936927358687,0.23377373567577162
93.19762828032545,0.12971600140723344
93.2015638247822,0.4358908666548788
93.20549936923896,0.5709504501373135
93.20943491369567,0.7675273792120852
93.21337045815244,0.14070710778705237
93.2173060026092,1.7405959425565527
93.22124154706594,0.2422732508473233
93.2251770915227,1.7264241053215057
93.22911263597943,1.1477321758733756
93.2330481804362,0.8914536468990206
93.23698372489297,1.8863285190871026
93.2409192693497,1.6907349793347481
93.24485481380646,2.909769592973412
93.2487903582632,0.4737752841827784
93.25272590271996,0.3587503618433974
93.25666144717673,0.8641250779045299
93.26059699163346,0.6828173523752479
93.2645325360902,1.7146429308773765
93.26846808054697,1.9388551036353328
93.27240362500372,0.8334243184180967
93.27633916946048,0.8171434187870611
93.28027471391722,0.39962569485565613
93.28421025837396,0.2797295168297198
93.28814580283073,0.12967198208401656
93.29208134728746,1.713795704718185
93.29601689174422,1.059960242628827
93.29995243620095,0.09487047709434197
93.30388798065772,1.4760497944826791
93.30782352511449,1.241678177478188
93.31175906957122,1.8270163763367673
93.31569461402798,3.3795153344020052
93.31963015848471,2.357885188457776
93.32356570294148,2.1545339682530176
93.32750124739825,1.8061603340518542
93.33143679185498,0.6973411367134646
93.33537233631174,2.9596558593419284
93.33930788076847,2.9138041729553392
93.34324342522524,1.6294348624857822
93.347178969682,0.5635206737169032
93.35111451413874,0.19316940678804972
93.3550500585955,0.6966351735838407
93.35898560305225,1.4798352814941067
93.362921147509,2.81945253387413
93.36685669196574,1.3556000000186679
93.37079223642247,0.7550560437683156
93.37472778087924,1.1156966959617574
93.378663325336,1.5433658658782747
93.38259886979274,1.2317071462280629
93.3865344142495,1.0366280263571495
93.39046995870623,0.020019187802677266
93.394405503163,1.06684756161947
93.39834104761977,1.5643482344281132
93.4022765920765,2.247476133839048
93.40621213653326,2.7194662744976794
93.41014768099,1.3258380259005171
93.41408322544676,0.6520334932997693
93.41801876990353,0.8100735055543362
93.42195431436026,0.5868374024485775
93.42588985881702,0.05331420949503065
93.42982540327375,0.22565645640358764
93.43376094773052,0.4917543583578295
93.43769649218729,0.4371537969787159
93.441632036644,0.4672287636723673
93.44556758110076,0.8649381758528545
93.44950312555753,1.1323959212977859
93.45343867001426,0.8181606556467707
93.45737421447102,0.6082297111942363
93.46130975892775,0.5143046135221441
93.46524530338452,0.12879255401007572
93.46918084784129,0.18467516435507927
93.47311639229802,0.5243419688405474
93.47705193675478,0.2176047205050059
93.48098748121151,0.10500066557879002
93.48492302566828,1.017703689328555
93.48885857012505,1.026709173662538
93.49279411458178,0.6392383144706195
93.49672965903854,0.1882351216828725
93.50066520349527,0.5516560593876638
93.50460074795204,1.5588259712906283
93.5085362924088,0.020415147426430285
93.51247183686554,1.3003274739239887
93.5164073813223,0.38744694427463283
93.52034292577903,1.8611578614343123
93.5242784702358,4.4756463000703155
93.52821401469254,3.248320789529003
93.53214955914927,1.7437012962881824
93.53608510360604,0.004273869302749641
93.5400206480628,1.3767175647390208
93.54395619251954,0.6985259260540707
93.5478917369763,0.024019499823976234
93.55182728143303,0.04898744047508383
93.5557628258898,0.5182607468555395
93.55969837034657,0.42923182394360077
93.5636339148033,0.3716278532047266
93.56756945926006,2.653111030773288
93.5715050037168,3.6377903629949366
93.57544054817356,0.8957960849375236
93.57937609263033,0.09857672698548109
93.58331163708706,1.272709588338681
93.58724718154382,2.595642198881143
93.59118272600055,1.6492026410741318
93.59511827045732,0.6078605031524656
93.59905381491406,0.21086126600197785
93.6029893593708,0.778495479853788
93.60692490382756,1.0711629445361273
93.61086044828431,0.23847128285379762
93.61479599274108,0.1481575735084284
93.61873153719782,1.222010449670802
93.62266708165455,1.6388832890943485
93.62660262611132,0.0887646529609932
93.63053817056807,1.427931313314767
93.63447371502482,3.2331020247947677
93.63840925948158,3.804736249354808
93.64234480393831,1.8324876643292762
93.64628034839508,0.179164595312147
93.65021589285185,0.6386587976443426
93.65415143730858,1.0648025688741096
93.65808698176534,0.8309212797638664
93.66202252622207,0.4763496595113834
93.66595807067884,2.875936816354944
93.6698936151356,3.3370450928126187
93.67382915959234,1.6218237765841954
93.67776470404908,0.9798519428641538
93.68170024850583,0.8476242358408398
93.6856357929626,0.9925272402406649
93.68957133741934,1.075157294654776
93.69350688187608,0.3346817775841994
93.69744242633284,0.042575444907317087
93.7013779707896,0.2651409929383038
93.70531351524636,0.2720532609765825
93.7092490597031,0.34259225323669273
93.71318460415984,2.2843037659327066
93.7171201486166,3.1818111959464903
93.72105569307335,0.6631754912746998
93.7249912375301,0.06052568210038089
93.72892678198686,0.11282625369226434
93.7328623264436,1.2673241357830567
93.73679787090036,1.2584519042987898
93.74073341535713,1.4539255845071422
93.74466895981386,1.5793298731538261
93.74860450427062,0.28349742282516366
93.75254004872735,0.4390027981149061
93.7564755931841,1.0451004784220337
93.76041113764086,2.7451646049329366
93.7643466820976,0.4243384260315434
93.76828222655436,1.8165179174407167
93.77221777101111,4.286396810805299
93.77615331546788,0.7219894727234772
93.78008885992462,0.9014745777282669
93.78402440438136,1.634459179520673
93.78795994883812,1.4388270300391284
93.79189549329487,1.4045861623819331
93.79583103775164,0.19787414288062816
93.79976658220838,0.3956325060696242
93.80370212666512,1.3776411385041825
93.80763767112188,1.1763114148535285
93.81157321557863,0.7570755189077992
93.8155087600354,2.0790494175053347
93.81944430449214,3.3189032058339887
93.82337984894887,3.0242303905843664
93.82731539340564,1.538523846361918
93.8312509378624,0.22225435580328204
93.83518648231912,0.6265246651121519
93.83912202677588,0.7206432038211826
93.84305757123263,0.33022484317572154
93.8469931156894,0.19985447880874566
93.85092866014614,0.2996379903496582
93.85486420460288,0.07582493622388758
93.85879974905964,1.1325926672431317
93.8627352935164,1.709120728697004
93.86667083797316,0.030264460058249117
93.8706063824299,2.4980541560518548
93.87454192688664,1.8315799964473152
93.8784774713434,0.19034020021435566
93.88241301580015,0.0686793356823156
93.8863485602569,0.6179849164002531
93.89028410471366,0.2539062958359145
93.8942196491704,0.8215612642228557
93.89815519362716,2.4233905653747696
93.90209073808391,0.33849314284625187
93.90602628254068,0.8338926567630075
93.90996182699742,1.0811284108687969
93.91389737145415,0.07063863760998285
93.9178329159109,1.231739311810619
93.92176846036766,2.535772724933776
93.9257040048244,3.5198381717196523
93.92963954928116,1.813767688838675
93.93357509373791,0.08757299493555076
93.93751063819468,0.3130070626851664
93.94144618265142,0.1665098150172326
93.94538172710816,0.17600673274087925
93.94931727156492,1.0930335387827879
93.95325281602167,0.8031572047482296
93.95718836047844,0.04621648773439513
93.96112390493518,1.103017338562566
93.96505944939192,0.27420234449247916
93.96899499384868,0.88964564432917
93.97293053830543,2.2574906432382287
93.9768660827622,0.12052994026526108
93.98080162721894,3.1402212739436077
93.98473717167568,3.0603008311634907
93.98867271613244,0.4926175800147106
93.99260826058918,2.749567462181628
93.99654380504592,1.5744768925824906
94.00047934950268,0.12827661259530296
94.00441489395944,0.6289098212701937
94.0083504384162,1.3465155199482643
94.01228598287294,1.4121086327276653
94.01622152732968,3.7311844821154487
94.02015707178644,3.51365636233127
94.0240926162432,2.2839873541190086
94.02802816069996,1.1510600854824014
94.0319637051567,0.1941622223462604
94.03589924961344,2.360356476088256
94.0398347940702,1.88816032124688
94.04377033852695,0.6514426249435503
94.0477058829837,2.9002927997316172
94.05164142744046,4.1830980088413
94.0555769718972,2.918682394185543
94.05951251635396,2.3963714794328976
94.06344806081071,2.1646534497221226
94.06738360526744,1.6190707255560253
94.0713191497242,0.9456623878545373
94.07525469418096,0.10005557362835162
94.07919023863772,0.7638623084246016
94.08312578309446,1.5316171125452014
94.0870613275512,0.9476054850365352
94.09099687200796,1.058239737842153
94.09493241646472,2.506009673922837
94.09886796092148,2.0532271151894306
94.10280350537822,1.5138380015427304
94.10673904983496,0.9254526844066348
94.11067459429172,0.9615277740944156
94.11461013874847,1.4236760348573265
94.11854568320524,1.0305364397731807
94.12248122766198,1.3473641008108783
94.12641677211872,2.6553459917780473
94.13035231657548,2.0488488051614886
94.13428786103223,0.5515953289866337
94.138223405489,1.1393333465889497
94.14215894994574,2.220407618388868
94.14609449440248,2.2119903243405634
94.15003003885924,0.6385878011494073
94.15396558331598,0.4254235262106129
94.15790112777272,0.4015916529355878
94.16183667222948,0.02160299325913318
94.16577221668624,0.23072266323898422
94.169707761143,0.07028620638006348
94.17364330559974,0.8006131556048465
94.17757885005648,0.846627857398058
94.18151439451324,0.0019025573784830626
94.18544993897,0.658470990400219
94.18938548342676,0.22235063856763382
94.1933210278835,0.5176068132438114
94.19725657234024,1.4784207038725272
94.201192116797,0.20564337047327524
94.20512766125375,0.713712288684019
94.2090632057105,1.1505422734086586
94.21299875016726,0.23401293075278823
94.216934294624,0.9905556819587148
94.22086983908076,0.9628016908517748
94.2248053835375,2.264896890833545
94.22874092799424,1.1740273955562825
94.232676472451,0.05625315293226972
94.23661201690776,0.2191174257766878
94.24054756136452,0.832312168372818
94.24448310582126,0.8870156618892692
94.248418650278,2.3792045955431407
94.25235419473476,3.1625837571803164
94.25628973919152,0.7323256560183387
94.26022528364828,0.8970847787648314
94.26416082810502,0.4698791968621095
94.26809637256176,0.05022784096143299
94.27203191701852,0.2903801717974764
94.27596746147528,0.9648097953603065
94.27990300593204,1.3706883311699034
94.28383855038878,0.37773174457402087
94.28777409484552,0.13706921155968255
94.29170963930228,0.9389166823892566
94.29564518375904,0.7743833678152958
94.2995807282158,0.19371351552946905
94.30351627267252,0.008195984294364177
94.30745181712928,0.0032096552578009074
94.31138736158604,0.08649686028499556
94.31532290604278,0.10829648340177446
94.31925845049952,3.080814979384609e-05
94.32319399495628,0.0892951681849057
94.32712953941304,0.2001099461972736
94.3310650838698,0.41530492147815723
94.33500062832654,0.5228934085515533
94.33893617278328,0.14574021163305811
94.34287171724004,0.7844952182544552
94.3468072616968,2.2071906060740494
94.35074280615356,1.9442302735122394
94.3546783506103,2.8096332476534776
94.35861389506704,4.42378046026453
94.3625494395238,1.9706755602891584
94.36648498398056,0.5290701129693653
94.37042052843732,1.747191324222391
94.37435607289406,2.225305891527463
94.3782916173508,2.5560977359080437
94.38222716180756,0.8278453207444967
94.3861627062643,0.47510146778250395
94.39009825072104,0.6691822225508008
94.3940337951778,0.6713507723052361
94.39796933963456,0.528575847494557
94.40190488409132,0.25614911361633264
94.40584042854806,1.217314935355653
94.4097759730048,1.918979235428721
94.41371151746156,0.7390533481359257
94.41764706191832,0.3626498038651572
94.42158260637508,0.8828510772757562
94.42551815083182,1.9679483295641573
94.42945369528856,2.261335569076976
94.43338923974532,1.1894675685447984
94.43732478420208,0.004935702779487242
94.44126032865884,0.7289973739533081
94.44519587311558,0.3420877798139415
94.44913141757232,1.2306605757805134
94.45306696202908,0.7185581063820002
94.45700250648584,0.6907043296935316
94.46093805094256,1.6322596682032873
94.46487359539933,0.31594693055795636
94.46880913985608,4.734087534061661
94.47274468431284,1.7976471655482376
94.47668022876958,0.9670474399712332
94.48061577322632,3.5614079648715724
94.48455131768308,1.8478014118247774
94.48848686213984,0.01489077295327914
94.4924224065966,1.648925517091421
94.49635795105334,1.8149999374028283
94.50029349551008,0.44262083096327764
94.50422903996684,1.1949645347061657
94.5081645844236,0.45306851902021433
94.51210012888036,0.43576147036897445
94.5160356733371,0.1501044293429972
94.51997121779384,0.1532943796324882
94.5239067622506,0.22872788831024218
94.52784230670736,0.8630814523951053
94.53177785116412,0.2758120088858086
94.53571339562085,2.097967438589996
94.5396489400776,1.1560040269586478
94.54358448453436,0.46041772097958766
94.5475200289911,0.1740505020413626
94.55145557344784,1.0894077773634279
94.5553911179046,2.565633956777745
94.55932666236136,0.6535069181694021
94.56326220681812,1.1895383403139508
94.56719775127486,0.4155501706759886
94.5711332957316,0.050258478459791145
94.57506884018837,0.35775844508615995
94.57900438464512,2.234028141273232
94.58293992910188,2.2561045856700286
94.58687547355862,0.10223538966598955
94.59081101801536,0.7832088700820179
94.59474656247212,0.505491103499096
94.59868210692888,0.03407818631680536
94.60261765138564,0.7771448637294285
94.60655319584238,1.402749870977713
94.61048874029912,0.6878339553197707
94.61442428475588,0.9932799819408911
94.61835982921262,3.4631016064134323
94.62229537366936,2.428439192781985
94.62623091812613,0.981635810064704
94.63016646258288,1.6856329190205368
94.63410200703964,1.048481460740443
94.63803755149638,0.47337695764060106
94.64197309595312,0.9230514314093424
94.64590864040989,0.9561965233927093
94.64984418486664,0.18469542071017173
94.6537797293234,0.7519895949880704
94.65771527378014,0.9512711654965093
94.6616508182369,0.32008486742685216
94.66558636269365,0.26038907239188513
94.6695219071504,0.9964378033791993
94.67345745160716,1.1124001408611786
94.6773929960639,0.2875046767573824
94.68132854052064,0.9942253793364548
94.6852640849774,1.9681765693470126
94.68919962943416,1.558552017297889
94.6931351738909,0.5648004158230117
94.69707071834765,0.00765039914646988
94.7010062628044,0.3479459751884712
94.70494180726116,0.9373146007660965
94.7088773517179,0.5899057934597801
94.71281289617464,0.2181065583973185
94.7167484406314,1.2973986765407388
94.72068398508816,1.696454733164679
94.72461952954492,0.9299861960978864
94.72855507400166,0.9554324442194536
94.7324906184584,0.8899713710692133
94.73642616291517,0.3296256015213248
94.74036170737192,0.08497838156050337
94.74429725182868,0.09976233109472948
94.74823279628542,0.8600373086501881
94.75216834074216,1.4332676603956258
94.75610388519893,0.4173602474389061
94.76003942965568,0.8698102798728644
94.76397497411244,3.385433380615712
94.76791051856918,3.219290840256125
94.77184606302592,1.1090376258450034
94.77578160748268,0.6056457757094628
94.77971715193942,1.287584555947678
94.78365269639616,0.7810417844480911
94.78758824085293,0.3781556941693647
94.79152378530968,0.5752879176248322
94.79545932976644,0.542833613049077
94.79939487422318,0.2581360348668123
94.80333041867992,0.019466440370529824
94.80726596313669,0.25722199747764163
94.81120150759344,0.5999385532996372
94.8151370520502,0.3556335599735374
94.81907259650694,4.099788315090509
94.8230081409637,8.411842551538044
94.82694368542045,4.4110591640004095
94.8308792298772,1.0257505120174193
94.83481477433396,1.3388972341089282
94.8387503187907,1.3445394334006169
94.84268586324744,0.8047904652917584
94.8466214077042,0.13997183645220676
94.85055695216094,0.6767108954753993
94.8544924966177,1.4300318409503838
94.85842804107445,0.437692311738992
94.8623635855312,0.5805436365741976
94.86629912998796,1.153865506667414
94.8702346744447,0.3921886959342022
94.87417021890144,0.225599317526209
94.8781057633582,1.0137895956366019
94.88204130781496,0.26035404329855105
94.88597685227172,1.8965826491029802
94.88991239672846,1.8256308891952568
94.8938479411852,0.4907863858560796
94.89778348564197,1.1247234702630058
94.90171903009872,0.1951276043089971
94.90565457455548,0.4117752316390524
94.90959011901222,1.3701621677959062
94.91352566346896,1.0932570085770432
94.91746120792573,0.8358190454054468
94.92139675238248,0.6796379004410451
94.92533229683924,0.2884359731464434
94.92926784129595,0.11727032660765324
94.93320338575272,1.0714276857089617
94.93713893020949,1.6279739810787957
94.94107447466622,0.18592975917801535
94.94501001912298,0.7840641311470792
94.94894556357973,1.6134348637926248
94.95288110803648,0.1005946735192816
94.95681665249325,1.3763284492643248
94.96075219694998,0.4392310831354474
94.96468774140672,1.4729723807989257
94.96862328586349,4.145766393118971
94.97255883032024,0.5065760157260145
94.976494374777,1.446627226095993
94.98042991923374,1.2571046138106536
94.9843654636905,0.4533988119499073
94.98830100814725,3.670237157899729
94.992236552604,1.8904356418973525
94.99617209706076,0.14594093883313095
95.0001076415175,0.3240534214902969
95.00404318597424,1.5729123739575277
95.007978730431,0.8478944744726531
95.01191427488774,0.7042509032125973
95.0158498193445,1.1256156394843684
95.01978536380123,1.282283617243006
95.023720908258,1.4506485501690705
95.02765645271477,1.8381439513573152
95.0315919971715,1.260080378175096
95.03552754162826,0.31585994803874295
95.039463086085,1.8969914430016386
95.04339863054176,0.8511796415213096
95.04733417499853,1.3791715590558074
95.05126971945526,0.37845346892410997
95.055205263912,0.2381428820310725
95.05914080836877,0.4261148117247999
95.06307635282552,0.1766051843517105
95.06701189728228,1.4067139957580421
95.07094744173902,4.795752312079751
95.07488298619576,2.2539630751904305
95.07881853065253,0.23227241681621694
95.08275407510926,0.4949331075516073
95.08668961956602,2.8014637509164957
95.09062516402275,1.057216803825195
95.09456070847952,1.3041114232644229
95.09849625293629,1.885697816141012
95.10243179739302,0.08533005602550366
95.10636734184978,0.1140487805928831
95.11030288630651,0.0735593794986798
95.11423843076328,0.3914157156764711
95.11817397522005,0.7117542496207457
95.12210951967678,0.2668180407162185
95.12604506413354,4.40101699307351
95.12998060859027,2.068752508483472
95.13391615304704,0.9520710739044924
95.1378516975038,2.6797621387323343
95.14178724196054,0.10320864999935497
95.1457227864173,4.288063781000507
95.14965833087405,3.3173965005910153
95.1535938753308,0.7997333742121877
95.15752941978756,0.3317384146809215
95.16146496424427,0.385166040865504
95.16540050870104,0.6949450734998392
95.1693360531578,2.255817400253038
95.17327159761454,0.5166529107379623
95.1772071420713,6.3098088087963164
95.18114268652803,4.497239737893096
95.1850782309848,0.7582631276677567
95.18901377544157,2.3914902725678373
95.1929493198983,0.255533504175716
95.19688486435506,0.8791230547612757
95.2008204088118,1.0074957804985476
95.20475595326856,0.22777719619517595
95.20869149772533,0.007289438501518285
95.21262704218206,0.44577810343607766
95.21656258663882,0.5712767253939455
95.22049813109555,0.028612718802026035
95.22443367555232,0.6918407569498863
95.22836922000909,0.2509053326643741
95.23230476446582,0.9003990903258887
95.23624030892258,1.4454893295323545
95.24017585337933,1.0025758006011292
95.24411139783606,0.3577547026763325
95.24804694229282,1.8030819836221432
95.25198248674955,2.195988451429343
95.25591803120632,1.4114093293061538
95.25985357566309,1.2787567243700455
95.26378912011982,1.8766690171055984
95.26772466457658,3.86132715935472
95.27166020903331,6.019268298241126
95.27559575349008,2.0352605558189567
95.27953129794685,0.8456093887195071
95.28346684240358,0.9619125587987376
95.28740238686034,0.6287166205945365
95.29133793131707,3.859511636151356
95.29527347577384,2.6846134443588276
95.2992090202306,1.177071297897085
95.30314456468734,1.680349117311588
95.3070801091441,2.8399495732296507
95.31101565360083,2.136977488187222
95.3149511980576,1.9654537065564857
95.31888674251434,1.2070111460863302
95.32282228697107,1.422656776192209
95.32675783142784,0.1522758908710237
95.3306933758846,1.9167360759183985
95.33462892034134,2.2837442144745244
95.3385644647981,0.03199814237155601
95.34250000925483,3.3555208225340807
95.3464355537116,3.2296040025521906
95.35037109816837,0.11494238462136958
95.3543066426251,1.762229572760387
95.35824218708186,3.1079658512399297
95.3621777315386,1.0084250765797471
95.36611327599536,0.7260070816046389
95.37004882045213,1.0443645465952691
95.37398436490886,0.1094549471744177
95.37791990936562,0.06447595146025754
95.38185545382235,0.3601239928469951
95.38579099827912,2.092357436958598
95.38972654273589,1.7546791009508056
95.39366208719262,1.2506554455286112
95.39759763164936,2.9094819414560837
95.40153317610611,1.3925292840920755
95.40546872056288,0.18850418201833638
95.40940426501962,0.6158279071455984
95.41333980947635,1.7935530831367004
95.41727535393312,1.944322534428191
95.42121089838987,0.01641696886921416
95.42514644284662,1.2742641681126325
95.42908198730338,0.6927657861571049
95.43301753176011,0.13326382913819307
95.43695307621688,0.03673092543853781
95.44088862067365,0.8036771593276729
95.44482416513038,0.5418169551159304
95.44875970958714,0.8643731712749918
95.45269525404387,2.7423358596018774
95.45663079850064,0.810842731211772
95.4605663429574,4.107003092790616
95.46450188741414,4.65123987753604
95.4684374318709,4.073328872722031
95.47237297632763,0.9878974521233398
95.4763085207844,1.7554815803868726
95.48024406524114,1.7785463402684536
95.48417960969788,0.057350671589641244
95.48811515415464,1.0006549337333173
95.4920506986114,0.04003743555830318
95.49598624306816,0.8841785756414562
95.4999217875249,1.5680913539061947
95.50385733198164,0.8272600742301122
95.5077928764384,0.039811573290397875
95.51172842089515,1.6553846112367543
95.5156639653519,4.208226681361432
95.51959950980866,3.762754866636992
95.5235350542654,0.67867777062286
95.52747059872216,0.746296373992908
95.53140614317893,1.2950517051323205
95.53534168763566,0.20559749686280557
95.53927723209242,1.4922388986307566
95.54321277654915,3.2244013785655845
95.54714832100592,1.1402374230080388
95.55108386546269,0.33564959969058433
95.5550194099194,0.9057367952518894
95.55895495437616,1.3859852162863218
95.56289049883291,0.059280248496948434
95.56682604328968,1.9133522157426541
95.57076158774642,2.4338643773456035
95.57469713220316,0.6830913791260441
95.57863267665992,0.201528248893321
95.58256822111667,0.6033664903054862
95.58650376557344,1.9673349580856299
95.59043931003018,3.2115082208872074
95.59437485448692,1.9995511558213495
95.59831039894368,1.3116610893576708
95.60224594340043,0.0775495025364623
95.6061814878572,2.2973563120999243
95.61011703231394,4.020632338862173
95.61405257677067,0.3403061373451605
95.61798812122744,0.5909236304543757
95.6219236656842,0.7034653536989657
95.62585921014094,1.9294595449996241
95.62979475459768,0.9543041280198069
95.63373029905443,0.40846305526451926
95.6376658435112,1.3005439721285983
95.64160138796794,1.0888110059133063
95.64553693242468,0.4830729838585737
95.64947247688144,0.12623431154521458
95.6534080213382,0.9325143098201947
95.65734356579496,0.17887381398480592
95.6612791102517,0.392388081866098
95.66521465470844,1.4734014823152033
95.6691501991652,1.6123527632671186
95.67308574362195,0.2667555668882109
95.6770212880787,1.3152225873473424
95.68095683253546,2.3643202545261284
95.6848923769922,0.736456290374612
95.68882792144896,0.28717982417037585
95.69276346590571,0.3628425213844968
95.69669901036248,0.43830101215044476
95.70063455481922,0.5399088605474704
95.70457009927595,0.6138445604780666
95.7085056437327,1.7949575733918857
95.71244118818946,0.3944919474093609
95.7163767326462,1.5544711761100503
95.72031227710296,6.388754386060595
95.72424782155971,4.5523858869241876
95.72818336601648,1.0002130703743835
95.73211891047322,0.18184662883018732
95.73605445492996,0.2634332201277197
95.73998999938672,1.4270917984447586
95.74392554384347,3.17971000941389
95.74786108830024,2.0822263745255287
95.75179663275698,0.7800784085400165
95.75573217721372,2.3988415791165583
95.75966772167048,1.3161230532489248
95.76360326612723,0.009574977440683528
95.767538810584,0.5873711918973187
95.77147435504074,0.9048961056622092
95.77540989949748,0.6135422863768843
95.77934544395424,0.3919665883050473
95.783280988411,0.21766216684727674
95.78721653286772,0.22660047945561587
95.79115207732448,0.20673997389727364
95.79508762178124,0.5005278223274487
95.799023166238,1.3781655844312106
95.80295871069474,1.595571804609775
95.80689425515148,0.41840371775444746
95.81082979960824,0.14103666250001343
95.814765344065,0.6232038144252487
95.81870088852176,0.6100677855595856
95.8226364329785,0.7038468837047118
95.82657197743524,1.1058971767462655
95.830507521892,0.8153719367382819
95.83444306634875,0.14084763653105292
95.8383786108055,0.010271618787365107
95.84231415526226,0.00996367199964217
95.846249699719,0.005180662088672644
95.85018524417576,0.0023549849223053745
95.85412078863251,0.07610746714207861
95.85805633308928,0.6053747821534844
95.86199187754602,0.7719765285739428
95.86592742200276,0.23648846250439534
95.86986296645952,0.3690725785144565
95.87379851091626,0.5443502963154352
95.877734055373,0.4349477653403723
95.88166959982976,0.13534959297176347
95.88560514428652,0.04929842005068228
95.88954068874328,0.18996075497362494
95.89347623320002,0.6431438231020178
95.89741177765676,0.8662846021773435
95.90134732211352,0.854163643111349
95.90528286657027,0.3173899875500917
95.90921841102704,0.41557864567124203
95.91315395548378,1.862466854088553
95.91708949994052,0.7955432989482868
95.92102504439728,1.0851768127213004
95.92496058885403,2.7817386392904404
95.9288961333108,1.1237162828862068
95.93283167776754,0.4885096544108272
95.93676722222428,0.8510543137205273
95.94070276668104,0.39608638749943176
95.94463831113778,0.5587782369618169
95.94857385559452,0.821001421376603
95.95250940005128,0.24892223490409995
95.95644494450804,0.3551578122457695
95.9603804889648,0.8315179649055274
95.96431603342154,1.0695929000675606
95.96825157787828,0.9929610625718722
95.97218712233504,0.006830703205403758
95.9761226667918,1.8257501917012429
95.98005821124856,2.895073849189888
95.9839937557053,1.644338854810536
95.98792930016204,0.9121460727236336
95.9918648446188,0.6321403246530793
95.99580038907555,1.3873360376328385
95.9997359335323,0.8834614195841665
96.00367147798906,0.1220615547185705
96.0076070224458,0.8426323693601897
96.01154256690256,0.5723430084109884
96.01547811135931,0.37193986367812704
96.01941365581608,1.788879289149617
96.0233492002728,0.6402641926207017
96.02728474472956,1.2194649866856837
96.03122028918632,3.275198048202828
96.03515583364306,3.05534551363754
96.0390913780998,2.0697014866440875
96.04302692255656,0.3283259655094264
96.04696246701332,0.011561302499600972
96.05089801147008,0.09816679064603274
96.05483355592682,0.12426879498884835
96.05876910038356,0.4767469139066688
96.06270464484032,1.834645424998308
96.06664018929708,0.6262079400186472
96.07057573375384,0.024353076062376786
96.07451127821058,0.044574481738163474
96.07844682266732,0.7397134072902762
96.08238236712408,0.514255440717866
96.08631791158084,1.1891440567026927
96.0902534560376,2.467296109828507
96.09418900049434,1.7536266126523852
96.09812454495108,0.7814108773799204
96.10206008940784,0.26216419392647167
96.10599563386458,0.0591003446999775
96.10993117832132,0.9165561254233358
96.11386672277808,1.4377018596570794
96.11780226723484,2.149339312609732
96.1217378116916,0.7959027302171989
96.12567335614834,0.3800237823983859
96.12960890060508,0.2918500291610596
96.13354444506184,0.6747216367594783
96.1374799895186,1.7935127625116825
96.14141553397536,1.8926679734744505
96.1453510784321,1.6157792732699918
96.14928662288884,0.5047719000503514
96.1532221673456,1.1006918320871453
96.15715771180236,1.328472785145809
96.16109325625912,1.4674892607059384
96.16502880071586,2.6679857586685234
96.1689643451726,3.2816519559166886
96.17289988962936,0.3286725766609332
96.1768354340861,0.4725821871721499
96.18077097854284,0.11466264137353835
96.1847065229996,0.5435338987689793
96.18864206745636,1.3862897495009059
96.19257761191312,2.6623904857268212
96.19651315636986,0.6483738120757335
96.2004487008266,1.5571033094385858
96.20438424528336,2.7747953800299583
96.20831978974012,1.0703531262298136
96.21225533419688,2.691409853388682
96.21619087865362,5.18243566272088
96.22012642311036,2.538274354656476
96.22406196756712,0.7904029484367614
96.22799751202388,2.122371700591732
96.23193305648064,0.20138882364835745
96.23586860093738,0.8003875479042873
96.23980414539412,0.7264897078870596
96.24373968985088,0.23479646879485808
96.24767523430764,0.1404625958895709
96.2516107787644,0.9275300814938658
96.25554632322113,1.5712639152308832
96.25948186767788,0.5333535822067812
96.26341741213464,1.2332513525956796
96.26735295659138,1.7310594981699852
96.27128850104812,1.2235925371723766
96.27522404550488,1.4458307390893015
96.27915958996164,0.10637055254707956
96.2830951344184,0.7182372099457219
96.28703067887514,0.7934222413045213
96.29096622333188,0.13479734979137767
96.29490176778864,0.037126109620215404
96.2988373122454,0.37932554874174834
96.30277285670216,0.33847365513370864
96.3067084011589,0.6127193185812518
96.31064394561564,1.4409681284383637
96.3145794900724,1.9897604349504012
96.31851503452916,2.1558298558614952
96.32245057898592,1.2446572835479495
96.32638612344266,0.3336890344550644
96.3303216678994,0.368348471047649
96.33425721235616,0.07599085070042723
96.3381927568129,0.4637396425636568
96.34212830126964,0.11572242408535682
96.3460638457264,2.7638351965780834
96.34999939018316,4.314670728773553
96.35393493463992,1.8749775606026042
96.35787047909666,0.32233804356387563
96.3618060235534,0.09054473204780951
96.36574156801016,0.3929649624346804
96.36967711246692,0.10151647484715934
96.37361265692368,0.4277178342949249
96.37754820138042,0.30443515120992115
96.38148374583716,0.7679637028549615
96.38541929029392,0.6976100669052226
96.38935483475068,0.3212679549672105
96.39329037920744,0.13235102235378274
96.39722592366418,0.16874186270825958
96.40116146812092,1.429754819390662
96.40509701257768,1.0926041939626532
96.40903255703444,0.061085465343522875
96.41296810149116,0.9461766925200906
96.41690364594793,0.3388024051131776
96.42083919040468,0.2289405855214272
96.42477473486144,1.093590400748652
96.42871027931818,0.7922748021898532
96.43264582377492,0.1697419317200377
96.43658136823169,0.1064323911680347
96.44051691268844,0.43045987202790953
96.4444524571452,0.4432082770434082
96.44838800160194,0.44692694517164283
96.4523235460587,0.6975873884775313
96.45625909051545,0.6119098311196367
96.4601946349722,0.05899187599845097
96.46413017942896,0.5529842327459633
96.4680657238857,1.349998993807609
96.47200126834244,1.347192067118429
96.4759368127992,1.0932339879715385
96.47987235725596,1.0310615304515045
96.48380790171272,1.9383408626330856
96.48774344616946,2.6544317221181397
96.4916789906262,4.167060838730723
96.49561453508296,2.800605100716266
96.4995500795397,2.5101166533172297
96.50348562399644,2.1341804520234424
96.5074211684532,0.23549411242549992
96.51135671290996,1.0869134092348505
96.51529225736672,0.4022796060290755
96.51922780182346,0.6594122435258697
96.5231633462802,0.816440299926479
96.52709889073697,0.6736876728140784
96.53103443519372,0.016039147638518075
96.53496997965048,0.8528893787241688
96.53890552410722,1.3510960395737202
96.54284106856396,0.7863970254556981
96.54677661302073,0.4842707296368529
96.55071215747748,0.2222344962985967
96.55464770193424,0.050581679883000635
96.55858324639098,0.7300367868370843
96.56251879084772,0.3402850788136365
96.56645433530448,0.42612486781186176
96.57038987976122,0.7418189348556182
96.57432542421796,0.11492230655958374
96.57826096867473,1.1007322825334416
96.58219651313148,1.004149489549991
96.58613205758824,4.0760037951453985
96.59006760204498,2.318072588518212
96.59400314650172,1.0306460294840487
96.59793869095849,0.6967106358922202
96.60187423541524,0.5777215481611812
96.605809779872,1.1170686085335957
96.60974532432874,0.6050401122295214
96.6136808687855,1.305412127043945
96.61761641324225,0.2028084052458592
96.621551957699,0.3555758659285747
96.62548750215576,0.49219512167664214
96.6294230466125,1.283115849381961
96.63335859106924,2.0741646485021903
96.637294135526,1.5348861366899826
96.64122967998276,1.0748904322822697
96.64516522443952,1.573534404289718
96.64910076889625,0.36310868755962916
96.653036313353,0.5706610210384653
96.65697185780976,0.40538988703618567
96.6609074022665,0.5160384032684792
96.66484294672324,1.1023887166261113
96.66877849118,1.5733276605027575
96.67271403563676,1.3660814870652527
96.67664958009352,1.5186712959751623
96.68058512455026,0.6950003051189084
96.684520669007,0.41547522110973933
96.68845621346377,1.2372566045194253
96.69239175792052,0.6712423916054585
96.69632730237728,0.1751465477856901
96.70026284683402,0.2604105836722828
96.70419839129076,1.535699792185116
96.70813393574753,0.8930391409467044
96.71206948020428,0.36992531003880924
96.71600502466104,1.5328272091875024
96.71994056911778,2.089931702132074
96.72387611357452,1.1367194612827836
96.72781165803129,0.2761857387752483
96.73174720248802,0.10225857528546568
96.73568274694478,0.09284486781046077
96.73961829140153,0.17504084759763294
96.74355383585828,0.18121349883905452
96.74748938031505,0.2585244927541527
96.75142492477178,0.6128673637772578
96.75536046922852,0.27572018638535484
96.75929601368529,0.2321421983284916
96.76323155814204,0.5511615211152895
96.7671671025988,0.03438790529844966
96.77110264705554,0.8378861457162027
96.7750381915123,1.0116894182820388
96.77897373596905,0.1619852617940565
96.7829092804258,0.6384976236327268
96.78684482488256,0.03926806736900849
96.7907803693393,1.3132706435930177
96.79471591379604,0.7925819519230511
96.7986514582528,0.632529537970221
96.80258700270954,3.092906626612961
96.8065225471663,0.6620588236528335
96.81045809162303,1.0404066456859766
96.8143936360798,1.1677451417642657
96.81832918053657,0.0974891267100913
96.8222647249933,1.2292848845094324
96.82620026945006,0.963249333049868
96.8301358139068,0.5488472685028606
96.83407135836356,0.8408442327542526
96.83800690282033,0.048841375578424946
96.84194244727706,1.0959666956091172
96.8458779917338,0.4072096518587694
96.84981353619057,1.600806368589552
96.85374908064732,2.9067020609301757
96.85768462510408,2.405982131425219
96.86162016956082,4.682797642981175
96.86555571401756,0.9461259537285702
96.86949125847433,0.6407535823044684
96.87342680293108,0.3354205972715207
96.87736234738784,0.1067185487189577
96.88129789184455,0.5993182602691398
96.88523343630132,4.124855320507266
96.88916898075809,3.107373096446076
96.89310452521482,0.03519006171375937
96.89704006967158,0.3945763390000258
96.90097561412831,1.1191151958085914
96.90491115858508,0.5829280318204508
96.90884670304185,0.8204186858699423
96.91278224749858,2.4572327718483384
96.91671779195534,0.19134593974775527
96.92065333641207,3.0504305733268033
96.92458888086884,1.7623115547207897
96.9285244253256,0.5852970120986095
96.93245996978234,1.2141860708798276
96.9363955142391,1.840485185569358
96.94033105869585,1.0147139038605724
96.9442666031526,0.06430938103076425
96.94820214760936,0.026386114619791682
96.9521376920661,1.1516333996024164
96.95607323652284,1.48995560213308
96.9600087809796,0.21686337355867552
96.96394432543634,0.0660223345627732
96.9678798698931,0.3591427471803684
96.97181541434983,0.2948889604739764
96.9757509588066,0.4196587218663184
96.97968650326337,0.5366192657294312
96.9836220477201,0.022191628768817466
96.98755759217686,0.2068193739949339
96.9914931366336,0.3266160452914673
96.99542868109036,1.3844614636690045
96.99936422554713,1.1183984603106842
97.00329977000386,0.664634062901636
97.00723531446062,0.19913876099048
97.01117085891735,0.04428474942503251
97.01510640337412,0.10141417337941072
97.01904194783089,0.05562316134534958
97.02297749228762,0.2476857523788219
97.02691303674438,0.07040948253216472
97.03084858120113,1.1482072685932154
97.03478412565788,1.4899837927017066
97.03871967011462,0.15827807192553836
97.04265521457135,1.34848831591689
97.04659075902812,0.794370343712235
97.05052630348489,0.24539614165016696
97.05446184794162,0.20594533119051397
97.05839739239838,0.6541839552902067
97.06233293685511,0.4925873937177691
97.06626848131188,1.2135126581882487
97.07020402576865,2.104303213285876
97.07413957022538,0.4942975361898757
97.07807511468214,0.8917736007344246
97.08201065913887,1.0910185993164232
97.08594620359564,1.090323996756128
97.0898817480524,0.6009496835197093
97.09381729250914,0.6439629634930599
97.0977528369659,1.479984155296335
97.10168838142263,1.7669927663964617
97.1056239258794,0.5881692582697567
97.10955947033617,0.11591790378143682
97.1134950147929,0.8180378232454523
97.11743055924964,0.3804573365897517
97.1213661037064,0.18858407457733853
97.12530164816314,0.4919242300156753
97.1292371926199,0.38720480853730405
97.13317273707663,0.10451429817979865
97.1371082815334,1.4255190913482223
97.14104382599017,2.132767921918508
97.1449793704469,0.7892331691544364
97.14891491490366,0.17769067582441875
97.1528504593604,0.3007894918646535
97.15678600381716,0.12769125281609228
97.16072154827393,0.2663998356957917
97.16465709273066,0.4283451489513663
97.16859263718742,2.107531742442635
97.17252818164415,4.974033394770496
97.17646372610092,4.061837193394673
97.18039927055769,0.40328531979047366
97.18433481501442,0.8521558233971472
97.18827035947118,2.0971067235548753
97.19220590392791,0.8315558726514279
97.19614144838468,0.5033532818742137
97.20007699284142,0.6860882370726781
97.20401253729815,0.18027393507511671
97.20794808175492,0.8851803583111238
97.21188362621167,3.3905666462126223
97.21581917066842,2.8772730559838213
97.21975471512518,0.2709019815156863
97.22369025958191,0.8967319243801524
97.22762580403868,1.172935906629133
97.23156134849545,0.5480357596768759
97.23549689295218,1.0699921846045553
97.23943243740894,0.7880926830562698
97.24336798186567,0.3503532464538713
97.24730352632244,0.11146218367074891
97.2512390707792,0.7500950929001788
97.25517461523594,1.864522864165093
97.2591101596927,1.3847787224388217
97.26304570414943,1.0000154813313373
97.2669812486062,0.46189542414442186
97.27091679306297,0.8649450281786328
97.27485233751968,0.32810260396976415
97.27878788197644,0.17129406221330473
97.2827234264332,1.3418914553848469
97.28665897088996,2.4112784324964274
97.2905945153467,1.3988131589059718
97.29453005980344,0.799020911693282
97.2984656042602,1.3883323644991326
97.30240114871695,0.7030927935538603
97.3063366931737,0.6843057674015063
97.31027223763046,0.09962086807594642
97.3142077820872,0.10603140216536905
97.31814332654396,0.0036810392841816176
97.32207887100073,0.20448779076409795
97.32601441545746,0.010959488882137295
97.32994995991422,0.6108765843958158
97.33388550437095,0.8873892484461814
97.33782104882772,0.6366422650985575
97.34175659328449,0.3316966755574116
97.34569213774122,0.14560531808319288
97.34962768219796,0.708412595696975
97.35356322665471,0.9126660670026931
97.35749877111148,1.3781555073274208
97.36143431556822,0.6448339427336862
97.36536986002496,0.9109378172632934
97.36930540448172,0.42126032237431577
97.37324094893847,0.19706663414904674
97.37717649339524,0.02151512613145218
97.38111203785198,0.3502057018939352
97.38504758230872,0.24759422533432804
97.38898312676548,0.10878447789707385
97.39291867122223,0.6861374288685325
97.396854215679,0.516591009313181
97.40078976013574,0.22731016400407514
97.40472530459247,0.2859741942588368
97.40866084904924,0.12651466825971747
97.412596393506,0.8267360554243093
97.41653193796274,1.129587133396882
97.4204674824195,0.21672199501960399
97.42440302687623,0.027483019842833845
97.428338571333,0.006637052589239349
97.43227411578974,0.18682762151708437
97.43620966024648,0.5426633541008465
97.44014520470324,1.1893181829763064
97.44408074916,1.365975918068109
97.44801629361676,0.43129699736092936
97.4519518380735,0.2848320109908326
97.45588738253024,0.44606769681554076
97.459822926987,1.4158187809818454
97.46375847144375,2.573243780140118
97.4676940159005,1.6323772164805992
97.47162956035726,0.6902728387934739
97.475565104814,4.6293082803343095
97.47950064927076,5.960372027840042
97.48343619372751,2.0618903645916533
97.48737173818428,1.7934842546469054
97.49130728264102,1.173956470363712
97.49524282709775,0.16954890394075084
97.49917837155452,1.8540698755147782
97.50311391601127,2.728311004955195
97.507049460468,1.2686286879275877
97.51098500492476,1.478676340980912
97.51492054938151,1.2308524336007274
97.51885609383828,0.17488059203401995
97.52279163829502,0.3402833536075824
97.52672718275176,0.7981132980216179
97.53066272720852,0.0506445773706222
97.53459827166527,1.5463608459578575
97.53853381612204,0.6605191452604011
97.54246936057878,0.44342302458386856
97.54640490503552,1.4603117183241916
97.55034044949228,0.6259260611463049
97.55427599394903,0.20891715159141958
97.5582115384058,0.4519805908672529
97.56214708286254,0.29189342248394773
97.56608262731928,0.105211378189267
97.57001817177604,0.0011834352541321908
97.5739537162328,0.7991644000071323
97.57788926068956,1.506761803925891
97.5818248051463,0.28402468353466187
97.58576034960304,0.35409965496665524
97.5896958940598,0.881658211453512
97.59363143851654,0.3991005799461637
97.59756698297328,0.009465328346266599
97.60150252743004,0.04638923252943643
97.6054380718868,0.3935690831687275
97.60937361634356,1.8849619745118757
97.6133091608003,1.0296535634308654
97.61724470525704,1.4620661180081496
97.6211802497138,2.7927488118020083
97.62511579417055,0.7378410513102233
97.6290513386273,0.7794043743759804
97.63298688308406,0.9219934712741823
97.6369224275408,0.09800493160124807
97.64085797199756,0.07163594145862487
97.64479351645431,0.13933900147099704
97.64872906091108,0.33649482665854763
97.65266460536782,0.05673238802044055
97.65660014982456,0.6617231795499401
97.66053569428132,0.13041845102800137
97.66447123873806,0.6262022637830691
97.6684067831948,2.3850804858491443
97.67234232765156,3.902404950121349
97.67627787210832,3.6775216333200635
97.68021341656508,3.3837603731680894
97.68414896102182,0.9439439559867908
97.68808450547856,0.34253037099861394
97.69202004993532,1.012193349301877
97.69595559439207,0.04685193633382844
97.69989113884884,1.4349148769349829
97.70382668330558,0.6523409190065595
97.70776222776232,0.17514303588773159
97.71169777221908,0.6616733534299725
97.71563331667583,0.1326294037585018
97.7195688611326,0.875844954489714
97.72350440558934,0.675787448676039
97.72743995004608,1.716598047113101
97.73137549450284,0.9987918246438819
97.7353110389596,0.14970145893712314
97.73924658341636,0.6397248975424105
97.74318212787308,0.1823719384467924
97.74711767232984,2.431128430516456
97.7510532167866,0.9362566889609386
97.75498876124334,0.3436164409213406
97.75892430570008,1.4112677650244023
97.76285985015684,0.5022717298268221
97.7667953946136,1.57010041005687
97.77073093907036,1.4932030433839407
97.7746664835271,0.18230064757836786
97.77860202798384,0.42076051871580195
97.7825375724406,0.1491235680574036
97.78647311689735,0.11354491928473877
97.7904086613541,0.35838993195427243
97.79434420581086,0.3517854430002958
97.7982797502676,0.48006601702818286
97.80221529472436,0.19032655917762392
97.80615083918111,0.2394419862017469
97.81008638363788,0.42932584354589465
97.81402192809462,0.17581721932260377
97.81795747255136,1.6207364994569313
97.82189301700812,1.5232119077443316
97.82582856146486,0.4464244490611897
97.8297641059216,0.46091056176470985
97.83369965037836,1.0179983123674416
97.83763519483512,2.6677108358108357
97.84157073929188,2.5917403213976926
97.84550628374862,0.1515986140305783
97.84944182820536,2.3657546370058617
97.85337737266212,4.4980133488029725
97.85731291711888,1.7000688787317841
97.86124846157564,0.07775951609622463
97.86518400603238,0.049410879632962826
97.86911955048912,0.7001245644035875
97.87305509494588,1.9789633966930607
97.87699063940263,0.8158984289217155
97.8809261838594,0.04363097898714744
97.88486172831614,0.6080228544386308
97.88879727277288,0.6054068249288264
97.89273281722964,0.05252531885017498
97.89666836168638,0.5245699915321679
97.90060390614312,0.9687702392928897
97.90453945059988,1.581673497201604
97.90847499505664,1.8385881314914112
97.9124105395134,0.49939816363124473
97.91634608397014,0.6070692434110243
97.92028162842688,0.7684483328036498
97.92421717288364,0.40046306779043456
97.9281527173404,0.19269161021505138
97.93208826179716,0.11627278298262915
97.9360238062539,0.2464635643582084
97.93995935071064,0.2763758134217743
97.9438948951674,0.4277065961227537
97.94783043962416,0.5661308113779087
97.95176598408092,1.5157708120427964
97.95570152853766,1.4255683206500973
97.9596370729944,0.3025867503916641
97.96357261745116,0.39214662237816394
97.96750816190792,0.6095661529282391
97.97144370636468,0.3942494440837542
97.9753792508214,0.652026712092972
97.97931479527816,1.4263640304829532
97.98325033973492,0.8177191963239556
97.98718588419166,1.0017349164738967
97.9911214286484,0.44092458800027473
97.99505697310516,0.06808356739519122
97.99899251756192,0.11467673355495206
98.00292806201868,2.4054261776436863
98.00686360647542,3.837428970509535
98.01079915093216,0.9629655762168302
98.01473469538892,0.0319988166384891
98.01867023984568,0.09892436802894346
98.02260578430244,0.3058735042424069
98.02654132875918,0.6539015454424224
98.03047687321592,0.31443814103999157
98.03441241767268,0.20164027623512057
98.03834796212944,0.30033508530944264
98.0422835065862,0.02822272046026675
98.04621905104294,0.1934747564344634
98.05015459549968,0.20297977961744598
98.05409013995644,0.06885944638129117
98.05802568441318,0.34874012081950057
98.06196122886992,0.9902122516673898
98.06589677332668,1.353089283336763
98.06983231778344,0.5901142677489463
98.0737678622402,0.4290250304187215
98.07770340669694,0.2584695435831321
98.08163895115368,0.03912361448311655
98.08557449561044,0.6589357564415684
98.0895100400672,0.8902439388641037
98.09344558452396,0.21424648115514006
98.0973811289807,0.9887015139837684
98.10131667343744,2.1437283142688868
98.1052522178942,1.5207435871411445
98.10918776235096,0.23728617040026082
98.11312330680772,0.3785390855703449
98.11705885126446,0.9919141011025743
98.1209943957212,0.7240520949089109
98.12492994017796,0.170598570175834
98.12886548463472,0.38791036064755563
98.13280102909144,1.2218119849814901
98.1367365735482,0.668560324474289
98.14067211800496,2.61297425004614
98.14460766246172,3.97177894103422
98.14854320691846,0.976641182637997
98.1524787513752,0.5739623491187592
98.15641429583196,2.2172512051129343
98.16034984028872,3.179327366633607
98.16428538474548,1.2775249627700571
98.16822092920222,2.031657277151975
98.17215647365896,4.4098810807491
98.17609201811572,2.202985878592344
98.18002756257248,1.0560966702290582
98.18396310702924,0.36983563220037613
98.18789865148598,0.9946656800948119
98.19183419594272,1.6042954643448906
98.19576974039948,0.10804563815098359
98.19970528485624,0.48979355076119135
98.203640829313,0.44733696330499884
98.20757637376974,0.050664128757026826
98.21151191822648,0.6309760298803098
98.21544746268324,0.677803655258048
98.21938300713998,0.8404850217359192
98.22331855159672,1.4947084548068468
98.22725409605349,1.0627821193305151
98.23118964051024,1.171840437697108
98.235125184967,1.1302626263991582
98.23906072942374,0.17071464322629723
98.2429962738805,1.5325490733671132
98.24693181833725,0.9148709394334223
98.250867362794,0.7106811725360901
98.25480290725076,1.3598045785708193
98.2587384517075,1.7015412377220702
98.26267399616424,2.634805011563185
98.266609540621,0.8804645782727516
98.27054508507776,0.37087274035456536
98.27448062953452,0.002278369764438661
98.27841617399126,0.9110728350839528
98.282351718448,0.5734079881325582
98.28628726290476,0.12592979807534507
98.2902228073615,0.47737074260956414
98.29415835181824,0.7110673120886786
98.298093896275,0.20537396076291758
98.30202944073176,0.40457879357970783
98.30596498518852,0.7260617317196636
98.30990052964526,0.13306450040726925
98.313836074102,1.2715679387037315
98.31777161855877,1.9790548737666032
98.32170716301552,1.6987877474779598
98.32564270747228,1.0827087465203902
98.32957825192902,1.114455029879479
98.33351379638576,1.1963758408894425
98.33744934084253,2.506009912045446
98.34138488529928,2.4277229726453484
98.34532042975604,0.2399060358529221
98.34925597421278,2.9012892073579253
98.35319151866952,1.2984889846268028
98.35712706312628,0.3107537486493055
98.36106260758304,0.4130053866012745
98.3649981520398,0.41350460728941224
98.36893369649653,1.176052483816033
98.37286924095328,0.668771523040164
98.37680478541004,1.8311568405931102
98.38074032986678,0.8697793876182744
98.38467587432352,0.40633204633661607
98.38861141878029,0.9982577271642435
98.39254696323704,1.5776553935414215
98.3964825076938,1.5233384408649686
98.40041805215054,0.8162572765392181
98.4043535966073,0.32622942462020965
98.40828914106405,0.2787716099549568
98.4122246855208,1.0392595758158787
98.41616022997756,0.9749413962285493
98.4200957744343,0.10763530253666104
98.42403131889104,0.07203556577784713
98.4279668633478,1.0776040931355908
98.43190240780456,2.9050680781413387
98.43583795226132,0.6341843774349231
98.43977349671806,0.26466639581313617
98.4437090411748,0.11365958599828549
98.44764458563156,0.8403236119934069
98.4515801300883,1.13056805617655
98.45551567454504,1.2218838338307918
98.4594512190018,0.10162383630195079
98.46338676345856,0.6648690060164927
98.46732230791532,0.48232374083332713
98.47125785237206,3.391691214541766
98.4751933968288,1.7068643334977527
98.47912894128557,0.7754591620336254
98.48306448574232,1.211421173342187
98.48700003019908,0.4659883631196774
98.49093557465582,0.23731335609611623
98.49487111911256,1.3569508340973162
98.49880666356933,4.3105924725662375
98.50274220802608,2.6316545796402573
98.50667775248284,2.0506492726124135
98.51061329693958,1.2966233093611204
98.51454884139632,0.5191559226346119
98.51848438585309,0.8243857618117733
98.52241993030982,0.07398035184908858
98.52635547476658,0.9690261965515994
98.53029101922333,0.7594789790345068
98.53422656368008,0.3819654287209429
98.53816210813685,2.0744369637741245
98.54209765259358,1.9303026277731217
98.54603319705032,2.2575826149701945
98.54996874150709,1.490576307900154
98.55390428596384,1.5907707400899282
98.5578398304206,3.1061710242312057
98.56177537487734,1.4882185938710824
98.5657109193341,0.2290923926877635
98.56964646379085,0.2674472510365994
98.5735820082476,1.2158444342592705
98.57751755270436,1.2432143155794022
98.5814530971611,0.19818451941013573
98.58538864161784,0.19733859248362023
98.5893241860746,0.5999751175645974
98.59325973053136,0.2734994593615786
98.59719527498812,0.010967425411244496
98.60113081944483,0.019981740900521853
98.6050663639016,0.05363404455413403
98.60900190835837,0.336998827110447
98.6129374528151,0.9130766950559772
98.61687299727186,1.169590278459252
98.6208085417286,1.4104853379615987
98.62474408618536,0.6083019137819414
98.62867963064213,0.3935213713100293
98.63261517509886,0.2680508409142622
98.6365507195556,0.09003407819335642
98.64048626401237,0.9203338473438635
98.64442180846912,1.4633762831432493
98.64835735292588,1.0456740355183225
98.65229289738262,2.034723288064079
98.65622844183936,3.461310693917252
98.66016398629613,2.6306318257330874
98.66409953075288,0.6590125508850057
98.66803507520964,1.9463501115999633
98.67197061966638,0.7831575235504004
98.67590616412312,1.4377761865827785
98.67984170857989,5.5601558666807955
98.68377725303662,2.5987504936908343
98.68771279749338,0.48850092052315797
98.69164834195011,0.034211399498951765
98.69558388640688,0.8266654814061921
98.69951943086365,0.6604154571398878
98.70345497532038,0.006519655251371393
98.70739051977714,0.24849894039481082
98.71132606423387,0.23110372916337935
98.71526160869064,0.6012536927580037
98.7191971531474,1.4897039858725436
98.72313269760414,1.2765121263068777
98.7270682420609,0.33179689484655533
98.73100378651765,0.8676702340169269
98.7349393309744,4.774389756028667
98.73887487543116,3.6809835465830534
98.7428104198879,0.0070924088088657284
98.74674596434464,1.4548417101318865
98.7506815088014,1.120106370392865
98.75461705325816,0.7614392064193922
98.7585525977149,0.12320282009383678
98.76248814217163,1.6768818201538833
98.7664236866284,0.8643545273524232
98.77035923108517,0.1470687863049632
98.7742947755419,0.0019057402641516855
98.77823031999866,1.5239619467369954
98.7821658644554,2.301822498914796
98.78610140891216,0.9602568034097241
98.79003695336893,1.821726461732788
98.79397249782566,0.2513062142316751
98.79790804228242,0.9795964402295871
98.80184358673915,2.0284013832581307
98.80577913119592,1.394527774402995
98.80971467565269,0.43438854388723247
98.81365022010942,0.024694309031194083
98.81758576456618,0.1472353445145876
98.82152130902293,0.017308796806793706
98.82545685347968,0.3831770976822028
98.82939239793645,0.7528245785791615
98.83332794239318,0.8648323220238622
98.83726348684992,2.3471840566941684
98.84119903130669,3.0299944408007002
98.84513457576342,0.36325226567672314
98.84907012022018,0.9401887522805042
98.85300566467691,0.39965810627325327
98.85694120913368,0.8334624839267472
98.86087675359045,2.015491820509457
98.86481229804718,0.9173147617028811
98.86874784250394,0.3395210577152972
98.87268338696067,0.02135730448570113
98.87661893141744,0.1519117001266595
98.8805544758742,0.8374935578109614
98.88449002033094,1.5947693441664932
98.8884255647877,1.024210710005035
98.89236110924443,0.40978496628562333
98.8962966537012,1.477639435507838
98.90023219815797,0.7316322065910729
98.9041677426147,0.1833546681816833
98.90810328707146,1.5692860158058544
98.9120388315282,0.684382964154615
98.91597437598494,0.1682116857802549
98.9199099204417,0.9902111486959285
98.92384546489843,0.13679273090783317
98.9277810093552,0.731627145363372
98.93171655381197,1.2019992151614982
98.9356520982687,0.7302749207664377
98.93958764272546,0.791346357591043
98.9435231871822,0.020143422868110127
98.94745873163896,0.4337270853909114
98.95139427609573,0.31654882057880884
98.95532982055246,0.011815725526262854
98.95926536500922,0.28018153197795076
98.96320090946595,0.6734000585092408
98.96713645392272,0.6153699223064659
98.97107199837949,0.9923464775263868
98.97500754283622,2.1061902764750897
98.97894308729298,0.8664718554722431
98.98287863174971,0.030511830131692685
98.98681417620648,0.21865662554496182
98.99074972066322,0.4588162132928255
98.99468526511995,0.015639999545745874
98.99862080957672,0.7532596822787974
99.00255635403347,1.2817677133045309
99.00649189849022,0.22329298240543338
99.01042744294698,0.2762890642939859
99.01436298740371,0.8569717148912348
99.01829853186048,0.03745041758429518
99.02223407631725,0.9736485822010024
99.02616962077398,0.6743207643146587
99.03010516523074,0.19667409891636634
99.03404070968747,0.8671776811756832
99.03797625414424,0.2038981547642235
99.041911798601,0.2528773872305195
99.04584734305774,0.07703328254846872
99.0497828875145,0.13213445047315747
99.05371843197123,0.7006231434902908
99.057653976428,0.6643285074706209
99.06158952088477,0.19347396714396087
99.0655250653415,0.4154478081455775
99.06946060979824,1.8615557994176235
99.073396154255,0.5298142919503562
99.07733169871176,1.3001934996806133
99.0812672431685,3.6860589928427774
99.08520278762524,0.9012873215759755
99.089138332082,0.20678779287862295
99.09307387653875,0.22668066764882663
99.0970094209955,0.8742122533215629
99.10094496545226,1.3519538709278713
99.104880509909,3.5859521287247773
99.10881605436576,0.9547856153747489
99.11275159882253,0.03281881472123462
99.11668714327926,0.1864270329717829
99.12062268773602,2.228125269541856
99.12455823219275,0.4342394688578511
99.12849377664952,1.6478993138819955
99.13242932110629,1.8589971121830313
99.13636486556302,0.1657934597019287
99.14030041001978,1.8525811806987695
99.14423595447651,0.6865299600974791
99.14817149893328,1.405016575860083
99.15210704339002,1.2021187441599075
99.15604258784676,0.708853569647401
99.15997813230352,1.7024907883615743
99.16391367676027,1.0814932657977911
99.16784922121704,0.256397241536477
99.17178476567378,2.6138745714244065
99.17572031013052,1.8989462723394803
99.17965585458728,0.6293672942400902
99.18359139904403,2.1852479601263277
99.1875269435008,1.697766816857261
99.19146248795754,0.09214659672616815
99.19539803241427,1.187008227559449
99.19933357687104,0.5611329274853315
99.2032691213278,0.8396793584632178
99.20720466578454,0.4410318918115784
99.2111402102413,1.1130313585399747
99.21507575469803,1.2804436956453138
99.2190112991548,2.0024853545326198
99.22294684361157,1.8785550814167185
99.22688238806828,0.4468769413708535
99.23081793252504,0.22019992902434266
99.2347534769818,0.1674091044672248
99.23868902143856,0.06839659042531604
99.2426245658953,0.04431945708690671
99.24656011035204,0.3621266771976584
99.2504956548088,0.31304256231342237
99.25443119926555,0.067281188041056
99.2583667437223,1.08253482233673
99.26230228817906,1.854624128526138
99.2662378326358,1.9365964099751918
99.27017337709256,0.5219999960090909
99.27410892154931,1.545934436835993
99.27804446600608,1.17477317727024
99.28198001046282,0.4496101440726047
99.28591555491955,1.3439691775317342
99.28985109937632,0.23983862967948416
99.29378664383307,0.021355798280729334
99.29772218828982,0.7125620582589607
99.30165773274658,3.2728585287402594
99.30559327720331,3.0554226440316397
99.30952882166008,0.4041762216438163
99.31346436611682,0.8768202857921293
99.31739991057356,3.6703483506220875
99.32133545503032,3.170081767898351
99.32527099948707,1.3357791345111432
99.32920654394384,0.1576981901763154
99.33314208840058,0.22353866349342386
99.33707763285732,0.3401136816737469
99.34101317731408,0.6603422617773952
99.34494872177083,0.5588489019489439
99.3488842662276,0.5590209198894366
99.35281981068434,1.8109690700968077
99.35675535514108,2.493760408215564
99.36069089959784,1.7112769851778737
99.3646264440546,1.1831223493121619
99.36856198851136,1.992361259953489
99.3724975329681,3.3281030259188027
99.37643307742484,2.9110786006636435
99.3803686218816,1.2885111885624747
99.38430416633834,0.6678377533204746
99.38823971079508,0.47517959921174346
99.39217525525184,0.9108382392127168
99.3961107997086,1.7282058215021074
99.40004634416536,1.7841368898612415
99.4039818886221,2.010242558828495
99.40791743307884,1.4390108866992095
99.4118529775356,0.15002271809881865
99.41578852199235,0.1867220355499671
99.4197240664491,0.3374400958670282
99.42365961090586,2.682860638786404
99.4275951553626,3.402683945281975
99.43153069981936,1.9663396803093347
99.43546624427611,2.8463913197263033
99.43940178873288,1.0211417963949447
99.44333733318962,0.005877845949022506
99.44727287764636,0.32339325431979965
99.45120842210312,0.7543291161892607
99.45514396655987,0.5204776117163181
99.45907951101664,0.061338035410382775
99.46301505547336,1.5174947009970923
99.46695059993012,2.8795678996172627
99.47088614438688,0.5297296101199198
99.47482168884362,1.8743947531149023
99.47875723330036,1.2080208150373315
99.48269277775712,0.1599530236775076
99.48662832221387,0.5626945195956194
99.49056386667064,0.494311337268939
99.49449941112738,1.761311500138565
99.49843495558412,0.20854382239719862
99.50237050004088,0.7805979637063724
99.50630604449763,1.0440028843651232
99.5102415889544,0.40222578261238245
99.51417713341114,0.46444193120363003
99.51811267786788,0.7490306922127028
99.52204822232464,0.060321589597274794
99.5259837667814,0.6568434208660368
99.52991931123816,1.942395718634868
99.5338548556949,1.1230528954925427
99.53779040015164,0.016653808374787644
99.5417259446084,0.5530236297561516
99.54566148906514,0.970376736613986
99.54959703352188,1.0173573603324257
99.55353257797864,1.1981019462166105
99.5574681224354,0.9911752936898537
99.56140366689216,0.08952235387988275
99.5653392113489,2.3463052145947034
99.56927475580564,1.9542279846592048
99.5732103002624,0.33525152254272755
99.57714584471915,2.5702465125932568
99.5810813891759,3.033564405520973
99.58501693363266,1.9607655545569893
99.5889524780894,1.4447264678442675
99.59288802254616,1.5155709831779465
99.59682356700291,0.7524420393714867
99.60075911145968,0.1637502019987986
99.60469465591642,0.1332782170350113
99.60863020037316,0.04489208126718317
99.61256574482992,0.020967923806555034
99.61650128928666,0.0848241443242095
99.6204368337434,0.10422546122183265
99.62437237820016,0.1106619461006138
99.62830792265692,0.16669002899096325
99.63224346711368,0.049672614172043085
99.63617901157042,0.012689578237928214
99.64011455602716,0.3183484161104711
99.64405010048392,0.8075644561927965
99.64798564494068,0.8030022033000388
99.65192118939744,0.3132244858789087
99.65585673385418,0.01771310735920701
99.65979227831092,0.05210062485464966
99.66372782276768,0.13243647613913637
99.66766336722443,0.5773026867104877
99.6715989116812,3.0712901474245418
99.67553445613794,3.1956632442667714
99.67947000059468,0.2675524208928139
99.68340554505144,0.3683083979953572
99.6873410895082,0.03460080388934568
99.69127663396496,1.7299469015739135
99.69521217842168,3.6478678889907803
99.69914772287844,1.133805069523012
99.7030832673352,0.8386307551214256
99.70701881179194,2.598229354762188
99.71095435624868,1.686548543152825
99.71488990070544,0.3255537259392272
99.7188254451622,0.1472880850513966
99.72276098961896,0.17963908769051715
99.7266965340757,0.28660134026607587
99.73063207853244,0.8394507329274772
99.7345676229892,0.2618597426726302
99.73850316744596,0.25953293409171785
99.74243871190272,0.9538721514147727
99.74637425635946,2.5617549477804107
99.7503098008162,1.6222484170064115
99.75424534527296,0.4543676610138915
99.75818088972972,0.2803180894510454
99.76211643418648,0.0396944087659184
99.76605197864322,0.08244186078715754
99.76998752309996,0.2042472577302315
99.77392306755672,0.8805405903734796
99.77785861201346,1.6460818355737645
99.7817941564702,0.5966534797150378
99.78572970092696,0.01920730733364666
99.78966524538372,0.0002734214421208767
99.79360078984048,0.3596591855669907
99.79753633429722,0.3225388635737137
99.80147187875396,0.1315015342833284
99.80540742321072,0.04906836315409558
99.80934296766748,0.3695837027304905
99.81327851212424,0.9657405780447526
99.81721405658098,0.16677281048997386
99.82114960103772,0.24724017209907592
99.82508514549448,1.216169592457195
99.82902068995124,1.1536362344422004
99.832956234408,1.5727252095664415
99.83689177886474,2.231485204655001
99.84082732332148,0.9623662423213324
99.84476286777824,0.557933973198826
99.848698412235,0.3290659934234261
99.85263395669172,0.4109750841238889
99.85656950114848,0.7570116118765687
99.86050504560524,1.5768054362865018
99.864440590062,0.7488239585140506
99.86837613451874,0.28064483066740126
99.87231167897548,0.33913360103093837
99.87624722343224,0.562762645224721
99.880182767889,0.37020261857647013
99.88411831234576,0.01064136348851997
99.8880538568025,0.09575319854127631
99.89198940125924,0.4148197076120395
99.895924945716,0.6889497649826872
99.89986049017276,0.1231873531103421
99.90379603462952,1.4247580412746739
99.90773157908626,2.61457614014563
99.911667123543,1.897016501595369
99.91560266799976,1.003043422623449
99.91953821245652,0.9465962668976279
99.92347375691328,0.13715504565820108
99.92740930137002,1.082756035661743
99.93134484582676,1.1640671641260785
99.93528039028352,0.5471005540290714
99.93921593474026,7.525370357934798
99.943151479197,6.115612802543722
99.94708702365376,0.5987698609214338
99.95102256811052,6.335938343624208
99.95495811256728,3.0650617589759124
99.95889365702402,0.8931648305078532
99.96282920148076,3.765687520033775
99.96676474593752,0.9480588785484658
99.97070029039428,0.010089300269894281
99.97463583485104,0.11398539875182341
99.97857137930778,0.552551230780738
99.98250692376452,0.15631084181130334
99.98644246822128,0.12532348114290295
99.99037801267804,0.11281436102111003
99.9943135571348,1.2320294375245322
99.99824910159154,1.8890300289717972
100.00218464604828,0.413762548021728
100.00612019050504,0.1388163776078814
100.01005573496178,0.5985479308586679
100.01399127941852,0.6412488892874856
100.01792682387529,0.39747096406472976
100.02186236833204,0.05960218516144448
100.0257979127888,1.85558341345632
100.02973345724554,3.272959394339188
100.0336690017023,1.1972253270194135
100.03760454615905,0.5917260723722092
100.0415400906158,1.8162377926249795
100.04547563507256,1.9455066036935207
100.0494111795293,1.2537993895910517
100.05334672398604,0.9463351932044165
100.0572822684428,0.44763826470264056
100.06121781289956,1.0308487380518854
100.06515335735632,0.9281019888791786
100.06908890181306,0.06433277861873722
100.0730244462698,1.473939776091834
100.07695999072656,0.8489602278138388
100.08089553518332,1.3541000806012684
100.08483107964004,2.3327851357254605
100.0887666240968,0.41332811691764515
100.09270216855356,0.3487379515618629
100.09663771301032,0.5607703020355824
100.10057325746706,0.7074981454026359
100.1045088019238,0.9130713580548392
100.10844434638057,0.7175523466486282
100.11237989083732,0.48307244879700456
100.11631543529408,0.41661080798200956
100.12025097975082,0.6123830221428633
100.12418652420756,0.5107913168518342
100.12812206866433,0.19926763638823816
100.13205761312108,0.05701904114779032
100.13599315757784,0.43312395123394215
100.13992870203458,0.8344257321079869
100.14386424649132,0.2886439264868144
100.14779979094808,0.06157956149420366
100.15173533540484,0.08118207674651866
100.1556708798616,0.06886324073616851
100.15960642431834,0.36597006415251865
100.16354196877508,1.2048752926732433
100.16747751323184,1.1003901632297783
100.17141305768858,0.661040883488509
100.17534860214532,0.22866195470942832
100.17928414660209,0.22323575034439785
100.18321969105884,0.5744452729924875
100.1871552355156,0.6406450619610348
100.19109077997234,0.42454250258370885
100.1950263244291,0.24019283787125106
100.19896186888585,0.2850380663660769
100.2028974133426,0.054367610739106946
100.20683295779936,0.07755839197218546
100.2107685022561,0.29730495924424427
100.21470404671284,1.490167906281216
100.2186395911696,1.9554976170360265
100.22257513562636,0.08482657735151682
100.22651068008312,1.9801604797497552
100.23044622453986,4.035278822970574
100.2343817689966,2.114625393369819
100.23831731345336,2.8356965740689
100.2422528579101,2.12436852426324
100.24618840236684,0.0402148395589652
100.2501239468236,0.7984837728584223
100.25405949128036,0.31691792210315245
100.25799503573712,2.488826181979497
100.26193058019386,0.8165601075792364
100.2658661246506,1.9489433942593464
100.26980166910737,3.1936625718041323
100.27373721356412,1.9510836388742532
100.27767275802088,0.7673139935215545
100.28160830247762,0.9631933430293111
100.28554384693436,0.36319139462012695
100.28947939139113,1.0502207979192149
100.29341493584788,1.9161090565483958
100.29735048030464,1.625570693772726
100.30128602476138,1.9369750022223786
100.30522156921812,2.6283454657262793
100.30915711367489,3.383884725698217
100.31309265813164,1.849746002241869
100.3170282025884,1.8400990662991294
100.32096374704513,3.039950440670734
100.32489929150188,1.1031062747127351
100.32883483595865,0.805162302935007
100.33277038041538,2.864025165136128
100.33670592487212,3.655164979644138
100.34064146932889,5.122792838174986
100.34457701378564,2.4087394380646288
100.3485125582424,0.5151322514430487
100.35244810269914,0.15737294289684275
100.3563836471559,0.5080730336304776
100.36031919161265,0.1657595379742006
100.3642547360694,0.10378895660936706
100.36819028052616,0.34951291169666215
100.3721258249829,0.11756825045855397
100.37606136943964,0.08616804874815949
100.3799969138964,0.02244666706335479
100.38393245835316,0.7013567434414658
100.38786800280992,0.8715750756519566
100.39180354726666,0.5925007635968284
100.3957390917234,0.49675983674095125
100.39967463618017,0.042007294214789756
100.4036101806369,0.194285329372047
100.40754572509366,0.33670379021472746
100.4114812695504,1.2847068108609578
100.41541681400716,0.8149045891219849
100.41935235846393,0.5428554045068248
100.42328790292066,0.3513115679096198
100.4272234473774,0.0572759012299351
100.43115899183417,0.139042071035977
100.43509453629092,0.7726477408689565
100.43903008074768,1.9253907994415072
100.44296562520442,0.3530044371242832
100.44690116966116,0.3721628773652691
100.45083671411793,0.7489945884573426
100.45477225857468,1.4884867460352698
100.45870780303144,0.4019891287818445
100.46264334748818,0.7109537523067632
100.46657889194492,0.6772766274531706
100.47051443640169,3.404708080011286
100.47444998085844,4.097395209207862
100.47838552531518,0.32885027067965683
100.48232106977191,0.5112253295407242
100.48625661422868,1.3437012597076117
100.49019215868545,1.4289217136815484
100.49412770314218,0.0623932572501622
100.49806324759894,0.7968797784106955
100.50199879205567,2.173460863406804
100.50593433651244,2.364687373512627
100.5098698809692,0.06299441440480626
100.51380542542594,0.5245054030001561
100.5177409698827,0.5820976754110905
100.52167651433945,2.5723116128485515
100.5256120587962,0.21621171517578516
100.52954760325296,3.2714892778705185
100.5334831477097,1.340020833444516
100.53741869216644,0.5760241209596738
100.5413542366232,0.9627024000412464
100.54528978107996,0.2794844383185809
100.54922532553672,0.5403987343295396
100.55316086999346,0.5121320398407408
100.5570964144502,3.111907996455426
100.56103195890697,5.98888373035065
100.5649675033637,4.314890436609849
100.56890304782046,4.84046375330589
100.5728385922772,2.909421256469525
100.57677413673396,1.4909603100001656
100.58070968119073,2.894727880039905
100.58464522564746,1.2251488374237547
100.58858077010422,1.5724355962315988
100.59251631456095,1.676128171030708
100.59645185901772,1.636264809829148
100.60038740347449,1.1301283790488297
100.60432294793122,1.0642055606906677
100.60825849238798,0.41598233454481115
100.61219403684473,2.6561248253758514
100.61612958130148,2.583123346181038
100.62006512575825,0.6505046195189192
100.62400067021498,0.19849271840040097
100.62793621467172,0.09388131439914196
100.63187175912849,0.4003640537630915
100.63580730358522,0.14600517863774604
100.63974284804198,0.3045331244791349
100.64367839249871,0.15132829887030583
100.64761393695548,0.06313466783838094
100.65154948141225,0.6364203205419813
100.65548502586898,0.5240780696326692
100.65942057032574,0.21710546928847502
100.66335611478247,1.7136385533864527
100.66729165923924,1.1894169402590546
100.671227203696,1.7698256151603602
100.67516274815274,2.269593292329409
100.6790982926095,0.36415176434349217
100.68303383706623,0.39846827087061343
100.686969381523,0.520056378053272
100.69090492597977,1.3108001525504436
100.6948404704365,1.6278428912207639
100.69877601489326,0.3825249226519754
100.70271155935,0.5008110532220866
100.70664710380676,1.941473406388399
100.7105826482635,0.18361870699709057
100.71451819272023,1.6060768067048423
100.718453737177,2.2278320675961423
100.72238928163377,1.098461421900214
100.7263248260905,4.32800297564565
100.73026037054726,3.0035075890413263
100.734195915004,1.5343300245910325
100.73813145946076,3.673410382144822
100.74206700391753,2.026978683679567
100.74600254837426,1.3260118754448675
100.74993809283102,3.1536443839427433
100.75387363728775,0.8184319116358569
100.75780918174452,0.7343495039296152
100.76174472620129,2.270392372051062
100.76568027065802,0.3848208654302627
100.76961581511478,1.212713327586577
100.77355135957151,0.8430818320042799
100.77748690402828,0.12254102338857681
100.78142244848505,0.4123061797930603
100.78535799294178,0.28862546905054837
100.78929353739852,1.269297617210342
100.79322908185527,1.2245910649756273
100.79716462631202,0.9899224369301703
100.80110017076878,1.9462374818235737
100.80503571522551,1.2096500239703687
100.80897125968228,1.1412676292766353
100.81290680413905,2.8743665139731087
100.81684234859578,0.31935673418298977
100.82077789305254,0.5315976697942102
100.82471343750927,0.2535495021662227
100.82864898196604,0.00827326691829262
100.8325845264228,0.8641429843425232
100.83652007087954,2.7011382447625074
100.8404556153363,0.1659857424057071
100.84439115979303,2.8799151185741585
100.8483267042498,2.6690599356478626
100.85226224870657,0.39461854969398114
100.8561977931633,3.1375057648383664
100.86013333762006,2.0197508707528677
100.8640688820768,0.5409421258669215
100.86800442653356,0.609450726848703
100.8719399709903,0.5836075475197278
100.87587551544704,0.28126880256467784
100.8798110599038,1.6187130267308791
100.88374660436055,0.4927521180665791
100.8876821488173,1.593474216633211
100.89161769327406,1.7825137334213494
100.8955532377308,0.40405592654660927
100.89948878218756,0.04036441473766428
100.90342432664433,0.797798130847863
100.90735987110106,1.607386399446438
100.91129541555782,3.1294224411438085
100.91523096001455,1.981754482004821
100.91916650447132,0.020484462962712342
100.92310204892809,0.24587349157050742
100.92703759338482,0.4729043744216503
100.93097313784158,0.9418813959199903
100.93490868229831,0.13499980918551838
100.93884422675508,1.131029870210401
100.94277977121185,0.17732913872717673
100.94671531566856,0.5617051630337622
100.95065086012532,0.28011506791404706
100.95458640458207,0.9300164640353854
100.95852194903884,2.374661334503569
100.96245749349558,2.3123078072613064
100.96639303795232,1.349646617517661
100.97032858240908,0.4056333040137637
100.97426412686583,0.13911059948731178
100.9781996713226,0.8659851498104436
100.98213521577934,0.5359542119542174
100.98607076023607,0.8255136416773046
100.99000630469284,3.197748505234418
100.9939418491496,0.6552915923529297
100.99787739360634,0.5901922449034132
101.0018129380631,1.667936633447548
101.00574848251983,0.8375866955849686
101.0096840269766,0.09139156598864306
101.01361957143337,1.497472901992519
101.0175551158901,3.4985775708231404
101.02149066034686,4.42689725040195
101.0254262048036,3.21798602675226
101.02936174926036,1.4310455781885134
101.0332972937171,0.38290764565588487
101.03723283817384,0.046649190111818
101.0411683826306,0.8276875567995576
101.04510392708735,0.9008125146670007
101.0490394715441,0.2720206097831821
101.05297501600086,0.37722771758402907
101.0569105604576,0.38025355001827055
101.06084610491436,0.48763132266276166
101.06478164937111,0.15049924419089913
101.06871719382788,1.5709102067879386
101.07265273828462,1.405594660924046
101.07658828274135,0.21545678624459466
101.08052382719812,0.12315831011586278
101.08445937165487,0.26578644299886656
101.08839491611162,0.1982162148205237
101.09233046056838,0.1399267957526227
101.09626600502511,0.30152546173995504
101.10020154948188,0.7061732238348732
101.10413709393862,0.8541303828492689
101.10807263839536,0.40918683059423233
101.11200818285212,0.7638535332666274
101.11594372730887,0.9751701942770926
101.11987927176564,0.0764118315894206
101.12381481622238,0.37042665344437536
101.12775036067912,1.0187111662528365
101.13168590513588,1.2121719171557905
101.13562144959263,0.28409954347422095
101.1395569940494,0.10757779563684013
101.14349253850614,0.02538653778161829
101.14742808296288,1.2369971079402051
101.15136362741964,1.8414557116578398
101.1552991718764,0.5136866766356734
101.15923471633316,0.04610334722047822
101.1631702607899,0.490802155126173
101.16710580524663,0.4242426939280095
101.1710413497034,0.06720486665054273
101.17497689416015,0.21076378394064188
101.17891243861688,0.30801717911935095
101.18284798307364,0.39291302618892754
101.1867835275304,0.11862618001539517
101.19071907198716,0.013243902873730057
101.1946546164439,0.46227965640203816
101.19859016090064,1.436996773139976
101.2025257053574,0.48789207565723575
101.20646124981415,0.2418535570126095
101.2103967942709,0.0826213029309986
101.21433233872766,0.35295677335581843
101.2182678831844,0.9651762769798483
101.22220342764116,0.6699881458315832
101.22613897209791,0.7341088851847877
101.23007451655468,2.0387094620037596
101.23401006101142,2.261014387779612
101.23794560546816,0.6762763021368576
101.24188114992492,0.030741444951548787
101.24581669438167,0.1890299281451766
101.24975223883844,1.0358048428889273
101.25368778329518,1.8824963493904978
101.25762332775192,0.46391693748855145
101.26155887220868,0.9007468127104538
101.26549441666542,3.1137494546458604
101.26942996112216,1.239912712048334
101.27336550557892,0.28990729550555566
101.27730105003567,0.6862633500701786
101.28123659449244,0.30283987208151464
101.28517213894918,0.5070086374074858
101.28910768340592,0.7544990926289803
101.29304322786268,2.4170704881987928
101.29697877231943,2.1704441874112144
101.3009143167762,0.16524838283925974
101.30484986123294,0.7459769499478845
101.30878540568968,1.4436251631807866
101.31272095014644,0.22706537298376847
101.3166564946032,0.3926168433777276
101.32059203905996,0.6491637887989183
101.3245275835167,0.021440588382876574
101.32846312797344,1.087828075181673
101.3323986724302,0.6879652138161648
101.33633421688694,0.08933536894849224
101.34026976134368,0.9437266567827954
101.34420530580044,0.9119097603323731
101.3481408502572,0.22816228682396295
101.35207639471396,0.14969928722082004
101.3560119391707,0.09774731137777173
101.35994748362744,0.42329001947726275
101.3638830280842,0.6684260752056418
101.36781857254095,0.4799905525964221
101.3717541169977,0.43010654290629635
101.37568966145446,1.5463281142012086
101.3796252059112,2.5731848205647117
101.38356075036796,0.727260941411454
101.38749629482471,0.06943948090037079
101.39143183928148,0.36769715533191416
101.39536738373822,0.40541444109678404
101.39930292819496,0.7091924713600885
101.40323847265172,0.9275411143465654
101.40717401710847,1.3782783909422336
101.41110956156524,0.5445593156817359
101.41504510602196,0.307444214386581
101.41898065047872,1.86803387139329
101.42291619493548,2.3429603068830587
101.42685173939222,2.865069127135991
101.43078728384896,2.6128213772592237
101.43472282830572,0.12575511648569793
101.43865837276248,1.6711683866063212
101.44259391721924,2.4736785416741367
101.44652946167598,0.07021295572499006
101.45046500613272,0.7961473503070514
101.45440055058948,0.21896875654326625
101.45833609504623,0.7404399593236151
101.462271639503,0.7372465074493473
101.46620718395974,0.14575867736531847
101.47014272841648,1.0526921099208766
101.47407827287324,0.19151748421388295
101.47801381733,0.07077385123016662
101.48194936178676,0.20187326619442508
101.4858849062435,0.8921756686558258
101.48982045070024,0.6139215041856442
101.493755995157,1.6274680192009128
101.49769153961374,1.9267501954449235
101.50162708407048,0.7845601431532715
101.50556262852724,0.22516551563289305
101.509498172984,0.3894342002646305
101.51343371744076,0.07258020565157752
101.5173692618975,0.2872535783794103
101.52130480635424,0.4324702827502023
101.525240350811,0.41279733977897254
101.52917589526776,0.7899811037841968
101.53311143972452,0.15842708108259387
101.53704698418126,0.16813676103030892
101.540982528638,0.15991441788874508
101.54491807309476,0.6610827835428545
101.54885361755152,0.3955592820237174
101.55278916200828,0.2227506391055172
101.55672470646502,0.05730807371031461
101.56066025092176,0.7274869568580139
101.56459579537852,1.2888634345177885
101.56853133983527,0.11341016906582975
101.572466884292,0.4426064343938019
101.57640242874876,0.667596586958484
101.58033797320552,0.034746008531606906
101.58427351766228,0.27239580514686584
101.58820906211902,0.2201573795203839
101.59214460657576,0.472571186769325
101.59608015103252,0.9974298867596313
101.60001569548928,0.46580532498813926
101.60395123994604,0.6796436628747502
101.60788678440278,1.021672302263488
101.61182232885952,0.2347376932674627
101.61575787331628,0.13006579718322037
101.61969341777304,0.429355130876782
101.6236289622298,0.5844587103428395
101.62756450668654,0.7757397191253917
101.63150005114328,0.7076600555651955
101.63543559560004,0.7040298962396734
101.6393711400568,0.6137554350112846
101.64330668451356,0.3925745229802128
101.6472422289703,0.2157050243796904
101.65117777342704,0.2692629516600266
101.6551133178838,0.5420540640080168
101.65904886234054,0.6071080776916454
101.66298440679728,0.6149271675713874
101.66691995125404,0.7865926336167891
101.6708554957108,0.7191892086140071
101.67479104016756,0.7454324024785511
101.6787265846243,1.6526389078933987
101.68266212908104,1.8671775430893924
101.6865976735378,1.5858103743640295
101.69053321799456,1.8465167032309922
101.69446876245132,1.257936939312245
101.69840430690806,0.3669945850805951
101.7023398513648,0.2800840702273427
101.70627539582156,0.6371798724428974
101.71021094027832,0.168384746924897
101.71414648473508,0.7112634933928951
101.71808202919182,1.433564347282422
101.72201757364856,1.1370876936897572
101.72595311810532,0.43091880654172376
101.72988866256206,0.38670196410933694
101.7338242070188,1.0086544641154358
101.73775975147556,1.1760672777091121
101.74169529593232,0.17600163189357484
101.74563084038908,0.41488331542241
101.74956638484582,0.6169765310353369
101.75350192930256,0.6825323948978602
101.75743747375932,1.1985531225175565
101.76137301821608,0.22552011297591792
101.76530856267284,0.3560268905082002
101.76924410712958,0.3125572983509796
101.77317965158632,0.0682853915982733
101.77711519604308,0.21569254820222106
101.78105074049984,1.507054696388747
101.7849862849566,0.5907109320075609
101.78892182941334,1.1982433121739928
101.79285737387008,5.327917043428587
101.79679291832684,5.075511964755795
101.8007284627836,1.9237142123008582
101.80466400724032,0.9805889025261911
101.80859955169709,1.9235789388786593
101.81253509615384,1.0746991561772183
101.8164706406106,0.09317074268725789
101.82040618506734,0.5043513146522948
101.8243417295241,0.6045189815736675
101.82827727398085,0.6030787336259762
101.8322128184376,1.5012607353649137
101.83614836289436,1.7100122052025593
101.8400839073511,1.9875589560235418
101.84401945180784,1.4135789745921559
101.8479549962646,0.27283020223977483
101.85189054072136,0.7319045869435485
101.85582608517812,0.4462182386811103
101.85976162963486,1.0848226816486934
101.8636971740916,2.3202198180945777
101.86763271854836,1.1236360615474201
101.87156826300512,0.05171883842034581
101.87550380746188,0.23572077611615827
101.87943935191862,0.12924740082878539
101.88337489637536,0.14391086555608332
101.88731044083212,0.08117952063456028
101.89124598528886,0.08666547800209458
101.8951815297456,0.3469612231408229
101.89911707420237,0.6395187110706382
101.90305261865912,0.4153393382365903
101.90698816311588,0.006407041186610426
101.91092370757262,0.12001661367143358
101.91485925202936,0.19683703728556765
101.91879479648613,0.31830138251739526
101.92273034094288,0.23396063514635923
101.92666588539964,1.1478111430700175
101.93060142985638,2.2842571429711116
101.93453697431312,1.0244845632278532
101.93847251876988,0.7903168694102012
101.94240806322664,1.0217021582671033
101.9463436076834,0.004691636008362829
101.95027915214014,0.9769228757173661
101.95421469659688,0.6456816073338678
101.95815024105364,0.6210907909040709
101.96208578551038,0.7706977195184348
101.96602132996712,0.21147509744164436
101.96995687442389,0.4042914844630361
101.97389241888064,0.4292054484946195
101.9778279633374,0.42142932135216044
101.98176350779414,0.03719172057656457
101.9856990522509,0.08542517985604275
101.98963459670765,0.015068351575106819
101.9935701411644,0.4530791428534308
101.99750568562116,0.5728499098957501
102.0014412300779,0.37662111475401894
102.00537677453464,0.4249279792081759
102.0093123189914,0.6605637497492436
102.01324786344816,0.5691799298339005
102.01718340790492,0.5760510455529698
102.02111895236166,0.6729433266924846
102.0250544968184,1.6593031688000153
102.02899004127516,0.7759473885061449
102.03292558573192,1.205967854565416
102.03686113018868,0.9277081970820636
102.0407966746454,0.3981909760536338
102.04473221910216,0.9420416768545395
102.04866776355892,0.2754048311032629
102.05260330801566,0.13969847873409236
102.0565388524724,0.9265172278222517
102.06047439692917,1.232247136862384
102.06440994138592,0.10639939462205872
102.06834548584268,1.1536986297959602
102.07228103029942,0.9098144690326198
102.07621657475616,0.05884400926969827
102.08015211921293,0.21088288037857697
102.08408766366968,0.44783128931529964
102.08802320812644,0.060420814368461515
102.09195875258318,0.05823261541188081
102.09589429703992,0.040872045871985264
102.09982984149669,0.138322833601817
102.10376538595344,0.5403055652530603
102.1077009304102,0.5272746689779153
102.11163647486694,0.10301870457554056
102.1155720193237,0.68826712740678
102.11950756378045,0.7224484454451069
102.12344310823718,0.38524567176628494
102.12737865269392,0.5293020953167537
102.13131419715069,0.6423896857966909
102.13524974160744,0.15258510731359007
102.1391852860642,0.32609974477082054
102.14312083052094,0.08563375126619355
102.1470563749777,0.1558251221124955
102.15099191943445,0.6205033694510462
102.1549274638912,1.4985381073391568
102.15886300834796,1.196175809537431
102.1627985528047,0.4140558193569353
102.16673409726144,0.15082644231006284
102.1706696417182,0.06863601270248543
102.17460518617496,0.12175129224124445
102.17854073063172,0.3052549302086388
102.18247627508846,0.5978102354236626
102.1864118195452,2.74784148912971
102.19034736400197,2.171549370988472
102.19428290845872,0.35458653512113625
102.19821845291546,1.4090211992082917
102.2021539973722,2.081767775614426
102.20608954182896,0.3053804000002716
102.21002508628573,0.6215370962763039
102.21396063074246,0.8572916670683921
102.2178961751992,1.5499215044922645
102.22183171965597,2.3488807586307527
102.22576726411272,0.23547371286156277
102.22970280856948,0.22987639014433575
102.23363835302622,0.2935605173780087
102.23757389748296,0.41362984115795237
102.24150944193973,0.1332926709523586
102.24544498639648,0.003331956546105799
102.24938053085324,0.013844305976438055
102.25331607530998,0.06908079268573022
102.25725161976672,0.3439298745644168
102.26118716422349,0.005648232775580594
102.26512270868024,1.325351114897598
102.269058253137,1.8578344828311784
102.27299379759374,1.671806447476135
102.27692934205048,2.258076021847092
102.28086488650725,1.1711522120190139
102.28480043096398,2.2996815275790303
102.28873597542074,0.7846930303869681
102.29267151987747,0.4203564620523847
102.29660706433424,0.04958285180112657
102.300542608791,1.2214831421583106
102.30447815324774,0.09834751458445867
102.3084136977045,2.5803526755208726
102.31234924216125,2.9427698937122018
102.316284786618,0.042281698558399555
102.32022033107476,0.8399181066086452
102.3241558755315,0.09006408472478368
102.32809141998824,0.16697975012051508
102.332026964445,0.23973532860744043
102.33596250890176,0.2605157166351129
102.33989805335852,0.5978015464115597
102.34383359781526,1.5536833161022359
102.347769142272,0.8059313273969487
102.35170468672877,0.9768496852777055
102.3556402311855,0.4464809248976748
102.35957577564226,0.03447293140428816
102.363511320099,0.40528987919069737
102.36744686455576,0.5716828575955529
102.37138240901253,0.08352939321657198
102.37531795346926,0.5909434200950072
102.37925349792602,1.51984049567209
102.38318904238275,0.19742358298902343
102.38712458683952,0.4404141682780674
102.39106013129629,0.6823808516003533
102.39499567575302,0.4176794079428463
102.39893122020978,1.435750915691895
102.40286676466653,1.0708566101728882
102.40680230912328,0.49123412838043495
102.41073785358004,1.7840910317633722
102.41467339803678,2.1231059958891527
102.41860894249352,0.32719396850379584
102.42254448695029,0.5628079571512062
102.42648003140704,1.84018134558042
102.43041557586378,0.8648643519409086
102.43435112032051,0.8221439708932017
102.43828666477728,3.875469070823091
102.44222220923405,3.3340312213901244
102.44615775369078,0.33816326715490025
102.45009329814754,0.7240868035982604
102.45402884260427,1.760633543800057
102.45796438706104,1.279010364550441
102.4618999315178,0.25611744348959004
102.46583547597454,0.17816923541198124
102.4697710204313,0.037079580283090705
102.47370656488803,0.5642116874256603
102.4776421093448,0.12307879676187729
102.48157765380157,0.4598628382011202
102.4855131982583,0.4109335698629759
102.48944874271506,2.1115979332371446
102.4933842871718,3.0461604131736437
102.49731983162856,0.3786823105850838
102.50125537608533,1.2745094938245822
102.50519092054206,0.9153494191935095
102.5091264649988,0.11567770217421468
102.51306200945557,1.3345672631990586
102.5169975539123,1.233629803739053
102.52093309836906,0.2567425080735037
102.5248686428258,1.2578554554296537
102.52880418728256,2.804994940885371
102.53273973173933,1.0748995913357806
102.53667527619606,0.4577621515929916
102.54061082065282,1.304595226690982
102.54454636510955,0.29261419072372163
102.54848190956632,0.28171158978143
102.55241745402309,0.517699744175537
102.55635299847982,0.00019407898308896454
102.56028854293658,1.3335563463798439
102.56422408739331,2.5868918782183705
102.56815963185008,1.313324496416744
102.57209517630685,1.3517743775043498
102.57603072076358,0.3885132982445647
102.57996626522034,0.5787726923618668
102.58390180967707,2.2494479373304728
102.58783735413382,1.7322234577720301
102.59177289859058,3.288547955222763
102.59570844304731,3.812159554790242
102.59964398750408,1.6766919060832863
102.60357953196085,1.1593520746189412
102.60751507641758,0.7350060904686577
102.61145062087434,0.3196561440494484
102.61538616533107,0.2982216443355113
102.61932170978784,0.6337716906091752
102.6232572542446,0.7108661446135772
102.62719279870134,0.7979438078618866
102.6311283431581,2.9577249940926476
102.63506388761483,7.4993536721944825
102.6389994320716,5.570350892842958
102.64293497652837,0.1698378679783804
102.6468705209851,2.980074188156593
102.65080606544186,5.85824198536188
102.6547416098986,5.032292724008956
102.65867715435536,3.7800222052250225
102.66261269881213,3.26924188967361
102.66654824326883,3.1331316777797134
102.6704837877256,1.6659593813465732
102.67441933218235,0.29822785601157614
102.6783548766391,0.8171545977622632
102.68229042109586,0.7143748783100587
102.6862259655526,0.4938141761553609
102.69016151000936,0.3737105133874799
102.69409705446613,0.3408211346520302
102.69803259892286,0.10429672671810157
102.70196814337962,0.10007131996138498
102.70590368783635,0.18498239482315515
102.70983923229312,0.8203884365669759
102.71377477674989,2.59426908093185
102.71771032120662,2.368906307516218
102.72164586566338,0.4854996606306565
102.72558141012011,0.5663810662798311
102.72951695457688,0.4975209975596445
102.73345249903365,0.1735272288262486
102.73738804349038,0.5920742489143264
102.74132358794714,1.9583322220174246
102.74525913240387,1.276869201316202
102.74919467686064,0.10983247771812485
102.75313022131738,0.8450171515777525
102.75706576577412,1.4649776402573669
102.76100131023088,0.9813243550138511
102.76493685468763,0.20874250095441063
102.7688723991444,0.34018072356766965
102.77280794360114,0.47743909994848993
102.77674348805787,0.23589201881909327
102.78067903251464,0.1402694763581728
102.7846145769714,0.04040317144395056
102.78855012142814,0.9222688626211886
102.7924856658849,1.0591741088307185
102.79642121034163,0.3817200721928536
102.8003567547984,0.5032775023151103
102.80429229925517,0.5313271872481388
102.8082278437119,0.6169697466729276
102.81216338816866,0.45684277676023344
102.8160989326254,0.17857889199978158
102.82003447708216,0.014951111056647351
102.8239700215389,0.3344824357278669
102.82790556599564,0.329747922237195
102.8318411104524,0.16074761366422027
102.83577665490915,0.6508659032021384
102.8397121993659,0.2508881612997706
102.84364774382266,0.5436861067194061
102.8475832882794,0.6080865923109456
102.85151883273616,0.8435430047434462
102.85545437719291,0.05664919546890563
102.85938992164968,1.6512220664565513
102.86332546610642,2.012815579101345
102.86726101056315,2.771468701071725
102.87119655501992,2.7136520615770823
102.87513209947667,0.4653341915613869
102.87906764393342,2.795033952609692
102.88300318839018,0.8947650268843966
102.88693873284691,0.5948950316463328
102.89087427730368,0.024011131993855867
102.89480982176045,1.4166632990131793
102.89874536621716,0.7592321833011927
102.90268091067392,0.884984921291969
102.90661645513067,3.207224168109139
102.91055199958744,0.6207363269055112
102.91448754404418,0.5374188648292995
102.91842308850092,1.3505314673983686
102.92235863295768,0.38022707337323836
102.92629417741443,0.8099748750570643
102.9302297218712,0.6842073259222824
102.93416526632794,0.2924033739974178
102.93810081078468,0.3096914395185244
102.94203635524144,0.30726024636311805
102.9459718996982,0.4309050306591478
102.94990744415496,0.6085035629659176
102.9538429886117,0.9844569295626607
102.95777853306843,0.6706445156154263
102.9617140775252,0.395862410521234
102.96564962198195,1.289983775299545
102.9695851664387,0.35227649888836343
102.97352071089546,0.6119143694003456
102.9774562553522,0.8129796162684882
102.98139179980896,0.12433715067834843
102.9853273442657,1.6889106264136413
102.98926288872244,1.3110578239749164
102.9931984331792,1.0967766350133834
102.99713397763595,3.347158431468529
103.0010695220927,3.800489697969296
103.00500506654946,1.871611929014494
103.0089406110062,0.6248777012500222
103.01287615546296,0.26744374188234815
103.01681169991971,1.783965254912179
103.02074724437648,1.4779302826240477
103.02468278883322,0.029477704308341908
103.02861833328996,0.6869135395523103
103.03255387774672,0.41550929613459214
103.03648942220347,0.1739216178779845
103.04042496666024,0.2603186348532931
103.04436051111698,0.3179193394119424
103.04829605557372,0.05945747710453373
103.05223160003048,0.029689776486375778
103.05616714448722,0.34487349517411614
103.06010268894396,1.03579896577261
103.06403823340072,0.4320097476799241
103.06797377785747,0.12190694416537053
103.07190932231424,0.2999711202048761
103.07584486677098,0.5570950243324548
103.07978041122772,1.1235167132346522
103.08371595568448,0.15656855455727728
103.08765150014123,0.49647997604626326
103.091587044598,0.9886919294212866
103.09552258905474,0.1108137028665077
103.09945813351148,1.4772937214732462
103.10339367796824,2.068104874045043
103.107329222425,1.097985711792538
103.11126476688176,0.8771142911812664
103.1152003113385,0.6712836278123167
103.11913585579524,0.47056413331032687
103.123071400252,0.04634999347812932
103.12700694470875,0.3197484998246355
103.1309424891655,1.4284304320983614
103.13487803362224,1.6956100154505949
103.138813578079,1.8039724552737069
103.14274912253576,1.5563948248937007
103.1466846669925,0.3035718226245473
103.15062021144924,1.1904422012371532
103.154555755906,1.2828145338194663
103.15849130036275,0.6414406938586105
103.1624268448195,1.924870566376887
103.16636238927626,1.963103722489239
103.170297933733,0.5608549070045279
103.17423347818976,1.948982567192463
103.17816902264651,3.541568546734429
103.18210456710328,2.2134525277171955
103.18604011156002,2.370650972316848
103.18997565601676,2.0811220711788274
103.19391120047352,1.5838170304749064
103.19784674493027,0.2492922523025166
103.20178228938704,1.1516471053464092
103.20571783384378,1.7229339491232385
103.20965337830052,1.3493606824205744
103.21358892275728,2.585824218745627
103.21752446721402,1.769917252574605
103.22146001167076,0.5761897000968247
103.22539555612752,0.21396910307533457
103.22933110058428,0.7263575684226696
103.23326664504104,0.4779796609311314
103.23720218949778,0.49318875857790295
103.24113773395452,0.9984320370387298
103.24507327841128,2.372956121524383
103.24900882286803,1.1808684427837015
103.2529443673248,0.00626977846813133
103.25687991178154,0.3115847908544127
103.26081545623828,0.5132413542122168
103.26475100069504,1.8182950863481284
103.2686865451518,2.269140919673048
103.27262208960856,0.4791611111217924
103.2765576340653,0.3494449634155808
103.28049317852204,0.8024682161306294
103.2844287229788,0.05740491736509642
103.28836426743555,0.7116157090671135
103.29229981189228,0.45375604111013906
103.29623535634904,0.38466182518202224
103.3001709008058,1.7181171211188226
103.30410644526256,1.185107601225119
103.3080419897193,1.1940058414004435
103.31197753417604,2.0506939050462663
103.3159130786328,0.7336471147832733
103.31984862308956,0.25448250299791125
103.32378416754632,1.562942465232966
103.32771971200306,1.0818756473107096
103.3316552564598,0.6563049099617227
103.33559080091656,1.614248629615695
103.33952634537332,1.1267232421500801
103.34346188983008,0.1366742019365192
103.34739743428682,0.7014007445506656
103.35133297874356,1.5558706482441802
103.35526852320032,0.6733714375682416
103.35920406765707,0.05370126027792559
103.36313961211384,0.06020170812596719
103.36707515657058,0.12884417587434827
103.37101070102732,0.7040012938702156
103.37494624548408,0.46481490421651656
103.37888178994082,0.1841139035951241
103.38281733439756,0.9966072570738412
103.38675287885432,0.8171596159926063
103.39068842331108,0.016065237144834436
103.39462396776784,0.2259358054456044
103.39855951222458,0.8494371160324559
103.40249505668132,1.046708136999535
103.40643060113808,0.20988869533589988
103.41036614559484,0.7504386360304377
103.4143016900516,0.8486534392111135
103.41823723450834,0.1989979095216219
103.42217277896508,0.8964354772343522
103.42610832342184,1.258315219850172
103.4300438678786,0.004039568396450374
103.43397941233536,1.521728033011902
103.4379149567921,1.6693357384744145
103.44185050124884,0.1632007770827016
103.4457860457056,1.8956962295287108
103.44972159016234,2.499252779844178
103.45365713461908,0.5183839189676809
103.45759267907584,0.4601571898863256
103.4615282235326,0.2946310998559959
103.46546376798936,4.321306427499334
103.4693993124461,6.192217612968828
103.47333485690284,1.6839957077091106
103.4772704013596,0.3684962201282043
103.48120594581636,0.8167617837323796
103.48514149027312,1.973849939786809
103.48907703472986,2.533357856950247
103.4930125791866,0.21372050051824612
103.49694812364336,1.2350803375179764
103.50088366810012,1.5143882432428974
103.50481921255688,0.5084286072246076
103.50875475701362,0.6076392476995255
103.51269030147036,0.021679896388203543
103.51662584592712,0.5228250559530424
103.52056139038388,0.46629192607443115
103.5244969348406,2.564539565109428
103.52843247929736,2.34172654721878
103.53236802375412,1.4856286864200525
103.53630356821088,1.6948291811863054
103.54023911266762,1.4289558753368214
103.54417465712436,1.9291913294060863
103.54811020158112,1.3376291967247242
103.55204574603788,0.8993111053016807
103.55598129049464,0.7669245346341526
103.55991683495138,0.10692030229145423
103.56385237940812,0.21910686801217621
103.56778792386488,0.8061906428098362
103.57172346832164,0.6479436396148934
103.5756590127784,0.8503903243795227
103.57959455723514,0.7231250725461862
103.58353010169188,0.05091162343413289
103.58746564614864,2.013425190534527
103.5914011906054,2.5969078153826937
103.59533673506216,0.8664561771487262
103.5992722795189,0.34608844336596745
103.60320782397564,0.4451867941734577
103.6071433684324,0.3806992461412029
103.61107891288914,0.2511192679824394
103.6150144573459,1.1757694525918654
103.61895000180265,1.5238603908250343
103.6228855462594,0.38372659835815986
103.62682109071616,0.7267160628661876
103.6307566351729,0.8378289396648394
103.63469217962964,0.5756311133480072
103.6386277240864,1.2079545911760536
103.64256326854316,2.7567166173270676
103.64649881299992,1.691051661453029
103.65043435745666,0.030595296844152724
103.6543699019134,1.747411095386601
103.65830544637016,0.7649059174995438
103.66224099082692,0.36792756959012884
103.66617653528368,1.2320464017511095
103.67011207974042,0.2826963102882709
103.67404762419716,1.0674299749876885
103.67798316865392,0.22698840929929778
103.68191871311066,1.6687203143945675
103.6858542575674,3.0022681255607546
103.68978980202417,0.5930176876678026
103.69372534648092,0.13908427292719194
103.69766089093768,0.30661725588004246
103.70159643539442,0.15756693830018076
103.70553197985116,0.5406935653895198
103.70946752430793,0.998307481995203
103.71340306876468,0.7370709919654137
103.71733861322144,0.39816479893494
103.72127415767818,0.4267184822387254
103.72520970213492,0.4868669622072103
103.72914524659168,0.12274465450124829
103.73308079104844,0.7943737547593396
103.7370163355052,1.472761700492231
103.74095187996194,0.4287185778689061
103.74488742441868,0.05797468936556163
103.74882296887544,0.9700226812562385
103.7527585133322,3.0018371543910396
103.75669405778896,2.7477168239377447
103.76062960224569,0.6468142450697795
103.76456514670244,0.012563581493937236
103.7685006911592,0.8518680957282446
103.77243623561594,1.5703694685726446
103.7763717800727,0.7385389832221033
103.78030732452945,0.5920974080022731
103.7842428689862,0.37311316415570955
103.78817841344296,0.24919263761937652
103.7921139578997,0.37260509553312665
103.79604950235644,1.0165964966165344
103.7999850468132,1.2676358853972491
103.80392059126996,0.29781514078291416
103.80785613572672,0.030618426438485963
103.81179168018346,0.18883533023109225
103.8157272246402,0.26139883106109557
103.81966276909696,0.09590774697297733
103.82359831355372,0.0227353169785495
103.82753385801048,0.2823755518656021
103.83146940246722,0.38762067042684606
103.83540494692396,0.22762418568056614
103.83934049138072,0.16551315097261568
103.84327603583746,0.006909124108493671
103.8472115802942,0.05487725383539072
103.85114712475097,0.018781955959980567
103.85508266920772,0.18194271725055347
103.85901821366448,1.460087348142208
103.86295375812122,2.6075742246215428
103.86688930257796,0.47364327125281164
103.87082484703473,1.3454483244191104
103.87476039149148,0.7409874481927898
103.87869593594824,0.7474693177004681
103.88263148040498,3.1027984184981907
103.88656702486172,2.7766064095934517
103.89050256931849,1.1002901750035805
103.89443811377524,0.763001889620932
103.898373658232,3.9174050661199575
103.90230920268874,1.28234008074194
103.9062447471455,2.9061662192533606
103.91018029160225,1.163925377547421
103.914115836059,0.571137949718222
103.91805138051572,0.568012357653245
103.92198692497249,0.5110043770474966
103.92592246942924,1.2936333320067857
103.929858013886,0.31955682122915746
103.93379355834274,0.48483395424300274
103.9377291027995,1.8767782787829335
103.94166464725625,1.1991789311743126
103.945600191713,0.04533613114155431
103.94953573616976,1.0570014030500199
103.9534712806265,2.9381597448780554
103.95740682508324,2.643724760967196
103.96134236954,0.4414775185323121
103.96527791399676,0.022744749654933272
103.96921345845352,0.40038864421856435
103.97314900291026,0.7278836310099662
103.977084547367,0.5350815291748656
103.98102009182377,0.023359609368938283
103.98495563628052,0.2434570630693671
103.98889118073728,0.22604209492812238
103.992826725194,1.1785979132249074
103.99676226965076,0.600615169912496
104.00069781410753,0.3572763064126533
104.00463335856426,1.4543030701356308
104.008568903021,2.1806507039699317
104.01250444747777,0.3194745406519446
104.01643999193452,1.2638376693579647
104.02037553639128,1.4682267381924012
104.02431108084802,2.9212493146172553
104.02824662530476,5.887445505021044
104.03218216976153,1.1616536534868813
104.03611771421828,1.1692376601489158
104.04005325867504,0.31254874568472046
104.04398880313178,0.1055050305707806
104.04792434758852,0.5548143704524974
104.05185989204529,1.601902068528999
104.05579543650204,0.0190032019760041
104.0597309809588,1.0931777859167928
104.06366652541554,0.09187731681176159
104.0676020698723,3.331920471671835
104.07153761432905,2.650679844327164
104.07547315878578,1.6343099086875044
104.07940870324254,2.4790177287774013
104.08334424769927,0.7377364420022609
104.08727979215604,0.54347600721377
104.0912153366128,0.8423367524083616
104.09515088106954,2.1207934882198467
104.0990864255263,3.4889569834513976
104.10302196998305,2.2258040680714246
104.1069575144398,3.052732910535755
104.11089305889656,0.4911296491700407
104.1148286033533,1.7326419356235425
104.11876414781004,2.8792982320506253
104.1226996922668,1.3273744314306057
104.12663523672356,1.7794097213666287
104.13057078118032,0.9115766828103274
104.13450632563706,1.7178419832004719
104.1384418700938,1.548485534971951
104.14237741455057,1.1261470644660843
104.14631295900732,0.20286185454166786
104.15024850346406,0.4554265605683144
104.1541840479208,0.3132123687249143
104.15811959237756,0.5268860109105501
104.16205513683433,0.48063444953368667
104.16599068129106,0.20054191812676586
104.16992622574782,0.16257030915489912
104.17386177020455,0.03550191225938102
104.17779731466132,0.11836071175885533
104.18173285911809,1.0796144734899318
104.18566840357482,2.5035016588759795
104.18960394803156,0.6307490684412096
104.19353949248833,0.8527950789813603
104.19747503694508,2.2728105447517253
104.20141058140184,0.1952123176880568
104.20534612585858,1.3891128182429149
104.20928167031532,0.982990348385835
104.21321721477209,0.02774589075756007
104.21715275922884,0.07122681004135112
104.2210883036856,0.16429858289680582
104.22502384814234,0.12102621924170176
104.22895939259908,0.23864742572643655
104.23289493705585,0.2374321318106129
104.23683048151258,1.0348412055597538
104.24076602596934,2.1187182100821333
104.24470157042607,0.9526604627324899
104.24863711488284,0.23976751662864645
104.2525726593396,0.07780137006129795
104.25650820379634,1.313240980316633
104.2604437482531,1.3034098051393748
104.26437929270983,0.6243029277902153
104.2683148371666,1.052906223845867
104.27225038162337,1.125705899486164
104.2761859260801,0.41652564609241804
104.28012147053686,0.8220125164874628
104.2840570149936,2.3805811254207496
104.28799255945036,1.335181406819762
104.29192810390713,0.15799851130442485
104.29586364836386,0.019183792169511764
104.2997991928206,1.4791019191283488
104.30373473727737,4.351073350727944
104.3076702817341,1.5846911808831472
104.31160582619086,0.13891843417306318
104.3155413706476,0.9373684791816471
104.31947691510436,0.19912958685155221
104.32341245956113,0.0607420279133767
104.32734800401786,0.6050519030688487
104.33128354847462,0.6530891308262191
104.33521909293135,2.536692217767462
104.33915463738812,4.8931399029877
104.34309018184489,1.8177379816345114
104.34702572630162,1.8802194020008323
104.35096127075838,0.7130529689240693
104.35489681521511,0.8658511077406377
104.35883235967188,1.355782590520387
104.36276790412865,0.7732843678418094
104.36670344858538,1.2033889222822762
104.37063899304214,1.0520929162608998
104.37457453749887,3.0671564569877408
104.37851008195564,0.4004750547059048
104.3824456264124,1.1331128346323975
104.38638117086911,0.6725735911301576
104.39031671532588,0.9524300759510275
104.39425225978265,0.4206680267244675
104.39818780423938,0.8634854799749085
104.40212334869614,0.8421618395492226
104.40605889315287,0.5399465937495871
104.40999443760964,1.8136220549475772
104.4139299820664,0.3388152929010482
104.41786552652314,0.12356151087743397
104.4218010709799,0.33369846175032264
104.42573661543663,1.2039065825987203
104.4296721598934,2.039064525524806
104.43360770435017,1.2411516641095601
104.4375432488069,0.2953488394102337
104.44147879326366,0.7280392110591833
104.4454143377204,2.190393773431049
104.44934988217716,1.6646880527597483
104.45328542663393,0.18029919259815677
104.45722097109066,0.27670694021970255
104.46115651554742,1.443984570478697
104.46509206000415,2.0182595577459876
104.4690276044609,0.24876573961098186
104.47296314891766,0.3474789732536852
104.4768986933744,0.43662451688421317
104.48083423783116,0.9179085956095322
104.48476978228793,0.4331667735005454
104.48870532674466,0.24013156421371523
104.49264087120142,0.08612237462816
104.49657641565815,0.6018078258517925
104.50051196011492,1.1437656901489597
104.50444750457169,2.135466375409535
104.50838304902842,1.0988327861798304
104.51231859348518,0.4769569548871408
104.51625413794191,0.9010633601441053
104.52018968239868,0.8813932522133745
104.52412522685545,0.48550640163966025
104.52806077131218,0.048655301264030254
104.53199631576894,0.9650004627703583
104.53593186022567,0.5521171235532696
104.53986740468244,0.18688768506255343
104.54380294913918,0.5859751340176341
104.54773849359592,0.3239034950907291
104.55167403805268,1.856815408348859
104.55560958250943,1.9069391742274187
104.5595451269662,0.05298677835278869
104.56348067142294,0.7415888701913556
104.56741621587967,1.3730777831272465
104.57135176033644,3.657305217241585
104.5752873047932,2.760143282288057
104.57922284924994,0.5898751639164785
104.5831583937067,0.6373828229697475
104.58709393816343,0.2008407306300461
104.5910294826202,2.573856900151045
104.59496502707697,1.3554413302716526
104.5989005715337,0.14366954693120224
104.60283611599046,0.7654240652941107
104.6067716604472,0.01294249078584925
104.61070720490396,0.4619464571311718
104.61464274936073,0.4862461385371271
104.61857829381744,1.3133237846051649
104.6225138382742,0.6051414645711616
104.62644938273095,0.11930746880111213
104.6303849271877,0.13631339675685294
104.63432047164446,0.18751929211049806
104.6382560161012,0.15075266479330882
104.64219156055796,0.6776026314502769
104.64612710501471,1.2160640498638133
104.65006264947148,0.6405190319773517
104.65399819392822,2.881740028869061
104.65793373838495,1.4753270573779165
104.66186928284172,0.9021004718384609
104.66580482729847,1.523550485527277
104.66974037175522,2.3557831761189063
104.67367591621198,0.45215012891684186
104.67761146066871,1.949491148021903
104.68154700512548,2.2185833754746866
104.68548254958225,0.22535438946420994
104.68941809403898,0.33891079404648616
104.69335363849574,0.5084442530233885
104.69728918295247,2.458633372023055
104.70122472740924,1.528189344430835
104.70516027186598,0.39075760971704665
104.70909581632272,1.2849529465386837
104.71303136077948,1.0270940626141183
104.71696690523623,0.05182974105186058
104.720902449693,0.7454007716165142
104.72483799414974,2.397896124383103
104.72877353860648,1.4604532068342055
104.73270908306324,0.7370579654845362
104.73664462752,1.7476029065818692
104.74058017197676,2.126501387461211
104.7445157164335,1.5936832631465125
104.74845126089023,0.4008295802398753
104.752386805347,0.768437136599542
104.75632234980375,1.8402274533731517
104.7602578942605,1.5935608899202893
104.76419343871726,0.7108340798559911
104.768128983174,0.30457243184249577
104.77206452763076,0.6276662673471397
104.7760000720875,0.7624049182551542
104.77993561654424,0.6826179754547252
104.783871161001,0.49820801170711765
104.78780670545775,0.35858880849185976
104.7917422499145,0.6446555590572041
104.79567779437126,0.9074370440607317
104.799613338828,0.581699435882056
104.80354888328476,0.5352232659655666
104.80748442774151,0.976068641032532
104.81141997219828,1.0951720561650764
104.81535551665502,1.4679797645057353
104.81929106111176,0.7979639518470996
104.82322660556852,0.13692765242364782
104.82716215002527,0.3029130152426195
104.83109769448204,0.8021324824194777
104.83503323893878,0.9238737806514307
104.83896878339552,0.9330881056213792
104.84290432785228,1.6880101580617566
104.84683987230903,1.993820413589909
104.8507754167658,1.3672458113993513
104.85471096122252,0.6687608592793332
104.85864650567927,1.0560379297486866
104.86258205013604,1.9382430129113524
104.86651759459278,0.8141103306962666
104.87045313904952,0.24872456585242
104.87438868350628,1.551435228458929
104.87832422796303,1.730318731476978
104.8822597724198,0.2749701349689824
104.88619531687654,0.8628124724704888
104.89013086133328,1.3551064636254093
104.89406640579004,0.33853813629810897
104.8980019502468,0.5350688953026235
104.90193749470356,0.43913541410882345
104.9058730391603,1.2875984150183157
104.90980858361704,1.713383618835026
104.9137441280738,4.121739722462602
104.91767967253055,2.2817146649063775
104.9216152169873,0.25136223404372054
104.92555076144406,0.2374290496622916
104.9294863059008,2.888265798920882
104.93342185035756,1.8173740426393115
104.9373573948143,0.280423938958262
104.94129293927104,2.2384317578757296
104.9452284837278,0.20005504367162494
104.94916402818455,1.15388979555259
104.9530995726413,0.7795701663637667
104.95703511709806,0.4628190552729322
104.9609706615548,1.7278164585561029
104.96490620601156,0.7488552629662841
104.96884175046831,1.6408208613179558
104.97277729492508,3.170500368703242
104.97671283938182,1.5134871971533634
104.98064838383856,0.06251216812806261
104.98458392829532,0.03996481419679586
104.98851947275207,0.36957902429036144
104.99245501720884,1.574443895006613
104.99639056166558,1.671450255842627
105.00032610612232,1.440204886588681
105.00426165057908,1.436454133722224
105.00819719503583,2.069630253084194
105.01213273949256,1.3175355547665375
105.01606828394932,1.523498495677735
105.02000382840608,0.7175398270615315
105.02393937286284,1.6754661173369647
105.02787491731958,4.3988999945717175
105.03181046177632,1.5152727697138777
105.03574600623308,0.1559078900373093
105.03968155068983,1.0004588366203577
105.0436170951466,1.6345952216054191
105.04755263960334,0.6193613995796127
105.05148818406008,0.6255535263422065
105.05542372851684,0.4249512375005143
105.0593592729736,0.16071029219200733
105.06329481743036,0.7935128423587988
105.0672303618871,0.024575865724028405
105.07116590634384,0.5873057497741135
105.0751014508006,0.29932868469380214
105.07903699525735,0.39495383993613437
105.0829725397141,1.9084579691024781
105.08690808417084,1.282099084040329
105.0908436286276,0.6172201580076465
105.09477917308436,1.5313030557244973
105.0987147175411,1.5063955246649354
105.10265026199784,1.26863699059828
105.1065858064546,1.5893296695735528
105.11052135091136,1.5796813018211113
105.11445689536812,1.1660898954807966
105.11839243982486,0.6001864654467798
105.1223279842816,0.2791660919744278
105.12626352873836,0.055216242083890345
105.13019907319512,0.37181509268810403
105.13413461765188,1.1570411007223322
105.13807016210862,1.3190890608753751
105.14200570656536,1.0799361782289205
105.14594125102212,0.41596575639058886
105.14987679547887,0.09679558356099467
105.15381233993564,1.040715181203605
105.15774788439238,1.654716807294213
105.16168342884912,1.738234247259802
105.16561897330588,1.3421311482690157
105.16955451776262,1.4935036988640833
105.17349006221936,1.258478986230497
105.17742560667612,0.4264282817052922
105.18136115113288,0.2955079395662584
105.18529669558964,0.9844972500610708
105.18923224004638,1.5995438679626992
105.19316778450312,1.6446923097598323
105.19710332895988,1.787304378518579
105.20103887341664,0.9586631777295946
105.2049744178734,1.0899049439509911
105.20890996233014,1.5052891777808206
105.21284550678688,0.7271767989644967
105.21678105124364,0.1860787105290914
105.2207165957004,0.17632805842595262
105.22465214015716,0.31893052199202715
105.2285876846139,0.24433284769984243
105.23252322907064,0.37968755318796416
105.2364587735274,0.525978302872161
105.24039431798415,0.23480180214430063
105.24432986244088,0.8588367283826053
105.24826540689764,2.4884458140349843
105.2522009513544,2.0720614615729884
105.25613649581116,0.6626692617868379
105.2600720402679,0.004586978231095334
105.26400758472464,0.7170835425455241
105.2679431291814,0.2796982687524439
105.27187867363816,0.7230083943034007
105.27581421809492,0.9207563723864923
105.27974976255166,0.47058733737535957
105.2836853070084,3.1555295137280117
105.28762085146516,2.5150219624838024
105.29155639592192,0.7349151949469925
105.29549194037868,1.3184053585831808
105.29942748483542,3.1575043932117475
105.30336302929216,1.3420783198541848
105.30729857374892,0.5058805742368371
105.31123411820568,0.4292003763827286
105.31516966266244,0.012949680726408409
105.31910520711918,0.2410354245577234
105.32304075157592,0.6169122016020452
105.32697629603268,1.8277764444969062
105.33091184048942,1.5740930792372752
105.33484738494616,0.6540328730598599
105.33878292940292,0.6910509202404075
105.34271847385968,0.49805012108240915
105.34665401831644,0.7246179377412195
105.35058956277318,0.18290553127915388
105.35452510722992,0.12416744238946566
105.35846065168668,0.47421057605433103
105.36239619614344,0.8931012782612512
105.3663317406002,0.40527545815358085
105.37026728505694,0.29342286354014846
105.37420282951368,0.21635780584360823
105.37813837397044,0.336600091415007
105.3820739184272,1.5369787026649728
105.38600946288396,0.43890716707484523
105.3899450073407,0.7274575081897225
105.39388055179744,0.9732488732768099
105.3978160962542,0.2929440616480367
105.40175164071094,0.073851569872579
105.4056871851677,0.29936156107264167
105.40962272962445,0.8163790064124771
105.4135582740812,0.8516635585138315
105.41749381853796,1.1286318127256234
105.4214293629947,1.7787995567753374
105.42536490745144,0.2391351788753148
105.4293004519082,1.9754726146795503
105.43323599636496,4.506551181943265
105.43717154082172,1.6410389137788077
105.44110708527846,1.1059594332238858
105.4450426297352,0.020293305737342573
105.44897817419196,2.638646940310213
105.45291371864872,2.804039907602796
105.45684926310548,0.3878445480695422
105.46078480756222,0.07993835683160672
105.46472035201896,0.24610790962005955
105.46865589647572,1.3236240137855566
105.47259144093248,0.3385061281140596
105.47652698538924,0.5840445744382896
105.48046252984597,1.3416278214976873
105.48439807430272,0.8770884968919593
105.48833361875948,1.014279772916742
105.49226916321622,0.0954404048955465
105.49620470767296,0.9740940360947342
105.50014025212973,0.5485904329096122
105.50407579658648,0.2344817669732459
105.50801134104324,1.0346556440496415
105.51194688549998,3.1670502753042435
105.51588242995672,1.224132437200657
105.51981797441348,0.30496901248411323
105.52375351887024,1.1661053382676645
105.527689063327,1.3219377257503218
105.53162460778374,0.28920350708762027
105.53556015224048,0.7414684218614299
105.53949569669724,3.129978322218781
105.543431241154,1.797533875715429
105.54736678561076,0.09560422725060039
105.5513023300675,1.361931114926401
105.55523787452424,0.3427991186077667
105.559173418981,6.175196015071993
105.56310896343774,4.969122318474805
105.5670445078945,0.17361595666432222
105.57098005235125,1.3163280195972675
105.574915596808,1.7141056134950583
105.57885114126476,0.8974989233133347
105.5827866857215,0.7942895674242066
105.58672223017824,3.1955219120726523
105.590657774635,2.6022452931779205
105.59459331909176,0.554259275555181
105.59852886354852,0.22419380094007627
105.60246440800526,0.12251509650607573
105.606399952462,2.3173263519236835
105.61033549691876,2.0541095375425535
105.61427104137552,1.1293007907231196
105.61820658583228,1.5616283601139431
105.62214213028902,0.38739389186358303
105.62607767474576,3.2779954731913796
105.63001321920252,0.9557865848983336
105.63394876365926,3.341563156087864
105.637884308116,4.195675866295972
105.64181985257277,0.6448890248348579
105.64575539702952,0.21110366820649173
105.64969094148628,0.221485914628813
105.65362648594302,0.3449304985308592
105.65756203039976,0.11941795068096728
105.66149757485653,0.19895327803862067
105.66543311931328,0.4737078974736412
105.66936866377004,0.3208842254850476
105.67330420822678,0.9709723452671732
105.67723975268352,1.993622327043818
105.68117529714029,1.3948055143186342
105.68511084159704,0.19016850201847812
105.6890463860538,0.17823999645402422
105.69298193051054,1.7051855975514247
105.6969174749673,3.825968718857142
105.70085301942404,3.822985794537753
105.7047885638808,2.2542193600362377
105.70872410833756,0.1827532953520128
105.71265965279429,0.2898107963316636
105.71659519725104,1.0561030692441733
105.7205307417078,1.9378512118299271
105.72446628616454,1.2889787873838505
105.7284018306213,1.0021200576158182
105.73233737507805,0.8059704895905555
105.7362729195348,1.466536771388616
105.74020846399156,2.0417023690903195
105.7441440084483,2.0575303912721346
105.74807955290504,0.6126583053862392
105.7520150973618,1.3081176824571532
105.75595064181856,0.6027271017721296
105.75988618627532,0.9279562406223241
105.76382173073206,0.5433059310017363
105.7677572751888,0.1394621931118571
105.77169281964557,1.5342683774424513
105.77562836410232,3.8078227147323425
105.77956390855908,3.2556947520258057
105.78349945301582,0.30026756231430235
105.78743499747256,0.939495463538807
105.79137054192933,2.8076607398621394
105.79530608638606,1.670053110212076
105.7992416308428,0.053164340401787254
105.80317717529957,0.4977972792670462
105.80711271975632,0.33703788989865163
105.81104826421308,0.6352733899825393
105.81498380866982,1.9439510451845985
105.81891935312656,1.4309953373645397
105.82285489758333,0.05997797818388945
105.82679044204008,0.24274094364466067
105.83072598649684,0.1816730487682798
105.83466153095358,2.4368140055966023
105.83859707541032,2.2078194107778906
105.84253261986709,0.1593882887964911
105.84646816432384,1.5674698765639492
105.8504037087806,2.641536609203118
105.85433925323734,1.9148541943369703
105.8582747976941,0.7133648084330614
105.86221034215085,1.2838814979224706
105.8661458866076,0.6210845559807339
105.87008143106434,0.2934241304485641
105.87401697552107,1.6253236282680625
105.87795251997784,0.827595242343765
105.8818880644346,0.7810636173604721
105.88582360889134,0.7819040972710456
105.8897591533481,2.114077681992446
105.89369469780485,2.7963514019996927
105.8976302422616,1.2600389464365456
105.90156578671836,0.20504293064715465
105.9055013311751,2.8439198197383213
105.90943687563184,0.7330710645726662
105.9133724200886,1.8654335737891659
105.91730796454536,2.709402059252985
105.92124350900212,0.25276128217068716
105.92517905345886,0.9687277514714517
105.9291145979156,0.16836438250495536
105.93305014237237,0.03486102854965236
105.93698568682912,0.12108290788715838
105.94092123128588,1.3496352312880717
105.94485677574262,5.565443570569777
105.94879232019936,4.139127601427485
105.95272786465613,0.5130323362426347
105.95666340911286,3.5341450586796674
105.96059895356962,0.938959157156169
105.96453449802635,3.254739750300707
105.96847004248312,0.893308350879664
105.97240558693989,1.1437954820199443
105.97634113139662,2.822634192514655
105.98027667585336,4.582216632496029
105.98421222031013,2.941106876801663
105.98814776476688,0.5196505107391459
105.99208330922364,4.867555791776556
105.99601885368038,2.090077246068943
105.99995439813712,0.10357478968449868
106.00388994259389,1.0785658125110533
106.00782548705064,0.03259833610194026
106.0117610315074,1.1091241496857511
106.01569657596414,0.7452185393283062
106.0196321204209,0.7104773944383236
106.02356766487765,2.327166452284712
106.02750320933438,0.5897052948879788
106.03143875379114,0.027029494948594662
106.03537429824787,0.5200443922506652
106.03930984270464,2.0604374600532127
106.0432453871614,0.4109376967717944
106.04718093161814,1.1623276998560574
106.0511164760749,1.4069482814924041
106.05505202053163,0.0025394399575435285
106.0589875649884,0.5104414180315221
106.06292310944517,0.8590111386427591
106.0668586539019,2.383756326135794
106.07079419835866,1.5894505184117125
106.0747297428154,0.7626165172678105
106.07866528727216,0.34873505287804396
106.08260083172893,0.25712889209216055
106.08653637618566,1.5639048142351204
106.0904719206424,1.6984394441391648
106.09440746509917,0.4539501716705038
106.09834300955592,0.09723410163429295
106.10227855401268,0.02571805368923212
106.1062140984694,0.09458781839621243
106.11014964292616,1.6856177825495307
106.11408518738293,3.7208746752749904
106.11802073183966,1.4442438308649825
106.12195627629642,0.006731426800507715
106.12589182075315,0.34821820459356306
106.12982736520992,0.46107449636954745
106.13376290966669,1.4184785374199036
106.13769845412342,1.6402851599080344
106.14163399858018,0.6470227330358301
106.14556954303691,0.7250330456915219
106.14950508749368,0.0058268324453195925
106.15344063195045,1.388702417488819
106.15737617640718,0.6888316142742491
106.16131172086394,1.0530556251425933
106.16524726532067,1.9441371866229957
106.16918280977744,1.4189870981963786
106.1731183542342,1.2847732408362214
106.17705389869094,0.05059256756308804
106.18098944314768,2.3037583918056614
106.18492498760445,2.413746141402856
106.18886053206118,0.610415219440431
106.19279607651794,0.071343962931988
106.19673162097467,0.15174036320432197
106.20066716543144,0.5801935346501302
106.2046027098882,0.6286132225941529
106.20853825434494,0.09350625097069211
106.2124737988017,0.3575571112442451
106.21640934325843,0.22902297778998673
106.2203448877152,0.5716421490896089
106.22428043217197,3.022780710964206
106.2282159766287,1.6887431462483242
106.23215152108546,0.32050634669555156
106.2360870655422,0.26487542583126894
106.24002260999896,0.06547521951189517
106.24395815445573,0.26968616736085355
106.24789369891246,2.6645120489294998
106.25182924336922,2.368216607064738
106.25576478782595,0.3045181210033488
106.2597003322827,0.7899821273887113
106.26363587673946,0.05270530883698686
106.2675714211962,0.8187038679420784
106.27150696565296,0.2083338829954261
106.27544251010973,0.15755271712810756
106.27937805456646,0.0441202009191632
106.28331359902322,0.34345322136753853
106.28724914347995,0.11594611729035113
106.29118468793672,0.725311613997348
106.29512023239349,0.6343024982628143
106.29905577685022,0.06576720741133893
106.30299132130698,0.03914896830075758
106.30692686576371,0.06126318414031806
106.31086241022048,0.061770304455709794
106.31479795467725,0.9374666461975893
106.31873349913398,1.0395781560906616
106.32266904359074,0.16533465040358897
106.32660458804747,0.7080131014136102
106.33054013250424,2.094599875722566
106.334475676961,2.7670884118320176
106.33841122141772,1.5764702169846347
106.34234676587448,0.6322654503375168
106.34628231033123,2.2363346785422573
106.350217854788,1.5728317247893464
106.35415339924474,0.016092145967244717
106.35808894370147,1.1598068711604521
106.36202448815824,2.1354446827060785
106.365960032615,0.49830256150591623
106.36989557707174,0.25294053848799214
106.3738311215285,0.5512526659070328
106.37776666598523,0.07342383175812976
106.381702210442,0.24056068484316817
106.38563775489877,0.2287090040224052
106.3895732993555,0.8724183321611798
106.39350884381226,0.33090105229103234
106.397444388269,0.48290996739701825
106.40137993272576,0.3766401637192365
106.40531547718253,0.5442207412304504
106.40925102163926,0.5373203271367117
106.41318656609602,1.1777871505032669
106.41712211055275,1.282858436962463
106.4210576550095,0.5674580706640918
106.42499319946626,0.1519660693773648
106.428928743923,0.7588817198311882
106.43286428837976,1.5137156140202512
106.43679983283651,0.29110174828855
106.44073537729328,0.10836574612513314
106.44467092175002,0.031734660319412175
106.44860646620675,0.2141846071954535
106.45254201066352,0.5689231913126309
106.45647755512029,0.7190907163471237
106.46041309957702,1.3670156503319995
106.46434864403378,1.7725967541135499
106.46828418849051,0.6432009550295408
106.47221973294728,0.09353497062816887
106.47615527740405,0.3283554872759626
106.48009082186078,0.2350777949888584
106.48402636631754,0.1291034093880157
106.48796191077427,0.3822088003046602
106.49189745523104,0.21178456333073073
106.49583299968778,1.2724177423054617
106.49976854414452,1.7789093622480177
106.50370408860128,0.3737012355064594
106.50763963305803,0.644797376754007
106.5115751775148,0.49953707983025664
106.51551072197154,0.02318762198017481
106.51944626642828,0.4320680068161851
106.52338181088504,1.3205407372610836
106.5273173553418,1.198301447691928
106.53125289979856,0.6503628325060107
106.5351884442553,0.6813066641935588
106.53912398871203,0.6087315098184946
106.5430595331688,0.1720861933977454
106.54699507762555,0.04909270625229791
106.5509306220823,0.09365577089838535
106.55486616653906,0.05044757911220603
106.5588017109958,0.4359874114867187
106.56273725545256,0.3150205998872788
106.56667279990933,0.12765673377159578
106.57060834436606,0.6094395504691463
106.5745438888228,0.7008974419484033
106.57847943327955,0.7884577211597101
106.5824149777363,0.44424456092189135
106.58635052219306,0.759453238569582
106.5902860666498,0.7718231362802608
106.59422161110656,0.6812388355438276
106.59815715556331,0.965707547090054
106.60209270002008,0.02253676188078613
106.60602824447682,1.1886342857462078
106.60996378893356,2.56700383606903
106.61389933339032,1.6044468478841565
106.61783487784707,0.23198191037053567
106.62177042230384,0.7363390520853134
106.62570596676058,0.8552367858147416
106.62964151121732,0.07380558756714796
106.63357705567408,1.430553423175196
106.63751260013083,3.3754970339385317
106.6414481445876,2.870853746366107
106.64538368904434,0.6533843825638981
106.64931923350107,0.0375522799123311
106.65325477795784,0.12475234324165593
106.65719032241458,1.2029982926599752
106.66112586687132,1.0235029421950965
106.66506141132808,0.6108612701640357
106.66899695578483,1.5670139252116384
106.6729325002416,0.8498148138745086
106.67686804469834,0.2387687209386812
106.68080358915508,0.997896279442385
106.68473913361184,0.8927282714663933
106.6886746780686,0.4098255638468994
106.69261022252536,0.23985776494017336
106.6965457669821,0.22128516917579685
106.70048131143884,1.9422466750450216
106.7044168558956,1.458231975300523
106.70835240035235,0.04649738636244283
106.7122879448091,0.24569610906500053
106.71622348926586,0.7210684025248869
106.7201590337226,1.138342740485193
106.72409457817936,0.7683590178666837
106.72803012263611,0.764741376453066
106.73196566709284,0.864183471546274
106.7359012115496,1.1405020864188566
106.73983675600635,1.2397087729189051
106.7437723004631,0.789080535477781
106.74770784491986,1.221318576484803
106.7516433893766,2.0794505914035954
106.75557893383336,1.6110865624503068
106.75951447829011,0.3572473398554336
106.76345002274688,0.6253837661472987
106.76738556720362,0.32326094124368143
106.77132111166036,1.3366674981731403
106.77525665611712,2.28571282744709
106.77919220057387,0.30187572964530207
106.78312774503064,0.5798862324903372
106.78706328948738,1.5355742539897157
106.79099883394412,1.8837848063873157
106.79493437840088,1.7033296086737222
106.79886992285763,1.0241047564111898
106.8028054673144,2.988653716845937
106.80674101177112,1.7773099867230902
106.81067655622788,0.4880547638520835
106.81461210068464,1.8662985047762144
106.81854764514138,0.8348863103036365
106.82248318959812,0.623800949647785
106.82641873405488,0.07091266368080375
106.83035427851163,1.065878772572602
106.8342898229684,1.1105053531453855
106.83822536742514,0.15429675199443213
106.84216091188188,2.941493068688519
106.84609645633864,2.134166129736051
106.8500320007954,0.41862888295273487
106.85396754525216,1.5806834738499633
106.8579030897089,0.6517387966517882
106.86183863416564,0.1624799601012275
106.8657741786224,0.05346906554748354
106.86970972307915,0.40166079930214965
106.8736452675359,0.73009500705208
106.87758081199266,0.1418653480340376
106.8815163564494,0.04526688112769306
106.88545190090616,0.32565136027072433
106.8893874453629,0.21501818914476856
106.89332298981964,0.20824789832764767
106.8972585342764,2.912452585236829
106.90119407873316,5.125084744267533
106.90512962318992,2.258017132396131
106.90906516764666,0.0193975430921708
106.9130007121034,0.2329123333153592
106.91693625656016,0.6676139617010532
106.92087180101692,1.8762273314153939
106.92480734547368,0.47573227632522946
106.92874288993042,0.4991112466542613
106.93267843438716,1.3985657069072321
106.93661397884392,0.3260510899364722
106.94054952330067,0.3147025844687472
106.94448506775744,1.480198141297608
106.94842061221418,2.437062572503706
106.95235615667092,2.3696105150906273
106.95629170112768,1.7856198176834979
106.96022724558443,1.4703691837784356
106.96416279004116,1.639794611425475
106.96809833449792,1.0235241474952819
106.97203387895468,0.2146334139267644
106.97596942341144,0.004050052465736569
106.97990496786818,0.2512854505518442
106.98384051232492,0.3662787517546127
106.98777605678168,0.4388655800966033
106.99171160123844,0.8590413870506326
106.9956471456952,0.758653091788647
106.99958269015194,0.35731958564367494
107.00351823460868,0.19112247849513933
107.00745377906544,0.06897446774951672
107.0113893235222,0.18908452985204216
107.01532486797896,0.3601382858582904
107.0192604124357,0.010613726718503247
107.02319595689244,0.38518261279156407
107.0271315013492,0.8685613948575847
107.03106704580595,0.5183335538618714
107.0350025902627,0.06273099680053157
107.03893813471946,0.8114614423624712
107.0428736791762,0.29170046901335056
107.04680922363296,0.33891924964268993
107.0507447680897,0.5827261620924878
107.05468031254644,0.02340510401098428
107.0586158570032,0.5680405523909784
107.06255140145996,1.0676118207131418
107.06648694591672,1.1605192286257924
107.07042249037346,0.10106896511105776
107.0743580348302,0.9988739333306849
107.07829357928696,1.4103867591417454
107.08222912374372,1.3562406157924498
107.08616466820048,0.597974412466044
107.09010021265722,0.24855320767208547
107.09403575711396,0.011704874791815865
107.09797130157072,0.37202465161594966
107.10190684602748,0.33741226254522694
107.10584239048424,1.777456179732008
107.10977793494098,2.9781984015673646
107.11371347939772,0.7502986273208969
107.11764902385448,0.020766011213573434
107.12158456831122,0.06686949076986337
107.12552011276796,0.22650215611996427
107.12945565722472,0.2135267015097445
107.13339120168148,0.010184292240692788
107.13732674613824,0.01794228162914106
107.14126229059498,0.8479124104222381
107.14519783505172,2.6147757929070363
107.14913337950848,0.8905262852113721
107.15306892396524,1.3006552897504982
107.157004468422,3.0344935325820463
107.16094001287874,1.4494575981457825
107.16487555733548,0.23153193134288197
107.16881110179224,0.5426874761556629
107.172746646249,1.5884547516364254
107.17668219070576,0.6888843812608165
107.1806177351625,0.4598158007018057
107.18455327961924,0.03733515744971549
107.188488824076,0.11034691945812469
107.19242436853276,0.20630741607463057
107.19635991298952,0.8195557852082751
107.20029545744624,0.2842020956302105
107.204231001903,0.809818005341065
107.20816654635976,0.7474723766292628
107.2121020908165,0.5378001684545306
107.21603763527324,1.7055405901194054
107.21997317973,1.4311848249694958
107.22390872418676,0.783147426324611
107.22784426864352,0.7801336305281014
107.23177981310026,0.9430489934801569
107.235715357557,0.3212223513264637
107.23965090201376,0.22453885260747117
107.24358644647052,1.357197036900959
107.24752199092728,0.7337405154761363
107.25145753538402,0.012807825148359613
107.25539307984076,0.4555901552415293
107.25932862429752,1.5622581448464685
107.26326416875428,0.9528029066688228
107.26719971321104,0.23684108893256645
107.27113525766778,0.6292718105326531
107.27507080212452,0.11554975891503613
107.27900634658128,0.6225746199335199
107.28294189103802,1.351756973610908
107.28687743549476,0.2529180944123588
107.29081297995153,0.5942425636268074
107.29474852440828,1.5697830660108085
107.29868406886504,0.3741778104167513
107.30261961332178,1.5432350098080847
107.30655515777852,3.727535272728705
107.31049070223528,1.2447282475301134
107.31442624669204,0.4458342907224994
107.3183617911488,2.2525154370206986
107.32229733560554,0.8257633328277901
107.32623288006228,0.15980152679695395
107.33016842451904,0.5411054628037903
107.3341039689758,0.32275290415519164
107.33803951343256,0.5749781637150739
107.3419750578893,0.8400388902994423
107.34591060234604,0.6859093188052124
107.3498461468028,0.6004491954219002
107.35378169125954,0.3281597020390538
107.3577172357163,0.021593092329196987
107.36165278017305,0.3721788000030883
107.3655883246298,0.4028777082739834
107.36952386908656,0.08656796582465298
107.3734594135433,0.11599778936996848
107.37739495800004,0.703549575045076
107.3813305024568,0.5262816774682103
107.38526604691356,0.02897424380353785
107.38920159137032,0.02569910307143814
107.39313713582706,1.0631080603127645
107.3970726802838,2.825334890993829
107.40100822474056,1.6155482693121155
107.40494376919732,0.10784869913505708
107.40887931365408,0.11861701704256065
107.41281485811082,0.32323794364441505
107.41675040256756,0.5464870794735291
107.42068594702432,0.5593925110382861
107.42462149148108,0.8315743793539301
107.42855703593784,1.7147464284604161
107.43249258039457,1.3100498953857604
107.43642812485132,0.30594717418010076
107.44036366930808,0.022789390349861927
107.44429921376482,0.2515387820001759
107.44823475822156,0.2486666078851853
107.45217030267833,0.2064484411417044
107.45610584713508,1.3412492542927816
107.46004139159184,1.5223795435965262
107.46397693604858,0.34670318261067706
107.46791248050532,0.08755354913941733
107.47184802496209,0.18897846347464417
107.47578356941884,0.19930356679208006
107.4797191138756,0.5058947599472111
107.48365465833234,0.8562073076425052
107.4875902027891,1.6915822593841008
107.49152574724584,2.261949419797789
107.4954612917026,0.8437657140794135
107.49939683615936,0.3059969802824149
107.5033323806161,2.279894843205014
107.50726792507284,1.6467504100564896
107.5112034695296,0.6971313531447308
107.51513901398634,1.8897556644368276
107.5190745584431,0.529183611420856
107.52301010289985,1.5075969186709783
107.5269456473566,2.5410697100398068
107.53088119181336,0.20430690458416012
107.5348167362701,0.5668786083097127
107.53875228072684,0.44729742933037614
107.5426878251836,0.13209802207743124
107.54662336964036,0.28161743583566706
107.55055891409712,1.4224547696919994
107.55449445855386,2.2578296369482223
107.5584300030106,1.6976688057909282
107.56236554746737,0.5478570876717408
107.56630109192412,0.47991530022076506
107.57023663638088,2.7234181869599254
107.57417218083762,3.732817915135243
107.57810772529436,1.956036738677249
107.58204326975113,0.03949100360273426
107.58597881420788,1.8787213232327165
107.5899143586646,1.1919819322423695
107.59384990312137,0.5986162306673374
107.59778544757812,1.1740375240148004
107.60172099203488,0.6872161985474892
107.60565653649162,0.5802075049740805
107.60959208094836,0.6652453418568439
107.61352762540513,0.23797898604883744
107.61746316986188,1.0794637111602505
107.62139871431864,1.746867356953391
107.62533425877538,0.5879448206425176
107.62926980323212,0.4364493692294122
107.63320534768889,0.49945026172969187
107.63714089214564,0.33959779643488497
107.6410764366024,0.7917863725445053
107.64501198105914,1.357037844061952
107.6489475255159,2.4465655171781315
107.65288306997265,2.2197358193004546
107.6568186144294,2.7114254332391585
107.66075415888616,3.685338466717296
107.6646897033429,1.3863958136393988
107.66862524779964,0.9583093732944197
107.6725607922564,1.4700987738132507
107.67649633671314,1.2754773896595788
107.6804318811699,0.4557688675865015
107.68436742562665,0.11504344943008296
107.6883029700834,0.3834767075695559
107.69223851454016,0.22605184657180089
107.6961740589969,0.4006068466983593
107.70010960345364,0.747157802796611
107.7040451479104,0.4113052028322526
107.70798069236716,0.22839926791425844
107.71191623682392,2.162928651406489
107.71585178128066,0.8691125576525823
107.7197873257374,2.8076681456500063
107.72372287019417,5.157085763636977
107.72765841465092,0.14648100799842292
107.73159395910768,3.7402836724033066
107.73552950356442,3.01371155883882
107.73946504802116,1.4950098663986406
107.74340059247793,2.304261312733972
107.74733613693466,0.08996426699526062
107.75127168139142,0.6083922143543284
107.75520722584815,0.4707937494685992
107.75914277030492,0.44057764115507564
107.76307831476169,2.1728258081671075
107.76701385921842,1.2510602955569994
107.77094940367516,0.13038119466185843
107.77488494813193,0.9453287001613666
107.77882049258868,0.21062609151868097
107.78275603704544,0.9062667202992397
107.78669158150218,0.16958591400094006
107.79062712595892,0.531982403327572
107.79456267041569,0.3932049705185669
107.79849821487244,0.1342979073760703
107.8024337593292,0.5381022048330706
107.80636930378594,0.22813946654551134
107.8103048482427,1.3539811092296166
107.81424039269945,1.0122425168244793
107.8181759371562,0.8459567056597672
107.82211148161296,1.504365971469824
107.82604702606967,1.0378636841871935
107.82998257052644,0.9078146743547776
107.8339181149832,0.322790795855735
107.83785365943994,0.2329626934489218
107.8417892038967,0.13182404742512663
107.84572474835343,0.21623052600742526
107.8496602928102,0.00990418035507706
107.85359583726697,0.4376174047718369
107.8575313817237,0.34134032638706385
107.86146692618046,0.6868805636063736
107.8654024706372,0.8730842103737219
107.86933801509396,0.07665398602730984
107.87327355955073,0.9368447684099388
107.87720910400746,1.5592661820994052
107.8811446484642,1.3360997358592055
107.88508019292097,1.8419063607862762
107.88901573737772,1.4465752721338263
107.89295128183448,0.359446147902506
107.89688682629122,0.00532931692568148
107.90082237074796,0.14744965845544067
107.90475791520473,0.25693496844990354
107.90869345966146,1.2607942855860133
107.91262900411822,2.5417215997651827
107.91656454857495,1.5637458536278526
107.92050009303172,0.8852922440206973
107.92443563748849,1.8697117345980192
107.92837118194522,1.3384265846747385
107.93230672640198,0.06897770376454597
107.93624227085871,2.3709777733295576
107.94017781531548,4.007528252246602
107.94411335977225,1.3735798132851618
107.94804890422898,1.0919478618111451
107.95198444868574,1.464730096360866
107.95591999314249,1.43369844947596
107.95985553759924,0.6574928166540953
107.963791082056,0.9376539794610638
107.96772662651274,3.1270034850312314
107.9716621709695,0.6502493414865249
107.97559771542625,1.6992211025454707
107.97953325988298,2.5210477676019454
107.98346880433974,0.026981270395763046
107.98740434879647,1.1971846062023512
107.99133989325324,0.23200707399696519
107.99527543771,0.3616064495311715
107.99921098216674,0.3954334402230621
108.0031465266235,0.7174366510885342
108.00708207108023,0.5683047043513674
108.011017615537,0.1430447214357758
108.01495315999377,0.21514629626092388
108.0188887044505,0.3627976690694096
108.02282424890726,0.3290781426972623
108.026759793364,0.04355539621836439
108.03069533782076,0.042507495595922096
108.03463088227753,0.14789736882949991
108.03856642673426,0.275236422531146
108.04250197119102,0.0010411914356883297
108.04643751564775,0.43043722086513264
108.05037306010452,1.150890238368021
108.05430860456129,0.9512543589908862
108.058244149018,0.5083757377216801
108.06217969347476,0.3469929429423047
108.06611523793153,0.005868598953051919
108.07005078238826,0.7330511582715774
108.07398632684502,1.736634211278108
108.07792187130175,2.602479552405694
108.08185741575852,1.899146209483558
108.08579296021529,0.37402227748878686
108.08972850467202,0.3483061929275872
108.09366404912878,0.3553563174791244
108.09759959358551,0.43287839612333745
108.10153513804228,0.28889784526008183
108.10547068249905,0.05634423268828644
108.10940622695578,0.42104782732257023
108.11334177141254,1.1134450104529454
108.11727731586927,1.6424244207837868
108.12121286032604,1.0184638688248284
108.1251484047828,0.2573979659175294
108.12908394923954,0.12358778228872028
108.1330194936963,0.18675821913085114
108.13695503815303,0.16489126155572167
108.1408905826098,0.2504588967963331
108.14482612706654,0.4449569788923507
108.14876167152327,0.1938243927730231
108.15269721598004,0.09687860535127285
108.1566327604368,0.8753717674615035
108.16056830489354,0.6956997993738583
108.1645038493503,0.08881449574493981
108.16843939380703,0.22374842265126976
108.1723749382638,0.003318592819708899
108.17631048272057,0.7236989603859201
108.1802460271773,1.6031200454249144
108.18418157163406,0.8443738598681455
108.1881171160908,0.19845360850004384
108.19205266054756,0.07525961381846112
108.19598820500433,0.1261381383158167
108.19992374946106,0.33523147022385774
108.20385929391782,0.0082170698866654
108.20779483837455,0.3257938237916211
108.21173038283132,0.4724423552157484
108.21566592728806,0.4374057190456838
108.2196014717448,0.33215402824384715
108.22353701620156,0.7605171961486079
108.22747256065831,0.7602637469478055
108.23140810511508,0.23331284734583338
108.23534364957182,0.06769163515085062
108.23927919402855,0.7708039800652844
108.24321473848532,0.8843617467354155
108.24715028294209,1.1700647657105818
108.25108582739882,1.1969833986743987
108.25502137185558,0.16655874442071145
108.25895691631231,0.20569506889090752
108.26289246076908,0.29214440500540034
108.26682800522585,0.0629581331649392
108.27076354968258,0.5212330177783366
108.27469909413934,2.7170934300633793
108.27863463859607,6.4199609524491015
108.28257018305284,7.913412753512431
108.2865057275096,4.867742611936922
108.29044127196634,0.964482745048272
108.29437681642308,0.11908160667129976
108.29831236087983,0.968014070656907
108.3022479053366,1.125806168147009
108.30618344979334,0.7088696095309642
108.31011899425008,0.6462844707230505
108.31405453870684,0.7005531780676575
108.3179900831636,0.0916635210240677
108.32192562762036,0.9582962914057184
108.3258611720771,1.9933711869901345
108.32979671653383,0.7079946759293294
108.3337322609906,0.16190645286967983
108.33766780544735,0.42933564179949335
108.3416033499041,1.3623422563682432
108.34553889436086,1.1059168560303143
108.3494744388176,0.3839066747106498
108.35340998327436,0.28407688387109553
108.35734552773113,0.05620784050127553
108.36128107218786,0.20437312308386907
108.36521661664462,0.3208017395115443
108.36915216110135,0.12128821565998998
108.3730877055581,0.373441803563243
108.37702325001486,1.3022171727508496
108.3809587944716,0.7199090534392588
108.38489433892836,1.012308777907392
108.38882988338511,2.735469453899708
108.39276542784188,0.7362212136800351
108.39670097229862,0.39269679937995455
108.40063651675536,0.5451926876867257
108.40457206121212,0.590601224696331
108.40850760566887,1.1313103543302707
108.41244315012564,0.48651660564146654
108.41637869458238,1.0615559801728727
108.42031423903912,2.0843807801348855
108.42424978349588,3.1563284539734333
108.42818532795263,2.266538900988399
108.4321208724094,0.27291264718062863
108.43605641686614,0.3506931885849384
108.43999196132287,0.7790590546504609
108.44392750577964,0.2806031731301954
108.44786305023638,0.5801365062290174
108.45179859469312,0.9452823454892794
108.45573413914988,1.5035339138448998
108.45966968360663,2.680194850772857
108.4636052280634,2.899423166160337
108.46754077252014,0.7144004923063542
108.47147631697688,0.09348684629182348
108.47541186143364,0.3816402301228323
108.4793474058904,0.24598181827089105
108.48328295034716,0.37658959631465533
108.4872184948039,0.382978335421467
108.49115403926064,0.11069327857708101
108.4950895837174,0.0034394973698683813
108.49902512817415,0.09291675915816093
108.5029606726309,0.46516406229135787
108.50689621708766,1.2733493244581926
108.5108317615444,1.3632639833567135
108.51476730600116,0.3055205776102713
108.51870285045791,0.045177257113067956
108.52263839491468,0.636525746915259
108.5265739393714,2.305985391967107
108.53050948382815,2.2851147404264163
108.5344450282849,0.3493602058684367
108.53838057274166,0.9763985965142706
108.5423161171984,1.0511183231577603
108.54625166165516,0.26552688761045645
108.55018720611191,0.6066254049385079
108.55412275056868,0.3612423556167993
108.55805829502542,0.2585390161700007
108.56199383948216,2.8002948621037334
108.56592938393892,3.4764356301740147
108.56986492839567,1.3224735787757507
108.57380047285244,0.09075981974631993
108.57773601730918,0.7470569426258742
108.58167156176592,1.7861345110412672
108.58560710622268,0.47108515963118364
108.58954265067943,0.2541775395922124
108.5934781951362,1.1779727534365834
108.59741373959294,0.40193748464575507
108.60134928404968,0.05647143503863847
108.60528482850644,0.49697689392547195
108.60922037296318,0.8899340641956645
108.61315591741992,0.5172956341329829
108.61709146187668,0.3096733129107891
108.62102700633343,2.0888134493869184
108.6249625507902,1.2528615454802698
108.62889809524694,0.20083515559079637
108.63283363970368,1.7097552658560455
108.63676918416044,1.4866023919009086
108.6407047286172,0.18010843610874597
108.64464027307396,0.8989446115132671
108.6485758175307,2.388736320124373
108.65251136198744,1.236459845087067
108.6564469064442,0.42025521820373785
108.66038245090095,2.396450589220627
108.6643179953577,2.5873891423243767
108.66825353981446,0.3982427583620662
108.6721890842712,0.17175623625515504
108.67612462872796,0.34233899525179134
108.68006017318471,1.5667506417886445
108.68399571764144,2.5274721509941047
108.6879312620982,0.36256016887668735
108.69186680655496,1.066846378813387
108.69580235101172,2.2293836293910223
108.69973789546846,0.3791863507965751
108.7036734399252,0.4254873324931427
108.70760898438196,0.6673261854013165
108.71154452883871,0.17067547847075984
108.71548007329548,2.2075609119712447
108.71941561775222,1.5928582471082198
108.72335116220896,0.11076585878467984
108.72728670666572,0.10770407280512666
108.73122225112247,0.3457751349011731
108.73515779557924,0.9087084777227935
108.73909334003598,0.6544472721653197
108.74302888449272,0.09141787842673811
108.74696442894948,0.06347388600421479
108.75089997340623,0.4468729703073415
108.754835517863,0.9546049944769295
108.75877106231974,0.8577779222357411
108.76270660677648,0.43235174589036635
108.76664215123324,0.03902009681671809
108.77057769568998,0.34104812276327984
108.77451324014672,0.6661923226113553
108.77844878460348,0.07191796647566188
108.78238432906024,1.6255460693530996
108.786319873517,2.037532284257273
108.79025541797374,0.29560555564106417
108.79419096243048,0.2415948094166123
108.79812650688724,0.39806296197067026
108.802062051344,0.078732947890673
108.80599759580076,0.18551846844144299
108.8099331402575,1.910033001196784
108.81386868471424,4.7052073472548175
108.817804229171,5.124690978931941
108.82173977362775,4.211160950541214
108.8256753180845,4.670556582571803
108.82961086254126,2.031956805903157
108.833546406998,0.8795343256285982
108.83748195145476,3.232607771868005
108.8414174959115,1.4019608582572662
108.84535304036824,0.09694440000896962
108.849288584825,0.12673301942669296
108.85322412928176,0.32303598992505556
108.85715967373852,0.8875651517145914
108.86109521819526,0.6264406147485204
108.865030762652,0.4325664224184267
108.86896630710876,0.27474281928258054
108.87290185156552,0.11827878672882676
108.87683739602228,0.12950318629908272
108.88077294047902,0.3992414607028659
108.88470848493576,0.00969199844801217
108.88864402939252,0.7538510979471693
108.89257957384928,0.4307017491902578
108.89651511830604,0.33840986156953823
108.90045066276278,0.5380739838665274
108.90438620721952,0.1831822225680564
108.90832175167628,0.05335900536220625
108.91225729613303,0.15778168732787726
108.9161928405898,0.37202097439285087
108.92012838504652,0.24677562822419707
108.92406392950328,0.5749207267122007
108.92799947396004,0.199313159595245
108.93193501841678,0.594765770310677
108.93587056287352,0.6909376204756948
108.93980610733028,0.28079964128919044
108.94374165178704,1.3577487839019249
108.9476771962438,1.0012588814386563
108.95161274070054,0.37549453681757994
108.95554828515728,1.8114833882415136
108.95948382961404,1.3874071593592785
108.9634193740708,0.6699059759244765
108.96735491852756,1.1177897274660378
108.9712904629843,2.759902424664815
108.97522600744104,0.9241075949037175
108.9791615518978,0.18329754872436876
108.98309709635456,0.3122194707236437
108.98703264081132,1.2802669022282196
108.99096818526806,0.7217085392482306
108.9949037297248,0.48195670776892513
108.99883927418156,1.0701172754663857
109.0027748186383,0.8819437150106852
109.00671036309504,0.2415218980029678
109.0106459075518,1.6107778774115287
109.01458145200856,1.1620000564382473
109.01851699646532,0.06742537453569768
109.02245254092206,0.21639778461759274
109.0263880853788,1.41102286307752
109.03032362983556,3.840217124896465
109.03425917429232,0.7741022846126098
109.03819471874908,0.3532789890214657
109.04213026320582,0.4633395134825566
109.04606580766256,2.211298356445646
109.05000135211932,0.9791757171712808
109.05393689657608,0.9924939897614266
109.05787244103284,0.6436820042033716
109.06180798548958,0.15098937705139365
109.06574352994632,1.0075477073341577
109.06967907440308,0.7563435966306726
109.07361461885982,0.07625881456310551
109.07755016331656,0.8672985606672275
109.08148570777333,0.7856700247105427
109.08542125223008,0.26439842289729537
109.08935679668684,0.5964895036734289
109.09329234114358,0.03423801765141388
109.09722788560032,1.0626721611187977
109.10116343005708,0.5732970166868454
109.10509897451384,0.3710761915223316
109.1090345189706,0.11475630306799245
109.11297006342734,0.3565698101710099
109.11690560788408,0.9556265460948707
109.12084115234084,0.4544809938548804
109.1247766967976,0.1857472612259797
109.12871224125436,0.35506697008236004
109.1326477857111,0.32491688663906215
109.13658333016784,0.06556282375878524
109.1405188746246,1.5190918656828973
109.14445441908136,1.5145776757405145
109.14838996353812,0.3652620812225415
109.15232550799485,0.6633233510648582
109.1562610524516,0.02918680703565938
109.16019659690836,0.8561801557045096
109.1641321413651,1.6858741899907543
109.16806768582184,0.8014546898242099
109.1720032302786,0.2536238167676754
109.17593877473536,0.16476343955893288
109.17987431919212,0.019924788389294196
109.18380986364886,0.18390075008858808
109.1877454081056,0.7581543093721904
109.19168095256236,0.8447969583399753
109.19561649701912,0.3919691966057283
109.19955204147588,0.04319923204065154
109.20348758593262,0.24215735295948532
109.20742313038936,0.5781719875162268
109.21135867484612,0.19975511674888324
109.21529421930288,0.3375038384609575
109.21922976375964,0.9305437374412419
109.22316530821638,0.776020122884193
109.22710085267312,0.5179518444855896
109.23103639712988,0.012401249072978383
109.23497194158662,0.7184712179297824
109.23890748604336,0.7989935947615674
109.24284303050013,0.41195566286287477
109.24677857495688,0.9075136639055934
109.25071411941364,0.7275917792955428
109.25464966387038,0.22189503052955425
109.25858520832712,0.8565428762638967
109.26252075278389,3.029118126839436
109.26645629724064,1.6608237788994356
109.2703918416974,1.2829531218444443
109.27432738615414,2.8181737039394306
109.2782629306109,1.383246439522672
109.28219847506764,2.5751580979424227
109.2861340195244,1.6617318077411094
109.29006956398116,0.7102941506296928
109.2940051084379,3.1550026411022
109.29794065289464,1.53583548130589
109.3018761973514,0.08461932835424157
109.30581174180816,1.1923828657132352
109.3097472862649,1.217882160050014
109.31368283072165,1.758008964489107
109.3176183751784,2.1601537927663994
109.32155391963516,0.01649294556984088
109.3254894640919,3.7420740996565396
109.32942500854864,4.550249924185085
109.3333605530054,0.8976624274300893
109.33729609746216,0.003859595801312779
109.34123164191892,0.25240595940406246
109.34516718637566,0.39916450609014237
109.3491027308324,0.3537570672688715
109.35303827528917,0.05277194063106077
109.35697381974592,0.36400535020626495
109.36090936420268,0.02135538934244142
109.36484490865942,2.9394487065445754
109.36878045311616,3.4666175984931287
109.37271599757293,0.11901403779798228
109.37665154202968,0.9051213638762553
109.38058708648644,0.008483038698083343
109.38452263094318,0.35162060637687303
109.38845817539992,0.2903282566869893
109.39239371985668,2.3640081613639956
109.39632926431342,1.870965358170741
109.40026480877016,5.260825205528675
109.40420035322693,1.425264560694398
109.40813589768368,2.065004068790634
109.41207144214044,4.9651183046859195
109.41600698659718,1.011311087664317
109.41994253105392,0.3624879356218699
109.42387807551069,0.3027922657926654
109.42781361996744,1.2596288057118488
109.4317491644242,0.2871702688166585
109.43568470888094,1.751246164528148
109.4396202533377,0.386915506803561
109.44355579779445,1.7907207962449176
109.4474913422512,5.0031406986399585
109.45142688670796,1.5260365217238174
109.4553624311647,0.6162924824749282
109.45929797562144,1.1603777942846516
109.4632335200782,0.3954410620458151
109.46716906453494,0.5178490709811687
109.4711046089917,0.5424628807214326
109.47504015344845,0.0817663726771866
109.4789756979052,0.7794813894175069
109.48291124236196,0.973253392766369
109.4868467868187,0.21316692609959734
109.49078233127544,0.3915411744605246
109.4947178757322,2.430439701978577
109.49865342018896,2.4299324658892707
109.50258896464572,0.7007450125006701
109.50652450910246,3.6101276277604657
109.5104600535592,2.1504924246607295
109.51439559801597,0.6665346929267921
109.51833114247272,1.8495851618105257
109.52226668692948,1.6106949658346132
109.52620223138622,0.25543554136948704
109.53013777584296,0.1912464169698179
109.53407332029973,0.4629661614667349
109.53800886475648,1.6123912406223493
109.54194440921322,2.7275340890639215
109.54587995366995,0.6882987571336276
109.54981549812672,0.24965633623909578
109.55375104258349,0.6759703471187125
109.55768658704022,0.5045168808956765
109.56162213149696,0.7312007030736514
109.56555767595373,0.6571205206522017
109.56949322041048,0.351303099852345
109.57342876486724,0.06235587121817053
109.57736430932398,0.057930110074215134
109.58129985378072,0.26793392853044684
109.58523539823749,0.12209073683942004
109.58917094269424,0.21494714908994486
109.593106487151,0.5794455471688246
109.59704203160774,0.2886664180509832
109.6009775760645,0.012681244546191246
109.60491312052125,0.0320209864189816
109.608848664978,0.21981768936723833
109.61278420943476,0.29897124039831546
109.6167197538915,0.16739435311879297
109.62065529834824,0.3684426486806153
109.624590842805,0.21387993220369805
109.62852638726174,0.07650279143513701
109.6324619317185,0.08153134218573269
109.63639747617523,0.16407864834626054
109.640333020632,0.24063230470555583
109.64426856508877,0.28350712823591895
109.6482041095455,0.31513908536775376
109.65213965400226,0.23386990281815784
109.656075198459,0.19313562331943476
109.66001074291576,0.2085584854580884
109.66394628737253,0.2383901447759355
109.66788183182926,0.2790906845791862
109.671817376286,1.0726906535099605
109.67575292074277,0.5706242662121948
109.67968846519952,0.8294364498912032
109.68362400965628,1.1732504555278471
109.68755955411302,0.06578705407908003
109.69149509856976,2.446579030591271
109.69543064302653,0.7809798992735904
109.69936618748326,1.849147414964723
109.70330173194002,4.76151899083726
109.70723727639675,1.1565376233658746
109.71117282085352,3.055237884713275
109.71510836531029,2.139195355586901
109.71904390976702,0.2557445992405376
109.72297945422378,0.5041270495953953
109.72691499868051,0.4459721441441463
109.73085054313728,1.214519937061316
109.73478608759405,1.8210518243198808
109.73872163205078,4.877047538598615
109.74265717650754,3.06497245888986
109.74659272096429,0.13600812383882468
109.75052826542104,1.177509055020011
109.7544638098778,1.215768024928759
109.75839935433454,0.6572656300279611
109.7623348987913,1.100925471634042
109.76627044324805,1.0202389204953486
109.7702059877048,0.8849841252570497
109.77414153216156,0.9796024816400362
109.77807707661827,0.3891182582714185
109.78201262107504,0.14525940993752687
109.7859481655318,0.19806605280116493
109.78988370998854,0.14624857451496695
109.7938192544453,1.674505043824694
109.79775479890203,1.8296547609629192
109.8016903433588,0.3611889289027636
109.80562588781557,0.9229096673179572
109.8095614322723,0.38487972622387995
109.81349697672906,0.5741432204442634
109.8174325211858,0.7216950220852347
109.82136806564256,0.29941187815167736
109.82530361009933,1.0160388931101378
109.82923915455606,1.0412973677139419
109.83317469901282,1.772460964144157
109.83711024346955,3.959962156801418
109.84104578792632,3.0805304985288253
109.84498133238309,0.18559670032231076
109.84891687683982,0.9407611321741624
109.85285242129656,1.1990107698082395
109.85678796575333,0.1781830359628913
109.86072351021006,0.19934574264570698
109.86465905466682,0.29792927382883416
109.86859459912355,0.7909810345589939
109.87253014358032,0.4125370699031183
109.87646568803709,1.6290501046518902
109.88040123249382,3.511611528890278
109.88433677695058,2.4345954252660387
109.88827232140731,0.07983969962794155
109.89220786586408,1.4701096720938298
109.89614341032085,1.4681976808922796
109.90007895477758,0.5373504377524251
109.90401449923434,2.0857966106006023
109.90795004369107,2.010056940170635
109.91188558814784,2.3417725757636405
109.9158211326046,1.6360923588009268
109.91975667706134,0.6327589858789555
109.9236922215181,0.34066838814658934
109.92762776597483,0.25474150982763294
109.9315633104316,0.12204188332792404
109.93549885488834,0.5431452011205793
109.93943439934507,0.3608034553984269
109.94336994380184,0.002782037848200267
109.9473054882586,0.1856496104164262
109.95124103271534,0.2436526522872882
109.9551765771721,0.25631831936059113
109.95911212162883,0.36163632768667603
109.9630476660856,0.4717576551720111
109.96698321054237,0.35629355497011395
109.9709187549991,0.05653699397558796
109.97485429945586,0.1897146493219058
109.9787898439126,0.29958251700981964
109.98272538836936,0.6162757240012091
109.98666093282613,0.8634696108093207
109.99059647728286,0.36111739092445305
109.99453202173962,0.03375998364569521
109.99846756619635,0.23904627287363797
110.00240311065312,0.2714481457042627
110.00633865510989,0.16159471771398087
110.01027419956662,0.2833029895458638
110.01420974402336,0.20536425478588394
110.01814528848011,0.32665651740148133
110.02208083293688,0.7152102422204135
110.02601637739362,1.0352521469555749
110.02995192185035,0.7578722890070999
110.03388746630712,0.36392300878931044
110.03782301076389,0.3260081511284861
110.04175855522062,0.3725179121064745
110.04569409967738,0.3526536748481253
110.04962964413411,1.0770920877539574
110.05356518859088,1.2071002112332974
110.05750073304765,2.1500059757099943
110.06143627750438,2.1755232676867955
110.06537182196114,0.8427069630129749
110.06930736641787,0.9122688877983253
110.07324291087464,0.22119560048518352
110.0771784553314,0.10580530520091797
110.08111399978814,0.25154263520761966
110.0850495442449,0.07131104285906797
110.08898508870163,0.07304303793554795
110.0929206331584,0.6695637989265849
110.09685617761514,2.5957259496713156
110.10079172207188,1.7955955856955235
110.10472726652864,0.0972418288731012
110.1086628109854,1.5759172959070853
110.11259835544216,0.4056945456368431
110.1165338998989,0.39667216032400016
110.12046944435563,0.9226135017536649
110.1244049888124,1.2171983856138533
110.12834053326915,0.13450620398218555
110.1322760777259,0.4800243122585792
110.13621162218266,0.2712459089827039
110.1401471666394,0.7728677312177357
110.14408271109616,1.514705140664692
110.14801825555293,0.5028382132312799
110.15195380000966,0.5308946005553231
110.15588934446642,1.2280266616079902
110.15982488892315,1.18663037718671
110.16376043337992,0.024624173334034646
110.16769597783666,0.685669517037429
110.1716315222934,1.2828057735475715
110.17556706675016,2.159771592325786
110.17950261120691,1.5871058594876246
110.18343815566368,0.27611826500838454
110.18737370012042,2.3864666824363137
110.19130924457716,3.721991467662399
110.19524478903392,2.298047174809669
110.19918033349067,0.5174362286899645
110.20311587794744,0.337192759997902
110.20705142240418,3.741165015859661
110.21098696686092,7.561771212420172
110.21492251131768,4.919461692013714
110.21885805577443,1.4875771690988504
110.22279360023118,0.578465620638012
110.22672914468794,0.40832859157247203
110.23066468914467,0.5382220518550247
110.23460023360144,0.47271387978190127
110.2385357780582,0.778069259456029
110.24247132251494,3.368590899998293
110.24640686697168,4.631967476200271
110.25034241142843,0.932262767121065
110.2542779558852,0.11033624407649495
110.25821350034194,0.5809144186723924
110.26214904479868,0.6580330398989407
110.26608458925544,0.010542525320455576
110.2700201337122,0.7532835699563977
110.27395567816896,0.9519398371739631
110.2778912226257,0.48066378847097874
110.28182676708244,0.8998790865721493
110.2857623115392,2.968087465707888
110.28969785599595,3.388749191797181
110.2936334004527,1.498099377822261
110.29756894490946,0.3911894428361459
110.3015044893662,0.4859245376401146
110.30544003382296,1.0794891475278863
110.30937557827971,1.3966691465247194
110.31331112273648,1.1436764746378638
110.31724666719322,0.8135389046080383
110.32118221164995,0.6670981320939607
110.3251177561067,0.6207193056670529
110.32905330056346,0.16228140867722493
110.3329888450202,0.040558870683638705
110.33692438947696,0.1097532034168523
110.34085993393371,0.5061784384658451
110.34479547839048,0.18772618462945562
110.34873102284722,0.08644855790703351
110.35266656730396,0.30055279549819297
110.35660211176072,1.2758654259238191
110.36053765621747,1.3122748339332013
110.36447320067424,1.7866015565147828
110.36840874513098,2.8247953801716243
110.37234428958772,1.4564084014209298
110.37627983404448,0.9380090382694972
110.38021537850123,0.6233287421916662
110.384150922958,0.3254068091265754
110.38808646741474,1.3779262556710385
110.39202201187148,3.561484158299992
110.39595755632824,1.5462125503810316
110.399893100785,0.011946675686170909
110.40382864524172,0.028568604904509756
110.40776418969848,0.23357193864644715
110.41169973415523,0.28577973566598047
110.415635278612,0.0022279569913617034
110.41957082306874,0.21623431435504123
110.42350636752548,0.1681185969640844
110.42744191198224,0.09117880286853129
110.431377456439,0.3311237233555286
110.43531300089576,0.4687262846927062
110.4392485453525,0.5705843820017448
110.44318408980924,0.5172779748979127
110.447119634266,0.5258966341990665
110.45105517872275,1.0115234262961188
110.4549907231795,1.4323533844589358
110.45892626763626,1.1546862200254295
110.462861812093,0.983747582724443
110.46679735654976,0.5208601064358883
110.47073290100651,0.24101803065722394
110.47466844546328,0.3699144519471916
110.47860398992002,0.17938845045851867
110.48253953437676,0.096999191384217
110.48647507883352,1.268813544968701
110.49041062329026,3.197922764861512
110.494346167747,2.204776496371517
110.49828171220376,0.338067787791249
110.50221725666051,0.16375309201848617
110.50615280111728,0.25485897924151846
110.51008834557402,0.7897344047643728
110.51402389003076,1.9811854333444405
110.51795943448752,3.268310497554658
110.52189497894427,0.7922620484172204
110.52583052340104,0.25252393166532033
110.52976606785778,0.2010304535944855
110.53370161231452,0.2722836808232561
110.53763715677128,0.813117821877232
110.54157270122803,0.4031199448055705
110.5455082456848,0.028130290027287615
110.54944379014154,0.5097639452695094
110.55337933459828,1.0096298736120075
110.55731487905504,0.3178563534538802
110.56125042351178,0.3417031904899717
110.56518596796852,2.0447906443159947
110.56912151242528,1.9109558876252821
110.57305705688204,0.5870729743958014
110.5769926013388,0.28528484746660737
110.58092814579554,0.1598247407400271
110.58486369025228,1.0067311862158757
110.58879923470904,0.38630381403991976
110.5927347791658,0.10468742639890827
110.59667032362256,0.22332176738764634
110.6006058680793,1.2519900641533985
110.60454141253604,0.19597573041850036
110.6084769569928,0.9955554762195216
110.61241250144955,2.0907830956369042
110.6163480459063,2.7134444896372014
110.62028359036306,3.183685989369657
110.6242191348198,0.5347544771602067
110.62815467927656,1.6518337268000198
110.63209022373331,3.765567025684275
110.63602576819004,1.223185039687746
110.6399613126468,1.7950087706269837
110.64389685710356,3.989557316666688
110.64783240156032,2.569598121952332
110.65176794601706,0.9094678129782588
110.6557034904738,0.023908778631402543
110.65963903493056,0.8995574029826109
110.66357457938732,0.20911346121831678
110.66751012384408,1.0974806493440927
110.67144566830082,1.582398383866269
110.67538121275756,0.21908083493208586
110.67931675721432,0.7207434951189007
110.68325230167108,0.032970091952885146
110.68718784612784,0.5275984598512709
110.69112339058458,0.16330962763761614
110.69505893504132,0.16319795566983214
110.69899447949808,0.17545111649118375
110.70293002395483,0.8291138620342028
110.7068655684116,0.9705656150311414
110.71080111286834,0.46343637598804577
110.71473665732508,0.4080617852025095
110.71867220178184,0.6114978151124948
110.72260774623858,0.22384020769952057
110.72654329069532,0.623641208184785
110.73047883515208,1.8022959502036664
110.73441437960884,0.2852715273092006
110.7383499240656,0.5659985903626698
110.74228546852234,0.9603608477097921
110.74622101297908,2.973537960095017
110.75015655743584,1.4202872034599938
110.7540921018926,0.11534714040679912
110.75802764634936,0.673699589738043
110.7619631908061,0.4473775083388992
110.76589873526284,0.37137657180062206
110.7698342797196,0.17355104552380748
110.77376982417636,0.35303107308805415
110.77770536863312,0.5760430324881799
110.78164091308986,0.46404791978442034
110.7855764575466,0.18167364179988119
110.78951200200336,0.794099364940758
110.7934475464601,0.002472889553028686
110.79738309091684,0.44384960632132936
110.8013186353736,0.46627829474498766
110.80525417983036,1.4694929802994483
110.80918972428712,0.19651473461417818
110.81312526874386,0.5890940678959867
110.8170608132006,0.14286211107731075
110.82099635765736,0.7457977150128516
110.82493190211412,0.627792339957278
110.82886744657088,0.17443283519411357
110.83280299102762,0.28459904838184025
110.83673853548436,0.3073857456814126
110.84067407994112,0.8667233895572526
110.84460962439788,0.13442445455475904
110.84854516885464,1.5427365314085046
110.85248071331138,1.0547397961063092
110.85641625776812,0.4428453477848146
110.86035180222488,0.19517103645389736
110.86428734668164,0.9760029806078202
110.8682228911384,1.6290968452334462
110.87215843559513,0.5366387312450823
110.87609398005188,0.30745672715703076
110.88002952450864,0.586553896199752
110.88396506896538,0.828237763070682
110.88790061342212,2.541118519931795
110.89183615787888,1.9096210551422712
110.89577170233564,1.3661755254041998
110.8997072467924,0.8132034648791544
110.90364279124914,0.34370751053308907
110.90757833570588,0.12668838266676158
110.91151388016264,0.0873294875151515
110.9154494246194,0.061647391380417
110.91938496907616,1.2430569515285559
110.9233205135329,3.2883860711268245
110.92725605798964,2.166551949586092
110.9311916024464,0.3033821748044952
110.93512714690316,0.9727700897781542
110.93906269135992,2.9161150940928726
110.94299823581666,3.036199911928553
110.9469337802734,0.4955146681885323
110.95086932473016,0.6733227325908443
110.9548048691869,2.3647068358027545
110.95874041364364,2.0428602096181416
110.9626759581004,0.21766922891182555
110.96661150255716,0.2987756818451578
110.97054704701392,0.518441516251084
110.97448259147066,0.6491958048667552
110.9784181359274,0.28984694294612495
110.98235368038416,0.11960831838889653
110.98628922484092,0.16523477941978912
110.99022476929768,0.16252638701991626
110.99416031375442,0.22279063743878427
110.99809585821116,0.09144032650592414
111.00203140266792,0.8196678926186322
111.00596694712468,0.6619727720737648
111.00990249158144,0.24393963446534894
111.01383803603818,0.7221222118588779
111.01777358049492,0.6600335282107359
111.02170912495168,0.27369944862610235
111.02564466940844,0.5177752350978585
111.02958021386516,2.0558440321412923
111.03351575832193,0.8641427968277203
111.03745130277868,0.5207380598044847
111.04138684723544,2.208565991236538
111.04532239169218,0.3359092654404294
111.04925793614892,0.6647750567076466
111.05319348060569,0.530799834725626
111.05712902506244,1.0721512554324908
111.0610645695192,1.2006861198877294
111.06500011397594,0.5019011194416613
111.0689356584327,0.2310341659398799
111.07287120288944,3.233096920184848
111.0768067473462,2.8768706756798657
111.08074229180296,0.016552314421903372
111.0846778362597,3.0920636750169805
111.08861338071644,4.572154161502612
111.0925489251732,2.265125304242562
111.09648446962996,0.4331578944824383
111.10042001408672,0.4377472601290154
111.10435555854346,0.24567002928377363
111.1082911030002,0.03923294964525727
111.11222664745696,0.4969657692995277
111.1161621919137,0.6713134474925243
111.12009773637044,0.5058470704499376
111.1240332808272,0.46720996751272187
111.12796882528396,0.2807729788609061
111.13190436974072,0.10490692128403728
111.13583991419746,0.16928076701219028
111.1397754586542,0.18478948954913296
111.14371100311097,0.03840829686039253
111.14764654756772,0.019493439650490482
111.15158209202448,0.34275602781493364
111.15551763648122,0.6267453496262511
111.15945318093796,0.21501779710625102
111.16338872539473,0.5587370495021461
111.16732426985148,0.5399579769132785
111.17125981430824,1.0655179638313397
111.17519535876498,0.914423718629611
111.17913090322172,0.3596969488954029
111.18306644767848,1.497901423704544
111.18700199213522,2.383399115589027
111.19093753659196,1.9007042189673815
111.19487308104873,1.6030083629410918
111.19880862550548,0.7455135070856503
111.20274416996224,1.1343320535056876
111.20667971441898,1.5408399731284874
111.21061525887572,0.05850432618221507
111.21455080333249,0.8331749876631097
111.21848634778924,0.3928937958073877
111.222421892246,0.6945446426542669
111.22635743670274,0.86138445237887
111.2302929811595,0.7727808113531827
111.23422852561625,1.2124384574194123
111.238164070073,1.838399654224567
111.24209961452976,1.1517023340183377
111.2460351589865,0.3090357338542364
111.24997070344324,0.2402665136179562
111.2539062479,0.04758317152231214
111.25784179235676,0.5477592653534531
111.2617773368135,0.43350985827606997
111.26571288127025,0.0254822535246374
111.269648425727,0.869876450358427
111.27358397018376,1.8327940584808113
111.2775195146405,1.9133739344727614
111.28145505909724,1.0314595031638074
111.285390603554,0.34402081484669245
111.28932614801076,4.001269671603017
111.29326169246752,1.688197085709847
111.29719723692426,1.0628111872864936
111.301132781381,6.6912273857506
111.30506832583777,5.105427320302226
111.30900387029452,0.9837596177290804
111.31293941475128,0.14484373266503123
111.31687495920802,0.8739415454551743
111.32081050366476,1.3039430124260551
111.32474604812153,0.7792028191666553
111.32868159257828,0.25505467894186634
111.33261713703504,0.16060949119068865
111.33655268149178,0.03909592510617766
111.34048822594852,0.07161358710674157
111.34442377040529,1.106563194997308
111.34835931486202,2.3483717994363373
111.35229485931876,1.1076120104026308
111.35623040377553,0.23473724312556563
111.36016594823228,1.2608722728093544
111.36410149268904,1.8331728970741112
111.36803703714578,0.9494248695146841
111.37197258160252,0.3952811753590821
111.37590812605929,1.1555054732371741
111.37984367051604,1.2021147168908373
111.3837792149728,0.32258749531327374
111.38771475942954,0.3507510445411395
111.3916503038863,0.9577801513187363
111.39558584834305,0.2305625167834937
111.3995213927998,0.23622864030578491
111.40345693725656,0.5614299011607906
111.4073924817133,0.43646373742332023
111.41132802617004,0.04258244127733491
111.4152635706268,1.554788220623316
111.41919911508354,1.7350849495855858
111.4231346595403,0.1866872378232847
111.42707020399703,0.4461434543587373
111.4310057484538,0.35646709169257096
111.43494129291057,0.20571023238919647
111.4388768373673,0.17819004292773225
111.44281238182406,0.14096807478510837
111.4467479262808,0.20217503481128576
111.45068347073756,0.49276203953712533
111.45461901519433,0.6923745189439927
111.45855455965106,0.09599725413469765
111.4624901041078,0.19855846779753583
111.46642564856457,0.607888558290893
111.47036119302132,0.8641889492906247
111.47429673747808,0.5141842769419174
111.47823228193482,2.0286480118049828
111.48216782639156,2.491373418058904
111.48610337084833,0.03124600231733434
111.49003891530508,1.3856930770440465
111.49397445976184,0.5346998194471037
111.49791000421855,1.1386557155571353
111.50184554867532,2.400003150436371
111.50578109313209,0.3025560298641516
111.50971663758882,0.07693001464767575
111.51365218204558,0.005981629347369486
111.51758772650231,0.3068504516115382
111.52152327095908,0.0632982558755815
111.52545881541585,0.05715998334964196
111.52939435987258,0.10943499641889098
111.53332990432934,0.5545399086022079
111.53726544878609,0.2990833576513586
111.54120099324284,0.019729911362881908
111.5451365376996,0.12634053835191938
111.54907208215634,0.002939585873352776
111.5530076266131,0.32418871484489803
111.55694317106985,0.3720248750350185
111.5608787155266,0.129603343191677
111.56481425998336,0.16928306424399217
111.5687498044401,0.24784626957291195
111.57268534889684,0.4701824448308045
111.5766208933536,0.28619984962532785
111.58055643781034,0.23550548996705956
111.5844919822671,0.07996946704218001
111.58842752672383,1.1192201043040706
111.5923630711806,1.6218070143094472
111.59629861563737,0.5455303283963483
111.6002341600941,0.4732340714049939
111.60416970455086,1.6196157480410396
111.6081052490076,0.9814708703101223
111.61204079346436,0.012592187797651555
111.61597633792113,0.4950517442279679
111.61991188237786,1.3456850389271386
111.62384742683462,0.8132326184384379
111.62778297129135,0.09048566491747559
111.63171851574812,0.6844865575099152
111.63565406020489,1.358474729171145
111.63958960466162,1.4426191603442409
111.64352514911836,1.3135765658719747
111.64746069357513,0.956210284809942
111.65139623803188,0.15828072965313425
111.65533178248862,0.938624998610429
111.65926732694535,3.0920623570378916
111.66320287140212,1.4442197186336876
111.66713841585889,0.8323739765478886
111.67107396031562,2.5231240305779514
111.67500950477238,1.5472688161774586
111.67894504922911,0.3530532058483083
111.68288059368588,0.12992055347635167
111.68681613814265,0.18173099038141172
111.69075168259938,0.10753664512125621
111.69468722705614,0.17987792145210033
111.69862277151287,0.7786382885873501
111.70255831596964,1.8841906268459678
111.7064938604264,1.549427997737416
111.71042940488314,0.17083127406799622
111.7143649493399,0.17887790966922232
111.71830049379663,0.06789038852248669
111.7222360382534,0.06941115982649769
111.72617158271017,0.048597523353249204
111.7301071271669,0.9746621947035561
111.73404267162364,1.5982120948622955
111.7379782160804,0.5873051474383103
111.74191376053714,0.28433311500518077
111.7458493049939,0.16230563634294956
111.74978484945063,0.4431353681045469
111.7537203939074,1.1357796505237092
111.75765593836417,1.702752316378046
111.7615914828209,1.401545190938922
111.76552702727766,0.2697917094957439
111.7694625717344,0.7006622067696474
111.77339811619116,1.9633310836351598
111.77733366064793,2.4728589453904792
111.78126920510466,1.2640583822705513
111.78520474956142,0.02049946893837611
111.78914029401815,0.9575540830911041
111.79307583847492,1.6770107346483747
111.79701138293169,2.191909759658763
111.80094692738842,2.25546136068099
111.80488247184518,0.443520098356845
111.80881801630191,1.0939851841950556
111.81275356075868,1.0217640970906685
111.81668910521542,0.3256308902574719
111.82062464967215,4.1777084395403286
111.82456019412892,4.209345104760635
111.82849573858569,0.8643581309072356
111.83243128304242,2.200242170680868
111.83636682749918,0.3208042280485586
111.84030237195591,2.083800122008782
111.84423791641268,3.924717924755607
111.84817346086945,0.5277367790635763
111.85210900532618,0.4003910394965551
111.85604454978294,1.4008408637090524
111.85998009423967,1.8274756014394977
111.86391563869644,1.7261673814277396
111.8678511831532,0.920167947354537
111.87178672760994,1.310311515922822
111.8757222720667,1.7639529517361738
111.87965781652343,0.6019199060333594
111.8835933609802,0.09800502655637525
111.88752890543694,0.5632401528871191
111.89146444989368,0.9698540874183083
111.89539999435044,0.6780854368587882
111.8993355388072,0.14553562344191673
111.90327108326396,0.453346549972532
111.9072066277207,0.923921931624118
111.91114217217743,1.914557809649444
111.9150777166342,0.943264253160857
111.91901326109095,0.6655845450853122
111.9229488055477,0.8379846027648109
111.92688435000446,0.16883291430972847
111.9308198944612,0.09237598300515068
111.93475543891796,1.2205229378176936
111.93869098337473,2.4099845364412267
111.94262652783146,0.3525935570597523
111.94656207228822,0.33565000167554404
111.95049761674495,0.6576306704363122
111.95443316120172,0.7061739570469558
111.95836870565849,0.04543183155315245
111.96230425011522,0.024767721654228265
111.96623979457196,0.5462056249836594
111.97017533902871,1.2984780353961896
111.97411088348548,0.2514942017877098
111.97804642794222,0.5330674263781252
111.98198197239896,0.05332697383884574
111.98591751685572,0.23986531707442296
111.98985306131247,0.21308888064709278
111.99378860576924,2.195919835950954
111.99772415022598,0.745187491733906
112.00165969468271,0.7097221396299311
112.00559523913948,1.1110796534149519
112.00953078359623,0.1615416076165659
112.01346632805298,0.4892072024196465
112.01740187250974,3.043216429873449
112.02133741696647,2.082180540407807
112.02527296142324,0.05672660636555691
112.02920850588,1.543410721147286
112.03314405033674,0.7641731473912999
112.0370795947935,0.10552878086518797
112.04101513925023,0.6094748504997529
112.044950683707,1.5777441905584817
112.04888622816374,0.45275460053514877
112.05282177262048,0.0016815097647216988
112.05675731707724,0.28450519943683
112.060692861534,1.3015078628698344
112.06462840599076,0.9872669325884815
112.0685639504475,0.2579109357123333
112.07249949490424,0.27050077140028456
112.076435039361,0.5369971255660414
112.08037058381775,1.646347638041768
112.0843061282745,2.8795506920899294
112.08824167273126,1.5816362732621185
112.092177217188,0.10266564154380402
112.09611276164476,0.16989476557567548
112.10004830610151,0.17643246991394465
112.10398385055828,0.050334137793172765
112.10791939501502,0.25596065971007775
112.11185493947175,0.0711849545087285
112.11579048392852,0.3779907771367476
112.11972602838529,0.9916917801447348
112.123661572842,0.7375094145913925
112.12759711729876,0.7422795905424489
112.13153266175551,1.5609388817565744
112.13546820621228,2.058168094761155
112.13940375066902,1.2619568301492592
112.14333929512576,1.2301032752363479
112.14727483958252,2.4576031069226434
112.15121038403927,1.7615355647391575
112.15514592849604,0.24729904054539256
112.15908147295278,0.023229214066544157
112.16301701740952,0.004620003101474547
112.16695256186628,0.1863491848052628
112.17088810632303,0.4616368987209351
112.1748236507798,0.7537351445300201
112.17875919523654,0.7191839981306293
112.18269473969328,0.50676011828548
112.18663028415004,0.44936465837637657
112.1905658286068,0.3343571861847715
112.19450137306356,0.23162529750538297
112.1984369175203,0.7517121257145495
112.20237246197703,0.857836417356355
112.2063080064338,0.30931544289745655
112.21024355089054,0.33918370118433017
112.21417909534728,1.7623010971341635
112.21811463980404,3.339882926913995
112.2220501842608,1.5631993941125084
112.22598572871756,0.09582118427431596
112.2299212731743,0.300271550442593
112.23385681763104,0.43544025942566206
112.2377923620878,1.4225684799396472
112.24172790654455,0.5493148138989878
112.2456634510013,0.9078717656589523
112.24959899545806,0.1805009004415608
112.2535345399148,0.7678195852413081
112.25747008437156,0.6647509295646322
112.26140562882831,0.8602175618288451
112.26534117328508,2.933995224819475
112.26927671774182,0.41158589362165027
112.27321226219856,0.7420602203202596
112.27714780665532,0.544387829270074
112.28108335111206,0.15515988094225533
112.2850188955688,0.8233706916641963
112.28895444002556,0.9316612868098754
112.29288998448231,1.110363551611243
112.29682552893908,0.39878626327079775
112.30076107339582,1.288383197378908
112.30469661785256,1.6927283375066604
112.30863216230932,1.9202401522169168
112.31256770676607,0.7033635370041413
112.31650325122284,0.64408105536491
112.32043879567958,1.2885482192148856
112.32437434013632,0.3308622165391401
112.32830988459308,1.723892042226742
112.33224542904983,0.9402160470567305
112.3361809735066,0.01721318001427908
112.34011651796334,0.9364356872505553
112.34405206242008,1.1976995295096193
112.34798760687684,0.42319877248191873
112.3519231513336,0.07628258623828328
112.35585869579032,1.527563831539668
112.35979424024708,3.5592182261478915
112.36372978470384,1.3546307118937195
112.3676653291606,0.06999241013604249
112.37160087361734,0.00698082327123783
112.37553641807408,0.2862716398534028
112.37947196253084,0.06337967681401975
112.3834075069876,0.06875509972405981
112.38734305144436,0.1873708160055147
112.3912785959011,1.4466086547508537
112.39521414035784,0.5167984461003239
112.3991496848146,0.7598389699415049
112.40308522927135,0.28886890094811773
112.4070207737281,0.6801865677880765
112.41095631818486,1.0076480199808682
112.4148918626416,0.08025169840740809
112.41882740709836,0.7161744638725364
112.42276295155511,0.1331247225861945
112.42669849601188,1.0004606921980186
112.43063404046862,0.08581697026021289
112.43456958492536,0.7343176427776901
112.43850512938212,0.4273127254646526
112.44244067383886,2.6300084232076024
112.4463762182956,1.5256125909194134
112.45031176275236,1.1748654693603466
112.45424730720912,2.953702419851573
112.45818285166588,0.6730057604664207
112.46211839612262,2.9870306078238795
112.46605394057936,0.6460493440140052
112.46998948503612,1.2451853366164964
112.47392502949288,1.855339392690959
112.47786057394964,0.6066744880403901
112.48179611840638,1.0481215132067259
112.48573166286312,1.692065900518107
112.48966720731988,1.333699070710736
112.49360275177663,0.3255770489133589
112.4975382962334,2.613798470374009
112.50147384069014,2.0029815033046536
112.50540938514688,0.9315790284428356
112.50934492960364,0.15731814427230015
112.51328047406038,0.270824637937721
112.51721601851712,1.2033657984222064
112.52115156297388,1.4538528449189068
112.52508710743064,0.6885512135694969
112.5290226518874,0.9612298787414794
112.53295819634414,1.4692294955045624
112.53689374080088,1.4962090633412943
112.54082928525764,0.0591412402648913
112.5447648297144,2.2942144219268936
112.54870037417116,1.101969898459042
112.5526359186279,0.004997722614222675
112.55657146308464,0.005118989987500097
112.5605070075414,1.1838821549649299
112.56444255199816,1.8434784117384202
112.56837809645492,0.4753717005624061
112.57231364091166,0.8380457662795255
112.5762491853684,1.1434700677189198
112.58018472982516,0.2831961811762836
112.58412027428191,0.47601051356875884
112.58805581873868,0.04406350778959759
112.5919913631954,0.43752700501086494
112.59592690765216,0.40129273550483496
112.59986245210892,0.6821074272362435
112.60379799656566,0.2992321725095524
112.6077335410224,0.7110418076895771
112.61166908547916,0.5940981076066425
112.61560462993592,1.3488663822863673
112.61954017439268,0.36951605056763825
112.62347571884942,3.8022379885942352
112.62741126330616,2.5427892343150025
112.63134680776292,0.5543592891561469
112.63528235221968,4.1266077808718
112.63921789667644,1.1907795530035146
112.64315344113318,0.9154311384033953
112.64708898558992,1.340836534830011
112.65102453004668,0.7334258830005389
112.65496007450344,0.06742879495710707
112.6588956189602,0.7454074878622832
112.66283116341694,0.5486193213741066
112.66676670787368,0.6893504798377235
112.67070225233044,0.434208407953134
112.67463779678718,0.39365562034728324
112.67857334124392,0.08197074472818273
112.68250888570068,0.37502045373401205
112.68644443015744,1.3087328310501658
112.6903799746142,1.0141339412379646
112.69431551907094,0.06671107886107289
112.69825106352768,0.2712113600839714
112.70218660798444,0.4652507030341192
112.7061221524412,0.13936095361523196
112.71005769689796,0.03659237075995942
112.7139932413547,0.4053884052828644
112.71792878581144,0.2577517455740052
112.7218643302682,0.46994958863923125
112.72579987472496,1.754667004175982
112.72973541918172,2.0664399725832836
112.73367096363846,1.1476448936800798
112.7376065080952,1.0141283838248891
112.74154205255196,1.9548107380233128
112.74547759700872,1.6658724411296508
112.74941314146544,0.3756251457019379
112.7533486859222,0.07603974966001592
112.75728423037896,0.4225036467120122
112.76121977483572,0.4453984329098271
112.76515531929246,0.010327333665592953
112.7690908637492,0.7221197241313311
112.77302640820596,1.9664791025499722
112.77696195266272,1.2769199988035957
112.78089749711948,0.16075108924189396
112.78483304157622,0.13170942557264265
112.78876858603296,0.6286037542315491
112.79270413048972,1.624987815960666
112.79663967494648,2.5590855274938553
112.80057521940324,2.966469494572863
112.80451076385998,1.8808983930620953
112.80844630831672,0.017158648544776414
112.81238185277348,2.280493151801883
112.81631739723024,3.95188032284393
112.820252941687,2.0776060391264624
112.82418848614374,0.7951755595629636
112.82812403060048,0.6440436158584196
112.83205957505724,1.40144684254467
112.83599511951398,1.380179573460648
112.83993066397072,0.38481150284955246
112.84386620842749,0.1287937251276109
112.84780175288424,0.3771540475946437
112.851737297341,0.05250478230629983
112.85567284179774,1.3886620584848326
112.8596083862545,1.6807792819389722
112.86354393071124,0.8877529087072676
112.867479475168,0.37643063526386805
112.87141501962476,0.16907420027272665
112.8753505640815,0.034540413885171754
112.87928610853824,1.2828163023548858
112.883221652995,2.4591608437176036
112.88715719745176,1.2963052814636011
112.89109274190852,0.8007437494927493
112.89502828636526,0.8000892972513823
112.898963830822,0.5236546258507423
112.90289937527876,0.18034177081458289
112.9068349197355,1.4152371413632905
112.91077046419224,1.571670235620102
112.914706008649,1.1657722797247336
112.91864155310576,0.3910922499914851
112.92257709756252,0.16532758101280767
112.92651264201926,0.19589333600443795
112.930448186476,0.8862043149009199
112.93438373093277,0.08142485444710117
112.93831927538952,3.5514529812931825
112.94225481984628,4.019545485728507
112.94619036430302,0.26371371866289156
112.95012590875976,3.7978039461451183
112.95406145321653,1.9572826067132127
112.95799699767328,3.8805265283252024
112.96193254213004,2.1773771137617115
112.96586808658678,0.04987312250777517
112.96980363104352,1.2254290294010626
112.97373917550028,1.3681098730715615
112.97767471995704,0.20682528875942074
112.98161026441376,1.8056046616939005
112.98554580887053,1.08223155980207
112.98948135332728,0.6179508592693795
112.99341689778404,3.004546279936315
112.99735244224078,1.2299965994773168
113.00128798669752,0.06424115862987094
113.00522353115429,0.1737477632834724
113.00915907561104,1.4617988420569596
113.0130946200678,4.412789283138287
113.01703016452454,1.6656865379133736
113.0209657089813,1.7565953989374283
113.02490125343805,2.0921276465882914
113.0288367978948,0.2839536696521984
113.03277234235156,2.735572791073816
113.0367078868083,1.4199647001553257
113.04064343126504,2.0395010034396273
113.0445789757218,0.9936049943318701
113.04851452017856,0.17454066620954253
113.05245006463532,0.2211763172236116
113.05638560909206,0.31108022781654016
113.0603211535488,0.39117877348896035
113.06425669800556,0.03030883511857771
113.0681922424623,0.33652376343446705
113.07212778691904,0.2963687842591402
113.0760633313758,0.1328349074303966
113.07999887583256,0.3857055423978941
113.08393442028932,0.35992092053988406
113.08786996474606,0.4854725996729331
113.0918055092028,0.6989017421561973
113.09574105365957,0.47260346068863823
113.09967659811632,0.07479249977599607
113.10361214257308,0.8229707039797172
113.10754768702982,0.9771651668079414
113.11148323148656,0.8997885476606126
113.11541877594333,0.06632027663248138
113.11935432040008,0.21572766103694244
113.12328986485684,0.5210824550842061
113.12722540931358,2.1790894996001913
113.13116095377032,2.002973251865334
113.13509649822709,0.2611627319092721
113.13903204268382,0.34267278942105117
113.14296758714056,0.6327939396135749
113.14690313159733,0.3918530873543449
113.15083867605408,0.3126282491427025
113.15477422051084,0.6904743404630661
113.15870976496758,0.7193929946129003
113.16264530942432,0.5312035116203971
113.16658085388109,0.588332971311474
113.17051639833784,0.9829977662925524
113.1744519427946,1.1068525276807215
113.17838748725134,0.48930377924536816
113.1823230317081,0.004257917145852589
113.18625857616485,0.5146570695689486
113.1901941206216,0.7375457349657559
113.19412966507836,0.3616499248156939
113.1980652095351,0.6412607704865121
113.20200075399184,0.3417548775184745
113.2059362984486,0.2430073498663757
113.20987184290536,0.09441008834633109
113.21380738736212,0.5434726915154064
113.21774293181883,0.8244936284409843
113.2216784762756,0.2591528537880861
113.22561402073237,0.05446792603797672
113.2295495651891,0.42655629012295004
113.23348510964586,0.2849586637743611
113.2374206541026,0.21062122776628028
113.24135619855936,0.09598959465148134
113.24529174301612,0.026539777565909934
113.24922728747286,0.6934056581794141
113.2531628319296,1.7161385081812188
113.25709837638637,0.5421351492477093
113.26103392084312,0.8134726511422865
113.26496946529988,1.3011101538054948
113.26890500975662,0.11915713703144983
113.27284055421336,0.7137417145871043
113.27677609867013,0.9632358707376527
113.28071164312688,0.11411585655896844
113.28464718758364,1.0729001055702043
113.28858273204038,1.8752678092457546
113.29251827649712,0.5179439839873982
113.29645382095389,0.3917314470902759
113.30038936541062,1.8481664435123362
113.30432490986738,0.5895271033485376
113.30826045432411,0.3192808804979864
113.31219599878088,0.9363930792668962
113.31613154323765,0.1939218646725508
113.32006708769438,0.12044923237478541
113.32400263215114,0.2536333098308609
113.32793817660789,0.07744032527689916
113.33187372106464,0.6674902205098617
113.3358092655214,1.1366070199083376
113.33974480997814,0.014339971842309824
113.3436803544349,1.2025387125953084
113.34761589889165,0.3339828932995647
113.3515514433484,0.6548956260461053
113.35548698780516,1.8720377639633001
113.3594225322619,0.531821719691692
113.36335807671864,1.1747086653712913
113.3672936211754,1.7110668038176922
113.37122916563216,1.053005414152294
113.3751647100889,1.1491682455530305
113.37910025454563,0.6985168601557786
113.3830357990024,2.3026818628113888
113.38697134345917,1.0150371585263886
113.3909068879159,0.5779046530898541
113.39484243237266,0.7210559126641353
113.3987779768294,0.03463959065190805
113.40271352128616,0.5538175963965943
113.40664906574293,0.06965380967732088
113.41058461019966,0.26301233826431714
113.41452015465642,0.45717742036551495
113.41845569911315,0.14396918894266414
113.42239124356992,0.30062046766324957
113.42632678802669,1.0793071943119175
113.43026233248342,1.142709360981584
113.43419787694016,0.5026063082824909
113.43813342139693,0.15155678518510035
113.44206896585368,0.425803486405664
113.44600451031044,0.9200830571109826
113.44994005476715,0.4523514929999743
113.45387559922392,0.0028369305122044326
113.45781114368069,0.25124479922575943
113.46174668813742,0.6391429864546717
113.46568223259418,0.44607228127280607
113.46961777705091,0.2425511212133459
113.47355332150768,0.5819850208656572
113.47748886596445,0.32643508573132496
113.48142441042118,0.14887174428403832
113.48535995487794,0.45909678924653646
113.48929549933467,0.1550214100170192
113.49323104379144,0.6462436958594356
113.4971665882482,1.8585920284215596
113.50110213270494,0.274727250345411
113.5050376771617,0.5896588769246176
113.50897322161843,0.6357876288040247
113.5129087660752,1.34708405380363
113.51684431053197,2.1878080527687636
113.5207798549887,0.31254382904021966
113.52471539944544,0.5993711031765628
113.5286509439022,0.4319360877871723
113.53258648835894,0.4407518873044134
113.5365220328157,0.895175321744563
113.54045757727243,0.24449083500508792
113.5443931217292,0.9122601206990736
113.54832866618597,0.6698901111735468
113.5522642106427,0.24748343227088185
113.55619975509946,0.29706631993575905
113.5601352995562,0.524570654843023
113.56407084401296,3.3713852459768177
113.56800638846973,2.715972052719891
113.57194193292646,0.3753132608523867
113.57587747738322,0.09422725999394185
113.57981302183995,0.6005305958891929
113.58374856629672,0.9292320955630494
113.58768411075349,0.6754746854012832
113.59161965521022,0.3350799407886132
113.59555519966698,1.3804141442593052
113.59949074412371,1.8522479283725348
113.60342628858048,1.3948832901171264
113.60736183303722,0.3709661407506166
113.61129737749395,0.36375836290944075
113.61523292195072,2.3768582291907197
113.61916846640749,3.332737281760348
113.62310401086422,1.8539711607268001
113.62703955532098,0.3154225859976845
113.63097509977771,0.5585028920708311
113.63491064423448,1.2457769850872333
113.63884618869125,1.7956162824467752
113.64278173314798,1.177303051311618
113.64671727760474,0.05856665209729648
113.65065282206147,0.5865291577622896
113.65458836651824,0.9102235712502975
113.658523910975,1.5296995051275508
113.66245945543174,0.7571432669721898
113.6663949998885,0.3330180708309079
113.67033054434523,1.6314460988820696
113.674266088802,0.9331863047832434
113.67820163325877,0.2910515375557151
113.6821371777155,0.09980444355052831
113.68607272217224,0.7318497249456317
113.690008266629,0.7285990595390093
113.69394381108576,0.750850978826194
113.6978793555425,1.5825247450135076
113.70181489999923,1.4732182524087398
113.705750444456,0.9644912425826501
113.70968598891275,0.8681766379419205
113.7136215333695,0.2078333818803283
113.71755707782626,2.092322005792186
113.721492622283,1.6560407581542747
113.72542816673976,0.9420883968074485
113.72936371119653,0.19538970079297743
113.73329925565326,2.154417921970793
113.73723480011002,0.852798727988741
113.74117034456675,0.6448858725605178
113.74510588902352,0.26716105017303254
113.74904143348029,0.8528871397533017
113.75297697793702,1.3153029382221917
113.75691252239378,0.33474463557768663
113.76084806685051,0.9239607633337595
113.76478361130728,0.890760454716671
113.76871915576402,1.0436149585580734
113.77265470022076,0.12814129356938772
113.77659024467752,2.0588116915132244
113.78052578913427,0.5711237277389906
113.78446133359104,0.49956942707410074
113.78839687804778,1.6534978567409255
113.79233242250451,2.451763795984683
113.79626796696128,2.029201503939067
113.80020351141803,0.8303173396405449
113.80413905587478,2.8827527590024666
113.80807460033154,4.59712714739619
113.81201014478827,0.50176478119405
113.81594568924504,2.887927710727976
113.8198812337018,3.558077650689661
113.82381677815854,0.12989789866704238
113.8277523226153,0.7693576710711053
113.83168786707203,0.827562917630976
113.8356234115288,0.4823226902290049
113.83955895598557,0.25893568740389267
113.84349450044228,0.1707786676211796
113.84743004489904,0.2759365843106043
113.8513655893558,0.7476073347539706
113.85530113381256,0.9510205086273406
113.8592366782693,0.38529265604443935
113.86317222272604,0.00047732909982095713
113.8671077671828,0.08557905281918998
113.87104331163955,0.1886367828100626
113.8749788560963,0.7327162754417851
113.87891440055306,1.3333216778347448
113.8828499450098,1.1537805058599864
113.88678548946656,1.4189025969860773
113.89072103392331,0.7838903164174487
113.89465657838008,0.385005399256702
113.89859212283682,3.828369883887313
113.90252766729355,2.4077305039276946
113.90646321175032,1.944895743640579
113.91039875620709,3.1695562161756623
113.91433430066382,1.547633207311415
113.91826984512058,3.3744383726976497
113.92220538957731,0.3725961467951153
113.92614093403408,2.774792952917877
113.93007647849082,4.188266198519335
113.93401202294756,0.18534013072842823
113.93794756740432,1.0247584888915786
113.94188311186107,0.5381494638519159
113.94581865631784,0.39228026692964163
113.94975420077458,1.6491477672641133
113.95368974523132,1.0110322115706463
113.95762528968808,0.33450313154557854
113.96156083414483,0.0010949617698554222
113.9654963786016,0.5106832270456063
113.96943192305834,0.17311582205590564
113.97336746751508,0.7470984597650631
113.97730301197184,2.005476019186644
113.9812385564286,1.327810660407636
113.98517410088536,5.090878640650342
113.9891096453421,5.131955137717008
113.99304518979883,0.5531251055704637
113.9969807342556,0.5506236314693541
114.00091627871234,1.0379836114055114
114.00485182316908,0.22281319703078353
114.00878736762584,0.209188769517093
114.0127229120826,1.2797409798081831
114.01665845653936,0.4087539104174862
114.0205940009961,0.6466316525897672
114.02452954545284,1.4826442561673052
114.0284650899096,0.15840588897058286
114.03240063436635,1.3574469251580052
114.0363361788231,0.26330745500233677
114.04027172327986,0.8379098245724341
114.0442072677366,1.1932309240893775
114.04814281219336,0.06315383953821506
114.05207835665011,0.06977442068908418
114.05601390110688,0.8276519284032808
114.05994944556362,1.6780308405674356
114.06388499002036,1.713843595151871
114.06782053447712,1.7032299759998693
114.07175607893387,0.365404465259262
114.0756916233906,0.8573704346322484
114.07962716784736,0.9880856346408166
114.08356271230411,2.120058762557028
114.08749825676088,0.8262944887882803
114.09143380121762,0.7275728469089191
114.09536934567436,0.831401513053463
114.09930489013112,0.09051299450833167
114.10324043458787,1.0150005767882369
114.10717597904464,1.0942505324291567
114.11111152350138,0.9682941130683543
114.11504706795812,1.6705653864038157
114.11898261241488,2.4869239273981885
114.12291815687163,0.3183671833965165
114.1268537013284,0.9365581903552321
114.13078924578514,0.5271502470014098
114.13472479024188,0.16714583833343286
114.13866033469864,1.1834636535849605
114.1425958791554,0.8649030273369402
114.14653142361216,0.2113313914599361
114.1504669680689,1.7247912502597933
114.15440251252564,1.6575153844672275
114.1583380569824,0.026842848822951026
114.16227360143914,1.1219954626564599
114.16620914589588,0.7017190334665737
114.17014469035264,1.2284377317414368
114.1740802348094,3.1013002011728656
114.17801577926616,3.6092911747101915
114.1819513237229,3.3422717308347605
114.18588686817964,1.2890179224447402
114.1898224126364,1.6946313141943934
114.19375795709315,0.5716429799059513
114.1976935015499,1.6044963756921853
114.20162904600666,4.440062267865601
114.2055645904634,4.8981162538158
114.20950013492016,3.9468756014314956
114.21343567937691,3.2439010781337987
114.21737122383368,2.845112541109837
114.22130676829042,1.2060700285081534
114.22524231274716,0.18471415710924283
114.22917785720392,0.2872122462938872
114.23311340166066,2.8312910293217564
114.2370489461174,4.464536713472759
114.24098449057416,2.9610297129786205
114.24492003503092,1.1724386725239586
114.24885557948768,0.4905728622667867
114.25279112394442,0.9960602934481753
114.25672666840116,0.920111399809236
114.26066221285792,0.41467000664962295
114.26459775731468,0.23260356255251868
114.26853330177144,0.9212846226662299
114.27246884622818,3.0943458420512093
114.27640439068492,3.5763375654533944
114.28033993514168,1.3518872117619747
114.28427547959843,0.4256890031934353
114.2882110240552,1.3233618779203429
114.29214656851194,1.9633684680493368
114.29608211296868,0.9145366342966835
114.30001765742544,0.7974437817710557
114.3039532018822,1.699883197423144
114.30788874633896,2.0573023190114084
114.31182429079568,1.4836728683994826
114.31575983525244,0.8988786891563979
114.3196953797092,0.18230868549324147
114.32363092416594,0.7004309499257506
114.32756646862268,2.126189937517121
114.33150201307944,4.130039659343974
114.3354375575362,4.421556187349439
114.33937310199296,3.5987840300703304
114.3433086464497,1.5621224119728914
114.34724419090644,0.6180891730912002
114.3511797353632,1.1191684139101443
114.35511527981996,0.8954246002780112
114.35905082427672,0.05755720651780509
114.36298636873346,0.26540976548626977
114.3669219131902,0.8913479033444914
114.37085745764696,1.646019789704507
114.37479300210371,0.6040987209032062
114.37872854656048,0.22765685017072868
114.38266409101722,0.3921989781065006
114.38659963547396,1.2785150897688615
114.39053517993072,1.1423443354610123
114.39447072438746,0.10320071077804659
114.3984062688442,1.0698427023688084
114.40234181330096,0.8273871758012218
114.40627735775772,0.059496257048061864
114.41021290221448,1.1284368772591888
114.41414844667122,1.3712074076706722
114.41808399112796,0.5969256792547246
114.42201953558472,0.5664535408475688
114.42595508004148,0.7780703613680513
114.42989062449824,2.1223414574408186
114.43382616895498,3.3628797287979806
114.43776171341172,1.0366881524573976
114.44169725786848,2.7054963771683007
114.44563280232524,3.005926430938675
114.449568346782,0.4467426163820385
114.45350389123874,0.7259414522852218
114.45743943569548,1.5045093100258398
114.46137498015224,3.9693619108307447
114.465310524609,2.159189079549101
114.46924606906572,0.12428341545823539
114.47318161352248,1.2866686903069346
114.47711715797924,0.47195379191495623
114.481052702436,1.4079145472756904
114.48498824689274,4.051775139856739
114.48892379134948,1.2923256663404667
114.49285933580624,0.11995236873164132
114.496794880263,0.24884146690530629
114.50073042471976,1.375261714053671
114.5046659691765,0.6903170939844664
114.50860151363324,3.0077067242257174
114.51253705809,2.2188174843211503
114.51647260254676,0.2222998306130073
114.52040814700352,0.5143961405676998
114.52434369146026,2.377193897147393
114.528279235917,2.2848842731206833
114.53221478037376,0.4689427849341571
114.53615032483052,0.44511681744513293
114.54008586928728,0.12141882887288255
114.544021413744,1.4497483001449216
114.54795695820076,0.5517133029023459
114.55189250265752,0.2140494789664103
114.55582804711426,0.59190366574618
114.559763591571,1.4374269624106606
114.56369913602776,3.2315949958996515
114.56763468048452,2.2974564249821605
114.57157022494128,0.7812067142934511
114.57550576939802,0.5199671578753673
114.57944131385476,0.07577799569614883
114.58337685831152,1.737902609126547
114.58731240276828,2.501993043080927
114.59124794722504,1.650425250165256
114.59518349168178,1.4634259939703345
114.59911903613852,2.048031116386202
114.60305458059528,3.160116319486585
114.60699012505204,2.5704816089414684
114.6109256695088,0.8311867754344755
114.61486121396554,0.11284813889068786
114.61879675842228,0.23209320994721785
114.62273230287904,0.7177920839785886
114.62666784733578,0.530966271034206
114.63060339179252,0.3702340478991855
114.63453893624929,0.7612194857475945
114.63847448070604,0.16512554372645077
114.6424100251628,0.217994963121178
114.64634556961954,0.3297828142841482
114.6502811140763,0.040595363670314466
114.65421665853304,0.42036353737870147
114.6581522029898,0.6057967599832363
114.66208774744656,0.09843045878721167
114.6660232919033,0.28826446095837266
114.66995883636004,0.20935024771446922
114.6738943808168,2.5073513080570513
114.67782992527356,4.510600267672451
114.68176546973032,3.126939017978118
114.68570101418706,2.1006824971501357
114.6896365586438,2.2766774669873304
114.69357210310056,1.810513793278721
114.69750764755732,0.7452380333528679
114.70144319201404,0.6530642802297197
114.7053787364708,0.9332006807764555
114.70931428092756,0.6413528986433975
114.71324982538432,0.49607791277163454
114.71718536984106,0.7212940033411661
114.7211209142978,1.0468624805523568
114.72505645875457,1.9122819322212403
114.72899200321132,1.0814803158184711
114.73292754766808,0.10728644568860488
114.73686309212482,0.20829550725175705
114.74079863658156,0.947559397506113
114.74473418103833,0.8222900523836857
114.74866972549508,0.009858259567874918
114.75260526995184,0.4667791854977976
114.75654081440858,0.26260708512007896
114.76047635886532,0.430934036479356
114.76441190332208,1.3801797124464836
114.76834744777884,0.6921512690165519
114.7722829922356,0.18378265305395777
114.77621853669234,0.5828881543910044
114.78015408114908,0.6812807358175333
114.78408962560584,0.6855210450842313
114.78802517006258,0.3670525450610908
114.79196071451932,0.06052117052346781
114.79589625897609,0.2656740895109689
114.79983180343284,0.36774467855961557
114.8037673478896,0.06051738848558568
114.80770289234634,0.7305495456276131
114.8116384368031,2.088593575448901
114.81557398125985,1.1749101542384148
114.8195095257166,0.1259376977906918
114.82344507017336,0.7460955643367528
114.8273806146301,0.4130470544249524
114.83131615908684,0.22980376162299732
114.8352517035436,0.21321852528846277
114.83918724800036,0.40123942633124177
114.84312279245712,1.0732879148037406
114.84705833691386,0.7553565378557545
114.8509938813706,0.2204613599203533
114.85492942582736,0.14449419251634968
114.8588649702841,0.2615800516517756
114.86280051474084,0.08612235978705962
114.8667360591976,0.2655124938563695
114.87067160365436,0.93644376935171
114.87460714811112,0.8067454691777062
114.87854269256786,1.4913070558566752
114.8824782370246,1.1877828264867656
114.88641378148137,0.07119719934735512
114.89034932593812,0.16651649351724246
114.89428487039488,0.27569433086870526
114.89822041485162,0.09599292274979855
114.90215595930836,0.14351026484009524
114.90609150376513,0.9535001285418933
114.91002704822188,1.3205732936126704
114.91396259267864,0.8453866501120477
114.91789813713538,0.1277238048022754
114.92183368159212,0.4528126854345959
114.92576922604889,1.539976776965722
114.92970477050564,1.1837574374549231
114.9336403149624,0.27008131053812384
114.93757585941913,0.010544019586871345
114.94151140387588,0.4719374888277158
114.94544694833264,0.7234948841000335
114.94938249278938,0.3870394386835411
114.95331803724612,1.9995758235294652
114.95725358170289,2.7846870054796207
114.96118912615964,1.466219012484331
114.9651246706164,0.36647655739961393
114.96906021507314,0.061316586048475945
114.9729957595299,0.259657948361489
114.97693130398665,0.6939268198640896
114.9808668484434,0.8992954872563863
114.98480239290016,0.8154097531934531
114.9887379373569,0.7198780376514312
114.99267348181364,0.44860764871099246
114.9966090262704,0.9420757680763062
115.00054457072716,1.1507423792994105
115.00448011518392,0.2857467748476648
115.00841565964066,0.18365468917094693
115.0123512040974,0.5074938772873303
115.01628674855417,0.2767326286810887
115.0202222930109,0.33819244375045426
115.02415783746764,0.7236950795869559
115.0280933819244,0.26757284633260353
115.03202892638116,0.004305969576130761
115.03596447083792,0.0720140460462213
115.03990001529466,0.08646537044943448
115.0438355597514,0.026572051118051044
115.04777110420817,0.14485233009573528
115.05170664866492,0.14883274090804327
115.05564219312168,0.16649494726825345
115.05957773757842,1.7636489268057896
115.06351328203516,2.382670833294948
115.06744882649193,1.1879376063414266
115.07138437094868,2.1103196589183275
115.07531991540544,1.697330042668748
115.07925545986218,0.5508777047704081
115.08319100431892,0.7318301279068687
115.08712654877569,0.29077828854295396
115.09106209323242,0.2733857267381924
115.09499763768918,0.2639042261632477
115.09893318214591,0.010397414384094616
115.10286872660268,0.6268646027450828
115.10680427105945,1.591569927646947
115.11073981551618,1.8250919425880252
115.11467535997294,1.0719196130752002
115.11861090442969,0.49479256797716176
115.12254644888644,1.7971334672736292
115.1264819933432,2.5088206026387123
115.13041753779994,0.617475909376552
115.1343530822567,0.538902602582379
115.13828862671345,2.2100209580194523
115.1422241711702,1.7512555602447755
115.14615971562696,1.0799767895320562
115.1500952600837,1.316781571521514
115.15403080454044,0.7499734479382159
115.1579663489972,0.10077543263210224
115.16190189345396,0.05631301388882953
115.16583743791072,0.2884360858484233
115.16977298236743,0.3397126160657141
115.1737085268242,0.7241259955450229
115.17764407128097,0.43997103833988327
115.1815796157377,0.24614889081305427
115.18551516019446,1.7444064779904682
115.1894507046512,1.3856719006177578
115.19338624910796,0.831377084183939
115.19732179356473,0.659312030412478
115.20125733802146,0.2194305578598724
115.20519288247822,0.983553623950535
115.20912842693495,3.246938038124888
115.21306397139172,4.0558451101034185
115.21699951584849,2.4278282555787523
115.22093506030522,0.20593422219544744
115.22487060476196,0.2935675874473634
115.22880614921873,0.19577924106403483
115.23274169367548,0.6409360034638781
115.23667723813224,0.11217245475593939
115.24061278258898,0.26801793731533446
115.24454832704572,0.31647185540841344
115.24848387150249,1.7711862385356656
115.25241941595922,1.3040632634527336
115.25635496041598,0.5388327550148599
115.26029050487271,0.21887781914502435
115.26422604932948,0.17350454025593237
115.26816159378625,0.2143928614966071
115.27209713824298,0.2501381851087254
115.27603268269974,0.750398117682067
115.27996822715647,2.2558039212217746
115.28390377161324,2.863816150615915
115.28783931607,0.6450769572646263
115.29177486052674,0.13977880502833803
115.2957104049835,1.2422193014871075
115.29964594944023,1.1004017220749074
115.303581493897,0.23753253494308627
115.30751703835377,2.2665430602435617
115.3114525828105,0.4962823397737238
115.31538812726724,0.057432308557149356
115.319323671724,0.2788683058639781
115.32325921618076,2.925289377426662
115.3271947606375,3.211435627888808
115.33113030509423,1.7198993832078255
115.335065849551,0.42707842448210387
115.33900139400777,2.273861918022018
115.3429369384645,1.2632993066422564
115.34687248292126,0.469501434218548
115.350808027378,1.1363337192473442
115.35474357183476,0.24729709109944378
115.35867911629153,3.3962312881850245
115.36261466074826,2.3657124109830123
115.36655020520502,0.49986653543624343
115.37048574966175,0.27065971232798075
115.37442129411852,0.1804442211417974
115.37835683857529,1.8979918784520708
115.38229238303202,1.3585547516171972
115.38622792748878,0.02529700894538379
115.39016347194551,0.018319070023668504
115.39409901640228,0.8379935278890319
115.39803456085905,3.016828079654576
115.40197010531578,1.812532892921259
115.40590564977252,1.342279705418583
115.40984119422929,1.4538680181706332
115.41377673868602,0.8447524702681763
115.41771228314278,0.5056960012617435
115.42164782759951,0.5577650734905448
115.42558337205628,1.133707166687003
115.42951891651305,1.117601306477104
115.43345446096978,2.1101075636920776
115.43739000542654,3.6854896992531
115.44132554988327,1.922031560457238
115.44526109434004,0.10573068148737318
115.4491966387968,0.15817960605668743
115.45313218325354,1.4991843531020392
115.4570677277103,3.591895951111686
115.46100327216703,2.2597747416912997
115.4649388166238,0.44117296296062375
115.46887436108057,0.18459083850983668
115.4728099055373,0.46651322005639845
115.47674544999406,0.48553985586426407
115.4806809944508,0.3361353716534781
115.48461653890756,1.3737124409751331
115.4885520833643,3.0080915140699758
115.49248762782103,2.97049890029365
115.4964231722778,0.8593261026743133
115.50035871673455,0.6487359163345914
115.5042942611913,2.23648483761855
115.50822980564806,2.7667314096407414
115.5121653501048,2.278748770611069
115.51610089456156,0.932620130212059
115.52003643901833,0.8058105129308913
115.52397198347506,2.463962439543037
115.52790752793182,2.6161200414458157
115.53184307238855,1.5544556758963828
115.53577861684532,1.3864702174604109
115.53971416130209,0.8370854367959346
115.54364970575882,0.5545578758795859
115.54758525021558,1.299031528579126
115.55152079467231,1.1270767259763113
115.55545633912908,0.36245706241639625
115.55939188358585,0.05442353927444063
115.56332742804256,0.003003537918922505
115.56726297249932,0.11015067085058264
115.57119851695607,0.3279083358309068
115.57513406141284,0.759268272143166
115.57906960586958,1.5366867761922212
115.58300515032631,1.8701499954401033
115.58694069478308,0.9978789140799745
115.59087623923983,0.10617115981110083
115.59481178369658,0.05883323730821594
115.59874732815334,0.19098440542669243
115.60268287261007,0.4914378656001859
115.60661841706684,0.8634117053938981
115.6105539615236,0.5938764213154146
115.61448950598034,0.2875286118837723
115.6184250504371,0.46848297707036934
115.62236059489383,0.21707935973165254
115.6262961393506,0.27245963975427717
115.63023168380737,0.9300510718141384
115.6341672282641,0.2393504359043876
115.63810277272084,0.8656920301085357
115.6420383171776,3.239407208141525
115.64597386163436,2.242889536542119
115.6499094060911,0.8584638047204659
115.65384495054784,0.6580938063307807
115.6577804950046,0.7960219997661669
115.66171603946135,3.5364215822381673
115.6656515839181,3.1038073174645615
115.66958712837486,1.2130087014578785
115.6735226728316,0.8100012464241974
115.67745821728836,0.10595435325171117
115.68139376174511,0.057218566996041886
115.68532930620188,0.8102525735841555
115.68926485065862,1.7454495669884116
115.69320039511535,1.383869368220728
115.69713593957212,1.0729221907134274
115.70107148402889,0.4047772006348184
115.70500702848562,0.847376242575305
115.70894257294238,1.1756944342443163
115.71287811739911,0.7046594064309314
115.71681366185588,0.5573980897879299
115.72074920631262,0.736608758705603
115.72468475076936,0.579810166823569
115.72862029522612,0.72653676835748
115.73255583968287,0.8201367080112545
115.73649138413964,0.4903326796762872
115.74042692859638,0.10698644545090197
115.74436247305312,0.26021882671137847
115.74829801750988,0.08319787394801638
115.75223356196663,0.01469048720619381
115.7561691064234,0.028912299831117393
115.76010465088014,0.6402786913487767
115.76404019533688,0.42388902195741934
115.76797573979364,0.2810109402612283
115.7719112842504,0.7991393389440988
115.77584682870716,0.3872723076434582
115.7797823731639,1.321329904195553
115.78371791762063,1.2941716419612366
115.7876534620774,0.21443519965690272
115.79158900653417,0.017327894017417814
115.79552455099088,0.21247573395922367
115.79946009544764,0.3222127248114317
115.8033956399044,0.12713555503381235
115.80733118436116,1.1813161310771394
115.8112667288179,1.7335275459198656
115.81520227327464,0.7894755602152291
115.8191378177314,0.35803695129503516
115.82307336218815,0.3651005156394545
115.8270089066449,0.256349479106621
115.83094445110166,0.1684204634887936
115.8348799955584,0.06305342971867933
115.83881554001516,0.11776517514916836
115.84275108447191,0.3308592887633505
115.84668662892868,0.003806248745526251
115.85062217338542,0.5053942686297064
115.85455771784216,0.5754169040644479
115.85849326229892,0.17268074730027075
115.86242880675567,0.9032930902410846
115.86636435121244,0.2289659994205623
115.87029989566918,0.8689240658598839
115.87423544012591,0.6859024347116168
115.87817098458268,0.8761402890999053
115.88210652903942,0.11932345710957037
115.88604207349616,2.1733543439535477
115.88997761795292,3.046482615880921
115.89391316240967,0.7609916330137377
115.89784870686644,4.96262447356891
115.90178425132318,2.1574038139672256
115.90571979577992,1.2679179752605676
115.90965534023668,2.6175563303019733
115.91359088469343,0.6479650686424518
115.9175264291502,0.7516898523351472
115.92146197360694,0.5348140738926593
115.92539751806368,0.1450434962969155
115.92933306252044,0.8547114919643769
115.9332686069772,1.0713780806496078
115.93720415143396,0.7510970979723405
115.9411396958907,0.01801360121301882
115.94507524034744,0.3821690310528408
115.9490107848042,0.025712578454867976
115.95294632926094,0.15396833437751842
115.95688187371768,0.4487072540321445
115.96081741817444,4.301641539693794
115.9647529626312,4.65410665246118
115.96868850708796,1.0496313587685426
115.9726240515447,0.3557216726034661
115.97655959600144,2.6901259718030293
115.9804951404582,1.061246765785611
115.98443068491495,0.25530203018501685
115.9883662293717,1.1386402260973159
115.99230177382846,0.7196847710302038
115.9962373182852,0.04209878958903163
116.00017286274196,1.080353516265719
116.00410840719871,1.589015605244293
116.00804395165548,0.3140230658984844
116.01197949611222,0.21173310200986672
116.01591504056896,0.6127651546016125
116.01985058502572,1.0136000867711028
116.02378612948247,0.31271567491214763
116.02772167393924,2.0606048526664136
116.03165721839596,0.47720620392923263
116.03559276285272,1.4387215658297974
116.03952830730948,1.5156436111131826
116.04346385176622,4.109523750185754
116.04739939622296,3.9120793114437378
116.05133494067972,0.2004740609194811
116.05527048513648,1.4941985382547014
116.05920602959324,0.20782459155002617
116.06314157404998,1.3853262976183414
116.06707711850672,1.3031143811647874
116.07101266296348,0.6080070860431829
116.07494820742023,0.10241432327389202
116.078883751877,0.6432959538470098
116.08281929633374,1.0144159720345767
116.08675484079048,0.6810625038747927
116.09069038524724,1.5366516338897904
116.094625929704,1.342653558649948
116.09856147416076,0.8489597157182309
116.1024970186175,0.283691922014009
116.10643256307424,0.012624631171088627
116.110368107531,0.1274995083849286
116.11430365198774,0.0112467317815167
116.11823919644448,0.02561162729463772
116.12217474090124,0.1471655991349056
116.126110285358,0.7873647596386666
116.13004582981476,0.4184156167511655
116.1339813742715,0.17521692205640113
116.13791691872824,0.16518726955712384
116.141852463185,1.2285533700252242
116.14578800764176,0.41066664512397183
116.14972355209852,0.3267338437532719
116.15365909655526,0.8831971826241269
116.157594641012,1.0865166000403
116.16153018546876,0.9215233416048175
116.16546572992551,0.6138684004980253
116.16940127438228,1.6434639265267037
116.17333681883902,0.48591677606170036
116.17727236329576,0.04411905690182133
116.18120790775252,0.6887476268677393
116.18514345220926,1.7084898721277337
116.189078996666,1.096754259034517
116.19301454112276,0.2707161013955423
116.19695008557952,0.04818986101438908
116.20088563003628,0.4391267664245044
116.20482117449302,1.6062159813428314
116.20875671894976,0.5805396973583035
116.21269226340652,0.24499150255630409
116.21662780786328,0.3086827244064657
116.22056335232004,1.2779779061948302
116.22449889677678,2.7947562873917833
116.22843444123352,0.016137508423397035
116.23236998569028,3.3689688969955633
116.23630553014704,1.1466229915249648
116.2402410746038,1.2589646280901272
116.24417661906054,2.8551031616276377
116.24811216351728,0.5457795919256423
116.25204770797404,0.28918149533927884
116.2559832524308,0.5250973405143919
116.25991879688756,3.4560783564510174
116.26385434134428,1.553357860216347
116.26778988580104,0.13469751623411633
116.2717254302578,1.5990495499358635
116.27566097471454,1.4166912620516678
116.27959651917128,1.2627234094548268
116.28353206362804,0.9112441085164122
116.2874676080848,0.6064022515783497
116.29140315254156,0.9437414547154255
116.2953386969983,0.7906004025468564
116.29927424145504,0.5739027552606044
116.3032097859118,0.24768860306894222
116.30714533036856,0.3004614525184958
116.31108087482532,1.2470990615733575
116.31501641928206,1.3071786741085245
116.3189519637388,1.666723004724174
116.32288750819556,1.922709540322855
116.32682305265232,1.2391248705794917
116.33075859710908,1.0796480226220393
116.33469414156582,0.6217708842228359
116.33862968602256,0.2958242061724369
116.34256523047932,2.439700494721205
116.34650077493606,0.5409526996248776
116.3504363193928,1.6239759960184732
116.35437186384956,3.171675818654394
116.35830740830632,0.45458144903579173
116.36224295276308,0.15638939174529617
116.36617849721982,0.0016684539897916261
116.37011404167656,0.08778824524839501
116.37404958613332,0.2861359181928675
116.37798513059008,2.4564315430206873
116.38192067504684,1.798986749530137
116.38585621950358,0.004395030943949847
116.38979176396032,1.0545347530099292
116.39372730841708,1.7933783431818728
116.39766285287384,2.317562507304594
116.4015983973306,2.2621294308833786
116.40553394178734,0.7892438207051983
116.40946948624408,0.158883873295036
116.41340503070084,1.1084821366346642
116.4173405751576,1.9562474040521867
116.42127611961432,1.1715420270457926
116.42521166407109,1.2963100299474188
116.42914720852784,2.157129317416663
116.4330827529846,1.3039246762145176
116.43701829744134,0.4207944096193736
116.4409538418981,0.14441586429973316
116.44488938635484,0.12143846919714074
116.4488249308116,0.5297872677863794
116.45276047526836,2.1300014659265543
116.4566960197251,1.3839542138616632
116.46063156418184,0.18427613993540504
116.4645671086386,0.015120339186323542
116.46850265309536,0.78168209538822
116.47243819755212,1.3289545527591957
116.47637374200886,0.6738267404608588
116.4803092864656,0.08690410747430871
116.48424483092236,0.4279494218439292
116.48818037537912,1.5188851832042223
116.49211591983588,0.8697210755229308
116.49605146429262,0.1406140651353129
116.49998700874936,0.15149489496689947
116.50392255320612,0.037357397243541104
116.50785809766286,0.5838894817300982
116.5117936421196,0.8355651877367377
116.51572918657637,0.5457316779747609
116.51966473103312,1.9558409634027516
116.52360027548988,0.6214517655948513
116.52753581994662,1.8356514305867668
116.53147136440336,0.9450914082762839
116.53540690886012,0.34986353594468145
116.53934245331688,1.2607994122853368
116.54327799777364,1.6649371429593358
116.54721354223038,1.0393025530723858
116.55114908668712,0.4454562195419956
116.55508463114388,3.0416914146212135
116.55902017560064,1.1143515023266581
116.5629557200574,0.17746296893860905
116.56689126451414,0.6217352190683605
116.57082680897088,0.8631599728205327
116.57476235342764,0.03098452986456556
116.57869789788438,1.1271980365028487
116.58263344234112,0.5397793965428691
116.58656898679789,1.8871965615198216
116.59050453125464,1.9254736932069527
116.5944400757114,1.0626064632895607
116.59837562016814,2.2277127308391744
116.6023111646249,0.7233782510670373
116.60624670908165,0.022355103526587785
116.6101822535384,0.2603253591677514
116.61411779799516,1.3786232793710675
116.6180533424519,1.7949251369357442
116.62198888690864,0.5414164704208081
116.6259244313654,0.5400630475274739
116.62985997582216,0.4303379596228998
116.63379552027892,1.1082350749917218
116.63773106473566,2.340239610148999
116.6416666091924,1.14620362466131
116.64560215364916,0.25278424097810975
116.64953769810592,0.27069045734337
116.65347324256268,1.7140777474211248
116.6574087870194,1.5164404287047049
116.66134433147616,0.5638556887922037
116.66527987593292,0.29847052354882225
116.66921542038966,0.3721843500587309
116.6731509648464,0.328375801592311
116.67708650930317,0.556248581689643
116.68102205375992,0.09440411260807915
116.68495759821668,0.13293891720405646
116.68889314267342,0.29303831668784985
116.69282868713016,1.1238131449487623
116.69676423158693,0.3796062520669265
116.70069977604368,0.44662342490217655
116.70463532050044,1.734394384654188
116.70857086495718,0.6447658117525283
116.71250640941392,0.21389665538871805
116.71644195387069,0.6076152086447978
116.72037749832744,0.32665323882371355
116.7243130427842,0.09412499602300332
116.72824858724094,0.2079418481329373
116.7321841316977,1.027053927171439
116.73611967615444,0.8758398707451068
116.74005522061118,0.7365510317014982
116.74399076506792,0.8829562148215027
116.74792630952469,0.08896961996577564
116.75186185398144,0.1549595510168653
116.7557973984382,0.5204305196668939
116.75973294289494,0.5512969009007386
116.7636684873517,0.05096466476206626
116.76760403180845,1.090995888159127
116.7715395762652,1.2390161597736133
116.77547512072196,0.5773957268442704
116.7794106651787,0.3208905881350113
116.78334620963544,0.08513823902254726
116.7872817540922,0.07208911366732884
116.79121729854896,0.3095342536113371
116.79515284300572,0.29990449475696385
116.79908838746246,0.5264354073226686
116.8030239319192,0.4153449532593985
116.80695947637597,1.1387480805544563
116.8108950208327,1.5335682969365347
116.81483056528944,1.4518772278143082
116.8187661097462,1.1816006931967253
116.82270165420296,0.04330319084191083
116.82663719865972,1.184325279723091
116.83057274311646,0.8238256743418134
116.8345082875732,0.0412716553741095
116.83844383202997,1.1981017992967944
116.84237937648672,2.3742047286448424
116.84631492094348,1.2001588802417025
116.85025046540022,0.34546718152260025
116.85418600985696,0.504708223457743
116.85812155431373,0.31101797248954877
116.86205709877048,0.719502485968177
116.86599264322724,0.2565937823305472
116.86992818768398,2.9269823935152974
116.87386373214072,2.303629102322886
116.87779927659749,2.5743674885990337
116.88173482105424,1.4598543541806706
116.885670365511,0.07224486381277319
116.88960590996771,0.21007747464567664
116.89354145442448,0.8586374130278271
116.89747699888125,2.645356740670266
116.90141254333798,0.41072140357527326
116.90534808779474,0.10071302436561863
116.90928363225149,1.1573378191779762
116.91321917670824,3.929566142004679
116.917154721165,0.904949554755689
116.92109026562174,1.4776602228608573
116.9250258100785,3.7510681984694374
116.92896135453525,1.6370086359319247
116.932896898992,0.6313601332591784
116.93683244344876,0.8095463305675685
116.9407679879055,0.06458586032196752
116.94470353236224,1.2606950759362754
116.948639076819,2.7773838846689403
116.95257462127576,1.5303512690176075
116.95651016573252,0.36578482702343706
116.96044571018926,0.5311027584762565
116.964381254646,2.4018308316405146
116.96831679910277,1.0127672189780563
116.9722523435595,0.2907827463511293
116.97618788801626,0.21535303640251166
116.980123432473,0.2156143318612322
116.98405897692976,0.2577321419895741
116.98799452138653,0.463676118157698
116.99193006584326,0.3732170899648564
116.99586561030002,1.1589827765022511
116.99980115475675,1.172133221807506
117.00373669921352,1.129331981215675
117.00767224367029,2.456003866003244
117.01160778812702,1.1212841525006378
117.01554333258376,0.07379525181940563
117.01947887704053,0.9925256661662449
117.02341442149728,3.760252047898651
117.02734996595404,3.1868208201437698
117.03128551041078,0.26675404092852684
117.03522105486752,0.2808496480864147
117.03915659932429,1.010903777986899
117.04309214378104,2.0372774196462915
117.04702768823778,1.1500450750854212
117.05096323269451,0.07375729007913516
117.05489877715128,0.30652514799435276
117.05883432160805,0.8315702701811886
117.06276986606478,0.5735418026215182
117.06670541052154,0.3129280775147307
117.07064095497827,0.6569492790756795
117.07457649943504,0.4026540383087618
117.0785120438918,0.28820102498867417
117.08244758834854,0.22328491796851704
117.0863831328053,0.3694219306402318
117.09031867726203,0.7284747586047081
117.0942542217188,0.7836952243016047
117.09818976617557,0.899040503397102
117.1021253106323,0.7294318989814438
117.10606085508904,0.4390532845692001
117.1099963995458,0.033527357722757
117.11393194400256,0.14716238423736733
117.11786748845932,0.15423060881841408
117.12180303291606,1.0161996562042388
117.1257385773728,2.2413949093110657
117.12967412182957,1.5945208227126064
117.1336096662863,0.6082921379946646
117.13754521074306,0.11548591502649484
117.1414807551998,0.21222814593750425
117.14541629965656,0.5845682918306596
117.14935184411333,0.1363805788907223
117.15328738857006,0.28950929008396814
117.15722293302682,0.04792976514296193
117.16115847748355,1.261806628065736
117.16509402194032,1.4169528971363858
117.16902956639709,0.017526230292801013
117.17296511085382,0.6041543610351463
117.17690065531058,0.5330158789925058
117.18083619976731,0.14254456895408962
117.18477174422408,0.15172105923160342
117.18870728868085,0.2650569760352147
117.19264283313758,1.0513097948184458
117.19657837759434,1.6332772058191147
117.20051392205109,0.8196395193197569
117.20444946650782,0.2545999884450477
117.20838501096458,0.08809498932222505
117.21232055542131,0.044299923610359
117.21625609987808,0.7744138696283853
117.22019164433485,1.4684813990552175
117.22412718879158,0.7447063888967618
117.22806273324834,0.08002415581822996
117.23199827770507,0.021020569210935775
117.23593382216184,0.01770962884258002
117.2398693666186,0.017886295252233408
117.24380491107534,0.2854159524013146
117.2477404555321,1.5106760080348394
117.25167599998883,1.2508793271950989
117.2556115444456,0.03490975831235805
117.25954708890237,1.3564952191731587
117.2634826333591,1.5009655926561916
117.26741817781586,0.15905771966371357
117.2713537222726,0.14434872609097568
117.27528926672936,0.4081129582113035
117.27922481118613,0.8853426116212271
117.28316035564283,0.8100371840083677
117.2870959000996,0.00042135865700631853
117.29103144455637,1.0885571425211955
117.2949669890131,1.617656197571119
117.29890253346986,0.5374270892745204
117.3028380779266,0.08427274596407651
117.30677362238336,1.3784592119953014
117.31070916684013,1.961760041096055
117.31464471129686,0.9753349293883868
117.31858025575362,0.7681949208667888
117.32251580021035,0.8882219152127189
117.32645134466712,0.6116929408239321
117.33038688912389,0.2394834350473605
117.33432243358062,0.02119091092220932
117.33825797803738,0.41315137196641116
117.34219352249411,0.5717511300483764
117.34612906695088,0.2626888952083716
117.35006461140765,3.4831042922352595
117.35400015586438,3.98967233130595
117.35793570032112,0.13949687873220004
117.36187124477787,2.5753350943745694
117.36580678923464,2.562172738674529
117.36974233369138,0.002595245596062119
117.37367787814811,1.256172661270282
117.37761342260488,0.6203366825180343
117.38154896706163,0.3788431310285726
117.38548451151838,1.7175337722356476
117.38942005597514,0.5408608871743541
117.39335560043187,0.5331612102111353
117.39729114488864,2.6331544278048393
117.4012266893454,1.242233313704341
117.40516223380214,0.8258304646154501
117.4090977782589,1.4707969517520871
117.41303332271563,0.1674341503292385
117.4169688671724,1.4480724739870654
117.42090441162917,1.1523844686491806
117.4248399560859,3.9580542191095276
117.42877550054266,3.0477653870140635
117.4327110449994,0.9716496607992934
117.43664658945616,2.849478710451564
117.4405821339129,1.119690312154992
117.44451767836964,3.9553666470558912
117.4484532228264,2.5598653455818012
117.45238876728315,0.02617518581139842
117.4563243117399,0.17181377233220105
117.46025985619666,0.6163642858173799
117.4641954006534,0.7910271981710912
117.46813094511016,0.01671901490775307
117.47206648956691,0.9300429140752791
117.47600203402368,1.129664576519877
117.47993757848042,0.33923942315713956
117.48387312293715,0.11692341079420544
117.48780866739392,0.3925753517228421
117.49174421185069,0.15736102978084845
117.49567975630742,0.680225657223571
117.49961530076418,3.0518466614204445
117.50355084522091,1.9845354366955927
117.50748638967768,0.06390299421625778
117.51142193413445,0.5759212123755234
117.51535747859116,0.9443069959375687
117.51929302304792,2.082647062070165
117.52322856750467,3.379867646144715
117.52716411196144,1.9177810282382854
117.53109965641818,1.893477185807608
117.53503520087492,2.056350845937715
117.53897074533168,0.5183213070671997
117.54290628978843,0.16117171286093934
117.5468418342452,0.779601654158371
117.55077737870194,3.467444046316816
117.55471292315868,1.6550955653444315
117.55864846761544,1.1473605976087005
117.5625840120722,4.916527564348936
117.56651955652896,3.3408979903273437
117.5704551009857,0.7693212201384755
117.57439064544243,0.11181565394293468
117.5783261898992,0.09394562734441202
117.58226173435597,0.3466796061824405
117.5861972788127,0.6655496320960546
117.59013282326946,1.191189647736366
117.5940683677262,0.9278103905590198
117.59800391218296,0.6633484832026152
117.6019394566397,0.6669736402128869
117.60587500109644,0.3339988707726823
117.6098105455532,0.1540814694897565
117.61374609000995,0.0009626324492513925
117.6176816344667,0.44852724365117397
117.62161717892346,0.9598068201771536
117.6255527233802,0.6938403473604083
117.62948826783696,0.4720053037729053
117.63342381229371,0.1539995581451651
117.63735935675048,0.048082198232959686
117.64129490120722,0.027188209233610778
117.64523044566396,0.05660038170749865
117.64916599012072,0.3571250084271489
117.65310153457747,0.8687362985558448
117.65703707903424,0.669606355136991
117.66097262349098,0.1103248743295824
117.66490816794771,0.2669773212654061
117.66884371240448,1.0475533723396087
117.67277925686122,0.6705825655304748
117.67671480131796,0.008419222042183329
117.68065034577472,1.2090800524078236
117.68458589023147,2.4336540356645515
117.68852143468824,1.518459211075106
117.69245697914498,0.30575010248643564
117.69639252360172,0.7099788175356329
117.70032806805848,1.4492442011374156
117.70426361251523,0.8252701561216614
117.708199156972,0.5570697797252725
117.71213470142874,0.7863114299202979
117.71607024588548,0.35242944942249893
117.72000579034224,1.2112452082994192
117.723941334799,1.022869688088305
117.72787687925576,0.8497687761858732
117.7318124237125,1.278810769193907
117.73574796816924,0.9572211920722717
117.739683512626,0.3127385760838862
117.74361905708275,0.1035354875459847
117.7475546015395,0.6597622190208973
117.75149014599624,0.3270134861743575
117.755425690453,0.34109429672064806
117.75936123490976,0.5281049088325979
117.7632967793665,0.4136946151538562
117.76723232382324,0.40487364196986897
117.77116786828,0.3154477835708302
117.77510341273675,0.09525524243802305
117.7790389571935,0.5913245250943356
117.78297450165026,0.27183050161765365
117.786910046107,0.07013436099272503
117.79084559056376,0.3042798978937027
117.79478113502051,0.25120233451543866
117.79871667947728,0.05421802411196984
117.80265222393402,0.4113544751686597
117.80658776839076,0.3021175687664803
117.81052331284752,0.2005520635983685
117.81445885730427,0.02289582591862865
117.81839440176104,0.26779940552585746
117.82232994621778,0.06911407320799734
117.82626549067452,0.12528975613295687
117.83020103513128,0.35678906130145316
117.83413657958802,1.3927036096249623
117.83807212404476,0.8240167653285143
117.84200766850152,0.2619348805101654
117.84594321295828,0.722628672319762
117.84987875741504,0.8621038807863003
117.85381430187178,0.06858256744000954
117.85774984632852,0.8957815230222025
117.86168539078528,0.8865190687077404
117.86562093524203,0.5517784710958098
117.8695564796988,0.697450950441409
117.87349202415554,0.06759980499783365
117.87742756861228,1.4024627280099917
117.88136311306904,0.4734238930570293
117.8852986575258,0.40528544544148987
117.88923420198256,1.4213341272397284
117.8931697464393,0.7583685267109439
117.89710529089604,0.9591013751114768
117.9010408353528,0.8972769546724912
117.90497637980954,0.7331596460249572
117.90891192426628,0.22541447124285574
117.91284746872304,0.14989176855509587
117.9167830131798,0.31089460908984135
117.92071855763656,1.9270172677392836
117.9246541020933,0.8101732679583241
117.92858964655004,0.24801866136276005
117.9325251910068,0.6952210847205343
117.93646073546356,0.06278614301362474
117.94039627992032,1.322852946653221
117.94433182437706,1.1617852274609473
117.9482673688338,0.5390489184418222
117.95220291329056,0.48821101418882507
117.95613845774731,0.5019704578767011
117.96007400220408,0.6478457681801435
117.96400954666082,0.31730023524933265
117.96794509111756,0.3062609808924796
117.97188063557432,0.9190269695372443
117.97581618003107,0.1348687571566604
117.97975172448784,0.5143595041044784
117.98368726894456,0.03575795651864886
117.98762281340132,2.2066788920431195
117.99155835785808,2.7632006139366565
117.99549390231482,0.9429364879691473
117.99942944677156,0.8538153165180228
118.00336499122832,1.7994049122414977
118.00730053568508,0.5082550676311053
118.01123608014184,0.19645294184252526
118.01517162459858,0.49674031710583283
118.01910716905532,0.07708890117848646
118.02304271351208,0.6488587166031964
118.02697825796884,0.6367894012815561
118.0309138024256,0.29937000345986
118.03484934688234,0.6491139660665657
118.03878489133908,1.2378558090626046
118.04272043579584,0.902694839035487
118.0466559802526,0.55217175132315
118.05059152470936,1.080284877409397
118.0545270691661,1.0472280160551728
118.05846261362284,0.6856326561534619
118.0623981580796,1.2732621516660854
118.06633370253634,2.358676410198611
118.07026924699308,2.213693290097396
118.07420479144984,1.462299393411461
118.0781403359066,0.45352862433228724
118.08207588036336,0.3094412964257592
118.0860114248201,0.43054674224786066
118.08994696927684,0.7353786710368518
118.0938825137336,1.4769716127682624
118.09781805819036,0.30528371624384215
118.10175360264712,0.2455745048050836
118.10568914710386,0.2060138792532674
118.1096246915606,0.4724337907234882
118.11356023601736,1.615546427336325
118.11749578047412,1.447035585713469
118.12143132493088,1.7355146851525631
118.12536686938762,1.9141425962128682
118.12930241384436,0.49832873745907885
118.13323795830112,1.4816949197237421
118.13717350275788,3.4958599790262728
118.1411090472146,1.0932433231689482
118.14504459167136,0.44805777824366805
118.14898013612812,2.216540929820303
118.15291568058488,0.7103862079447341
118.15685122504162,0.3065404627692712
118.16078676949836,0.16526022851969743
118.16472231395512,0.40144721433589875
118.16865785841188,0.2822856787970484
118.17259340286864,0.16384286962736172
118.17652894732538,0.3777148839283601
118.18046449178212,0.1214723760416167
118.18440003623888,1.0634335925927303
118.18833558069564,0.5525654520599442
118.1922711251524,0.556000772917965
118.19620666960914,0.44172533577025225
118.20014221406588,0.16858519243224607
118.20407775852264,0.6929263810470738
118.2080133029794,0.5637805247771626
118.21194884743616,0.8716870912812674
118.2158843918929,1.2203861714682354
118.21981993634964,0.9055290593852217
118.2237554808064,0.6714113734792221
118.22769102526314,0.37725714943772154
118.2316265697199,1.1873834281738334
118.23556211417664,2.4469190624325727
118.2394976586334,2.5843508892377094
118.24343320309016,0.7699779114194276
118.2473687475469,0.8443748216248048
118.25130429200364,1.094395123641187
118.2552398364604,0.31327298209398446
118.25917538091716,0.21476049520340795
118.26311092537392,0.29414346433774435
118.26704646983066,0.15863318347207966
118.2709820142874,0.8244944377092762
118.27491755874416,0.5005780811569078
118.27885310320092,0.07197393134624028
118.28278864765768,0.8271855035857711
118.28672419211442,1.3067542609139773
118.29065973657116,0.8372072812345368
118.29459528102792,0.012752496070173909
118.29853082548466,0.5210552305582067
118.3024663699414,0.7355793808648998
118.30640191439817,0.8722076279757484
118.31033745885492,0.8031369653637092
118.31427300331168,0.6079227957115341
118.31820854776842,0.017863270870033362
118.32214409222516,0.7955391959640237
118.32607963668192,0.6126280285765359
118.33001518113868,0.025433492397185075
118.33395072559544,0.4172064399894514
118.33788627005218,0.22509250572718462
118.34182181450892,0.1371051998946122
118.34575735896568,0.31299234445879576
118.34969290342244,1.5146831875971989
118.3536284478792,1.3146773872917779
118.35756399233594,0.300962765707772
118.36149953679268,0.02402328415380916
118.36543508124944,0.03723933095659684
118.3693706257062,0.347278509604083
118.37330617016296,1.1644569091525416
118.37724171461969,1.267854859343073
118.38117725907644,0.9582636655365095
118.3851128035332,0.3856670656047555
118.38904834798994,0.46104149344039497
118.3929838924467,0.2596081495590446
118.39691943690345,0.4185227312709243
118.4008549813602,1.137137458113781
118.40479052581696,0.845346925177772
118.4087260702737,1.0114972783509524
118.41266161473044,0.8159538083168143
118.4165971591872,0.507674875653026
118.42053270364396,0.11240618845445698
118.42446824810072,0.08059737404099279
118.42840379255746,0.1295416114987377
118.4323393370142,0.01667827170235732
118.43627488147096,0.24545372914505048
118.44021042592772,0.832545627493263
118.44414597038448,0.7046992904919938
118.44808151484122,0.3468376834202339
118.45201705929796,2.91569296556604
118.45595260375472,1.7475719148961155
118.45988814821146,0.2456149445034821
118.4638236926682,0.6693210006074938
118.46775923712497,0.17231549367747587
118.47169478158172,0.03867310198285213
118.47563032603848,1.1060484969619884
118.47956587049522,1.0359881231460695
118.48350141495196,0.31147035572323845
118.48743695940873,1.284881342882921
118.49137250386548,0.3185630312766022
118.49530804832224,0.950436628870853
118.49924359277898,0.20405854660637804
118.50317913723572,0.28899058538417693
118.50711468169249,0.05613005354349048
118.51105022614924,1.5254166228996622
118.514985770606,0.2756757618330839
118.51892131506274,1.6004255013347426
118.5228568595195,1.9819351838867314
118.52679240397624,0.0004826736603951115
118.53072794843298,0.44621910003703463
118.53466349288972,0.22855392401023575
118.53859903734649,0.10526488899355278
118.54253458180324,1.1190653314151888
118.54647012626,3.326210914616381
118.55040567071674,0.4638613003271529
118.5543412151735,0.7299342438357039
118.55827675963025,0.9758604278871592
118.562212304087,0.3914602874224591
118.56614784854376,0.960851548498974
118.5700833930005,0.16242803847055762
118.57401893745724,2.624088035442756
118.577954481914,3.030986167652963
118.58189002637076,0.6480357015131225
118.58582557082752,4.613506307324837
118.58976111528426,1.0634181687203903
118.593696659741,1.4342859362778906
118.59763220419777,1.9150006548612313
118.60156774865452,0.49054214288538944
118.60550329311128,1.1973156306921136
118.609438837568,0.4475906021405009
118.61337438202476,0.5861019924702167
118.61730992648152,0.164233448708871
118.62124547093826,1.6255392854042017
118.625181015395,1.9400889273825948
118.62911655985177,3.1907856545336863
118.63305210430852,2.264126164861603
118.63698764876528,0.9346165123765784
118.64092319322202,0.5351762364194542
118.64485873767876,0.49774541233848546
118.64879428213553,0.12040222533761188
118.65272982659228,1.103452397173019
118.65666537104904,1.8623650077578688
118.66060091550578,0.3947111225471314
118.66453645996252,0.3246110673119416
118.66847200441929,0.7301463938413448
118.67240754887604,0.01643964572342381
118.6763430933328,0.7370039155917252
118.68027863778954,1.7551877975365358
118.6842141822463,1.224938214634692
118.68814972670305,0.3423111586113883
118.69208527115978,0.35511318444310114
118.69602081561654,0.5205168444547331
118.69995636007329,0.6899475277610618
118.70389190453004,0.5001049100265403
118.7078274489868,0.257748079453987
118.71176299344354,0.44252160815762
118.7156985379003,0.7535067720194727
118.71963408235705,0.16497805786862776
118.7235696268138,0.22129791861642734
118.72750517127056,1.1529869961095263
118.7314407157273,2.709217853724407
118.73537626018404,1.049459346726314
118.7393118046408,1.4446039629204597
118.74324734909756,1.8898253279105044
118.74718289355432,0.7166022209775137
118.75111843801106,2.4527914401319557
118.7550539824678,0.36599437526376466
118.75898952692457,1.2213889427672835
118.76292507138132,1.8542157736495812
118.76686061583806,0.17339471708797577
118.7707961602948,0.6258109252091563
118.77473170475156,0.2916939998920152
118.77866724920833,0.18790967343829706
118.78260279366506,0.24445067931061487
118.78653833812182,0.18798408756634144
118.79047388257857,0.2233368190797945
118.79440942703532,0.40850577807622873
118.79834497149209,0.6451622259879708
118.80228051594882,0.2302722553466644
118.80621606040556,0.5335257885811913
118.81015160486233,2.436942648691946
118.81408714931908,2.062293975450586
118.81802269377584,0.30671665485647537
118.82195823823258,0.20886213256194647
118.82589378268932,0.32382496656485577
118.82982932714609,0.28647885025080716
118.83376487160284,0.024114021374597654
118.8377004160596,0.2813725492375868
118.84163596051634,0.42000955884143115
118.84557150497308,0.1241032115232789
118.84950704942985,0.3903021093831588
118.85344259388658,0.19226418860658603
118.85737813834334,1.013601660370946
118.86131368280007,1.8165280913759374
118.86524922725684,0.6032899201662533
118.8691847717136,0.12506137851971066
118.87312031617034,1.016247235418424
118.8770558606271,0.6735146945074838
118.88099140508383,0.3244009379566885
118.8849269495406,1.1609158307988598
118.88886249399737,0.834363583329495
118.8927980384541,0.35734308959781436
118.89673358291084,2.4677075308392324
118.9006691273676,0.5353073929575125
118.90460467182436,2.780504840370231
118.90854021628112,4.223319046360387
118.91247576073786,1.2054867349713703
118.9164113051946,0.02292863793121111
118.92034684965137,0.5471729809835356
118.9242823941081,0.23226497532156984
118.92821793856486,0.9001766415552137
118.9321534830216,1.802610667427294
118.93608902747836,0.8154208584071378
118.94002457193513,1.368451743318823
118.94396011639186,0.30650701540165565
118.94789566084862,0.231299663674525
118.95183120530535,1.3192027196394374
118.95576674976212,1.671486609906052
118.95970229421889,0.022930839743401966
118.96363783867562,0.641023099751013
118.96757338313238,0.13318204939909598
118.97150892758911,0.07741001053162803
118.97544447204588,0.16384586863411046
118.97938001650265,0.9770351691457324
118.98331556095938,2.5296455118293655
118.98725110541614,4.348021166874041
118.99118664987289,0.5822921887077573
118.99512219432964,2.678226560772628
118.99905773878638,4.348591176790012
119.00299328324311,1.6906063069183273
119.00692882769988,1.111211782168652
119.01086437215665,1.1328314843709621
119.01479991661338,0.6611093561596243
119.01873546107014,0.7873634580723151
119.02267100552687,1.6011209518833471
119.02660654998364,0.30794883571256765
119.0305420944404,1.4200934725716703
119.03447763889714,1.5774607456634473
119.0384131833539,0.06196885919495656
119.04234872781063,1.7858873396954442
119.0462842722674,1.1743821299018513
119.05021981672417,0.2638318380428953
119.0541553611809,1.2986739616761986
119.05809090563766,0.18785860217795192
119.0620264500944,0.923637606982348
119.06596199455116,0.29982050841761493
119.06989753900793,0.7404443734852646
119.07383308346466,1.3989922151016356
119.0777686279214,0.16432483238662615
119.08170417237817,0.3305044936046992
119.0856397168349,0.5750222705302852
119.08957526129166,1.7745811832629264
119.0935108057484,0.8489347507566051
119.09744635020516,0.11913552542372152
119.10138189466193,0.4895396723903907
119.10531743911866,0.0409545773895464
119.10925298357542,0.19476463206207156
119.11318852803215,0.35208641782543804
119.11712407248892,0.4419353503708052
119.12105961694569,0.003375113546517945
119.12499516140242,0.1148432722443275
119.12893070585918,0.02178504151629703
119.13286625031591,0.031194115237939614
119.13680179477268,0.5195273650542493
119.14073733922945,1.147089470202759
119.14467288368618,0.6612623286773939
119.14860842814294,0.21431253111566492
119.15254397259967,0.2645530370611687
119.15647951705644,0.017701352580151982
119.16041506151318,0.6537310903529476
119.16435060596991,0.33633565231072476
119.16828615042668,0.6160595287623079
119.17222169488343,1.7546800058485443
119.17615723934018,0.5190406249395353
119.18009278379694,1.3843234338772086
119.18402832825367,0.32557551089953807
119.18796387271044,0.3277160240089095
119.1918994171672,0.17156834745257799
119.19583496162394,0.08102046915420344
119.1997705060807,0.557082378317025
119.20370605053743,3.124231165137862
119.2076415949942,2.0025649516729622
119.21157713945097,0.03493227519011478
119.2155126839077,1.1938118586287847
119.21944822836446,0.273980232737439
119.2233837728212,0.35897985514183184
119.22731931727796,0.4765166494335444
119.23125486173473,0.0037011317640137276
119.23519040619144,0.24997515269278264
119.2391259506482,0.04961120405964355
119.24306149510495,0.873114837411221
119.2469970395617,0.999334300169308
119.25093258401846,0.899342271304521
119.2548681284752,1.1987890350768897
119.25880367293196,0.9915781422964752
119.26273921738871,0.34242658781077984
119.26667476184548,0.21000313795571415
119.27061030630222,0.4552172350383294
119.27454585075895,0.12738152070465827
119.27848139521572,0.039961083305460644
119.28241693967249,0.5909829833192146
119.28635248412922,1.5488803050211701
119.29028802858598,1.584162728810673
119.29422357304271,0.6254214340657789
119.29815911749948,0.3094349724491521
119.30209466195625,1.0351685933024113
119.30603020641298,0.8096022353549618
119.30996575086974,0.1910092120673178
119.31390129532647,0.3167098008998982
119.31783683978324,0.05806851969697302
119.32177238423998,1.0574745306239612
119.32570792869672,0.31690135891234916
119.32964347315348,0.7519538150324764
119.33357901761023,1.4714388193482297
119.337514562067,0.7352677529919135
119.34145010652374,2.5116529821459603
119.34538565098048,1.1080874444824036
119.34932119543724,1.012978381956057
119.353256739894,0.15705757862249506
119.35719228435076,1.0182161688858158
119.3611278288075,1.453129847958457
119.36506337326423,0.05023572294935477
119.368998917721,1.1840350834496474
119.37293446217777,1.5368440266359202
119.3768700066345,0.09876638984982729
119.38080555109126,1.5547148827013948
119.384741095548,2.183285168762269
119.38867664000476,0.5466456571378313
119.3926121844615,1.4644032284247597
119.39654772891824,0.24787080157520372
119.400483273375,0.6532976541511106
119.40441881783175,0.2955728282582898
119.4083543622885,0.07885820436553431
119.41228990674526,0.2578251574873353
119.416225451202,0.2397234521218453
119.42016099565876,0.36883091759279685
119.42409654011551,2.007343339859771
119.42803208457228,2.0036277543136163
119.43196762902902,1.423122050924213
119.43590317348576,1.3300677154584022
119.43983871794252,2.612077874374973
119.44377426239927,0.7388342898032888
119.44770980685604,0.3587806937807254
119.45164535131278,0.5553539584939909
119.45558089576951,0.03377808187321154
119.45951644022628,0.25900767705410815
119.46345198468303,0.024960062749503333
119.46738752913978,0.36263056346759137
119.47132307359652,0.8569995852376968
119.47525861805327,0.1315023578236306
119.47919416251004,0.25141771423273274
119.48312970696678,0.5700342299080767
119.48706525142352,1.3316141243163957
119.49100079588028,1.0740190993169456
119.49493634033703,3.9043714376650773
119.4988718847938,3.4714881505247925
119.50280742925054,0.24388053520032502
119.50674297370728,0.8712170142362325
119.51067851816404,0.10116557230786963
119.5146140626208,0.32925592634993484
119.51854960707756,0.016146025764548762
119.5224851515343,0.12628810575434343
119.52642069599104,0.08064089711196083
119.5303562404478,0.4151314024514442
119.53429178490455,2.3475971036780314
119.5382273293613,4.609877244009498
119.54216287381806,1.6909732946880545
119.5460984182748,2.8031201422380754
119.55003396273156,1.5269416956219908
119.5539695071883,0.43891712323557747
119.55790505164504,1.0942752896425965
119.5618405961018,1.3429610737638167
119.56577614055855,1.4516724644213097
119.5697116850153,0.24294969670513428
119.57364722947206,0.3343669212016331
119.5775827739288,0.9284406063909575
119.58151831838556,0.5916518635061611
119.58545386284231,0.5414492463601887
119.58938940729908,0.16959861367155787
119.59332495175582,0.04596719610776888
119.59726049621256,0.016601500444395813
119.60119604066932,0.8908537380153277
119.60513158512607,1.2479474331391232
119.60906712958284,0.2515752527209493
119.61300267403958,0.09643008433978728
119.61693821849632,0.4747852076219254
119.62087376295308,0.4928744752116924
119.62480930740982,0.5120885523167079
119.62874485186656,0.10553799936890723
119.63268039632332,1.3143680776442508
119.63661594078008,0.15608635974088644
119.64055148523684,2.1201488230717964
119.64448702969358,4.153270623136082
119.64842257415032,0.8738756862408154
119.65235811860708,0.19441381875317282
119.65629366306383,2.0013721056791356
119.6602292075206,4.095019511319035
119.66416475197734,1.5898498449036116
119.66810029643408,0.02407503544355061
119.67203584089084,0.5075008016309145
119.6759713853476,0.928387242991759
119.67990692980436,0.5028344400759769
119.6838424742611,0.04706981725208004
119.68777801871784,1.2304235660419456
119.6917135631746,1.9746887177888406
119.69564910763135,0.6726742402139516
119.6995846520881,0.09344665996600182
119.70352019654484,1.1930607049880007
119.7074557410016,0.6318514058905296
119.71139128545836,1.2762324498477637
119.7153268299151,2.365403121546104
119.71926237437184,0.5144732111194625
119.7231979188286,0.08866640709892684
119.72713346328536,0.009683728554988433
119.73106900774212,0.061421711898768105
119.73500455219886,0.2154853128490942
119.7389400966556,0.5326615323040664
119.74287564111236,1.3001762093077394
119.74681118556911,1.7105911924243824
119.75074673002588,1.400099523002
119.75468227448262,1.8822378269920637
119.75861781893936,0.3026933736727006
119.76255336339612,1.330473760355856
119.76648890785287,1.379737834682277
119.77042445230964,1.112048287509317
119.77435999676638,0.9445906665719285
119.77829554122312,0.2457108082180304
119.78223108567988,0.3922798575488052
119.78616663013662,0.1007707267283109
119.79010217459336,0.015191880326291396
119.79403771905012,0.5015647856349299
119.79797326350688,1.4640871180529595
119.80190880796364,1.0066337184542973
119.80584435242038,0.6752355579655777
119.80977989687712,2.5859416502122357
119.81371544133388,2.888697913730821
119.81765098579064,0.7736933802482101
119.8215865302474,0.16665555918719327
119.82552207470414,0.7624515395419283
119.82945761916088,0.0486212196625252
119.83339316361764,0.33509387910301325
119.8373287080744,0.000573485771801713
119.84126425253116,1.2462696246220075
119.8451997969879,4.062131680085698
119.84913534144464,3.6573378776914316
119.8530708859014,0.010445753956628836
119.85700643035815,3.253949398096752
119.86094197481488,2.3666849690337637
119.86487751927164,1.3811852236637858
119.8688130637284,1.8190940150149684
119.87274860818516,0.531913355935852
119.8766841526419,1.9208080844788817
119.88061969709864,0.5818658973802479
119.8845552415554,1.0399519935867523
119.88849078601216,2.400546066183039
119.89242633046892,0.677316953048645
119.89636187492566,1.5681263593415535
119.9002974193824,2.6258260428443716
119.90423296383916,0.007295044562575555
119.90816850829592,1.732450701945237
119.91210405275268,0.6589578116768483
119.91603959720942,1.3236417036078585
119.91997514166616,2.418023342321469
119.92391068612292,0.9349070675934211
119.92784623057968,0.524057109333066
119.93178177503644,1.667547482482621
119.93571731949318,2.4865195470033115
119.93965286394992,1.979466469653703
119.94358840840668,1.3992357148326922
119.94752395286342,0.5054710372606265
119.95145949732016,0.0166753675325735
119.95539504177692,0.0509052610253447
119.95933058623368,0.7953830814803422
119.96326613069044,1.8512852307461667
119.96720167514718,2.078891015915762
119.97113721960392,2.0484958588147237
119.97507276406068,0.19516266055944348
119.97900830851744,1.397119104071089
119.9829438529742,4.132137349673087
119.98687939743094,6.273506956620763
119.99081494188768,2.5023118280565306
119.99475048634444,0.7647029073914215
119.9986860308012,2.1868654639903977
120.00262157525796,0.46322915472224546
120.0065571197147,0.06207337198129725
120.01049266417144,0.009698282584003909
120.0144282086282,0.3147073352732145
120.01836375308494,0.41417448212960606
120.0222992975417,0.11226480416988374
120.02623484199844,0.9706134948389696
120.0301703864552,0.8239581737153723
120.03410593091196,0.23676431017713817
120.0380414753687,0.7471314527955147
120.04197701982544,0.11295169941701277
120.0459125642822,1.9208632585981795
120.04984810873896,0.9464418262579357
120.05378365319572,1.4940406712899208
120.05771919765246,4.498839487364746
120.0616547421092,2.5732496770744455
120.06559028656596,0.542651160649018
120.06952583102272,0.548556207148762
120.07346137547948,1.349360918854238
120.07739691993622,1.0299087688887305
120.08133246439296,0.19490548931950558
120.08526800884972,0.020308431456278673
120.08920355330648,0.9323719486652251
120.0931390977632,2.250792223701955
120.09707464221997,0.46766990412222254
120.10101018667672,0.6267648387148682
120.10494573113348,1.2920204205467967
120.10888127559022,0.09018460542854646
120.11281682004696,0.25318008416553117
120.11675236450372,0.17540778561868864
120.12068790896048,0.018364374469487597
120.12462345341724,0.2657697443695508
120.12855899787398,0.988578821610208
120.13249454233072,3.056006502734094
120.13643008678748,1.3073310382146373
120.14036563124424,0.6180977677764857
120.144301175701,3.537872400021058
120.14823672015774,1.2002298266462925
120.15217226461448,0.21450421563540084
120.15610780907124,1.9742010988278056
120.160043353528,3.650922064952895
120.16397889798476,1.3033096225645777
120.1679144424415,0.2646295988492483
120.17184998689824,1.2759877606363872
120.175785531355,2.028907502453537
120.17972107581174,2.760777140379909
120.1836566202685,1.7072894399973737
120.18759216472525,0.25155815349194893
120.191527709182,0.3759079468242285
120.19546325363876,0.6269671594762687
120.1993987980955,0.5962058103667791
120.20333434255224,0.16499252579269458
120.207269887009,1.7959467420760522
120.21120543146576,0.9243900143878316
120.21514097592252,0.5001561784231982
120.21907652037926,0.9821081087712995
120.223012064836,0.020245221969902756
120.22694760929276,1.2364352943649122
120.23088315374952,0.8779853828230533
120.23481869820628,0.2408583882657418
120.23875424266302,0.11887208664932655
120.24268978711976,0.23966804093249303
120.24662533157652,0.6553148643220036
120.25056087603326,0.1624495687185589
120.25449642049,0.5685263449322739
120.25843196494677,1.0984920681070296
120.26236750940352,0.09134299964657902
120.26630305386028,0.07133531584065417
120.27023859831702,0.9392421540090516
120.27417414277376,3.7598843553926895
120.27810968723053,1.7343104084352918
120.28204523168728,0.2384740287946477
120.28598077614404,0.4098435517064351
120.28991632060078,0.7536714466629881
120.29385186505752,1.6594833294411988
120.29778740951429,0.002601574931156331
120.30172295397104,2.2393450449101153
120.3056584984278,2.011076731503259
120.30959404288454,0.04733803592498863
120.31352958734128,1.5379920095016926
120.31746513179804,1.3445510644934129
120.3214006762548,0.5375086897294794
120.32533622071156,0.056756691227641015
120.32927176516829,0.8940930760855093
120.33320730962504,0.3188021800925408
120.3371428540818,0.8209725461937266
120.34107839853854,0.48102619479029884
120.3450139429953,2.273349299281301
120.34894948745205,3.0249750822474533
120.3528850319088,0.08592648695481236
120.35682057636556,0.923801418803139
120.3607561208223,0.18145064741470424
120.36469166527904,1.1487943767436526
120.3686272097358,1.5247840556913836
120.37256275419256,0.049793298972466926
120.37649829864932,3.216270217997828
120.38043384310606,5.785377098164986
120.3843693875628,2.9751073880545107
120.38830493201957,0.7801400774765214
120.39224047647632,0.2923671317045293
120.39617602093308,0.1467567073039156
120.40011156538982,0.14641908783635352
120.40404710984656,1.8367526066577378
120.40798265430332,2.119521463976057
120.41191819876006,0.41375299079009525
120.4158537432168,0.3133125148521874
120.41978928767357,1.1661672891202788
120.42372483213032,1.4576040791057816
120.42766037658708,0.9041532852133737
120.43159592104382,0.7777626038470988
120.43553146550056,1.3435039472794879
120.43946700995733,1.471431926987353
120.44340255441408,1.074145074551397
120.44733809887084,1.3260273316132918
120.45127364332758,0.7703940569415534
120.45520918778432,0.27266017481089905
120.45914473224109,0.2149317389063617
120.46308027669784,0.2716983405414
120.4670158211546,0.9226091232499147
120.47095136561134,2.5832560155076663
120.4748869100681,3.050934519938942
120.47882245452485,0.6196279143902389
120.4827579989816,0.11746837401235215
120.48669354343834,0.6024070110660914
120.49062908789509,1.3995605153889072
120.49456463235184,0.4271791329650951
120.4985001768086,0.1380923837486615
120.50243572126534,0.07347603974241555
120.5063712657221,0.7387146318442495
120.51030681017885,1.3621589560323506
120.5142423546356,0.8066108937805232
120.51817789909236,1.0377027161773023
120.5221134435491,0.3952083469877747
120.52604898800584,2.292764706088346
120.5299845324626,0.3862446699961869
120.53392007691936,0.8942675520246742
120.53785562137612,0.7004791697869714
120.54179116583286,0.6782613961530302
120.5457267102896,2.2779922546124554
120.54966225474637,0.0894421253086667
120.55359779920312,1.8543272705473974
120.55753334365988,3.7915789964446205
120.56146888811662,2.3836566929834437
120.56540443257336,0.5915260573761242
120.56933997703013,0.12126977187139804
120.57327552148686,0.7843489497332591
120.57721106594362,1.5147014584666147
120.58114661040037,0.9611220769818312
120.58508215485712,0.29584583795513114
120.58901769931389,2.040314454014424
120.59295324377062,2.4350823433981716
120.59688878822736,0.7609445370450136
120.60082433268413,0.055250408983469966
120.60475987714088,0.3027644781104717
120.60869542159764,0.5982211277619902
120.61263096605438,0.044386294336109036
120.61656651051112,0.24449316132224572
120.62050205496789,0.5472365868152623
120.62443759942464,0.8548753671815996
120.6283731438814,0.9793171543302194
120.63230868833814,0.29899541866483287
120.6362442327949,0.37534819089515514
120.64017977725165,0.9207445077930876
120.64411532170838,0.32027093183363947
120.64805086616514,2.2235565999805047
120.65198641062187,0.9404446580593566
120.65592195507864,0.7617486847605464
120.6598574995354,3.1549873535934227
120.66379304399214,0.8106409479940513
120.6677285884489,0.6036052275461093
120.67166413290563,0.9423610692738806
120.6755996773624,0.12159152822921941
120.67953522181917,0.027996179652423476
120.6834707662759,0.08175333307058182
120.68740631073264,0.18384772043546727
120.6913418551894,0.2824655937248869
120.69527739964616,0.18307056919792156
120.69921294410292,0.40693249826478883
120.70314848855966,0.00442219776087749
120.7070840330164,2.073601650932566
120.71101957747317,6.587796473666456
120.71495512192992,4.822602172601395
120.71889066638666,0.510450029305104
120.7228262108434,0.24950625720626918
120.72676175530016,0.40553920785101405
120.73069729975693,0.5797623655640979
120.73463284421366,0.46852298753870514
120.73856838867042,0.03008971150605275
120.74250393312715,0.07951318776224255
120.74643947758392,0.4470915324236326
120.75037502204069,1.4100721503182991
120.75431056649742,3.2574839003368177
120.75824611095418,4.642427283026044
120.76218165541091,1.9262152327457112
120.76611719986768,0.2688524053959835
120.77005274432445,1.0587064309818097
120.77398828878118,0.2552890268873716
120.77792383323794,0.12760706073540304
120.78185937769469,0.45489588063950104
120.78579492215144,0.4885635491270474
120.7897304666082,0.5338932610522332
120.79366601106494,0.19346748543585998
120.79760155552168,0.4007179064000141
120.80153709997845,1.3273500376971952
120.80547264443518,2.09990430045727
120.80940818889194,2.5219826128043716
120.81334373334867,1.1169200309752119
120.81727927780544,0.42328072130619465
120.8212148222622,0.7935649928525355
120.82515036671894,1.980135188580791
120.8290859111757,4.118862182270918
120.83302145563243,4.300431329572971
120.8369570000892,2.0628709385237065
120.84089254454597,0.43136946486365113
120.8448280890027,0.941446633977296
120.84876363345946,0.5374120446958703
120.8526991779162,0.016243511613184273
120.85663472237296,0.16361764505318208
120.86057026682973,0.312534200003983
120.86450581128646,0.13688290193429775
120.86844135574322,0.7724147158858339
120.87237690019997,3.8896196411636903
120.8763124446567,3.6261271963760744
120.88024798911346,1.9354926013650517
120.8841835335702,0.43056318955665795
120.88811907802696,1.3785111685233478
120.89205462248373,1.4229352273829865
120.89599016694046,0.3808510826484384
120.89992571139722,0.8165569429256402
120.90386125585395,0.9913928696276133
120.90779680031072,0.6544591400359008
120.91173234476749,3.0250197372453456
120.91566788922422,5.981449274251677
120.91960343368098,0.8854266533444389
120.92353897813771,0.7675050946318394
120.92747452259448,0.1648762970273148
120.93141006705125,2.2569421381643098
120.93534561150798,2.8412653930422977
120.93928115596474,0.5168115955728633
120.94321670042147,0.851162472189494
120.94715224487824,0.39464136389836524
120.951087789335,1.0450971046411395
120.95502333379171,4.550468398767392
120.95895887824848,5.556731797062938
120.96289442270523,3.203131954867316
120.96682996716198,4.317249965399116
120.97076551161874,3.0977567070520964
120.97470105607547,4.325449795579464
120.97863660053224,4.110460851551537
120.982572144989,1.8278494701937837
120.98650768944574,0.9512869703292238
120.9904432339025,0.167471640645768
120.99437877835923,0.0069784242295569685
120.998314322816,0.1997224629060517
121.00224986727277,0.6279282121112085
121.0061854117295,0.46490291247677307
121.01012095618626,0.3020426750585817
121.014056500643,0.4704039069718538
121.01799204509976,0.5669380385330482
121.02192758955653,0.4380641178398991
121.02586313401326,0.3561529910262865
121.02979867847002,0.29277788075940486
121.03373422292675,1.1416504162229388
121.0376697673835,0.8904799438800415
121.04160531184026,0.44808117119550117
121.045540856297,1.8138737812820436
121.04947640075376,0.92391437073114
121.05341194521051,0.03869778772002702
121.05734748966726,0.12477789167526156
121.06128303412402,0.36224220550114067
121.06521857858075,0.4232361985554854
121.06915412303752,0.5070093795109003
121.07308966749429,1.1711387974032625
121.07702521195102,1.1708766462401317
121.08096075640778,0.8134399877775912
121.08489630086451,0.40614759278579504
121.08883184532128,0.28078454956132065
121.09276738977805,1.561454265622561
121.09670293423478,2.5387174923104974
121.10063847869154,1.5869132947128206
121.10457402314827,1.653505425967705
121.10850956760504,1.360548059238149
121.11244511206178,0.16932081100638594
121.11638065651852,1.1889794976382542
121.12031620097528,1.8122195401742818
121.12425174543203,1.7142449999269185
121.1281872898888,0.7808073809996866
121.13212283434554,0.30479017417468174
121.13605837880228,1.7842050683878363
121.13999392325904,3.1503454604761743
121.1439294677158,0.994653454642757
121.14786501217256,0.3963868605687116
121.1518005566293,0.8228089171894193
121.15573610108603,0.14192190437432112
121.1596716455428,0.30796075418423935
121.16360718999957,0.8592446445884968
121.1675427344563,1.1055280225207245
121.17147827891306,0.0783600397305525
121.1754138233698,0.18815128045080862
121.17934936782656,0.9384723838865267
121.18328491228333,1.8643234253669634
121.18722045674004,0.7834414714270735
121.1911560011968,0.172365804476676
121.19509154565355,0.056270563959718634
121.1990270901103,0.38015719301536677
121.20296263456706,0.08836991531874162
121.2068981790238,1.952472034181833
121.21083372348056,2.2169943541175043
121.21476926793731,1.248924247361597
121.21870481239408,1.719166334131
121.22264035685082,1.3146814647007796
121.22657590130756,0.7142756914148638
121.23051144576432,0.32209577358207947
121.23444699022107,0.024666954898739213
121.23838253467784,1.6122849833061037
121.24231807913458,2.886114099498861
121.24625362359131,1.1520346291295203
121.25018916804808,0.1919428557743359
121.25412471250483,0.3075412408711098
121.25806025696158,0.38082104571852005
121.26199580141834,0.9502097502342064
121.26593134587507,1.6498224858930843
121.26986689033184,2.5642953186903403
121.27380243478858,3.082909853793569
121.27773797924532,2.2596399770285105
121.28167352370208,1.264270972918139
121.28560906815883,0.6563756378765163
121.2895446126156,0.2619526844319095
121.29348015707234,0.21880040964386585
121.29741570152908,1.8244057929544137
121.30135124598584,4.2229401344100195
121.3052867904426,1.6421788663342507
121.30922233489936,0.19901149925420056
121.3131578793561,1.3183314066955878
121.31709342381284,0.6700655210676256
121.3210289682696,0.4337879176234116
121.32496451272635,0.7814063130975886
121.3289000571831,1.493805663491605
121.33283560163986,0.6391094520607685
121.3367711460966,1.04127823964981
121.34070669055336,1.4846507223333918
121.3446422350101,2.4870780007039426
121.34857777946684,2.4920015869211563
121.3525133239236,2.12245194762009
121.35644886838035,1.7305075412634838
121.3603844128371,0.6691484296342104
121.36431995729386,0.33630707890573625
121.3682555017506,0.5216653491227848
121.37219104620736,0.07605216543575628
121.37612659066411,0.6867219069100624
121.38006213512088,0.30151645847462083
121.38399767957762,0.35602478778875296
121.38793322403436,0.14692308613618865
121.39186876849112,0.6289781297764957
121.39580431294787,0.43621189596616533
121.39973985740464,0.5221173480730857
121.40367540186138,1.0839163919867822
121.40761094631812,0.024090421620716555
121.41154649077488,0.2012681416754245
121.41548203523163,0.746122209608975
121.4194175796884,1.8010548105823545
121.42335312414512,0.3553260391178235
121.42728866860188,0.2606221624404712
121.43122421305864,0.04996626008651988
121.43515975751538,1.9298665872572764
121.43909530197212,1.612699429023013
121.44303084642888,0.0933011278895193
121.44696639088563,0.034727417844772894
121.4509019353424,0.787793450987122
121.45483747979914,1.0564316038566226
121.45877302425588,0.17926454156660715
121.46270856871264,0.7583814333931941
121.4666441131694,1.999483179464941
121.47057965762616,0.752637357144439
121.4745152020829,0.6672552660384483
121.47845074653964,0.7163696044919219
121.4823862909964,1.326318750536926
121.48632183545315,6.5518458717175925
121.4902573799099,2.64560309183763
121.49419292436666,0.6472518912764266
121.4981284688234,1.6566091979551951
121.50206401328016,0.39841906043824254
121.5059995577369,1.0138614363896692
121.50993510219364,0.804344418443412
121.5138706466504,0.7589646613724212
121.51780619110716,0.2039357682906017
121.52174173556392,0.2949211956818163
121.52567728002066,0.9072297165690095
121.5296128244774,0.058634404641991926
121.53354836893416,1.5957859920359683
121.53748391339091,3.8656367544148402
121.54141945784768,0.7287936285237451
121.54535500230442,1.9499352376979624
121.54929054676116,4.859249800212253
121.55322609121792,0.6279726182055533
121.55716163567467,3.555884981873553
121.56109718013144,3.9202077955850694
121.56503272458818,3.333103096283713
121.56896826904492,4.825793842978541
121.57290381350168,0.8900326499048689
121.57683935795843,1.2640094658634535
121.58077490241516,1.0005257826717568
121.58471044687192,0.7901326519000006
121.58864599132868,1.0252562878038047
121.59258153578544,0.2970132397684745
121.59651708024218,0.3158756523523243
121.60045262469892,1.5452876710820362
121.60438816915568,0.864162001707622
121.60832371361244,0.12438175607190426
121.6122592580692,1.1881217552689924
121.61619480252594,0.41283190803986747
121.62013034698268,0.6093531701978616
121.62406589143944,1.616795860626449
121.6280014358962,1.4313732295217567
121.63193698035296,1.1908873170695526
121.6358725248097,0.9070923143270413
121.63980806926644,1.1670745375886704
121.6437436137232,2.221575959509721
121.64767915817995,2.6252181796530034
121.6516147026367,1.644475636600612
121.65555024709346,0.3924044617253701
121.6594857915502,1.3195382047160646
121.66342133600696,0.9458720109371379
121.6673568804637,0.20057985971520848
121.67129242492044,1.275893303552502
121.6752279693772,0.5261696687402045
121.67916351383396,0.13950233853367533
121.68309905829072,0.3734037512506126
121.68703460274746,0.20702083988043424
121.6909701472042,0.09023129265575314
121.69490569166096,1.1747640529820582
121.69884123611772,2.4556496951414655
121.70277678057448,2.6424800048208685
121.70671232503122,3.3372341921677457
121.71064786948796,1.9711334741158972
121.71458341394472,1.1219130569466051
121.71851895840148,1.672783616598536
121.72245450285824,3.3123237975930024
121.72639004731498,3.4436517988434665
121.73032559177172,0.7640130143362082
121.73426113622848,0.2822481011362433
121.73819668068522,0.34935857988420077
121.74213222514196,0.1883098592198412
121.74606776959872,0.7567587762589291
121.75000331405548,2.058342943433784
121.75393885851224,2.142102480188608
121.75787440296898,1.228721458544216
121.76180994742572,0.31095014202501947
121.76574549188248,0.06367169159245775
121.76968103633924,0.5586615216210936
121.773616580796,0.3171635059790955
121.77755212525274,0.7125229763124659
121.78148766970948,1.4294576047156282
121.78542321416624,0.27491077010212234
121.789358758623,1.6885541076920885
121.79329430307976,0.8844566850183038
121.7972298475365,0.7115779671644181
121.80116539199324,2.855280645887789
121.80510093645,0.39517514022522887
121.80903648090676,2.595009256627938
121.81297202536348,3.264978991127257
121.81690756982024,0.8676846617635819
121.820843114277,1.8082398519125944
121.82477865873376,0.9023392755535862
121.8287142031905,0.06145906014018464
121.83264974764724,0.6182669828631341
121.836585292104,0.34364871357846327
121.84052083656076,0.018281955295489812
121.84445638101752,0.2701486227916675
121.84839192547426,0.27848745245233764
121.852327469931,0.1240741573755579
121.85626301438776,0.45763529112157153
121.86019855884452,0.601004861778131
121.86413410330128,0.27289763501194225
121.86806964775802,1.1736962047181994
121.87200519221476,1.29880597533097
121.87594073667152,0.09779221916456411
121.87987628112828,0.9811545499447695
121.88381182558504,1.4815966591410756
121.88774737004178,0.27968285281216765
121.89168291449852,0.4282136842249264
121.89561845895528,1.0318071462601388
121.89955400341202,0.42820390963265836
121.90348954786876,0.9258917963371006
121.90742509232552,1.2493770935874622
121.91136063678228,0.3446444245713991
121.91529618123904,0.5743601993223251
121.91923172569578,0.20366903939182543
121.92316727015252,1.0040679787830369
121.92710281460928,1.6547615236178503
121.93103835906604,0.041968177451736845
121.9349739035228,0.8088690672533957
121.93890944797954,0.3600384150585001
121.94284499243628,0.454259160786742
121.94678053689304,1.7071043886290662
121.9507160813498,1.6438332312906758
121.95465162580656,1.694644161975272
121.9585871702633,1.457046977445226
121.96252271472004,0.4058387199972228
121.9664582591768,0.20876726828321596
121.97039380363354,1.5550839355628132
121.9743293480903,1.9674482232811656
121.97826489254705,1.422722073703083
121.9822004370038,1.1289935463331788
121.98613598146056,2.008938799990606
121.9900715259173,2.632738703772553
121.99400707037404,0.7859477538928847
121.9979426148308,0.38154038001975465
122.00187815928756,1.8084113567751294
122.00581370374432,0.9692559014817134
122.00974924820106,0.455722616522927
122.0136847926578,0.4141117198042938
122.01762033711456,0.29445294741911066
122.02155588157132,1.9679550815994806
122.02549142602808,3.726866711131062
122.02942697048482,2.9280161812249212
122.03336251494156,1.6303070967204747
122.03729805939832,1.044081754479623
122.04123360385508,0.4799825130929377
122.04516914831184,0.041321945526174075
122.04910469276857,0.47406331121141637
122.05304023722532,1.2542185498189367
122.05697578168208,0.2867245818392583
122.06091132613882,1.7792268245059957
122.06484687059556,3.1916842436639943
122.06878241505233,0.442958610236496
122.07271795950908,1.0701867611859786
122.07665350396584,0.40337370322478805
122.08058904842258,0.8612929735963337
122.08452459287932,1.9301938606079114
122.08846013733609,2.1091047632301967
122.09239568179284,1.4533549064200415
122.0963312262496,0.038540037735650394
122.10026677070634,0.7323071569405268
122.10420231516308,0.2754628859087737
122.10813785961984,0.062366949843924394
122.1120734040766,0.19205861247224457
122.11600894853336,0.2998879278427901
122.1199444929901,0.3019561472529015
122.12388003744684,1.1192841054881908
122.1278155819036,0.7462818688379612
122.13175112636034,0.05573437334684803
122.1356866708171,0.09027477549221337
122.13962221527385,0.022798111470947475
122.1435577597306,0.02775758239332352
122.14749330418736,0.16836616168804872
122.1514288486441,0.5170201517340722
122.15536439310084,0.8947275460501105
122.1592999375576,1.289576455431567
122.16323548201436,0.9541169392619195
122.16717102647112,0.5608115528834829
122.17110657092786,0.36515905303846713
122.1750421153846,0.12485303218624508
122.17897765984137,0.9927131595310741
122.18291320429812,1.2069433683164013
122.18684874875488,0.31799380474771083
122.19078429321162,0.40869052026705577
122.19471983766836,0.4506573416558591
122.19865538212512,2.004122360536105
122.20259092658188,4.0783521344322065
122.2065264710386,3.1637399974399876
122.21046201549537,1.4880559163875822
122.21439755995212,1.2492560326954443
122.21833310440888,2.052929030163863
122.22226864886562,2.2723756445444194
122.22620419332236,1.6190014340927583
122.23013973777913,1.2422597455559756
122.23407528223588,0.8836557836867771
122.23801082669264,0.12123126452056443
122.24194637114938,0.5982633901524528
122.24588191560612,2.4182347198864256
122.24981746006289,2.843379220703664
122.25375300451964,1.998156685520443
122.2576885489764,2.016010105868813
122.26162409343314,3.3960057200348532
122.2655596378899,4.273580288367714
122.26949518234665,2.7789777770929303
122.2734307268034,0.7957386682227321
122.27736627126016,0.1623807666258034
122.2813018157169,0.3404981489334367
122.28523736017364,1.125840884827301
122.2891729046304,0.932875989684582
122.29310844908714,1.3556433707767541
122.2970439935439,0.9571751814901553
122.30097953800065,0.4794320195599763
122.3049150824574,0.6034639960539357
122.30885062691416,0.5258686626997263
122.3127861713709,2.0849069714052804
122.31672171582764,1.2088751800129112
122.3206572602844,0.8924961586230048
122.32459280474116,0.14382212903010747
122.32852834919792,0.7917129070802978
122.33246389365466,1.284934613420185
122.3363994381114,0.7416667164331717
122.34033498256817,0.9336892440599587
122.34427052702492,0.3381946800927921
122.34820607148168,1.6410711069073893
122.35214161593842,2.5958915841013126
122.35607716039516,1.23761171725737
122.36001270485193,0.2408501411517619
122.36394824930866,0.7206015774244217
122.36788379376542,1.0897746907824506
122.37181933822217,1.9840273223934595
122.37575488267892,0.3506945056443379
122.37969042713569,0.8161476923807001
122.38362597159242,1.447440545401847
122.38756151604916,0.26592507291324896
122.39149706050593,0.5524361724041178
122.39543260496268,0.13326790470140218
122.39936814941944,2.162812419546187
122.40330369387618,1.9510340350275395
122.40723923833292,0.1178943702960704
122.41117478278969,0.9657711333075389
122.41511032724644,0.620309280100557
122.4190458717032,0.029768630865666484
122.42298141615994,0.058080842702923366
122.4269169606167,0.12819368600228162
122.43085250507345,0.4247912389992295
122.4347880495302,0.8678993715192862
122.43872359398694,0.6831266242369406
122.44265913844367,0.35877870445360116
122.44659468290044,0.37991434769823806
122.4505302273572,0.5104383821957947
122.45446577181394,0.5246022284784159
122.4584013162707,1.2344868370284854
122.46233686072743,1.8602891928182117
122.4662724051842,1.3250841046349806
122.47020794964097,0.3965547269180768
122.4741434940977,0.012816751575500359
122.47807903855444,0.19554221163212152
122.4820145830112,0.289451174072961
122.48595012746796,1.1732794124288883
122.48988567192472,1.0292962028350154
122.49382121638146,0.2135748061998379
122.4977567608382,1.2650048237786173
122.50169230529497,0.0009453761427238144
122.50562784975172,2.9505779787609203
122.50956339420848,3.533343507218154
122.51349893866522,0.7838128035686326
122.51743448312196,0.39417069905928254
122.52137002757873,0.6182430965372183
122.52530557203546,1.1174569062460489
122.52924111649222,0.19273916669644822
122.53317666094895,2.404490767517683
122.53711220540572,2.037674379751093
122.54104774986249,0.10129545184270586
122.54498329431922,0.7137100731978314
122.54891883877598,2.0524328845596345
122.55285438323271,1.450726082458107
122.55678992768948,0.43659799541769556
122.56072547214625,0.007464964917569035
122.56466101660298,0.23181840249624222
122.56859656105972,0.06636283971097179
122.57253210551649,0.3144433338211547
122.57646764997324,0.44497849643541904
122.58040319443,0.09656050399430041
122.58433873888674,0.02592849764924383
122.5882742833435,0.139346411579277
122.59220982780025,0.07335376862846188
122.59614537225698,0.10080027263561972
122.60008091671374,0.00820373377474062
122.60401646117047,0.3288228629433289
122.60795200562724,0.3198786686987556
122.611887550084,0.08812425316316161
122.61582309454074,0.06224049125747773
122.6197586389975,0.1981185691721271
122.62369418345423,0.13751011780356798
122.627629727911,1.0245854049893386
122.63156527236777,0.20878020481544718
122.6355008168245,0.46365685665388384
122.63943636128126,0.3509226103959861
122.643371905738,0.3689090174513995
122.64730745019476,0.6116447721515195
122.65124299465153,0.35179062998392735
122.65517853910826,2.4856997440175967
122.65911408356502,0.7818985461110786
122.66304962802177,0.2134339574353626
122.66698517247852,0.4361515493407369
122.67092071693529,0.15909339024302308
122.674856261392,0.3939402630409464
122.67879180584876,0.036401046011242846
122.68272735030553,0.10415652366893911
122.68666289476226,0.18192715146576938
122.69059843921902,2.3943381976131857
122.69453398367575,3.6211183597953034
122.69846952813252,1.3019040458766373
122.70240507258929,0.5174999836020023
122.70634061704602,2.3467077002558576
122.71027616150278,1.5059959620583954
122.71421170595951,0.4023633819850548
122.71814725041628,2.6711245979775478
122.72208279487305,1.6042249949840433
122.72601833932978,0.6125047982356733
122.72995388378654,0.28590133349865093
122.73388942824327,0.30692359017954646
122.73782497270004,1.4587299389625257
122.7417605171568,0.6377370620606412
122.74569606161354,0.00574300330807518
122.7496316060703,0.06368960397191607
122.75356715052703,0.2997486015312792
122.75750269498378,1.0452387071159681
122.76143823944054,1.7401269216130593
122.76537378389727,1.7104341680789958
122.76930932835404,1.0357311700101017
122.7732448728108,1.857192166421121
122.77718041726754,2.667232188723514
122.7811159617243,0.686374391118679
122.78505150618103,0.4932726147248694
122.7889870506378,2.437412190288641
122.79292259509457,4.000386951925595
122.7968581395513,4.261071422294582
122.80079368400806,2.0435240580906306
122.8047292284648,0.22286664353095736
122.80866477292156,0.013268340951781045
122.81260031737833,0.45657318541445013
122.81653586183506,1.3702942637348914
122.82047140629182,1.1820239700082986
122.82440695074855,0.1808875649833032
122.82834249520532,0.1806076955388426
122.83227803966206,0.3929689381669936
122.8362135841188,0.3448583599522372
122.84014912857556,0.22405160280410047
122.84408467303231,1.2064605527479841
122.84802021748906,1.2653012506476848
122.85195576194582,0.38467261737362873
122.85589130640255,0.37195582320370635
122.85982685085932,0.43259218217186335
122.86376239531609,1.911846949020191
122.86769793977282,0.7098811253709201
122.87163348422958,1.538990160999533
122.87556902868631,0.9648401639157616
122.87950457314308,0.2390416416222307
122.88344011759985,0.05312479435706396
122.88737566205658,1.3343552129162823
122.89131120651334,1.1264439238293373
122.89524675097007,0.7330281879735636
122.89918229542684,0.4749012933567288
122.9031178398836,1.5650808864876695
122.90705338434032,2.307376788912136
122.91098892879708,0.404022654359834
122.91492447325383,1.461944809506984
122.9188600177106,0.5309481398173553
122.92279556216734,0.5117309148473558
122.92673110662408,1.255671633048042
122.93066665108084,0.191160151671734
122.9346021955376,0.8304385975033041
122.93853773999436,0.8001072359051336
122.9424732844511,1.0809390515129513
122.94640882890783,1.0361476386567665
122.9503443733646,0.8254076549472692
122.95427991782137,5.428016570524394
122.9582154622781,3.567720379202261
122.96215100673486,0.6258722512267079
122.9660865511916,0.16912484951522685
122.97002209564836,0.8186328228155043
122.97395764010513,0.11838608013760618
122.97789318456186,2.6105072387200736
122.98182872901862,0.762413455210367
122.98576427347535,0.39276314470167656
122.9896998179321,0.027270867613625394
122.99363536238886,2.1355233569678687
122.9975709068456,2.1144521495402997
123.00150645130236,0.17717695675299075
123.00544199575911,1.9282683953104236
123.00937754021588,0.7070023951166665
123.01331308467262,0.05874377874216185
123.01724862912936,0.7649003972542651
123.02118417358612,2.0185829903755774
123.02511971804287,2.7390846241806877
123.02905526249964,2.57631232915172
123.03299080695638,0.05071467224390698
123.03692635141311,3.2058369906707367
123.04086189586988,2.511633274727896
123.04479744032663,0.5603731314104418
123.04873298478338,3.0293473599528666
123.05266852924014,1.324416375757924
123.05660407369687,0.0212505183081891
123.06053961815364,0.17341106414239804
123.06447516261038,0.5832504461020904
123.06841070706712,0.7984027397733056
123.07234625152388,0.3379670046361667
123.07628179598063,0.8318639996477102
123.0802173404374,0.3773172957880564
123.08415288489414,1.0017550686086711
123.08808842935088,0.03713713967376498
123.09202397380764,1.1270041115578733
123.0959595182644,0.9669486828616634
123.09989506272116,0.7070717304536914
123.1038306071779,1.0941151072745103
123.10776615163464,0.8179535252623482
123.1117016960914,1.0653144682299625
123.11563724054815,0.2930423261267493
123.1195727850049,0.029199868029814852
123.12350832946166,0.24101063716537363
123.1274438739184,1.0857475687085292
123.13137941837516,2.2387996263099033
123.13531496283191,1.640883847942623
123.13925050728866,1.1386779660647903
123.1431860517454,1.2950995688524758
123.14712159620215,2.3901105436922103
123.1510571406589,1.9561584899174589
123.15499268511566,0.03055891554632732
123.1589282295724,0.8178655837323062
123.16286377402916,0.841726891166379
123.16679931848591,0.44454491637840265
123.17073486294268,0.29434016075851144
123.17467040739942,0.004121303811755339
123.17860595185616,0.6724892821964591
123.18254149631292,1.3175585991609216
123.18647704076967,0.3863909955503492
123.19041258522644,1.8700457407833198
123.19434812968318,2.253755251868586
123.19828367413992,0.5650198324204794
123.20221921859668,0.30409572890673364
123.20615476305343,0.036460468248385024
123.2100903075102,0.18279418499025707
123.21402585196694,0.46633178205128867
123.21796139642368,1.0703359108679447
123.22189694088044,0.7076349412634593
123.22583248533718,0.31437314748170975
123.22976802979392,0.40032737163298426
123.23370357425068,0.31843222192966775
123.23763911870743,0.03862068908306827
123.2415746631642,0.6114071978849375
123.24551020762094,1.527367404711725
123.24944575207768,1.767954639763375
123.25338129653444,1.3653547872519847
123.2573168409912,0.5787441509491903
123.26125238544796,0.0330314426315326
123.2651879299047,0.31554438444577454
123.26912347436144,0.8999157914985454
123.2730590188182,1.4044418461127721
123.27699456327495,0.952253587238627
123.2809301077317,0.3404236605090157
123.28486565218846,0.4194864707994861
123.2888011966452,0.5765550682911612
123.29273674110196,1.1107392991158545
123.29667228555871,0.861465207968816
123.30060783001544,0.6041184027633796
123.3045433744722,0.791251421615211
123.30847891892896,0.847285761889275
123.31241446338572,0.8134404151422022
123.31635000784246,0.5647076296453671
123.3202855522992,0.22620451005333173
123.32422109675596,0.15471533583760672
123.32815664121271,0.06303128180891951
123.33209218566948,0.10801859116959012
123.33602773012622,0.32440704301006296
123.33996327458296,0.871983760878149
123.34389881903972,0.8631947491262429
123.34783436349647,0.02560031303707557
123.35176990795324,0.675844672069552
123.35570545240998,0.6776715069049623
123.35964099686672,0.7260390753246675
123.36357654132348,0.6153637307525581
123.36751208578023,0.09313803062150393
123.371447630237,1.4029324741828504
123.37538317469374,1.6081632045034335
123.37931871915048,1.2406173006373034
123.38325426360724,1.2250036708581944
123.38718980806398,0.19153648673244525
123.39112535252072,0.36355019631822183
123.39506089697748,0.8746323216443331
123.39899644143424,0.3379861246229302
123.402931985891,0.28909922808706867
123.40686753034774,0.09083933235280386
123.41080307480448,0.4116240561473989
123.41473861926124,0.7963012346625143
123.418674163718,0.16597068794532097
123.42260970817476,0.4231783026956345
123.4265452526315,1.0861369336393645
123.43048079708824,0.778745583221783
123.434416341545,0.22280694853012475
123.43835188600175,0.2582452774651291
123.4422874304585,0.5885051058809913
123.44622297491526,0.8772875847537722
123.450158519372,1.1574763761678781
123.45409406382876,1.203762599312793
123.4580296082855,1.1147978726275634
123.46196515274224,0.8108882950278791
123.465900697199,0.5321400906832332
123.46983624165576,0.6899412178227787
123.47377178611252,1.169498858264005
123.47770733056926,1.1250455826570063
123.481642875026,0.5715336419180062
123.48557841948276,0.22183524917544484
123.48951396393952,0.10100062132166315
123.49344950839628,0.24145604633040663
123.49738505285302,0.5592250269667709
123.50132059730976,0.934045946141101
123.50525614176652,0.852738415295769
123.50919168622328,0.3409345752192815
123.51312723068004,0.067885960907004
123.51706277513678,1.4698077482807823
123.52099831959352,3.631319561746098
123.52493386405028,1.5816329929385484
123.52886940850703,1.762122767391185
123.53280495296376,2.6837304773705504
123.53674049742052,1.3672956698838041
123.54067604187728,1.5146776944031133
123.54461158633404,0.7634870026422049
123.54854713079078,1.4450768756549839
123.55248267524752,0.7397263544627118
123.55641821970428,0.3414897464778469
123.56035376416104,0.08148105265574489
123.5642893086178,0.14122031094713608
123.56822485307454,0.11977462241162948
123.57216039753128,0.48242079786263664
123.57609594198804,0.38582613815833866
123.5800314864448,0.19199576520221026
123.58396703090156,1.5806333542767208
123.5879025753583,5.26193471927729
123.59183811981504,5.111356100734374
123.5957736642718,4.519937797610252
123.59970920872856,5.059757034001061
123.6036447531853,0.9848008477681094
123.60758029764206,0.346165645720438
123.6115158420988,0.5872598433979046
123.61545138655556,0.710177707235938
123.6193869310123,0.39131659397454344
123.62332247546904,0.12391134622543701
123.6272580199258,0.6676433965107509
123.63119356438256,0.8567173755949383
123.63512910883932,2.6428054906397604
123.63906465329606,2.3702640147295875
123.6430001977528,0.5858687531784597
123.64693574220956,0.09301796437446433
123.65087128666632,0.3245135734040594
123.65480683112308,0.8322176800832359
123.65874237557982,0.7467262852563811
123.66267792003656,0.07606648234763942
123.66661346449332,0.9969225236182875
123.67054900895008,4.161679046477949
123.67448455340684,2.1784532913946704
123.67842009786358,1.9553969680401577
123.68235564232032,6.096759355449989
123.68629118677708,2.523444531315076
123.69022673123382,1.5404262361927337
123.69416227569056,3.5917465463527374
123.69809782014732,3.3777504081174956
123.70203336460408,0.5560382684185039
123.70596890906084,0.9300722742533848
123.70990445351758,0.5829573174905652
123.71383999797432,2.9619362565362977
123.71777554243108,8.921488155462724
123.72171108688784,2.630144262558621
123.7256466313446,1.3769841581055648
123.72958217580134,0.12527208239088228
123.73351772025808,5.202543402575271
123.73745326471484,8.665538100320232
123.7413888091716,0.9626785976095068
123.74532435362836,1.5769637483319185
123.7492598980851,3.007165941444785
123.75319544254184,3.27595323728491
123.7571309869986,1.6942342173662446
123.76106653145536,1.8918501781361694
123.76500207591212,1.2492135503344357
123.76893762036885,0.01896962131739903
123.7728731648256,0.7666342885187014
123.77680870928236,0.19519554520718865
123.7807442537391,0.6406515460135402
123.78467979819584,0.49757461303049616
123.7886153426526,0.5513719702905494
123.79255088710936,2.8156783545697492
123.79648643156612,0.5005857174744025
123.80042197602286,1.184582373692212
123.8043575204796,1.2804760374627833
123.80829306493636,0.6404412580877133
123.81222860939312,1.5764279312696448
123.81616415384988,1.3664615047801645
123.82009969830662,0.5262000575571848
123.82403524276336,0.07821135258808516
123.82797078722012,0.22747082864540455
123.83190633167688,0.16247571294659494
123.83584187613364,1.015365269240509
123.83977742059038,0.6011921283881354
123.84371296504712,0.17029006606827443
123.84764850950388,1.0538873740055976
123.85158405396062,1.4405368859684144
123.85551959841736,1.5583312763875465
123.85945514287413,1.9892834852181474
123.86339068733088,0.028634625491216384
123.86732623178764,1.169852840713208
123.87126177624438,0.625437922608884
123.87519732070112,1.3628532321425122
123.87913286515789,1.6446478679370196
123.88306840961464,0.3344386725927539
123.8870039540714,0.2020119127607791
123.89093949852814,0.2513959969261655
123.89487504298488,0.1844546331065023
123.89881058744164,0.02439054208704366
123.9027461318984,0.1773842884686349
123.90668167635516,0.3784755883704868
123.9106172208119,0.40440804431333055
123.91455276526864,0.8843002946017652
123.9184883097254,0.7694645470935706
123.92242385418216,0.5024724499452627
123.9263593986389,0.0033803278917697815
123.93029494309565,0.9861209328809185
123.9342304875524,1.49957749693435
123.93816603200916,2.479612380395134
123.9421015764659,0.39811029316155566
123.94603712092264,3.02592591525492
123.9499726653794,6.441793965769064
123.95390820983616,0.4659875239300511
123.95784375429292,3.3828521883664546
123.96177929874966,2.660844034888739
123.9657148432064,0.8988546470365407
123.96965038766317,1.9276209721113133
123.97358593211992,0.08799798711002195
123.97752147657668,0.8830945188331425
123.98145702103342,1.2150976367239046
123.98539256549016,0.5709054071536239
123.98932810994692,0.39611128061396916
123.99326365440368,0.08648312758359136
123.99719919886044,1.650808908609144
124.00113474331717,1.7741930012395104
124.00507028777392,0.024387845644814977
124.00900583223068,0.82326043584316
124.01294137668742,0.5888263083072095
124.01687692114416,0.07539649732424675
124.02081246560093,0.12262646888441273
124.02474801005768,1.4327944774926122
124.02868355451444,3.5739018382496544
124.03261909897118,1.9664403032356583
124.03655464342792,1.275126055493151
124.04049018788469,1.1480001221833072
124.04442573234144,0.5971300298921504
124.0483612767982,0.3402824629223217
124.05229682125494,1.0413758565784386
124.0562323657117,2.435228634987698
124.06016791016845,0.7089333147719964
124.0641034546252,0.5587095963102289
124.06803899908196,1.1568496917198408
124.0719745435387,0.7519889204776838
124.07591008799544,0.025698828159270406
124.0798456324522,1.6990907799115123
124.08378117690894,2.0577503824219803
124.0877167213657,0.7125466874725133
124.09165226582245,1.2331624289527408
124.0955878102792,0.7641111575945013
124.09952335473596,0.026073753701104763
124.1034588991927,0.22920352708300834
124.10739444364944,0.21699647917768486
124.1113299881062,0.35617084157342005
124.11526553256296,0.7125775735738753
124.11920107701972,0.38049216324336854
124.12313662147646,0.00705342663262604
124.1270721659332,0.41871380411233744
124.13100771038997,2.1775882911924307
124.13494325484672,3.23879522568807
124.13887879930348,2.0829899196979613
124.14281434376022,0.8721161109951353
124.14674988821696,0.09545169967566579
124.15068543267373,0.1278897172200184
124.15462097713048,0.3742108654788987
124.15855652158722,0.2181658242488163
124.16249206604397,0.1285688325394389
124.16642761050072,0.3896249745863966
124.17036315495749,1.0473869379183935
124.17429869941422,1.6587928727344294
124.17823424387096,1.5781684030646388
124.18216978832773,1.0351545540445661
124.18610533278448,0.7665318605397258
124.19004087724124,0.7105450298340844
124.19397642169798,0.7685234941222402
124.19791196615472,1.1615364242517634
124.20184751061149,0.7614685829786751
124.20578305506824,0.04104009304842955
124.209718599525,0.6256652347962617
124.21365414398174,0.28538074087018545
124.2175896884385,0.4237251918077249
124.22152523289525,1.9640652232782951
124.225460777352,0.7266148774887585
124.22939632180876,0.2480296404125517
124.2333318662655,1.5870251020515844
124.23726741072224,0.7801127876270282
124.241202955179,0.4331911526035566
124.24513849963574,0.5454457958374286
124.2490740440925,0.35610815082131425
124.25300958854923,0.03863979859502704
124.256945133006,0.78674825609587
124.26088067746277,0.8746348774211207
124.2648162219195,0.04123832131782158
124.26875176637624,0.08805659950241543
124.272687310833,0.29399820812748506
124.27662285528976,0.2984365379104577
124.28055839974652,0.3430734935817224
124.28449394420326,0.2866950234522105
124.28842948866,0.674652431508392
124.29236503311677,1.5285961156291494
124.29630057757352,0.7066445446566231
124.30023612203028,0.3710595242780073
124.30417166648702,0.23832511748857346
124.30810721094376,0.07298184464848916
124.31204275540053,1.663679861665835
124.31597829985726,1.1078135133813463
124.31991384431402,0.46460668268661126
124.32384938877075,2.797725054337284
124.32778493322752,1.2517263837774486
124.33172047768429,0.8097768743036193
124.33565602214102,0.4662583886586389
124.33959156659778,5.45421638397953
124.34352711105451,2.3727921572188233
124.34746265551128,0.31340542085260814
124.35139819996805,0.531351479649262
124.35533374442478,1.3398003734913408
124.35926928888152,3.401203383188355
124.36320483333829,0.3627906384779854
124.36714037779504,0.626606181041097
124.3710759222518,0.29250825727216745
124.37501146670854,1.2741170118556562
124.3789470111653,2.358480827509046
124.38288255562205,1.8312675749695388
124.3868181000788,0.24103474757990853
124.39075364453556,1.0827088754072345
124.39468918899227,2.711373883069301
124.39862473344904,1.597365478008041
124.4025602779058,0.4436390999529168
124.40649582236254,0.4834522752709322
124.4104313668193,0.2322396309130199
124.41436691127603,0.7088942234301019
124.4183024557328,0.15916142896646568
124.42223800018957,0.1867917763200599
124.4261735446463,0.7112576686331458
124.43010908910306,0.701095878579388
124.4340446335598,0.25766196388807594
124.43798017801656,2.8622015998750023
124.44191572247333,1.384358033543902
124.44585126693006,0.44735959883281984
124.44978681138682,0.9974860105352238
124.45372235584357,0.4073226504449923
124.45765790030032,0.07920329222746524
124.46159344475709,0.025916356436890973
124.46552898921382,0.11052976023972122
124.46946453367056,0.3860252838175066
124.47340007812733,0.6610681801157997
124.47733562258406,1.2430744526741757
124.48127116704082,0.4411843479481241
124.48520671149755,0.09530532950869404
124.48914225595432,0.5347672870138014
124.49307780041109,2.22988962131586
124.49701334486782,1.0167785819650363
124.50094888932458,2.3761993944022426
124.50488443378131,4.523861224283251
124.50881997823808,1.7246594335826562
124.51275552269485,0.25969924716772047
124.51669106715158,0.39203111161169757
124.52062661160834,0.06639960137523453
124.52456215606507,1.9308596634322726
124.52849770052184,2.721035836318337
124.5324332449786,0.48920650069359134
124.53636878943534,3.344428316322559
124.5403043338921,3.936478314265748
124.54423987834883,2.2086100960265367
124.54817542280558,3.651021470150608
124.55211096726234,2.707502224069213
124.55604651171907,0.06881030670054866
124.55998205617584,4.5515206520994465
124.5639176006326,5.2103897649093796
124.56785314508934,1.0519728022143717
124.5717886895461,1.9867395350517423
124.57572423400283,3.6386197220034697
124.5796597784596,0.9658002971689104
124.58359532291637,0.22643117129517687
124.5875308673731,0.8466516129964026
124.59146641182986,0.03933780224530964
124.5954019562866,0.15767510037079793
124.59933750074336,0.24217164599567723
124.60327304520013,1.3252393352057859
124.60720858965686,0.9980839244973547
124.61114413411362,0.030844759067988094
124.61507967857035,0.10599756171052421
124.61901522302712,0.0304078569541589
124.62295076748389,0.4380517996377178
124.6268863119406,0.1418357075744662
124.63082185639736,0.18361339580107547
124.63475740085411,0.680675650932327
124.63869294531086,0.46283972911688903
124.64262848976762,0.1661434014962786
124.64656403422435,0.11277031165610844
124.65049957868112,0.38453005930340833
124.65443512313789,0.7931739380074564
124.65837066759462,0.6784797450338113
124.66230621205138,0.2719826336035377
124.66624175650811,1.0194948914819026
124.67017730096488,0.2151130870327159
124.67411284542165,0.5734461862651687
124.67804838987838,1.0373117361641944
124.68198393433514,0.012204270937470214
124.68591947879187,0.1639730249903104
124.68985502324864,0.13898584611979117
124.6937905677054,1.372756035089877
124.69772611216214,0.5202827418622279
124.7016616566189,0.09622848263940556
124.70559720107563,0.25272028840957744
124.7095327455324,0.7434563411252958
124.71346828998914,2.2459697847978957
124.71740383444588,2.6126276364501524
124.72133937890264,2.155733401480631
124.7252749233594,1.5674010545883748
124.72921046781616,1.0514423971746074
124.7331460122729,0.6054084541940726
124.73708155672963,0.6379314246877077
124.7410171011864,1.2713615617045926
124.74495264564317,1.588936009318872
124.7488881900999,1.4047081946962747
124.75282373455666,0.3275978184940082
124.7567592790134,0.5664743254238106
124.76069482347016,1.943282385695124
124.76463036792693,1.4482908033834743
124.76856591238366,0.624732460255437
124.77250145684042,0.31933461214941233
124.77643700129715,0.8174009059126901
124.78037254575392,1.6091218270610328
124.78430809021066,0.7714111409954584
124.7882436346674,0.031721763132354815
124.79217917912416,0.8768408062622974
124.79611472358091,0.5621194923101993
124.80005026803768,0.13810630870911214
124.80398581249442,1.219559978782332
124.80792135695116,1.4108691878862167
124.81185690140792,0.4811601468811457
124.81579244586467,0.0030830400108498726
124.81972799032144,0.5648290593376258
124.82366353477818,1.854735997391908
124.82759907923491,2.1629547263181714
124.83153462369168,1.4896391714154473
124.83547016814845,0.46888478951366425
124.83940571260518,1.8721603193239926
124.84334125706194,3.478788254185839
124.84727680151867,1.7711816278715562
124.85121234597544,0.7352812335741459
124.8551478904322,0.05704889958882378
124.85908343488894,0.46926427952819644
124.86301897934568,0.27833395507741393
124.86695452380243,0.04668667751689057
124.8708900682592,0.08588851838902188
124.87482561271594,0.9502158162648018
124.87876115717268,1.1269962892005578
124.88269670162944,0.2759841367277124
124.8866322460862,0.3993339010781693
124.89056779054296,1.139527499510409
124.8945033349997,0.08990365924564901
124.89843887945644,0.2966867003483704
124.9023744239132,0.03969612773410738
124.90630996836995,1.98361446804401
124.9102455128267,2.2323913567623683
124.91418105728346,1.43633809476278
124.9181166017402,0.6709693457485354
124.92205214619696,4.132197288567854
124.92598769065371,3.559666876118877
124.92992323511046,0.1955319269259597
124.93385877956722,3.534325611650099
124.93779432402395,0.7173352851531388
124.9417298684807,1.2307694022695668
124.94566541293746,0.7619263012626244
124.9496009573942,0.21369929253583034
124.95353650185096,0.9921126463659781
124.95747204630771,0.653731592134513
124.96140759076448,1.4796422342323754
124.96534313522122,2.839463285917875
124.96927867967796,1.022742322703394
124.97321422413472,0.1501483298005572
124.97714976859147,0.8588014104896167
124.98108531304824,0.8356213018465242
124.98502085750498,0.5971714005497644
124.98895640196172,0.22361295612101587
124.99289194641848,0.28474959581582854
124.99682749087523,1.5027077965450144
125.000763035332,0.6768525572989623
125.00469857978874,0.9076223097215863
125.00863412424548,2.6602872724126936
125.01256966870224,1.1247633248306392
125.016505213159,0.5135579723350063
125.02044075761572,0.9321187119056809
125.02437630207248,0.14505291131907969
125.02831184652923,0.7326604290276
125.032247390986,2.5745583955750684
125.03618293544274,1.7921625286990504
125.04011847989948,0.18356001084437887
125.04405402435624,0.9965082253055845
125.047989568813,1.4600626109617487
125.05192511326976,0.4432316606969232
125.0558606577265,1.106172001615143
125.05979620218324,1.0607273032591182
125.06373174664,1.1578620133190187
125.06766729109675,1.8856600431376511
125.0716028355535,3.2801328559524316
125.07553838001026,0.9444946329956975
125.079473924467,1.01669764318873
125.08340946892376,4.453776324699252
125.08734501338051,2.264718302842715
125.09128055783728,0.23884052320307056
125.095216102294,0.20816262273364974
125.09915164675076,0.15172477808462048
125.1030871912075,0.49533562459732783
125.10702273566426,1.799107400910446
125.110958280121,0.7060964952291461
125.11489382457776,0.05394446664047868
125.11882936903451,0.04956956096302246
125.12276491349128,0.16357347718468226
125.12670045794802,0.479661457711097
125.13063600240476,0.3649788231417149
125.13457154686152,0.08023395565088312
125.13850709131827,0.30834889651306135
125.14244263577504,0.4239674167110914
125.14637818023178,0.9438280672563021
125.15031372468852,1.0318939414499944
125.15424926914528,0.670783252892057
125.15818481360203,0.025760155298446157
125.1621203580588,1.8762393105130506
125.16605590251554,2.910307245099942
125.16999144697228,0.7381085981259231
125.17392699142904,0.18943009131178504
125.17786253588578,2.051025299824535
125.18179808034252,3.741102833273472
125.18573362479928,1.3108386281150388
125.18966916925604,0.847618748072024
125.1936047137128,0.5413536348843483
125.19754025816954,0.4303101086722591
125.20147580262628,1.699344436647805
125.20541134708304,3.627103496750316
125.2093468915398,0.6752404444344685
125.21328243599656,1.5565442897468582
125.2172179804533,3.1719613734247476
125.22115352491004,0.9373644219372393
125.2250890693668,0.2338584469545279
125.22902461382355,0.9157921932957347
125.2329601582803,1.11056410427365
125.23689570273706,0.10482288386288226
125.2408312471938,0.6916620341998025
125.24476679165056,0.5751594939256629
125.24870233610731,0.2644505989106795
125.25263788056404,0.8473471662562078
125.2565734250208,0.8460720821787804
125.26050896947756,0.445737370074515
125.26444451393432,1.1272370898844974
125.26838005839106,0.6907962813077916
125.2723156028478,0.5129701422063093
125.27625114730456,0.937450981633994
125.28018669176132,0.7073581264253318
125.28412223621808,0.030835599138063594
125.28805778067482,0.3235137090484437
125.29199332513156,0.47386597378112105
125.29592886958832,0.257318042073159
125.29986441404508,0.21032354983605003
125.30379995850184,0.3053408485731681
125.30773550295858,0.8199778497744759
125.31167104741532,1.1866642240063252
125.31560659187208,1.018211515777344
125.31954213632883,0.10635073327850401
125.3234776807856,1.342585121400109
125.32741322524234,0.9181835726383472
125.33134876969908,0.192786648907259
125.33528431415584,0.6677193986489419
125.33921985861258,0.2365582062992021
125.34315540306932,1.466822665062546
125.34709094752608,0.9788016156748918
125.35102649198284,1.3860602202451633
125.3549620364396,2.0867407228008936
125.35889758089634,1.9700334601651006
125.36283312535308,0.6505608484736408
125.36676866980984,0.14439739199155022
125.3707042142666,0.4334238757507884
125.37463975872336,0.5340928798643493
125.3785753031801,0.35398827583684533
125.38251084763684,0.5532233030929222
125.3864463920936,1.1880478315480447
125.39038193655036,0.4023385574633036
125.3943174810071,0.23375401439998375
125.39825302546386,0.09205372954541727
125.4021885699206,0.09238643976007507
125.40612411437736,0.5364381830816601
125.4100596588341,0.2774827768269495
125.41399520329084,0.05532347200784793
125.4179307477476,0.508822764700449
125.42186629220436,0.5754314131163666
125.42580183666112,0.17398917195694952
125.42973738111786,0.6940641547219507
125.4336729255746,1.0974502577302978
125.43760847003136,0.02357181013147674
125.44154401448812,1.7665028043430127
125.44547955894488,0.791192654762301
125.44941510340162,0.23810921012050035
125.45335064785836,0.9904850426997737
125.45728619231512,0.18457149005497006
125.46122173677188,0.2482018043706651
125.46515728122864,0.9654386946926089
125.46909282568538,0.4849642698537672
125.47302837014212,0.049550459935987994
125.47696391459888,0.19835743184610452
125.48089945905564,0.12224227026722521
125.4848350035124,0.1709872254634121
125.48877054796912,0.359180651962008
125.49270609242588,0.4925840628599172
125.49664163688264,0.1333424415625969
125.50057718133938,0.5311788959063058
125.50451272579612,0.5752499078138708
125.50844827025288,0.9582982595614232
125.51238381470964,1.421153534833477
125.5163193591664,0.6136463563357707
125.52025490362314,0.5314211175148215
125.52419044807988,0.32918456986339123
125.52812599253664,0.09848224621883363
125.5320615369934,0.3803489976736829
125.53599708145016,0.3721146583058137
125.5399326259069,1.4125011980115985
125.54386817036364,0.6295810732867604
125.5478037148204,0.2250472203106993
125.55173925927716,1.4030211326182955
125.55567480373392,0.7347392668652906
125.55961034819066,0.4904700139168862
125.5635458926474,1.6511069031471928
125.56748143710416,1.017226562025447
125.5714169815609,0.5554997979322522
125.57535252601764,1.1774166878399939
125.5792880704744,0.7988010093774897
125.58322361493116,1.023213291380181
125.58715915938792,0.4109151336043845
125.59109470384466,2.6408638727983167
125.5950302483014,3.423571992116186
125.59896579275816,0.530719820111079
125.60290133721492,4.503025811268573
125.60683688167168,2.2543423666676303
125.61077242612842,0.513112336315903
125.61470797058516,1.0661100009231887
125.61864351504192,0.44196440161081607
125.62257905949868,1.293670647652867
125.62651460395544,0.7370901991483321
125.63045014841218,0.988553440629796
125.63438569286892,1.275705428419048
125.63832123732568,3.175480879156198
125.64225678178242,4.290709926952176
125.64619232623916,3.336477353508176
125.65012787069593,3.0647593275897473
125.65406341515268,3.014796669690951
125.65799895960944,1.1030991897719054
125.66193450406618,0.7375515089884818
125.66587004852292,0.7229118433386957
125.66980559297969,0.6658947315033313
125.67374113743644,2.048885729529786
125.6776766818932,1.381079277588624
125.68161222634994,2.3015453373063326
125.68554777080668,1.1322924728396175
125.68948331526344,0.5175184047192377
125.6934188597202,3.5565393389377373
125.69735440417696,4.821035579874489
125.7012899486337,3.5942436725309266
125.70522549309044,0.963648171359735
125.7091610375472,0.7547937261022456
125.71309658200396,4.420196022337786
125.71703212646072,3.109580874301605
125.72096767091745,0.14094913963051856
125.7249032153742,0.10376152898746265
125.72883875983096,0.5366136058189299
125.7327743042877,1.9605067077023033
125.73670984874444,1.1270354875919315
125.7406453932012,0.8491210080364463
125.74458093765796,1.0412954377522252
125.74851648211472,0.15751113070705552
125.75245202657146,0.4572980583014433
125.7563875710282,2.017092995908536
125.76032311548497,2.167729710048791
125.76425865994172,1.229631695076323
125.76819420439848,0.23849021639669038
125.77212974885522,0.034893253912324895
125.77606529331196,0.015880320511318654
125.78000083776872,0.3834584193900416
125.78393638222548,0.8133161330209022
125.78787192668224,2.0658242540255802
125.79180747113898,2.455820254123161
125.79574301559572,0.5706427342283615
125.79967856005248,0.3752629725473459
125.80361410450922,0.5926285471075698
125.80754964896596,0.2669979209468812
125.81148519342273,0.45928159820777653
125.81542073787948,0.23096707475682077
125.81935628233624,0.09443996700508657
125.82329182679298,0.17532212150066578
125.82722737124972,1.558899827288041
125.83116291570649,3.981054395468928
125.83509846016324,2.6580862447194833
125.83903400462,0.2218071694679222
125.84296954907674,1.2534131770276358
125.8469050935335,0.8698969991241647
125.85084063799025,0.7573591540264066
125.854776182447,2.512118130772726
125.85871172690376,0.8257271149962387
125.8626472713605,0.31622589781443317
125.86658281581724,0.6757711013031212
125.870518360274,0.4371420950707367
125.87445390473076,2.3070724665932936
125.8783894491875,3.6123912539470577
125.88232499364425,0.6946327934826453
125.886260538101,2.19786807300435
125.89019608255776,7.6701565452477425
125.8941316270145,2.6817515401813523
125.89806717147124,0.3675936064756079
125.902002715928,3.318458232390575
125.90593826038476,3.322489892715562
125.90987380484152,1.900256391937433
125.91380934929826,0.6397265503897416
125.917744893755,0.045846570375409325
125.92168043821177,0.516839840327558
125.92561598266852,0.6870050434425133
125.92955152712528,0.14939497222121467
125.93348707158202,0.11390482738180079
125.93742261603876,0.22565876187301995
125.94135816049553,0.3694460734360588
125.94529370495228,0.5029816873625861
125.94922924940904,0.8908796289009626
125.95316479386578,0.9946511573478164
125.95710033832252,0.3508828545950338
125.96103588277929,0.1940785806674396
125.96497142723602,0.5148867944702091
125.96890697169276,1.0171643465835043
125.97284251614953,0.9790719984543609
125.97677806060628,0.8661996751635823
125.98071360506304,0.800265347134422
125.98464914951978,0.3253847083077956
125.98858469397652,0.026194025743419513
125.99252023843329,0.049225783179156234
125.99645578289004,0.02777247118884095
126.0003913273468,0.03829388031503586
126.00432687180354,0.21482383937715394
126.0082624162603,0.30639491352418935
126.01219796071705,0.31611448864211666
126.0161335051738,2.497706846196561
126.02006904963056,1.633173287146804
126.0240045940873,0.36257347534356027
126.02794013854404,1.3638505356404065
126.0318756830008,0.6082420909794686
126.03581122745754,0.13076998055961184
126.0397467719143,0.4848055144805069
126.04368231637103,0.2656326959110916
126.0476178608278,1.5595373422224927
126.05155340528457,3.2227954425994296
126.0554889497413,1.003144798445265
126.05942449419804,0.5924768898232997
126.0633600386548,1.8348965551121312
126.06729558311156,0.5605289947720294
126.07123112756832,1.9073671407463912
126.07516667202506,1.7335412606123655
126.0791022164818,0.049059427680220764
126.08303776093857,0.28941771806755967
126.08697330539532,0.11075350271212897
126.09090884985208,0.6977032663586545
126.09484439430882,1.1654134776440102
126.09877993876556,1.3323899811574604
126.10271548322233,1.7793759850959894
126.10665102767908,2.223553083729267
126.11058657213584,1.9100573708941335
126.11452211659255,0.9870860962865555
126.11845766104932,0.4186458624360913
126.12239320550609,0.33149137033845527
126.12632874996282,0.35866126637096724
126.13026429441958,0.28772894487224965
126.13419983887631,0.0640531390228764
126.13813538333308,0.1696383384732104
126.14207092778985,0.6367792764934531
126.14600647224658,0.15785946520067515
126.14994201670332,0.6853969451057952
126.15387756116009,2.020233717844306
126.15781310561684,0.5380941646240945
126.1617486500736,0.8508878456925383
126.16568419453034,2.057195286289798
126.1696197389871,0.6740542567498664
126.17355528344385,1.3815782139506225
126.1774908279006,1.765498639299125
126.18142637235736,0.7220400633102269
126.1853619168141,0.7281731432186923
126.18929746127084,0.6989671161909821
126.1932330057276,0.47685992249619286
126.19716855018434,0.44020244438961353
126.2011040946411,0.025858864681001608
126.20503963909783,0.649036177649858
126.2089751835546,2.556617275332171
126.21291072801137,2.8904555749866696
126.2168462724681,1.4861210499854711
126.22078181692486,0.7167808534512984
126.2247173613816,0.5419977624798197
126.22865290583836,0.3899450439207936
126.23258845029513,0.3072359392014773
126.23652399475186,0.061770525281935246
126.24045953920862,0.10216250510885201
126.24439508366537,0.27819661740874774
126.24833062812212,0.0513002332344581
126.25226617257889,0.5104139746233769
126.25620171703562,0.4577504241519767
126.26013726149236,0.1257450637735581
126.26407280594913,0.3879636008293198
126.26800835040586,0.35613953633411083
126.27194389486262,0.3054540311193388
126.27587943931935,0.2327501897535473
126.27981498377612,0.5652051041328339
126.28375052823289,0.01280117565677157
126.28768607268962,1.1123321053348518
126.29162161714638,1.6480292446627216
126.29555716160311,0.26418982693701526
126.29949270605988,0.015210211343359988
126.30342825051665,0.14387555576312822
126.30736379497338,0.037005903923596734
126.31129933943014,0.5135268059182347
126.31523488388687,1.4879803604866764
126.31917042834364,0.4826508422451324
126.3231059728004,0.16646215580952842
126.32704151725714,0.22286567461658172
126.3309770617139,0.2242549123076828
126.33491260617063,0.1001351651007133
126.3388481506274,0.25140174396690373
126.34278369508417,0.346281333123288
126.34671923954087,1.3175655731567386
126.35065478399764,1.108038536672932
126.3545903284544,0.14029268492146543
126.35852587291114,0.1151374741398951
126.3624614173679,0.3095879112963858
126.36639696182463,0.17085105016142504
126.3703325062814,0.015958050439821944
126.37426805073817,0.3801728678804218
126.3782035951949,1.1336214991151126
126.38213913965166,0.3721475440387926
126.3860746841084,1.3252362456660405
126.39001022856516,1.7131701929564884
126.39394577302193,1.2244425407588384
126.39788131747866,1.8151268773473714
126.40181686193542,1.7176416434140267
126.40575240639215,1.659004973196531
126.40968795084892,1.4342245334812131
126.41362349530569,0.8703562650911878
126.41755903976242,0.5246827337939587
126.42149458421918,0.9462235193506294
126.42543012867591,0.37570919723901064
126.42936567313266,0.09693602730732065
126.43330121758942,0.030430825785583298
126.43723676204615,0.8436442536730651
126.44117230650292,1.3618760262343192
126.44510785095969,0.21732783307447598
126.44904339541642,1.2177466577577463
126.45297893987318,1.5218913718529117
126.45691448432991,0.04388103657496024
126.46085002878668,3.094224876754645
126.46478557324345,3.9819949980287612
126.46872111770018,1.2294678156489582
126.47265666215694,1.3209343808518657
126.47659220661367,2.3447771790211474
126.48052775107044,1.6254620565890532
126.4844632955272,0.5234429108763383
126.48839883998394,0.3949568008111592
126.4923343844407,0.4796311912510966
126.49626992889743,0.16882832147594254
126.5002054733542,1.0364560065414465
126.50414101781094,0.9495733324104441
126.50807656226768,0.01901267397265098
126.51201210672444,0.13712428187549608
126.5159476511812,0.3253538832192898
126.51988319563796,1.6541709571461614
126.5238187400947,0.31407153271049826
126.52775428455143,1.0356096831900459
126.5316898290082,1.1935379956141792
126.53562537346497,0.006850919135336258
126.5395609179217,0.33837230243472743
126.54349646237846,0.09686866659736829
126.5474320068352,0.10079982036333747
126.55136755129196,0.044781330537033086
126.55530309574873,0.41450737058498516
126.55923864020546,1.227776996321606
126.56317418466222,0.926413937940687
126.56710972911895,1.2204789847235682
126.57104527357572,0.4022497323594701
126.57498081803249,0.08233001061794923
126.57891636248922,0.09494627155890145
126.58285190694596,0.144681306808691
126.58678745140271,0.14487420889364547
126.59072299585948,0.578307604757758
126.59465854031622,2.7244818583435872
126.59859408477296,1.0995189849472395
126.60252962922972,1.9169790162466556
126.60646517368647,2.427450579478909
126.61040071814324,0.8297450227160454
126.61433626259998,4.2101427227715
126.61827180705671,1.466168584256096
126.62220735151348,2.8687808807031763
126.62614289597025,3.92414302869291
126.63007844042698,1.67629066781957
126.63401398488374,0.10610979118518604
126.63794952934047,1.3145358251119348
126.64188507379724,1.3851183092445956
126.645820618254,0.18077804698497776
126.64975616271074,1.3839388433855946
126.6536917071675,0.7477649943045183
126.65762725162423,2.9629878409786867
126.661562796081,1.9897070539111281
126.66549834053774,0.08207349495683734
126.66943388499448,0.38191262574530105
126.67336942945124,1.0452196224090808
126.677304973908,2.573084250062148
126.68124051836476,1.3651270438378047
126.6851760628215,0.975200595269104
126.68911160727824,3.510599982784722
126.693047151735,0.35427333645169606
126.69698269619175,3.4205396162754242
126.7009182406485,3.750411051456084
126.70485378510526,1.4476361344903035
126.708789329562,1.267191786462712
126.71272487401876,0.02086606761908826
126.71666041847551,0.24566935083673494
126.72059596293226,0.031010746893054615
126.72453150738902,0.327618410270751
126.72846705184575,0.36053501483621175
126.73240259630252,1.278505757376632
126.73633814075929,1.5378335302957944
126.740273685216,2.143453839409
126.74420922967276,1.7828169071453615
126.74814477412951,2.723703502078942
126.75208031858628,3.1594780834513405
126.75601586304302,3.4141982557642856
126.75995140749976,0.675335270443406
126.76388695195652,1.0944193413443386
126.76782249641327,0.45495343573580943
126.77175804087004,2.8600012905919043
126.77569358532678,2.8859453551774576
126.77962912978352,0.674784461184342
126.78356467424028,5.824735040415121
126.78750021869703,1.2670351230379173
126.7914357631538,2.812770577761335
126.79537130761054,1.9311005296515125
126.79930685206728,0.7303998387403998
126.80324239652404,2.4476548959732876
126.8071779409808,1.4605590154995205
126.81111348543756,0.5844632915734462
126.81504902989428,2.1512607779625057
126.81898457435103,1.7053806649621621
126.8229201188078,0.4069190993770682
126.82685566326454,1.978453008304529
126.83079120772128,1.6545032737408623
126.83472675217804,0.8500912924448115
126.8386622966348,0.6225463877021661
126.84259784109156,1.1078794246145418
126.8465333855483,0.7413965740300043
126.85046893000504,0.8030061485907397
126.8544044744618,1.840308986694517
126.85834001891855,1.0855390590048184
126.8622755633753,0.5312329792528452
126.86621110783206,1.2071960984285264
126.8701466522888,1.387362242449385
126.87408219674556,0.038839074473408654
126.87801774120231,0.8515011340448859
126.88195328565908,0.0891826570491752
126.88588883011582,1.5254934723109967
126.88982437457256,2.596073995241744
126.8937599190293,1.228333073318895
126.89769546348606,1.002644162551085
126.9016310079428,0.16986296370564732
126.90556655239956,1.1225414650725658
126.90950209685631,0.6992502737812228
126.91343764131308,0.082245060665416
126.91737318576982,0.09221395309238756
126.92130873022656,0.21147727451080428
126.92524427468332,0.7375134039798601
126.92917981914007,1.602012054231227
126.93311536359684,1.1719360001687884
126.93705090805358,0.3646247368619943
126.94098645251032,0.6719101575747133
126.94492199696708,0.3748609447390655
126.94885754142383,0.0663199350821915
126.9527930858806,0.42524608599644326
126.95672863033734,2.1564864028800352
126.96066417479408,2.1587678923576124
126.96459971925084,0.5752372947729101
126.9685352637076,0.8620002227242877
126.97247080816432,0.4041874359013274
126.97640635262108,0.18586295793089674
126.98034189707784,0.1622995415642594
126.9842774415346,0.7975259150437846
126.98821298599134,0.17496659036600817
126.99214853044808,0.38523880217614387
126.99608407490484,0.47286689059825615
127.0000196193616,0.8555847273941797
127.00395516381836,2.502951584773024
127.0078907082751,0.5709628889732093
127.01182625273184,1.5033403953253313
127.0157617971886,1.7118516768950622
127.01969734164535,0.4029321953476648
127.0236328861021,0.7499831724532273
127.02756843055886,1.9799970347745404
127.0315039750156,2.2106738921717155
127.03543951947236,0.40632449085902367
127.03937506392911,2.0897305983475793
127.04331060838588,1.2590076382322015
127.04724615284262,0.08487512796282147
127.05118169729936,0.12718802843359278
127.05511724175612,1.1308013137142363
127.05905278621286,1.852669903783009
127.0629883306696,0.5522574444911662
127.06692387512636,0.8508432540462999
127.07085941958312,2.2410033886660745
127.07479496403988,0.5893368379204093
127.07873050849662,0.994870814410491
127.08266605295336,2.894181572887347
127.08660159741012,1.0424406407886033
127.09053714186688,0.30095129694390244
127.09447268632364,0.09988376915614906
127.09840823078038,0.15310596141003038
127.10234377523712,0.38358511348011676
127.10627931969388,0.03165375295134601
127.11021486415063,0.39727723614299415
127.1141504086074,1.09640501566369
127.11808595306414,0.7713840769242202
127.12202149752088,0.11061906557609912
127.12595704197764,0.1328787228315813
127.12989258643438,0.33831385622831345
127.13382813089112,0.05658087153734446
127.13776367534788,0.09173171603868667
127.14169921980464,0.008778351418974479
127.1456347642614,0.13668795913175882
127.14957030871814,0.19730557975752475
127.15350585317488,0.12049659532814831
127.15744139763164,0.012184734288104996
127.1613769420884,0.4012836528807698
127.16531248654516,0.24914312381077083
127.1692480310019,0.03314230994006358
127.17318357545864,0.12372457954337457
127.1771191199154,0.9957009026359244
127.18105466437216,0.832892131379632
127.1849902088289,0.29835332133746506
127.18892575328566,0.8139980192179163
127.1928612977424,0.0814166013754745
127.19679684219916,0.8907467519265929
127.20073238665591,0.7884123602148476
127.20466793111268,0.3771658053333774
127.2086034755694,0.11385922963463663
127.21253902002616,0.4853247347959558
127.21647456448292,0.02882847220717422
127.22041010893966,1.8622933185751043
127.2243456533964,1.8590266771654518
127.22828119785316,0.24729197653698928
127.23221674230992,0.311628207160232
127.23615228676668,0.07925413252969583
127.24008783122342,0.25097852313469293
127.24402337568016,0.29813268124465514
127.24795892013692,1.1889926311521068
127.25189446459368,0.8465638923432015
127.25583000905044,0.5250248558794737
127.25976555350718,1.257051375525507
127.26370109796392,1.4896647023844303
127.26763664242068,0.5969328271054786
127.27157218687744,0.9124131865439857
127.2755077313342,1.288431172319756
127.27944327579094,0.6472137900071668
127.28337882024768,0.11176718868838847
127.28731436470444,0.2818716270860132
127.29124990916118,0.5203509107464573
127.29518545361792,0.176467420812375
127.29912099807468,0.20819163672307373
127.30305654253144,1.0136995437359193
127.3069920869882,2.0756898947239875
127.31092763144494,0.9356978971970046
127.31486317590168,0.15610027149974862
127.31879872035844,1.7819997769142588
127.3227342648152,1.9253482362560543
127.32666980927196,1.669189837822131
127.3306053537287,2.3354524207453045
127.33454089818544,2.429800500740596
127.3384764426422,1.5602829123022257
127.34241198709896,3.760207515849606
127.34634753155572,4.429485596264807
127.35028307601246,1.5365632495946089
127.3542186204692,0.3042174534363471
127.35815416492596,1.2863658558429685
127.3620897093827,2.715916837892438
127.36602525383944,1.736281409393264
127.3699607982962,0.0034221216884831518
127.37389634275296,1.4029701455091055
127.37783188720972,1.331020832144259
127.38176743166646,0.44280344631942054
127.3857029761232,0.25411126474788626
127.38963852057996,0.24188982832410952
127.39357406503672,1.7564645064082964
127.39750960949348,2.6751872417585276
127.40144515395022,2.7344562932852985
127.40538069840696,2.396184871227178
127.40931624286372,0.7670513483933574
127.41325178732048,0.16841047201729095
127.41718733177724,1.3516017568313994
127.42112287623398,1.5673447635270357
127.42505842069072,0.7046498317238861
127.42899396514748,1.1125754761551543
127.43292950960424,1.164447275700023
127.436865054061,0.018221234638181663
127.44080059851773,1.0086736903315041
127.44473614297448,0.16727170023141177
127.44867168743124,0.8611071021690467
127.45260723188798,0.7457013316507901
127.45654277634472,0.5167636199858352
127.46047832080149,0.8068705673506875
127.46441386525824,0.983872695578313
127.468349409715,0.41334387220171015
127.47228495417174,1.8706841990975267
127.47622049862848,4.162407277100686
127.48015604308524,0.7506381528442299
127.484091587542,2.708727108506888
127.48802713199876,0.6752710745995428
127.4919626764555,0.9636484944816945
127.49589822091224,1.5454690947811551
127.499833765369,2.0068517605606124
127.50376930982576,3.3643565265254405
127.50770485428252,1.9671356903132604
127.51164039873926,0.20664314019928598
127.515575943196,0.9653318913985153
127.51951148765276,2.7462528873336485
127.5234470321095,0.9981922216711289
127.52738257656624,0.1471168473077158
127.531318121023,1.7608827352937801
127.53525366547976,2.4520644766385518
127.53918920993652,2.6938927867641356
127.54312475439326,1.6035801673961296
127.54706029885,1.3807976395141406
127.55099584330677,2.230304841319212
127.55493138776352,0.38871044354163825
127.55886693222028,0.42771458318989275
127.56280247667702,0.9452050637823131
127.56673802113376,0.8136470161382051
127.57067356559052,3.4131536864374805
127.57460911004728,3.8641261483423923
127.57854465450404,0.8560166102749396
127.58248019896078,0.07910703756444326
127.58641574341752,0.02553020985922007
127.59035128787428,0.10217737774660215
127.59428683233104,1.6731296148853985
127.59822237678776,3.5413856431437933
127.60215792124453,1.7597648593965889
127.60609346570128,0.595404364351548
127.61002901015804,0.012993924367391253
127.61396455461478,0.9753293429672598
127.61790009907152,1.2633747404220168
127.62183564352829,1.2448187755831173
127.62577118798504,0.3332177641991667
127.6297067324418,1.4221857508504918
127.63364227689854,4.2039589976672245
127.6375778213553,1.8064058588843939
127.64151336581205,0.9938606914995406
127.6454489102688,2.3290910898593196
127.64938445472556,2.1093292549781184
127.6533199991823,0.6359881622208239
127.65725554363904,0.14429576293367266
127.6611910880958,0.4874253740832063
127.66512663255256,2.396323728302605
127.66906217700932,1.2662817403704423
127.67299772146606,0.7715202815659538
127.6769332659228,1.6432182281434202
127.68086881037956,0.6844726550514522
127.6848043548363,0.1083747266998249
127.68873989929304,0.20261963222673807
127.6926754437498,3.5159351836818717
127.69661098820656,8.017651342861024
127.70054653266332,3.231903088472866
127.70448207712006,0.1311749694348186
127.7084176215768,0.35745899376473506
127.71235316603357,0.4654700598024906
127.71628871049032,1.395107188697947
127.72022425494708,0.36736580238916283
127.72415979940382,2.513708385428124
127.72809534386056,1.1924139472577617
127.73203088831733,1.5802025736049123
127.73596643277408,3.7924227975159086
127.73990197723084,1.8452122430101419
127.74383752168758,0.7301207628322508
127.74777306614432,0.7907316686404008
127.75170861060109,0.4904250220627216
127.75564415505782,0.39120060280092434
127.75957969951456,1.0055713906303096
127.76351524397133,1.8154515698751021
127.76745078842808,1.48369705377455
127.77138633288484,0.34167353589617994
127.77532187734158,0.046685010404993656
127.77925742179832,0.0018270001429724052
127.78319296625509,0.42307855840493097
127.78712851071184,0.6423616526454184
127.7910640551686,0.23935441957544745
127.79499959962534,0.05957373477766581
127.7989351440821,0.4077460412026485
127.80287068853885,2.347341102599653
127.8068062329956,2.3539573557399778
127.81074177745236,0.3366030166667343
127.8146773219091,0.19032648452149437
127.81861286636584,0.3547545764622315
127.8225484108226,0.13908829764966918
127.82648395527936,1.39419048253969
127.83041949973612,5.202033369603109
127.83435504419283,3.073591848772778
127.8382905886496,0.16691152134861922
127.84222613310637,1.598031975434376
127.8461616775631,0.42584726779001336
127.85009722201984,0.18252735291265063
127.8540327664766,1.3508205396637878
127.85796831093336,1.539505230087775
127.86190385539012,0.37024748340174474
127.86583939984686,1.131904504304093
127.8697749443036,1.0154792314947871
127.87371048876037,2.3739915455938707
127.87764603321712,1.7172083441171244
127.88158157767388,0.21358444805848634
127.88551712213062,1.8601914876917447
127.88945266658736,0.6254351848638805
127.89338821104413,0.9534225295240701
127.89732375550088,4.66858421082121
127.90125929995764,2.5201674014536293
127.90519484441438,0.04936486296215536
127.90913038887112,2.39931965687873
127.91306593332789,2.40752882002514
127.91700147778462,0.5370053707017348
127.92093702224138,0.24128192515820923
127.92487256669811,0.348933205768003
127.92880811115488,0.0463093853552832
127.93274365561165,0.14860205964969272
127.93667920006838,0.7977793968508016
127.94061474452512,1.6267723537608256
127.94455028898189,1.1459779332027111
127.94848583343864,0.37551702510480334
127.9524213778954,2.081496084732136
127.95635692235214,1.9517518999340147
127.9602924668089,1.0567685342765032
127.96422801126565,1.2436387832673494
127.9681635557224,0.2686780532061854
127.97209910017916,0.5457096671742029
127.9760346446359,0.2292688739004139
127.97997018909264,0.21775323991216103
127.9839057335494,0.9192626288766991
127.98784127800614,0.8380453040199538
127.9917768224629,0.7009361204915713
127.99571236691963,0.7512634031934784
127.9996479113764,0.4093658961430195
128.00358345583314,0.04703601830910036
128.0075190002899,0.08963173704636734
128.01145454474664,0.28922475086358856
128.0153900892034,0.8113234963039451
128.01932563366017,1.3489713740531621
128.0232611781169,0.8677985107229267
128.02719672257365,0.13319428756967178
128.0311322670304,0.01467082428442162
128.03506781148715,0.0990527639897319
128.0390033559439,0.09848007830647892
128.04293890040066,0.03377291894703257
128.0468744448574,0.03047106412201776
128.05080998931416,0.12558180227330729
128.0547455337709,0.7717863979251597
128.05868107822766,0.48281453921076617
128.0626166226844,0.3650764426946431
128.06655216714117,0.8478365602106275
128.0704877115979,0.6212563928302512
128.07442325605467,0.39868757493056983
128.0783588005114,0.19369677407119693
128.08229434496818,0.011347430563069848
128.0862298894249,0.17473444219807707
128.09016543388168,0.09208590164940378
128.09410097833842,0.22712510463399221
128.09803652279518,1.218513718901539
128.10197206725192,0.9231781368072763
128.10590761170866,0.11300367671055554
128.10984315616545,0.09660545575058108
128.11377870062216,0.5942428614874248
128.11771424507893,0.644505831766339
128.12164978953567,0.032712051456538986
128.12558533399243,1.2001901814257547
128.12952087844917,2.989968860827154
128.13345642290594,1.5051295558591962
128.13739196736267,0.06272465622755741
128.14132751181944,0.260273595106403
128.14526305627618,1.2482645711688212
128.14919860073294,1.8978467845747
128.15313414518968,0.9660111603274745
128.15706968964645,0.07748731508693264
128.1610052341032,0.3122397177013307
128.16494077855995,0.1465646755989426
128.1688763230167,0.06789908963258381
128.17281186747346,0.2595381541117574
128.1767474119302,0.02363567373533595
128.18068295638696,0.29117720824615984
128.1846185008437,0.6987063278379965
128.18855404530044,0.6237792165177709
128.1924895897572,0.3245743167444
128.19642513421394,0.15869856880478375
128.2003606786707,0.4982809598414134
128.20429622312744,1.056579783379383
128.2082317675842,1.230415316850291
128.21216731204095,1.2409795352618376
128.2161028564977,0.8345085640412478
128.22003840095445,0.1300289887753154
128.22397394541122,0.2091668573105341
128.22790948986795,0.9756700782360652
128.23184503432472,1.4929701418025523
128.23578057878146,2.04502474553982
128.23971612323822,2.1596335103631064
128.24365166769496,0.9781570837436645
128.24758721215173,0.03780342560927184
128.25152275660847,1.0029618209519375
128.25545830106523,1.55014220152551
128.25939384552197,0.45808031833449026
128.2633293899787,0.38209261629435926
128.26726493443547,0.8399255373502135
128.2712004788922,1.3883290195046587
128.27513602334898,2.1439023509579846
128.27907156780572,0.46061296979798305
128.28300711226248,1.2818347951385063
128.28694265671922,2.8943614311112973
128.290878201176,0.4859952288604776
128.29481374563272,0.5815093251985891
128.2987492900895,1.9449034377317165
128.30268483454623,0.8943160260257432
128.306620379003,0.8110493138517961
128.31055592345973,1.9489384304234014
128.3144914679165,0.1287715754672738
128.31842701237323,1.5724570272769645
128.32236255683,0.9758955209005881
128.32629810128674,0.2293005234350857
128.3302336457435,0.7171870837143831
128.33416919020024,0.0523618800579613
128.338104734657,0.6413277734919015
128.34204027911375,0.14983220467606978
128.34597582357048,0.8151837088710806
128.34991136802725,0.30073704835710086
128.353846912484,2.0095068673839522
128.35778245694075,1.4956521446020647
128.3617180013975,0.33007083199867776
128.36565354585426,0.24170847078672408
128.369589090311,0.5190308519718527
128.37352463476776,1.3379197440132684
128.3774601792245,0.1554437199971522
128.3813957236813,0.36136405332412225
128.385331268138,0.38067063191945155
128.38926681259477,0.06571932435678615
128.3932023570515,0.475276057927666
128.39713790150827,1.8980554365522844
128.401073445965,1.7960512655153091
128.40500899042178,0.6620730015590475
128.40894453487851,0.19781528188147
128.41288007933528,0.9013195679760956
128.41681562379202,2.43128362357851
128.42075116824876,4.672846148768735
128.42468671270552,2.4089019010592665
128.42862225716226,0.1043603189931218
128.43255780161903,0.8310146980276254
128.43649334607576,0.15072534246420188
128.44042889053253,0.30312755404350417
128.44436443498927,0.25914243363895634
128.44829997944603,0.02531277933343077
128.45223552390277,0.15023743631752995
128.45617106835954,0.6168917899891937
128.46010661281628,0.4943287172246578
128.46404215727304,0.21768172041561604
128.46797770172978,0.3721937716315267
128.47191324618657,1.2153215508742248
128.47584879064328,1.4779258479877018
128.47978433510005,0.7205032390500012
128.4837198795568,2.3126424157898477
128.48765542401355,2.215081762765512
128.4915909684703,0.1925548256918845
128.49552651292703,0.1300146211265647
128.4994620573838,0.8319949657741004
128.50339760184053,0.5947017302350344
128.5073331462973,0.48373739457048637
128.51126869075404,3.786486389068724
128.5152042352108,2.531358583339593
128.51913977966754,0.3463110261057765
128.5230753241243,1.5229792575556873
128.52701086858104,5.501204715458665
128.5309464130378,3.9662518907301454
128.53488195749455,0.3566605098458665
128.5388175019513,3.011010866595347
128.54275304640805,1.6689370191606545
128.54668859086482,0.10520914129027298
128.55062413532156,0.1411708835187389
128.55455967977832,0.8732874408067118
128.55849522423506,0.9652570805067209
128.56243076869185,0.5332628240187433
128.56636631314856,2.0320166296163316
128.57030185760533,1.4344695967546668
128.57423740206207,1.94904407185756
128.5781729465188,1.331647231354059
128.58210849097557,0.08579702982964879
128.5860440354323,0.06780672369662188
128.58997957988908,0.429274180252559
128.5939151243458,1.6091566087869245
128.59785066880258,1.7435605518071826
128.60178621325932,0.7017836038255407
128.60572175771608,0.6704529279622742
128.60965730217282,2.2766506375409805
128.6135928466296,3.114548601697019
128.61752839108632,1.0420870489946872
128.6214639355431,0.21866145885755633
128.62539947999983,0.4924947706992693
128.6293350244566,2.6230878151215293
128.63327056891333,1.5261113131398438
128.6372061133701,2.103509881153537
128.64114165782684,2.861269480181382
128.6450772022836,2.168345802892166
128.64901274674034,1.5620994471720444
128.65294829119708,1.1201930567205542
128.65688383565384,1.7177446544969546
128.66081938011058,0.3016558888034617
128.66475492456735,0.47633932776495147
128.66869046902409,2.262864558052659
128.67262601348085,2.1080064002049954
128.6765615579376,0.45797264289086165
128.68049710239436,0.47664374423921957
128.6844326468511,0.29884445763578144
128.68836819130786,0.7318020940847222
128.6923037357646,0.3586784629680527
128.69623928022136,0.91155820920757
128.7001748246781,1.941202207728436
128.70411036913487,1.043568706075422
128.7080459135916,0.588195022167268
128.71198145804837,0.5682110620942855
128.7159170025051,0.10094086655657616
128.71985254696187,0.1490543269479876
128.7237880914186,0.7763264196065917
128.72772363587538,0.5698216634055823
128.73165918033212,0.03488582250624051
128.73559472478885,0.545941605763567
128.73953026924562,0.776121581460853
128.74346581370236,1.4780380425814013
128.74740135815912,2.2197740616699546
128.75133690261586,0.46575210725279953
128.75527244707263,0.6039544035507214
128.75920799152937,1.5605653524381304
128.76314353598613,0.5779198587638753
128.76707908044287,0.0021458135588339057
128.77101462489964,0.2839090224433394
128.77495016935637,0.28754908212554553
128.77888571381314,0.3822184448407731
128.78282125826988,0.34290469235217325
128.78675680272664,0.6135439497299385
128.79069234718338,0.7735164289078871
128.79462789164015,0.4392847626633989
128.79856343609688,0.29164986168811446
128.80249898055365,1.0090206599751463
128.8064345250104,0.5486167528838267
128.81037006946713,0.16049296303834776
128.8143056139239,1.2909584617485537
128.81824115838063,0.9849022665498917
128.8221767028374,0.24847316566230457
128.82611224729413,0.3970565872573712
128.8300477917509,0.3058251186301367
128.83398333620764,0.05350439279227429
128.8379188806644,0.6584065260754958
128.84185442512114,0.9630583585838347
128.8457899695779,0.769849614910127
128.84972551403465,0.11209616925292677
128.8536610584914,0.2632855963765954
128.85759660294815,1.966997015930235
128.86153214740492,3.499914842061584
128.86546769186165,1.7336539429372984
128.86940323631842,0.15553056863704876
128.87333878077516,0.12129427678023715
128.87727432523192,1.05469732985896
128.88120986968866,2.3156574329136697
128.88514541414543,2.2927829864027256
128.88908095860216,0.9976676799610313
128.8930165030589,0.9808768752346496
128.89695204751567,0.29553577477959836
128.9008875919724,0.39386250873755035
128.90482313642917,1.0156086720533442
128.9087586808859,0.5972369773775266
128.91269422534268,0.8051168955543261
128.9166297697994,0.48070556826666033
128.92056531425618,0.048977219611894926
128.92450085871292,0.05902925058745437
128.92843640316968,0.8487924382658375
128.93237194762642,1.8896944552159458
128.9363074920832,0.7130185041499212
128.94024303653993,0.22489704943283434
128.9441785809967,0.10333952379962089
128.94811412545343,0.24173998420637238
128.9520496699102,0.7389724592861089
128.95598521436693,0.2941581863526468
128.9599207588237,0.10951663032629172
128.96385630328044,0.5156203248067093
128.96779184773715,1.666655342946445
128.97172739219394,1.4884428160517362
128.97566293665068,0.3781252416333759
128.97959848110744,0.5711381311521954
128.98353402556418,1.1790894779542278
128.98746957002095,1.0057397693942702
128.9914051144777,0.4941384705930223
128.99534065893445,0.2723867196832
128.9992762033912,0.27783556993261643
129.00321174784796,0.27860013225587876
129.0071472923047,2.9711623229372
129.01108283676146,5.315146789085598
129.0150183812182,1.5880779864467454
129.01895392567496,0.37118428745015575
129.0228894701317,2.1811374580203626
129.02682501458847,1.3388362712236224
129.0307605590452,0.26315711836774214
129.03469610350197,0.40926010374015387
129.0386316479587,1.2896650125611848
129.04256719241545,1.974488523213701
129.0465027368722,2.794179830970111
129.05043828132895,1.960522360365491
129.05437382578572,0.007727362943138195
129.05830937024243,1.7426555210830974
129.06224491469922,0.7313564623532034
129.06618045915596,0.8970095733734545
129.07011600361272,0.8554061708465556
129.07405154806946,0.6100550160166656
129.07798709252623,0.36898790145756144
129.08192263698297,1.598793052481291
129.08585818143973,1.8888398927285468
129.08979372589647,0.1612518632889996
129.09372927035324,1.1575257327923945
129.09766481480997,0.41289254941167386
129.10160035926674,2.7198670656269446
129.10553590372348,0.45116097894861806
129.10947144818024,1.1052460398590764
129.11340699263698,0.4089384546775849
129.11734253709375,0.5873562263863523
129.12127808155049,0.46592781058861044
129.12521362600722,0.45803032267384547
129.129149170464,0.3330089956294772
129.13308471492073,0.2863539416836873
129.1370202593775,0.8159956663600835
129.14095580383423,3.3351493193201556
129.144891348291,3.5147158131361973
129.1488268927477,0.06895102450472151
129.1527624372045,1.7010984189750062
129.15669798166124,0.5565824000930597
129.160633526118,0.6175618988868675
129.16456907057474,0.7713369452293479
129.1685046150315,0.185159333172783
129.17244015948825,0.03891155716717654
129.176375703945,0.5112746705652625
129.18031124840175,0.2666678125096552
129.18424679285852,0.24326892893532873
129.18818233731523,0.23925419305500473
129.19211788177202,0.07982739640500604
129.19605342622876,0.08918667666537645
129.1999889706855,0.16198424821943627
129.20392451514226,0.7450548601669066
129.207860059599,0.675718059475181
129.21179560405577,0.07299737811905044
129.2157311485125,1.3470161062688084
129.21966669296927,0.6335641178805358
129.223602237426,0.4179645586038029
129.22753778188277,1.7135457753750651
129.2314733263395,1.2028627701812868
129.23540887079628,0.3086193756061146
129.23934441525302,0.13092725994351642
129.24327995970978,0.6438944345611185
129.24721550416652,1.0046905474466636
129.25115104862329,0.558400247116611
129.25508659308002,0.3314776214524109
129.2590221375368,0.13340587107847207
129.26295768199353,0.010544137038660573
129.2668932264503,0.32331365162344344
129.27082877090703,0.7385848866922491
129.2747643153638,0.5037701903624165
129.2786998598205,1.4466567273588753
129.28263540427727,2.518451466707667
129.28657094873404,1.3582480479746315
129.29050649319078,0.6012463379064831
129.29444203764754,1.3811021564318053
129.29837758210428,2.740398212520684
129.30231312656105,1.1051441274645442
129.30624867101778,0.7960230228695838
129.31018421547455,1.4335141017839779
129.3141197599313,0.3420119406206064
129.31805530438805,0.5382864171042356
129.3219908488448,0.7665173430527672
129.32592639330156,0.34415088509561303
129.3298619377583,0.22614694886514503
129.33379748221506,1.3861505095143332
129.3377330266718,1.8388486491998075
129.34166857112857,1.2627409001440464
129.3456041155853,0.09419024117335499
129.34953966004207,1.7761759308275789
129.3534752044988,1.3718493758602874
129.35741074895554,0.5534683041095757
129.3613462934123,0.9871588161865108
129.36528183786905,1.3135449937749197
129.3692173823258,0.5701381528707461
129.37315292678255,2.1666655249164952
129.37708847123932,2.4286694372226862
129.38102401569606,0.25423856155423885
129.38495956015282,4.188966602172309
129.38889510460956,3.264575008931836
129.39283064906633,0.08143083598334198
129.39676619352306,3.0989021075851735
129.40070173797983,2.2205242410290777
129.40463728243657,0.3976525202534767
129.40857282689333,0.008178049446331244
129.41250837135007,0.5475564191206398
129.41644391580684,0.24762852485983478
129.42037946026358,1.096754565290799
129.42431500472034,1.3479776786085573
129.42825054917708,0.18311609218389455
129.43218609363385,2.1154104937548133
129.43612163809058,0.6746957927053112
129.44005718254732,0.8527169182573134
129.4439927270041,1.192150942195493
129.44792827146082,0.24961533578003775
129.4518638159176,1.0880059494037262
129.45579936037433,0.7066810393249938
129.4597349048311,0.2696974235445154
129.46367044928783,1.0363990445149887
129.4676059937446,1.8896379908006247
129.47154153820134,0.015282687900187268
129.4754770826581,1.6693170670519226
129.47941262711484,1.1690406182968662
129.4833481715716,1.973587441051209
129.48728371602834,0.5046417092848268
129.4912192604851,1.956867424169076
129.49515480494185,1.7460230594288066
129.4990903493986,0.4346729614776249
129.50302589385535,0.6696550212037561
129.50696143831212,1.233953546328356
129.51089698276886,1.470709555379849
129.5148325272256,1.3633702421147345
129.51876807168236,6.547398748488618
129.5227036161391,3.773470981968917
129.52663916059586,0.4715462815854824
129.5305747050526,0.03818808856125387
129.53451024950937,0.27607476297442923
129.5384457939661,0.6074419607217021
129.54238133842287,0.8440744619625966
129.5463168828796,1.247138044920978
129.55025242733635,1.1354730898315581
129.5541879717931,0.5043614663838952
129.55812351624988,0.4760577750226958
129.56205906070662,0.09242025284945261
129.56599460516338,1.4719212266774429
129.56993014962012,1.0193974604147034
129.5738656940769,0.42806244734550947
129.57780123853362,0.7984334755491608
129.5817367829904,0.3051068748050438
129.58567232744713,1.0857727619281472
129.5896078719039,1.1646504511088085
129.59354341636063,0.1276617019093424
129.59747896081737,2.3627407226915147
129.60141450527414,2.2811478161719116
129.60535004973087,0.8669151028152037
129.60928559418764,1.044217055156196
129.61322113864438,3.7416655879047775
129.61715668310114,0.3562005137687844
129.62109222755788,1.6538301521792858
129.62502777201465,1.0792396692998496
129.62896331647138,0.34254799182942586
129.63289886092815,0.7831041721684066
129.6368344053849,1.0993096829555769
129.64076994984163,0.28314228815451326
129.6447054942984,2.8201681681520077
129.64864103875516,6.048173136355607
129.6525765832119,0.6958087358375593
129.65651212766866,0.8798909604371224
129.6604476721254,0.17467111065732221
129.66438321658217,1.0240289170566799
129.6683187610389,0.6910049349717998
129.67225430549564,0.11944796616775553
129.6761898499524,0.09993804833714039
129.68012539440917,0.3966480826586709
129.6840609388659,0.5357205854742383
129.68799648332265,0.12563959303804398
129.69193202777942,0.7968870781335742
129.69586757223615,0.845543855727599
129.69980311669292,3.8082594207616167
129.70373866114966,3.0172754626890863
129.70767420560642,0.7575555298636988
129.71160975006316,0.3189443423434137
129.71554529451993,0.545750651935107
129.71948083897666,1.1930156346692617
129.72341638343343,0.28236878490625705
129.72735192789017,0.5513999969168543
129.7312874723469,0.5529273669449541
129.73522301680367,0.1593186170941829
129.73915856126044,0.1247488657463175
129.74309410571718,0.06682405816149216
129.7470296501739,0.6916577529196535
129.75096519463068,1.2050698347266016
129.75490073908742,0.2788409006897725
129.75883628354418,0.017062912076230702
129.76277182800092,0.02541340761268291
129.7667073724577,0.005972764925927551
129.77064291691445,0.15083646239225035
129.7745784613712,0.48870514672199167
129.77851400582793,0.5039259453791592
129.7824495502847,0.6878194111201072
129.78638509474143,1.3801670133365274
129.7903206391982,5.993465247673784
129.79425618365494,6.3206767251646525
129.7981917281117,3.044482477328538
129.80212727256844,2.1595884909340977
129.8060628170252,0.49145207170773025
129.80999836148197,0.04124810883970754
129.8139339059387,1.1708574351400693
129.81786945039545,1.8406840396122384
129.82180499485222,0.4595619917311067
129.82574053930895,0.3341645320942211
129.8296760837657,0.24175013312790242
129.83361162822246,1.3329858538209205
129.8375471726792,0.46439447783237175
129.84148271713596,0.08316560356683819
129.8454182615927,0.02299043365828811
129.84935380604946,0.7175267613883602
129.8532893505062,1.061034643815452
129.85722489496297,0.12869271514687458
129.8611604394197,0.025708003489470447
129.86509598387647,0.11603758933273332
129.8690315283332,1.0275517616950227
129.87296707278998,2.5920730136290873
129.8769026172467,1.9371476458197106
129.88083816170348,0.48096658624055605
129.88477370616022,0.2816072341567534
129.88870925061698,1.2623027913924891
129.89264479507372,1.369104163311824
129.8965803395305,0.24604311993811626
129.90051588398725,0.5749447497359881
129.90445142844396,0.35379359662702087
129.90838697290073,0.2400267645015692
129.91232251735747,1.1298635984800942
129.91625806181423,1.044146034342157
129.92019360627097,0.3220323271753071
129.92412915072774,1.2327730775186414
129.92806469518447,0.12654296315357855
129.93200023964124,1.1133627299410056
129.93593578409798,2.4681058240411233
129.93987132855474,1.3361995183295896
129.94380687301148,0.5308043857782647
129.94774241746825,0.3201012277178086
129.951677961925,0.06819143370146942
129.95561350638175,0.036227831566967884
129.9595490508385,0.38862883012232247
129.96348459529526,1.319323076635242
129.967420139752,1.221222191513427
129.97135568420876,0.302776848565697
129.9752912286655,0.440585803835411
129.97922677312226,1.1898180493548398
129.983162317579,1.5438598577078055
129.98709786203574,0.42228395709385547
129.9910334064925,0.3711852915374656
129.99496895094924,2.71340808750216
129.998904495406,4.9112355835232355
130.00284003986275,3.6687009393890806
130.0067755843195,0.4302609648456761
130.01071112877625,2.203027176920634
130.01464667323302,5.148680578194306
130.01858221768975,2.0434488932594856
130.02251776214652,0.4036633517187703
130.02645330660326,1.1067734238783753
130.03038885106002,0.6165060140265078
130.03432439551676,0.2389578402083835
130.03825993997353,0.02588839258475424
130.04219548443027,0.8340895291719924
130.04613102888703,0.7943878945205173
130.05006657334377,0.4230348129884485
130.05400211780054,3.511844185829923
130.05793766225727,3.3611224480353603
130.061873206714,0.4543089857212301
130.06580875117078,1.0326031385770975
130.06974429562752,0.4306679550796623
130.07367984008428,0.6200001857998566
130.07761538454102,0.793208395821818
130.0815509289978,0.6721671361013809
130.08548647345452,0.14634243111357728
130.0894220179113,0.7488461967765224
130.09335756236803,0.8104174045418241
130.0972931068248,0.5918093162082345
130.10122865128153,1.155929424061179
130.1051641957383,0.36206673984196464
130.10909974019503,1.8133111286112602
130.1130352846518,1.7138394164262534
130.11697082910854,0.5329549714283078
130.1209063735653,0.3130457335177235
130.12484191802204,0.4118699236869421
130.1287774624788,0.11684779598247882
130.13271300693555,0.02963897999269193
130.13664855139228,0.241180712070774
130.14058409584905,0.49703438260719013
130.1445196403058,0.616724951303803
130.14845518476255,1.723075501771438
130.1523907292193,1.63349324307802
130.15632627367606,0.46935570478400934
130.1602618181328,0.2924276752745363
130.16419736258956,0.3776928139506565
130.1681329070463,1.1841268624352985
130.1720684515031,3.209644444011015
130.1760039959598,3.0843906606074274
130.17993954041657,0.7382337418041918
130.1838750848733,0.20483765032471138
130.18781062933007,0.9362255062414402
130.1917461737868,0.9320441332795231
130.19568171824358,1.4488889743303661
130.19961726270031,2.6371757253492656
130.20355280715708,1.898083982263547
130.20748835161382,0.18762104896183252
130.21142389607058,0.6971978354408811
130.21535944052732,3.0006652229959907
130.21929498498406,2.643791563965536
130.22323052944083,0.45060007249512996
130.22716607389756,0.058157056434694224
130.23110161835433,0.32835518693186966
130.23503716281107,0.4388307461986957
130.23897270726783,0.2610417434749628
130.24290825172457,0.015046730100225128
130.24684379618134,0.00011893603220450049
130.25077934063808,0.050736949408797354
130.25471488509484,0.1675946710159032
130.25865042955158,0.40139425975513576
130.26258597400837,0.9433829858348172
130.26652151846508,0.8925978653252075
130.27045706292185,0.32136327845565604
130.2743926073786,0.24694149035299168
130.27832815183535,0.9508385999762217
130.2822636962921,0.8177637309646529
130.28619924074886,0.15308438511691305
130.2901347852056,0.1743413240837097
130.29407032966233,0.9799193633425697
130.2980058741191,1.6119287093762618
130.30194141857584,0.5528354519520414
130.3058769630326,0.1376458272478861
130.30981250748934,0.8712074567066042
130.3137480519461,0.9839722227321055
130.31768359640284,0.42956073511699955
130.3216191408596,0.013809003357748243
130.32555468531635,0.24954384354122433
130.3294902297731,0.38935122996114097
130.33342577422985,1.5762523124286225
130.33736131868662,2.9569234772692607
130.34129686314336,1.0166410422456555
130.34523240760012,0.8049262460808153
130.34916795205686,2.1535279058203582
130.35310349651365,1.2125761585345183
130.35703904097036,0.06900497480074905
130.36097458542713,0.15206387362932042
130.36491012988387,0.28891494283210034
130.36884567434063,0.03967042350164304
130.37278121879737,1.0859804782903373
130.3767167632541,1.7756739339008343
130.38065230771087,0.18904463833893864
130.3845878521676,1.1391960525384195
130.38852339662438,0.7778620168109984
130.39245894108112,0.4905332964975742
130.39639448553788,1.3575717795532438
130.40033002999462,0.2863593486015959
130.4042655744514,0.05361413766443349
130.40820111890812,0.02223554839296298
130.4121366633649,0.4234594225658481
130.41607220782163,1.9616026389835524
130.4200077522784,1.9684080747820751
130.42394329673513,0.9232134199139234
130.4278788411919,0.4217197485240527
130.43181438564864,0.6673799689274974
130.4357499301054,1.8927410273545644
130.43968547456214,1.0255862346351967
130.4436210190189,0.13480964216770053
130.44755656347564,0.5459299221940217
130.45149210793238,0.7279877370518489
130.45542765238915,4.38499648283058
130.45936319684589,3.007185855827851
130.46329874130265,0.05490287224419557
130.4672342857594,0.9002897980347754
130.47116983021616,0.1826495054502737
130.4751053746729,1.3586101230615422
130.47904091912966,1.753710909041139
130.4829764635864,2.5092274058393422
130.48691200804316,1.5482473464350799
130.4908475524999,0.11708075013603801
130.49478309695667,1.10310198062039
130.4987186414134,1.0594017670248865
130.50265418587017,0.06760576925458965
130.5065897303269,0.5914514049336165
130.51052527478367,0.7807516193859138
130.5144608192404,0.10975140742859449
130.51839636369718,0.45887878636036045
130.52233190815392,1.2862124748181594
130.52626745261068,0.8013803002569161
130.53020299706742,0.17781024089858574
130.53413854152416,0.5482991720952168
130.53807408598092,0.011004222808534216
130.54200963043766,0.2356058185415158
130.54594517489443,0.03390092832589427
130.54988071935117,0.3989731749654985
130.55381626380793,0.0006317535873486302
130.55775180826467,0.971143029631944
130.56168735272144,0.6591082180196832
130.56562289717817,0.5362007418824642
130.56955844163494,1.0882270025551404
130.57349398609168,1.1014560606876214
130.57742953054844,0.4578423404345082
130.58136507500518,1.1690905640828015
130.58530061946195,1.0427263461964318
130.58923616391868,0.16382256571366843
130.59317170837545,0.7951046308368634
130.5971072528322,0.4693851288877077
130.60104279728895,4.1397668721299565
130.6049783417457,4.081247844232943
130.60891388620243,1.3294958262277832
130.6128494306592,0.00019589884158467105
130.61678497511593,1.0411772204445997
130.6207205195727,1.467958407217581
130.62465606402944,1.9538200098456615
130.6285916084862,2.5592182049238343
130.63252715294294,2.021174574097198
130.6364626973997,1.138564561888221
130.64039824185645,0.8983246363123075
130.6443337863132,0.6541900589233393
130.64826933076995,1.032337786912416
130.65220487522672,3.4544390975933417
130.65614041968345,2.4015217673198284
130.66007596414022,0.1621502329379218
130.66401150859696,0.20020872979654697
130.66794705305372,0.38180199005489723
130.67188259751046,1.7958950148658146
130.67581814196723,2.69983794680534
130.67975368642396,1.498491161724848
130.6836892308807,0.320842377872146
130.68762477533747,0.21601728254518643
130.6915603197942,0.527205277848305
130.69549586425097,0.40645162835841037
130.6994314087077,3.6006465328301838
130.70336695316448,4.838990994874303
130.7073024976212,0.9749795742728724
130.71123804207798,0.01705900617452199
130.71517358653472,0.4343442983659183
130.71910913099148,1.2933260111234068
130.72304467544822,0.39340723604237465
130.726980219905,0.46437644429990826
130.73091576436173,0.07227546517812855
130.7348513088185,3.6477805224265136
130.73878685327523,4.81544950377306
130.742722397732,1.0477872210066246
130.74665794218873,0.3970440646516089
130.7505934866455,1.6720278396046
130.75452903110224,4.7116847919478975
130.758464575559,4.51689359585095
130.76240012001574,2.1661335627550145
130.76633566447248,2.4253354510714926
130.77027120892924,1.6886716624407798
130.77420675338598,0.6054547123554437
130.77814229784275,0.5402714631270625
130.7820778422995,1.1913243157688516
130.78601338675625,0.7323981595816692
130.789948931213,0.6163588781390263
130.79388447566976,3.0804422040661743
130.7978200201265,3.236635774502852
130.80175556458326,0.44854744145248504
130.80569110904,1.5641420505076449
130.80962665349676,3.4395778158760444
130.8135621979535,1.1346321899379692
130.81749774241027,0.17521859447654037
130.821433286867,0.2576054965134206
130.82536883132377,0.014717328079112186
130.8293043757805,0.17637383321504907
130.83323992023728,0.5438145913050945
130.837175464694,0.6212373732230471
130.84111100915075,0.25453726733354737
130.84504655360752,0.9105802222943469
130.84898209806423,0.5002896542253439
130.85291764252102,0.4213892745615719
130.85685318697776,1.0476282874625347
130.86078873143452,1.1594425396618708
130.86472427589126,0.26537617666225505
130.86865982034803,0.148818617636808
130.87259536480477,0.46005531454718707
130.87653090926153,1.2112348923650735
130.88046645371827,3.5036642197198806
130.88440199817504,3.199689426417808
130.88833754263177,0.11529873697731462
130.89227308708854,0.845231716705951
130.89620863154528,0.7468488203435809
130.90014417600204,0.8826873686596823
130.90407972045878,0.5423003082861529
130.90801526491555,5.09001855381265
130.91195080937229,5.746307587534696
130.91588635382905,1.0242515609332805
130.9198218982858,1.1227576547954878
130.92375744274253,3.455116920407256
130.9276929871993,4.419943669850643
130.93162853165603,2.7530584442008754
130.9355640761128,2.9252885778614175
130.9394996205695,1.6857572532696414
130.9434351650263,2.987567824895933
130.94737070948304,2.345947885531855
130.9513062539398,0.9976500933476187
130.95524179839654,0.31741229335687954
130.9591773428533,0.1051163919412457
130.96311288731005,0.0009229042942568435
130.9670484317668,0.5590301096336888
130.97098397622355,0.250892556111753
130.97491952068032,0.6471319556544298
130.97885506513703,3.663416807337092
130.98279060959382,4.934136115722959
130.98672615405056,1.720611681439992
130.99066169850732,0.16407100595665444
130.99459724296406,1.0530166194123463
130.9985327874208,0.11092598232421441
131.00246833187757,2.627029675556412
131.0064038763343,2.0127021338165867
131.01033942079107,0.883316924739001
131.0142749652478,0.4286629366361085
131.01821050970457,0.0599102038465345
131.0221460541613,0.32337481096696014
131.02608159861808,3.834562514171273
131.03001714307482,3.819507635456562
131.03395268753158,1.5636361228038724
131.03788823198832,2.932621214848727
131.04182377644509,0.8296610614249404
131.04575932090182,2.731155952635528
131.0496948653586,2.167175109935678
131.05363040981533,1.281406140174183
131.0575659542721,1.277832981929658
131.06150149872883,0.09395259201391663
131.0654370431856,0.05794510389522907
131.0693725876423,0.5202738543463905
131.0733081320991,3.0319370403583368
131.07724367655584,4.285261909909969
131.08117922101258,0.7621431341406534
131.08511476546934,0.9327069376670375
131.08905030992608,2.628138317084706
131.09298585438285,0.9099716195119691
131.09692139883958,0.40435075524804526
131.10085694329635,2.7728843567428108
131.1047924877531,5.937058766719743
131.10872803220985,3.900470949565893
131.1126635766666,0.9323823527158841
131.11659912112336,0.4625898403491201
131.1205346655801,1.1622628973902187
131.12447021003686,2.0411956165726197
131.1284057544936,1.7507151349702637
131.13234129895037,1.5479135368138617
131.1362768434071,2.5272909698472517
131.14021238786387,0.7889846863174751
131.1441479323206,0.12090670620027909
131.14808347677737,0.28540960074799326
131.1520190212341,3.709581419418629
131.15595456569085,3.4934472617828343
131.1598901101476,0.18577310719444104
131.16382565460435,0.31662007222594785
131.16776119906112,0.6456097093841451
131.17169674351786,0.3907467400722467
131.17563228797462,0.08567942499686301
131.17956783243136,0.3128599637915697
131.18350337688813,0.17433815017968074
131.18743892134486,1.9705803100192012
131.19137446580163,1.8034205237475303
131.19531001025837,0.42338795459029516
131.19924555471513,1.0411780991420019
131.20318109917187,1.6229597403509433
131.20711664362864,0.6085234122783363
131.21105218808538,0.14039111088629577
131.21498773254214,0.9692317791186958
131.21892327699888,3.8998342501519194
131.22285882145565,1.6348012211329406
131.22679436591238,0.03902843855171546
131.23072991036912,0.463306986464456
131.2346654548259,0.4884037106913977
131.23860099928262,0.30836263701998967
131.2425365437394,0.014830021599748531
131.24647208819613,0.17382368730834513
131.2504076326529,0.24646521549522207
131.25434317710963,0.17595338575305539
131.2582787215664,0.8697692560300553
131.26221426602314,0.21580996925046225
131.2661498104799,1.3765131147354701
131.27008535493664,3.493392208636004
131.2740208993934,1.2143277382458826
131.27795644385014,2.651552348057837
131.2818919883069,3.159587025068224
131.28582753276365,2.3970334444277546
131.2897630772204,1.6029125377866316
131.29369862167715,1.5130695536498395
131.29763416613392,2.2774355889874984
131.30156971059066,0.6676098637140159
131.30550525504742,0.02594843347470427
131.30944079950416,0.14102032791361202
131.3133763439609,1.1944762088267695
131.31731188841766,1.6079797261033426
131.3212474328744,0.5171278151255809
131.32518297733117,0.11724216119998714
131.3291185217879,0.8238088975962454
131.33305406624467,1.6782816288209694
131.3369896107014,0.7614086591294434
131.34092515515815,0.025515020607270206
131.3448606996149,0.09245129521544447
131.34879624407168,0.4748196316541113
131.35273178852842,0.9735873496907793
131.35666733298518,0.889805518079734
131.36060287744192,0.42932471831180247
131.3645384218987,0.040968665304800124
131.36847396635542,0.5499418499059877
131.3724095108122,0.08269491053452992
131.37634505526893,0.538822518210978
131.3802805997257,0.6447687997136278
131.38421614418243,0.5596326674889558
131.38815168863917,1.5366901282231378
131.39208723309594,2.4315892787617797
131.39602277755267,2.5099828496501324
131.39995832200944,0.8562366930185564
131.40389386646618,0.8566166248132696
131.40782941092294,0.3845939268213494
131.41176495537968,0.1442061455281045
131.41570049983645,0.7301576418702314
131.41963604429318,0.6922731724899234
131.42357158874995,1.3218244119626124
131.4275071332067,0.6578495800185252
131.43144267766343,0.038571546194432364
131.4353782221202,0.22791812361621258
131.43931376657696,0.07134693952177698
131.4432493110337,0.4425409288906745
131.44718485549046,0.01618538811879414
131.4511203999472,0.4767087499220104
131.45505594440397,0.40370428533870023
131.4589914888607,0.020849997653285008
131.46292703331747,0.19017060535978553
131.4668625777742,1.0326585557048786
131.47079812223097,1.5430373340134855
131.4747336666877,0.8394822104313332
131.47866921114445,0.6295703721602095
131.48260475560122,0.37211686724981213
131.48654030005795,0.012293421098517804
131.49047584451472,0.16756275562154374
131.49441138897146,0.1932333621454472
131.49834693342822,0.834649767264082
131.50228247788496,1.8536056797462264
131.50621802234173,0.6149594307692017
131.51015356679846,0.3090243723961964
131.51408911125523,0.6512932504042039
131.51802465571197,0.08171561295628336
131.5219602001687,0.1265501474592337
131.52589574462547,0.06234225253652333
131.52983128908224,0.38414525802501553
131.53376683353898,1.029366699532444
131.53770237799574,0.32480599186933495
131.54163792245248,0.16702780858397787
131.54557346690922,0.25618893557716804
131.54950901136598,0.45810051609893343
131.55344455582272,0.4352256822049713
131.5573801002795,0.09662086895206785
131.56131564473625,0.11245306035147692
131.565251189193,0.6825396174171525
131.56918673364973,1.647223835450085
131.5731222781065,2.591083017593908
131.57705782256323,2.051459073648652
131.58099336702,0.6646098364436047
131.58492891147674,0.5528049402743113
131.5888644559335,0.6375701183751531
131.59280000039024,0.16169178910506035
131.596735544847,0.5287648773488931
131.60067108930377,1.25022663654838
131.6046066337605,0.3712684751119235
131.60854217821725,0.13896041857027774
131.61247772267402,0.1724822522170088
131.61641326713075,0.023814666792471278
131.62034881158752,0.381806337992346
131.62428435604426,0.33280294642924363
131.628219900501,0.08288835856847335
131.63215544495776,0.45426155177639505
131.6360909894145,0.08969602759182747
131.64002653387126,0.1968500733356112
131.643962078328,0.5436949940815785
131.64789762278477,0.49145943665079295
131.6518331672415,0.16903429375268217
131.65576871169827,0.0817724634096385
131.659704256155,0.008888925380624236
131.66363980061178,0.6206143923053057
131.6675753450685,1.053758872208726
131.67151088952528,0.19903374350896869
131.67544643398202,0.09178874284566542
131.67938197843878,0.5823156680590765
131.68331752289552,0.6340696783284225
131.6872530673523,0.9654164970483438
131.69118861180905,1.475553069696757
131.6951241562658,0.11098434043156456
131.69905970072253,1.6571060375610558
131.70299524517927,1.0477559057659056
131.70693078963603,0.29031786996812076
131.71086633409277,1.2501052137782669
131.71480187854954,0.02238557435541323
131.71873742300627,1.162445271266514
131.72267296746304,0.18980189680705103
131.72660851191978,0.8403999193453177
131.73054405637654,0.4872929224065068
131.73447960083328,0.4557202905633308
131.73841514529005,1.3568337136905484
131.7423506897468,0.3124981336885984
131.74628623420355,0.662458590149686
131.7502217786603,0.9844377875328343
131.75415732311706,0.43461040526203276
131.7580928675738,0.03655132655095335
131.76202841203056,0.9954444872206488
131.7659639564873,2.346905863011262
131.76989950094406,0.6333059325433904
131.7738350454008,0.7797624206437528
131.77777058985754,2.2169656025742
131.7817061343143,0.10606813121609955
131.78564167877104,1.0677634706993633
131.7895772232278,0.4371865444547932
131.79351276768455,0.7570822299618295
131.7974483121413,2.064799752311947
131.80138385659805,0.37569467634751386
131.80531940105482,1.2606096477468711
131.80925494551155,1.3511890437923517
131.81319048996832,0.25533375518749946
131.81712603442506,0.2234647643871749
131.82106157888182,0.12562851247807028
131.82499712333856,0.5378780592708262
131.82893266779533,0.43940010980352945
131.83286821225207,0.5734321055797874
131.83680375670883,0.7142728444207886
131.84073930116557,0.3682040729773552
131.84467484562234,0.2917290999186558
131.84861039007907,0.038265210187805675
131.85254593453584,1.8582981103670309
131.85648147899258,4.137016103201806
131.86041702344932,3.2529078805095977
131.86435256790608,1.959448654600236
131.86828811236282,1.0843415938772794
131.8722236568196,0.5465026200620491
131.87615920127632,0.5986868883464708
131.8800947457331,0.02234890918489412
131.88403029018983,0.3626322275163021
131.8879658346466,0.213696331660323
131.89190137910333,0.762618297119871
131.8958369235601,0.6369295187056396
131.89977246801683,0.18794939595255425
131.9037080124736,1.051140256890097
131.90764355693034,0.39721615827752776
131.9115791013871,0.8905753939264862
131.91551464584384,1.2746210710517
131.9194501903006,0.3739271457612763
131.92338573475735,1.7010477859762527
131.9273212792141,1.9504418421227763
131.93125682367085,0.617745896101758
131.9351923681276,0.09341871049801563
131.93912791258435,0.03873999452512989
131.9430634570411,0.14835175358429953
131.94699900149786,0.3204726178471546
131.9509345459546,0.8012587162574252
131.95487009041136,1.0344833762481995
131.9588056348681,0.9339296852805815
131.9627411793249,1.1459204908377798
131.9666767237816,0.2988428356028881
131.97061226823837,0.4592647898293133
131.9745478126951,1.725976269861599
131.97848335715187,2.0032832271528247
131.9824189016086,0.9125932178853885
131.98635444606538,0.17640036865953104
131.99028999052211,1.8373514905355022
131.99422553497888,1.807228361513417
131.99816107943562,0.165373797087561
132.00209662389238,0.28392143159300454
132.00603216834912,0.5101051351030746
132.0099677128059,0.06528713717228557
132.01390325726263,0.0008228299276760506
132.01783880171936,0.4716255217282389
132.02177434617613,3.4531986488658757
132.02570989063287,5.304103982774945
132.02964543508963,2.259684786833327
132.03358097954637,0.0963640840755396
132.03751652400314,0.5031063163553396
132.04145206845988,0.963840242891703
132.04538761291664,1.1259493142449923
132.04932315737338,0.30127658437946553
132.05325870183017,0.40698109505995006
132.05719424628688,1.7450238031805805
132.06112979074365,1.7804118691464066
132.0650653352004,1.312167691697675
132.06900087965715,1.278550467745806
132.0729364241139,1.5827201517878986
132.07687196857066,0.6590284039841311
132.0808075130274,0.13176073858677917
132.08474305748416,1.1830742197469564
132.0886786019409,0.3497615323174012
132.09261414639764,0.21682562747586914
132.0965496908544,0.633723759270325
132.10048523531114,0.3070865325374262
132.1044207797679,0.5401411012583422
132.10835632422464,0.7253908922072765
132.1122918686814,2.715682360118913
132.11622741313815,0.9806478650348397
132.1201629575949,1.2827425841749776
132.12409850205165,2.993823696453756
132.12803404650842,1.704416805775961
132.13196959096516,3.3322916656187007
132.13590513542192,0.3629243991509384
132.13984067987866,1.9161637346268594
132.14377622433545,1.3807623603654253
132.14771176879216,0.07848126743189238
132.15164731324893,0.6484766148307919
132.15558285770567,6.773301704480838
132.15951840216243,4.774792464779864
132.16345394661917,0.6093299537227197
132.16738949107594,2.845618007472375
132.17132503553267,1.0089066476758677
132.1752605799894,3.5592094479694163
132.17919612444618,1.352287624224745
132.18313166890292,5.9424708091754
132.18706721335968,3.963070605658571
132.19100275781642,0.019504453955672754
132.1949383022732,0.1902980847863143
132.19887384672992,0.12874714741936752
132.2028093911867,0.3175366991774732
132.20674493564343,0.26403288234008687
132.2106804801002,0.2436859134101137
132.21461602455693,0.12335283785573364
132.2185515690137,0.3015444134294916
132.22248711347044,0.012485379105442616
132.2264226579272,0.21420344951069742
132.23035820238394,1.0045109363187796
132.2342937468407,0.8608420609673552
132.23822929129744,0.15622618940622673
132.2421648357542,0.6934969189238387
132.24610038021095,0.28016959332118274
132.25003592466769,0.06470283456685808
132.25397146912445,0.0352656165397142
132.2579070135812,0.050404098099546324
132.26184255803796,0.4540212814777457
132.2657781024947,1.2438391312807755
132.26971364695146,0.9109585604629421
132.2736491914082,0.34833724680061956
132.27758473586496,0.3623527648184662
132.2815202803217,0.48410001115686346
132.28545582477847,0.15681690087582606
132.2893913692352,0.21665082181560807
132.29332691369197,0.4664136648390734
132.2972624581487,0.20111119056325158
132.30119800260547,0.23790935904225152
132.3051335470622,0.11503520061233818
132.30906909151898,0.3739893549292975
132.31300463597572,0.6006871250708282
132.31694018043248,0.734369666586037
132.32087572488922,1.062091877298528
132.32481126934596,0.4356360654424693
132.32874681380272,0.05582542649368949
132.33268235825946,0.40730152733506103
132.33661790271623,0.1522280904126375
132.34055344717297,0.28089536017336786
132.34448899162973,1.6971614307975758
132.34842453608647,1.1339018481187186
132.35236008054324,0.08318399200301843
132.35629562499997,0.13427658082227237
132.36023116945674,0.14073463388168872
132.36416671391348,0.1725659404740408
132.36810225837024,0.6592760770882633
132.37203780282698,0.4368989410442071
132.37597334728375,0.15798244347816034
132.37990889174048,0.014369425315184087
132.38384443619725,1.2032333834420064
132.387779980654,2.227191121917466
132.39171552511075,0.11638397185932571
132.3956510695675,0.8987067114762838
132.39958661402426,2.3737675241550176
132.403522158481,2.477952593295106
132.40745770293773,0.11324239529115444
132.4113932473945,1.1644471604054156
132.41532879185124,0.4227760483173785
132.419264336308,0.3865576255977913
132.42319988076474,0.5759007684635802
132.4271354252215,0.061360291785774415
132.43107096967825,0.01477658482565519
132.435006514135,0.937045363165806
132.43894205859175,0.8536887917650816
132.44287760304852,0.041504775826693235
132.44681314750525,0.749850843158622
132.45074869196202,0.5387128595418088
132.45468423641876,0.4856260138537492
132.45861978087552,0.0621681975175552
132.46255532533226,0.19391595536335213
132.46649086978903,0.9571463163693342
132.47042641424576,0.9071547115109309
132.47436195870253,0.3998578648803085
132.47829750315927,0.12845172916165995
132.482233047616,0.34965883112654633
132.48616859207277,0.7929691313062872
132.4901041365295,0.27631663204432577
132.49403968098628,0.6814645971060372
132.497975225443,0.41245409663506705
132.50191076989978,0.10845593041693649
132.50584631435652,0.4730360297204567
132.50978185881328,0.8037600907150334
132.51371740327002,0.3242134369287942
132.5176529477268,0.37555396358528376
132.52158849218353,1.0772994363508996
132.5255240366403,0.8781334118103317
132.52945958109703,0.7877319292170402
132.5333951255538,0.5462726117444928
132.53733067001053,0.27756379423469446
132.5412662144673,0.18945068894234132
132.54520175892404,0.035512662842743424
132.5491373033808,0.1496295915293787
132.55307284783754,0.3920701253841225
132.5570083922943,0.47171461694436906
132.56094393675104,0.6245334681255839
132.56487948120778,2.3963371961834232
132.56881502566455,6.387951087947734
132.5727505701213,4.508276833888252
132.57668611457805,1.0105064403852195
132.5806216590348,0.6339219537768598
132.58455720349156,1.6020118570240058
132.5884927479483,1.1720532716083953
132.59242829240506,0.07053688378768909
132.5963638368618,0.5236653741554614
132.60029938131856,2.6821757109863897
132.6042349257753,2.896798850742438
132.60817047023207,0.6738093522939967
132.6121060146888,0.45507267126565226
132.61604155914557,0.5110691564879826
132.6199771036023,2.417185105249626
132.62391264805908,1.2974458699049862
132.6278481925158,0.038413856331377484
132.63178373697258,0.1066998298071862
132.63571928142932,1.0264285847630692
132.63965482588603,1.4941240515431145
132.64359037034282,0.46039501981040176
132.64752591479956,0.05915642978365503
132.65146145925632,0.2518429875551065
132.65539700371306,0.6970096213107007
132.65933254816983,0.6838069001407181
132.66326809262657,1.0988681388584107
132.66720363708333,1.035543341370982
132.67113918154007,0.6064349059527468
132.67507472599684,0.015846780281372153
132.67901027045357,0.8552688120065117
132.68294581491034,1.5340638957769068
132.68688135936708,1.898713859606468
132.69081690382384,2.5936340573724506
132.69475244828058,0.4388898767413323
132.69868799273735,0.41533488947878955
132.70262353719409,0.7577637563973211
132.70655908165085,0.2090209110864078
132.7104946261076,0.4685404977047962
132.71443017056436,1.2009945058583753
132.7183657150211,0.6034452661320555
132.72230125947783,0.3766140393634903
132.7262368039346,1.314557968529237
132.7301723483913,2.032991074332583
132.7341078928481,0.32332398400642287
132.73804343730484,0.363773936126691
132.7419789817616,0.13701413209878965
132.74591452621834,0.5988782976790754
132.7498500706751,0.7247525546131844
132.75378561513185,0.022247096812770453
132.7577211595886,0.1983392336962185
132.76165670404535,0.53054929348555
132.76559224850212,1.9746312993588042
132.76952779295885,0.7419207850696456
132.77346333741562,0.14747650813321478
132.77739888187236,0.15548521526290224
132.78133442632912,0.5315797476445367
132.78526997078586,1.0559180043856118
132.78920551524263,2.1132196951152498
132.79314105969937,2.9248237221723774
132.7970766041561,1.6213083157681223
132.80101214861287,0.5726487134702541
132.8049476930696,1.1443279923541485
132.80888323752637,3.239181415831349
132.8128187819831,1.9957271356555801
132.81675432643988,0.3220323953484436
132.82068987089662,0.258524783980188
132.82462541535338,0.8444926107418759
132.82856095981012,1.8521447509819682
132.83249650426689,0.6161333455539413
132.83643204872362,0.2972043668752552
132.8403675931804,1.3353320621726499
132.84430313763713,0.8349873494419039
132.8482386820939,0.23326781820837456
132.85217422655063,1.2259145156666285
132.8561097710074,0.153826983410606
132.8600453154641,0.7294795278077182
132.8639808599209,1.1147722849063686
132.86791640437764,0.4254239604152493
132.87185194883438,0.3149827433970595
132.87578749329114,0.12299257586579847
132.87972303774788,0.5899529635040085
132.88365858220465,3.7729708512343554
132.88759412666138,4.911603277393662
132.89152967111815,2.272842610063402
132.8954652155749,0.8825487667423922
132.89940076003165,0.09786379967091019
132.9033363044884,0.16767014793041615
132.90727184894516,1.002748788357958
132.9112073934019,4.530811726670154
132.91514293785866,1.2299377445654796
132.9190784823154,0.8959126061707002
132.92301402677217,0.5422117067405765
132.9269495712289,1.2873555112895065
132.93088511568567,2.833951526979431
132.9348206601424,0.0381904333585424
132.93875620459917,1.2715300852394338
132.9426917490559,0.46168458139307306
132.94662729351268,0.25065353345129615
132.9505628379694,1.037828673520595
132.95449838242615,2.8981403987459156
132.95843392688292,2.3963305154254324
132.96236947133966,0.4301345405433938
132.96630501579642,0.12424930784094976
132.97024056025316,0.5238155186508086
132.97417610470993,0.44834818385213293
132.97811164916666,0.16214072158253076
132.98204719362343,0.18861983029419033
132.98598273808017,0.2737525844327452
132.98991828253693,0.3430020058856002
132.99385382699367,0.05615695761078394
132.99778937145044,0.16457973558750144
133.00172491590718,0.6981636069915902
133.00566046036394,0.6360912807127569
133.00959600482068,0.5360161614038138
133.01353154927745,0.8971407525938543
133.01746709373418,1.496236696495955
133.02140263819095,1.6394218537060326
133.0253381826477,1.5335700322184032
133.02927372710442,1.6383175893829758
133.0332092715612,0.8543328760690084
133.03714481601793,0.2528713005954372
133.0410803604747,0.7804914913802031
133.04501590493143,0.8924599539967865
133.0489514493882,0.8605580409487954
133.05288699384494,1.0448793134305352
133.0568225383017,0.4440187621355354
133.06075808275844,0.051909599708062144
133.0646936272152,0.3444205122117699
133.06862917167194,0.006536453892770028
133.0725647161287,0.8101436274492335
133.07650026058545,1.297820241349415
133.0804358050422,0.028681682958561175
133.08437134949895,0.8595820809788319
133.08830689395572,0.586754923976879
133.09224243841246,0.19851491293612686
133.09617798286922,1.976254350581502
133.10011352732596,2.4199592973341573
133.10404907178273,1.253595828039054
133.10798461623946,4.822295114844763
133.1119201606962,4.481869699492257
133.11585570515297,0.44504851974549814
133.1197912496097,0.09945021228290478
133.12372679406647,0.6035242438844686
133.1276623385232,0.862943036321254
133.13159788297995,0.66650297515423
133.1355334274367,2.6478977292483834
133.13946897189348,0.057804356404035376
133.14340451635022,4.761136367258963
133.14734006080698,1.6619460740619996
133.15127560526372,0.5609706158097336
133.1552111497205,0.1939654247010525
133.15914669417722,3.1482830063202387
133.163082238634,5.684323977077887
133.16701778309073,2.970487006697352
133.1709533275475,2.4458417659978537
133.17488887200423,0.6871134405657632
133.178824416461,2.671886861568532
133.18275996091774,3.629403768734704
133.18669550537447,1.2497551621426284
133.19063104983124,0.3803350440397266
133.19456659428798,0.9289816164540865
133.19850213874474,0.4355587989670212
133.20243768320148,0.02984840503540372
133.20637322765825,2.7890557355387724
133.21030877211498,6.872533334892344
133.21424431657175,2.6004153029154695
133.2181798610285,0.39961331949439044
133.22211540548523,0.12313379380747115
133.226050949942,1.4539646449360881
133.22998649439876,0.9211051947924114
133.2339220388555,0.855691414795669
133.23785758331226,0.04462856663164281
133.241793127769,1.5111124890388548
133.24572867222577,2.9187988805372336
133.2496642166825,1.1632309878455644
133.25359976113927,0.32262252392924445
133.257535305596,0.9840359458400114
133.26147085005277,2.39246511287217
133.2654063945095,1.9813430916897523
133.26934193896625,0.0005211658861440343
133.27327748342302,2.9201696917221
133.27721302787975,4.170803417853719
133.28114857233652,0.824691767441111
133.28508411679326,0.1135261501777623
133.28901966125002,0.4114791158047662
133.29295520570676,0.20302298402254554
133.29689075016353,0.05418570116538773
133.30082629462026,0.6862993745196015
133.30476183907703,0.7588687943599107
133.30869738353377,0.06395288394789736
133.3126329279905,0.9568831044930517
133.31656847244727,0.06987755865239739
133.32050401690404,0.8715706418195966
133.32443956136078,1.0038401516292783
133.32837510581754,0.050608688771917806
133.33231065027428,0.18008905019189378
133.33624619473105,0.18248741161377524
133.34018173918778,0.3983915312586223
133.34411728364452,1.0380785590441086
133.3480528281013,0.7873213959008452
133.35198837255805,0.5856959994275716
133.3559239170148,1.176070564768872
133.35985946147153,2.1207889133232967
133.3637950059283,2.473770334321811
133.36773055038503,0.8612886858755
133.3716660948418,0.012337096326771558
133.37560163929854,0.4514918355705623
133.3795371837553,0.7321822618470231
133.38347272821204,0.3904910449102322
133.3874082726688,0.10358282469263815
133.39134381712557,0.33275741249474483
133.3952793615823,0.3388146012816054
133.39921490603905,0.05335217329577824
133.4031504504958,0.10154495303617797
133.40708599495255,0.5811737685257119
133.41102153940932,0.4021614003028969
133.41495708386606,0.004434023405423883
133.4188926283228,0.34499457885468243
133.42282817277956,0.21427619949136473
133.4267637172363,0.033566901993872196
133.43069926169306,0.08433083380087494
133.4346348061498,0.1494853105955949
133.43857035060657,0.13675402010752588
133.4425058950633,0.49789699899671086
133.44644143952007,0.04160624446166988
133.4503769839768,0.387429852737923
133.45431252843358,0.3056286011700052
133.4582480728903,0.28379097331130887
133.46218361734708,0.3967891845688314
133.46611916180382,0.13434061150495102
133.47005470626058,0.29602489125907006
133.47399025071732,0.005181121700667365
133.4779257951741,0.15490520252495873
133.48186133963085,0.11024562602820652
133.4857968840876,0.5813732994265868
133.48973242854433,0.11407371597696324
133.4936679730011,0.3744540229666253
133.49760351745783,0.7725391745385635
133.50153906191457,0.2904308273689266
133.50547460637134,1.5226595738823847
133.50941015082807,0.9084369384506553
133.51334569528484,0.3360949211337961
133.51728123974158,1.465571027824695
133.52121678419834,0.8165285886589155
133.52515232865508,0.3670520553064907
133.52908787311185,1.0073750729048752
133.5330234175686,1.6258186263929355
133.53695896202535,0.10457321416032299
133.5408945064821,0.5479149730078955
133.54483005093886,0.10075204168043146
133.5487655953956,1.8544097895019083
133.55270113985236,1.6092287792203024
133.5566366843091,0.7477079465738664
133.56057222876586,3.2864638610888575
133.5645077732226,2.4257203287943465
133.56844331767937,0.032495663432560336
133.5723788621361,1.040820905612078
133.57631440659284,0.15017329591024556
133.5802499510496,0.7309414422528975
133.58418549550635,0.4094994965313804
133.5881210399631,2.0089163709975
133.59205658441985,2.2135836290938427
133.59599212887662,0.015149871134901483
133.59992767333335,1.671336594194075
133.60386321779012,0.9502204463675424
133.60779876224686,0.9181875625035618
133.61173430670362,1.2656610456251163
133.61566985116036,0.012084546690849364
133.61960539561713,0.8109228958378779
133.62354094007387,0.30406627634794364
133.62747648453063,0.4279525908532643
133.63141202898737,0.5012367774371826
133.63534757344414,0.21101010620200286
133.63928311790087,0.43478223393968257
133.64321866235764,0.40471724145357835
133.64715420681438,1.8285311495565197
133.65108975127114,0.46315725155505966
133.65502529572788,1.1563624580906493
133.65896084018462,0.8902635603240193
133.6628963846414,0.03527190476006262
133.66683192909812,0.055513427959268155
133.6707674735549,0.4781850046897121
133.67470301801163,1.0918660102656674
133.6786385624684,0.14293352982420024
133.68257410692513,0.9112533996595112
133.6865096513819,1.9680473429948595
133.69044519583863,0.26448416647467876
133.6943807402954,1.0695139867036794
133.69831628475214,2.5447673804460664
133.7022518292089,1.02566114570525
133.70618737366564,1.651647085396505
133.7101229181224,4.376274555916116
133.71405846257915,1.482761416979224
133.7179940070359,0.7074777526326396
133.72192955149265,1.7228701065440954
133.72586509594942,0.4335429116143413
133.72980064040615,2.327102163601551
133.7337361848629,1.0478986344419061
133.73767172931966,0.5476421254735148
133.7416072737764,0.9772701397238687
133.74554281823316,0.31597266966173965
133.7494783626899,0.008481603980478581
133.7534139071467,0.2375542938917163
133.7573494516034,0.032948332416828756
133.76128499606017,0.2982874509663014
133.7652205405169,0.7175578268641369
133.76915608497367,0.4469011608117203
133.7730916294304,2.2135129830354203
133.77702717388718,3.8206049263728934
133.78096271834391,2.1550210891918185
133.78489826280068,2.943092811346389
133.78883380725742,3.648713365447165
133.79276935171418,1.8812897022579842
133.79670489617092,0.19698168251375867
133.8006404406277,1.1670423830175913
133.80457598508443,0.7232881464357364
133.8085115295412,1.1524420961662432
133.81244707399793,1.5030663053214166
133.81638261845467,0.16122043219887947
133.82031816291143,0.011606667627468668
133.82425370736817,0.41565982439413296
133.82818925182494,1.1058548521773401
133.83212479628168,1.0352988655588957
133.83606034073844,1.7080721955546072
133.83999588519518,1.199366146628054
133.84393142965197,0.2697314478182621
133.84786697410868,0.1405436332601645
133.85180251856545,0.18430658031339614
133.8557380630222,0.625355558699495
133.85967360747895,0.6194166609067433
133.8636091519357,0.23337377941257745
133.86754469639246,1.3190490665178236
133.8714802408492,1.3233240596929825
133.87541578530596,0.5213866407391818
133.8793513297627,0.6530641181015859
133.88328687421946,0.20098990556445814
133.8872224186762,0.2475320373764048
133.89115796313294,0.20620693445756574
133.8950935075897,0.4738825900206248
133.89902905204644,0.6961278876873516
133.9029645965032,0.6261099343617385
133.90690014095995,1.0143381297627045
133.9108356854167,1.5253945778789217
133.91477122987345,0.607253751054299
133.91870677433022,0.023491773190954968
133.92264231878696,0.16817303578904141
133.92657786324372,0.3707272832455351
133.93051340770046,0.7600785843465883
133.93444895215725,0.44608932275033364
133.93838449661396,0.2077492846306286
133.94232004107073,0.0050718331790215775
133.94625558552747,0.1464503342845145
133.95019112998423,0.11923853583826288
133.95412667444097,0.001872625425007092
133.95806221889774,0.03893071861026205
133.96199776335447,0.10007868070254378
133.96593330781124,0.11313768945288603
133.96986885226798,0.15113895276853945
133.97380439672472,0.23440526104165438
133.97773994118148,0.14646887189244143
133.98167548563822,0.08351889471718753
133.985611030095,0.7929998150542339
133.98954657455172,1.7235524121542551
133.9934821190085,1.582983954429777
133.99741766346523,0.6535153069186425
134.001353207922,0.14506146480872176
134.00528875237873,0.1408373454450678
134.0092242968355,0.18872758674614248
134.01315984129224,0.16852459484834492
134.017095385749,0.05421810642476691
134.02103093020574,0.3383425094952654
134.0249664746625,0.6707469973214136
134.02890201911924,1.1397943123828653
134.032837563576,0.3880404039753038
134.03677310803275,0.21549759191526557
134.0407086524895,1.1197092842438046
134.04464419694625,0.26514756824522306
134.048579741403,0.5911868786209656
134.05251528585976,1.2024652338301034
134.0564508303165,0.190667871907131
134.06038637477326,0.4886440034832795
134.06432191923,1.4005129480569651
134.06825746368676,0.9215874155577818
134.0721930081435,0.22020372830263862
134.07612855260027,0.24349077562643306
134.080064097057,0.020431809555823792
134.08399964151377,0.29745442336456285
134.0879351859705,0.28423355505756226
134.09187073042727,0.11906788906157968
134.095806274884,0.0913430419118858
134.09974181934078,0.2198630023548371
134.10367736379752,0.5317181925830202
134.10761290825428,0.5512855437477998
134.11154845271102,1.4789875330197473
134.1154839971678,4.015302081116103
134.11941954162452,5.001576981634521
134.12335508608126,5.363990457710392
134.12729063053803,3.080760930522377
134.13122617499477,1.0793016857715718
134.13516171945153,0.128438309298223
134.13909726390827,0.5533480971042525
134.14303280836504,0.43948240710153275
134.14696835282177,0.5009267650118425
134.15090389727854,0.6775177078808214
134.15483944173528,0.18996740475667045
134.15877498619204,0.6401383667514402
134.16271053064878,0.13352261015293618
134.16664607510555,1.5072446328434483
134.17058161956228,0.6593230437260205
134.17451716401905,0.041033113389783854
134.1784527084758,0.1531145530775063
134.18238825293255,0.06224436328214756
134.1863237973893,0.23762297016266867
134.19025934184606,0.15652275811562444
134.1941948863028,1.3134101153695361
134.19813043075956,1.9435196235812606
134.2020659752163,0.8093082118790841
134.20600151967304,0.5362607757506408
134.2099370641298,0.530830734999716
134.21387260858654,0.4508861590449865
134.2178081530433,1.039137327423754
134.22174369750005,1.3003801168982405
134.2256792419568,0.7140958507136137
134.22961478641355,1.3336288281946636
134.23355033087032,3.1312088602901307
134.23748587532705,3.6344574269489143
134.24142141978382,2.091905426248301
134.24535696424056,1.1840915536099514
134.24929250869732,0.884165307366791
134.25322805315406,0.9659208340628618
134.25716359761083,1.2460338197342118
134.26109914206756,0.6124896843195917
134.26503468652433,1.4422364294038434
134.26897023098107,1.9909577456589114
134.27290577543783,2.554551898450311
134.27684131989457,1.2735168093711335
134.2807768643513,0.8755208709571426
134.28471240880808,1.1225876165860307
134.2886479532648,0.3566097200753611
134.29258349772158,0.5378764972146984
134.29651904217832,0.16978572313221782
134.30045458663508,0.2889947046752701
134.30439013109182,0.3247384275618324
134.3083256755486,0.2785956463831295
134.31226122000533,0.046777904091973306
134.3161967644621,0.07603663231292494
134.32013230891883,1.1039384610676355
134.3240678533756,1.2513751935288828
134.32800339783233,0.20590535416149827
134.3319389422891,1.671256929385382
134.33587448674584,0.3229909669035449
134.3398100312026,1.4180937311900268
134.34374557565934,3.5535537016426813
134.3476811201161,1.7276655989936094
134.35161666457284,0.472994742451648
134.3555522090296,0.21816848047627713
134.35948775348635,0.10061312907559035
134.3634232979431,0.5826039197425206
134.36735884239985,0.44896002049294753
134.3712943868566,4.2629008815233504
134.37522993131336,4.170800739660654
134.3791654757701,0.792159533246016
134.38310102022686,0.840556049563335
134.3870365646836,0.06291790686181947
134.39097210914036,1.148546525448081
134.3949076535971,0.21820746756279533
134.39884319805387,1.0346259867897807
134.4027787425106,0.7293450919898478
134.40671428696737,0.535174004073904
134.4106498314241,2.180871476116398
134.41458537588088,0.9461342271258039
134.4185209203376,0.2878819402227398
134.42245646479438,1.3588610588452976
134.42639200925112,0.7065769944406726
134.43032755370788,2.1816956992821943
134.43426309816462,4.19392912684729
134.43819864262136,1.9926474250139905
134.44213418707812,3.5034748864776772
134.44606973153486,2.6691303966159983
134.45000527599163,0.7245794265656212
134.45394082044837,1.5525207893696045
134.45787636490513,0.7392459331059522
134.46181190936187,1.870409706173876
134.46574745381864,1.18875157810197
134.46968299827537,0.3198247512115177
134.47361854273214,0.5929554344744004
134.47755408718888,0.31569082280123906
134.48148963164564,1.3040203251563456
134.48542517610238,1.434763165591715
134.48936072055915,0.49296658766393053
134.49329626501589,0.34408487855515135
134.49723180947265,0.4887666818190565
134.5011673539294,0.12045970291247209
134.50510289838616,0.8290900726828746
134.5090384428429,2.2572149305607514
134.51297398729966,3.156935576200474
134.5169095317564,2.065079607430348
134.5208450762131,0.4613937384506245
134.5247806206699,1.801209312784971
134.52871616512664,1.4561705094119073
134.5326517095834,0.06778204244276874
134.53658725404014,0.09764742671175668
134.5405227984969,0.6429383949277042
134.54445834295365,1.200706268300647
134.5483938874104,0.14939258893782603
134.55232943186715,2.26181130126143
134.55626497632392,2.5450806419099545
134.56020052078065,0.3676671479814119
134.56413606523742,0.37353157550300065
134.56807160969416,1.0181948318505307
134.57200715415092,0.516183683848322
134.57594269860766,0.025800960525266033
134.57987824306443,0.20886505850432308
134.58381378752117,0.02872433215752183
134.58774933197793,0.10079509733145131
134.59168487643467,0.308858077941174
134.5956204208914,0.8732858090601128
134.59955596534817,1.1322564123789045
134.6034915098049,0.833765550958693
134.60742705426168,0.7954982022180564
134.61136259871842,2.1039402535723863
134.61529814317518,2.1978624216739657
134.61923368763192,0.6139427019428687
134.62316923208869,0.8951689674515851
134.62710477654542,0.31915169925929004
134.6310403210022,0.6864409503049854
134.63497586545893,1.9487128979950226
134.6389114099157,0.8926827270931508
134.64284695437243,0.3888553443868896
134.6467824988292,0.342366495922814
134.6507180432859,0.256647001856057
134.6546535877427,0.5733635330348615
134.65858913219944,3.4662334956547896
134.6625246766562,4.383864468489224
134.66646022111294,2.366570974365937
134.67039576556968,0.6754888731192632
134.67433131002645,0.04292818341453433
134.67826685448318,0.2235375797575271
134.68220239893995,0.326344877637881
134.6861379433967,0.5251084799722943
134.69007348785345,1.5609204208435026
134.6940090323102,2.7652731703295803
134.69794457676696,1.5370378768852908
134.7018801212237,0.811754267266831
134.70581566568046,2.62876796751324
134.7097512101372,1.7948802331296825
134.71368675459397,0.25656541535897437
134.7176222990507,0.06367701384126835
134.72155784350747,0.11623578033682393
134.7254933879642,0.5311292723358298
134.72942893242097,1.485218428485207
134.7333644768777,1.2352725342276516
134.73730002133448,0.4164964802885703
134.7412355657912,1.3150545848724748
134.74517111024798,2.0644480868915553
134.74910665470472,1.0126362076046052
134.75304219916146,0.7421744616553156
134.75697774361822,2.087415167496313
134.76091328807496,1.0682635767746573
134.76484883253173,0.08810928407468005
134.76878437698846,0.67565342664431
134.77271992144523,0.14694337517872616
134.77665546590197,0.17959258651106288
134.78059101035873,0.5298487046415097
134.78452655481547,0.940532002413291
134.78846209927224,0.3288606630525453
134.79239764372898,1.8208708634993276
134.79633318818574,1.6233467507200354
134.80026873264248,0.03555683781604019
134.80420427709925,0.5472689321889895
134.80813982155598,1.0156516533620328
134.81207536601275,0.8720016139675263
134.8160109104695,0.1960345696724079
134.81994645492625,0.021420434508630955
134.823881999383,0.13009319371429973
134.82781754383973,0.9034295645484909
134.8317530882965,1.9393882986880155
134.83568863275323,1.7680467108387528
134.83962417721,0.34673199016928874
134.84355972166674,0.22393278080590856
134.8474952661235,0.4630955263552621
134.85143081058024,0.16142201383340507
134.855366355037,0.8085045256454394
134.85930189949374,0.7794198117284996
134.8632374439505,0.15658335744198776
134.86717298840725,2.810976477217778
134.871108532864,4.723514990043549
134.87504407732075,2.5165039438038757
134.87897962177752,0.8397006774656409
134.88291516623426,1.837735973915651
134.88685071069102,1.5015336941815145
134.89078625514776,0.5165486393506761
134.89472179960453,0.9174111572846829
134.89865734406126,0.908820306461105
134.90259288851803,1.2804250353987008
134.90652843297477,3.0624285571143623
134.9104639774315,2.8398687882959672
134.91439952188827,0.5026416914191938
134.918335066345,1.8375306601537493
134.92227061080175,2.1395704977775876
134.9262061552585,0.430247039387848
134.93014169971528,0.07853962815793829
134.93407724417202,0.10982020095022432
134.93801278862878,0.11122316316022966
134.94194833308552,0.13725609848723289
134.9458838775423,0.54547978577681
134.94981942199902,0.17292190311487976
134.9537549664558,0.058660363630726936
134.95769051091253,0.339902383537169
134.9616260553693,0.6597998517761565
134.96556159982603,0.2169784231281788
134.9694971442828,0.19544396496872
134.97343268873954,0.561624222242546
134.9773682331963,0.8613707803397369
134.98130377765304,0.6831572227712664
134.98523932210978,0.02122548214087492
134.98917486656654,0.6829741804190032
134.99311041102328,1.3087790343772572
134.99704595548005,1.8316674422672543
135.00098149993678,2.0030489385263905
135.00491704439355,0.7129818610353045
135.0088525888503,0.473012154585513
135.01278813330703,0.5664878800100719
135.0167236777638,0.33813327341521926
135.02065922222056,0.3265756449810032
135.0245947666773,0.40235533569913284
135.02853031113406,0.3434840890010452
135.0324658555908,0.5271910005236398
135.03640140004757,1.4125215251700518
135.0403369445043,1.005768338754779
135.04427248896107,0.0686933407729981
135.0482080334178,0.11558641827167904
135.05214357787457,0.1881504619015645
135.0560791223313,0.6475785543713332
135.06001466678808,1.0464083345429223
135.06395021124482,0.18386890197036507
135.06788575570155,0.8742665962404674
135.07182130015832,1.7045464562327486
135.07575684461506,0.6514246662214953
135.07969238907182,0.0030601967036401794
135.08362793352856,0.3817949551273813
135.08756347798533,0.2437626720716939
135.09149902244206,1.8697807481248396
135.09543456689883,3.9354789072246525
135.09937011135557,1.7547008184073751
135.1033056558123,0.11399911528312964
135.10724120026907,0.3974215015754782
135.11117674472584,0.35710269038901127
135.11511228918258,0.394939284983158
135.11904783363934,2.632154637255851
135.12298337809608,2.541073151495539
135.12691892255285,0.7896191406055978
135.13085446700958,0.653022330240321
135.13479001146635,0.45306727991240964
135.1387255559231,1.7684414316941623
135.14266110037985,2.8022914405002446
135.1465966448366,0.7722332186203368
135.15053218929333,0.11091647991057094
135.1544677337501,0.4277099671370147
135.15840327820683,0.5225047791408227
135.1623388226636,1.1694722211338566
135.16627436712034,3.625426920986625
135.1702099115771,3.265151041522234
135.17414545603384,0.24008242976222668
135.1780810004906,0.12136016116645199
135.18201654494734,0.10794829676070371
135.1859520894041,0.603434094754484
135.18988763386085,0.12755144573837873
135.1938231783176,2.144842109213287
135.19775872277435,2.5360489549575806
135.20169426723112,2.3266294151513462
135.20562981168786,0.7137428632569485
135.20956535614462,0.20725325234869177
135.21350090060136,0.7039601491901333
135.2174364450581,0.1243093166513944
135.22137198951486,0.05261693100162162
135.2253075339716,0.4362481789962873
135.22924307842837,0.6327776889156224
135.2331786228851,0.9517650096658227
135.23711416734187,0.7816301528326491
135.2410497117986,0.035126416005740214
135.24498525625538,1.1652774458660022
135.2489208007121,1.607910413102097
135.25285634516888,1.1282094172371837
135.25679188962562,0.7235305686585469
135.26072743408238,0.13862515502972905
135.26466297853912,0.28571213557406794
135.2685985229959,1.9156113606026004
135.27253406745265,2.6058660578944055
135.2764696119094,1.0380020352309314
135.28040515636613,0.604001761934514
135.2843407008229,1.814280789588552
135.28827624527963,1.014776496035168
135.2922117897364,0.06234893646234673
135.29614733419314,0.029820857840702247
135.30008287864987,0.15770741051908202
135.30401842310664,0.32562426997383753
135.30795396756338,0.1500106057458546
135.31188951202014,0.01604421810928369
135.31582505647688,0.012035779645606396
135.31976060093365,0.04768706136282167
135.3236961453904,0.07670779048950886
135.32763168984715,0.17008655885597043
135.3315672343039,1.4215525602927144
135.33550277876066,1.8962900657646404
135.3394383232174,1.3739845778446478
135.34337386767416,2.038995655733416
135.3473094121309,1.6658248047841056
135.35124495658766,0.4018418395992903
135.3551805010444,0.0013621676897089393
135.35911604550117,0.10300913533033619
135.3630515899579,2.4445951378538946
135.36698713441467,4.637199613313449
135.3709226788714,2.197051888878198
135.37485822332815,1.705083463812799
135.3787937677849,0.5835892420651064
135.38272931224165,0.42101853134647327
135.38666485669842,1.1804273033844155
135.39060040115515,0.48344519206967174
135.39453594561192,0.4456911408015691
135.39847149006866,0.32528658597208815
135.40240703452542,0.16840189074866763
135.40634257898216,1.5033898132731542
135.41027812343893,1.2698616350820244
135.41421366789567,1.1106590823608868
135.41814921235243,0.5066641833479552
135.42208475680917,0.4816818191874005
135.42602030126594,0.05501479474453768
135.42995584572267,0.8159461780872587
135.43389139017944,2.24620110867417
135.43782693463618,3.252691080981461
135.44176247909294,1.7332696768271636
135.44569802354968,0.2735869918194035
135.44963356800645,0.34204131671945726
135.4535691124632,0.48385973033253304
135.45750465691992,0.40150815960464503
135.4614402013767,4.650458663278701
135.46537574583343,2.9494833898806734
135.4693112902902,0.1455525511762967
135.47324683474693,1.368436960040578
135.4771823792037,0.17317414968342426
135.48111792366043,1.1780554062685415
135.4850534681172,0.19433115771427092
135.48898901257394,0.9149054093203699
135.4929245570307,4.499178336584875
135.49686010148744,4.6135408866598215
135.5007956459442,0.9614479874404246
135.50473119040095,0.10299523136511007
135.5086667348577,1.9232304853100235
135.51260227931445,2.7082997423741193
135.51653782377122,0.18785465724629252
135.52047336822795,0.9218025353842871
135.52440891268472,1.0998912510143113
135.52834445714146,2.3369922234968317
135.5322800015982,2.1804578606568508
135.53621554605496,4.086684471289129
135.5401510905117,3.560177061770469
135.5440866349685,0.9329367362575676
135.5480221794252,0.11335640358532653
135.55195772388197,0.902238454144051
135.5558932683387,0.6266403411848666
135.55982881279547,0.8779979369118684
135.5637643572522,0.40475333552609694
135.56769990170898,1.7027532143389463
135.57163544616571,1.1818542678458672
135.57557099062248,0.486111041443386
135.57950653507922,1.1079656345110476
135.58344207953598,1.3655307926809743
135.58737762399272,0.11981732505013772
135.5913131684495,0.17238298669940072
135.59524871290623,0.00497967023073563
135.599184257363,0.4206992401434744
135.60311980181973,0.556035651386632
135.6070553462765,1.1627494362425028
135.61099089073323,0.1424139627263622
135.61492643518997,0.9684886105700384
135.61886197964674,0.06582192013144383
135.62279752410348,2.9249601326011794
135.62673306856024,1.4686736275017989
135.63066861301698,0.4225659627238054
135.63460415747377,0.3593215448577731
135.63853970193048,1.5090413530415943
135.64247524638725,0.9927620556164395
135.646410790844,0.7094833175056476
135.65034633530075,1.4267691824404505
135.6542818797575,0.45485803378068446
135.65821742421426,2.999299956435362
135.662152968671,0.1723221358633059
135.66608851312776,3.85523442479294
135.6700240575845,6.433184713107176
135.67395960204126,1.9708625641241582
135.677895146498,0.11335075540783926
135.68183069095477,1.0491917127074943
135.6857662354115,0.4336315289600961
135.68970177986824,0.5033566680358815
135.693637324325,0.1260807490229909
135.69757286878175,0.4376094292482895
135.7015084132385,1.314765570902652
135.70544395769525,3.1527770993068676
135.70937950215202,2.0349908614228007
135.71331504660876,5.523758547097681
135.71725059106552,3.919050738793666
135.72118613552226,1.0493421718596412
135.72512167997905,0.5415441271601799
135.72905722443576,0.7404955852863457
135.73299276889253,0.9587978247987737
135.73692831334927,1.1583523850314068
135.74086385780603,3.592745363344737
135.74479940226277,1.4298501169364344
135.74873494671954,0.3903846998467961
135.75267049117627,0.600076205269834
135.75660603563304,0.1308364195428174
135.76054158008978,2.4039419690751385
135.76447712454652,3.2925165729033035
135.76841266900328,1.4212314677889055
135.77234821346002,0.002249057039259715
135.7762837579168,1.369876995750264
135.78021930237352,2.6535758232380466
135.7841548468303,1.3419632574220608
135.78809039128703,0.12518257773264965
135.7920259357438,0.1539094434981933
135.79596148020053,0.5517198795714191
135.7998970246573,3.236388370920878
135.80383256911404,4.768347394969214
135.8077681135708,2.6878302725703525
135.81170365802754,0.5437831556934037
135.8156392024843,0.013518577611958103
135.81957474694104,0.7565526748771197
135.8235102913978,1.264996575653606
135.82744583585455,0.4525603326117704
135.8313813803113,2.2481818777794293
135.83531692476805,2.0828952656272035
135.83925246922482,2.0097959381599773
135.84318801368156,1.3441586951372253
135.8471235581383,2.6594638998329705
135.85105910259506,6.257595989915328
135.8549946470518,8.00641089271918
135.85893019150856,4.525207379759343
135.8628657359653,1.016845784750942
135.86680128042207,1.1816829228529142
135.8707368248788,1.2093826320158176
135.87467236933557,1.0062349268966235
135.8786079137923,0.3065927953242412
135.88254345824907,0.015212555552318726
135.8864790027058,0.04124927845649743
135.89041454716258,0.5249897677244572
135.89435009161932,1.826097632363941
135.89828563607608,0.5734309531569343
135.90222118053282,1.6113760406900863
135.9061567249896,1.6494690249892805
135.91009226944632,0.8259102688133049
135.9140278139031,1.0011150009146832
135.91796335835983,0.5020552553671368
135.92189890281657,2.067487429930697
135.92583444727333,0.7626194677553083
135.92976999173007,3.9390177616441053
135.93370553618684,1.4796596407749656
135.93764108064357,0.2581184893570429
135.94157662510034,0.33137706241102727
135.94551216955708,1.8528774495267557
135.94944771401384,1.5036278310934559
135.95338325847058,1.5991259440482664
135.95731880292735,2.1379698354165555
135.96125434738408,1.0545911174013678
135.96518989184085,1.6939178333232165
135.9691254362976,0.2992984932788264
135.97306098075435,1.202007551749011
135.9769965252111,2.316211810699998
135.98093206966786,2.2190480288687824
135.9848676141246,0.5320477183719725
135.98880315858136,0.030498386732434678
135.9927387030381,0.36992202371760974
135.99667424749487,0.641663609350488
136.0006097919516,0.05316368329097942
136.00454533640834,1.6017493473318714
136.0084808808651,1.0702635059158823
136.01241642532185,0.8645009741873463
136.0163519697786,1.563427392125839
136.02028751423535,0.9904450462298748
136.02422305869212,0.2854785368450545
136.02815860314885,0.15690382132442193
136.03209414760562,0.9391146483216122
136.03602969206236,1.5396519930763002
136.03996523651912,0.5215331520533029
136.04390078097586,0.9623611888888861
136.04783632543263,1.9308772257864348
136.05177186988936,0.2653100973154433
136.05570741434613,0.4747252779379563
136.05964295880287,1.0141109956787546
136.06357850325963,0.13873168275470743
136.06751404771637,0.24335644755836372
136.07144959217314,0.9680961346308995
136.07538513662988,1.0659738226085915
136.0793206810866,0.35555197614013284
136.08325622554338,0.45311742997358706
136.08719177000012,0.378290828471873
136.09112731445688,0.029145880926707467
136.09506285891362,0.030819776135692558
136.0989984033704,0.5893398044697371
136.10293394782713,1.0294938553079163
136.1068694922839,0.8056978857652132
136.11080503674063,0.8860919879967013
136.1147405811974,0.49502146548103676
136.11867612565413,0.11857294261168158
136.1226116701109,0.010796800063194233
136.12654721456764,0.11250866294662185
136.1304827590244,0.6548298735353263
136.13441830348114,0.7885261363521026
136.1383538479379,0.2616605843970992
136.14228939239464,0.013010847226286024
136.1462249368514,0.24735085882199553
136.15016048130815,0.7598336052829932
136.15409602576491,0.4446374796184765
136.15803157022165,0.21445085417931603
136.1619671146784,0.40080963684777565
136.16590265913516,0.3269276096664255
136.1698382035919,0.13424227840501332
136.17377374804866,0.6595772020100243
136.1777092925054,0.1727666871899655
136.18164483696216,1.0133168307621525
136.1855803814189,1.3778359750334124
136.18951592587567,0.13035463453218754
136.1934514703324,1.5391183590911912
136.19738701478917,3.2384472878985138
136.2013225592459,1.932250720649377
136.20525810370268,0.44749645211156397
136.2091936481594,0.6223352736542032
136.21312919261618,0.414809041497394
136.21706473707292,0.010927746750893377
136.22100028152968,0.22832802466358193
136.22493582598642,0.31702682194239107
136.2288713704432,0.42778661099303106
136.23280691489992,1.9389198425099672
136.23674245935666,3.151244926653287
136.24067800381343,1.734631226355112
136.24461354827017,0.29482737299181805
136.24854909272693,0.04461306694582216
136.25248463718367,0.5586619784180699
136.25642018164044,2.2403938862627792
136.26035572609717,2.8463430367524274
136.26429127055394,1.7361453954442845
136.26822681501068,1.5167119148439785
136.27216235946744,1.6383570727978043
136.27609790392418,0.9739974542954416
136.28003344838095,1.0873027379050226
136.28396899283769,2.073427896696615
136.28790453729445,2.5627176734776587
136.2918400817512,1.9146368191243077
136.29577562620796,0.7956483955811431
136.2997111706647,0.0990747562088835
136.30364671512146,0.1504507901379204
136.3075822595782,0.6897971111847215
136.3115178040349,0.7109882831592724
136.3154533484917,0.2913975399111487
136.31938889294844,0.007887808560342184
136.3233244374052,0.25118296308227855
136.32725998186194,0.4578206861819938
136.3311955263187,0.22362891772129548
136.33513107077545,0.09422928462697373
136.3390666152322,0.03419875398447678
136.34300215968895,0.04535178878441858
136.34693770414572,0.39101293162639894
136.35087324860245,0.4007654157125414
136.35480879305922,0.11409831081427327
136.35874433751596,0.04497969978632919
136.36267988197272,0.18612217917840657
136.36661542642946,0.2852310936780074
136.37055097088623,0.11926935483863248
136.37448651534297,0.42376739114424244
136.37842205979973,0.3897780378533407
136.38235760425647,0.06529314385193012
136.38629314871324,0.10704845048005784
136.39022869316997,0.8311877683032435
136.3941642376267,1.4870989745538967
136.39809978208348,0.8840521371879095
136.40203532654022,1.4098888825583866
136.40597087099698,1.6086801202501027
136.40990641545372,0.43779501742258836
136.41384195991049,0.06451493997765954
136.41777750436722,0.0182874370591404
136.421713048824,0.26866787861238234
136.42564859328073,0.20498563301767253
136.4295841377375,0.16762057552716886
136.43351968219423,0.25020547803316867
136.437455226651,0.24142790059431285
136.4413907711077,0.5309278569438552
136.4453263155645,0.5255819862131963
136.44926186002124,0.07850489505590437
136.453197404478,0.35459503611973586
136.45713294893474,0.6902481291680771
136.4610684933915,0.6159782726813214
136.46500403784825,0.2906094372146498
136.46893958230498,1.1808364644028524
136.47287512676175,2.890343469181316
136.4768106712185,1.9242294610136204
136.48074621567525,0.2596815075899196
136.484681760132,0.09165455645082858
136.48861730458876,0.882419066283384
136.4925528490455,1.5895831755974394
136.49648839350226,0.8381104769265608
136.500423937959,0.11228940310496613
136.50435948241577,0.2804774838109158
136.5082950268725,0.8599295427144092
136.51223057132927,0.1700925118648652
136.516166115786,0.5196421525405742
136.52010166024277,1.3819148117445361
136.5240372046995,0.48042835284794255
136.52797274915628,0.27035355633341546
136.531908293613,0.2509861263031096
136.53584383806978,0.2232541357558501
136.53977938252652,0.06294187193550058
136.54371492698328,1.07426953305748
136.54765047144002,0.35823331450595874
136.55158601589676,0.8800399425402857
136.55552156035353,3.624862923020572
136.55945710481026,1.608149430746013
136.56339264926703,0.6176284870794598
136.56732819372377,0.7086604836143048
136.57126373818053,0.12299954644931464
136.57519928263727,0.35415118302104837
136.57913482709404,0.06272133736705592
136.58307037155078,0.687669682684828
136.58700591600754,0.33959169207278067
136.59094146046428,1.4862571390848576
136.59487700492105,1.5907338409024143
136.59881254937778,0.8843180628207578
136.60274809383455,0.007313585983076995
136.6066836382913,1.424478825391035
136.61061918274805,0.8949371308158269
136.6145547272048,0.13455367346330704
136.61849027166156,1.1039056594604317
136.6224258161183,0.4573126402590845
136.62636136057503,1.0014207813239433
136.6302969050318,1.3373042096621304
136.63423244948854,0.28538721919800414
136.6381679939453,1.9472601421744176
136.64210353840204,0.7959339083977461
136.6460390828588,0.9714472736170057
136.64997462731554,2.983361499155212
136.6539101717723,2.3548514779158163
136.65784571622905,3.239959190962125
136.6617812606858,4.136658618980069
136.66571680514255,2.5738231725227863
136.66965234959932,0.7405205267557146
136.67358789405606,1.79537427303203
136.67752343851282,0.42122142939173607
136.68145898296956,0.019516756993595574
136.68539452742633,0.16932666888522646
136.68933007188306,1.6929584518850653
136.69326561633983,1.7902938424988557
136.69720116079657,2.3328004277177135
136.70113670525333,1.7973870112956223
136.70507224971007,1.3406674987377718
136.7090077941668,1.8094448337960192
136.71294333862355,0.2855773193799369
136.7168788830803,1.9642867977385365
136.72081442753708,3.1158021734339028
136.72474997199382,0.5934371656892276
136.72868551645058,0.4874351209749082
136.73262106090732,0.5512510877016633
136.7365566053641,0.5823292203161156
136.74049214982082,1.2920672245120068
136.7444276942776,0.7311391785221162
136.74836323873433,0.4593182117141979
136.7522987831911,0.0925808618763597
136.75623432764783,0.37772629044169537
136.7601698721046,1.2909569138999466
136.76410541656134,0.4440737953661398
136.7680409610181,0.9890772129879589
136.77197650547484,3.710815167570668
136.7759120499316,2.950631853663515
136.77984759438834,1.387340218414025
136.78378313884508,0.620970936030722
136.78771868330185,1.3238944853666437
136.79165422775858,0.6773491984355766
136.79558977221535,1.3621956217386715
136.7995253166721,1.724035396834139
136.80346086112883,0.09560661971684667
136.8073964055856,1.282574803374237
136.81133195004236,0.21667941028760976
136.8152674944991,1.54620333363102
136.81920303895586,1.729391630583469
136.8231385834126,2.8408030745877735
136.82707412786937,2.8868833743047713
136.8310096723261,0.26792256605370474
136.83494521678287,0.5035395852926594
136.8388807612396,0.6230693951204455
136.84281630569637,0.07162096811338446
136.8467518501531,0.3859526977373439
136.85068739460988,0.39269550522555496
136.85462293906662,0.2226298935940883
136.85855848352335,2.604604919125603
136.86249402798012,4.193661863732142
136.86642957243686,1.1050590460727234
136.87036511689362,4.961890992802172
136.87430066135036,6.131925744463984
136.87823620580713,0.19756326500439472
136.88217175026386,2.347030772294975
136.88610729472063,1.8109192894952229
136.89004283917737,0.8691441703854625
136.8939783836341,3.266895137391116
136.89791392809087,2.1076818348310886
136.90184947254764,0.3940742603862064
136.90578501700438,0.2898601333358628
136.90972056146114,0.14991432015422307
136.91365610591788,0.32647162520893763
136.91759165037465,0.6057567053531087
136.92152719483138,0.7061406911856255
136.92546273928815,2.147993731359699
136.9293982837449,1.5447924035637612
136.93333382820165,0.35449047955293655
136.9372693726584,0.6115238891374727
136.94120491711513,0.9660762337332381
136.9451404615719,0.7290381295503594
136.94907600602863,0.9826895964409225
136.9530115504854,1.546498107979483
136.95694709494214,1.0820089005336435
136.9608826393989,0.8387402995191151
136.96481818385564,0.17985055151126852
136.9687537283124,0.2517440398839778
136.97268927276914,0.06880600818254032
136.9766248172259,2.1347919740787367
136.98056036168265,2.6960397408997223
136.9844959061394,1.0835543498949223
136.98843145059615,1.6687441956408666
136.99236699505292,1.7656966752256302
136.99630253950966,1.3475836528561078
137.00023808396642,2.223959042554643
137.00417362842316,3.2242757249300746
137.00810917287993,1.8863737831752982
137.01204471733666,0.20819334351317345
137.0159802617934,0.5264288763250442
137.01991580625017,1.2310220075422973
137.0238513507069,1.1163471547275452
137.02778689516367,0.7747768443300659
137.0317224396204,1.14566735255659
137.03565798407718,2.876130717195239
137.0395935285339,5.280493559677454
137.04352907299068,4.289064823726735
137.04746461744742,0.7121494731586253
137.05140016190418,0.6680848568720519
137.05533570636092,1.3500175575329252
137.0592712508177,0.3897419682015033
137.06320679527445,0.13334348229494186
137.0671423397312,0.631648652392201
137.07107788418793,1.5559834664793613
137.0750134286447,1.58829212356116
137.07894897310143,1.2087911346683093
137.0828845175582,0.8498048445844627
137.08682006201494,1.0391244214472626
137.0907556064717,2.0557373162619914
137.09469115092844,2.0043949363618934
137.09862669538518,0.7092729068975978
137.10256223984194,0.035845826477422654
137.10649778429868,1.1213410313840804
137.11043332875545,1.0489463243501398
137.1143688732122,0.12876541510772802
137.11830441766895,1.879044966420584
137.1222399621257,1.3611393996014751
137.12617550658246,0.29386216864559644
137.1301110510392,0.9873634476302151
137.13404659549596,0.8679531759095828
137.1379821399527,0.40033281656795183
137.14191768440946,0.29591887754569746
137.1458532288662,0.030474658925464578
137.14978877332297,0.33174028722337157
137.1537243177797,0.9530925162988918
137.15765986223647,0.4262028617054349
137.1615954066932,0.25492511813490465
137.16553095114998,0.3544340213936276
137.1694664956067,0.17357551099769708
137.17340204006345,0.5289958940681182
137.17733758452022,0.09669656196627904
137.18127312897695,0.8870336695404787
137.18520867343372,2.1121801425798106
137.18914421789046,0.8586039078378751
137.19307976234722,0.18761896654982413
137.19701530680396,1.087596888197694
137.20095085126073,1.341943874482133
137.20488639571747,0.6829565064387761
137.20882194017423,0.35838824334252295
137.21275748463097,0.09115889345496885
137.21669302908774,0.17321528178551732
137.22062857354447,0.4161427818728065
137.22456411800124,0.008092374323891434
137.22849966245798,0.4590027474276837
137.23243520691474,0.6443716633814187
137.23637075137148,0.6544189063842523
137.24030629582825,1.162384984136723
137.244241840285,2.76128886766978
137.24817738474175,3.6767456924399045
137.2521129291985,3.08993819241623
137.25604847365523,3.104599268186911
137.259984018112,2.828269069441499
137.26391956256873,1.0038916797964
137.2678551070255,0.012993424255663768
137.27179065148223,0.3585739391197057
137.275726195939,0.579737535897026
137.27966174039574,0.13466359363964167
137.2835972848525,0.6773127556007239
137.28753282930924,0.811142916425488
137.291468373766,0.6294441160467636
137.29540391822275,0.03701587813122974
137.2993394626795,0.7046421932430076
137.30327500713625,0.9499447348777047
137.30721055159302,0.401360499081716
137.31114609604975,0.2691099263976434
137.31508164050652,0.7192375937145997
137.31901718496326,1.2074994256609064
137.32295272942002,0.08708034249889969
137.32688827387676,0.03492669406204121
137.3308238183335,0.302113223757858
137.3347593627903,1.0974975962844806
137.338694907247,0.0854604390146273
137.34263045170377,0.32111395974649093
137.3465659961605,0.02420644440499913
137.35050154061727,0.5318908057784129
137.354437085074,0.40099401377709093
137.35837262953078,0.012343598687067654
137.36230817398751,0.10011504755215023
137.36624371844428,0.06068759279137055
137.37017926290102,0.005025179504543173
137.37411480735778,0.23138615786923555
137.37805035181452,0.5235568997541643
137.3819858962713,0.5710471295048493
137.38592144072803,0.3204660528484166
137.3898569851848,1.0632642178634315
137.39379252964153,1.4665546475876043
137.3977280740983,1.2882347400925822
137.40166361855503,0.7192712656461465
137.40559916301177,0.004215816921524938
137.40953470746854,0.400537893370433
137.41347025192528,0.5033264428424563
137.41740579638204,0.013329271103360083
137.42134134083878,1.3385348972726878
137.42527688529557,2.7778299068823213
137.42921242975228,1.6034865955075785
137.43314797420905,0.15891037669941194
137.4370835186658,0.021808438310527346
137.44101906312255,0.07757196864490798
137.4449546075793,0.6707879177838818
137.44889015203606,0.16193753061207825
137.4528256964928,0.3862838775125004
137.45676124094956,0.8164132660270786
137.4606967854063,0.22858033258589053
137.46463232986306,0.3081791848526618
137.4685678743198,1.440137636343966
137.47250341877657,1.857800996147507
137.4764389632333,0.605412660744781
137.48037450769007,0.20863224232078673
137.4843100521468,0.33511352442837006
137.48824559660355,0.04947596306173337
137.4921811410603,0.3082825108023804
137.49611668551705,0.5663175519305114
137.50005222997382,0.5446511489131065
137.50398777443056,0.8416686862199482
137.50792331888732,0.44259222273280974
137.51185886334406,0.08007149186867556
137.51579440780085,0.20549443042426382
137.51972995225756,0.6764274471900803
137.52366549671433,0.22599403768861556
137.52760104117107,0.16278745460739194
137.53153658562783,0.1293155164964425
137.53547213008457,0.31505499257820646
137.53940767454134,0.26386853228104973
137.54334321899807,1.1546082480390154
137.54727876345484,1.1203119513168447
137.55121430791158,0.573498106695617
137.55514985236834,0.8173619107727628
137.55908539682508,0.34315394543165306
137.56302094128182,0.12132131205364197
137.5669564857386,0.30255216123185935
137.57089203019532,0.7112080079796433
137.5748275746521,1.2581011410674572
137.57876311910883,1.2330819594154103
137.5826986635656,0.7664681075729493
137.58663420802233,2.3547460439999552
137.5905697524791,2.710082210186242
137.59450529693584,0.3856179534014041
137.5984408413926,1.222187415458196
137.60237638584934,0.7987647675845039
137.6063119303061,0.021341327571689474
137.61024747476284,0.3247520389952591
137.6141830192196,0.36944722869208924
137.61811856367635,0.05075535764531609
137.6220541081331,0.8240934878091621
137.62598965258985,0.3154785346452415
137.62992519704662,0.10246653806731668
137.63386074150336,0.20200634751465815
137.63779628596012,0.07840364404590969
137.64173183041686,0.19975896564921622
137.6456673748736,0.5695674999138803
137.64960291933036,0.3174654572953814
137.6535384637871,0.4025839896499612
137.65747400824387,0.33398623291497054
137.6614095527006,0.2647344969016037
137.66534509715737,0.11718262283486265
137.6692806416141,0.7878260676343165
137.67321618607087,1.0200521048131452
137.6771517305276,0.9261165264356904
137.68108727498438,2.307870506804588
137.68502281944112,1.6001747067415903
137.68895836389788,0.5063884400908695
137.69289390835462,0.8473149771613245
137.6968294528114,1.4574956546827897
137.70076499726812,0.8566713288091811
137.7047005417249,0.1985299319398267
137.70863608618163,0.3098836103080553
137.7125716306384,0.49353812945272474
137.71650717509513,0.38780058355181113
137.72044271955187,1.0055348519593004
137.72437826400864,0.7616127166501765
137.72831380846537,0.895261804288467
137.73224935292214,2.648256830520209
137.73618489737888,1.5788276369513212
137.74012044183564,0.7298212184631797
137.74405598629238,1.8762370177436587
137.74799153074915,0.9322628887841509
137.75192707520588,0.13470160658112534
137.75586261966265,0.39348927572821285
137.7597981641194,0.7059794467783349
137.76373370857615,0.3966738177315087
137.7676692530329,0.0014577463766128147
137.77160479748966,0.2628015617107267
137.7755403419464,0.0832967224513228
137.77947588640316,0.5035179457960195
137.7834114308599,1.1350115590707994
137.78734697531667,0.7227598131254975
137.7912825197734,0.8404433573149134
137.79521806423017,0.5231345540342175
137.7991536086869,0.5473742794475925
137.80308915314365,0.9822237218202323
137.8070246976004,2.7964912487571953
137.81096024205715,2.146333623993319
137.81489578651392,0.2628686402607061
137.81883133097065,0.7290104774449524
137.82276687542742,0.7533446599047079
137.82670241988416,0.39441091505036424
137.83063796434092,0.3292046763733162
137.83457350879766,0.699407806091041
137.83850905325443,0.4474580471762241
137.84244459771116,0.07537376019740763
137.84638014216793,0.17725971603983118
137.85031568662467,0.01552262502309869
137.85425123108143,0.25289139931639754
137.85818677553817,0.2643286445565092
137.86212231999494,0.7994831190682107
137.86605786445168,0.31250886300822706
137.86999340890844,1.1704363531427027
137.87392895336518,0.8394714470922232
137.87786449782192,0.12532770528728976
137.88180004227868,0.11140610588079078
137.88573558673542,0.014538071614969903
137.8896711311922,0.4353690176952856
137.89360667564893,2.546121919973589
137.8975422201057,1.8046865708226918
137.90147776456243,0.5112964284248575
137.9054133090192,0.8945983830205853
137.90934885347593,0.15257059292963276
137.9132843979327,1.276720511977182
137.91721994238944,0.07279238517737292
137.9211554868462,3.438967609325551
137.92509103130294,1.5578994282325427
137.9290265757597,0.4043686113492124
137.93296212021644,1.0383953554375798
137.9368976646732,0.058960808308513205
137.94083320912995,0.411188214949339
137.94476875358671,0.6311568382041353
137.94870429804345,3.140271442187901
137.9526398425002,0.686752286757909
137.95657538695696,0.7536209275033591
137.9605109314137,1.097062026615913
137.96444647587046,2.6763608482950914
137.9683820203272,1.6145193179486863
137.97231756478396,0.4833983922648483
137.9762531092407,1.655865964560418
137.98018865369747,1.8763239502965514
137.9841241981542,1.69066756175138
137.98805974261097,0.6239695671177206
137.9919952870677,2.398700132342617
137.99593083152448,0.890300031333842
137.9998663759812,0.24288121546334496
138.00380192043798,0.5901053363396215
138.00773746489472,1.8170018234223368
138.01167300935148,0.6823994085913008
138.01560855380822,0.34625643626427915
138.019544098265,0.3962654928976444
138.02347964272172,0.7047839064939836
138.0274151871785,0.19831723696128709
138.03135073163523,0.8082001307467834
138.03528627609197,1.3189777242129779
138.03922182054873,0.45758139456145364
138.04315736500547,0.6652145228192677
138.04709290946224,0.039121267691798786
138.05102845391897,0.18867914863017174
138.05496399837574,0.3018961369729844
138.05889954283248,0.12489974107758384
138.06283508728924,0.21848268000507576
138.06677063174598,1.4532265819884989
138.07070617620275,1.8281550402254736
138.07464172065949,1.0427970947478824
138.07857726511625,0.0322590161555808
138.082512809573,1.8710057387028645
138.08644835402976,1.1393979097730829
138.0903838984865,0.3073826769323931
138.09431944294326,1.5810265698565562
138.0982549874,0.3064318012946019
138.10219053185676,0.07762743785178187
138.1061260763135,0.288256916259766
138.11006162077024,2.0614202459085815
138.113997165227,3.0459618545245966
138.11793270968374,0.8961802296749087
138.1218682541405,0.11140871002741583
138.12580379859725,0.44649072057525174
138.129739343054,0.0865288650803078
138.13367488751075,0.7748778911168854
138.13761043196752,0.4358940776728588
138.14154597642425,1.7483859174736827
138.14548152088102,0.6069766934350449
138.14941706533776,1.6110519283879883
138.15335260979452,2.6328140151821695
138.15728815425126,1.6438780411059706
138.16122369870803,6.391019907647813
138.16515924316477,4.810967467458131
138.16909478762153,0.8262193636311839
138.17303033207827,0.13681759325233023
138.17696587653504,0.18656827497415787
138.18090142099177,0.09530137912789705
138.18483696544854,0.2276632957377283
138.18877250990528,0.3886007794469919
138.192708054362,0.5187159822161487
138.19664359881878,0.8450424748284245
138.20057914327552,4.2687356562658545
138.20451468773228,3.9977992576602133
138.20845023218902,0.13085238699152654
138.2123857766458,0.7433717097480382
138.21632132110253,0.14685245907776945
138.2202568655593,0.3199159787619516
138.22419241001603,0.14824336588493195
138.2281279544728,0.2795035246824567
138.2320634989295,0.4862443920542723
138.2359990433863,0.2618237801585743
138.23993458784304,0.3531976837249933
138.2438701322998,0.8002270221823449
138.24780567675654,0.9491270382378854
138.2517412212133,0.13056438159420955
138.25567676567005,0.8794278478525802
138.2596123101268,1.3667027826898965
138.26354785458355,0.405146541305968
138.2674833990403,1.9998434758816526
138.27141894349705,3.2511649706885053
138.2753544879538,1.3758611954177928
138.27929003241056,1.9663504476414666
138.2832255768673,2.434899358576192
138.28716112132406,1.2363340094096988
138.2910966657808,0.1005229458771203
138.29503221023757,0.5329573616242835
138.2989677546943,1.5615687679021288
138.30290329915107,1.2339023029074812
138.3068388436078,0.3975837018849131
138.31077438806457,2.270081554107321
138.3147099325213,2.442339581238345
138.31864547697808,0.09353247311855835
138.3225810214348,0.4835795636409231
138.32651656589158,0.26830072405024913
138.33045211034832,0.2627433643656677
138.33438765480508,0.2765141144554678
138.33832319926182,0.7706979730009247
138.3422587437186,1.5945500145286329
138.34619428817533,1.2158343542859995
138.35012983263206,0.4999327038053801
138.35406537708883,0.7210057831125141
138.35800092154557,0.9412778015040875
138.36193646600233,1.9867658723856596
138.36587201045907,0.6135997588746784
138.36980755491584,0.19798614786750957
138.37374309937258,0.2634970651750935
138.37767864382934,1.013590229055525
138.38161418828608,1.0569487192145104
138.38554973274285,0.7333187937323568
138.38948527719958,0.5347286148549133
138.39342082165635,0.831373048609702
138.3973563661131,0.6890045834310671
138.40129191056985,0.01278934239862577
138.4052274550266,0.3445216487454215
138.40916299948336,0.2770366906809431
138.4130985439401,0.5120483482885665
138.41703408839686,1.1458823589795901
138.4209696328536,1.0503832838189986
138.42490517731034,0.7707658297738577
138.4288407217671,1.0181719516678125
138.43277626622384,0.3041450550511812
138.4367118106806,0.1798790384547672
138.44064735513734,0.7604512711156555
138.4445828995941,0.575865139001183
138.44851844405085,0.21280242315822884
138.4524539885076,1.4397836111531888
138.45638953296435,0.7718582427664598
138.46032507742112,0.06427728093343517
138.46426062187786,0.42605481519409516
138.46819616633462,1.267501446466677
138.47213171079136,1.2143051810090741
138.47606725524813,0.36452574160065715
138.48000279970486,0.348642309784886
138.48393834416163,1.1722040856804923
138.48787388861837,0.03886932874723177
138.49180943307513,1.6194704010279188
138.49574497753187,0.572787424330564
138.4996805219886,0.8783205976238593
138.50361606644535,1.4107144551628708
138.5075516109021,0.16714359192965902
138.51148715535888,0.09409296641338578
138.51542269981562,0.6196531239113989
138.51935824427238,0.5472375812631982
138.52329378872912,0.02896602912140994
138.5272293331859,0.023900832144824552
138.53116487764262,0.43699024857658386
138.5351004220994,0.11860903481943447
138.53903596655613,0.9495538436238099
138.5429715110129,3.637113637583213
138.54690705546963,3.2026364966281284
138.5508425999264,0.46020700994237274
138.55477814438314,0.9444697158828448
138.5587136888399,2.27282986493282
138.56264923329664,0.24106834830987853
138.5665847777534,0.30009677862842965
138.57052032221014,0.3648443611747963
138.5744558666669,0.4089397620000661
138.57839141112365,0.37866328671562277
138.58232695558038,1.4960913654360366
138.58626250003715,1.3728327297024947
138.5901980444939,0.9973340275130272
138.59413358895063,0.4110220487160414
138.5980691334074,0.8754341559288936
138.60200467786416,1.3456124268619962
138.6059402223209,0.4963160261824081
138.60987576677766,1.5561289844059112
138.6138113112344,3.333893869542743
138.61774685569117,4.093180121959633
138.6216824001479,2.4147214350060136
138.62561794460467,0.2435827079004973
138.6295534890614,0.31933278202716203
138.63348903351817,1.7499649157869948
138.6374245779749,5.325509350861025
138.64136012243168,6.786425966892671
138.64529566688842,2.526315585561998
138.64923121134518,0.590408735959551
138.65316675580192,1.9509778376617544
138.65710230025866,2.2369094181349634
138.66103784471542,1.3512752786747653
138.66497338917216,0.2250249373348253
138.66890893362893,0.3204303533094716
138.67284447808566,1.0734639943442823
138.67678002254243,1.6976951743794533
138.68071556699917,1.234541754354183
138.6846511114559,0.3703154784150281
138.68858665591267,0.9410095496951268
138.69252220036944,1.2504800101669502
138.69645774482618,0.2150045954158037
138.70039328928294,0.13881962802529885
138.70432883373968,0.19662821198214714
138.70826437819645,0.00025637425534259307
138.71219992265318,0.1414043124828778
138.71613546710995,0.22581585462155992
138.7200710115667,0.12035332709424994
138.72400655602345,0.4251519660925948
138.7279421004802,0.24572887819371858
138.73187764493696,0.11773675775632214
138.7358131893937,0.7114877000003638
138.73974873385043,1.200073910882932
138.7436842783072,1.4271199396876921
138.74761982276394,1.0621928990961906
138.7515553672207,0.16674922030911318
138.75549091167744,0.13284851047816815
138.7594264561342,0.6800778701943175
138.76336200059094,0.7010037973282304
138.7672975450477,0.026678143923719463
138.77123308950445,1.2559776237212577
138.7751686339612,0.6730023923329564
138.77910417841795,0.7898985377700118
138.78303972287472,1.1134009853106044
138.78697526733146,0.07418957352094714
138.79091081178822,0.6167614586612606
138.79484635624496,0.5302911973658128
138.79878190070173,0.32754946708342936
138.80271744515846,1.075402304154509
138.80665298961523,1.3864284321543463
138.81058853407197,0.8822917903618936
138.8145240785287,2.3934262863830083
138.81845962298547,1.2741159545233651
138.8223951674422,0.20710554334377443
138.82633071189898,0.0961205184485345
138.8302662563557,0.2730315350222736
138.83420180081248,0.09955934091945587
138.83813734526922,0.9113296852028626
138.84207288972598,0.37426361432542654
138.84600843418272,0.38367491316138275
138.8499439786395,1.7315194914708203
138.85387952309625,1.187878311030402
138.857815067553,0.09628844871233382
138.86175061200973,0.30584879692225314
138.8656861564665,0.5881057400206463
138.86962170092323,0.41961693523444765
138.87355724538,0.689178509070036
138.87749278983674,1.230852655208931
138.8814283342935,1.8288739974827348
138.88536387875024,1.644458290605146
138.889299423207,0.8436238661094331
138.89323496766374,0.39680390802271376
138.89717051212048,0.7372841872291236
138.90110605657725,2.0417095234901104
138.905041601034,2.253959257732957
138.90897714549075,0.4296371081364609
138.9129126899475,0.14234774854481072
138.91684823440426,0.3727961472111132
138.920783778861,0.6653680268591039
138.92471932331776,1.6468856315264457
138.9286548677745,0.7651247508618011
138.93259041223126,0.20718974642451532
138.936525956688,0.36620785407070316
138.94046150114477,0.5144110260916559
138.9443970456015,0.5845638203414845
138.94833259005827,0.028911778691074894
138.952268134515,0.4484875225168156
138.95620367897178,0.9575235799768892
138.9601392234285,0.37016695002784267
138.96407476788528,0.0277601183814123
138.96801031234202,0.561919162780215
138.97194585679875,1.9029552526823266
138.97588140125552,1.7945686106342331
138.97981694571226,0.5385012172328851
138.98375249016902,0.11322082112806772
138.98768803462576,0.29983869732039314
138.99162357908253,0.5900207530367232
138.99555912353927,0.17916166653256926
138.99949466799603,1.1958397972964885
139.00343021245277,1.8750653142863092
139.00736575690954,1.886269438829558
139.01130130136627,4.702689479116378
139.01523684582304,3.37880128138687
139.01917239027978,0.3153650457635187
139.02310793473654,0.49228160855286696
139.02704347919328,0.08390746590941231
139.03097902365005,0.6569402663501875
139.0349145681068,0.3628967023706249
139.03885011256355,0.12034682545998313
139.0427856570203,0.5538685493030927
139.04672120147703,1.0081291426932741
139.0506567459338,1.3081403615233906
139.05459229039053,0.26599353063942904
139.0585278348473,0.11646633301282562
139.06246337930403,1.4541540391471854
139.0663989237608,4.797317951278679
139.07033446821754,2.139411017380693
139.0742700126743,0.3749333801024403
139.07820555713104,1.5153342884335932
139.0821411015878,1.0462074666578363
139.08607664604455,1.462200439464902
139.0900121905013,1.6883816626454833
139.09394773495805,1.0470686022487603
139.09788327941482,0.2028677982829172
139.10181882387155,0.6707702575197794
139.10575436832832,2.378782436773375
139.10968991278506,2.001446911384721
139.11362545724182,0.4685927638908905
139.11756100169856,2.5027401278750556
139.12149654615533,1.9178424794962525
139.1254320906121,1.2331675745410253
139.1293676350688,0.5872261859149717
139.13330317952557,0.5172892558515977
139.1372387239823,0.8205808195020203
139.14117426843907,0.13788507486365353
139.1451098128958,1.1506907146306484
139.14904535735258,0.3382838815281211
139.15298090180931,0.05425637025290697
139.15691644626608,0.024882451875791998
139.16085199072282,0.3373729087910516
139.16478753517958,0.01656601390564254
139.16872307963632,1.5755507868879084
139.1726586240931,1.8612392558057056
139.17659416854983,0.007755726359587086
139.1805297130066,1.2801879042887443
139.18446525746333,0.5534539801216333
139.1884008019201,0.5209131983812388
139.19233634637683,0.15597476881261702
139.1962718908336,1.1219621607144687
139.20020743529034,1.2719055551747134
139.20414297974708,0.3844963879236449
139.20807852420384,0.6148100599451058
139.21201406866058,0.11540323290664878
139.21594961311737,0.2586375541932378
139.21988515757408,1.1003734009788426
139.22382070203085,1.0247486313871728
139.2277562464876,0.44569138558277477
139.23169179094435,0.9420301132889003
139.2356273354011,0.18575505948509158
139.23956287985786,0.42498518761005993
139.2434984243146,0.259774870828598
139.24743396877136,0.39675924858792444
139.2513695132281,0.5922299634491902
139.25530505768486,0.03053473045979405
139.2592406021416,0.3721668327901087
139.26317614659837,0.7327180711060592
139.2671116910551,0.8416749833556971
139.27104723551187,1.070611840988432
139.2749827799686,1.0984397279206226
139.27891832442538,0.26933076744793916
139.2828538688821,0.22456072149846762
139.28678941333885,0.29026479902639474
139.29072495779562,2.0551529349962694
139.29466050225236,1.2247694188701226
139.29859604670912,0.25216942706216294
139.30253159116586,1.2886605955482218
139.30646713562265,2.8527600120360748
139.31040268007936,2.130446763965628
139.31433822453613,1.250444679048309
139.31827376899287,0.7902683888007753
139.32220931344963,0.2804641321938837
139.32614485790637,1.0485963250819557
139.33008040236314,1.9534560793235194
139.33401594681987,2.629718782115729
139.33795149127664,0.9426806810102878
139.34188703573338,0.05799492342707092
139.34582258019014,0.09414292829283934
139.34975812464688,0.05743820452889819
139.35369366910365,0.45795547105190676
139.3576292135604,0.5034465362909084
139.36156475801712,0.07929533140240648
139.3655003024739,0.7908163773896465
139.36943584693063,0.22242832649528577
139.3733713913874,0.3152813486455812
139.37730693584413,0.23276164594799156
139.3812424803009,0.01658313711557627
139.38517802475764,0.06414794218970354
139.3891135692144,0.015766058129700767
139.39304911367114,0.03719612177433866
139.3969846581279,0.36880169816283104
139.40092020258464,0.15367538053145333
139.4048557470414,0.08339047791855216
139.40879129149815,0.09803284869879327
139.4127268359549,0.35432259546424805
139.41666238041165,1.5146347221329302
139.42059792486842,1.286800522063352
139.42453346932516,0.7418655396693444
139.42846901378192,0.08147521778610287
139.43240455823866,1.262234804500938
139.43634010269545,2.034904829972788
139.44027564715216,0.8287167110596374
139.4442111916089,0.25574993483189096
139.44814673606567,0.02495781634169492
139.4520822805224,0.15321812975391796
139.45601782497917,0.045920347750740664
139.4599533694359,0.28154637421482553
139.46388891389267,0.0424833939855788
139.4678244583494,1.081829783110361
139.47176000280618,1.248049407166883
139.47569554726292,1.6329393582860867
139.47963109171968,0.32016963756550565
139.48356663617642,1.0364595836455845
139.4875021806332,2.7046767656989386
139.49143772508992,0.7929454932809754
139.4953732695467,0.14188047913517146
139.49930881400343,0.4440011150991955
139.5032443584602,0.24053897863492338
139.50717990291693,0.2885507983670699
139.5111154473737,1.1892146828531
139.51505099183044,0.1932900974807678
139.51898653628717,0.7813295273892271
139.52292208074394,0.41737705583524387
139.52685762520068,0.012152079366698891
139.53079316965744,0.0012277502520951346
139.53472871411418,0.16901554246057648
139.53866425857095,0.11647411609440603
139.54259980302768,0.9699216853899275
139.54653534748445,1.1283818830811476
139.5504708919412,0.37742500904863
139.55440643639795,0.2966719791158793
139.5583419808547,1.2850481915766971
139.56227752531146,1.3015201951345885
139.5662130697682,0.04760158427359198
139.57014861422496,0.30672648202838904
139.5740841586817,0.08561386989727438
139.57801970313847,0.06382654988152707
139.5819552475952,0.29023324009894264
139.58589079205197,0.921469421859026
139.5898263365087,0.9233333957495439
139.59376188096545,0.042348661606837104
139.5976974254222,0.47082578315011336
139.60163296987895,0.37676065170855055
139.60556851433572,0.8505425917747913
139.60950405879245,2.3931286346195892
139.61343960324922,0.7752983483548401
139.61737514770596,0.38214540684228004
139.62131069216272,1.1868035858200439
139.62524623661946,1.1869578416052144
139.62918178107623,0.6408484374315406
139.63311732553296,0.5629057111465078
139.63705286998973,0.19460509445629542
139.64098841444647,0.6280461033847962
139.64492395890323,0.22500814440058184
139.64885950335997,0.4464121758976565
139.65279504781674,0.9276218867070486
139.65673059227348,0.07908220382523483
139.66066613673024,2.1025077816406417
139.66460168118698,2.741200699071312
139.66853722564375,2.180088512681083
139.67247277010048,1.5829117280146507
139.67640831455722,1.7402376389612892
139.680343859014,1.489635529360529
139.68427940347073,1.4654376070426938
139.6882149479275,0.33480531929028856
139.69215049238423,0.3660076847708462
139.696086036841,1.0008042917248134
139.70002158129773,2.1874215157850094
139.7039571257545,0.8304099535794209
139.70789267021124,0.8796269034468723
139.711828214668,2.886367660633812
139.71576375912474,0.4133317279297384
139.7196993035815,0.4465888336910772
139.72363484803824,1.850047509402235
139.727570392495,2.8589517776073414
139.73150593695175,1.824903981453322
139.73544148140851,2.75903718205208
139.73937702586525,3.361651888378754
139.74331257032202,5.425957010036854
139.74724811477876,3.899485604227303
139.7511836592355,1.8414464097766365
139.75511920369226,1.0474775018408948
139.759054748149,0.43546736956863547
139.76299029260576,0.6998305460636567
139.7669258370625,0.8741562741390724
139.77086138151927,1.7312252433324686
139.774796925976,4.10787734925127
139.77873247043277,0.5827353200918457
139.7826680148895,2.0721787489908596
139.78660355934628,4.059858200458725
139.790539103803,2.404778662579918
139.79447464825978,2.203235371476815
139.79841019271652,0.6161161201514341
139.80234573717328,5.410729129418436
139.80628128163002,3.9443652598011663
139.8102168260868,0.17349365702705336
139.81415237054352,4.191441680864329
139.8180879150003,1.5215877396310669
139.82202345945703,1.2971224471537286
139.8259590039138,3.8503077490259803
139.82989454837053,0.9645494325021992
139.83383009282727,0.005788917825562548
139.83776563728404,0.18343796043367783
139.84170118174077,1.0441575053966345
139.84563672619754,0.516706326100564
139.84957227065428,1.3097858884685547
139.85350781511104,4.239127694918812
139.85744335956778,1.0338712409131499
139.86137890402455,1.4357027345222515
139.86531444848129,2.741993357568228
139.86924999293805,0.7294629622499819
139.8731855373948,0.18660962242593818
139.87712108185156,1.1395033414337925
139.8810566263083,4.886646231248722
139.88499217076506,3.187596447126314
139.8889277152218,0.4047459501978632
139.89286325967856,0.1910000224202113
139.8967988041353,0.026553184156218844
139.90073434859207,0.16271308858215833
139.9046698930488,0.0442006531524495
139.90860543750554,1.0433203776073319
139.9125409819623,3.0617668595537784
139.91647652641905,1.9733815124108645
139.9204120708758,0.26045696099500376
139.92434761533255,0.5943508709463973
139.92828315978932,2.5302843995149966
139.93221870424605,2.0044404216031366
139.93615424870282,1.1428247733162216
139.94008979315956,2.1898880060122248
139.94402533761632,4.611422554870732
139.94796088207306,6.090628229873031
139.95189642652983,4.058437650804462
139.95583197098657,0.4488935664276751
139.95976751544333,1.038568906275205
139.96370305990007,0.4724443138231945
139.96763860435684,1.6055320440220588
139.97157414881357,2.0647481494561775
139.97550969327034,0.31411056349966493
139.97944523772708,0.7016085111429002
139.98338078218384,0.8346403852521431
139.98731632664058,0.6688714892460624
139.99125187109732,0.9307293709967698
139.99518741555408,0.5361497435171834
139.99912296001082,0.10101520641720405
140.0030585044676,1.322020288256037
140.00699404892433,0.6779359052788226
140.0109295933811,0.4169081160706778
140.01486513783783,1.110416255266592
140.0188006822946,0.4435108685303062
140.0227362267513,0.9085359953082263
140.0266717712081,2.1613261816397076
140.03060731566484,1.7171772981278368
140.0345428601216,1.0060988469650907
140.03847840457834,0.8499377836943498
140.0424139490351,0.5835360890445301
140.04634949349185,0.26908081471289824
140.0502850379486,0.3992991954554308
140.05422058240535,1.1421321659574535
140.05815612686212,0.5354519196578678
140.06209167131885,0.13513996411648657
140.0660272157756,0.6529551770358675
140.06996276023236,0.6906141981095347
140.0738983046891,0.22545471076258913
140.07783384914586,0.37627434266315707
140.0817693936026,0.9724151789250264
140.08570493805937,0.49668429551772897
140.0896404825161,1.0111569404015353
140.09357602697287,0.6808701917733806
140.0975115714296,0.10694838947597185
140.10144711588637,0.1897221725126751
140.1053826603431,0.16492005190308615
140.10931820479988,0.8395226276159016
140.1132537492566,0.8448538114545231
140.11718929371338,0.603924989355279
140.12112483817012,0.11984185116367045
140.12506038262688,0.17370046277230866
140.12899592708362,0.3457555678533624
140.1329314715404,0.08283753009046882
140.13686701599713,0.9424765783563838
140.14080256045386,0.89650629395497
140.14473810491063,0.07764314638090043
140.14867364936737,0.44807886236277555
140.15260919382413,3.00177328523351
140.15654473828087,2.6719181962866627
140.16048028273764,0.7419637838435638
140.16441582719438,2.148779784782095
140.16835137165114,0.1711536550755965
140.17228691610788,0.8969606168771465
140.17622246056465,0.4069186512597432
140.18015800502138,0.40248955201066666
140.18409354947815,0.9903732827774389
140.1880290939349,0.15020542100279366
140.19196463839165,0.23841939080663502
140.1959001828484,1.0597609923824518
140.19983572730516,0.13789272127416283
140.2037712717619,1.4088399009885286
140.20770681621866,1.6697223375954664
140.2116423606754,0.38639799221696153
140.21557790513216,1.9093167607726296
140.2195134495889,1.4699358881459303
140.22344899404564,0.6832803177790312
140.2273845385024,1.037281980740004
140.23132008295914,1.7798127949767144
140.2352556274159,1.119445391508947
140.23919117187265,0.14777957453682775
140.2431267163294,0.002637925475766815
140.24706226078615,0.09730307789423828
140.25099780524292,0.5439699357974641
140.25493334969966,0.6839489999725106
140.25886889415642,0.8543035330789813
140.26280443861316,0.4915581663311569
140.26673998306993,0.3614234929235856
140.27067552752666,0.21365388203277286
140.27461107198343,0.5111037546723285
140.27854661644017,1.6758925357604348
140.28248216089693,1.47704094806044
140.28641770535367,1.0722494841935704
140.29035324981044,1.1297887280644605
140.29428879426715,0.47555223311274064
140.2982243387239,0.2466620193092918
140.30215988318068,1.1774593320802584
140.30609542763742,1.1515262852390855
140.31003097209418,0.9417289151743784
140.31396651655092,0.5914952606628673
140.3179020610077,0.6725402388617229
140.32183760546442,0.34974060067976426
140.3257731499212,0.8676563446087581
140.32970869437793,2.5631236334717906
140.3336442388347,0.51311516017558
140.33757978329143,0.7839373854217583
140.3415153277482,1.27235729820021
140.34545087220494,0.016352801322594073
140.3493864166617,1.6297816146807935
140.35332196111844,2.1754603942628603
140.3572575055752,0.4294170371372743
140.36119305003194,1.168067912731172
140.3651285944887,3.6754371593199493
140.36906413894545,1.4750195685037957
140.3729996834022,0.20941609358747534
140.37693522785895,0.21762506877708088
140.3808707723157,2.633685698285927
140.38480631677243,3.0045275630303623
140.3887418612292,0.9481452560225695
140.39267740568596,0.46896978593848954
140.3966129501427,1.8370704092277186
140.40054849459946,0.6563440336337953
140.4044840390562,1.122468173002887
140.40841958351297,6.226035948135558
140.4123551279697,5.039029546928275
140.41629067242647,0.4759735989990198
140.4202262168832,1.7024323060409623
140.42416176133997,4.860113769713181
140.4280973057967,1.584053903628811
140.43203285025348,0.3070639402076054
140.43596839471022,1.2961643478211837
140.43990393916698,0.09860674655113741
140.44383948362372,2.442590850095385
140.44777502808049,3.4114651476975273
140.45171057253722,1.7123991611870717
140.45564611699396,0.5450572713115146
140.45958166145073,0.125902018278234
140.46351720590746,0.5668331332420271
140.46745275036423,1.4739711955093926
140.47138829482097,0.12333986705762935
140.4753238392777,0.7954786817188564
140.47925938373447,0.8759297938230434
140.48319492819124,0.7854846393235994
140.48713047264798,1.4968873326452559
140.49106601710474,0.40362647479081654
140.49500156156148,0.30136449200660853
140.49893710601825,2.3928233907972998
140.50287265047498,4.5508188450300295
140.50680819493175,1.400422961560651
140.5107437393885,0.082803561014488
140.51467928384525,0.003424176193214877
140.518614828302,1.7564991402388168
140.52255037275876,3.0240423045406994
140.5264859172155,1.1132202225839067
140.53042146167226,1.0400680892581333
140.534357006129,0.09396524751150216
140.53829255058574,1.671668106332005
140.5422280950425,1.3721376676388197
140.54616363949924,5.088785413280458
140.550099183956,2.9503014229084763
140.55403472841274,0.3626889541808719
140.5579702728695,0.7940664692607798
140.56190581732625,1.0841258810378067
140.565841361783,2.6111968990564107
140.56977690623975,0.36867437988875
140.57371245069652,1.4658751721468686
140.57764799515326,0.13260884693845873
140.58158353961002,0.9876865235943704
140.58551908406676,0.8995846422438443
140.58945462852353,1.874190529835801
140.59339017298026,2.4706698849407767
140.59732571743703,0.15936433671127034
140.60126126189377,2.4528392249565325
140.60519680635053,1.9644918472724682
140.60913235080727,0.29110137906415096
140.613067895264,3.5209692597621447
140.61700343972078,2.0089022482700827
140.6209389841775,0.9588530628944205
140.62487452863428,1.04873320713986
140.62881007309102,0.6119585796584383
140.63274561754778,1.4621831647999284
140.63668116200452,2.9399633525587774
140.6406167064613,1.0525052119343887
140.64455225091805,0.8129887797229872
140.6484877953748,1.9800435730104025
140.65242333983153,0.5313413649903068
140.6563588842883,0.8016823774734485
140.66029442874503,1.4272223383987646
140.6642299732018,0.5639093802782019
140.66816551765854,0.1432137139626778
140.6721010621153,1.3380971209151464
140.67603660657204,1.9969122679122027
140.6799721510288,1.4959777426390566
140.68390769548554,0.7056612994812143
140.68784323994228,0.3426079550855492
140.69177878439905,1.702200371268035
140.6957143288558,0.3404069748585974
140.69964987331255,1.874775364443347
140.7035854177693,4.610399688754472
140.70752096222606,1.7224112525544526
140.7114565066828,4.622676585835297
140.71539205113956,7.9621161332484975
140.7193275955963,4.120146660220766
140.72326314005306,1.412473396501703
140.7271986845098,1.501005394068689
140.73113422896657,1.2526394051043686
140.7350697734233,0.08827010602850963
140.73900531788007,1.0151917076665062
140.7429408623368,0.3189536457908113
140.74687640679358,0.7987693187959513
140.7508119512503,1.882545777993541
140.75474749570708,1.8421207746950616
140.75868304016382,0.3763858004063117
140.76261858462058,0.5109242890466589
140.76655412907732,0.31911988889526066
140.77048967353406,1.73966500810727
140.77442521799082,2.7633738474957776
140.77836076244756,0.7867981063391299
140.78229630690433,3.1325847397827675
140.78623185136107,1.2799149568105408
140.79016739581783,0.48480365229597316
140.79410294027457,2.6149856979610915
140.79803848473134,1.6715817916337887
140.80197402918807,0.09872775508656362
140.80590957364484,0.08144829995186943
140.80984511810158,0.04666239881379246
140.81378066255834,0.021995084636548666
140.81771620701508,0.372455222322979
140.82165175147185,0.7094095138185342
140.8255872959286,1.8691151221669302
140.82952284038535,2.1218053479798926
140.8334583848421,2.201141061930671
140.83739392929886,1.4909420339414003
140.8413294737556,0.49019204114712894
140.84526501821233,1.688330650437324
140.8492005626691,0.5530892744177561
140.85313610712583,0.3451196177697697
140.8570716515826,3.175666043356484
140.86100719603934,4.160148668956577
140.8649427404961,0.4371787928201112
140.86887828495284,4.719740307513832
140.8728138294096,2.01289460444401
140.87674937386635,1.9757424232751228
140.8806849183231,1.4104808128909518
140.88462046277985,0.419311992770314
140.88855600723662,0.15277255640874357
140.89249155169335,1.8127359265628398
140.89642709615012,2.562355091805747
140.90036264060686,0.30007246742892824
140.90429818506362,2.988378428009195
140.90823372952036,0.7406437859190895
140.91216927397713,0.27649031804664853
140.9161048184339,0.5784393961492255
140.92004036289063,0.367481317689274
140.92397590734737,1.3768663044346063
140.9279114518041,0.7695974916972053
140.93184699626087,0.5232416168170725
140.9357825407176,1.3866836443729926
140.93971808517438,0.8994793273297321
140.94365362963111,1.7023244351299391
140.94758917408788,0.27018480431537917
140.95152471854462,0.9907686784503883
140.95546026300138,1.1469785169412001
140.95939580745812,1.1397728186957583
140.9633313519149,0.7448234401763333
140.96726689637163,0.6152555520525951
140.9712024408284,0.4142107761671767
140.97513798528513,0.2441818782655639
140.9790735297419,0.6082348978422277
140.98300907419863,0.2499685011194607
140.9869446186554,0.43895772575568975
140.99088016311214,0.9429982393827849
140.9948157075689,1.7128678484714834
140.99875125202564,1.4787956194132175
141.00268679648238,0.3887757890853033
141.00662234093917,0.15269099734023797
141.01055788539588,0.22818626275489298
141.01449342985265,0.005830611757779415
141.0184289743094,0.2664768931246757
141.02236451876615,0.18812377483051645
141.0263000632229,3.3382160937502805
141.03023560767966,6.431277907776409
141.0341711521364,4.786730691200426
141.03810669659316,3.341131778031962
141.0420422410499,2.579330429145675
141.04597778550666,7.3024115092137505
141.0499133299634,8.134243876882675
141.05384887442017,2.5958168465084754
141.0577844188769,0.3329580863088071
141.06171996333367,0.2936417102023532
141.0656555077904,1.3822622990842246
141.06959105224718,1.1603826287641652
141.0735265967039,0.3522134170076328
141.07746214116068,0.21436948242429474
141.08139768561742,0.43478887783786835
141.08533323007416,0.4901092992269543
141.08926877453092,0.24348830084213063
141.09320431898766,0.4177349696622902
141.09713986344445,0.8509142121951477
141.10107540790116,0.7787591265149497
141.10501095235793,0.5497584936597953
141.10894649681467,0.685924410033542
141.11288204127143,1.0604988780757503
141.11681758572817,0.6005376450595247
141.12075313018494,0.05071377444482157
141.12468867464167,0.007317054212017188
141.12862421909844,0.11629580158314935
141.13255976355518,0.41058732597821723
141.13649530801194,0.46966319723989264
141.14043085246868,0.28056047056676126
141.14436639692545,0.12227905820027048
141.1483019413822,0.897411869009006
141.15223748583895,0.45212110961673957
141.1561730302957,0.19316233692093213
141.16010857475243,0.28912459292888476
141.1640441192092,0.38021904189304057
141.16797966366593,0.35738130592791734
141.1719152081227,0.16676720877201776
141.17585075257944,0.9090002262075944
141.1797862970362,0.3080247514605702
141.18372184149294,0.6435670402889031
141.1876573859497,0.08940089554289454
141.19159293040644,0.8829579463768454
141.1955284748632,1.0190186539676807
141.19946401931995,0.00011755775973293944
141.2033995637767,0.39182461796247525
141.20733510823345,0.21299764400382834
141.21127065269022,0.7967925372862337
141.21520619714695,0.25574923684880624
141.21914174160372,0.5478863985289281
141.22307728606046,2.1238456555605234
141.22701283051722,0.713490022073224
141.23094837497396,0.1644259050752473
141.2348839194307,0.031562816898799084
141.23881946388747,1.4588806373376964
141.2427550083442,3.211567491459943
141.24669055280097,1.457575883005548
141.2506260972577,3.4341934957111095
141.25456164171447,3.1783279922338417
141.2584971861712,1.9858143894179705
141.26243273062798,3.7985865262732603
141.26636827508472,1.4717165885932852
141.27030381954148,0.109949539536812
141.27423936399822,0.39284059943710214
141.278174908455,0.11116874029628664
141.28211045291172,0.2837780977180437
141.2860459973685,0.1517695700882844
141.28998154182523,0.04314832440955846
141.293917086282,0.1013382433309041
141.29785263073873,0.7247904572425735
141.3017881751955,0.5755366148179032
141.30572371965224,1.0155530395021142
141.309659264109,2.1366797880489226
141.31359480856574,1.0651174485054546
141.31753035302248,0.6361181411017197
141.32146589747924,0.3780778135558073
141.32540144193598,0.5727557091887411
141.32933698639275,0.18066761526601283
141.33327253084948,1.0078707230823498
141.33720807530625,0.9877968278394087
141.341143619763,0.0698221543239573
141.34507916421975,0.014958285768788913
141.3490147086765,0.18547594493487166
141.35295025313326,0.2409407816090626
141.35688579759,0.5774780504688694
141.36082134204676,0.9637605994162969
141.3647568865035,0.12882155108476906
141.36869243096027,0.14603331266206404
141.372627975417,0.03317692597493765
141.37656351987377,0.3136694959483731
141.3804990643305,0.3192630061963842
141.38443460878727,0.42589085868598797
141.388370153244,0.13656643295931947
141.39230569770075,0.11494610684434407
141.39624124215752,0.6299338789354539
141.40017678661425,0.45739362321855326
141.40411233107102,0.023201859063145477
141.40804787552776,0.1559486273803848
141.41198341998452,0.14538400784608127
141.41591896444126,0.49282564132085815
141.41985450889803,0.8372157644347432
141.42379005335476,0.35829088662961817
141.42772559781153,0.12454491159195928
141.43166114226827,0.6201386758375158
141.43559668672503,1.581362129807289
141.43953223118177,2.016646931494691
141.44346777563854,3.836349075099029
141.44740332009528,2.92046002844188
141.45133886455204,0.8693252019049871
141.45527440900878,0.697284174772511
141.45920995346555,2.5832797087209416
141.46314549792228,1.788049682783591
141.46708104237905,2.309177881166572
141.4710165868358,3.0467913309650476
141.47495213129253,0.0843104979399614
141.4788876757493,1.7291548403403934
141.48282322020603,0.5346719266585491
141.4867587646628,1.290123275567648
141.49069430911953,0.28891436125202535
141.4946298535763,1.132542524659415
141.49856539803304,1.3485909105575447
141.5025009424898,0.7114192496074258
141.50643648694654,1.2739209436209173
141.5103720314033,2.283744902401231
141.51430757586004,2.2475130187264387
141.5182431203168,0.30316072125430144
141.52217866477355,0.45849371593530663
141.52611420923031,0.5326383953059183
141.53004975368705,0.28850962364853916
141.53398529814382,0.5887624920960723
141.53792084260056,0.7099395471976436
141.54185638705732,1.1863587699852516
141.54579193151406,0.9404125186293061
141.5497274759708,1.522228928304859
141.55366302042756,1.0202846587292131
141.5575985648843,0.7192351316644815
141.56153410934107,3.6564553774414175
141.5654696537978,1.6883554919186408
141.56940519825457,0.2008504096618344
141.5733407427113,0.35506691910888427
141.57727628716808,0.08735394112795704
141.5812118316248,0.4663838527515854
141.58514737608158,1.210114565689955
141.58908292053832,0.0021498412911860883
141.59301846499508,2.1573313651393384
141.59695400945182,1.4035645708482845
141.6008895539086,0.1431182756730061
141.60482509836532,0.8560982973959844
141.6087606428221,0.5905091638664726
141.61269618727883,2.5301991004343343
141.6166317317356,0.28413555789494715
141.62056727619233,3.0893310738272293
141.6245028206491,5.332349555740996
141.62843836510584,0.49814802568637667
141.63237390956257,1.0606250737298304
141.63630945401934,0.971369548365304
141.64024499847608,0.50895288761228
141.64418054293284,0.36317970748388473
141.64811608738958,0.22386855940372155
141.65205163184635,0.43363020669741864
141.65598717630309,0.05966718062606392
141.65992272075985,0.3953786245037492
141.6638582652166,0.25530694599168857
141.66779380967336,4.517451830432178
141.6717293541301,5.213192531710701
141.67566489858686,0.5310768495534764
141.6796004430436,0.8434305815454748
141.68353598750036,0.6493794783568226
141.6874715319571,0.2920463599904219
141.69140707641387,0.4817249609219116
141.6953426208706,0.2286101551375091
141.69927816532737,0.2636393796358683
141.7032137097841,0.045181855134267083
141.70714925424085,0.0649134226578077
141.7110847986976,0.3343170898298441
141.71502034315435,0.7327335990825552
141.71895588761112,0.2572331189646087
141.72289143206785,1.28213138862466
141.72682697652462,0.20303446551663357
141.73076252098136,0.6380037482041783
141.73469806543812,0.3449961944383551
141.73863360989486,1.5830743902820945
141.74256915435163,2.6753403869747006
141.74650469880837,0.09688239081499432
141.75044024326513,3.988903282557347
141.75437578772187,1.1775871283595305
141.75831133217864,1.4311430807348475
141.76224687663537,3.521244695729171
141.76618242109214,0.6328022207275271
141.77011796554888,0.04600525554623416
141.77405351000564,0.587149338000602
141.77798905446238,0.6107461685468809
141.78192459891912,0.3634231012302576
141.78586014337588,1.507141833609855
141.78979568783262,0.11769388149584238
141.7937312322894,0.8939376279395636
141.79766677674613,1.2027033921203165
141.8016023212029,0.1710082245238059
141.80553786565963,0.22693657450756102
141.8094734101164,0.8724684600625963
141.8134089545731,0.35074711997435903
141.8173444990299,0.23834817656674778
141.82128004348664,0.3489467019937002
141.8252155879434,0.4211705440695277
141.82915113240014,0.284702918835358
141.8330866768569,0.8728746426291951
141.83702222131365,1.911385357011366
141.8409577657704,2.5424109358515277
141.84489331022715,2.3769855325654676
141.84882885468392,1.7294725224792529
141.85276439914065,0.7104935204579723
141.85669994359742,0.3643124109089105
141.86063548805416,0.3987225161118707
141.8645710325109,1.5398411815625928
141.86850657696766,1.7521493616911121
141.8724421214244,0.6992575447581553
141.87637766588117,0.41624228183914586
141.8803132103379,1.0242154521473694
141.88424875479467,2.0283174073674
141.8881842992514,2.144156750941068
141.89211984370817,0.8532784036053515
141.8960553881649,0.7747423654583928
141.89999093262168,1.871669927948411
141.9039264770784,1.9227518960453713
141.90786202153518,1.245587617028598
141.91179756599192,0.3863306907852692
141.91573311044868,0.013486244419245943
141.91966865490542,0.07072038277234617
141.9236041993622,0.06736772192126872
141.92753974381893,0.11617620688500827
141.9314752882757,0.1780506197192428
141.93541083273243,0.2625621649464239
141.93934637718917,0.34555425796515776
141.94328192164593,0.16145253255623382
141.94721746610267,0.028063384286228673
141.95115301055944,0.682308688585866
141.95508855501618,0.8854565680195271
141.95902409947294,0.3037424335669013
141.96295964392968,0.9096387443341734
141.96689518838645,0.5413610743411572
141.97083073284318,0.23350742413306785
141.97476627729995,0.40088891848032865
141.9787018217567,0.04143004824850462
141.98263736621345,0.500350012111667
141.9865729106702,0.07260684227002259
141.99050845512696,1.486224611676262
141.9944439995837,0.7248438482263297
141.99837954404046,0.32311741008262684
142.0023150884972,1.1727590352345343
142.00625063295396,0.8758648073204138
142.0101861774107,1.7680118893898118
142.01412172186747,0.8141349154024287
142.0180572663242,0.44276676728597714
142.02199281078094,1.7361687585166539
142.0259283552377,1.9591182719053146
142.02986389969445,0.912292695184713
142.0337994441512,0.620439146161069
142.03773498860795,2.0525194491296705
142.04167053306472,4.692708976930625
142.04560607752146,4.632894768677878
142.04954162197822,5.659366426075821
142.05347716643496,5.384906489929835
142.05741271089173,2.4395626514959394
142.06134825534846,1.152470903903665
142.06528379980523,1.7843637052092831
142.06921934426197,1.0365428940119321
142.07315488871873,0.08237438047713656
142.07709043317547,0.011084872064356864
142.08102597763224,0.6685414203240801
142.08496152208895,1.1421802880480696
142.08889706654574,0.2417477200917456
142.09283261100248,1.3658005266117748
142.09676815545922,0.627284779384115
142.10070369991598,0.43626743448206107
142.10463924437272,0.6566850416056225
142.1085747888295,0.672510212919455
142.11251033328622,3.7094922216404096
142.116445877743,2.265735971085405
142.12038142219973,0.5565843554395689
142.1243169666565,0.723661052002657
142.12825251111323,0.13964116624563638
142.13218805557,0.830518907021225
142.13612360002674,0.1146314495031047
142.1400591444835,0.22553739335136652
142.14399468894024,0.9617889867780216
142.147930233397,3.671181209888228
142.15186577785374,0.4112269775219236
142.1558013223105,2.079433509221028
142.15973686676725,2.556774995784796
142.163672411224,0.13616741858680564
142.16760795568075,0.09405958137151235
142.17154350013752,1.2974884052041034
142.17547904459423,1.5416975207910848
142.179414589051,0.3587900730905685
142.18335013350776,4.21116661444888
142.1872856779645,2.050511610911583
142.19122122242126,1.136534311281749
142.195156766878,2.374903502804443
142.19909231133477,1.3874229894351249
142.2030278557915,0.9535693076483064
142.20696340024827,0.0993889697152303
142.210898944705,0.11243459259516234
142.21483448916177,0.0507259195176181
142.2187700336185,0.2599861529860315
142.22270557807528,0.3331219694479751
142.22664112253202,0.5140130399399405
142.23057666698878,0.5308058412991684
142.23451221144552,1.4051894769647677
142.23844775590229,1.3034759877856665
142.24238330035902,0.2071340379278856
142.2463188448158,0.1371992134181275
142.25025438927253,0.04618379860046582
142.25418993372926,0.15061488619293179
142.25812547818603,0.48190738837118813
142.26206102264277,0.7314828072899634
142.2659965670995,0.7442051694216972
142.26993211155627,0.2446555196225551
142.27386765601304,0.05360773396029707
142.27780320046978,0.9210192438717861
142.28173874492654,1.4287124054320444
142.28567428938328,1.6963321466109658
142.28960983384005,3.0210370726044298
142.29354537829678,2.205485881284631
142.29748092275355,0.615333247414523
142.3014164672103,0.23447374999014822
142.30535201166705,0.316315332450869
142.3092875561238,0.11888003538011166
142.31322310058056,0.17232628347597853
142.3171586450373,0.6831921419517366
142.32109418949406,1.5013064872310096
142.3250297339508,0.5629004268924531
142.32896527840754,0.18875068158416725
142.3329008228643,0.5455884676611893
142.33683636732104,1.5722844687562703
142.3407719117778,2.660136810854227
142.34470745623454,0.12349613691499833
142.3486430006913,2.661737500394415
142.35257854514805,1.5888273007028042
142.3565140896048,0.5802434658276696
142.36044963406155,3.9322903079972837
142.36438517851832,2.3760651282824847
142.36832072297506,0.25689969230594656
142.37225626743182,0.10237117023987216
142.37619181188856,0.4782362988741752
142.38012735634533,0.2661923075399694
142.38406290080206,1.2064884203098005
142.38799844525883,1.8485897804822828
142.39193398971557,0.43542263225400557
142.39586953417233,0.03770539463925246
142.39980507862907,0.19262988875906864
142.40374062308584,0.9332214183147023
142.40767616754258,1.099657288350392
142.4116117119993,2.3919131774091733
142.41554725645608,4.27694093869691
142.41948280091282,4.378436505166244
142.42341834536958,2.0461041205605444
142.42735388982632,0.04979494904188008
142.4312894342831,0.5027232341147133
142.43522497873985,0.26296585997111016
142.4391605231966,1.7159106521092926
142.44309606765333,1.5627528727204918
142.4470316121101,0.6941159286891858
142.45096715656683,0.7057694277909335
142.4549027010236,0.3669417129920561
142.45883824548034,0.14250844102059962
142.4627737899371,0.37781390435698936
142.46670933439384,0.14093122479912934
142.4706448788506,1.669748381409284
142.47458042330734,0.7567804423474667
142.4785159677641,0.793962066483942
142.48245151222085,1.4302570636818497
142.4863870566776,0.3658805715543086
142.49032260113435,0.264842550847957
142.4942581455911,1.1507008262434064
142.49819369004786,0.21472095336036898
142.5021292345046,0.5724922169268444
142.50606477896136,1.2694662137873194
142.5100003234181,0.8817633960401805
142.51393586787486,0.5946599730127469
142.5178714123316,0.3675536981496055
142.52180695678837,0.13779905934801837
142.5257425012451,0.6704136037633559
142.52967804570187,0.4336384158251526
142.5336135901586,0.2715434756791028
142.53754913461538,0.24248626840564644
142.5414846790721,0.0651337304008434
142.54542022352888,0.36066440266188826
142.54935576798562,0.05374007299614527
142.55329131244238,0.006972287216298771
142.55722685689912,0.005257793035422348
142.5611624013559,0.06984714286399309
142.56509794581262,0.22383824571731722
142.56903349026936,0.04548171613439259
142.57296903472613,0.5424537240883398
142.57690457918287,0.7790946859138078
142.58084012363963,0.14125659522834091
142.58477566809637,0.07230174196008408
142.58871121255314,0.5263154772685018
142.59264675700987,0.24610110668090332
142.59658230146664,0.4202109021993967
142.60051784592338,0.8227428100356684
142.60445339038014,0.35567283216324563
142.60838893483688,0.04998926706374038
142.61232447929365,1.146543454416105
142.6162600237504,0.7479765121721559
142.62019556820715,0.87503187266248
142.6241311126639,3.0058468450667766
142.62806665712066,0.967749827717989
142.6320022015774,0.03233462426252932
142.63593774603416,0.3575604229582712
142.6398732904909,0.690206946913513
142.64380883494763,0.34528586854409027
142.6477443794044,1.5878334983098708
142.65167992386114,0.5261751757514179
142.6556154683179,0.8228587851933179
142.65955101277464,1.5025334956858907
142.6634865572314,0.1603173169468217
142.66742210168815,1.219888772321768
142.6713576461449,0.3895861093150653
142.67529319060165,2.250711700633027
142.67922873505842,3.915247698588856
142.68316427951515,2.116179260456179
142.68709982397192,4.1094641310317215
142.69103536842866,2.5731402463949338
142.69497091288542,0.033261122445019116
142.69890645734216,0.3828295714433073
142.70284200179893,0.4025002950536261
142.7067775462557,1.6691063482365973
142.71071309071243,1.5864324117068653
142.71464863516917,0.5605888974958818
142.71858417962594,0.514881710632825
142.72251972408267,0.2520916537333916
142.7264552685394,1.735907274482468
142.73039081299618,3.2659590936105403
142.73432635745291,0.44127702410303327
142.73826190190968,0.2795377999921668
142.74219744636642,0.26641266455607915
142.74613299082318,3.227181785450445
142.75006853527992,3.3982752544640675
142.7540040797367,4.31680062745692
142.75793962419343,6.115635702394868
142.7618751686502,0.7403198366300584
142.76581071310693,0.6300002553104845
142.7697462575637,0.5225183789011518
142.77368180202043,0.4123059036306738
142.7776173464772,0.027825209419598783
142.78155289093394,0.7973877141341336
142.7854884353907,0.8251671447687972
142.78942397984744,0.11266064837898815
142.7933595243042,0.9003809310075129
142.79729506876097,1.801906885660746
142.80123061321768,1.445458461636779
142.80516615767445,0.3040547357272286
142.8091017021312,0.025783407334478363
142.81303724658795,0.6052958988804432
142.8169727910447,1.2932276258511801
142.82090833550146,0.6148585836084849
142.8248438799582,0.13389192883452355
142.82877942441496,0.016933915457850165
142.8327149688717,0.26174055937481094
142.83665051332846,0.4183371883017815
142.8405860577852,0.556465469513944
142.84452160224197,0.7952677323108264
142.8484571466987,2.0517743686511842
142.85239269115547,4.2923344972297235
142.8563282356122,2.4628537465101603
142.86026378006898,0.5111829247687252
142.8641993245257,3.55140468966043
142.86813486898248,2.905383636664353
142.87207041343922,0.7954545835534388
142.87600595789596,1.014762268912562
142.87994150235272,0.19876161943771264
142.88387704680946,2.2373372876081756
142.88781259126625,2.921486107323891
142.89174813572296,0.12372746307708446
142.89568368017973,1.2939572394247987
142.89961922463647,1.5536711347371361
142.90355476909323,0.04593975920776533
142.90749031354997,0.3924127100332725
142.91142585800674,0.48669522337373133
142.91536140246347,0.3427511765813745
142.91929694692024,0.6649839361660413
142.92323249137698,1.4178112380580592
142.92716803583374,1.2439513708442433
142.93110358029048,1.8894600792452805
142.93503912474725,1.4284701160637254
142.938974669204,0.005543269338006885
142.94291021366075,1.2149142048840722
142.9468457581175,0.46115823079955465
142.95078130257426,0.5607435768437985
142.954716847031,2.0343881510901083
142.95865239148773,0.29557358534342837
142.9625879359445,0.5870360973073323
142.96652348040124,0.7069489485158351
142.970459024858,0.2252925680856655
142.97439456931474,1.5175351405028208
142.9783301137715,0.8004987598921813
142.98226565822824,0.024664440335224913
142.986201202685,0.15944837440083734
142.99013674714175,0.5126554857777555
142.9940722915985,0.402279688130506
142.99800783605525,0.009180067095386513
143.00194338051202,0.04757379008200588
143.00587892496875,0.00621959099417266
143.00981446942552,0.13694889674386743
143.01375001388226,0.28416276734904433
143.01768555833902,0.31362460314995166
143.02162110279576,0.18455078724257212
143.02555664725253,0.06564165862837265
143.02949219170927,0.015318556621064648
143.033427736166,0.2840398213770149
143.03736328062277,0.2438755615049293
143.0412988250795,0.006115841998713377
143.04523436953627,0.265942436841269
143.049169913993,0.21731494532775458
143.05310545844978,0.16246743967090313
143.05704100290652,0.49878729038153435
143.06097654736328,0.9601842614021984
143.06491209182002,1.4479917172861443
143.0688476362768,1.3058002701168232
143.07278318073352,0.8235576346802125
143.0767187251903,0.242908736749407
143.08065426964703,0.39849992056202416
143.0845898141038,0.6678852809625081
143.08852535856053,0.2536689036225069
143.0924609030173,0.13943246398565687
143.09639644747404,0.46808228980425554
143.1003319919308,0.4649873298507976
143.10426753638754,0.4917114858836416
143.1082030808443,0.8767823080398138
143.11213862530104,0.3948402329811079
143.11607416975778,0.08859499745934842
143.12000971421455,0.25793224660524267
143.12394525867128,0.5053554568918251
143.12788080312805,0.9775149158515762
143.1318163475848,0.3710431220647407
143.13575189204155,0.8369707203495508
143.1396874364983,1.1317078634147741
143.14362298095506,0.09513755595201114
143.1475585254118,0.42438257355701986
143.15149406986856,0.9631560928754814
143.1554296143253,1.3208629274421566
143.15936515878207,1.3923580226525798
143.1633007032388,0.43867967711668376
143.16723624769557,0.7497199165235942
143.1711717921523,1.068467261053712
143.17510733660907,0.10663158086369548
143.1790428810658,0.3420050518032413
143.18297842552258,0.42894632705031965
143.18691396997932,0.06145272637202487
143.19084951443605,0.06409883415965871
143.19478505889282,0.0803493843086827
143.19872060334956,0.45224120360110004
143.20265614780632,0.49082252115605535
143.20659169226306,0.7780195615893983
143.21052723671983,1.393994426941932
143.21446278117656,1.4222821464559603
143.21839832563333,0.18640685163074983
143.22233387009007,0.23131711077684658
143.22626941454683,0.3479041066354901
143.23020495900357,1.7662533234175306
143.23414050346034,1.2054974621154102
143.23807604791708,0.09326912997202029
143.24201159237384,2.2935233300203053
143.24594713683058,2.984197559992867
143.24988268128735,1.204060810806988
143.25381822574408,0.5315065480582609
143.25775377020085,0.6492135197968626
143.2616893146576,0.5577274196086865
143.26562485911435,0.7043403651851445
143.2695604035711,0.34020299157538336
143.27349594802783,0.017531969104630517
143.2774314924846,1.5418483320204834
143.28136703694133,1.7679090424068045
143.2853025813981,0.3908029621331735
143.28923812585484,5.9166216083413135
143.2931736703116,5.907629191667389
143.29710921476834,0.7719042659604465
143.3010447592251,3.278589019884119
143.30498030368184,4.714849216970605
143.3089158481386,1.5365609953886485
143.31285139259535,0.14909297567502064
143.31678693705211,0.2538022181134809
143.32072248150885,0.25019822393750085
143.32465802596562,0.1522585944445936
143.32859357042236,0.6646673091203019
143.33252911487912,0.6880103322131774
143.33646465933586,0.15077660089093206
143.34040020379263,0.224728458045448
143.34433574824936,0.0035623593165168077
143.3482712927061,0.5946311177119893
143.35220683716287,0.7997804560796955
143.3561423816196,0.767999376322981
143.36007792607637,0.11067163416334426
143.3640134705331,0.49878578854293565
143.36794901498988,1.1177024744817197
143.3718845594466,0.8972224174875804
143.37582010390338,0.376817550261323
143.37975564836012,0.41496176392165673
143.38369119281688,1.6726654238034582
143.38762673727362,0.3366764186151579
143.3915622817304,1.950514682638131
143.39549782618712,2.3794229515278977
143.3994333706439,0.37515667850474094
143.40336891510063,1.670098447509185
143.4073044595574,2.4614440908548074
143.41124000401413,0.39989018834858664
143.4151755484709,0.31122683038353566
143.41911109292764,0.8361366100732089
143.42304663738437,0.2775592522416937
143.42698218184114,0.2194984454247483
143.43091772629788,0.15314902816114606
143.43485327075464,0.05672103147389105
143.43878881521138,0.11389094675662483
143.44272435966815,0.4774092649663868
143.44665990412489,1.811729441757508
143.45059544858165,0.4730992227198538
143.4545309930384,0.4979335525628433
143.45846653749516,1.5337665420145399
143.4624020819519,1.9169311175260537
143.46633762640866,0.8263119574676745
143.4702731708654,0.06782457971778337
143.47420871532216,0.19876177210906232
143.4781442597789,1.2149079494438797
143.48207980423567,1.8471820507909258
143.4860153486924,1.6503132017779623
143.48995089314917,3.0233276455852436
143.4938864376059,5.728748140882374
143.49782198206267,3.74168191807347
143.5017575265194,0.2789107067368234
143.50569307097615,0.1682970569279936
143.50962861543292,0.08243662595552383
143.51356415988965,0.5623576512261684
143.51749970434642,0.17850744431896795
143.52143524880316,0.24252269181686115
143.52537079325992,0.26327141139278476
143.52930633771666,0.07428490362705607
143.53324188217343,0.04995590460623426
143.53717742663017,0.16512211834486007
143.54111297108693,0.4113959774705751
143.54504851554367,0.5960213261813562
143.54898406000044,0.9893301855010528
143.55291960445717,0.7916708588570563
143.55685514891394,0.5977361308131162
143.56079069337068,0.5223823482065383
143.56472623782744,0.014060789290994635
143.56866178228418,0.13966435725366394
143.57259732674095,0.6125676547432404
143.57653287119768,1.5133719042488225
143.58046841565442,1.2734805077150908
143.5844039601112,0.41199063551684323
143.58833950456793,0.49714090251816434
143.5922750490247,1.470459005721863
143.59621059348143,1.1702058338659955
143.6001461379382,0.27748253677282075
143.60408168239493,0.03330752510579791
143.6080172268517,0.03936758821845929
143.61195277130844,0.5514201370860429
143.6158883157652,0.7620862188682215
143.61982386022194,0.333351945930814
143.6237594046787,0.19984917722582007
143.62769494913545,0.723016290408376
143.6316304935922,0.6852472752762282
143.63556603804895,0.17091588107756048
143.63950158250572,0.49600605168548517
143.64343712696245,0.2787132142551535
143.64737267141922,0.06653017353403202
143.65130821587596,0.044950649664749785
143.65524376033272,0.23946631639362664
143.65917930478946,0.7497983252702294
143.6631148492462,1.5666600764675571
143.66705039370297,1.560966120533565
143.6709859381597,0.10826032033242448
143.67492148261647,1.8804907070910089
143.6788570270732,3.2919651031513255
143.68279257152997,0.7981167665898764
143.6867281159867,0.01434482043407377
143.69066366044348,0.42720726225444317
143.6945992049002,1.5869953295529309
143.69853474935698,1.3822648572772596
143.70247029381372,0.24767530642357652
143.70640583827048,0.08052725206803253
143.71034138272722,0.28491457331776837
143.714276927184,0.8209345714694547
143.71821247164073,1.124157712628463
143.7221480160975,0.21710278923189902
143.72608356055423,1.936361004121792
143.730019105011,2.492995728589224
143.73395464946773,0.7309129600359877
143.73789019392447,0.0391976953900243
143.74182573838124,0.2525992536638638
143.74576128283798,0.27938251996654967
143.74969682729474,1.279728317911384
143.75363237175148,0.3787195445993329
143.75756791620825,1.7622581555856651
143.76150346066498,3.590854224931436
143.76543900512175,2.0466050388188606
143.7693745495785,0.10772678838350862
143.77331009403525,1.7982780483702567
143.777245638492,1.5629753092359404
143.78118118294876,0.9742811764190388
143.7851167274055,2.723745347631698
143.78905227186226,2.162813060321538
143.792987816319,1.4807558442802642
143.79692336077576,1.6063598777622337
143.8008589052325,0.5510871236337098
143.80479444968927,0.2210320455426561
143.808729994146,1.0896954846626525
143.81266553860277,2.055388556290689
143.8166010830595,1.6755599214804793
143.82053662751625,0.42579428804657216
143.824472171973,0.3152834128152522
143.82840771642975,0.675147542633575
143.83234326088652,0.21446391240738658
143.83627880534326,0.08407105100598965
143.84021434980002,0.05506422492927457
143.84414989425676,0.2842084919560889
143.84808543871353,0.13783309102578462
143.85202098317026,0.600961795375981
143.85595652762703,1.1708305662459375
143.85989207208377,0.34422479762894553
143.86382761654053,0.7258865002268655
143.86776316099727,0.11412915274422293
143.87169870545404,0.8690822847980884
143.87563424991075,0.22040389700598992
143.87956979436754,1.3830811790724284
143.88350533882428,0.4617684427115445
143.88744088328104,0.24606696709780457
143.89137642773778,0.44804316365704555
143.89531197219452,0.3583680888518999
143.8992475166513,0.3366349892787376
143.90318306110802,1.8908749705523638
143.9071186055648,1.849127122478416
143.91105415002153,0.14292850276249416
143.9149896944783,0.460464278649874
143.91892523893503,0.005216948698944676
143.9228607833918,0.8306108064296331
143.92679632784854,0.7990333817651455
143.9307318723053,0.20576959261470384
143.93466741676204,0.4208684593963088
143.9386029612188,0.5069303101400972
143.94253850567554,1.3719204653325316
143.9464740501323,2.940785717460707
143.95040959458905,1.4122261885441365
143.9543451390458,0.5105890264690977
143.95828068350255,0.7756141214635575
143.96221622795932,0.37821770349335593
143.96615177241603,0.5043763874661861
143.97008731687282,0.16969536888130668
143.97402286132956,0.0987046654992736
143.9779584057863,0.36239747619993107
143.98189395024306,0.0355190358281114
143.9858294946998,0.03737962637649471
143.98976503915657,0.31759684995080983
143.9937005836133,0.7999014244712106
143.99763612807007,0.25542715757627293
144.0015716725268,0.34800232226312083
144.00550721698357,0.024471015072779965
144.0094427614403,1.757340926015978
144.01337830589708,1.5843060645515288
144.01731385035382,1.4085701834875184
144.02124939481058,2.0127463135181647
144.02518493926732,0.048326884764372316
144.02912048372409,0.5397335402466014
144.03305602818082,0.6639963452874634
144.0369915726376,2.5666787842078476
144.04092711709433,2.2760986680837836
144.0448626615511,0.7645976646996137
144.04879820600783,0.3298291579065871
144.05273375046457,0.9160335172730505
144.0566692949213,0.7173298462857536
144.06060483937807,0.5900941020731002
144.06454038383484,0.49453676721602097
144.06847592829158,0.1544477956286275
144.07241147274834,0.10957810854470276
144.07634701720508,0.1813932844033528
144.08028256166185,0.5396006510440096
144.08421810611858,0.8376284770483019
144.08815365057535,1.3954098218029356
144.0920891950321,1.6375277267676394
144.09602473948885,1.2653107581700953
144.0999602839456,1.0565692548745373
144.10389582840236,0.5722369988772019
144.1078313728591,0.88368535911688
144.11176691731586,0.7445555440102373
144.1157024617726,1.2454805518492942
144.11963800622937,2.2292012527506055
144.1235735506861,0.6716305369584936
144.12750909514284,0.5618322843152886
144.1314446395996,0.8408504799971391
144.13538018405634,0.01567182904368773
144.1393157285131,0.8104349375009199
144.14325127296985,1.1374409213155623
144.1471868174266,2.8748494761667716
144.15112236188335,1.968858922169671
144.15505790634012,1.1969587155645875
144.15899345079686,0.5446850332169973
144.16292899525362,0.2907298328444095
144.16686453971036,3.79355448720215
144.17080008416713,8.18559975387055
144.17473562862386,4.5650390464094865
144.17867117308063,0.09686423648478203
144.18260671753737,2.268556778531671
144.18654226199413,6.086822682252329
144.19047780645087,4.237418154649666
144.19441335090764,1.198037226169868
144.19834889536438,3.267263187478393
144.20228443982114,1.537796606423931
144.20621998427788,0.9070409797454154
144.21015552873462,0.298930152666846
144.21409107319138,0.07977151922830666
144.21802661764812,0.13382624141989466
144.2219621621049,0.374046659880719
144.22589770656165,0.8069241082666221
144.2298332510184,0.721826072776866
144.23376879547513,0.5477593270651541
144.2377043399319,0.8464291222705632
144.24163988438863,1.4141250219287804
144.2455754288454,1.2502889424429975
144.24951097330214,1.1152614816515287
144.2534465177589,1.0057991870106209
144.25738206221564,0.3527712766381895
144.2613176066724,2.6520425589799546
144.26525315112914,3.6572754514069077
144.2691886955859,3.2877031467192928
144.27312424004265,3.248246463791567
144.2770597844994,1.6650615665745807
144.28099532895615,0.6028741635785536
144.2849308734129,0.14972109536574357
144.28886641786966,0.46679035369856964
144.2928019623264,0.274883535514021
144.29673750678316,1.4756479288052078
144.3006730512399,2.059059380139466
144.30460859569666,0.12058803730300474
144.3085441401534,0.6096908561603719
144.31247968461017,0.7726875139667208
144.3164152290669,0.6863639381828427
144.32035077352367,0.79763204394827
144.3242863179804,3.450425636944546
144.32822186243718,3.653947945662983
144.3321574068939,1.5396973793831332
144.33609295135068,0.5439717742706228
144.34002849580742,0.03511881876971944
144.34396404026418,0.35812449865432144
144.34789958472092,1.278181468065607
144.3518351291777,1.3881345757551722
144.35577067363442,1.0156171150462663
144.3597062180912,0.3028972962039677
144.36364176254793,0.5304375721715336
144.36757730700467,0.38562826432894826
144.37151285146143,0.0845823340577407
144.37544839591817,0.10036985785947544
144.37938394037494,0.19650364584288735
144.38331948483167,0.3109268190175563
144.38725502928844,0.6955937772147636
144.39119057374518,1.517708553815113
144.39512611820194,1.1858703507011896
144.39906166265868,2.3402115948623616
144.40299720711545,0.848056999772552
144.4069327515722,0.21384761089950066
144.41086829602895,1.521157275196477
144.4148038404857,2.634228895465072
144.41873938494246,0.7800058010642521
144.4226749293992,0.35515109240035536
144.42661047385596,0.7388507410278043
144.4305460183127,0.486433683150343
144.43448156276946,0.44915001383763226
144.4384171072262,0.5206324936557
144.44235265168294,0.9397723210262009
144.4462881961397,0.13977934674307332
144.45022374059644,0.9827824658652455
144.4541592850532,2.8667971117582427
144.45809482950995,2.127779471106406
144.4620303739667,1.113329223973604
144.46596591842345,0.4908978957970235
144.46990146288022,2.6674796707615034
144.47383700733695,1.6080215957735753
144.47777255179372,0.01718829560743837
144.48170809625046,0.48986276612124724
144.48564364070722,0.15481046212867322
144.48957918516396,0.02105148814887928
144.49351472962073,0.03610922648679305
144.4974502740775,0.271515454796777
144.50138581853423,1.435619904986267
144.50532136299097,1.185476711593197
144.50925690744774,0.05500979187476105
144.51319245190447,0.34553327545783796
144.51712799636124,1.4529617649190303
144.52106354081798,0.7575285938541819
144.52499908527471,0.16353118379526557
144.52893462973148,0.48205116301016204
144.53287017418822,0.6361566790369355
144.53680571864498,0.7858765724701582
144.54074126310172,0.4562285549278895
144.5446768075585,4.513470288157376
144.54861235201523,2.3053562235898046
144.552547896472,0.10851283727836687
144.55648344092873,1.4540316573936574
144.5604189853855,0.8145747148276156
144.56435452984223,0.9124304673216777
144.568290074299,0.9348847474163287
144.57222561875574,0.04827922555763758
144.5761611632125,2.9257537623788537
144.58009670766924,3.8257432405332645
144.584032252126,0.9528297055858992
144.58796779658277,2.956751678099151
144.5919033410395,2.501739259884794
144.59583888549625,1.904297463044043
144.599774429953,1.6524344390193495
144.60370997440975,0.3109702429524224
144.6076455188665,1.6018241718939523
144.61158106332326,0.36661860832963455
144.61551660778,0.6337342789605327
144.61945215223676,0.9190535820815476
144.6233876966935,0.09056016128394004
144.62732324115026,0.30815730454375295
144.631258785607,0.2611886294239901
144.63519433006377,0.1693827197632076
144.6391298745205,0.25269543574276
144.64306541897727,1.3299498907238203
144.647000963434,2.892438713533939
144.65093650789078,1.3546755692865002
144.6548720523475,2.1057040786988583
144.65880759680428,2.9170814352920256
144.66274314126102,0.4082509041275867
144.66667868571778,0.6932394274633527
144.67061423017452,0.21324223411492793
144.67454977463126,0.17220220841574638
144.67848531908805,0.5341765056625482
144.68242086354476,1.8172661884545036
144.68635640800153,0.6687886859123338
144.69029195245827,0.9478397663889632
144.69422749691503,0.9696856339704476
144.69816304137177,0.627584689241449
144.70209858582854,0.07312653332692957
144.70603413028527,0.46352897116163144
144.70996967474204,0.2098506561191453
144.71390521919878,2.160636218542237
144.71784076365554,0.9426994457666545
144.72177630811228,2.2998640078682775
144.72571185256905,3.5057161251411046
144.7296473970258,0.5832887266111376
144.73358294148255,3.282763852392092
144.7375184859393,2.9936708937606373
144.74145403039606,0.6357953209699129
144.7453895748528,0.17831630084206201
144.74932511930956,3.042131005845884
144.7532606637663,5.229217936518773
144.75719620822304,1.0791752987077754
144.7611317526798,1.7247595036586183
144.76506729713654,2.432657707275926
144.7690028415933,1.194472437491906
144.77293838605004,3.5259891925639977
144.7768739305068,0.7659791564874784
144.78080947496355,0.501289861942634
144.7847450194203,1.4950071147728072
144.78868056387705,1.1375919527552196
144.79261610833382,1.2927451463779518
144.79655165279055,0.20294713620235671
144.80048719724732,1.6254825451391088
144.80442274170406,3.396690094378028
144.80835828616082,0.358979049856787
144.81229383061756,3.931980359180426
144.81622937507433,2.8734381572651166
144.82016491953107,0.19229433471628468
144.82410046398783,0.7367203072839934
144.82803600844457,0.09039284639357778
144.8319715529013,0.7742083856063318
144.83590709735807,0.3300571649309615
144.8398426418148,0.694719538294939
144.84377818627158,1.7162096214868843
144.84771373072832,0.4013069808192468
144.85164927518508,0.2393734965730459
144.85558481964182,0.41557221373650827
144.8595203640986,0.15621763158350338
144.86345590855532,1.0579821678067316
144.8673914530121,6.252076180266404
144.87132699746883,6.79205395822498
144.8752625419256,2.5268100009478642
144.87919808638233,2.2426842456350493
144.8831336308391,1.962035266465708
144.88706917529584,1.620928421787868
144.8910047197526,2.7642995473196925
144.89494026420934,2.856464493818436
144.8988758086661,0.9317098900013658
144.90281135312284,0.6055331190311557
144.9067468975796,1.0568803635901862
144.91068244203635,1.4908364995329273
144.91461798649308,1.2808363835336225
144.91855353094985,0.5083531335406998
144.9224890754066,0.15144649347487885
144.92642461986335,0.12383749104728799
144.9303601643201,0.21293097024176202
144.93429570877686,0.336498887193156
144.9382312532336,0.28623666493114036
144.94216679769036,0.462823152027772
144.9461023421471,1.5067830231379604
144.95003788660387,2.0811713518521175
144.9539734310606,1.3276893469968984
144.95790897551737,0.20473130613881063
144.9618445199741,1.8432887911967262
144.96578006443087,3.8377677525302616
144.9697156088876,2.4052660798237473
144.97365115334438,1.2234965317428246
144.97758669780112,0.5778366661060601
144.98152224225788,0.02532742198161159
144.98545778671462,0.012229638710237883
144.98939333117136,0.24907501274892163
144.99332887562812,1.4019108218161447
144.99726442008486,1.6835961804839312
145.00119996454163,0.4847997824912422
145.00513550899836,0.24565972650533593
145.00907105345513,0.5797165621718936
145.01300659791187,0.4169829015408107
145.01694214236863,0.3411969884444393
145.02087768682537,0.18437253917386137
145.02481323128214,0.01276515185501949
145.02874877573888,0.5051460713121346
145.03268432019564,1.6810385460393404
145.03661986465238,1.4591153583215255
145.04055540910915,0.6708890303543588
145.04449095356588,0.580872854309214
145.04842649802265,0.13355386869923877
145.0523620424794,0.15315869296150458
145.05629758693615,0.210612797494246
145.0602331313929,0.13117351889226828
145.06416867584966,0.8184608362290785
145.0681042203064,0.7686962735704892
145.07203976476313,0.2643218719167382
145.0759753092199,0.27872577984739677
145.07991085367664,0.18500649335600505
145.0838463981334,0.196866095558218
145.08778194259014,0.5434742215516476
145.0917174870469,0.7644666676571545
145.09565303150364,1.0236304815932
145.0995885759604,0.9219522741041479
145.10352412041715,0.24063626892383463
145.10745966487391,0.309876845632011
145.11139520933065,1.1676672252408533
145.11533075378742,0.6351557922628049
145.11926629824416,0.6490766842263914
145.12320184270092,2.2125453361273837
145.12713738715766,1.5248178470372256
145.13107293161443,0.1781807203088472
145.13500847607116,0.08904009885288751
145.13894402052793,0.32140338798278134
145.14287956498467,1.8283504091380256
145.1468151094414,2.007476354195718
145.15075065389817,0.8935354025783252
145.1546861983549,0.2045205762375603
145.15862174281168,0.1268657086888588
145.1625572872684,0.3736032493006737
145.16649283172518,0.17761621149582066
145.17042837618192,0.46413703904852266
145.17436392063868,0.03273074310259314
145.17829946509542,1.0395092145554017
145.1822350095522,1.570426212871431
145.18617055400892,0.4482426729279394
145.1901060984657,0.38226131553232406
145.19404164292243,0.011454204613042779
145.1979771873792,0.4684140122721826
145.20191273183593,0.5739057258343372
145.2058482762927,0.04291734109091835
145.20978382074944,0.4207799658144865
145.2137193652062,1.2968168529319415
145.21765490966294,0.2955728741183738
145.22159045411968,0.3639203217567798
145.22552599857644,0.9337028687095587
145.22946154303318,0.11966599494848663
145.23339708748995,0.24997630684898367
145.23733263194669,0.7344678677708776
145.24126817640345,0.999221009403467
145.2452037208602,1.3729400369728577
145.24913926531696,1.3780251523552887
145.2530748097737,0.6149593068859289
145.25701035423046,1.764019952605267
145.2609458986872,2.030225474251051
145.26488144314396,0.30668663422701836
145.2688169876007,0.32372964170532764
145.27275253205747,0.9500417636239146
145.2766880765142,0.4204038653475447
145.28062362097097,0.18127163999943657
145.2845591654277,0.9546000394157967
145.28849470988447,0.7354490721265453
145.2924302543412,0.08249757246284231
145.29636579879798,0.11563420739317945
145.30030134325472,0.42790581261529403
145.30423688771145,0.6273646975929754
145.30817243216822,0.19155388701726345
145.31210797662496,0.22407819280863508
145.31604352108172,1.4403761911392376
145.31997906553846,1.712898498286347
145.32391460999523,2.1102280283235526
145.32785015445197,1.6814367021630787
145.33178569890873,0.13318560802002033
145.33572124336547,0.3350567375309018
145.33965678782224,0.7861863598661665
145.34359233227897,0.4838651762989783
145.34752787673574,0.15207810224453028
145.35146342119248,0.14206709512195972
145.35539896564924,0.06366191730032643
145.35933451010598,0.07591779863692656
145.36327005456275,0.27031575393298235
145.36720559901948,0.7979861803068508
145.37114114347625,1.1495982380313567
145.375076687933,0.6855755647204141
145.37901223238973,0.9953898150555971
145.3829477768465,1.031609976681994
145.38688332130323,1.3760739372938182
145.39081886576,0.6014917544382694
145.39475441021673,0.567208925930896
145.3986899546735,1.7431437617021501
145.40262549913024,0.19449064789358278
145.406561043587,1.188808767217665
145.41049658804374,1.6837721745357057
145.4144321325005,0.3636768038275364
145.41836767695725,0.2161715600088331
145.422303221414,0.8424754048685866
145.42623876587075,0.7281318761341733
145.43017431032752,0.7798005880262049
145.43410985478425,1.2950767111113768
145.43804539924102,0.8306803101432522
145.44198094369776,0.07504116005239457
145.44591648815452,0.23950277157403768
145.44985203261126,0.0851728534945811
145.45378757706803,0.30676268560368447
145.45772312152477,0.8466889508615844
145.4616586659815,0.385499659517697
145.46559421043827,0.15111409706203516
145.469529754895,0.2355311178601106
145.47346529935177,0.4033911941537634
145.4774008438085,1.3973761153156588
145.48133638826528,4.368379449478402
145.485271932722,8.875183264197824
145.48920747717878,5.745354125114695
145.49314302163552,0.055356839021361764
145.49707856609228,1.776479877453105
145.50101411054902,0.4747645409505098
145.5049496550058,0.5400367175622194
145.50888519946253,0.55949137254512
145.5128207439193,0.4106427409683054
145.51675628837603,1.1140397438851124
145.5206918328328,0.21377606558570955
145.52462737728953,0.0024485424628958225
145.5285629217463,0.34944947757648154
145.53249846620304,0.3619972148224396
145.53643401065978,0.1870915152727025
145.54036955511654,1.2456968533246136
145.54430509957328,0.4934381334209024
145.54824064403005,1.4447096600913605
145.55217618848678,1.2922037167549307
145.55611173294355,0.2287532619913543
145.5600472774003,0.1722308390406573
145.56398282185705,0.30802589656582496
145.5679183663138,0.3374563603798551
145.57185391077056,0.019381898362674625
145.5757894552273,0.09975572790675341
145.57972499968406,0.354377247516515
145.5836605441408,0.7209807682046224
145.58759608859756,0.4916937354910736
145.5915316330543,0.05381721497396884
145.59546717751107,1.0264052774801462
145.5994027219678,2.2594415348442154
145.60333826642457,1.201368391361055
145.6072738108813,0.9930918135713284
145.61120935533808,1.1850299804570836
145.6151448997948,0.21762662709353642
145.61908044425155,1.0917257654356631
145.62301598870832,1.474049187332287
145.62695153316506,0.42735121161478684
145.63088707762182,2.253979574170185
145.63482262207856,1.7305079919567563
145.63875816653533,0.050239427715494174
145.64269371099206,0.7421254411157571
145.64662925544883,0.251644667178309
145.65056479990557,0.03563362824124431
145.65450034436233,0.056095217149420895
145.65843588881907,0.009213414867999703
145.66237143327584,0.12687934833442838
145.66630697773255,0.3438342987358725
145.67024252218934,0.039392992730223966
145.67417806664608,0.4882622786563184
145.67811361110284,0.5069016609310903
145.68204915555958,0.8133753853399212
145.68598470001635,0.9724497536340725
145.6899202444731,0.026926878048595018
145.69385578892982,0.8693798002880555
145.6977913333866,0.3507577617006964
145.70172687784333,0.5994937838103505
145.7056624223001,2.1740228978589293
145.70959796675683,0.48218066679422583
145.7135335112136,0.916499878373144
145.71746905567034,3.6338859624393236
145.7214046001271,2.335799103656378
145.72534014458384,1.0940290134338162
145.7292756890406,2.1053690288759164
145.73321123349734,1.9387418383437327
145.7371467779541,0.7949355043177904
145.74108232241085,0.34763435638783724
145.7450178668676,0.37726095038074325
145.74895341132435,0.36939415711308377
145.75288895578112,0.018335250469181125
145.75682450023783,1.1938200102910885
145.76076004469462,2.75603323806186
145.76469558915136,1.091039991730765
145.7686311336081,0.27765201147247115
145.77256667806486,2.2802167155035638
145.7765022225216,2.3425467931220165
145.78043776697837,1.5422985305760912
145.7843733114351,1.3269099999962084
145.78830885589187,0.3455161581240775
145.7922444003486,0.13743308674272744
145.79617994480537,1.4350276248132892
145.8001154892621,2.1576782876852505
145.80405103371888,1.459504145103621
145.80798657817562,0.5918790418930318
145.81192212263238,0.24936481103538413
145.81585766708912,0.5394567570516666
145.81979321154589,1.3578697199034193
145.82372875600262,2.1269938905524564
145.8276643004594,1.931954070748633
145.83159984491613,1.5820078002435758
145.8355353893729,0.6351456155233817
145.83947093382963,0.11076739372545719
145.8434064782864,0.8315139497235616
145.8473420227431,0.842017458208194
145.85127756719987,0.26348315225253577
145.85521311165664,0.03803314492003512
145.85914865611338,0.0696062612425378
145.86308420057014,0.3171628163745988
145.86701974502688,1.0429735118906776
145.87095528948365,1.985882083499062
145.87489083394038,1.0184661019261605
145.87882637839715,0.04996607912354441
145.8827619228539,1.315372854112792
145.88669746731065,0.9359559082297405
145.8906330117674,0.2650591600589121
145.89456855622416,0.9836221463917294
145.8985041006809,1.641188798137542
145.90243964513766,1.42832821396121
145.9063751895944,0.6211832151520331
145.91031073405117,0.2974540401855138
145.9142462785079,0.9862386448643936
145.91818182296467,0.9571569421657695
145.9221173674214,0.4785782522932174
145.92605291187814,1.2327662840324303
145.9299884563349,2.220547038169036
145.93392400079165,0.3629753147854575
145.9378595452484,1.183694149781455
145.94179508970515,2.656030102614932
145.94573063416192,2.807968532677981
145.94966617861866,4.822670454801178
145.95360172307542,1.1138270727808899
145.95753726753216,1.880413071861663
145.96147281198893,4.037702691254428
145.96540835644566,2.4430437646188414
145.96934390090243,1.3459889288438538
145.97327944535917,0.08785483215462002
145.97721498981593,0.435306008167097
145.98115053427267,0.3653415529633894
145.98508607872944,1.238140254395294
145.98902162318618,1.6022630987861017
145.99295716764294,0.46243508638720143
145.99689271209968,0.017528591308622627
146.00082825655645,0.21317521372049447
146.00476380101318,0.08792237183378634
146.00869934546992,0.2439742541578801
146.0126348899267,0.34601754652297423
146.01657043438342,0.44233474690243685
146.0205059788402,1.2893021592238794
146.02444152329693,0.4453270385925751
146.0283770677537,0.2924803333438093
146.03231261221043,0.6291366378848309
146.0362481566672,0.02164810913365256
146.04018370112394,0.9644627310004099
146.0441192455807,0.6954778822762091
146.04805479003744,0.0474703912735198
146.0519903344942,1.0788633419203588
146.05592587895094,0.7011607088905861
146.0598614234077,0.23237386502517826
146.06379696786445,0.3897319063087199
146.0677325123212,0.7964155050156184
146.07166805677795,2.5620046944935746
146.07560360123472,2.1377690617507925
146.07953914569146,1.4697789196181748
146.0834746901482,1.4821601715088486
146.08741023460496,0.3260966312328354
146.0913457790617,0.11303628476803163
146.09528132351846,0.7767264931987597
146.0992168679752,1.147913378242
146.10315241243197,1.2464152188848567
146.1070879568887,1.3132789005168741
146.11102350134547,1.198889910689981
146.1149590458022,0.24280010036801328
146.11889459025898,0.41433425169204596
146.1228301347157,0.7093642240109909
146.12676567917248,0.5497570687158505
146.13070122362922,0.9584179269461107
146.13463676808598,0.17077441873593913
146.13857231254272,0.8384062530041979
146.1425078569995,0.6614435784988442
146.14644340145622,0.0447525339564149
146.150378945913,0.03480817303477442
146.15431449036973,0.8858479526674133
146.1582500348265,1.1803351539348932
146.16218557928323,0.19527958410584342
146.16612112373997,0.06570392709845184
146.17005666819674,0.8399477519041118
146.17399221265347,1.3959156300638618
146.17792775711024,0.8712412868426662
146.18186330156698,1.1420618944110246
146.18579884602374,0.7321756604074678
146.18973439048048,0.1070585503274469
146.19366993493725,0.054070163430934265
146.197605479394,0.4131116052902008
146.20154102385075,0.17345242937319635
146.2054765683075,0.14687534461480137
146.20941211276426,0.42366281619707863
146.213347657221,0.06446358429863733
146.21728320167776,0.5194413636896861
146.2212187461345,0.6486240142232934
146.22515429059126,0.134613485229192
146.229089835048,0.30315005391787786
146.23302537950477,0.24370211570494074
146.2369609239615,0.06479384294868745
146.24089646841824,0.2364724592202131
146.244832012875,0.476704607237017
146.24876755733175,0.37703628051044735
146.2527031017885,0.15221160150099367
146.25663864624525,0.3895656762939225
146.26057419070202,0.05926753525067668
146.26450973515875,1.6682280242187806
146.26844527961552,4.7458828675904865
146.27238082407226,5.05287220071626
146.27631636852902,3.0143099634225003
146.28025191298576,0.9716381183763316
146.28418745744253,0.18864995735848752
146.2881230018993,1.1134271395255901
146.29205854635603,1.372773487539063
146.29599409081277,0.35090101295929177
146.29992963526954,0.2869353281127617
146.30386517972627,0.20049654897444383
146.30780072418304,0.4641867489703258
146.31173626863978,2.196079932657562
146.31567181309651,2.993287483215934
146.31960735755328,0.9725791484412457
146.32354290201002,0.08087143788441789
146.32747844646678,0.05131111648342653
146.33141399092352,0.22779258566821534
146.3353495353803,0.6777934683583792
146.33928507983703,1.6747137670971364
146.3432206242938,1.0934671729382597
146.34715616875053,1.3603390602314478
146.3510917132073,0.4781258976576675
146.35502725766403,0.7767617490600395
146.3589628021208,0.23273776732060075
146.36289834657754,1.2857759223232494
146.3668338910343,3.2312411798517533
146.37076943549104,0.699731633652636
146.3747049799478,0.544615851360036
146.37864052440457,2.0175625720728925
146.3825760688613,0.24909360309297465
146.38651161331805,1.992012737305982
146.39044715777482,4.7219462516875605
146.39438270223155,2.8555684564234682
146.3983182466883,1.2292279551226846
146.40225379114506,0.1366185296125867
146.4061893356018,0.24155586515100352
146.41012488005856,1.1130449347584566
146.4140604245153,1.4238889619566037
146.41799596897206,0.3057701631213009
146.4219315134288,0.38011014120282804
146.42586705788557,1.9556928676580876
146.4298026023423,1.2959373212166108
146.43373814679907,0.10191975675904143
146.4376736912558,0.018643091295342088
146.44160923571258,0.2169871689819963
146.4455447801693,0.17135533368810532
146.44948032462608,0.29631027757078
146.45341586908282,1.7837393445870455
146.45735141353958,1.2981525449071216
146.46128695799632,0.3495495409127918
146.4652225024531,0.27014477047268354
146.46915804690985,0.01854010975148047
146.47309359136656,0.9554719489669786
146.47702913582333,2.0928248707961856
146.48096468028007,0.4661040646457765
146.48490022473683,0.20871328538462372
146.48883576919357,0.6338419273884879
146.49277131365034,0.44312787007812643
146.49670685810707,0.5629004155355477
146.50064240256384,0.5549386176191305
146.50457794702058,0.32410969007322793
146.50851349147734,1.5252515861749758
146.51244903593408,1.8231406317802128
146.51638458039085,0.9224026579505753
146.5203201248476,0.4105876858555332
146.52425566930435,0.23707164644663167
146.5281912137611,0.7301069680761109
146.53212675821786,0.8228664044836206
146.5360623026746,0.20618830313247918
146.53999784713136,0.12477898488768586
146.5439333915881,0.01921120697252892
146.54786893604486,0.44149986518019385
146.5518044805016,0.32466031071546764
146.55574002495834,0.03346294800724457
146.5596755694151,0.1960307756556829
146.56361111387184,0.6356549113325183
146.5675466583286,0.13439231495240114
146.57148220278535,1.173083177091278
146.5754177472421,0.4769205170925224
146.57935329169885,0.7469441676863132
146.58328883615562,1.9303989475243934
146.58722438061235,0.841087441117564
146.59115992506912,1.2324421829991434
146.59509546952586,0.51734646031232
146.59903101398262,2.206384235351702
146.60296655843936,1.6580064943707475
146.60690210289613,1.6540079681185305
146.61083764735287,4.049446112073172
146.61477319180963,1.6340650148638818
146.61870873626637,1.8358814671197574
146.62264428072314,2.8917215781737355
146.62657982517987,0.5597092085690318
146.6305153696366,0.39751369781898394
146.63445091409338,0.911406111711819
146.63838645855012,0.16926342471870068
146.64232200300688,0.019804089254724964
146.64625754746362,0.07344140179965371
146.6501930919204,1.6410668586497552
146.65412863637712,3.21827251643798
146.6580641808339,2.981616226321367
146.66199972529063,3.6974228862858105
146.6659352697474,5.117492575083236
146.66987081420413,4.950934397933062
146.6738063586609,3.311948645411402
146.67774190311764,1.322078768693875
146.6816774475744,0.04814173900385552
146.68561299203114,0.13343173722996932
146.6895485364879,0.07319295563181945
146.69348408094464,0.024151705237070793
146.6974196254014,1.0720335210522163
146.70135516985815,2.509594037525665
146.7052907143149,0.9320777752764879
146.70922625877165,0.07826849000190285
146.7131618032284,0.4721970306858309
146.71709734768515,0.5871817959783144
146.7210328921419,0.2160496297180943
146.72496843659866,0.2373250683168553
146.7289039810554,0.8378121934786484
146.73283952551216,0.17552438995727557
146.7367750699689,0.8075846176314765
146.74071061442567,3.117267192821274
146.7446461588824,2.3083101377956856
146.74858170333917,1.135505049751428
146.7525172477959,0.3899944566050646
146.75645279225267,0.16274887293581372
146.7603883367094,0.39671866534801714
146.76432388116618,0.2766223069036114
146.76825942562292,0.5397314189739707
146.77219497007968,1.9316608478959523
146.77613051453642,3.479055701002937
146.7800660589932,2.110172513377479
146.78400160344992,0.5473207418072434
146.78793714790666,2.685017386001387
146.79187269236343,2.425309234754081
146.79580823682016,0.40556570082134497
146.79974378127693,0.8830790962289093
146.80367932573367,0.09627123070767322
146.80761487019043,1.109264150780365
146.81155041464717,2.1476547965383506
146.81548595910394,0.14668770632698863
146.81942150356068,0.8390971294966517
146.82335704801744,0.917786548049037
146.82729259247418,0.10698822459022157
146.83122813693095,0.7897932828573812
146.83516368138768,0.3849232881082664
146.83909922584445,0.2411974838403537
146.8430347703012,1.5697408845174492
146.84697031475795,2.340219962169943
146.8509058592147,1.052372962709897
146.85484140367146,0.08818042592777929
146.8587769481282,1.3148493912878108
146.86271249258493,0.4415072392588131
146.8666480370417,0.3883538141678129
146.87058358149844,1.542988879895658
146.8745191259552,0.6991989403092074
146.87845467041194,0.03478516298724526
146.8823902148687,0.294895698763231
146.88632575932544,0.8775150366977724
146.8902613037822,0.3320010999605336
146.89419684823895,0.48462367825305014
146.89813239269571,0.4218292235925783
146.90206793715245,0.8386738783526363
146.90600348160922,2.5596402896715804
146.90993902606596,0.7660639105284403
146.91387457052272,0.27170786720498036
146.91781011497946,1.2300774823793177
146.92174565943623,0.8827360367358376
146.92568120389296,0.28492859094150136
146.92961674834973,0.11803312293586643
146.93355229280647,0.7130246884962546
146.93748783726323,0.35111464211963883
146.94142338171997,3.3497472407455096
146.9453589261767,5.078774523571953
146.94929447063348,0.7407697428992195
146.9532300150902,0.9566992023526655
146.95716555954698,1.7016108811921318
146.96110110400372,0.35641219657485
146.96503664846048,1.0704170157805584
146.96897219291722,0.5133086626533405
146.972907737374,0.6248503825340734
146.97684328183072,1.0324717185558403
146.9807788262875,0.5409904201749359
146.98471437074423,0.24150950799399412
146.988649915201,1.3350715073376522
146.99258545965773,2.0921363388995484
146.9965210041145,1.0856344385100993
147.00045654857124,0.008290308639756565
147.004392093028,0.7187979652618036
147.00832763748474,0.5970647150409579
147.0122631819415,0.006036045781522174
147.01619872639824,0.5094985715734581
147.02013427085498,1.3597181674032868
147.02406981531175,0.7486394295906869
147.02800535976849,0.09405223692960561
147.03194090422525,0.2933543024611626
147.035876448682,0.24821027343399765
147.03981199313876,0.5196500273877118
147.0437475375955,0.5150840912921477
147.04768308205226,0.27548346934907103
147.051618626509,0.20574842726198883
147.05555417096576,0.5736858037197576
147.0594897154225,0.3838611542722611
147.06342525987927,0.058024072802934985
147.067360804336,0.1409574514160642
147.07129634879277,0.15178528915458506
147.0752318932495,0.057342222238771785
147.07916743770627,0.10361743058080243
147.083102982163,0.3347371950785082
147.08703852661978,0.09888756552959883
147.09097407107652,1.3905724677730198
147.09490961553328,2.017075353929511
147.09884515999002,0.047876111820213806
147.10278070444676,1.0750543883157255
147.10671624890352,0.11692002032262816
147.11065179336026,1.4589589064099244
147.11458733781703,1.8190161796745137
147.11852288227377,0.1494524189023535
147.12245842673053,0.39145661036548296
147.12639397118727,0.4548980358338397
147.13032951564404,0.7696775320365598
147.13426506010077,0.09802006414502935
147.13820060455754,1.0498784968593813
147.14213614901428,0.7417275226900294
147.14607169347104,0.09428619093432226
147.15000723792778,0.7061204441094872
147.15394278238455,0.2750646583267441
147.15787832684128,0.7183419669139189
147.16181387129805,2.6334838820300437
147.1657494157548,0.3912453676824818
147.16968496021155,0.8853092065334762
147.1736205046683,1.6447911095064642
147.17755604912503,0.45492506808607575
147.1814915935818,0.2814563600777522
147.18542713803853,0.15108681984816247
147.1893626824953,0.5248470429085689
147.19329822695204,0.8535050899420041
147.1972337714088,0.48515332234983977
147.20116931586554,0.2938991742497749
147.2051048603223,1.3556088210802735
147.20904040477905,5.083289240479621
147.2129759492358,0.9578736365708354
147.21691149369255,1.3672893616505002
147.22084703814932,0.9495652031112776
147.22478258260605,2.4751461919751137
147.22871812706282,4.313644638763044
147.23265367151956,0.042657133184227876
147.23658921597632,3.8231379769869758
147.24052476043306,2.289038416911836
147.24446030488983,0.8133219528519324
147.24839584934657,0.11445237177757271
147.25233139380333,1.2712049613569814
147.25626693826007,0.6150370307980976
147.2602024827168,0.08011589401546793
147.26413802717357,0.34322991613176007
147.2680735716303,2.327215816673478
147.27200911608708,1.1060916805454877
147.2759446605438,0.5691590322078715
147.27988020500058,1.3544702999829972
147.28381574945732,0.8640067959838502
147.28775129391408,0.34009291986567997
147.29168683837082,0.13400273569099416
147.2956223828276,0.8962793055116666
147.29955792728433,0.29935231142866114
147.3034934717411,0.13150197484296489
147.30742901619783,0.0984051046016881
147.3113645606546,0.5067976114273177
147.31530010511133,1.1388349926847343
147.3192356495681,0.13920301036824592
147.32317119402484,2.992591799116201
147.3271067384816,3.017725477267923
147.33104228293834,2.465496189412532
147.33497782739508,1.3541350304356448
147.33891337185185,0.5069697292402998
147.34284891630858,0.44546955736031835
147.34678446076535,0.09867970477415464
147.3507200052221,0.10831628548087384
147.35465554967885,0.44491892718884274
147.3585910941356,1.6217130778534805
147.36252663859236,1.2659926060881164
147.3664621830491,0.7844200700280245
147.37039772750586,0.33134943879519985
147.3743332719626,0.05653580341198325
147.37826881641936,0.3589540045079597
147.3822043608761,0.22716541446306734
147.38613990533287,0.4184002593940096
147.3900754497896,0.08430262513136813
147.39401099424637,1.3405951099741311
147.3979465387031,1.7449580928553898
147.40188208315988,0.7562788741923561
147.4058176276166,0.8798952696786339
147.40975317207335,2.0956129464069257
147.41368871653012,0.9172178665155666
147.41762426098686,0.423426629568092
147.42155980544362,1.5363428896149796
147.42549534990036,0.11437652475415087
147.42943089435713,1.032646697907347
147.43336643881386,0.5728804063147412
147.43730198327063,0.8679885136860647
147.44123752772737,0.31371046619088555
147.44517307218413,0.2759794814414527
147.44910861664087,0.8725981519821391
147.45304416109764,0.2738576956702198
147.45697970555435,0.2205635707746816
147.46091525001114,0.753236168349899
147.46485079446788,0.6864679051698269
147.46878633892464,0.35629388132238615
147.47272188338138,0.9361484629855715
147.47665742783815,0.9792921200827504
147.4805929722949,0.2643100255117536
147.48452851675165,0.03986734283875726
147.4884640612084,0.17017311809722788
147.49239960566513,0.44020150540394065
147.4963351501219,0.5591516414545937
147.50027069457863,0.7617400952616854
147.5042062390354,1.9962255924500787
147.50814178349214,2.9516832841945986
147.5120773279489,2.093808797000982
147.51601287240564,2.72100110883123
147.5199484168624,2.621074526779262
147.52388396131914,0.24051675815047602
147.5278195057759,0.5058832455383957
147.53175505023265,0.5586238255060245
147.5356905946894,0.4339557996676952
147.53962613914615,0.44105539872415944
147.54356168360292,1.9744975864160437
147.54749722805963,0.7878221005758113
147.55143277251642,0.06295884880970695
147.55536831697316,0.02113770592812758
147.55930386142992,0.8867722808482659
147.56323940588666,0.8719031601311523
147.5671749503434,0.2247297598839252
147.57111049480017,0.3980212931251208
147.5750460392569,0.866452656919519
147.57898158371367,0.38049629942401136
147.5829171281704,2.660595592733239
147.58685267262717,5.948431201692385
147.5907882170839,1.5189887995966995
147.59472376154068,0.02352043091818841
147.59865930599742,0.4824802096308077
147.60259485045418,0.7082533277819617
147.60653039491092,1.0332090581806457
147.61046593936769,6.524459869663725
147.61440148382442,4.163898075127827
147.6183370282812,0.49693369541312254
147.62227257273793,0.47207148092070367
147.6262081171947,0.4749701117719143
147.63014366165143,0.9055469955482202
147.6340792061082,1.4142265035207722
147.6380147505649,1.482903512932916
147.6419502950217,0.764446915187405
147.64588583947844,0.02149414645439687
147.64982138393518,0.6081436398603363
147.65375692839194,1.477322988528498
147.65769247284868,1.2643241152116051
147.66162801730545,0.5353137371376214
147.66556356176218,0.6211540956529668
147.66949910621895,0.10076718189560524
147.6734346506757,3.0062533207371387
147.67737019513245,3.2495519406454254
147.6813057395892,1.5410591007875902
147.68524128404596,1.1958504910833727
147.6891768285027,0.08759432325399225
147.69311237295946,1.6051503518621546
147.6970479174162,1.8380775223856818
147.70098346187297,0.4079425854603298
147.7049190063297,0.033465629189124664
147.70885455078647,0.06224412085815175
147.7127900952432,0.28660020316845436
147.71672563969997,3.252553860279817
147.7206611841567,3.164319458977715
147.72459672861345,0.11975565699012145
147.7285322730702,2.0197211997685978
147.73246781752695,0.46078840899627366
147.73640336198372,1.6837579649636392
147.74033890644046,1.0187678686570452
147.74427445089722,0.5646879959139881
147.74820999535396,1.950997691347822
147.75214553981073,0.6218249072477019
147.75608108426746,0.5653136548550236
147.76001662872423,0.5997313605683297
147.76395217318097,0.7039452688610465
147.76788771763773,0.5036155592267446
147.77182326209447,2.247370081039196
147.77575880655124,7.661427977191347
147.77969435100798,6.252643272501168
147.78362989546474,0.9039829197687469
147.78756543992148,3.614208521114612
147.79150098437825,3.233658654697088
147.79543652883498,0.5745998075937442
147.79937207329175,0.37628714942905483
147.8033076177485,0.03548062165417671
147.80724316220522,0.9348320428239079
147.811178706662,2.6747937667802915
147.81511425111873,2.2795783498694453
147.8190497955755,3.099911093305785
147.82298534003223,4.6994675363248035
147.826920884489,2.4815774040834557
147.83085642894574,2.3153912659755953
147.8347919734025,1.0994716696628277
147.83872751785924,0.5763833247621571
147.842663062316,1.610808428333498
147.84659860677274,0.3275819265783313
147.8505341512295,0.04974500460883786
147.85446969568625,0.43430636550871216
147.858405240143,0.31561772384908904
147.86234078459975,0.13088992547920827
147.86627632905652,0.4444009701239929
147.87021187351326,0.5234381128085782
147.87414741797002,2.1056312302589606
147.87808296242676,1.9169734899174284
147.8820185068835,2.697458519142817
147.88595405134026,2.757848085152863
147.889889595797,0.9367340666865678
147.89382514025377,0.0394407314665241
147.8977606847105,0.49041947731380486
147.90169622916727,0.3841359843380366
147.905631773624,0.45485087709091515
147.90956731808078,0.38232058594925106
147.9135028625375,0.4450024403576908
147.91743840699428,1.5248362141209064
147.92137395145102,1.072589915699661
147.92530949590778,0.04812791512914406
147.92924504036452,0.26070035834894867
147.9331805848213,0.5657372783151055
147.93711612927802,1.17938471400513
147.9410516737348,0.574965314540735
147.94498721819153,0.4509952172119027
147.9489227626483,3.136446882918141
147.95285830710503,1.6065062746643763
147.95679385156177,2.3826853647785944
147.96072939601854,3.057568847009786
147.96466494047527,2.5493085757935936
147.96860048493204,6.110684076354309
147.97253602938878,2.762016455977637
147.97647157384554,0.6687573650718871
147.98040711830228,0.4584877183665566
147.98434266275905,0.012445286653753732
147.9882782072158,0.14266857386687043
147.99221375167255,0.39792429888793834
147.9961492961293,0.3586589654028835
148.00008484058606,0.9168436417283918
148.0040203850428,1.2308904894392285
148.00795592949956,0.4350122103623534
148.0118914739563,1.0173682523781322
148.01582701841306,0.9058475045328571
148.0197625628698,0.19899413024940169
148.02369810732657,0.4207804799788985
148.0276336517833,0.8141109662431315
148.03156919624007,1.700899017131212
148.0355047406968,1.3080230105846233
148.03944028515355,0.00483160746442028
148.0433758296103,0.7193329927316118
148.04731137406705,0.8839074632436845
148.05124691852382,1.2445829533653994
148.05518246298055,0.29592144679269167
148.05911800743732,0.44874737089560823
148.06305355189406,1.4351592992418891
148.06698909635082,0.6087987313855223
148.07092464080756,0.17134001955042824
148.07486018526433,0.07010391207450659
148.0787957297211,0.5542315461177013
148.08273127417783,1.5672517215170323
148.08666681863457,1.860828930008455
148.09060236309134,2.201146323765906
148.09453790754807,1.687364758145647
148.09847345200484,0.25414032634177997
148.10240899646158,0.49638068461519347
148.10634454091834,1.182277658879293
148.11028008537508,0.39078141098436087
148.11421562983182,1.2136982354485857
148.11815117428858,0.310197100793536
148.12208671874532,0.5932907331032923
148.1260222632021,0.8621899113980864
148.12995780765883,0.30467683417252245
148.1338933521156,1.433635488931101
148.13782889657233,3.2953009823364887
148.1417644410291,3.53616475612098
148.14569998548583,0.3029569655326635
148.1496355299426,0.4264858186120559
148.15357107439934,3.0015250185746214
148.1575066188561,5.719667609024565
148.16144216331284,2.6277956940640954
148.1653777077696,1.4750324806526305
148.16931325222637,0.05937201098252788
148.1732487966831,3.667316628104796
148.17718434113985,1.8364827289523693
148.18111988559662,0.20520130433421546
148.18505543005335,0.3100341983635627
148.18899097451012,1.0570631878840009
148.19292651896686,2.4943422484739863
148.1968620634236,1.5770451479506833
148.20079760788036,1.9364170890810002
148.2047331523371,2.3626376040862977
148.20866869679386,1.4428115151491347
148.2126042412506,0.05820184871958045
148.21653978570737,0.5125139323504424
148.2204753301641,0.2865022193667571
148.22441087462087,2.272965191628837
148.2283464190776,1.3575249510533094
148.23228196353438,1.6809358768094511
148.2362175079911,1.6956775831508972
148.24015305244788,1.08879768066958
148.24408859690462,1.403675810021818
148.24802414136138,1.6284592272904252
148.25195968581812,1.2328986879006871
148.2558952302749,1.3219690755933398
148.25983077473165,0.21535437245831304
148.2637663191884,0.16459451164261943
148.26770186364513,0.14709210116731616
148.27163740810187,0.7754593300516693
148.27557295255863,0.2717449531574418
148.27950849701537,0.22033535136982843
148.28344404147214,0.1584922056628094
148.28737958592887,0.0014711230035195618
148.29131513038564,0.11366456406265397
148.29525067484238,0.3210392417827801
148.29918621929914,0.1659448659188842
148.30312176375588,0.3124189107544381
148.30705730821265,0.376366929833427
148.3109928526694,0.6430927484585329
148.31492839712615,0.7996092150907961
148.3188639415829,1.315876609002229
148.32279948603966,0.1805887482536191
148.3267350304964,0.695655260656714
148.33067057495316,1.4956542812439595
148.3346061194099,0.11900902917824656
148.33854166386666,1.1220176280371756
148.3424772083234,1.675844193117751
148.34641275278017,0.16194708287260823
148.3503482972369,0.9942514601122826
148.35428384169364,0.006320383585526292
148.3582193861504,2.8294799027332536
148.36215493060715,2.0842032919816447
148.3660904750639,0.2411620177606968
148.37002601952065,2.1485768246840773
148.37396156397742,0.3457644415795742
148.37789710843415,0.642027248365283
148.38183265289092,1.308660838945552
148.38576819734766,0.6361569671736641
148.38970374180442,0.14409710518677354
148.39363928626116,0.08949165626290119
148.39757483071793,0.45929833819769944
148.40151037517467,0.9014762432829864
148.40544591963143,0.45074757016596095
148.40938146408817,0.23976614804743218
148.41331700854494,0.7717403400044651
148.41725255300167,0.16863190914425977
148.42118809745844,0.3254666177285078
148.42512364191518,0.7724960493182151
148.42905918637192,0.0012679476720908727
148.43299473082868,1.2037444726922775
148.43693027528542,1.548901565531382
148.4408658197422,0.029178179051559967
148.44480136419892,1.220712751638214
148.4487369086557,1.26580616520256
148.45267245311243,1.2555903845737038
148.4566079975692,2.3311682741719673
148.46054354202593,0.5428401476339603
148.4644790864827,2.9567437998880184
148.46841463093944,3.4233134219828845
148.4723501753962,0.8516751903404945
148.47628571985294,1.8503166312362889
148.4802212643097,0.45574327380930885
148.48415680876644,0.5675124299624356
148.4880923532232,1.2894429720126261
148.49202789767995,0.316587736984595
148.4959634421367,0.11659086922965692
148.49989898659345,0.013808768901391596
148.5038345310502,0.2397887685416803
148.50777007550695,1.023453855391781
148.5117056199637,1.5225828875124494
148.51564116442046,1.2337575362201432
148.5195767088772,1.5811173873934172
148.52351225333396,2.4510803375603953
148.5274477977907,1.0288855550492733
148.53138334224747,0.03666383837079622
148.5353188867042,0.6095004076762709
148.53925443116097,0.556425394493088
148.5431899756177,0.6136715979153775
148.54712552007447,1.3666573600942562
148.5510610645312,1.4413588406250184
148.55499660898798,0.7899594416957479
148.55893215344472,1.4679524316449053
148.56286769790148,1.0766877999295277
148.56680324235822,0.04659565114102205
148.570738786815,0.5108434817652096
148.57467433127172,1.428489204020551
148.5786098757285,1.8048672924710967
148.58254542018523,0.0800590746542999
148.58648096464196,0.947082971611802
148.59041650909873,1.0373103215642245
148.59435205355547,0.30312375765919247
148.59828759801223,0.5917462433693873
148.60222314246897,1.4481294347691005
148.60615868692574,0.7444054824908752
148.61009423138248,0.5630949576612417
148.61402977583924,0.44644495697816194
148.61796532029598,0.2222318457960136
148.62190086475275,0.23004724899473702
148.62583640920948,0.15648985480641742
148.62977195366625,0.5051414457988821
148.633707498123,0.48033854126849523
148.63764304257975,0.2289773199638967
148.6415785870365,0.0367618848544999
148.64551413149326,0.7265485823214648
148.64944967595,1.9669898295776642
148.65338522040676,0.39390735397531
148.6573207648635,0.6351621586434127
148.66125630932024,0.7351571415785776
148.665191853777,0.484458680562831
148.66912739823374,2.008872927213398
148.6730629426905,2.778887259200171
148.67699848714724,1.978416786703631
148.680934031604,1.756005613065433
148.68486957606075,0.9260739918197248
148.68880512051751,0.3515427595827664
148.69274066497425,1.8722809320126665
148.69667620943102,0.17245850721968442
148.70061175388776,0.8856333882668916
148.70454729834452,1.9836538863614779
148.70848284280126,1.1797257379234258
148.71241838725803,0.3939035903712496
148.71635393171476,0.3580282561666758
148.72028947617153,1.2087766345095745
148.72422502062827,3.9075541294141938
148.72816056508503,1.0327208137149688
148.73209610954177,0.38665050992425665
148.73603165399854,0.7851885629877973
148.73996719845528,0.2621715129061936
148.743902742912,1.2265302772680315
148.74783828736878,1.785703127424444
148.75177383182552,1.679764304164313
148.75570937628228,2.575120405343053
148.75964492073902,1.4851068942500938
148.7635804651958,0.4449477445311607
148.76751600965252,2.202492847891136
148.7714515541093,3.179400230395309
148.77538709856603,3.66213504672491
148.7793226430228,2.270160197330433
148.78325818747953,0.5625787383583918
148.7871937319363,0.7079800419059632
148.79112927639304,0.640895029550654
148.7950648208498,0.042763268549540906
148.79900036530654,0.49452549517054395
148.8029359097633,0.0021999431330763874
148.80687145422004,1.0208432469228206
148.8108069986768,1.3106322433767343
148.81474254313355,0.2733601341754621
148.81867808759029,0.09550282043939329
148.82261363204705,0.12851632159601525
148.8265491765038,0.09874820096137664
148.83048472096056,0.10543344349846497
148.8344202654173,0.7473642754045046
148.83835580987406,0.686658504805793
148.8422913543308,0.24409016355469157
148.84622689878756,0.15747866582677647
148.8501624432443,0.014957431638687228
148.85409798770107,0.6500956276574212
148.8580335321578,1.479238193286236
148.86196907661457,0.8238943821411757
148.8659046210713,0.07994560652948697
148.86984016552807,0.03667493305615281
148.8737757099848,1.0381145584326155
148.87771125444158,1.381456127682015
148.88164679889832,0.09365869735586688
148.88558234335508,0.5600307880939253
148.88951788781182,0.6174695126087676
148.8934534322686,0.3299923724895095
148.89738897672532,0.2402580354485172
148.90132452118206,1.1838155336072353
148.90526006563883,0.11912734720502578
148.90919561009557,0.6787862143711595
148.91313115455233,0.5447157861680734
148.91706669900907,1.975100383900724
148.92100224346584,2.5611772261556704
148.92493778792257,0.39606768853515883
148.92887333237934,0.05189845552016011
148.93280887683608,0.5781721091661944
148.93674442129284,1.4200945700689873
148.94067996574958,0.09818554664853744
148.94461551020635,0.35331613009880236
148.94855105466308,0.09423962686379675
148.95248659911985,0.8993976606427787
148.9564221435766,1.2650222004724834
148.96035768803335,0.7934978484292899
148.9642932324901,1.1690790820961385
148.96822877694686,1.5213553646038314
148.9721643214036,1.0467718985845775
148.97609986586033,0.7735328589882764
148.9800354103171,3.886264844411964
148.98397095477384,1.920538922169208
148.9879064992306,0.20910950015052326
148.99184204368734,1.1184618031450897
148.9957775881441,0.15333935584881125
148.99971313260085,2.135772000321451
149.0036486770576,1.8678377146582523
149.00758422151435,0.3023076698860177
149.01151976597112,0.05695648391864524
149.01545531042785,0.12707820304968268
149.01939085488462,0.18475336213030372
149.02332639934136,0.39561313269474907
149.02726194379812,0.9991923296144252
149.03119748825486,1.3770619160023363
149.03513303271163,0.5505316174701619
149.03906857716836,0.16013057842687248
149.04300412162513,0.34700558277336213
149.04693966608187,1.0826562368708166
149.0508752105386,1.3185620240468514
149.05481075499537,0.7281641640129941
149.0587462994521,1.1068382147583022
149.06268184390888,2.0634624101883534
149.0666173883656,0.6964603026525852
149.07055293282238,0.5175603806359216
149.07448847727912,2.6024024235238286
149.07842402173588,0.5599252250983464
149.08235956619262,0.48421186739690686
149.0862951106494,0.19853030643202452
149.09023065510613,1.2500899709084419
149.0941661995629,2.11350825256756
149.09810174401963,0.18663828644741276
149.1020372884764,0.745881153623125
149.10597283293313,0.49124315604080915
149.1099083773899,5.803968972061958
149.11384392184664,3.3017418175806954
149.1177794663034,0.16078533125820244
149.12171501076014,0.3936860315276688
149.1256505552169,0.7470024424679454
149.12958609967365,3.0980581743690574
149.13352164413038,1.2556410267576854
149.13745718858715,0.3638378152113044
149.1413927330439,0.8163464473295332
149.14532827750065,0.27338691429896406
149.1492638219574,0.24371688891641763
149.15319936641416,0.31489864003572005
149.1571349108709,2.401529424299128
149.16107045532766,1.4100369592177235
149.1650059997844,0.1687066245903856
149.16894154424116,0.8959083579907751
149.1728770886979,2.2282145804719304
149.17681263315467,2.2117600195850797
149.1807481776114,1.3845327638516276
149.18468372206817,2.564358557341395
149.1886192665249,0.9197851156870686
149.19255481098168,1.1178914941025215
149.1964903554384,1.3671189721702968
149.20042589989518,0.6862370053817439
149.20436144435192,0.2397963295441149
149.20829698880866,0.032793641517711775
149.21223253326542,0.09257185355060059
149.21616807772216,0.6044517421177837
149.22010362217893,0.7913943538730577
149.22403916663566,0.2585358202710194
149.22797471109243,0.3258999656655328
149.23191025554917,0.8599918804364214
149.23584580000593,1.5929774152842806
149.23978134446267,1.7079018400495256
149.24371688891944,0.9832964751208403
149.24765243337615,1.015660302114556
149.25158797783294,0.4707019140833229
149.25552352228968,0.17881612218261264
149.25945906674644,0.3465419699467675
149.26339461120318,0.3355814890984975
149.26733015565995,0.3004181575952246
149.2712657001167,0.8251068981616324
149.27520124457345,1.0606383643941004
149.2791367890302,1.5764158161500554
149.28307233348696,2.8735264433447014
149.2870078779437,3.269867850175988
149.29094342240043,2.98122501756704
149.2948789668572,3.6222512494457715
149.29881451131394,2.64629090529018
149.3027500557707,0.18212972058156213
149.30668560022744,0.8382756555876056
149.3106211446842,1.592896876035493
149.31455668914094,0.8539496271826142
149.3184922335977,0.48609393835264775
149.32242777805445,0.22230961873196647
149.3263633225112,0.020289917403107902
149.33029886696795,0.3281692480480891
149.33423441142472,0.4555598055658851
149.33816995588143,0.09314472717587188
149.34210550033822,0.3746854132370007
149.34604104479496,0.3206886467255917
149.34997658925172,0.4181134452086362
149.35391213370846,0.19614418278846127
149.35784767816523,0.8282077162686768
149.36178322262197,1.0257518488489268
149.3657187670787,0.680910325142593
149.36965431153547,1.9255654921627923
149.3735898559922,0.29272412865868763
149.37752540044897,1.1819496482126672
149.3814609449057,1.7300857824736358
149.38539648936248,0.20961994741098033
149.38933203381922,0.04997081379719285
149.39326757827598,0.8414885536272566
149.39720312273272,1.981252991527892
149.40113866718949,0.5924062229551561
149.40507421164622,1.507116067466761
149.409009756103,3.663473434479325
149.41294530055973,1.881367860248355
149.4168808450165,0.4244642883812076
149.42081638947323,0.2571579861125309
149.42475193393,0.13735013320344494
149.4286874783867,1.0243996832774283
149.4326230228435,3.4526564592408446
149.43655856730024,5.125318854501468
149.440494111757,2.5029467152701295
149.44442965621374,0.08064994963523428
149.44836520067048,0.8297550206633556
149.45230074512725,0.3981569610177057
149.45623628958398,0.20222388287568058
149.46017183404075,1.5960994880824808
149.4641073784975,1.2898411372816394
149.46804292295425,0.027989116987078885
149.471978467411,2.084092337804926
149.47591401186776,2.2375980177012265
149.4798495563245,0.06424372244841382
149.48378510078126,0.7561750714729223
149.487720645238,1.476401174346619
149.49165618969477,1.9693578401075542
149.4955917341515,1.3997667510842238
149.49952727860827,0.15512530911860442
149.503462823065,0.5494984178821533
149.50739836752177,1.7329498337547404
149.5113339119785,0.945979196778272
149.51526945643528,0.6918146560635638
149.519205000892,0.7176462791095699
149.52314054534875,0.7392855316138462
149.52707608980552,0.700662829609232
149.53101163426226,0.8046457579351094
149.53494717871902,0.5330522927358888
149.53888272317576,0.10130584105420881
149.54281826763253,2.34558952349674
149.54675381208926,4.180577717962307
149.55068935654603,3.1843722208539837
149.55462490100277,1.5624292406669467
149.55856044545953,0.15682571956446084
149.56249598991627,1.0545045792808398
149.56643153437304,1.4342978266903779
149.57036707882978,0.367076314885331
149.57430262328654,0.30910127695554834
149.57823816774328,0.6692237585045537
149.58217371220005,0.7456257057518717
149.58610925665678,0.37978880641545143
149.59004480111355,1.0778458574359835
149.5939803455703,1.9712113245092782
149.59791589002702,0.9381117349900289
149.6018514344838,0.29294947398805443
149.60578697894053,1.7461660452281698
149.6097225233973,0.9898647805096975
149.61365806785403,1.597853008553121
149.6175936123108,0.92865602328993
149.62152915676754,1.2401255206168766
149.6254647012243,2.363206368124111
149.62940024568104,0.04809030065530485
149.6333357901378,1.3190446955698638
149.63727133459454,0.9179589529500278
149.6412068790513,0.007058359331599123
149.64514242350805,0.2212086073431147
149.6490779679648,0.09681435141617009
149.65301351242155,0.15370936398973747
149.65694905687832,0.28210538584365535
149.66088460133506,0.05655557918504382
149.66482014579182,0.5459617774951548
149.66875569024856,1.286384795566787
149.67269123470533,1.0339281963878153
149.67662677916206,0.11947815625227583
149.6805623236188,0.09601444664346742
149.68449786807557,0.12783685494044897
149.6884334125323,1.6137520507446768
149.69236895698907,2.0149235378444295
149.6963045014458,1.0923620405671541
149.70024004590258,1.5434029289681346
149.7041755903593,1.5745729658925944
149.70811113481608,0.7783813820202962
149.71204667927282,0.9203127372582097
149.71598222372958,0.8205368030680984
149.71991776818632,2.1521737913470016
149.7238533126431,2.2650683929931676
149.72778885709982,0.5339212849847054
149.7317244015566,0.8998482485124736
149.73565994601333,1.3532116584721587
149.7395954904701,3.7242286303721883
149.74353103492683,3.3536109371913287
149.7474665793836,1.2840995842674319
149.75140212384034,0.9922845517531234
149.75533766829707,1.9250286212875882
149.75927321275384,1.2136319404522988
149.76320875721058,0.09182461135571836
149.76714430166734,1.3743308961155445
149.77107984612408,1.8961029534442702
149.77501539058085,1.4518396104984874
149.7789509350376,0.7924961615528311
149.78288647949435,1.8634517642160295
149.7868220239511,0.5119358686174567
149.79075756840786,1.0353992472589948
149.7946931128646,1.7211114967603576
149.79862865732136,0.4797091715424053
149.8025642017781,0.18927132972622487
149.80649974623486,0.18206248868543531
149.8104352906916,1.2027910530679156
149.81437083514837,1.4815370746623064
149.8183063796051,0.6743472917136228
149.82224192406187,0.3078489440324084
149.8261774685186,2.6771282773107283
149.83011301297535,3.3918790428113983
149.8340485574321,2.250352710584378
149.83798410188885,0.5948490033140728
149.84191964634562,0.08591144818553724
149.84585519080235,0.4945847528579035
149.84979073525912,2.2211645965287534
149.85372627971586,2.784532866402627
149.85766182417262,1.2818940834170824
149.86159736862936,0.40088747549759757
149.86553291308613,1.8971635372393514
149.8694684575429,0.9134367705367574
149.87340400199963,0.5616224724486537
149.87733954645637,3.1344404023793957
149.88127509091314,1.051018892599114
149.88521063536987,0.6524277390601492
149.88914617982664,1.5749969587798138
149.89308172428338,0.31375416863826405
149.89701726874014,0.055865881085698454
149.90095281319688,0.13523745096289655
149.90488835765365,0.03856981298637579
149.90882390211038,0.2492728436953984
149.91275944656712,0.28234050478655426
149.9166949910239,0.7924676486551262
149.92063053548063,0.7059367255673733
149.9245660799374,0.1802284999661855
149.92850162439413,2.4335406425502293
149.9324371688509,1.6826921222819913
149.93637271330763,0.05258441956482622
149.9403082577644,1.5530646602213574
149.94424380222114,0.7283767835557537
149.9481793466779,0.5387537327461401
149.95211489113464,1.2743092170391528
149.9560504355914,0.2436785478568497
149.95998598004817,0.1865663642080239
149.9639215245049,0.4374801379925701
149.96785706896165,0.22481080209574564
149.97179261341842,0.2984386684607292
149.97572815787515,0.00031873833060357283
149.97966370233192,0.44469130618314895
149.98359924678866,0.39411070899413086
149.98753479124542,0.08909022837187652
149.99147033570216,0.49868823351516384
149.9954058801589,0.4758746967727827
149.99934142461566,0.045637917459263315
150.0032769690724,0.005967580730060486
150.00721251352917,0.5044405952131984
150.0111480579859,2.8020659839635864
150.01508360244267,2.3713805033877735
150.0190191468994,0.15266661603009968
150.02295469135618,1.2852693177434669
150.0268902358129,1.3558006849019841
150.03082578026968,0.9683680349393079
150.03476132472642,0.8481452908362307
150.03869686918318,0.05495211890603833
150.04263241363992,0.5924170106350816
150.0465679580967,0.513535262680102
150.05050350255345,0.15590428163005854
150.0544390470102,1.265149258428125
150.05837459146693,0.901488942548887
150.0623101359237,0.07129801013986822
150.06624568038043,0.1084656392481233
150.07018122483717,0.13733038242846698
150.07411676929394,0.37430787612038274
150.07805231375067,0.3954789162674267
150.08198785820744,0.1467216153888359
150.08592340266418,0.19806728111378072
150.08985894712094,0.22024986072315783
150.09379449157768,0.3690653020480437
150.09773003603445,0.2509287607392804
150.1016655804912,0.29088931575057425
150.10560112494795,1.798024729762077
150.1095366694047,0.6673601318913357
150.11347221386146,0.22927648103498435
150.1174077583182,1.1886130928047582
150.12134330277496,1.3055058299557352
150.1252788472317,1.2459052393819934
150.12921439168846,0.12624102620088318
150.1331499361452,0.11670567389596186
150.13708548060197,0.14567500473666783
150.1410210250587,2.879901401029163
150.14495656951544,3.9194368608217
150.1488921139722,0.5350774715583354
150.15282765842895,0.46329947452739645
150.1567632028857,0.8608318540650515
150.16069874734245,0.7736723603539224
150.16463429179922,0.8286026210162639
150.16856983625595,0.44106634884779333
150.17250538071272,0.5878832854549856
150.17644092516946,0.9184901292407363
150.18037646962622,0.31012889439970986
150.18431201408296,0.3264875446311069
150.18824755853973,1.1067848233981425
150.19218310299647,0.6976738891475128
150.19611864745323,0.31046115702753696
150.20005419190997,0.6243634015446488
150.20398973636674,0.5981174230764258
150.20792528082347,1.8531464783493945
150.21186082528024,2.7533003917283825
150.21579636973698,0.5338841547023483
150.21973191419374,0.20877101157644423
150.22366745865048,1.57150195850301
150.22760300310722,3.8638849272718443
150.231538547564,3.3555583083593366
150.23547409202072,0.9426552065539393
150.2394096364775,0.35376482201479054
150.24334518093423,0.7908626892936357
150.247280725391,1.058212138054964
150.25121626984773,0.5355703737218385
150.2551518143045,1.8484592069510737
150.25908735876124,1.760400210015965
150.263022903218,0.4183642290725102
150.26695844767474,0.33319759366409823
150.2708939921315,0.5833390189391361
150.27482953658824,1.12575426488932
150.278765081045,1.7587390919805064
150.28270062550175,1.6300658640610126
150.2866361699585,0.3485576279612492
150.29057171441525,0.04098657073203058
150.29450725887202,0.05826053347081332
150.29844280332875,0.05384195613877627
150.3023783477855,0.5547180858780065
150.30631389224226,0.9570018198167983
150.310249436699,0.4265692462709441
150.31418498115576,0.7404377325592362
150.3181205256125,0.6909408222423199
150.32205607006927,1.5682902157913978
150.325991614526,0.5273258240735647
150.32992715898277,0.7794943540471144
150.3338627034395,1.3304831605131857
150.33779824789627,1.3695130166502065
150.341733792353,5.019216586798937
150.34566933680978,2.5376556394473107
150.34960488126652,0.6013401169825228
150.35354042572328,1.1639841761871728
150.35747597018002,0.4873556117144382
150.3614115146368,0.44974484423582506
150.36534705909352,0.32488723134675757
150.3692826035503,0.20952207318275826
150.37321814800703,0.3847606311999327
150.3771536924638,0.401739130241853
150.38108923692053,0.14994281017252026
150.38502478137727,0.2821935480422151
150.38896032583403,0.0755516994278761
150.39289587029077,0.04838358698607768
150.39683141474754,0.16827567716953623
150.40076695920428,0.46084622154385174
150.40470250366104,0.42943581975011863
150.40863804811778,0.190010054721753
150.41257359257455,0.6212944855015099
150.41650913703128,0.9368257842785375
150.42044468148805,0.042198643387935025
150.4243802259448,1.3362354648509618
150.42831577040155,1.7089032032275047
150.4322513148583,0.12689959777741294
150.43618685931506,2.8669064972435807
150.4401224037718,0.4263864670418643
150.44405794822856,2.3984455496663655
150.4479934926853,3.618810569690639
150.4519290371421,0.6019201981238663
150.4558645815988,2.6596303009868514
150.45980012605554,1.0032398877113538
150.4637356705123,0.23497071820632462
150.46767121496904,0.022478208541844315
150.4716067594258,1.217020380262187
150.47554230388255,1.2207348385224535
150.47947784833931,0.28642211136644624
150.48341339279605,4.289548124449308
150.48734893725282,2.7929252697009566
150.49128448170956,0.17025236119582784
150.49522002616632,3.0679882757560457
150.49915557062306,0.8196580800958694
150.50309111507983,0.8571406131931714
150.50702665953656,1.7564143549097864
150.51096220399333,0.0008342460301986209
150.51489774845007,1.4190867830885
150.51883329290683,0.5734992314303101
150.52276883736357,0.5286218370693172
150.52670438182034,1.7371734779633279
150.53063992627708,0.10141977910267683
150.53457547073384,0.9317827574102271
150.53851101519058,0.33410803700495795
150.54244655964732,1.2919441117596624
150.54638210410408,3.756659567286568
150.55031764856082,1.7068503064374179
150.5542531930176,0.7953374570725186
150.55818873747432,1.575823658366551
150.5621242819311,0.9086349249748211
150.56605982638783,0.20658894994825916
150.5699953708446,1.3179513936100895
150.57393091530133,1.1961859112833844
150.5778664597581,0.00377427818624595
150.58180200421484,0.7502854353395323
150.5857375486716,0.798260463170578
150.58967309312834,4.867074687562376
150.5936086375851,4.034731906860207
150.59754418204184,0.00901850568281072
150.6014797264986,2.311253804312593
150.60541527095535,1.7359450847254665
150.6093508154121,2.9946802372313956
150.61328635986885,2.37978586548501
150.6172219043256,1.164976573087559
150.62115744878236,0.7307673149959629
150.6250929932391,0.1972886481719269
150.62902853769586,0.5507542839975379
150.6329640821526,2.4189373512742316
150.63689962660936,2.42930587736632
150.6408351710661,0.929790321190714
150.64477071552287,0.26320920310090296
150.6487062599796,0.47953203986269494
150.65264180443637,1.876882294834886
150.6565773488931,1.9082425782921275
150.66051289334987,1.8991615106180206
150.6644484378066,1.0055235722144007
150.66838398226338,0.5035440782313725
150.67231952672012,0.04352287117768891
150.67625507117688,0.4275924403052885
150.68019061563362,0.7549664834550246
150.6841261600904,0.33678623283434855
150.68806170454712,0.22559930302176606
150.69199724900386,0.3433925288897433
150.69593279346063,0.7087830336048601
150.69986833791737,0.5745088120970052
150.70380388237413,0.7579805173889097
150.70773942683087,0.41201104976068564
150.71167497128764,0.03897887524025797
150.71561051574437,0.5212749925068781
150.71954606020114,0.4419655625828146
150.72348160465788,0.1968789676359688
150.72741714911464,0.0163790553690684
150.73135269357138,0.5420922437572603
150.73528823802815,1.281590677976962
150.73922378248488,0.5163076381451986
150.74315932694165,0.09658052326752309
150.7470948713984,0.03336983572503925
150.75103041585515,0.8824447854816531
150.7549659603119,1.2367599435648047
150.75890150476866,0.048532791503245055
150.7628370492254,0.25525494247318276
150.76677259368216,0.23955942073008077
150.7707081381389,0.48116947255978887
150.77464368259564,1.3818230207743343
150.7785792270524,2.018463291983867
150.78251477150914,0.8700180253890968
150.7864503159659,1.2146513540233377
150.79038586042265,0.6435435249475135
150.7943214048794,0.06671304723481061
150.79825694933615,0.16860974920344662
150.80219249379292,0.6220724373537297
150.80612803824965,0.9354094055238724
150.81006358270642,3.0534494406480843
150.81399912716316,2.3118149377233648
150.81793467161992,0.18629809428032676
150.82187021607666,0.1686111845891959
150.82580576053343,0.8400389820276396
150.82974130499016,0.7804327854059037
150.83367684944693,0.2348883319923447
150.83761239390367,0.9071976733207002
150.84154793836043,0.5267723123861004
150.84548348281717,0.20635647947409777
150.8494190272739,0.4129926699182453
150.85335457173068,1.2181961598608588
150.8572901161874,1.1059582551357505
150.86122566064418,0.9631791649749731
150.86516120510092,0.9162517823448585
150.86909674955768,0.8130010316692682
150.87303229401442,0.8569519513253554
150.8769678384712,0.633037529468014
150.88090338292793,0.47076085487458313
150.8848389273847,0.002318313730615419
150.88877447184143,0.8909220569539813
150.8927100162982,0.9208345757190892
150.89664556075493,1.1844706638514693
150.9005811052117,2.847478802727425
150.90451664966844,0.9865422397111239
150.9084521941252,1.270464507377056
150.91238773858194,0.25221428615500957
150.9163232830387,1.4152572692027379
150.92025882749545,2.4564916887405035
150.9241943719522,0.32967954934950466
150.92812991640895,0.17191007518300763
150.9320654608657,0.1368544734260097
150.93600100532245,0.1366287248809395
150.9399365497792,0.6431272658250007
150.94387209423596,0.8858820866681202
150.9478076386927,0.1730868508222542
150.95174318314946,0.11586352641041922
150.9556787276062,0.06748035357804912
150.95961427206296,0.21693583690937374
150.9635498165197,0.29177796537187156
150.96748536097647,0.9247485802954749
150.9714209054332,0.3023571688481801
150.97535644988997,2.386293362097895
150.9792919943467,2.2751511632369863
150.98322753880348,0.3578325023229038
150.9871630832602,0.16267564374603047
150.99109862771698,0.676933334389479
150.99503417217372,0.9135210976761147
150.99896971663048,0.14983558249341977
151.00290526108722,0.04931771039516385
151.00684080554396,0.48039524282747825
151.01077635000073,0.16515824555785685
151.01471189445746,1.6586387155121818
151.01864743891423,4.501746805837539
151.02258298337097,1.3027193070294896
151.02651852782773,0.6631160540263543
151.03045407228447,1.6930048915217077
151.03438961674124,0.15303589481070237
151.03832516119795,0.13940361092329842
151.04226070565474,0.16685766202713148
151.04619625011148,0.5107065006483524
151.05013179456824,0.07956912685909423
151.05406733902498,2.706547675961955
151.05800288348175,5.1014887703443215
151.0619384279385,3.1059926202939354
151.06587397239525,1.7187907499478947
151.069809516852,1.693338179294906
151.07374506130876,1.2044802985847456
151.0776806057655,0.6285512436245838
151.08161615022226,0.36318381607331757
151.085551694679,0.08132590141457224
151.08948723913574,0.13209824109247267
151.0934227835925,0.6842574975582769
151.09735832804924,0.7901661839983811
151.101293872506,0.03667931430645097
151.10522941696274,0.7174519537454316
151.1091649614195,1.607810624724872
151.11310050587625,1.161130144208452
151.117036050333,0.48894482163691244
151.12097159478975,0.07545437208488857
151.12490713924652,0.22426747976763808
151.12884268370323,0.7377120395491178
151.13277822816002,1.3450270032182854
151.13671377261676,1.6679194541652216
151.14064931707352,0.8306240330411987
151.14458486153026,0.5357229359815266
151.14852040598703,1.4549788508370325
151.15245595044377,0.8805262567156357
151.15639149490053,0.5497262628516981
151.16032703935727,0.8633885528382451
151.164262583814,0.36674659589560266
151.16819812827077,1.2152687796205943
151.1721336727275,2.12432308012499
151.17606921718428,1.0255530797011436
151.18000476164102,0.180565534456635
151.18394030609778,0.27539085682918296
151.18787585055452,0.37768183808518785
151.19181139501129,0.10593399995990975
151.19574693946802,0.5012663098545148
151.1996824839248,2.110064059109063
151.20361802838153,0.7468800020338789
151.2075535728383,1.8802439014312213
151.21148911729503,2.945824628560552
151.2154246617518,2.649114755401192
151.2193602062085,2.8433395576401597
151.2232957506653,0.5218018440451901
151.22723129512204,2.905389602290552
151.2311668395788,0.6068936973891007
151.23510238403554,1.6538929382264977
151.23903792849228,2.1156887231172443
151.24297347294905,0.16067205429570686
151.24690901740578,0.061029829018502894
151.25084456186255,0.33599244540631945
151.2547801063193,0.24113788461069322
151.25871565077605,1.7302595923782589
151.2626511952328,1.3073280173960649
151.26658673968956,1.5818032181027866
151.2705222841463,2.304615626828051
151.27445782860306,0.0415614313352953
151.2783933730598,1.481585579242655
151.28232891751657,0.5196425869372495
151.2862644619733,5.056272938841984
151.29020000643007,2.976476583894103
151.2941355508868,0.021842771091757345
151.29807109534357,0.9418488813786149
151.3020066398003,0.7137939885418153
151.30594218425708,0.17443514946704256
151.3098777287138,0.017244183290537354
151.31381327317058,0.5362075541884193
151.31774881762732,1.9700368380145525
151.32168436208406,0.5362344907833743
151.32561990654082,0.5173694804569385
151.32955545099756,1.5156372468870678
151.33349099545433,0.5848482999164453
151.33742653991106,0.31956820299034955
151.34136208436783,0.8946812279717276
151.34529762882457,0.5878111391614699
151.34923317328133,0.15391357947250253
151.35316871773807,0.3693152325880411
151.35710426219484,0.14184867151647246
151.36103980665158,1.3544723373524206
151.36497535110834,0.4039412741861976
151.36891089556508,0.17706409142353438
151.37284644002185,0.4722111893193132
151.37678198447858,1.4560760903150143
151.38071752893535,1.139185880728619
151.3846530733921,0.6408337902881275
151.38858861784885,1.8498604436987254
151.3925241623056,1.3927946799963415
151.39645970676233,0.886936548614768
151.4003952512191,0.19656258517777814
151.40433079567583,0.07787746985790181
151.4082663401326,0.1334499264015365
151.41220188458934,0.5024597270507137
151.4161374290461,0.1564685569720263
151.42007297350284,2.5655914916897844
151.4240085179596,2.4011512825888537
151.42794406241634,0.922685527508877
151.4318796068731,1.579171607725227
151.43581515132985,0.5170676194938049
151.4397506957866,0.06009999957331277
151.44368624024335,0.048309901192886036
151.44762178470012,1.2209620216872943
151.45155732915686,2.2995295473827606
151.45549287361362,1.7828382280074977
151.45942841807036,1.2427309028430855
151.46336396252713,0.7921018132539868
151.46729950698386,0.8616004121101188
151.47123505144063,0.8622022466935534
151.47517059589737,0.6372423360954531
151.4791061403541,0.11156042665546846
151.48304168481087,0.38232389665539546
151.4869772292676,0.32831842506208025
151.49091277372438,0.37476649466328954
151.4948483181811,0.7920269660725484
151.49878386263788,0.6700578326635337
151.50271940709462,0.4575678404542018
151.50665495155138,0.3527824173217093
151.51059049600812,0.3021504138829188
151.5145260404649,0.18771964445236183
151.51846158492162,0.4451769487888435
151.5223971293784,0.7995328319174004
151.52633267383513,0.2693935764990586
151.5302682182919,0.12506503682739611
151.53420376274863,0.24110284754776648
151.5381393072054,1.0277071928455215
151.54207485166214,1.2418570588616609
151.5460103961189,2.1194983579575246
151.54994594057564,0.7257393956987677
151.55388148503238,0.23665055805960317
151.55781702948914,0.943681320012549
151.56175257394588,0.22190802026559747
151.56568811840265,0.06571445812012983
151.5696236628594,0.23891457438708036
151.57355920731615,0.24878328843928618
151.5774947517729,1.5003815021764717
151.58143029622966,2.064092252345312
151.5853658406864,0.19578415359259693
151.58930138514316,0.6402341586465907
151.5932369295999,0.8251826470008924
151.59717247405666,0.32193897304209207
151.6011080185134,0.20517025573180342
151.60504356297017,0.7958637751749885
151.6089791074269,1.1138540644760107
151.61291465188367,0.3907403056067012
151.6168501963404,0.38408880661668665
151.62078574079715,2.903596691588898
151.6247212852539,2.9440100528533644
151.62865682971068,0.31508697848908196
151.63259237416742,0.45189300695396706
151.63652791862415,1.0055184153313248
151.64046346308092,0.21239973010206142
151.64439900753766,0.0729115325464184
151.64833455199442,0.20062441656565072
151.65227009645116,0.09326054447436154
151.65620564090793,0.5376072725550171
151.6601411853647,0.11696723926552241
151.66407672982143,0.3261347840663048
151.66801227427817,0.9565042499746322
151.67194781873494,0.7309412737102375
151.67588336319167,0.849759033364264
151.67981890764844,1.3688712512662553
151.68375445210518,1.0123535790305638
151.68768999656194,0.6188110343785354
151.69162554101868,0.5170216724311798
151.69556108547545,0.03455703597767309
151.69949662993218,0.9182199982171835
151.70343217438895,0.535014277903641
151.7073677188457,0.36012763883140075
151.71130326330243,1.4625824154490121
151.7152388077592,0.5362169256952267
151.71917435221593,2.2788551041157543
151.7231098966727,0.9857888998692221
151.72704544112943,1.1553225031251302
151.7309809855862,2.7304469938862588
151.73491653004294,0.6900578486633727
151.7388520744997,0.13989466599662315
151.74278761895644,2.5388410796170167
151.7467231634132,6.665513949410142
151.75065870786997,2.781790962857464
151.7545942523267,0.46598978319120493
151.75852979678345,1.0266973149020808
151.76246534124022,1.945678630762972
151.76640088569695,3.7813314718326834
151.77033643015372,1.6056340971042922
151.77427197461046,0.37866420954170044
151.77820751906722,0.2814432527169849
151.78214306352396,1.6848511471893595
151.7860786079807,1.4556020190180077
151.79001415243746,0.04145063153735515
151.7939496968942,0.1644566447352859
151.79788524135097,2.446916877757253
151.8018207858077,5.582648328312907
151.80575633026447,2.8851436461535043
151.8096918747212,0.23429789651971566
151.81362741917798,0.45685505098874796
151.8175629636347,0.8369633000333214
151.82149850809148,0.12535095879933453
151.82543405254822,1.3302549076936254
151.82936959700498,1.1712971334191247
151.83330514146172,0.26928945594658504
151.8372406859185,0.029829282266268468
151.84117623037525,0.36538485456779485
151.845111774832,0.9402936365725961
151.84904731928873,1.3641043499432335
151.8529828637455,2.125000456817181
151.85691840820223,1.8152100279062955
151.860853952659,0.24037386788400023
151.86478949711574,0.13414638352509092
151.86872504157247,0.14007780430616626
151.87266058602924,2.638224257415325
151.87659613048598,3.316710122296179
151.88053167494274,0.9217773380920655
151.88446721939948,0.39998765000152664
151.88840276385625,0.21158544092531326
151.892338308313,0.11264502686228042
151.89627385276975,0.015860875709065653
151.9002093972265,0.32729540241420707
151.90414494168326,0.8483048247426681
151.90808048614,0.4543877163124126
151.91201603059676,1.7606209302023832
151.9159515750535,1.4152053319361537
151.91988711951026,0.2893461876926795
151.923822663967,1.5528129602927692
151.92775820842377,0.8531135371171981
151.9316937528805,0.36153495480613324
151.93562929733727,0.04851854432367142
151.939564841794,0.9560438442963649
151.94350038625075,0.853044165699571
151.9474359307075,0.07850382730737952
151.95137147516425,0.7034645718111592
151.95530701962102,0.037711644433373846
151.95924256407775,0.9419955544583293
151.96317810853452,0.545119231804501
151.96711365299126,0.7997470750262207
151.97104919744802,1.3398705512133702
151.97498474190476,0.3610726704284072
151.97892028636153,0.07255878283280569
151.98285583081827,0.18626558484719627
151.98679137527503,0.09685012674365126
151.99072691973177,0.002838688405024488
151.99466246418854,0.11253771723177135
151.99859800864527,0.30208273892830284
152.00253355310204,0.2718157667311549
152.00646909755878,0.2712419113375196
152.01040464201554,0.25525888089289106
152.01434018647228,0.36215772335987706
152.01827573092905,0.9617367913859279
152.0222112753858,1.1906139532918345
152.02614681984252,1.145490373493715
152.0300823642993,1.2730240001739854
152.03401790875603,0.8340929141656623
152.0379534532128,0.6228120471551499
152.04188899766953,0.38709953951084186
152.0458245421263,0.2911341298904981
152.04976008658303,0.49729729394824784
152.0536956310398,0.6747091967847931
152.05763117549654,0.10705956582077451
152.0615667199533,0.9962563913240309
152.06550226441004,0.19137359672259513
152.0694378088668,0.36252839711903695
152.07337335332355,1.284423594944272
152.0773088977803,1.5003224170812828
152.08124444223705,0.14250305817190448
152.08517998669382,4.478245173549262
152.08911553115055,3.694495088800318
152.09305107560732,0.40609006165187844
152.09698662006406,1.4903577846350704
152.1009221645208,1.3806089097156244
152.10485770897756,1.941445059723651
152.1087932534343,0.21850005209916215
152.11272879789107,0.6899066761371485
152.1166643423478,3.2284699984419154
152.12059988680457,1.955947708607449
152.1245354312613,0.38705680556863525
152.12847097571807,1.8505305645245418
152.1324065201748,0.14424207991880786
152.13634206463158,1.2085581860918944
152.14027760908832,1.3399783325346062
152.14421315354508,0.9199037771453717
152.14814869800182,0.5452760824329858
152.1520842424586,3.715336738195102
152.15601978691532,1.3936284059924497
152.1599553313721,1.9974075895901273
152.16389087582883,2.093307759204231
152.1678264202856,0.3186799170678575
152.17176196474233,0.18733968602619888
152.1756975091991,0.5436762703130067
152.17963305365583,0.44658147534361875
152.18356859811257,5.2211275072546135
152.18750414256934,2.70526510646842
152.19143968702608,1.1460507517266583
152.19537523148284,3.9011347472925
152.19931077593958,0.9237641261597116
152.20324632039635,0.08723600457886788
152.20718186485308,0.04453053787166476
152.21111740930985,0.9464777568626312
152.2150529537666,2.3294558803809085
152.21898849822335,0.5727978035897695
152.2229240426801,2.0026306095173947
152.22685958713686,3.3673808545135606
152.2307951315936,0.3972901240770842
152.23473067605036,1.1753399795936372
152.2386662205071,0.043034039760337824
152.2426017649639,3.080041451969447
152.2465373094206,2.1705453820149136
152.25047285387737,0.1896777078964475
152.2544083983341,1.041333773041706
152.25834394279084,1.0783205339467206
152.2622794872476,1.8166193976743268
152.26621503170435,0.33264773850621193
152.27015057616111,1.5215672535234992
152.27408612061785,3.0020913433747425
152.27802166507462,0.002733690339635343
152.28195720953136,4.273012953976431
152.28589275398812,3.3243119122212756
152.28982829844486,0.24251903995222268
152.29376384290163,4.357995286048442
152.29769938735836,1.6254019154570867
152.30163493181513,1.2394891052710606
152.30557047627187,4.630370372645571
152.30950602072863,2.11229786881848
152.31344156518537,0.4243388074186794
152.31737710964214,0.7252704041323611
152.32131265409888,0.6379317055515301
152.32524819855564,0.8587681372049034
152.32918374301238,0.9843911160649247
152.33311928746912,0.31591480827778523
152.33705483192588,0.10071852692420012
152.34099037638262,0.08916472295560213
152.3449259208394,0.07037908452887978
152.34886146529612,0.16828607354209663
152.3527970097529,0.46874685353560447
152.35673255420963,0.5479348707226597
152.3606680986664,0.33226106738131134
152.36460364312313,0.11262864792780207
152.3685391875799,0.6011017164466006
152.37247473203664,0.773235170615924
152.3764102764934,0.2971975557025327
152.38034582095014,0.039624542249111605
152.3842813654069,0.6942690020949104
152.38821690986364,2.282516797663893
152.3921524543204,1.8830810856971931
152.39608799877715,2.5766660040345677
152.4000235432339,2.6082069609251
152.40395908769065,0.7284228460208292
152.40789463214742,0.26806747240312334
152.41183017660416,1.5637910413996818
152.4157657210609,2.8439679852089337
152.41970126551766,0.836295441747293
152.4236368099744,0.20557023211322073
152.42757235443116,0.5460429200414504
152.4315078988879,0.7751115071626622
152.43544344334467,0.3903124731373315
152.4393789878014,0.6053043683100116
152.44331453225817,0.31755068910329987
152.4472500767149,0.0928494394579728
152.45118562117167,1.5129180419919313
152.4551211656284,3.319562752423544
152.45905671008518,3.6499066853422613
152.46299225454192,3.5418900642136184
152.46692779899868,1.146244725097278
152.47086334345542,0.6613893683462823
152.4747988879122,0.946154278328225
152.47873443236892,0.1793945061528165
152.4826699768257,1.302398877049114
152.48660552128243,1.633735292245996
152.49054106573917,0.924069197568752
152.49447661019593,1.8075707666454182
152.49841215465267,2.4641405610101947
152.50234769910944,2.2896107060813473
152.50628324356617,1.454069799579653
152.51021878802294,1.7273974236115166
152.51415433247968,0.4925493465835449
152.51808987693644,0.37138575999352946
152.52202542139318,0.6450728522914931
152.52596096584995,0.2565098030934656
152.52989651030668,0.7785240377069468
152.53383205476345,0.3861653461033939
152.5377675992202,0.6918849570241855
152.54170314367695,0.4186096027952009
152.5456386881337,1.283875044658576
152.54957423259046,1.7684479241752475
152.5535097770472,1.1699587550395543
152.55744532150396,0.44448229807554074
152.5613808659607,0.38682220955042984
152.56531641041747,0.8241989797178106
152.5692519548742,1.4584749506937773
152.57318749933094,0.8562376261750848
152.5771230437877,2.2978340314201615
152.58105858824445,1.0974621630569263
152.5849941327012,0.3218246785128814
152.58892967715795,1.7820590828935723
152.59286522161472,2.7417217956980324
152.59680076607145,1.7413508625192473
152.60073631052822,5.977696071566104
152.60467185498496,2.1207985525295263
152.60860739944172,1.3387666218866845
152.61254294389846,1.740544658417459
152.61647848835523,0.08077870189687739
152.62041403281196,0.3890010624344497
152.62434957726873,1.1501741329348574
152.62828512172547,4.322758175871095
152.63222066618223,0.6297781529545444
152.63615621063897,1.4013783401823707
152.64009175509574,1.8032506179454395
152.64402729955248,0.8394709700211331
152.6479628440092,1.202941485169258
152.65189838846598,0.8495145367107075
152.65583393292272,0.3928304918406596
152.65976947737948,0.6400060254830634
152.66370502183622,2.105588077976089
152.667640566293,1.206178684053435
152.67157611074973,0.16461427246919272
152.6755116552065,0.17184282733541614
152.67944719966323,1.5029259596087599
152.68338274412,1.5017255961624079
152.68731828857673,0.20518041955512525
152.6912538330335,0.03784736082606024
152.69518937749024,0.8160153839053962
152.699124921947,1.7866359122053945
152.70306046640374,1.824219641396178
152.7069960108605,0.788372113199682
152.71093155531725,0.19451889135660533
152.714867099774,0.2546322893199034
152.71880264423075,2.4188650867160857
152.72273818868752,3.957685836326762
152.72667373314425,2.8873836551685232
152.730609277601,1.2053127312992575
152.73454482205776,0.5557611672614273
152.7384803665145,3.4678360579064726
152.74241591097126,0.6221331756030917
152.746351455428,0.3407721245404357
152.75028699988476,0.4318768595421751
152.7542225443415,1.5302289128647428
152.75815808879827,0.15891699207362858
152.762093633255,2.2953256692388257
152.76602917771177,3.9037962381771707
152.7699647221685,3.1503310424807864
152.77390026662528,0.4274217296723386
152.777835811082,2.1753391461823504
152.78177135553878,4.402295970372859
152.78570689999552,1.1849822290564955
152.78964244445228,0.9491061102768227
152.79357798890902,1.0393124718398956
152.7975135333658,1.590956771321035
152.80144907782253,0.1069763880586714
152.80538462227926,1.8089993578844656
152.80932016673603,2.5788371191058586
152.81325571119277,1.5855712364987924
152.81719125564953,0.07751915212178714
152.82112680010627,0.7803167443055817
152.82506234456304,1.0886131725430586
152.82899788901975,0.23403938143021646
152.83293343347654,0.0668882272870788
152.83686897793328,0.060543435998533165
152.84080452239004,0.0033435147715523603
152.84474006684678,0.5161766698585444
152.84867561130355,1.029094321982204
152.8526111557603,0.8518807583931299
152.85654670021705,0.9261504333654762
152.8604822446738,0.74731945476245
152.86441778913056,0.20037201363219082
152.8683533335873,0.10360741228382628
152.87228887804406,0.4014769209072571
152.8762244225008,0.49843560631203054
152.88015996695754,0.3759181433751019
152.8840955114143,0.16707877922939
152.88803105587104,0.12923665627049152
152.8919666003278,0.9530695639544423
152.89590214478454,0.8280404285799374
152.8998376892413,0.2716121379096763
152.90377323369805,1.0415330495978536
152.9077087781548,0.9105218089724428
152.91164432261155,0.28122194916027077
152.91557986706832,3.598204116352943
152.91951541152503,3.5620208562953173
152.92345095598182,0.28987259418518546
152.92738650043856,0.5458735443048172
152.93132204489532,0.07554583284073588
152.93525758935206,0.25255143927253765
152.93919313380883,0.18068276675222383
152.94312867826557,0.2833269875497836
152.94706422272233,0.8030227479883958
152.95099976717907,0.7436187241866892
152.95493531163584,0.5729784753417239
152.95887085609257,1.9351458816863492
152.9628064005493,0.32982525089317255
152.96674194500608,0.9415713902469258
152.97067748946282,0.5502007335524833
152.97461303391958,0.804076906460829
152.97854857837632,2.4811176957464878
152.98248412283309,2.322802871957078
152.98641966728982,0.15671597688773456
152.9903552117466,0.6347478598470737
152.99429075620333,0.9293584922613978
152.9982263006601,3.7486435240872726
153.00216184511683,0.8021492900694918
153.0060973895736,1.7739536877320234
153.0100329340303,1.392402334644537
153.0139684784871,1.4629612671468077
153.01790402294384,3.0772581438490483
153.0218395674006,0.4268851879099432
153.02577511185734,4.240543268009917
153.0297106563141,0.10644937700868094
153.03364620077085,3.311580040396717
153.03758174522758,0.5995054147293173
153.04151728968435,2.5619611651885426
153.0454528341411,2.7341256768518476
153.04938837859785,0.12397547445054896
153.0533239230546,1.2060611777382702
153.05725946751136,0.37756135894906934
153.0611950119681,0.7894797243930044
153.06513055642486,0.01780974043301344
153.0690661008816,0.4321142098512897
153.07300164533837,0.6001734321490066
153.0769371897951,0.8016221890898926
153.08087273425187,0.5149692460210699
153.0848082787086,1.5518158668915036
153.08874382316537,2.9182417777314145
153.0926793676221,2.6675069427156766
153.09661491207888,0.420558467617636
153.1005504565356,2.4787098517089463
153.10448600099238,3.4022071586371516
153.10842154544912,0.13900612176195976
153.11235708990588,1.760479495541264
153.11629263436262,2.1681094652355135
153.12022817881936,0.2797565751622254
153.12416372327613,1.0190154491105592
153.12809926773286,0.9927837610508077
153.13203481218963,1.4667879531988508
153.13597035664637,1.4036417536609027
153.13990590110313,1.3351283084008405
153.14384144555987,1.0373420775462077
153.14777699001664,0.025943426467909394
153.15171253447338,0.7875690941978669
153.15564807893014,0.37749915907272047
153.15958362338688,0.008002642380420047
153.16351916784365,0.016687138118190958
153.16745471230038,0.11917764812314077
153.17139025675715,0.6442856288396981
153.1753258012139,1.4705275877708908
153.17926134567065,1.8641177829896698
153.1831968901274,2.1371044122690677
153.18713243458416,6.127326551793233
153.1910679790409,5.725885246732883
153.19500352349763,0.15014601119890011
153.1989390679544,5.3724096491608755
153.20287461241114,8.879515281487077
153.2068101568679,3.0019903239795114
153.21074570132464,0.31000628300352295
153.2146812457814,2.473025825441659
153.21861679023814,2.6919186419537833
153.2225523346949,0.6408272370951547
153.22648787915165,0.4054355124356052
153.2304234236084,0.4212011998179934
153.23435896806515,0.17398662411211524
153.23829451252192,0.5224510527937988
153.24223005697866,0.9493539371456237
153.24616560143542,0.5065565593741246
153.25010114589216,0.30055967023149
153.25403669034893,0.816480131083093
153.25797223480566,1.692667249761775
153.26190777926243,1.4954783805314513
153.26584332371917,0.11071703326557333
153.26977886817593,0.7494724531763766
153.27371441263267,1.2167364262601004
153.2776499570894,1.2212620321413272
153.28158550154618,0.7789631892082007
153.2855210460029,0.7461893958958339
153.28945659045968,0.02940568245044704
153.29339213491642,0.6875840353076438
153.29732767937318,0.23324737174296875
153.30126322382992,0.2990690286177843
153.3051987682867,0.04451421791889928
153.30913431274342,0.6754157152002879
153.3130698572002,0.726487344182248
153.31700540165693,1.0340945710692018
153.3209409461137,1.0888896273226818
153.32487649057043,0.3585624769397399
153.3288120350272,1.4332673363908057
153.33274757948394,1.0652055963535223
153.3366831239407,1.0460872158579988
153.34061866839744,0.2919568689643922
153.3445542128542,0.6247774544753967
153.34848975731094,2.669047319267256
153.35242530176768,1.5220984466128995
153.35636084622445,0.04534133492442954
153.3602963906812,1.4786570523017304
153.36423193513795,2.224467750858779
153.3681674795947,0.38908096930142294
153.37210302405146,0.73457888688541
153.3760385685082,0.49559566775480807
153.37997411296496,0.1491420794002974
153.3839096574217,0.3185725492291937
153.38784520187846,0.5814769770597081
153.3917807463352,0.6493152692554426
153.39571629079197,0.16532175716307435
153.3996518352487,0.6920340024776622
153.40358737970547,1.4262287229672521
153.4075229241622,0.0780968724755203
153.41145846861895,1.5539442540290773
153.4153940130757,1.893615235715439
153.41932955753248,0.08544608996178035
153.42326510198922,0.3501632792945263
153.42720064644595,0.8132538807818113
153.43113619090272,1.3629542442763065
153.43507173535946,0.7204457680372436
153.43900727981622,0.9428162465066925
153.44294282427296,1.1424049563057526
153.44687836872973,0.3407545954921478
153.4508139131865,0.1165145059097459
153.45474945764323,0.5769753567663928
153.45868500209997,1.78528060654168
153.46262054655674,1.3809014112987668
153.46655609101347,0.951358414862651
153.47049163547024,1.80332510749856
153.47442717992698,3.6074306401154
153.47836272438374,3.4556779642201785
153.48229826884048,0.808618753076324
153.48623381329725,0.21502060398138614
153.49016935775398,1.7312858762179266
153.49410490221075,3.6946609828503814
153.4980404466675,2.8525719202024433
153.50197599112423,0.16991593088797946
153.505911535581,1.6376434314734982
153.50984708003773,0.9131494368842905
153.5137826244945,1.0870151729075412
153.51771816895123,5.9514584183809625
153.521653713408,4.440458739868891
153.52558925786474,0.7025511858381571
153.5295248023215,2.579202837864984
153.53346034677824,3.8530494918467753
153.537395891235,1.102971358337993
153.54133143569177,0.2688857417129012
153.5452669801485,1.0403112275972426
153.54920252460525,0.6023787499224184
153.55313806906202,0.023465154599002523
153.55707361351875,0.7384063891996686
153.56100915797552,0.5597291195871338
153.56494470243226,0.37263010073838576
153.56888024688902,1.6506388355097106
153.57281579134576,4.109107031375577
153.57675133580253,5.330258149171612
153.58068688025926,3.4757577077536497
153.584622424716,1.0947194321854778
153.58855796917277,0.115868811764596
153.5924935136295,0.4232015542871574
153.59642905808627,0.2952699397830695
153.600364602543,0.16176352552822315
153.60430014699978,0.9211401656235443
153.6082356914565,0.030480687653575297
153.61217123591328,1.271916750370994
153.61610678037002,1.6667798913025698
153.62004232482678,0.17152465971455022
153.62397786928352,0.36478970055070264
153.6279134137403,1.4831382119518248
153.63184895819705,1.2377589313637098
153.6357845026538,0.23665494939386816
153.63972004711053,2.131137752467575
153.6436555915673,0.1818327944368956
153.64759113602403,1.614742500033532
153.6515266804808,1.7714800771270731
153.65546222493754,0.3894189032853479
153.6593977693943,1.6688616943863221
153.66333331385104,2.243696821471114
153.66726885830778,0.4925877347064292
153.67120440276454,1.5578754069962515
153.67513994722128,1.214966384074931
153.67907549167805,0.5598816135879959
153.6830110361348,3.282807986773668
153.68694658059155,0.5928246116405941
153.6908821250483,0.6366967091718142
153.69481766950506,1.3815363996847914
153.6987532139618,0.33259915607539536
153.70268875841856,0.040044068908211466
153.7066243028753,0.17079314089878786
153.71055984733206,0.3855091835369964
153.7144953917888,0.5268896415311506
153.71843093624557,0.12394473790490242
153.7223664807023,0.4310957357806154
153.72630202515907,0.15652137828552573
153.7302375696158,0.7527728298007137
153.73417311407258,0.8130069860939626
153.7381086585293,0.14593796818715035
153.74204420298605,0.08792658485474909
153.74597974744282,0.29621371944167124
153.74991529189955,0.09570755257546897
153.75385083635632,0.13450970798571202
153.75778638081306,0.11925141361481863
153.76172192526982,0.015735502789109918
153.76565746972656,0.7354627300504645
153.76959301418333,1.1614210867025918
153.77352855864007,0.08507947710301215
153.77746410309683,0.1319874716447791
153.78139964755357,0.6424373812727348
153.78533519201034,4.030017089406138
153.78927073646707,3.7735449582012586
153.79320628092384,1.4542368995246033
153.79714182538058,1.1949446918741828
153.80107736983734,1.2874783371993268
153.80501291429408,0.3573954774944787
153.80894845875085,0.2523379529246392
153.8128840032076,0.7743864560387391
153.81681954766435,0.046931219281413326
153.8207550921211,0.8617577251712218
153.82469063657783,0.8962069199402442
153.8286261810346,1.0178986801367274
153.83256172549133,1.8939629750574054
153.8364972699481,1.92878072586068
153.84043281440483,0.749475299345993
153.8443683588616,0.7715543058459157
153.84830390331834,2.1685236552892224
153.8522394477751,1.6252782824972885
153.85617499223184,0.6583283889990359
153.8601105366886,0.06365854153606063
153.86404608114535,0.5344068227167893
153.8679816256021,0.41830753693792416
153.87191717005885,0.2179470850176001
153.87585271451562,0.01704298940255138
153.87978825897235,0.9448848307172071
153.88372380342912,1.923811953815902
153.88765934788586,0.24526567425108847
153.89159489234262,0.5256876971417859
153.89553043679936,0.8737147020392722
153.8994659812561,0.020528104854034605
153.90340152571287,0.45281681069439456
153.9073370701696,1.0425820481702777
153.91127261462637,1.0182954048552362
153.9152081590831,0.529006152347245
153.91914370353987,0.5421245583031626
153.9230792479966,0.6075736400269478
153.92701479245338,0.11885094383443852
153.93095033691012,0.8043539334464357
153.93488588136688,0.8420245485968552
153.93882142582362,0.03468450814970159
153.9427569702804,1.509027289485322
153.94669251473712,2.378928345646178
153.9506280591939,1.0837302859452043
153.95456360365063,0.19591785930686834
153.9584991481074,0.23706404346176796
153.96243469256413,0.7284814779352541
153.9663702370209,0.3223010876885333
153.97030578147763,0.0717072252895086
153.9742413259344,0.5107771077730617
153.97817687039114,0.19361440816997072
153.98211241484788,0.0650603565953267
153.98604795930464,0.47271803832693055
153.98998350376138,0.2717772427318408
153.99391904821815,0.08339587011019291
153.99785459267488,0.16202279376553178
154.00179013713165,0.9500633146314919
154.0057256815884,0.45112439422868633
154.00966122604515,0.5007546138333868
154.0135967705019,1.708795908994609
154.01753231495866,0.6674031506088067
154.0214678594154,1.5985837242599445
154.02540340387216,1.356024413859041
154.0293389483289,0.263003068853693
154.0332744927857,0.44223204306314895
154.0372100372424,0.7866769453175686
154.04114558169917,1.50878422525508
154.0450811261559,0.6203076999459933
154.04901667061267,0.06593997379077776
154.0529522150694,1.2266390724892884
154.05688775952615,2.590639346084005
154.06082330398291,1.6535335608421036
154.06475884843965,0.17120969403165465
154.06869439289642,1.6799710041896094
154.07262993735316,1.3292327637370545
154.07656548180992,0.1545227304341408
154.08050102626666,0.28722759020506455
154.08443657072343,0.4196343842688872
154.08837211518016,2.478029938488047
154.09230765963693,2.9923475885947264
154.09624320409367,0.8808367002174605
154.10017874855043,1.759037475206829
154.10411429300717,2.4503978160542874
154.10804983746394,0.8308702679060651
154.11198538192068,0.12953729940722844
154.11592092637744,0.269919722398254
154.11985647083418,0.7002572753697673
154.12379201529097,1.986789862914789
154.12772755974768,1.630008941060159
154.13166310420442,0.9019087902400504
154.1355986486612,1.3670126025502045
154.13953419311792,1.009392244913712
154.1434697375747,0.4445412732144303
154.14740528203143,1.3238007707032773
154.1513408264882,1.001076611102482
154.15527637094493,0.6479879341725094
154.1592119154017,1.2903003570403653
154.16314745985844,1.418922856314969
154.1670830043152,0.8573054156056998
154.17101854877194,1.8737353780942785
154.1749540932287,1.0245030549063432
154.17888963768544,0.3303514360108209
154.1828251821422,1.4758952647606265
154.18676072659895,2.2582379837313176
154.1906962710557,0.40902576875161567
154.19463181551245,1.4517832711915823
154.19856735996922,3.9365907648323457
154.20250290442596,2.495949675980814
154.20643844888272,0.3313674198807718
154.21037399333946,3.5476833228344464
154.2143095377962,2.759444050142424
154.21824508225296,0.03193413832955378
154.2221806267097,0.9786712341924193
154.22611617116647,1.7871957994133474
154.2300517156232,2.821917358599494
154.23398726007997,0.8698004657973335
154.2379228045367,0.3672761028793031
154.24185834899347,2.250203681556574
154.2457938934502,2.191008035334679
154.24972943790698,0.6765488024554969
154.25366498236372,0.27655467546149903
154.25760052682048,1.962699432177261
154.26153607127722,0.6592953636879542
154.265471615734,0.802643666730067
154.26940716019072,1.5615746289910843
154.2733427046475,0.39649195604521886
154.27727824910423,0.1807387472032481
154.281213793561,0.13475315243458666
154.28514933801773,0.04180073220993593
154.28908488247447,0.23617403416431226
154.29302042693124,0.8972886612323742
154.29695597138797,1.814171415548995
154.30089151584474,1.952194026865275
154.30482706030148,0.9546369954160576
154.30876260475824,1.056593421035572
154.31269814921498,1.8090514352953266
154.31663369367175,1.767294410413467
154.32056923812848,0.6491926679589233
154.32450478258525,0.5800549295630315
154.328440327042,1.070221696684887
154.33237587149875,0.225820680132282
154.3363114159555,0.5939736840473885
154.34024696041226,2.263220512527431
154.344182504869,1.1355325236319909
154.34811804932576,0.28944532148759533
154.3520535937825,0.38650435630888547
154.35598913823927,0.5111322076426891
154.359924682696,0.4229783113846388
154.36386022715277,0.530299359119142
154.3677957716095,1.2603336466437312
154.37173131606625,1.6136101607794633
154.375666860523,0.9309367285726403
154.37960240497975,0.12225143835794018
154.38353794943652,0.8400036133983033
154.38747349389325,1.5970893468335314
154.39140903835002,1.3995657711215816
154.39534458280676,0.6811545297209166
154.39928012726352,0.008311009634791942
154.40321567172026,0.6375008797124873
154.40715121617703,0.6940230510629908
154.41108676063376,0.008427348205933053
154.41502230509053,0.5708174007678518
154.41895784954727,0.2504538532592138
154.42289339400403,0.35128796338882595
154.42682893846077,0.690498447634527
154.43076448291754,0.7883313289585022
154.43470002737428,0.27062659905268954
154.43863557183104,1.0381924059247305
154.44257111628778,1.1221714694908231
154.44650666074452,0.7497105813605709
154.45044220520128,0.9182268345204885
154.45437774965802,1.5606203368235079
154.4583132941148,0.8606115932207964
154.46224883857153,0.08601196367994368
154.4661843830283,0.1496771704631356
154.47011992748503,0.10311881060886494
154.4740554719418,0.3407201142899217
154.47799101639853,0.2091430075799273
154.4819265608553,0.6807215895540596
154.48586210531204,0.7816897738397239
154.4897976497688,0.5627917491932982
154.49373319422554,0.36722048506952853
154.4976687386823,0.5029271942046505
154.50160428313905,1.5914821423627632
154.5055398275958,1.014439410003796
154.50947537205255,0.056331964553556144
154.51341091650932,0.7401542807489743
154.51734646096605,0.2596748274867588
154.52128200542282,0.9055809894962926
154.52521754987956,0.9741649018203391
154.5291530943363,0.031248541222381115
154.53308863879306,1.0710752478468222
154.5370241832498,0.7328192498962052
154.54095972770656,0.06235277559723607
154.5448952721633,0.6336206824476381
154.54883081662007,0.15654112604099843
154.5527663610768,0.5430468619633645
154.55670190553357,0.31876547366348196
154.5606374499903,0.20934228455709178
154.56457299444708,0.9339047590521609
154.5685085389038,0.29607973554211314
154.57244408336058,0.30518534343504927
154.57637962781732,0.22695498268031053
154.58031517227408,0.7932008546535084
154.58425071673082,1.683138012704935
154.5881862611876,0.9779785646221228
154.59212180564433,1.4940160698097766
154.5960573501011,1.606326035979873
154.59999289455783,0.8361626930329926
154.60392843901457,1.160058360900336
154.60786398347133,0.14779031182287777
154.61179952792807,1.2710954895644904
154.61573507238484,0.8712143527838889
154.61967061684155,0.29365776685489897
154.62360616129834,1.8240162427384388
154.62754170575508,0.5031664017926076
154.63147725021184,0.019511622115206375
154.63541279466858,0.09403181045660008
154.63934833912535,0.7237324648225524
154.6432838835821,0.34555476654017014
154.64721942803885,0.4688837585466611
154.6511549724956,0.7389198903294331
154.65509051695236,0.21717725034987706
154.6590260614091,0.08657803957131092
154.66296160586586,1.3497846737266812
154.6668971503226,2.757929195536585
154.67083269477936,1.0726550442196596
154.6747682392361,0.592515995036505
154.67870378369284,1.662431193423701
154.6826393281496,0.4980086207422627
154.68657487260634,0.13376642628752833
154.6905104170631,0.04292576059730483
154.69444596151985,1.3923115729168876
154.6983815059766,1.7293020309120966
154.70231705043335,0.3529772285983493
154.70625259489012,0.460896125104428
154.71018813934683,0.5950110937882008
154.71412368380362,0.10273781815422758
154.71805922826036,0.8631984357391964
154.72199477271712,5.012409434548449
154.72593031717386,4.685335784677985
154.72986586163063,0.39154384942821
154.73380140608737,0.41638294614139204
154.73773695054413,0.0979096624849941
154.74167249500087,1.1402128623841434
154.74560803945764,3.2112202539230363
154.74954358391437,1.5026385361255339
154.75347912837114,0.007968134647790653
154.75741467282788,0.42362438366734984
154.76135021728462,0.04991845153602746
154.76528576174138,0.1565539254445479
154.76922130619812,0.49099216673850354
154.77315685065489,0.49439110888248766
154.77709239511162,0.25866965773098033
154.7810279395684,1.9284047065014192
154.78496348402513,1.1284608317364042
154.7888990284819,0.5022268182394464
154.79283457293863,1.0958850334638948
154.7967701173954,1.5069143665510651
154.8007056618521,1.2241940178313482
154.8046412063089,0.048054965067300795
154.80857675076564,0.3216763155373377
154.8125122952224,0.25876493103808224
154.81644783967914,0.9708811922490269
154.8203833841359,0.44845311090461787
154.82431892859265,0.11982004427285761
154.8282544730494,0.5454456310090056
154.83219001750615,2.093411676904884
154.8361255619629,4.022036488792764
154.84006110641965,2.288070946468748
154.8439966508764,0.5590438097579834
154.84793219533316,0.5484568484904552
154.8518677397899,0.9754709766862296
154.85580328424666,1.7663119191093863
154.8597388287034,1.2940764370132256
154.86367437316017,0.02342308863970288
154.8676099176169,1.9620412263794598
154.87154546207367,1.3199865095334031
154.8754810065304,0.3576887008668207
154.87941655098717,1.440555960976192
154.8833520954439,0.0032959811304554662
154.88728763990068,1.4795988777054114
154.8912231843574,2.0991176591543277
154.89515872881418,1.6832084101601021
154.89909427327092,0.29952025581433794
154.90302981772768,0.19510736478903531
154.90696536218442,0.03512922222069494
154.9109009066412,0.8942611793470049
154.91483645109793,0.5086542227556119
154.91877199555466,0.3813107406385564
154.92270754001143,0.8829759271177984
154.92664308446817,0.14487231308134937
154.93057862892493,0.15920678618505943
154.93451417338167,0.039882726468960406
154.93844971783844,0.5289388906338786
154.94238526229518,1.0473713826621365
154.94632080675194,1.000227352611896
154.95025635120868,0.6567918140324711
154.95419189566545,0.6155464145317946
154.95812744012218,1.3098516776535987
154.96206298457895,1.0645875820578357
154.9659985290357,0.41307403026784706
154.96993407349245,0.2036932825227233
154.9738696179492,0.12120501285078111
154.97780516240596,0.4223485147473139
154.9817407068627,1.4172742091520452
154.98567625131946,2.0154223009176877
154.9896117957762,1.7717323901176016
154.99354734023294,1.6306351918075674
154.9974828846897,1.5206935974463407
155.00141842914644,0.7806253344424704
155.0053539736032,0.1591046534256828
155.00928951805994,0.059997328573066395
155.0132250625167,0.29051440971472653
155.01716060697345,1.384080965979847
155.0210961514302,2.243616136479035
155.02503169588695,0.7182948751327949
155.02896724034372,0.4212633720577621
155.03290278480046,0.8208636622664871
155.03683832925722,0.08902199620721837
155.04077387371396,0.0823496924552159
155.04470941817073,0.5256384987168001
155.04864496262746,0.9912038283242877
155.05258050708423,0.23786450531392772
155.05651605154097,0.5650609632096821
155.06045159599773,1.392873175310546
155.06438714045447,1.1056172012422472
155.06832268491124,0.4868727109204273
155.07225822936795,0.10605270722104448
155.0761937738247,0.24468099209838978
155.08012931828148,0.8507805406608173
155.08406486273822,0.3469516577886382
155.08800040719498,0.302038365559124
155.09193595165172,1.8223637677118156
155.0958714961085,1.5449692084933464
155.09980704056522,1.3943025905989659
155.103742585022,1.2014674211512097
155.10767812947873,0.03702141426163949
155.1116136739355,0.5459841325541134
155.11554921839223,0.6083410228108749
155.119484762849,0.04784108547867163
155.12342030730574,0.0980961604560452
155.1273558517625,0.7859280316930708
155.13129139621924,1.0923256195405278
155.135226940676,0.48858321865139515
155.13916248513274,0.9278612830302052
155.1430980295895,0.2979616040211574
155.14703357404625,0.3457904774751684
155.150969118503,0.915272459157423
155.15490466295975,0.0013401604435213591
155.1588402074165,1.2270442466093772
155.16277575187326,0.7358685727805012
155.16671129633,0.09644576414909146
155.17064684078676,0.18232305542916682
155.1745823852435,0.2990093665460421
155.17851792970026,1.4438785896746873
155.182453474157,0.8588393902712529
155.18638901861377,0.9386762686549627
155.1903245630705,1.4604002442628208
155.19426010752727,1.530426945609441
155.198195651984,0.5469583746960933
155.20213119644075,0.09701504332825304
155.2060667408975,0.028970388128172455
155.21000228535428,0.08511107643195713
155.21393782981102,0.2078976612227911
155.21787337426778,0.6849555285077532
155.22180891872452,1.6400545324813585
155.22574446318126,1.8598495818397718
155.22968000763802,0.6565864426296825
155.23361555209476,0.04364705305914184
155.23755109655153,0.03969262102667692
155.2414866410083,0.18804654427582276
155.24542218546503,0.06501697463519925
155.24935772992177,1.111884646339308
155.25329327437854,1.3365693079426402
155.25722881883527,0.43717195856615515
155.26116436329204,0.2910451720063558
155.26509990774878,0.5101730421802343
155.26903545220554,0.8841121308325488
155.27297099666228,0.28943324255592173
155.27690654111905,0.000864299917946299
155.28084208557578,0.3188432744898623
155.28477763003255,1.0445854348965884
155.2887131744893,0.9241615073456578
155.29264871894603,0.980476194011756
155.2965842634028,2.1039357443805007
155.30051980785956,3.263237712822787
155.3044553523163,2.160715685907512
155.30839089677303,0.7936308156670998
155.3123264412298,0.5178391013395647
155.31626198568654,0.6047883797601744
155.3201975301433,0.2323623146842196
155.32413307460004,0.3624401898846825
155.3280686190568,1.3351910646134955
155.33200416351357,0.4217370707325531
155.3359397079703,2.4101979700203344
155.33987525242705,1.92346174431528
155.34381079688382,0.44810730148542943
155.34774634134055,1.3449237742832114
155.35168188579732,1.8730252958320182
155.35561743025406,2.306783372508482
155.35955297471082,0.5898800837441502
155.36348851916756,0.6733191125117317
155.36742406362433,0.4402849325518839
155.37135960808106,0.13353491520873118
155.37529515253783,1.1855392295289278
155.37923069699457,0.7109736182591876
155.3831662414513,0.06371082901869199
155.38710178590807,0.8260280876151291
155.3910373303648,1.1009475702682032
155.39497287482158,1.1580240719885626
155.3989084192783,1.6603799296122932
155.40284396373508,1.2657477320739299
155.40677950819182,0.08516829356078984
155.41071505264858,0.41405689710340954
155.41465059710532,0.3249621504148515
155.4185861415621,0.10095939004678646
155.42252168601885,0.6269866564263564
155.4264572304756,0.3353526178639094
155.43039277493233,0.6758417506333511
155.4343283193891,2.1009965055864575
155.43826386384583,2.025098710216285
155.4421994083026,0.5608027939024666
155.44613495275934,0.5157653838787305
155.4500704972161,1.3464429647312133
155.45400604167284,1.2641705137992307
155.4579415861296,0.17684407173998215
155.46187713058634,0.7653144173591911
155.46581267504308,0.9727328633046383
155.46974821949985,0.8509245748087934
155.4736837639566,2.4171668657654632
155.47761930841335,1.549068126493759
155.4815548528701,1.4234645449418202
155.48549039732686,0.7632218754458039
155.4894259417836,0.6060464547933341
155.49336148624036,1.386082545082482
155.4972970306971,0.7743225496058151
155.50123257515386,0.3133974168358727
155.5051681196106,0.18710370243491767
155.50910366406737,0.03210792832138611
155.5130392085241,0.05772523340973321
155.51697475298087,0.8506397562176102
155.5209102974376,2.9481096366647583
155.52484584189438,2.1210801176490675
155.5287813863511,1.5435925968160402
155.53271693080788,1.826610367012729
155.53665247526462,0.4376913182333615
155.54058801972135,1.4898433600232293
155.54452356417812,0.7214531193536668
155.54845910863486,0.8457661574840148
155.55239465309162,0.9097796440734727
155.55633019754836,0.06391633373294182
155.56026574200513,1.0559468347747492
155.56420128646187,0.46468587128928673
155.56813683091863,0.14391544973811313
155.57207237537537,0.3049228429832101
155.57600791983214,0.8651740602464689
155.57994346428887,3.603621677463295
155.58387900874564,1.5833320622906617
155.58781455320238,0.000950643622085917
155.59175009765914,0.1205649480963987
155.59568564211588,0.6953326039311543
155.59962118657265,0.4482657807658344
155.6035567310294,0.8702204233103719
155.60749227548615,2.4038592444161053
155.6114278199429,0.39136987760717135
155.61536336439966,1.0848542129170802
155.6192989088564,1.6291085797215963
155.62323445331313,0.5999838073671845
155.6271699977699,0.1658805998379893
155.63110554222663,0.07277183023958214
155.6350410866834,0.7450546851322033
155.63897663114014,0.7999127868657114
155.6429121755969,1.1624167410194697
155.64684772005364,1.508014190596365
155.6507832645104,1.5654309478755046
155.65471880896715,1.773371382810019
155.6586543534239,0.22934196273270296
155.66258989788065,0.5263902435715503
155.66652544233742,1.0258114157140656
155.67046098679415,0.5282927486071303
155.67439653125092,0.41413448666744107
155.67833207570766,0.08045720362695268
155.68226762016442,1.5306923582173577
155.68620316462116,1.8483510516174808
155.69013870907793,0.9169715797794886
155.6940742535347,1.093881556662601
155.6980097979914,0.5438538603417871
155.70194534244817,0.6036815911146024
155.7058808869049,0.267543938464937
155.70981643136167,1.121193679102412
155.7137519758184,1.2203960562878613
155.71768752027518,0.8977321543997017
155.72162306473192,4.8414938470734015
155.72555860918868,4.002288338652138
155.72949415364542,0.630740872857912
155.7334296981022,0.09798090512497239
155.73736524255892,0.6135427932663068
155.7413007870157,1.2165096551448376
155.74523633147243,0.5146418422297198
155.7491718759292,0.06892408276441711
155.75310742038593,0.37257747961649973
155.7570429648427,1.0660732621523596
155.76097850929943,1.1622876547451808
155.7649140537562,0.10341059686704561
155.76884959821294,1.4065079627946622
155.77278514266968,3.5326794778359414
155.77672068712644,0.7337616208694018
155.78065623158318,0.40846187792696714
155.78459177603995,0.2979329642691489
155.78852732049668,0.9804105797755642
155.79246286495345,1.2057656152190122
155.7963984094102,0.7009610353637805
155.80033395386695,1.2986154300566355
155.8042694983237,1.329122440764249
155.80820504278046,2.586094512604116
155.8121405872372,1.4666651579653256
155.81607613169396,0.18326032349565363
155.8200116761507,0.3461380636544925
155.8239472206075,0.5442419319257873
155.8278827650642,0.58124072574325
155.83181830952097,1.423586546841017
155.8357538539777,0.5671193619960451
155.83968939843447,1.1951345102244662
155.8436249428912,0.0928182543696082
155.84756048734798,1.2960143847764876
155.85149603180471,1.4865687195722048
155.85543157626145,0.01166911853741687
155.85936712071822,0.33523318228917715
155.86330266517496,0.4808740416541497
155.86723820963172,1.1461413070762791
155.87117375408846,0.41840293090774117
155.87510929854523,0.21201938546273416
155.87904484300196,0.12754545660350664
155.88298038745873,0.07242451591138609
155.88691593191547,0.08665437723975777
155.89085147637223,0.10461019278785495
155.89478702082897,0.9107488292257558
155.89872256528574,1.561436165787888
155.90265810974248,0.7096406446370828
155.90659365419924,0.06813905977777354
155.91052919865598,0.23751121807495398
155.91446474311277,0.151385925828199
155.91840028756948,0.20982370986551835
155.92233583202625,0.23339605308517447
155.926271376483,0.24666184207708525
155.93020692093972,0.39650075321827016
155.9341424653965,0.6246308771060125
155.93807800985323,0.7345946277658019
155.94201355431,0.6940847373623426
155.94594909876673,0.17462232483271
155.9498846432235,0.021043465476175943
155.95382018768024,0.1887456190633227
155.957755732137,0.42505557211938183
155.96169127659374,0.38258709217561937
155.9656268210505,0.5716621408992966
155.96956236550724,0.07291319274270655
155.973497909964,1.2022402159228476
155.97743345442075,2.5105672388157436
155.9813689988775,3.0360985528734585
155.98530454333425,1.8768840751349671
155.98924008779102,0.2355555315045183
155.99317563224776,0.07973985264670666
155.99711117670452,0.6363653886307084
156.00104672116126,0.6774944841661995
156.00498226561805,0.1677539993657773
156.00891781007476,0.4019228549318926
156.0128533545315,0.46812854801578285
156.01678889898827,0.6689695705437058
156.020724443445,1.2629388060175868
156.02465998790177,0.4698650142821845
156.0285955323585,0.11167419909834178
156.03253107681527,0.905237174418945
156.036466621272,1.418371733284451
156.04040216572878,0.6843820668879838
156.04433771018552,0.0012964090687291514
156.04827325464228,0.10574853181608804
156.05220879909902,0.1266110822489974
156.0561443435558,0.31846569221062393
156.06007988801252,0.9615053236164426
156.0640154324693,0.5044370045191139
156.06795097692603,0.08328691700383938
156.0718865213828,0.25049540663562786
156.07582206583953,0.17045642976823058
156.0797576102963,0.2561755131039521
156.08369315475304,1.258660906810163
156.08762869920977,2.86779479075421
156.09156424366654,1.8015064684192263
156.09549978812328,3.3414260575217356
156.09943533258004,1.3582723436381166
156.10337087703678,0.2582840891176261
156.10730642149355,0.49934545590204077
156.11124196595028,0.0379293040592845
156.11517751040705,0.30683626993599844
156.1191130548638,0.05969704494656403
156.12304859932055,0.36246196453609136
156.1269841437773,0.45282042728063776
156.13091968823406,0.5783413757296809
156.1348552326908,1.6690203934413168
156.13879077714756,0.9822253406065651
156.1427263216043,1.8148635596059028
156.14666186606107,3.9969929138152787
156.1505974105178,3.311870856163331
156.15453295497457,3.6757042927695744
156.1584684994313,1.4431379886361082
156.16240404388807,0.3023543719241186
156.1663395883448,0.6619828483119942
156.17027513280155,1.5757246476152449
156.17421067725832,2.024978761311559
156.17814622171505,2.0608927966565185
156.18208176617182,1.2540698606169864
156.18601731062856,0.5025057823831441
156.18995285508532,0.6676131507330043
156.19388839954206,0.5549058907268128
156.19782394399883,1.2564318716547054
156.20175948845556,1.4419095628444083
156.20569503291233,0.6480988356297216
156.20963057736907,0.14286960130076976
156.21356612182583,0.4547861871231254
156.21750166628257,0.4513657322720574
156.22143721073934,0.035774538097682905
156.22537275519608,0.05856055476673315
156.22930829965284,0.03016842343320899
156.23324384410958,0.05430788197780579
156.23717938856635,0.123144909392611
156.24111493302308,0.17447308867101577
156.24505047747982,0.12155359726289156
156.2489860219366,0.2602506069065253
156.25292156639333,0.38998470583606076
156.2568571108501,0.05813973624390476
156.26079265530683,0.1060331835326246
156.2647281997636,0.29823609281393454
156.26866374422033,0.24014210270029898
156.2725992886771,1.0378896566928648
156.27653483313384,1.592950977968639
156.2804703775906,0.6921840334669154
156.28440592204734,0.0876739293357347
156.2883414665041,0.18847467594295678
156.29227701096085,0.4398097067826406
156.2962125554176,0.8245094279465671
156.30014809987435,0.4129025722770256
156.30408364433112,0.2307626104317005
156.30801918878785,0.12406279476163884
156.31195473324462,0.1153730347695981
156.31589027770136,0.2675718308357374
156.3198258221581,0.03376420390508277
156.32376136661486,0.7777387838661809
156.3276969110716,0.697226892075136
156.33163245552836,0.06434792644691166
156.3355679999851,0.029265127090137472
156.33950354444187,0.00848486430785569
156.3434390888986,0.09444563117931849
156.34737463335537,0.5235308058459516
156.3513101778121,1.6774154503704992
156.35524572226888,1.2191466578315437
156.3591812667256,0.12210298139648135
156.36311681118238,0.7343671992473254
156.36705235563912,1.9480201001251682
156.37098790009588,1.6506867311530862
156.37492344455262,0.5525903234574983
156.3788589890094,1.3672171556268986
156.38279453346613,2.918433931769401
156.3867300779229,2.918833993619494
156.39066562237963,1.3451061843774252
156.3946011668364,0.1431905383735424
156.39853671129313,0.27906190685625
156.40247225574987,0.9201621444627966
156.40640780020664,1.6964508988186426
156.41034334466335,2.0244884281118916
156.41427888912014,1.7048213350215577
156.41821443357688,1.0342622095724954
156.42214997803364,0.1551144595580971
156.42608552249038,0.37167748638661835
156.43002106694715,0.5733507610035591
156.4339566114039,0.47751199610245276
156.43789215586065,2.9094474614553887
156.4418277003174,3.0124906677585734
156.44576324477416,0.6659377873720501
156.4496987892309,0.3249095463913777
156.45363433368766,0.8622698455280721
156.4575698781444,0.5935646962918439
156.46150542260116,0.17113705082401026
156.4654409670579,0.771189974560507
156.46937651151467,0.15105090485381834
156.4733120559714,0.47663398623213254
156.47724760042814,0.8090042407337652
156.4811831448849,1.2247263482166577
156.48511868934165,4.095165501084695
156.4890542337984,2.3482995497261197
156.49298977825515,1.1902817505739698
156.49692532271192,1.8537158351644696
156.50086086716863,1.441455240291114
156.50479641162542,1.2238214197180795
156.50873195608216,0.059904901214931576
156.51266750053892,2.386715977428141
156.51660304499566,2.6859968584594194
156.52053858945243,1.1147794066027112
156.52447413390917,0.05954643349090245
156.52840967836593,0.8233284073932696
156.53234522282267,0.9729482407522829
156.53628076727944,0.05869150832237398
156.54021631173617,0.9470673301055683
156.54415185619294,0.006736005099918605
156.54808740064968,1.5675283072067447
156.55202294510644,1.504458584550781
156.55595848956318,0.7959139460036012
156.55989403401992,1.7479006361971332
156.56382957847669,1.4723808183593883
156.56776512293342,0.5065643612734013
156.5717006673902,0.002254931139613013
156.57563621184693,0.13063274134618283
156.5795717563037,0.9605318039234392
156.58350730076043,1.2083406825169816
156.5874428452172,0.40906853073480215
156.5913783896739,1.369883788437186
156.5953139341307,0.6571944656821487
156.59924947858744,0.07370254548834013
156.6031850230442,0.6093836136741254
156.60712056750094,0.4384475593912504
156.6110561119577,0.2912847580475025
156.61499165641445,0.22471430921497051
156.6189272008712,0.2568088009100914
156.62286274532795,0.5258072342596806
156.62679828978472,0.22079091566715298
156.63073383424145,0.3927410352745046
156.6346693786982,0.22895262201519403
156.63860492315496,0.01341698036763833
156.6425404676117,0.10946867007947038
156.64647601206846,0.007418978798453542
156.6504115565252,0.33131911064695385
156.65434710098197,0.9863910963516713
156.6582826454387,0.30494261492465863
156.66221818989547,0.15204919597223612
156.6661537343522,0.5303895842326978
156.67008927880897,0.5444904477760325
156.6740248232657,1.0497751702913778
156.67796036772248,2.06999751723776
156.6818959121792,2.0081728728637187
156.68583145663598,1.1768580519342084
156.68976700109272,2.4852019245025074
156.69370254554948,2.956778148926841
156.69763809000622,3.1796848820168293
156.701573634463,1.6812470923640164
156.70550917891973,0.3752273010017285
156.7094447233765,0.5129531993216518
156.71338026783323,0.3223123227925278
156.71731581228997,0.8320953375533013
156.72125135674673,2.9219019528456016
156.72518690120347,1.3538072502057827
156.72912244566024,1.9646585078827532
156.73305799011698,4.970629142648127
156.73699353457374,3.669050062324937
156.74092907903048,1.306905465927218
156.74486462348725,0.30384053690853385
156.74880016794398,2.5712910152739825
156.75273571240075,2.129475914218213
156.7566712568575,0.16998463601070204
156.76060680131425,1.0573474160715923
156.764542345771,1.5732969406863138
156.76847789022776,1.1864280130382392
156.7724134346845,0.5106094828891176
156.77634897914126,0.1525608174111129
156.780284523598,0.3860964317916966
156.78422006805476,0.988822914393051
156.7881556125115,0.8874109390031137
156.79209115696824,1.9305194737908655
156.796026701425,4.635089350975599
156.79996224588174,2.9634393106866157
156.8038977903385,0.4999644759951043
156.80783333479525,2.073907611843406
156.811768879252,1.3458241861817983
156.81570442370875,0.7875682663893705
156.81963996816552,0.3396358975478347
156.82357551262226,1.5660456973103831
156.82751105707902,1.0563068326696572
156.83144660153576,0.4456058291719748
156.83538214599253,1.5854932884815771
156.83931769044926,1.8370013634423976
156.84325323490603,1.4381101750500116
156.84718877936277,0.9163909016789251
156.85112432381953,2.103251746261109
156.85505986827627,6.624640358820291
156.85899541273304,4.426054218353398
156.86293095718975,0.7131724317068286
156.8668665016465,1.4464992139430413
156.87080204610328,0.11929359259566236
156.87473759056002,3.3203932697821443
156.87867313501678,2.934075887329405
156.88260867947352,0.965178293697129
156.8865442239303,1.7883998698477557
156.89047976838702,0.8090057162024632
156.8944153128438,0.4405444069291587
156.89835085730053,0.16828398884886117
156.9022864017573,0.9423691910530854
156.90622194621403,0.25081267120462136
156.9101574906708,0.717436285548621
156.91409303512754,0.5512342284871784
156.9180285795843,0.314498880568176
156.92196412404104,1.1457082099011922
156.9258996684978,0.042077891546236854
156.92983521295454,0.7830628254109993
156.9337707574113,0.6851874522613745
156.93770630186805,0.008866901555714518
156.9416418463248,1.2132013727814315
156.94557739078155,2.405060978764805
156.9495129352383,0.6272834414225343
156.95344847969506,0.09982636451683827
156.9573840241518,0.6092204270880927
156.96131956860856,0.14197142224610848
156.9652551130653,0.45698184407193354
156.96919065752206,0.6260138552071427
156.9731262019788,0.6226820884344714
156.97706174643557,0.5424987324984558
156.9809972908923,0.9024292903634544
156.98493283534907,4.587249250839918
156.9888683798058,3.6229569384469404
156.99280392426255,2.019156501626461
156.9967394687193,1.4632092394405174
157.00067501317608,2.8127615887401523
157.00461055763282,2.1660917211437742
157.00854610208958,0.9300054500736472
157.01248164654632,0.34884323166598263
157.0164171910031,0.08525467837587321
157.02035273545982,0.148640180818474
157.02428827991656,0.22009382255205154
157.02822382437333,0.11928777199022267
157.0321593688301,1.792549531969461
157.03609491328683,1.476637587048311
157.04003045774357,0.23885203968596433
157.04396600220034,0.06602317532882045
157.04790154665707,2.065385968879569
157.05183709111384,3.6812886541233842
157.05577263557058,1.4073468090714938
157.05970818002734,0.02986411696233627
157.06364372448408,1.1552334075833932
157.06757926894085,2.5233935305777515
157.07151481339758,0.5149324549980503
157.07545035785435,0.5304036724824699
157.0793859023111,0.40087932170459767
157.08332144676783,0.4663069649114711
157.0872569912246,0.7865108022975408
157.09119253568136,0.8130845177794592
157.0951280801381,1.3330087041583214
157.09906362459486,0.7932571056704864
157.1029991690516,0.06629035479038023
157.10693471350834,0.846997167040478
157.1108702579651,1.1154690393503455
157.11480580242184,0.5742885905420791
157.1187413468786,0.14073052970478817
157.12267689133537,0.07669132950885973
157.1266124357921,0.005123706141264615
157.13054798024885,0.09032888571367494
157.13448352470562,0.07998115534142462
157.13841906916235,0.2984471263832654
157.14235461361912,0.5876984785629656
157.14629015807586,1.892038358962925
157.15022570253262,1.1840045803324486
157.15416124698936,0.1463042690531252
157.15809679144613,0.8354704864318859
157.16203233590286,1.51066670105667
157.16596788035963,1.2689609018774093
157.16990342481637,1.8363248560593903
157.1738389692731,2.8087095591504947
157.17777451372987,0.6193080744243905
157.1817100581866,0.30788816591520946
157.18564560264338,0.5096125395089312
157.1895811471001,0.04391656933962689
157.19351669155688,0.46420669681020077
157.19745223601362,0.10318618473972072
157.20138778047038,0.02758552423764988
157.20532332492712,0.008967640146988901
157.2092588693839,0.5586749131192762
157.21319441384065,0.7390563014314044
157.2171299582974,0.15769776526851773
157.22106550275413,0.33776445756871604
157.2250010472109,0.6679033463982041
157.22893659166763,0.4565450263206962
157.2328721361244,0.24546584679448513
157.23680768058114,0.6246112638659189
157.2407432250379,0.7823349493805393
157.24467876949464,0.20708499390600216
157.2486143139514,0.014219458805567072
157.25254985840814,0.028762269114517548
157.2564854028649,0.7646890807975854
157.26042094732165,0.605155755943887
157.2643564917784,0.11150708493603993
157.26829203623515,1.5431290356491054
157.2722275806919,2.2539902831362517
157.27616312514866,1.691870792757069
157.2800986696054,0.16923644657178527
157.28403421406216,0.36570885238418993
157.2879697585189,0.9376177810278807
157.29190530297566,2.768395480391887
157.2958408474324,0.5360679939773358
157.29977639188917,1.37142270864426
157.3037119363459,2.8446975071739025
157.30764748080267,0.3874988198273753
157.3115830252594,0.08637892485934806
157.31551856971618,0.07837815808668014
157.3194541141729,0.19041488529365208
157.32338965862968,0.8565443696664924
157.32732520308642,1.2687213569093425
157.33126074754318,0.563285989092537
157.33519629199992,1.2144499767362296
157.33913183645666,0.9758301045024326
157.34306738091342,0.8418263557731339
157.34700292537016,0.2733357210921652
157.35093846982693,0.01052164407414799
157.35487401428367,0.3707798416340887
157.35880955874043,1.4567300532137297
157.36274510319717,0.7473539773603144
157.36668064765394,0.017325852362485156
157.37061619211067,0.12543760545604987
157.37455173656744,0.14010629291486162
157.37848728102418,0.5614842933505843
157.38242282548094,1.1625405455467877
157.38635836993768,0.5576734770705115
157.39029391439445,0.2954215923274964
157.3942294588512,1.0849799356354257
157.39816500330795,1.247962418170357
157.4021005477647,0.49802916346936965
157.40603609222146,0.05425703788117991
157.4099716366782,1.6700150454412686
157.41390718113493,2.4287915947627456
157.4178427255917,0.45747061489895746
157.42177827004843,0.39400342094111174
157.4257138145052,1.6827317685754923
157.42964935896194,1.5090494967825612
157.4335849034187,0.2722433632529748
157.43752044787544,0.006291404181170655
157.4414559923322,0.30483304486500373
157.44539153678895,1.2609014847084277
157.4493270812457,0.4949563006019751
157.45326262570245,0.07319815606009643
157.45719817015922,0.5866237926360293
157.46113371461595,0.30613277642644293
157.46506925907272,0.4433216281405535
157.46900480352946,1.0428093601756043
157.47294034798622,0.4346142514773362
157.47687589244296,3.2622480523163486
157.48081143689973,3.4005410729126173
157.4847469813565,1.147390216932579
157.48868252581323,0.22794300784680385
157.49261807026997,0.32201481513358005
157.4965536147267,0.4869521321632746
157.50048915918347,0.36282525251542175
157.5044247036402,0.430412878489335
157.50836024809698,0.5788079436219892
157.51229579255372,1.2308885477621718
157.51623133701048,0.14972786448077222
157.52016688146722,0.8077189291381415
157.524102425924,0.3299613735524615
157.52803797038072,0.39164414217735205
157.5319735148375,0.1963318295934726
157.53590905929423,0.2393945924419565
157.539844603751,0.9894834134277494
157.54378014820773,1.1050517522238081
157.5477156926645,1.1196640907067916
157.55165123712123,1.6991531070057089
157.555586781578,0.2301335021767875
157.55952232603474,0.8509668397756026
157.5634578704915,3.241992945154254
157.56739341494824,4.087839925652184
157.57132895940498,2.056189268086491
157.57526450386175,2.8452581353750843
157.57920004831848,3.1816045921270275
157.58313559277525,0.5596793725917565
157.587071137232,0.6597474550332555
157.59100668168875,1.7458006568846725
157.5949422261455,2.259740074864524
157.59887777060226,1.369578415408297
157.602813315059,0.08728440811387497
157.60674885951576,0.8003076708420881
157.6106844039725,0.7904892438793998
157.6146199484293,0.36463035282493733
157.618555492886,1.5052901377933292
157.62249103734277,2.777269769253406
157.6264265817995,1.2898735053023178
157.63036212625627,0.10928989565041625
157.634297670713,0.4148026604333014
157.63823321516978,0.175216907008378
157.64216875962651,0.14120989433127967
157.64610430408328,0.169130870529058
157.65003984854002,0.1642092757198365
157.65397539299676,0.4803427055728024
157.65791093745352,0.12610403008686746
157.66184648191026,0.6550394419165437
157.66578202636703,1.8470509572263578
157.66971757082376,0.33674330282281456
157.67365311528053,0.19047444826260332
157.67758865973727,0.08592834933914173
157.68152420419403,0.9849813801578927
157.68545974865077,1.6710136291553395
157.68939529310754,1.1526361669912093
157.69333083756428,0.7993538142936321
157.69726638202104,0.937926671593329
157.70120192647778,1.761815429700543
157.70513747093457,1.2677986615543908
157.70907301539128,0.19137720134153816
157.71300855984805,0.21340058463485917
157.7169441043048,0.3907654516542265
157.72087964876155,1.3655637893867427
157.7248151932183,3.637583557533968
157.72875073767503,1.3131806375926727
157.7326862821318,0.7145446973497183
157.73662182658853,0.2680932595493354
157.7405573710453,0.5430027222181351
157.74449291550204,0.8568738454913701
157.7484284599588,0.42640580113145976
157.75236400441554,1.2581512802551247
157.7562995488723,2.8612400029676044
157.76023509332904,3.8061690552522993
157.7641706377858,0.5439040518498472
157.76810618224255,3.3272864374138007
157.7720417266993,4.1934165109171735
157.77597727115605,0.2967302540411517
157.77991281561282,1.1918176484067025
157.78384836006956,1.38201481047914
157.78778390452632,0.8045749891065147
157.79171944898306,2.5170874754278105
157.79565499343985,0.3044511503030299
157.79959053789656,3.1522486282252493
157.80352608235333,3.2186903391459776
157.80746162681007,1.448643127391512
157.8113971712668,0.45561534553811794
157.81533271572357,1.3000414311945165
157.8192682601803,3.7071775664796878
157.82320380463707,1.0761852670352694
157.8271393490938,0.054516846680986636
157.83107489355058,0.604577761316851
157.83501043800732,3.493000064717418
157.83894598246408,2.2981697086035195
157.84288152692082,0.03962512423482769
157.8468170713776,0.3561581127228217
157.85075261583432,0.8909819974594925
157.8546881602911,3.0546966471295205
157.85862370474783,2.2549245502275626
157.8625592492046,0.180753127522221
157.86649479366133,0.04874525184293653
157.8704303381181,0.004309889533651411
157.87436588257484,0.03175485577010526
157.8783014270316,0.04451804425664361
157.88223697148834,0.06583665011215199
157.88617251594508,0.3144606326820812
157.89010806040184,0.8875121855119641
157.89404360485858,0.6427821907922119
157.89797914931535,0.409024868575098
157.90191469377208,0.1504354519080887
157.90585023822885,0.13350134021891685
157.9097857826856,1.1541562175076212
157.91372132714235,2.0340697043022944
157.9176568715991,2.5240687661292953
157.92159241605586,1.7612353563483947
157.9255279605126,0.7070152958123365
157.92946350496936,0.6241261682948903
157.9333990494261,1.8542253092970447
157.93733459388287,3.93686675881619
157.9412701383396,2.7885924900954415
157.94520568279637,0.5783877056370333
157.9491412272531,1.0198752992056437
157.95307677170987,1.3004499747754157
157.9570123161666,1.8107470980666132
157.96094786062335,0.6802482027938537
157.96488340508012,0.0003018705236785253
157.96881894953685,0.37896077313324716
157.97275449399362,1.799401826945931
157.97669003845036,1.5923255670534393
157.98062558290712,0.6076049731048166
157.98456112736386,0.2748158500439571
157.98849667182063,1.6037580754027485
157.99243221627736,0.9188862314459423
157.99636776073413,0.7908645727807914
158.00030330519087,2.3689012364059696
158.00423884964763,1.2668785753751892
158.00817439410437,0.4164919561750717
158.01210993856114,0.7649982586776328
158.01604548301788,5.150160350714124
158.01998102747464,3.7581977077993223
158.02391657193138,0.3327521049325714
158.02785211638815,0.10740623359882616
158.03178766084488,0.16967633655173514
158.03572320530165,1.4752862640268825
158.0396587497584,1.0810127820209645
158.04359429421513,0.03548606666149879
158.0475298386719,0.5335067111396977
158.05146538312863,0.16806284221889126
158.0554009275854,0.10774169722561755
158.05933647204213,0.6919661355548277
158.0632720164989,0.82453394764825
158.06720756095564,0.11556299702716892
158.0711431054124,0.9334033548922671
158.07507864986914,1.2610835111373364
158.0790141943259,0.1817013521720714
158.08294973878264,0.6147768386463268
158.0868852832394,0.4120499557780239
158.09082082769615,0.5714936261666698
158.09475637215291,1.7740810931590159
158.09869191660965,0.14131053171027314
158.10262746106642,1.1541916922596185
158.10656300552316,0.5533153558039071
158.11049854997992,0.030536937737366744
158.11443409443666,0.45065077248582996
158.1183696388934,1.8933609262460596
158.12230518335016,0.39319834931327446
158.1262407278069,0.6110613518577883
158.13017627226367,0.7839949650945605
158.1341118167204,0.10613031976146158
158.13804736117717,1.080911629251953
158.1419829056339,1.9577032216018204
158.14591845009068,1.1794339179569266
158.1498539945474,1.2429409650786432
158.15378953900418,0.381090570012888
158.15772508346092,1.0445084370663416
158.16166062791768,2.06269606670084
158.16559617237442,3.295816507390293
158.1695317168312,4.444222572200113
158.17346726128793,1.7870722152043161
158.1774028057447,0.929718496603875
158.18133835020143,0.7976921566831294
158.1852738946582,2.3874052400511707
158.18920943911493,1.508875004884945
158.1931449835717,0.45470524864278555
158.19708052802844,0.3320512002575058
158.20101607248515,0.8507649945916158
158.20495161694194,3.515784748876884
158.20888716139868,2.104559440570655
158.21282270585544,0.48581481451353253
158.21675825031218,1.3761672233652398
158.22069379476895,0.7521519420298435
158.2246293392257,0.37803018625513213
158.22856488368245,0.1744000456068531
158.2325004281392,1.7616187834399997
158.23643597259596,1.1647526819707916
158.2403715170527,0.11154309985762197
158.24430706150946,0.0878027893568554
158.2482426059662,0.06010668104049899
158.25217815042296,0.056191439149459295
158.2561136948797,0.2575320457766858
158.26004923933647,0.18193331770023263
158.2639847837932,2.1084511282426113
158.26792032824997,2.73900459449477
158.2718558727067,0.2474971024799718
158.27579141716345,0.7699885337491259
158.2797269616202,0.9971000445829707
158.28366250607695,0.3580591972845015
158.28759805053372,0.09053050159863647
158.29153359499043,0.5916037618716703
158.29546913944722,0.9799552154747783
158.29940468390396,3.871186389138967
158.30334022836072,6.034463822664453
158.30727577281746,1.5428078109869052
158.31121131727423,0.6065083730179964
158.31514686173097,1.3229099145574668
158.31908240618773,1.1456408410468486
158.32301795064447,1.11785596183018
158.32695349510124,0.2841970663380259
158.33088903955797,1.4461213516996407
158.33482458401474,1.4039683379708834
158.33876012847148,0.6407946720249423
158.34269567292824,0.6028595629857264
158.34663121738498,0.1391402333156234
158.35056676184175,0.3514634776891004
158.35450230629849,0.6450222870444304
158.35843785075522,0.3542194230408787
158.362373395212,1.7596365986716178
158.36630893966873,2.4320882884354984
158.3702444841255,0.625684362168038
158.37418002858223,1.4442415562988509
158.378115573039,2.3118371221564895
158.3820511174957,0.46580023476531374
158.3859866619525,0.6060907220821083
158.38992220640924,0.7639873327832883
158.393857750866,0.1055884181488977
158.39779329532274,0.023063003589882617
158.4017288397795,0.2197117237125426
158.40566438423625,0.27277068759887085
158.409599928693,0.4985382850954564
158.41353547314975,1.004333748059388
158.41747101760652,0.435180896496708
158.42140656206325,0.16655850298454752
158.42534210652002,0.5045918712793077
158.42927765097676,2.381465733626222
158.4332131954335,1.8570948885692942
158.43714873989026,1.1496474551475262
158.441084284347,2.5941653913563774
158.44501982880377,5.105965052209076
158.4489553732605,1.3412029166797723
158.45289091771727,0.7922857236347173
158.456826462174,0.7087495389099909
158.46076200663077,1.6474198329231584
158.4646975510875,6.442674191047129
158.46863309554428,1.8159525442463231
158.472568640001,1.3683116369933113
158.47650418445778,1.5742201092463206
158.48043972891452,0.053357731919611864
158.48437527337128,1.0411534933727424
158.48831081782802,1.8400070527214245
158.4922463622848,2.9360950044214267
158.49618190674153,0.6853593658765683
158.5001174511983,0.29413742965757605
158.50405299565503,0.3858067469464596
158.50798854011177,0.477463641815324
158.51192408456853,0.7340197423924232
158.51585962902527,0.2329938337156661
158.51979517348204,2.084551388993215
158.52373071793878,2.461706437773519
158.52766626239554,1.8175258401472478
158.53160180685228,1.3693895363513648
158.53553735130905,0.4786124656001465
158.53947289576578,0.6531216461253242
158.54340844022255,2.6121542070972117
158.5473439846793,0.4709896323815876
158.55127952913605,0.694435275463699
158.5552150735928,1.705287871352261
158.55915061804956,2.354883229431069
158.5630861625063,0.5189099377615133
158.56702170696306,0.7465126333775041
158.5709572514198,1.29057363363518
158.57489279587656,0.5114787461196897
158.5788283403333,1.0083562190746682
158.58276388479007,1.6550348475356937
158.5866994292468,0.35760356941710353
158.59063497370354,1.7158042794061827
158.5945705181603,2.441871133936751
158.59850606261705,0.7553443689828377
158.6024416070738,1.5642421859906448
158.60637715153055,3.028099203913921
158.61031269598732,2.401675564749747
158.61424824044406,0.4114831189679499
158.61818378490082,0.027392321350487202
158.62211932935756,0.08751615392291233
158.62605487381433,0.06542403738457668
158.62999041827106,0.2518465176014737
158.63392596272783,0.8022446164040676
158.63786150718457,1.198314945676088
158.64179705164133,1.1149816763169194
158.64573259609807,0.9869065054843782
158.64966814055484,0.4296970422678816
158.65360368501155,0.09105750203184974
158.65753922946834,0.18291196534309875
158.66147477392508,1.2660927003047757
158.66541031838182,2.2022297167187075
158.66934586283858,1.508829044939739
158.67328140729532,0.8925916025866726
158.6772169517521,0.3641609903943149
158.68115249620882,0.4489325354090516
158.6850880406656,1.5106363297914172
158.68902358512233,0.49713726390522694
158.6929591295791,0.019933461243078127
158.69689467403583,0.4140391084795553
158.7008302184926,0.8150570338031861
158.70476576294934,0.5069233866992005
158.7087013074061,1.6202547961872193
158.71263685186284,0.7248242247886326
158.7165723963196,0.15738185266177662
158.72050794077634,0.26355608214933435
158.7244434852331,0.18009296443351164
158.72837902968985,0.07033382589545523
158.7323145741466,0.499627614120397
158.73625011860335,0.40767218183271803
158.74018566306012,0.2835761937657556
158.74412120751686,1.0181313287932288
158.7480567519736,0.03350985420086159
158.75199229643036,0.23095366321693053
158.7559278408871,0.5785894406136782
158.75986338534386,1.100557343068887
158.7637989298006,0.17172889579375458
158.76773447425737,0.11227851676125787
158.7716700187141,0.35700622937818915
158.77560556317087,1.1463313528989085
158.7795411076276,1.1016658400228068
158.78347665208435,0.9338870729622326
158.7874121965411,0.03373830515233101
158.79134774099788,0.2710478018844766
158.79528328545462,0.17248135404807222
158.79921882991138,1.428793600057396
158.80315437436812,1.1694501227062477
158.8070899188249,1.442140373254987
158.81102546328162,1.329219972204239
158.8149610077384,0.10065429179930814
158.81889655219513,0.2228721348965881
158.8228320966519,0.11164922165065366
158.82676764110863,0.5733065739737929
158.83070318556537,0.34901454310306207
158.83463873002214,0.005501727236827172
158.83857427447887,0.23371219501107623
158.84250981893564,0.1775940607658675
158.84644536339238,0.03661138960164753
158.85038090784914,0.15393366354847204
158.85431645230588,0.019983537313876858
158.85825199676265,0.24711966217405518
158.86218754121938,0.019101019647574578
158.86612308567615,0.048543297937249465
158.8700586301329,0.01387359832865922
158.87399417458963,0.18192297979619507
158.8779297190464,0.0001341519569918223
158.88186526350316,0.4596185303996347
158.8858008079599,0.37723786921212266
158.88973635241666,0.13818521633138103
158.8936718968734,0.9397929726767755
158.89760744133017,0.948919526235807
158.9015429857869,0.6896201515433648
158.90547853024364,1.3731426734082295
158.9094140747004,1.5439183409170334
158.91334961915717,0.4267695284883314
158.9172851636139,0.2533812302954858
158.92122070807065,0.7135233835880497
158.92515625252742,0.7917415059411009
158.92909179698415,0.8786364512402355
158.93302734144092,1.9152559947397325
158.93696288589766,2.5649282466699304
158.94089843035442,2.0271889032489496
158.94483397481116,1.7717156192585986
158.94876951926793,1.3835745144502214
158.95270506372466,1.9913927752695775
158.95664060818143,3.192522260326941
158.96057615263817,3.1912990762349205
158.9645116970949,1.3211084623397769
158.96844724155167,0.27478071970513906
158.97238278600844,0.0843403350371027
158.97631833046518,0.764940206911124
158.9802538749219,2.7094237993153962
158.98418941937868,2.3827197593103504
158.98812496383542,0.27798025572516083
158.99206050829218,0.45584199329758984
158.99599605274892,0.6767450042843295
158.9999315972057,5.28049283735149
159.00386714166245,2.41158905427625
159.0078026861192,0.28452389236359804
159.01173823057593,1.1414293257106514
159.0156737750327,0.12762804817989176
159.01960931948943,1.2654119601446927
159.0235448639462,2.992615678758777
159.02748040840294,2.975486168408648
159.0314159528597,1.5276782127851058
159.03535149731644,3.7123555237997987
159.0392870417732,0.6472055404358397
159.04322258622994,0.9330323385846521
159.0471581306867,1.2883144485914084
159.05109367514345,0.815496096177868
159.0550292196002,1.3118307839664272
159.05896476405695,1.0206570182623562
159.0629003085137,1.5517003923947206
159.06683585297046,0.6220739873202265
159.0707713974272,0.8370049442114343
159.07470694188396,0.4398815805994001
159.0786424863407,0.12804998696198747
159.08257803079746,0.281784025565127
159.0865135752542,0.34924564239130484
159.09044911971097,0.14281249876093913
159.0943846641677,1.5056364715301551
159.09832020862447,2.183567172011765
159.1022557530812,0.07949549656093485
159.10619129753798,1.0623833630653483
159.1101268419947,0.11575621038522617
159.11406238645148,1.624731869423445
159.11799793090822,2.687181153616241
159.12193347536498,1.7883814952603045
159.12586901982172,1.9963323881605706
159.1298045642785,0.15015886648927293
159.13374010873522,1.2372253625169374
159.13767565319196,3.198263535328705
159.14161119764873,2.27285124552158
159.14554674210547,0.8663238416679958
159.14948228656223,0.24346569129789844
159.15341783101897,0.4883571000564957
159.15735337547574,0.4575746440702788
159.16128891993247,0.06965261745939426
159.16522446438924,0.04903852268079161
159.16916000884598,0.9692445393974523
159.17309555330274,2.472983928670688
159.17703109775948,1.6609991829967952
159.18096664221625,1.0107418527072785
159.184902186673,1.5064133350327158
159.18883773112975,1.282209588930192
159.1927732755865,0.4112727889274696
159.19670882004326,0.11465868223228273
159.2006443645,0.5656364130673428
159.20457990895676,0.22626763421774498
159.2085154534135,0.019454713703455816
159.21245099787023,0.14868127351110375
159.216386542327,0.9983456274431096
159.22032208678374,2.0964896876016286
159.2242576312405,1.7251249997892344
159.22819317569724,0.8844623587117508
159.232128720154,0.13328460740178585
159.23606426461075,0.7636056192383014
159.2399998090675,2.137523465510716
159.24393535352425,0.3861595141369389
159.24787089798102,0.24461728714016678
159.25180644243775,0.13088098493659867
159.25574198689452,3.7540272019448677
159.25967753135126,4.125781048370402
159.26361307580802,0.4002414281032565
159.26754862026476,0.13269991867106173
159.27148416472153,0.5570723171509381
159.2754197091783,3.441776050915677
159.27935525363503,2.619609484409984
159.28329079809177,0.8158095926306316
159.28722634254854,0.641868171494101
159.29116188700527,0.45871127570886816
159.295097431462,1.5282529091295722
159.29903297591878,2.0611991634007922
159.30296852037552,0.9228105646246405
159.30690406483228,0.07546902127671509
159.31083960928902,2.3491389294583853
159.3147751537458,3.792427206353991
159.31871069820252,3.452180066265465
159.3226462426593,3.6377297963953152
159.32658178711603,1.4391286539949577
159.3305173315728,0.2714439622653844
159.33445287602953,0.15677355202566112
159.3383884204863,1.6081573858056755
159.34232396494303,4.393729776947935
159.3462595093998,1.7673967295611765
159.35019505385654,0.9540896182611126
159.3541305983133,1.149999446186541
159.35806614277004,0.25435932513057363
159.3620016872268,0.051227482896252834
159.36593723168355,0.21344379756044699
159.36987277614028,0.674236176879195
159.37380832059705,0.2949966307803036
159.3777438650538,0.1388099607681262
159.38167940951055,1.1464490919032926
159.3856149539673,2.220560026400167
159.38955049842406,1.3243986045655922
159.3934860428808,1.3864416344477084
159.39742158733756,1.6437650942790825
159.4013571317943,0.733509777840239
159.4052926762511,0.07555374607437054
159.4092282207078,0.015579832982153562
159.41316376516457,0.12213566154041416
159.4170993096213,0.4678864106352657
159.42103485407807,1.0182424294895678
159.4249703985348,0.7548450692587046
159.42890594299158,0.2362952835009366
159.43284148744831,0.04465982196168437
159.43677703190508,0.7698599447796035
159.44071257636182,2.3675697620649827
159.44464812081858,2.7202983906136144
159.44858366527532,1.2979873717023147
159.45251920973206,0.006204744948476055
159.45645475418883,0.6480193494499313
159.46039029864556,1.4755009438574096
159.46432584310233,1.3878677162227118
159.46826138755907,0.3952908271692635
159.47219693201583,1.4453857621060309
159.47613247647257,1.1911326626843233
159.48006802092934,0.1761293121760313
159.48400356538608,0.7841303180139605
159.48793910984284,3.11613953343111
159.49187465429958,2.906432849404393
159.49581019875637,0.43152535041657997
159.49974574321308,0.4316140045776984
159.50368128766985,0.32229047088334845
159.5076168321266,0.02605007491362205
159.51155237658335,0.030127675110983864
159.5154879210401,0.4049037479351102
159.51942346549686,0.7037852214398702
159.5233590099536,0.06556161665913128
159.52729455441033,0.3491440061698061
159.5312300988671,0.20615753328803937
159.53516564332384,1.3991534464357844
159.5391011877806,3.451301748972915
159.54303673223734,0.8494804352410404
159.5469722766941,0.47517988887205936
159.55090782115084,0.3170960218352196
159.5548433656076,0.45968767877675615
159.55877891006435,0.48004259469493266
159.5627144545211,0.1153883351824272
159.56664999897785,0.29888419270150124
159.57058554343462,1.0859909620372876
159.57452108789136,2.895035978342912
159.57845663234812,2.643885382620794
159.58239217680486,1.5890850764281812
159.58632772126165,2.075449370276452
159.59026326571836,1.6765335445161844
159.59419881017513,0.001292333612153594
159.59813435463187,1.1200520786763972
159.6020698990886,0.8989035254109223
159.60600544354537,0.7835939490845921
159.6099409880021,0.5395237985934092
159.61387653245887,0.10761045309587873
159.6178120769156,1.4981197608114543
159.62174762137238,0.8191827349149227
159.62568316582912,0.183533080837535
159.62961871028588,1.5378401819767489
159.63355425474262,0.6401333185557667
159.6374897991994,0.03644845610739138
159.64142534365612,1.450034646568962
159.6453608881129,3.301529699182156
159.64929643256963,1.1986602183064883
159.6532319770264,0.722172908388205
159.65716752148313,1.681308793775919
159.6611030659399,1.0723002233142864
159.66503861039664,0.13156637052012662
159.6689741548534,0.4734507320861608
159.67290969931014,0.9386127480173302
159.6768452437669,0.7524358469140708
159.68078078822364,0.19983541851561717
159.68471633268038,1.118540630993695
159.68865187713715,3.099387939644088
159.69258742159388,0.8727860513080101
159.69652296605065,2.076738082631656
159.7004585105074,1.266722706752548
159.70439405496415,0.3336827745639153
159.7083295994209,0.8905696723650702
159.71226514387766,0.0205290614229411
159.7162006883344,0.5936158631395099
159.72013623279116,0.666739638946741
159.7240717772479,0.27661008359866296
159.72800732170467,0.37844603079768796
159.7319428661614,1.4473008745910452
159.73587841061817,0.20692875051729528
159.7398139550749,1.0389943850519487
159.74374949953167,2.0328801489036668
159.7476850439884,0.29314273206736424
159.75162058844518,0.33457823724662367
159.75555613290192,0.12847750845658032
159.75949167735865,0.2977626794158516
159.76342722181542,1.2212850533369708
159.76736276627216,1.093865898629943
159.77129831072892,0.5578050019000312
159.77523385518566,0.1796826743021976
159.77916939964243,0.01869392093669912
159.78310494409916,0.3901563654389007
159.78704048855593,0.27954611918850064
159.79097603301267,0.19290908045340774
159.79491157746943,1.2832998306514452
159.79884712192617,1.24290568568757
159.80278266638294,1.447329080009925
159.80671821083968,0.5381856793844638
159.81065375529644,0.3138525525481476
159.81458929975318,2.323065547422982
159.81852484420995,2.8257337111740184
159.82246038866668,1.2980757655621338
159.82639593312345,1.9907478442305546
159.8303314775802,3.3705481211575665
159.83426702203695,1.0145256268975849
159.8382025664937,0.2002168906011561
159.84213811095043,0.4315820348088132
159.8460736554072,0.8213256252776936
159.85000919986393,0.48021626786057303
159.8539447443207,0.6528224551213918
159.85788028877744,0.27708609993930994
159.8618158332342,0.1690782331987568
159.86575137769094,0.5537565061160497
159.8696869221477,1.1921315765438667
159.87362246660444,1.3663820065427439
159.8775580110612,0.2823285082358247
159.88149355551795,0.033570704373909604
159.88542909997471,0.23544467997450805
159.88936464443145,0.7328854873122782
159.89330018888822,0.39691707944265936
159.89723573334496,0.06794820785812371
159.90117127780172,0.36623043530674365
159.90510682225846,0.04341835045306343
159.90904236671523,0.03460505788532476
159.91297791117196,0.6669226939810166
159.9169134556287,1.5209603040252282
159.92084900008547,0.7911023323745281
159.9247845445422,3.1816887517516417
159.92872008899897,2.0493402150156204
159.9326556334557,0.22156175461830976
159.93659117791248,2.756230657609801
159.9405267223692,2.901526544702469
159.94446226682598,2.7972910538267564
159.94839781128272,2.331794718555389
159.95233335573948,0.801364582232452
159.95626890019622,0.10238739607341521
159.960204444653,0.8651636648755354
159.96413998910973,1.962483631491204
159.9680755335665,1.7647370747721685
159.97201107802323,0.18805983526410466
159.97594662248,0.2760460804038572
159.97988216693673,0.691749482082398
159.9838177113935,2.1958928998664007
159.98775325585024,1.9875743222176958
159.991688800307,2.411688719376829
159.99562434476374,2.6854272893915967
159.99955988922048,0.8640467661638138
160.00349543367724,0.6842443406202549
160.00743097813398,1.0154421689507898
160.01136652259075,0.078564662981902
160.0153020670475,0.3480033531197776
160.01923761150425,0.08298410505474982
160.023173155961,0.7853915035752492
160.02710870041776,1.7239241620694226
160.0310442448745,0.4304834333692488
160.03497978933126,0.06061317731568361
160.038915333788,0.5984456936936703
160.04285087824476,0.786050300350896
160.0467864227015,0.6177699257607123
160.05072196715827,0.4997526288065321
160.054657511615,0.02417004901994791
160.05859305607177,0.5865309103143628
160.0625286005285,0.6644626725108634
160.06646414498528,0.05630843967452984
160.070399689442,1.7402163153203083
160.07433523389875,2.255799440909579
160.07827077835552,1.0073729480741767
160.08220632281223,1.38260406440523
160.08614186726902,0.2913381712234399
160.09007741172576,0.8279875600446057
160.09401295618252,1.3173464594582092
160.09794850063926,0.7061092676799503
160.10188404509603,0.676562171536365
160.10581958955277,0.12946843688650383
160.10975513400953,0.0567217539528142
160.11369067846627,0.3739640494535438
160.11762622292304,1.3814766370047873
160.12156176737977,0.7748241328728845
160.12549731183654,0.2288642140118832
160.12943285629328,0.45168285712701617
160.13336840075004,0.5065326579186629
160.13730394520678,3.422844051007022
160.14123948966355,2.322093984476264
160.14517503412029,0.39733846252631577
160.14911057857702,1.5708318020039422
160.1530461230338,0.43756543994431035
160.15698166749053,0.04790734622364814
160.1609172119473,0.36359415702562126
160.16485275640403,1.661089011435263
160.1687883008608,0.5445530173705301
160.1727238453175,1.5680798021869524
160.1766593897743,2.6041866603154618
160.18059493423104,0.43884182709673614
160.1845304786878,0.4104329341854857
160.18846602314454,0.7220350885464125
160.1924015676013,1.7438163091906411
160.19633711205805,1.2333127323893782
160.2002726565148,0.7775916760055991
160.20420820097155,0.9896694151224247
160.20814374542832,0.3339979131647311
160.21207928988505,0.0020781013272014206
160.21601483434182,0.27206262729455233
160.21995037879856,0.6627338654713271
160.22388592325532,0.3925211642196464
160.22782146771206,0.06373597436307257
160.2317570121688,0.8814403601138798
160.23569255662557,2.323364666441416
160.2396281010823,2.538143136436282
160.24356364553907,1.1413630763304337
160.2474991899958,0.694526232696557
160.25143473445257,0.8768031815917592
160.2553702789093,0.7947825420183793
160.25930582336608,1.1052143636764022
160.2632413678228,0.48061957947263756
160.26717691227958,0.16370808097938433
160.27111245673632,1.0860801783630933
160.27504800119308,1.3076964089866756
160.27898354564982,0.4485610936551814
160.2829190901066,0.1850676172361219
160.28685463456333,0.3843517978224824
160.2907901790201,0.41795147713265146
160.29472572347683,0.3018591021281
160.2986612679336,0.3986171968090694
160.30259681239033,1.4925871727671771
160.30653235684707,1.9314451532113737
160.31046790130384,0.9423694207797385
160.31440344576058,0.4078216567624612
160.31833899021734,2.441844593722483
160.32227453467408,2.8183827896124085
160.32621007913085,0.5324956951294281
160.33014562358758,0.04100367613013301
160.33408116804435,0.23235752454702518
160.3380167125011,1.5399127557014503
160.34195225695785,1.151802705664005
160.3458878014146,0.4793987920845174
160.34982334587136,1.1200122843053624
160.3537588903281,0.8110204737946388
160.35769443478486,0.3680312613318554
160.3616299792416,0.45426743025292277
160.36556552369836,0.8377019235929496
160.3695010681551,0.4992830321811369
160.37343661261187,0.07287765038139328
160.3773721570686,0.6862347466693132
160.38130770152537,0.08404326799790976
160.3852432459821,0.46113101393055766
160.38917879043885,0.5460078996841488
160.3931143348956,0.005286835101815725
160.39704987935235,0.39915203619906736
160.40098542380912,2.8369878105198203
160.40492096826586,3.416335854110283
160.40885651272262,0.39519032163389706
160.41279205717936,0.31622677290197765
160.41672760163613,0.29361149304012
160.42066314609286,0.11224031244100557
160.42459869054963,0.9075724219983798
160.42853423500637,2.88630613816267
160.43246977946313,2.0648582374790045
160.43640532391987,0.8630855100624549
160.44034086837664,0.6757911369558148
160.44427641283335,0.016104232714759303
160.44821195729014,0.3243972854229041
160.45214750174688,0.5746096978427295
160.45608304620364,0.3290891129270641
160.46001859066038,0.28577195327833627
160.46395413511712,0.26249302798912855
160.4678896795739,0.18361574506126685
160.47182522403062,0.20187547999849864
160.4757607684874,0.3408100496730446
160.47969631294413,0.2794595926235617
160.4836318574009,0.010248723820839441
160.48756740185763,0.37620009347787714
160.4915029463144,0.25813687848349615
160.49543849077114,0.4429047062613659
160.4993740352279,0.6424758865076391
160.50330957968464,1.4684147646666783
160.5072451241414,1.4933361649005288
160.51118066859814,0.2856379105458325
160.5151162130549,0.9751839415338028
160.51905175751165,0.9395783359120553
160.5229873019684,0.34938806593007826
160.52692284642515,0.11723231981935621
160.53085839088192,0.12696909306015397
160.53479393533866,1.2577871726693621
160.53872947979542,4.908868514667396
160.54266502425216,6.09270087674865
160.5466005687089,2.740743777577428
160.55053611316566,1.197535716594354
160.5544716576224,1.4292010443857373
160.55840720207917,0.8678299720204922
160.5623427465359,0.45724374411388413
160.56627829099267,0.6095631159223067
160.5702138354494,0.5025876839056947
160.57414937990615,0.7936077808837981
160.5780849243629,0.728112063895612
160.58202046881968,0.10470438669914928
160.58595601327642,0.24370677954045963
160.58989155773318,0.7490422340533462
160.59382710218992,1.2238403668368802
160.5977626466467,2.082206768364597
160.60169819110342,2.8877639205859826
160.6056337355602,2.629006178995819
160.60956928001693,1.7696012966453012
160.6135048244737,0.515774570205664
160.61744036893043,0.09016420226331605
160.62137591338717,1.1777096139906593
160.62531145784394,1.3215715113165092
160.62924700230067,0.7639170289906447
160.63318254675744,0.7284834629266577
160.63711809121418,0.864580052327075
160.64105363567094,0.2916826589529114
160.64498918012768,0.12160510603223072
160.64892472458445,0.39276207223138215
160.65286026904118,0.6635955679195819
160.65679581349795,1.6857129554406407
160.6607313579547,0.7592776458707255
160.66466690241143,0.06830155472075046
160.6686024468682,0.9008249640862676
160.67253799132496,0.47595889714685446
160.6764735357817,0.1260111165140987
160.68040908023846,0.6448027215783821
160.6843446246952,0.8238539171481495
160.68828016915197,0.5129793057175881
160.6922157136087,0.35186008191607293
160.69615125806544,0.33724274690818823
160.7000868025222,0.11543110537191204
160.70402234697897,0.44734325444590184
160.7079578914357,0.48293278202048256
160.71189343589245,0.11011240151741133
160.71582898034922,0.4095439104297955
160.71976452480595,1.9740685476574067
160.72370006926272,2.7208961728073358
160.72763561371946,0.9995419422558891
160.73157115817622,0.8405895793363621
160.73550670263296,1.144872212020701
160.73944224708973,0.3582215148992392
160.74337779154646,0.019358326112549645
160.74731333600323,0.11980625799201824
160.75124888045997,0.4068108816429942
160.7551844249167,0.5432678976501859
160.75911996937347,0.4015836948823094
160.76305551383024,0.3286994420883882
160.76699105828698,0.8203686286541475
160.77092660274374,0.9251660573606382
160.77486214720048,0.1083142878547925
160.77879769165722,0.19015289265926524
160.78273323611398,0.49178906396908884
160.78666878057072,0.4660862954341008
160.7906043250275,0.17823183501018836
160.79453986948425,0.003926320485201602
160.798475413941,0.05821237275700037
160.80241095839773,0.5466053060743657
160.8063465028545,1.0798163026450325
160.81028204731123,0.7970302380581462
160.814217591768,0.43520129409681374
160.81815313622474,0.13990323685286452
160.8220886806815,0.05762359511726906
160.82602422513824,0.285145322814536
160.829959769595,0.39970326118661265
160.83389531405174,0.4752681167179986
160.8378308585085,0.5027308877878964
160.84176640296525,0.3696996766070989
160.845701947422,0.6467755600683341
160.84963749187875,1.6547677859976186
160.8535730363355,1.4306945219547724
160.85750858079226,0.6066539797661862
160.861444125249,1.8652662113389535
160.86537966970576,1.701289400868395
160.8693152141625,1.02089978200903
160.87325075861926,0.8389252363974972
160.877186303076,0.3778326544531198
160.88112184753277,0.15708874434287662
160.8850573919895,0.09540658015111676
160.88899293644627,0.30448877218896514
160.892928480903,0.6891054440094105
160.89686402535978,0.678926408156933
160.9007995698165,0.28143441967204647
160.90473511427328,0.6662439358491676
160.90867065873002,0.6378807087610622
160.91260620318678,0.04595701813050744
160.91654174764352,0.2407575436705196
160.9204772921003,0.8105626684038405
160.92441283655702,1.0002253398172518
160.9283483810138,0.16266266292325934
160.93228392547053,0.5862771404554258
160.93621946992727,0.1789675573009268
160.94015501438403,0.2602541771199456
160.94409055884077,0.6948732478407849
160.94802610329754,0.438856272971218
160.95196164775427,0.17790727973313578
160.95589719221104,0.00549119769646993
160.95983273666778,0.7969954082275204
160.96376828112454,3.1637480811177467
160.96770382558128,2.0266144471325074
160.97163937003805,0.6029124979142964
160.9755749144948,3.2996568033772524
160.97951045895155,1.8694342462694244
160.9834460034083,0.9359548106404761
160.98738154786506,0.8896887519535405
160.9913170923218,0.12111277648499864
160.99525263677856,0.21791021110060105
160.9991881812353,0.7367493546714396
161.00312372569206,1.2892019851072132
161.0070592701488,0.28256332465471806
161.01099481460554,0.2687958797516278
161.0149303590623,0.22592386203992762
161.01886590351904,0.024711528607192213
161.0228014479758,0.17190130118676858
161.02673699243255,0.05178567208915534
161.0306725368893,0.1731289624550813
161.03460808134605,0.2454569058815775
161.03854362580282,0.2889779757830202
161.04247917025955,0.22242131024785292
161.04641471471632,0.22939715634652336
161.05035025917306,0.7174366532298008
161.05428580362982,0.03846147216221807
161.05822134808656,0.46907806172325694
161.06215689254333,0.6553287584995158
161.0660924370001,0.8727413282801327
161.07002798145683,1.3812270486127483
161.07396352591357,0.7702719812936651
161.07789907037034,0.2433749793013097
161.08183461482707,3.1358127568223972
161.08577015928384,3.000982685146162
161.08970570374058,0.8374458168182769
161.09364124819732,0.5893507246213705
161.09757679265408,0.8498525791901657
161.10151233711082,2.004578845703618
161.1054478815676,0.44093850648645416
161.10938342602432,0.35352928070239686
161.1133189704811,1.1339759292797924
161.11725451493783,1.15035078574243
161.1211900593946,1.0886740259966363
161.12512560385133,0.2370435125029318
161.1290611483081,0.4293630086355628
161.13299669276483,1.9933727981600182
161.1369322372216,1.646658353776096
161.14086778167834,0.6708823493745714
161.1448033261351,3.8706398475834862
161.14873887059184,3.366161512397603
161.1526744150486,0.3414863875931215
161.15660995950535,1.0891764241266353
161.1605455039621,0.7505357139649771
161.16448104841885,1.800944573266763
161.1684165928756,2.1280989599990714
161.17235213733235,0.18164885768769676
161.1762876817891,0.8280919953834706
161.18022322624586,0.310771138561781
161.1841587707026,1.3337171056850146
161.18809431515936,1.2169107156142858
161.1920298596161,1.7135585343149353
161.1959654040729,8.304364353144761
161.1999009485296,4.1671517587647
161.20383649298637,0.19515428616005093
161.2077720374431,0.8149972871136584
161.21170758189987,2.6476594797294624
161.2156431263566,2.6763717433649483
161.21957867081338,0.8723292818099572
161.22351421527011,0.9987185492021288
161.22744975972688,0.27847164352558
161.23138530418362,0.7290817723572197
161.23532084864038,1.958470415180083
161.23925639309712,1.7101172805398577
161.24319193755386,2.5655617701431
161.24712748201063,0.4327819200126517
161.25106302646736,2.568269129999166
161.25499857092413,3.748585423593433
161.25893411538087,0.5645874245565342
161.26286965983763,0.5016965343616344
161.26680520429437,0.3826074041874983
161.27074074875114,0.029939913425776753
161.27467629320788,2.080078991136974
161.27861183766464,3.415725896418136
161.28254738212138,1.2001121690600325
161.28648292657817,1.5764269838066711
161.29041847103488,0.9592633825282354
161.29435401549165,0.16368373173009573
161.2982895599484,1.9482792662398054
161.30222510440515,3.646599936558799
161.3061606488619,2.0360242741190735
161.31009619331866,0.584754431857811
161.3140317377754,1.3690586583522615
161.31796728223216,1.7486019834692665
161.3219028266889,0.5768131152456559
161.32583837114564,0.04478708450740849
161.3297739156024,1.0809794065967806
161.33370946005914,2.586194934865303
161.3376450045159,2.376389310651294
161.34158054897264,1.0373541992025315
161.3455160934294,0.35504595654141996
161.34945163788615,0.13265993606914406
161.3533871823429,0.05257811444403229
161.35732272679965,0.23512241641855816
161.36125827125642,1.0129422831307968
161.36519381571316,1.2868360337639966
161.36912936016992,2.3181937724974215
161.37306490462666,2.6264446643157187
161.37700044908345,0.44184410839012767
161.38093599354016,0.7123572506266512
161.38487153799693,0.2842644229231427
161.38880708245367,0.8755547214132149
161.39274262691043,3.185729461708702
161.39667817136717,2.4067484201803153
161.4006137158239,0.7136136680483399
161.40454926028067,0.7307759440415817
161.4084848047374,0.21235393619864693
161.41242034919418,1.6025292427859743
161.41635589365092,1.8085225740474151
161.42029143810768,2.238158907948804
161.42422698256442,3.306870676230685
161.4281625270212,0.4349079959576271
161.43209807147792,0.3858715057959059
161.4360336159347,0.15690734974197312
161.43996916039143,0.7116635755768598
161.4439047048482,1.2557370000979946
161.44784024930493,0.5275512464079015
161.4517757937617,0.8148869783411948
161.45571133821844,0.39715748532630574
161.4596468826752,0.5323094270150848
161.46358242713194,3.428959143525862
161.4675179715887,1.9804486489913171
161.47145351604544,1.9872548784272033
161.4753890605022,2.8911664686417438
161.47932460495895,0.3462953504939437
161.48326014941568,2.6980248076356474
161.48719569387245,2.586253826319535
161.4911312383292,0.13679889034849613
161.49506678278595,3.83419848537717
161.4990023272427,1.884026801130271
161.50293787169946,0.764645386761437
161.5068734161562,2.1480035703906513
161.51080896061296,0.024382102472103796
161.5147445050697,0.9429640608179769
161.51868004952647,0.4633479035125845
161.5226155939832,0.6154961050486137
161.52655113843997,0.2800332711468166
161.5304866828967,3.3889631766670294
161.53442222735347,2.672038100787884
161.5383577718102,0.46101426594258793
161.54229331626698,0.3669045730474006
161.54622886072372,0.6999333793014967
161.55016440518048,2.4453070564165755
161.55409994963722,1.8611296276340739
161.55803549409396,1.548547236442497
161.56197103855072,0.5155891802183794
161.56590658300746,0.25038600346838996
161.56984212746423,0.9318960445545638
161.57377767192096,1.0936650598914464
161.57771321637773,1.3321555567218564
161.58164876083447,0.79408391402412
161.58558430529123,0.05501276869877823
161.58951984974797,0.3975902523832338
161.59345539420474,0.6251931395720203
161.59739093866148,0.27378991337394215
161.60132648311824,0.1290000935106523
161.60526202757498,0.02385755504788432
161.60919757203175,0.015174337712952025
161.61313311648848,0.33518882419587887
161.61706866094525,0.8903267121824107
161.621004205402,0.28365444482747004
161.62493974985875,0.05233156647345543
161.6288752943155,0.27071477286251067
161.63281083877226,1.2888917871699956
161.636746383229,1.8729276033056632
161.64068192768573,0.4079372122567344
161.6446174721425,0.008347777590852493
161.64855301659924,0.3012532017643274
161.652488561056,1.3438992315217475
161.65642410551274,0.9979425190698198
161.6603596499695,0.5532526825604951
161.66429519442624,0.3297639784158578
161.668230738883,0.1477593422948647
161.67216628333975,0.8299597393102055
161.67610182779651,1.5421006904694972
161.68003737225325,3.4427643126069354
161.68397291671002,2.2127962079972088
161.68790846116676,0.4590060213972974
161.69184400562352,0.15101295926127692
161.69577955008026,0.4582873914401816
161.69971509453703,0.2675751867330564
161.70365063899376,0.12698834777763196
161.70758618345053,0.375055920576363
161.71152172790727,0.291341250057057
161.715457272364,1.6029529234252244
161.71939281682077,1.3394704709155323
161.7233283612775,3.391719622180542
161.72726390573428,3.9864261108930417
161.731199450191,1.2536411248014878
161.73513499464778,2.838568069378049
161.73907053910452,2.462977927509256
161.74300608356128,0.11478537447184384
161.74694162801802,0.6514610169899483
161.7508771724748,0.012233216334069144
161.75481271693153,1.7338272171711595
161.7587482613883,2.551690003060589
161.76268380584503,0.27648585529401426
161.7666193503018,0.5581930885858701
161.77055489475853,1.0504772817569812
161.7744904392153,0.04612304487385639
161.77842598367204,1.0878127044020167
161.7823615281288,0.729398219715811
161.78629707258554,0.27051235398323775
161.79023261704228,1.8170653104807828
161.79416816149904,0.4912107752304858
161.79810370595578,0.17877391882034463
161.80203925041255,0.02858511995173425
161.8059747948693,1.0122450030407253
161.80991033932605,1.5921861257772998
161.8138458837828,0.5480671743663311
161.81778142823956,4.198870226608999
161.8217169726963,3.3351606873868613
161.82565251715306,0.34120778686550157
161.8295880616098,3.5458171400048784
161.83352360606656,3.1294591115212493
161.8374591505233,1.1131968013573925
161.84139469498007,1.5362449658910722
161.8453302394368,0.42328857379708124
161.84926578389357,0.9240832708169635
161.8532013283503,2.4750759570923235
161.85713687280708,0.6420973908221611
161.8610724172638,0.8721277378041856
161.86500796172058,3.7287561430707368
161.86894350617732,1.1197951540009583
161.87287905063403,0.48670079030626984
161.87681459509082,0.8046460045660772
161.88075013954756,0.2751514538052084
161.88468568400432,0.8517905056412688
161.88862122846106,0.4590027243930408
161.89255677291783,2.4752086111283753
161.89649231737457,1.393369344414083
161.90042786183133,1.367515973747668
161.90436340628807,0.36072617482840164
161.90829895074484,0.833968722522739
161.91223449520157,1.7685946543171585
161.91617003965834,0.18009493135891455
161.92010558411508,0.46167547261862596
161.92404112857184,0.013827670316998289
161.92797667302858,0.6080911886552179
161.93191221748535,0.41505838629585257
161.93584776194209,0.1499287570319059
161.93978330639885,1.2121713328653878
161.9437188508556,1.2625799976212575
161.94765439531233,0.49929871343377025
161.9515899397691,2.9380268787125114
161.95552548422583,2.0959161948169274
161.9594610286826,0.44669615399397217
161.9633965731393,1.2943356906847592
161.9673321175961,0.6879895228739542
161.97126766205284,0.18811029528401044
161.9752032065096,0.08715419734998413
161.97913875096634,0.14620529810372343
161.9830742954231,2.0067296457152226
161.98700983987985,3.182754652238964
161.9909453843366,1.3398705271526334
161.99488092879335,1.2282841085189145
161.99881647325012,3.522209195457653
162.00275201770685,2.876688381825453
162.00668756216362,1.231135855772258
162.01062310662036,0.6589120413602769
162.01455865107712,1.5730428930345715
162.01849419553386,2.909043292242904
162.02242973999063,0.59589699558513
162.02636528444737,1.5432525027840587
162.0303008289041,0.21025830783071137
162.03423637336087,1.3935218823453484
162.0381719178176,0.4429905805091803
162.04210746227437,1.7232422233296119
162.0460430067311,0.6041210478927033
162.04997855118788,2.078144438705962
162.0539140956446,4.3491283987032645
162.05784964010138,0.9530969926585873
162.06178518455812,3.8866132315527775
162.06572072901488,1.7471357163213161
162.06965627347162,0.14496010169975188
162.0735918179284,1.6145085712641574
162.07752736238513,1.7438990775683203
162.0814629068419,0.09005025483915594
162.08539845129863,3.508143185809985
162.0893339957554,1.8901704001101236
162.09326954021213,0.34611637362211894
162.0972050846689,1.5442223395525485
162.10114062912564,0.34731171534810584
162.10507617358238,0.7145872142473269
162.10901171803914,0.8347864290973327
162.11294726249588,0.6016398162680625
162.11688280695265,0.03409213989071833
162.12081835140938,0.3696542102321692
162.12475389586615,0.118746701645219
162.1286894403229,1.4156574778185742
162.13262498477965,1.5365071323889687
162.1365605292364,0.0050039218435504644
162.14049607369316,0.7581818087910838
162.1444316181499,0.843454673866333
162.14836716260666,0.9627929924531704
162.1523027070634,0.08716814638443299
162.15623825152016,1.496711824422058
162.1601737959769,1.177392492757503
162.16410934043367,0.031187731042574964
162.1680448848904,0.18877437246958464
162.17198042934717,1.3232456933375834
162.1759159738039,0.5916825483559174
162.17985151826068,0.796591061112346
162.1837870627174,2.3620924100315106
162.18772260717415,0.4736869896190546
162.19165815163092,0.47366281829181794
162.19559369608766,0.2816789841860773
162.19952924054442,0.28576325220887727
162.20346478500116,0.06613038714633636
162.20740032945793,0.1274657486240479
162.21133587391466,0.2718546322376758
162.21527141837143,0.2556249400583721
162.21920696282817,0.26535000821496435
162.22314250728493,0.2736991415651159
162.22707805174167,0.44707984290178976
162.23101359619844,0.23377751828197582
162.23494914065515,0.32848353183186535
162.23888468511194,1.4846681493859208
162.24282022956868,1.094092661657645
162.24675577402544,0.6416188010549269
162.25069131848218,0.42760895538102134
162.25462686293895,0.41999006773176706
162.2585624073957,2.0304219834430977
162.26249795185242,4.888341039332317
162.2664334963092,2.7457374332093822
162.27036904076593,0.11543572377645787
162.2743045852227,0.34590574017889086
162.27824012967943,0.501634835173871
162.2821756741362,1.802479122110601
162.28611121859294,0.36204075470355984
162.2900467630497,2.1621425508859353
162.29398230750644,3.5014403072164515
162.2979178519632,1.2373136065331123
162.30185339641994,1.8056393290502348
162.3057889408767,2.098732937178862
162.30972448533345,1.0374335329212931
162.3136600297902,0.3710983983989461
162.31759557424695,0.2082334882572309
162.32153111870372,0.5932893495889495
162.32546666316046,0.9834938715616909
162.32940220761722,0.4619843782636333
162.33333775207396,0.5201797352805627
162.3372732965307,0.5818178934222911
162.34120884098746,0.16941119836878904
162.3451443854442,1.4013226412312032
162.34907992990097,2.3243259800109546
162.3530154743577,1.7256661971292442
162.35695101881447,1.6228299710955454
162.3608865632712,0.6922869318743746
162.36482210772795,0.08394561526209997
162.3687576521847,0.49190346284351116
162.37269319664148,0.01875758271876255
162.37662874109822,0.5319755288364777
162.38056428555498,0.9863138609931236
162.38449983001172,0.47609125163401705
162.3884353744685,0.04143003364273801
162.39237091892522,0.08680005415928457
162.396306463382,0.2979623920160179
162.40024200783873,0.335113501385711
162.4041775522955,0.48831891434407554
162.40811309675223,0.8268136475416074
162.412048641209,0.5076410145157173
162.41598418566574,0.035644376725283686
162.41991973012247,0.3621025773232716
162.42385527457924,0.30729074007703194
162.42779081903598,1.0496339229412552
162.43172636349274,0.6818502235747818
162.43566190794948,0.08473273410944424
162.43959745240625,0.7798677639756959
162.44353299686298,0.10196450208530913
162.44746854131975,0.8072292102566557
162.4514040857765,0.9389136081587726
162.45533963023323,0.019019292272999623
162.45927517469,1.4743102317066727
162.46321071914676,0.99721604186964
162.4671462636035,0.2505214938216468
162.47108180806026,0.7409293495080731
162.475017352517,0.20367481870987666
162.47895289697377,2.6268003950564114
162.4828884414305,2.6103484072588117
162.48682398588727,1.7511340046267412
162.490759530344,1.5985372300628018
162.49469507480077,0.5328221664599616
162.4986306192575,0.3257726471042829
162.50256616371425,1.9382390025309377
162.50650170817102,1.207171397157142
162.51043725262775,1.216597858313331
162.51437279708452,1.8501517822204232
162.51830834154126,0.33983762509706394
162.52224388599802,2.201189132198116
162.52617943045476,2.465836825706681
162.53011497491153,0.3881207025742396
162.53405051936826,0.40372534973363455
162.53798606382503,1.4409869745311843
162.54192160828177,1.2268813938967327
162.5458571527385,1.2056696818672226
162.54979269719527,0.12337388051720838
162.55372824165204,1.5064116911982828
162.55766378610878,1.9978239445078478
162.56159933056554,0.9583561097859048
162.56553487502228,0.42896467010415656
162.56947041947905,0.1790031544820703
162.57340596393578,0.5695478999505624
162.57734150839252,0.4072949197645169
162.5812770528493,1.0985681825646927
162.58521259730605,0.430293837589296
162.5891481417628,0.3008975800163264
162.59308368621953,0.12293735222581158
162.5970192306763,1.875217361755488
162.60095477513303,1.7109011792542832
162.6048903195898,0.186740178300175
162.60882586404654,1.8140514131452685
162.6127614085033,0.31004177197926436
162.61669695296004,1.0064315252336051
162.6206324974168,0.5442660034067045
162.62456804187354,0.6312660017045187
162.6285035863303,0.6780050836623257
162.63243913078705,1.3234366551214751
162.6363746752438,2.7178472476486024
162.64031021970055,1.077751782095199
162.64424576415732,0.19290134187646113
162.64818130861406,0.23982222391280006
162.6521168530708,0.47955020778759555
162.65605239752756,0.7367301102979229
162.6599879419843,1.313254986750658
162.66392348644106,1.7670461347933022
162.6678590308978,3.1625369068183535
162.67179457535457,2.039108104601089
162.6757301198113,0.32716364705058254
162.67966566426807,0.6107021591257791
162.6836012087248,0.46232037592891145
162.68753675318158,0.7591034807554404
162.6914722976383,1.0878583186809272
162.69540784209508,0.21048150023326384
162.69934338655182,0.525493113735001
162.70327893100858,1.5106458578434276
162.70721447546532,1.9097581263939059
162.7111500199221,0.6475402132105238
162.71508556437882,0.6054002034980168
162.7190211088356,0.8320414813860423
162.72295665329233,0.5930609589951186
162.7268921977491,0.0739093713281536
162.73082774220583,1.2430090353613346
162.73476328666257,2.3360059865236305
162.73869883111934,0.15405593294828804
162.74263437557607,0.9470520140107608
162.74656992003284,0.2734620048564785
162.75050546448958,0.35080258018356775
162.75444100894634,0.5822463968896723
162.75837655340308,1.0501994986443348
162.76231209785985,0.8117709857049514
162.7662476423166,0.8613555947063164
162.77018318677335,1.7913427432406102
162.7741187312301,0.3161031505679376
162.77805427568686,0.145705675166924
162.7819898201436,0.2150003759576351
162.78592536460036,0.2425175234625642
162.7898609090571,0.06303006653807237
162.79379645351386,0.03472472111368808
162.7977319979706,0.01046626219900204
162.80166754242737,0.06134319135239351
162.8056030868841,0.09626248446385337
162.80953863134084,0.20482142499500106
162.8134741757976,0.06132547357639316
162.81740972025435,0.10979733936631558
162.8213452647111,0.3639628733640608
162.82528080916785,0.12852782669227147
162.82921635362462,0.0002885162667294747
162.83315189808135,0.1459876164143787
162.83708744253812,0.6818865542952481
162.84102298699486,0.6182889500507998
162.84495853145162,0.08327243161416172
162.84889407590836,0.0016013124489936313
162.85282962036513,0.04768685587345616
162.8567651648219,0.24168988849659323
162.86070070927863,0.21986056362527576
162.86463625373537,0.09861450171152078
162.86857179819214,0.09607763989021274
162.87250734264887,0.34903397071791403
162.87644288710564,0.5802116975287888
162.88037843156238,0.39786063181243086
162.88431397601911,0.031179164093947376
162.88824952047588,0.07102585221362782
162.89218506493262,0.1264603852268302
162.89612060938938,0.09128946841401978
162.90005615384612,0.1335850871058803
162.9039916983029,0.22512566798222086
162.90792724275963,0.13512423288994646
162.9118627872164,0.09724909173668371
162.91579833167313,0.15602210053183896
162.9197338761299,0.021247019726970608
162.92366942058663,0.9433419801684078
162.9276049650434,1.9079174139362793
162.93154050950014,1.6948120999373635
162.9354760539569,1.1360677526444491
162.93941159841364,0.897283019231181
162.9433471428704,0.7961373619856822
162.94728268732715,0.45358964490644055
162.9512182317839,0.29583884504537583
162.95515377624065,0.032448635991605405
162.95908932069742,0.1521936920690265
162.96302486515415,0.6878963269357872
162.9669604096109,0.8294138855906027
162.97089595406766,0.2294422903809554
162.9748314985244,0.07072398602061199
162.97876704298116,0.2702197298206494
162.9827025874379,0.13565896700098454
162.9866381318947,0.060425129892644876
162.9905736763514,0.3971993837836836
162.99450922080817,0.3895709545907516
162.9984447652649,0.18231870718070792
163.00238030972167,0.029873452977767914
163.0063158541784,0.1971001688040762
163.01025139863518,0.10749908614522426
163.01418694309191,0.1790285036012146
163.01812248754868,0.20117935896912206
163.02205803200542,0.7121235450616256
163.02599357646218,1.3475909813356417
163.02992912091892,0.22143185265533114
163.0338646653757,0.5051230780212211
163.03780020983243,0.17450028020637587
163.04173575428916,0.3913752128262201
163.04567129874593,0.6853746244122128
163.04960684320267,0.14184039745595023
163.05354238765943,0.4349847519399276
163.05747793211617,0.01424405749215033
163.06141347657294,0.47571326902102345
163.06534902102968,0.3213097836135921
163.06928456548644,0.0720517770971104
163.07322010994318,0.41959879624759244
163.07715565439997,0.5099374272093917
163.08109119885668,0.4558801303134256
163.08502674331345,1.1141435961583304
163.0889622877702,1.1090286023744966
163.09289783222695,1.3696090171319606
163.0968333766837,1.6089348562131505
163.10076892114046,1.4400447283308968
163.1047044655972,0.1320536926336708
163.10864001005396,0.7382451638653839
163.1125755545107,0.960577779496558
163.11651109896746,0.04364055334734408
163.1204466434242,1.3305711590889198
163.12438218788094,1.0780123536354913
163.1283177323377,0.40295972981425116
163.13225327679444,1.5022205771996
163.1361888212512,1.465014672419244
163.14012436570795,0.4463284016471187
163.1440599101647,0.6194413877146576
163.14799545462145,1.7191144160591565
163.15193099907822,0.8253042437136241
163.15586654353496,0.20919435084927912
163.15980208799172,2.3658081844776904
163.16373763244846,2.0266324709818324
163.16767317690525,0.9932577518330151
163.17160872136196,1.0719430512228556
163.17554426581873,0.4300379249658509
163.17947981027547,1.6087439532366894
163.18341535473223,2.327755246083481
163.18735089918897,0.7422886474687023
163.19128644364574,1.7525452064985054
163.19522198810247,2.371753702373176
163.1991575325592,0.46506443152561794
163.20309307701598,1.119504390910415
163.20702862147272,1.8710744393226066
163.21096416592948,0.7279732706206237
163.21489971038622,0.5397536907960399
163.218835254843,2.1128582211995415
163.22277079929972,2.704679061536606
163.2267063437565,1.8965290640532
163.23064188821323,1.4609796443668064
163.23457743267,1.550194478835227
163.23851297712673,1.7101584037543078
163.2424485215835,1.9055229975749133
163.24638406604024,1.4880501467093938
163.250319610497,0.7162989606066134
163.25425515495374,0.08743795439254286
163.2581906994105,0.21742808484455722
163.26212624386724,0.047682642160971025
163.266061788324,0.8064632809097223
163.26999733278075,0.5192654037714591
163.2739328772375,0.5861999438876846
163.27786842169425,1.702909701761932
163.281803966151,0.03719253167702643
163.28573951060775,1.347537448276883
163.2896750550645,0.9072742448866662
163.29361059952126,0.3209146920025689
163.297546143978,1.6056622128626368
163.30148168843476,0.6823240479016175
163.3054172328915,0.30609888476445063
163.30935277734827,0.7073977180799433
163.313288321805,0.3234462221773616
163.31722386626177,0.2939055665623001
163.3211594107185,0.48999526153029543
163.32509495517527,0.3976015870618876
163.329030499632,1.294564609731397
163.33296604408878,0.7505375543464321
163.33690158854552,0.060655912023359106
163.34083713300228,0.8479006919387841
163.34477267745902,0.04146135167398017
163.3487082219158,1.1294582984121744
163.35264376637252,0.8982991410135137
163.35657931082926,0.7946040449098957
163.36051485528603,3.6991932625892936
163.36445039974276,0.8450354324603164
163.36838594419953,0.9375756374091696
163.37232148865627,2.6213381617239935
163.37625703311303,5.083674502588055
163.38019257756977,3.4986463800833927
163.38412812202654,0.05116930057871911
163.38806366648328,2.3550880116097597
163.39199921094004,0.32529701750571616
163.39593475539678,2.624703634784503
163.39987029985355,3.2769633665561164
163.40380584431028,0.6660690856257577
163.40774138876705,2.437931652848427
163.4116769332238,2.151943871765215
163.41561247768055,0.49202918624115083
163.4195480221373,0.7565377378423022
163.42348356659406,0.29554127431445903
163.4274191110508,0.7843816181093956
163.43135465550753,1.9710270850859104
163.4352901999643,0.851802308407654
163.43922574442104,9.537315218967686e-05
163.4431612888778,0.38105054177786224
163.44709683333454,0.5394825828704515
163.4510323777913,0.8435499348443753
163.45496792224804,0.5299888317513505
163.4589034667048,0.0768325085920361
163.46283901116155,1.0492702775895155
163.46677455561831,0.3765685471738885
163.47071010007505,0.5453468659374385
163.47464564453182,1.993346760970885
163.47858118898856,0.5117309547163934
163.48251673344532,0.7636733696737842
163.48645227790206,2.7554990375947384
163.49038782235883,1.6646458268355078
163.49432336681556,0.15097463455839463
163.49825891127233,0.4109341628779529
163.50219445572907,0.11558159897155963
163.50613000018583,1.1443126259152714
163.51006554464257,1.0836863235973317
163.5140010890993,0.01464436854234354
163.51793663355608,0.8186680614485825
163.5218721780128,0.11548137037739913
163.52580772246958,0.43386544293523116
163.52974326692632,0.6687647947552906
163.53367881138308,0.7823858574925923
163.53761435583982,0.7911904353578403
163.5415499002966,0.254607522237408
163.54548544475333,0.37988637144361925
163.5494209892101,0.11283879642602059
163.55335653366683,2.9768102672549963
163.5572920781236,4.367591459634867
163.56122762258033,1.4843887459929417
163.5651631670371,0.6853487108127809
163.56909871149384,0.5785007337281731
163.5730342559506,0.41507750786925296
163.57696980040734,2.987134514181378
163.5809053448641,4.483992925703418
163.58484088932084,2.591683373584998
163.58877643377758,1.74123043120136
163.59271197823435,1.8929283534416086
163.5966475226911,0.4854121611995004
163.60058306714785,0.3058386564144546
163.6045186116046,0.02963181905455285
163.60845415606136,0.34954455668743006
163.6123897005181,0.11904949802339333
163.61632524497486,0.48923306908042424
163.6202607894316,1.2489597390619176
163.62419633388836,3.574522004568041
163.6281318783451,2.8090313356018677
163.63206742280187,0.7303702492336437
163.6360029672586,2.0941761625824236
163.63993851171537,0.05946866784342804
163.6438740561721,1.7799527180583392
163.64780960062888,2.1752938519074134
163.6517451450856,2.0107892087633417
163.65568068954238,1.0165529431842266
163.65961623399912,2.702555837847981
163.66355177845588,5.5314263467096865
163.66748732291262,1.8213759329070502
163.67142286736936,0.18753293709806704
163.67535841182612,0.4065679662191236
163.67929395628286,0.7361361831809434
163.68322950073963,2.393689251268207
163.68716504519637,1.8431530868403754
163.69110058965313,1.0981763441410848
163.69503613410987,2.6196099263223527
163.69897167856664,0.9170830345482525
163.70290722302337,0.4961185079043997
163.70684276748014,1.6805995555053594
163.71077831193688,3.9839200684769054
163.71471385639364,3.002918746911891
163.71864940085038,0.37001109340305693
163.72258494530715,0.008553364735352734
163.72652048976389,0.08725681307414662
163.73045603422065,0.31691283144977767
163.7343915786774,0.292919565725288
163.73832712313416,0.5347847905433294
163.7422626675909,0.5846785258561865
163.74619821204763,0.23942297481069127
163.7501337565044,0.09291970407383043
163.7540693009611,0.30729519974732983
163.7580048454179,0.3710968426672129
163.76194038987464,0.3027217741303339
163.7658759343314,3.1951063954836316
163.76981147878814,1.9834109409384657
163.7737470232449,2.2436267526442055
163.77768256770165,4.408974629375959
163.7816181121584,0.2316214147864754
163.78555365661515,4.268831671841015
163.78948920107192,4.342395047099371
163.79342474552865,0.6112678347061891
163.79736028998542,0.45982198816656406
163.80129583444216,0.8603444473820717
163.80523137889892,0.9284767396181665
163.80916692335566,0.39136398730175853
163.81310246781243,0.4476309930468682
163.81703801226917,0.0863120423118836
163.82097355672593,0.056929171544927756
163.82490910118267,0.2999003046147632
163.8288446456394,0.7419516955457998
163.83278019009617,0.23547857517276993
163.8367157345529,1.0898400953835363
163.84065127900968,1.0561006691169423
163.8445868234664,0.10042329197147451
163.84852236792318,0.5469434762079363
163.85245791237992,1.4476589885451556
163.85639345683668,0.547375890269663
163.86032900129342,1.1394986200062043
163.8642645457502,1.7618951123845512
163.86820009020693,0.4461323705882067
163.8721356346637,0.15937421321366912
163.87607117912043,0.2858709222507975
163.8800067235772,0.07425155184694776
163.88394226803393,0.2879866380179796
163.8878778124907,0.2233884466688682
163.89181335694744,0.7126729645813945
163.8957489014042,1.0913709730509575
163.89968444586094,0.35182620395127456
163.90361999031768,0.1234758127630739
163.90755553477445,0.14814463594049113
163.91149107923118,0.6170983998702433
163.91542662368795,0.7796892948543654
163.9193621681447,1.1610416218249782
163.92329771260145,2.3019713775920954
163.9272332570582,0.924022881009884
163.93116880151496,0.7887160739348574
163.9351043459717,2.5802663435811652
163.93903989042846,1.5350661943699604
163.9429754348852,0.5332287063153606
163.94691097934196,0.16766422997312266
163.9508465237987,1.3214679132528442
163.95478206825547,0.4751235815851376
163.9587176127122,1.3829132689851853
163.96265315716897,3.235170845741524
163.9665887016257,0.8981991090051046
163.97052424608248,0.23289714403894296
163.9744597905392,1.1193493656765765
163.97839533499598,4.392535044566394
163.98233087945272,2.3216841579375185
163.98626642390946,0.512989481336315
163.99020196836622,3.140368478332556
163.99413751282296,0.8407780729310964
163.99807305727973,1.039267854854453
164.00200860173646,1.9826690081894138
164.00594414619323,0.07260574755275949
164.00987969064997,2.3567900056273006
164.01381523510673,2.3028834376488785
164.01775077956347,0.7755130880611281
164.02168632402024,0.5901934888434165
164.02562186847695,0.1269891299699781
164.02955741293374,0.1986401363971332
164.03349295739048,1.5004630253014624
164.03742850184724,0.7956636195474323
164.04136404630398,0.07824716330370383
164.04529959076075,0.2159720363722538
164.0492351352175,0.7396438345067873
164.05317067967425,0.6858224166610118
164.057106224131,0.40698027426567623
164.06104176858773,1.82153527494483
164.0649773130445,0.39091211768549966
164.06891285750123,2.231039590418773
164.072848401958,0.5206710032431325
164.07678394641474,0.7824520789648303
164.0807194908715,1.2949724354679841
164.08465503532824,0.4892217894727493
164.088590579785,0.7827687969669967
164.09252612424174,1.0815704399796149
164.0964616686985,0.4372041259401513
164.10039721315525,1.9718205800274415
164.104332757612,2.518101268142114
164.10826830206875,0.9350479229137143
164.11220384652552,0.10129826230097841
164.11613939098226,2.2232034525244595
164.12007493543902,3.572146682804679
164.12401047989576,1.036405392585061
164.12794602435253,1.641587836579369
164.13188156880926,0.6849285737825203
164.135817113266,2.5345070060596346
164.13975265772277,0.5030414677510165
164.1436882021795,1.1374667492081874
164.14762374663627,1.9051139922732552
164.151559291093,3.4208018605253363
164.15549483554975,3.309637317875404
164.1594303800065,0.6842234613554993
164.16336592446328,3.088778550281918
164.16730146892002,1.825736675350943
164.17123701337678,0.7860570288641915
164.17517255783352,0.1307595140466385
164.1791081022903,0.563773050396405
164.18304364674702,0.5176680582121489
164.1869791912038,0.21572745884875752
164.19091473566053,1.4397101451881722
164.1948502801173,0.7884031203606704
164.19878582457403,0.36106432861819604
164.2027213690308,0.41000409576799624
164.20665691348754,0.2664272751420518
164.2105924579443,0.055015866750511795
164.21452800240104,0.4470388036537363
164.21846354685778,0.6130330259214984
164.22239909131454,0.5954197059777715
164.22633463577128,0.30588038176641946
164.23027018022805,0.07238359805494783
164.23420572468478,0.306211938639238
164.23814126914155,0.18544874971740583
164.2420768135983,0.49039777343573093
164.24601235805503,0.5966462690868776
164.2499479025118,3.449464230705101
164.25388344696856,2.5011929790776217
164.2578189914253,0.4116358645844982
164.26175453588206,0.134702573884213
164.2656900803388,3.0552293839146145
164.26962562479557,3.081462625089037
164.2735611692523,0.12907226014935275
164.27749671370907,2.0050987215400844
164.2814322581658,0.8829918316013687
164.28536780262257,0.9412915263247865
164.2893033470793,0.1640503304903369
164.29323889153605,1.958814980844856
164.29717443599282,3.044762949481401
164.30110998044955,0.1389432411002756
164.30504552490632,0.6809818574295747
164.30898106936306,0.1280195805841831
164.31291661381982,0.7494679627599685
164.31685215827656,0.6720141113692716
164.32078770273333,0.3885448704834439
164.32472324719006,2.095421357826231
164.32865879164683,1.8591519260974125
164.33259433610357,1.0066121299416697
164.3365298805603,0.3172891245361239
164.34046542501707,0.9549476332538083
164.34440096947384,1.2605343940062754
164.34833651393058,2.119130653745851
164.35227205838734,2.389990070450804
164.35620760284408,0.9723772463086927
164.36014314730085,0.37855323129937285
164.36407869175758,0.9662256746130005
164.36801423621435,1.1286906301489448
164.3719497806711,0.46478157877983983
164.37588532512785,0.2525928736808014
164.3798208695846,0.02838143288194827
164.38375641404133,0.9121088300707673
164.3876919584981,1.1961480575499486
164.39162750295483,0.6059024300403247
164.3955630474116,0.36201435459487996
164.39949859186834,0.38775208776383807
164.4034341363251,0.5406647660674789
164.40736968078184,0.36897440134068427
164.4113052252386,0.2100462474084535
164.41524076969534,0.2310219485566558
164.4191763141521,0.05574880139779378
164.42311185860885,0.13823844660720294
164.4270474030656,0.03475834318138131
164.43098294752235,0.1484276282970135
164.43491849197912,0.13844060096619568
164.43885403643586,0.005103017641203187
164.44278958089262,0.03178015394328036
164.44672512534936,0.3965016502592773
164.4506606698061,0.8500713860022302
164.45459621426286,0.2656785214732171
164.4585317587196,0.004494364805230498
164.46246730317637,0.02218870572832982
164.4664028476331,0.8935934381186644
164.47033839208987,1.9582222815467123
164.4742739365466,0.6282264442106736
164.47820948100338,0.16727768449071423
164.4821450254601,0.8421690238387071
164.48608056991688,0.3384278109679989
164.49001611437362,0.6647599495499514
164.49395165883038,0.971677498327238
164.49788720328712,0.273284067168982
164.5018227477439,0.14940543092405587
164.50575829220062,0.14614059446598765
164.5096938366574,0.14406663651948845
164.51362938111413,0.1671841272577189
164.5175649255709,0.151756847387031
164.52150047002763,0.23029582749763336
164.5254360144844,0.4395508395829416
164.52937155894114,0.4033928305479339
164.53330710339787,0.17386976707855967
164.53724264785464,0.5131478080461035
164.54117819231138,1.1725195714927306
164.54511373676814,0.26751805798831796
164.54904928122488,0.6179712304223667
164.55298482568165,2.1988341955274624
164.5569203701384,0.9618431476573438
164.56085591459515,0.4240926627466046
164.5647914590519,0.799471602236406
164.56872700350866,0.03907997525749272
164.5726625479654,0.1555602243428605
164.57659809242216,0.01275493891867137
164.5805336368789,0.16587311635446178
164.58446918133566,0.10907086349139274
164.5884047257924,1.9433654457180922
164.59234027024917,2.16081502273457
164.5962758147059,0.567232707211447
164.60021135916267,0.44443707684760947
164.6041469036194,1.37919089924394
164.60808244807615,1.5957944622131386
164.6120179925329,2.1317830631946384
164.61595353698965,3.166200886279807
164.61988908144642,1.0872556315045443
164.62382462590315,0.24302662206986372
164.62776017035992,0.2671668310831266
164.63169571481666,1.4496956128947385
164.63563125927342,1.6977569852701033
164.63956680373016,0.658123257551052
164.64350234818693,0.3774407779607579
164.6474378926437,0.4599370061261389
164.65137343710043,0.09245168151960662
164.65530898155717,1.1975030490026715
164.65924452601394,2.461558173800003
164.66318007047067,0.45512102648036046
164.66711561492744,0.30649519920194673
164.67105115938418,0.9897404840953485
164.67498670384094,0.9403463092698623
164.67892224829768,1.2039518949509587
164.68285779275442,1.2114847023464057
164.68679333721118,0.6479433883407778
164.69072888166792,0.3306231067472428
164.6946644261247,0.1084269076782487
164.69859997058143,0.6098347600795098
164.7025355150382,0.7319381771120275
164.70647105949493,0.5229799268886627
164.7104066039517,0.4001253892157895
164.71434214840843,0.6782072346324343
164.7182776928652,0.057383621681832794
164.72221323732194,1.215349675084385
164.7261487817787,2.2267442259142647
164.73008432623544,0.36875541075094675
164.7340198706922,4.267424735937413
164.73795541514895,5.409949047629694
164.7418909596057,0.305229747653619
164.74582650406245,2.4052536490651195
164.74976204851922,2.869465866190745
164.75369759297595,0.20279538602593403
164.75763313743272,0.17154476082701783
164.76156868188946,0.19100774319461694
164.7655042263462,0.17165766671202276
164.76943977080296,0.1569030898407241
164.7733753152597,0.7074166641047496
164.7773108597165,1.6800301985795383
164.7812464041732,0.44265353588831263
164.78518194862997,1.4569713137205995
164.7891174930867,3.872056500766931
164.79305303754347,1.1092921055113043
164.7969885820002,0.8408370591771854
164.80092412645698,2.0891239092640945
164.80485967091371,1.214156343390306
164.80879521537048,0.13563392617308664
164.81273075982722,1.029406260660714
164.81666630428398,3.010739873398996
164.82060184874072,2.6270029045604835
164.8245373931975,1.4305787222672202
164.82847293765423,1.4574119120608044
164.832408482111,3.3425139712384104
164.83634402656773,5.680124670075427
164.84027957102447,3.70246546182883
164.84421511548123,0.8587938473297358
164.84815065993797,0.35206405483977593
164.85208620439474,0.21922439164071864
164.85602174885148,0.5250416749010188
164.85995729330824,0.8262114496270934
164.86389283776498,0.37763976751364586
164.86782838222177,0.16409710992956053
164.87176392667848,0.14231854634240795
164.87569947113525,0.4867664573165152
164.879635015592,0.6149746850648048
164.88357056004875,0.6716636826495431
164.8875061045055,0.5753429531464742
164.89144164896226,1.1102550661220612
164.895377193419,2.4080968305786596
164.89931273787576,1.7049081729370328
164.9032482823325,0.3793627857575797
164.90718382678926,1.8394775723401593
164.911119371246,0.8647300059427206
164.91505491570277,0.25122957954646896
164.9189904601595,1.4716564568515629
164.92292600461624,1.0751995033138242
164.926861549073,2.9827350510740764
164.93079709352975,2.5370207530325555
164.9347326379865,0.20986746256482594
164.93866818244325,1.259248442715854
164.94260372690002,1.72281079122928
164.94653927135676,4.079590794548778
164.95047481581352,3.9522608722924675
164.95441036027026,2.638621327466941
164.95834590472705,2.3562590015407587
164.96228144918376,0.45855070162573086
164.96621699364053,0.5655933020300489
164.97015253809727,2.2162736215650414
164.97408808255403,1.646999464063799
164.97802362701077,0.46478660499657887
164.98195917146754,0.6593277832973043
164.98589471592427,0.8904806475952517
164.98983026038104,0.17442802125579104
164.99376580483778,0.9411232092386039
164.99770134929452,0.37594643805806777
165.00163689375128,0.704475106584043
165.00557243820802,0.5386768166146587
165.0095079826648,0.019973080636808468
165.01344352712152,0.4762808631943231
165.0173790715783,1.8970715460561172
165.02131461603503,1.2949259173710528
165.0252501604918,0.027548924159140172
165.02918570494853,0.369122138844667
165.0331212494053,0.18034529410980976
165.03705679386204,0.35197313196778823
165.0409923383188,0.6236169684167735
165.04492788277554,0.7632145672593235
165.0488634272323,0.15497552107425044
165.05279897168904,0.13558765499244096
165.0567345161458,0.19427185537837394
165.06067006060255,0.23547509349951445
165.0646056050593,1.0077080740177224
165.06854114951605,1.6066442302874682
165.07247669397282,0.1837080461028629
165.07641223842955,0.8248546427254861
165.0803477828863,2.085079726841874
165.08428332734306,0.6328917795347447
165.0882188717998,0.037179594257701135
165.09215441625656,0.16048740005369944
165.0960899607133,0.014141701777064492
165.10002550517007,0.2149514913709642
165.1039610496268,0.33488756028686834
165.10789659408357,0.8122471996190588
165.1118321385403,0.7216835767597839
165.11576768299707,0.7683611205699061
165.1197032274538,0.40156769797050845
165.12363877191058,0.5438101200679414
165.12757431636732,1.169835172614587
165.13150986082408,0.11981687610912035
165.13544540528082,0.5281829746840251
165.1393809497376,0.5447376711440254
165.14331649419432,0.14069632220819542
165.1472520386511,0.32308777945972733
165.15118758310783,1.0124681587346598
165.15512312756456,0.7352225395880778
165.15905867202133,0.1679610799925282
165.16299421647807,0.10431616030073361
165.16692976093483,1.32999642192765
165.17086530539157,1.6281746911122732
165.17480084984834,0.8821232754178692
165.17873639430508,0.7929046503014785
165.18267193876184,1.3949645791556655
165.18660748321858,1.5041859875174624
165.19054302767535,0.7659057913892997
165.19447857213208,0.691234719794746
165.19841411658885,1.2164933094253554
165.2023496610456,1.9294545754150911
165.20628520550235,1.654751994066618
165.2102207499591,0.5395703126892997
165.21415629441586,0.07640682104106807
165.2180918388726,0.0353804074086978
165.22202738332936,2.0591318451882397
165.2259629277861,6.013836621848753
165.22989847224284,1.5849939621252147
165.2338340166996,0.47593906752205956
165.23776956115634,0.675077382152992
165.2417051056131,0.4920751379873369
165.24564065006984,1.95921996208298
165.2495761945266,0.6387992037584728
165.25351173898335,0.3118147165697575
165.25744728344011,0.18972503999875343
165.26138282789685,0.1676510710560893
165.26531837235362,0.03647474480261866
165.26925391681036,0.6552206424312044
165.27318946126712,0.8727960001551947
165.27712500572386,0.32319463449945657
165.28106055018063,0.9706746553598149
165.28499609463736,0.12291091919165185
165.28893163909413,1.170692531872183
165.29286718355087,2.576064165467009
165.29680272800763,2.2281327952468586
165.30073827246437,2.192211818065156
165.30467381692114,1.8861440303747687
165.30860936137788,1.1004333788281593
165.3125449058346,0.4577996960990501
165.31648045029138,0.25684774590374115
165.32041599474812,0.4389821503903887
165.32435153920488,0.29058139713118186
165.32828708366162,0.48954938741085613
165.3322226281184,0.3434948468122311
165.33615817257513,2.1636220375713404
165.3400937170319,2.516126471102598
165.34402926148863,0.5555510642142929
165.3479648059454,1.289955533818987
165.35190035040213,1.3437186362678988
165.3558358948589,0.20647250721677637
165.35977143931564,0.5134251553468189
165.3637069837724,2.0080009665702323
165.36764252822914,3.0215549936709336
165.3715780726859,2.136452708015042
165.37551361714264,0.5706780202647604
165.3794491615994,0.38909574675832287
165.38338470605615,0.5030410978745001
165.3873202505129,0.03285452884163676
165.39125579496965,0.3441895212101036
165.3951913394264,0.4923109982371166
165.39912688388316,0.18506715610273625
165.4030624283399,0.04406125645955084
165.40699797279666,0.46733655296110105
165.4109335172534,0.3870177804764214
165.41486906171016,0.04829732918723682
165.4188046061669,0.3706077793802596
165.42274015062367,0.5881289934725854
165.4266756950804,0.6035361237211684
165.43061123953717,0.6421966802891772
165.4345467839939,0.47228795516441396
165.43848232845068,0.4887566079073489
165.4424178729074,0.7800695621999467
165.44635341736418,0.5480803580432114
165.45028896182092,0.03630864684066451
165.45422450627768,0.31270448620567354
165.45816005073442,0.21841472023369937
165.4620955951912,0.21699017467065027
165.46603113964792,0.40793890149119494
165.46996668410466,0.16712142238317187
165.47390222856143,0.28209722088456674
165.47783777301817,1.9281613836102487
165.48177331747493,2.8336451532568963
165.48570886193167,0.6906743822220102
165.48964440638844,0.1656332423602419
165.49357995084517,1.3560870634477769
165.49751549530194,2.5403031749684604
165.50145103975868,1.8368756334687752
165.50538658421544,1.5082457021733104
165.50932212867218,2.130525896745775
165.51325767312895,0.878929148416534
165.51719321758569,0.0667861665095885
165.52112876204245,0.09409077530078412
165.5250643064992,0.16758631898478807
165.52899985095596,0.13323316603136245
165.5329353954127,0.8103526977017822
165.53687093986946,0.5907367775794273
165.5408064843262,2.382779446658385
165.5447420287829,1.5681679076382817
165.5486775732397,0.17475272120721155
165.55261311769644,0.5237574315844151
165.5565486621532,0.3356755557920144
165.56048420660994,0.8949978838210753
165.5644197510667,1.4095775690818615
165.56835529552345,2.899185537990047
165.5722908399802,3.037051267868752
165.57622638443695,2.223176504192442
165.58016192889372,1.4074415041630075
165.58409747335045,1.395366033146832
165.58803301780722,0.3559935087080797
165.59196856226396,0.34104977167202966
165.59590410672072,1.2359676172010905
165.59983965117746,2.4401355432006366
165.60377519563423,2.4347480983200067
165.60771074009097,1.2203669356093776
165.61164628454773,1.6068586648319285
165.61558182900447,2.0174133134787358
165.61951737346124,0.6981095182142348
165.62345291791797,2.121554529134225
165.6273884623747,2.308094947011788
165.63132400683148,1.2237872903941893
165.6352595512882,2.417791688241553
165.63919509574498,1.096573824313364
165.64313064020172,0.17478457555851695
165.64706618465848,0.42058046354371365
165.65100172911522,0.3908364629191598
165.654937273572,0.32489146188181434
165.65887281802873,2.1079438465668234
165.6628083624855,2.407649148099407
165.66674390694223,1.034694516081307
165.670679451399,2.7123698537645136
165.67461499585573,1.2995887705522553
165.6785505403125,0.1261486511114142
165.68248608476924,0.7886877050787722
165.686421629226,0.21964138277569853
165.69035717368274,0.581423592651656
165.6942927181395,0.3360199233844499
165.69822826259625,0.5288398431721442
165.70216380705298,1.1046330372790978
165.70609935150975,2.1291448908526043
165.7100348959665,0.18329386578647108
165.71397044042325,3.3516500051934335
165.71790598488,6.462255043249275
165.72184152933676,2.1997368526724808
165.7257770737935,1.9253127056107608
165.72971261825026,0.6830738465597734
165.733648162707,0.8615804273742054
165.73758370716376,4.895407041207421
165.7415192516205,4.526908874351729
165.74545479607727,1.144337484722554
165.749390340534,3.8044724956635143
165.75332588499077,2.5118007847836834
165.7572614294475,0.1553129672427135
165.76119697390428,2.32674782699917
165.765132518361,1.1643124353837755
165.76906806281778,2.5438233421936496
165.77300360727452,3.51591279169232
165.77693915173126,1.3503186331112438
165.78087469618802,0.31617546482607234
165.78481024064476,0.38582295741107997
165.78874578510153,0.3085731991753186
165.79268132955826,0.09798584493632223
165.79661687401503,0.22161450231565666
165.80055241847177,0.2526799574185951
165.80448796292853,0.02563431697477665
165.80842350738527,0.5688412209736734
165.81235905184204,0.5453050369704469
165.81629459629875,0.34574189372696873
165.82023014075554,0.8456108825327723
165.82416568521228,1.0315021485821916
165.82810122966904,0.7503372007714803
165.83203677412578,0.6194904567530498
165.83597231858255,1.0084302313299325
165.8399078630393,1.6857375653854036
165.84384340749605,0.7251524792944173
165.8477789519528,0.05959640044838606
165.85171449640956,0.728897547452414
165.8556500408663,0.6664869395648768
165.85958558532303,2.233229252601528
165.8635211297798,1.965661500668495
165.86745667423654,0.04227758883106513
165.8713922186933,1.0508839471067781
165.87532776315004,1.4568267420788166
165.8792633076068,0.35443625138977364
165.88319885206354,1.1027125794540191
165.8871343965203,1.2729595895021915
165.89106994097705,0.07518138344191448
165.8950054854338,0.685203522420426
165.89894102989055,0.5293153687802873
165.90287657434732,0.26109423291929656
165.90681211880403,0.5205941603845967
165.91074766326082,0.27601787460583577
165.91468320771756,0.09944066829501659
165.91861875217432,0.16230007825072681
165.92255429663106,1.2137828215393922
165.92648984108783,1.567425983473839
165.93042538554457,1.017367150261683
165.9343609300013,0.7656809975051903
165.93829647445807,0.7934301497219567
165.9422320189148,0.041253584776012826
165.94616756337155,1.2064139576911725
165.9501031078283,2.0063059464800372
165.95403865228508,1.5378475152523672
165.95797419674182,1.5532701381391292
165.96190974119858,1.1681083153699394
165.96584528565532,1.0339367609029113
165.9697808301121,2.4082775473071245
165.97371637456882,3.112457208080735
165.9776519190256,1.6869507886434563
165.98158746348233,0.20053534091247213
165.9855230079391,0.6418876543491634
165.98945855239583,0.9964320725286487
165.9933940968526,0.0345090331959081
165.99732964130934,1.2137685864431844
166.0012651857661,0.2639743625309625
166.00520073022284,0.5363124894053944
166.0091362746796,1.0408654210513253
166.01307181913634,0.4695686813469082
166.01700736359308,0.02760531142639279
166.02094290804985,0.031947708465638186
166.02487845250658,0.15304864079650266
166.02881399696335,1.2124358447140222
166.0327495414201,1.2476519916303839
166.03668508587683,0.6229049370740514
166.0406206303336,0.4400434674857287
166.04455617479036,0.2230289741025189
166.0484917192471,0.09153851835517962
166.05242726370386,0.24135805679349193
166.0563628081606,1.0777347025563655
166.06029835261737,1.869453976896485
166.0642338970741,0.23571714465721147
166.06816944153087,0.6287947028984324
166.0721049859876,0.059557115820709584
166.07604053044437,1.4561716466342127
166.0799760749011,0.550819893378963
166.08391161935788,3.1955935806728197
166.08784716381462,1.502628253845704
166.09178270827135,1.9288279706956275
166.09571825272812,2.6678841407001985
166.09965379718486,0.5972188925188598
166.10358934164162,4.550079912221029
166.10752488609836,1.4452239290376552
166.11146043055513,0.0903309097915486
166.11539597501186,0.4327492194344533
166.11933151946863,0.36259490985910736
166.12326706392537,0.1486352019784313
166.1272026083821,0.40685483385139737
166.13113815283887,0.2982558866579006
166.13507369729564,0.1771228655239088
166.13900924175238,0.6486628036781997
166.14294478620914,2.0421660585668686
166.14688033066588,0.8339418965568374
166.15081587512265,0.033819196776611785
166.15475141957938,2.0239942876410884
166.15868696403615,2.193325050503623
166.1626225084929,0.4422475426983238
166.16655805294965,5.741126817677839
166.1704935974064,2.167105737496936
166.17442914186313,0.3508619075597927
166.1783646863199,0.7699493423958802
166.18230023077663,0.09909259086945066
166.1862357752334,0.15231635601244264
166.19017131969014,0.48377710081671804
166.1941068641469,1.2065875342852463
166.19804240860364,1.1770060588135358
166.2019779530604,1.8116942754563763
166.20591349751714,2.287153663932822
166.2098490419739,2.2138636602690753
166.21378458643065,0.5079156922388912
166.2177201308874,0.4856627337161227
166.22165567534415,0.15722022563236676
166.22559121980092,0.6177252923344948
166.22952676425766,0.5837447305450333
166.23346230871442,0.5590688771526473
166.23739785317116,0.606219131885169
166.24133339762793,1.184136548163633
166.24526894208466,0.508827020058948
166.2492044865414,0.2296614583209024
166.25314003099817,1.1456163874015963
166.2570755754549,0.3353937329595855
166.26101111991167,0.6935070086974576
166.2649466643684,0.6478785241120969
166.26888220882518,0.4224570973456867
166.2728177532819,0.7766162768736007
166.27675329773868,0.08967572565090327
166.28068884219542,0.7215783977945198
166.28462438665218,0.5318014439881438
166.28855993110892,0.3625636466743089
166.2924954755657,0.9525098305822596
166.29643102002242,1.575524272418864
166.3003665644792,1.4815373080563696
166.30430210893593,0.03384324369988961
166.3082376533927,0.5617122845464554
166.31217319784943,0.047041979899312934
166.3161087423062,2.3578636833772793
166.32004428676294,3.8019609441420044
166.32397983121967,1.9023821265182705
166.32791537567644,1.9660291409966448
166.33185092013318,0.15078977565120377
166.33578646458994,1.2274117176097792
166.33972200904668,1.9116845185368134
166.34365755350345,0.24616938448885603
166.3475930979602,0.6738735105035645
166.35152864241695,1.7960008164455896
166.3554641868737,0.8472098007215385
166.35939973133046,0.026864646527540136
166.3633352757872,0.25964830490323865
166.36727082024396,0.3803101932252402
166.3712063647007,0.1203142655726552
166.37514190915746,1.036638811764574
166.3790774536142,0.9574462975439106
166.38301299807097,0.1747746369563027
166.3869485425277,1.6868197590773624
166.39088408698447,1.4847649478881582
166.3948196314412,0.25025603248365147
166.39875517589795,0.11268103196893993
166.4026907203547,0.06321247827133109
166.40662626481145,0.5545419312524535
166.41056180926822,0.5906048171772241
166.41449735372495,0.6294877376972481
166.41843289818172,0.7057573997288986
166.42236844263846,0.677736035089253
166.42630398709522,0.7132175802475381
166.43023953155196,0.3625077569740507
166.43417507600873,0.623093824760778
166.4381106204655,0.8886214317096229
166.44204616492223,0.22583212297220412
166.44598170937897,0.47349786385939596
166.44991725383574,0.9236274529201344
166.45385279829247,0.6760461931252544
166.45778834274924,0.7273204405413812
166.46172388720598,0.3276875998950145
166.46565943166274,1.14625216111273
166.46959497611948,0.7845231556973244
166.47353052057625,0.12053331447130297
166.47746606503298,0.3429287646447598
166.48140160948972,0.6587505552598151
166.4853371539465,2.6159044035841084
166.48927269840323,1.8241436602432315
166.49320824286,0.5498612299285497
166.49714378731673,1.1034039354367458
166.5010793317735,1.0129059087330412
166.50501487623023,0.3022007660290284
166.508950420687,0.31981643756310735
166.51288596514374,0.4183462445921153
166.5168215096005,0.07924018118117791
166.52075705405724,0.3625898396425815
166.524692598514,0.6395875013595823
166.52862814297077,0.11430757305611278
166.5325636874275,0.38970766633744436
166.53649923188425,1.0872764148163796
166.54043477634102,0.49267706945722706
166.54437032079775,0.4685277414169174
166.54830586525452,0.9977513656715132
166.55224140971126,0.9845779701024948
166.55617695416802,0.6108506556706119
166.56011249862476,1.6237761789291296
166.5640480430815,1.777718866814977
166.5679835875383,0.39860412464798045
166.571919131995,0.13303421940795793
166.57585467645177,0.6536424037859236
166.5797902209085,0.22847338828738017
166.58372576536527,1.829540222519615
166.587661309822,2.2968488263131976
166.59159685427878,0.29312957075535123
166.59553239873551,0.015591961201774581
166.59946794319228,0.20022390050475017
166.60340348764902,0.973116249118951
166.60733903210578,1.6769763856320328
166.61127457656252,3.397297064473289
166.6152101210193,2.21799016163119
166.61914566547603,0.35062623357582173
166.6230812099328,0.5500751164967063
166.62701675438953,3.0927827095698333
166.6309522988463,2.8872647554726822
166.63488784330303,0.19956074515875769
166.63882338775977,0.2773751421077485
166.64275893221654,0.35439083978180436
166.64669447667328,0.24024437383946584
166.65063002113004,2.8981923578739135
166.65456556558678,7.49237068241699
166.65850111004357,3.8329797858595627
166.66243665450028,0.13907042582959436
166.66637219895705,1.533036563420642
166.6703077434138,1.0708536529610977
166.67424328787055,0.3302839503335507
166.6781788323273,0.4306174107797018
166.68211437678406,0.8965273557090814
166.6860499212408,0.41466297209680986
166.68998546569756,0.1136794760986218
166.6939210101543,1.1114918163602272
166.69785655461106,0.6315704307150574
166.7017920990678,0.05104765268318059
166.70572764352457,0.189649844789837
166.7096631879813,0.09021208686635128
166.71359873243807,0.5410423237837261
166.7175342768948,0.9762331737199926
166.72146982135155,2.7995475468117585
166.7254053658083,2.440199186557631
166.72934091026505,0.19455227541911502
166.73327645472182,0.07030859653746722
166.73721199917856,0.22467264435094358
166.74114754363532,1.5826743633053695
166.74508308809206,1.2691907360604182
166.74901863254885,0.39464201061856496
166.75295417700556,0.3233463081040268
166.75688972146233,0.043693521202628996
166.76082526591907,0.5784381755169583
166.76476081037583,1.959696559471713
166.76869635483257,0.5841765939705302
166.77263189928934,0.7784134950211227
166.77656744374607,1.2908837945281388
166.78050298820284,2.570201678404964
166.78443853265958,3.2123578666817
166.78837407711634,0.21286137474870145
166.79230962157308,1.1559321777063742
166.79624516602982,0.8827920433913142
166.8001807104866,0.5836571439887209
166.80411625494332,0.893914989579813
166.8080517994001,4.136167502116022
166.81198734385683,4.7445339935840005
166.8159228883136,2.504920551418258
166.81985843277033,4.200219010934791
166.8237939772271,3.684034358552374
166.82772952168384,3.1689264806303363
166.8316650661406,2.6274283340198483
166.83560061059734,0.9870150090616964
166.8395361550541,0.3155623985618584
166.84347169951084,0.7583012221268605
166.8474072439676,0.4997425113111841
166.85134278842435,0.4592423016265201
166.8552783328811,0.49996414399068023
166.85921387733785,0.6420704017913911
166.86314942179462,1.748980010055966
166.86708496625135,0.9681338669557923
166.8710205107081,0.7411623635911543
166.87495605516486,0.5682781762751898
166.8788915996216,0.25454437300507604
166.88282714407836,1.121912919622382
166.8867626885351,2.1275432100601703
166.89069823299187,0.6861429799340661
166.8946337774486,0.418780349887824
166.89856932190537,0.2011243256991992
166.9025048663621,1.1357524746641139
166.90644041081887,1.1456450538621499
166.9103759552756,0.21539537713313597
166.91431149973238,0.7346833729240146
166.91824704418912,0.014722882124603707
166.92218258864588,1.494710062319451
166.92611813310262,1.4970474974930144
166.9300536775594,0.06539251680641858
166.93398922201612,0.4162690226548315
166.9379247664729,0.8732685620192032
166.94186031092963,0.8330447446622371
166.9457958553864,0.7638271353840423
166.94973139984313,0.8485972739488358
166.95366694429987,1.0414478618959133
166.95760248875663,0.7994465347414548
166.96153803321337,0.30226690976354215
166.96547357767014,0.63276764078799
166.96940912212688,0.6448043074202523
166.97334466658364,0.27011448522771786
166.97728021104038,0.7321381122667191
166.98121575549715,0.8171136161959187
166.98515129995388,0.2052361884866038
166.98908684441065,0.136790776965425
166.9930223888674,0.7218502690069101
166.99695793332415,0.24057875025019415
167.0008934777809,0.35890834156916995
167.00482902223766,1.6093114468728325
167.0087645666944,0.42400727380951175
167.01270011115116,0.4041507382303835
167.0166356556079,1.3436218032077507
167.0205712000647,0.6442512968113245
167.0245067445214,0.3665741458491907
167.02844228897814,0.19611289101331025
167.0323778334349,0.016357243211511885
167.03631337789164,0.471934459365327
167.0402489223484,0.3043489627000856
167.04418446680515,0.20995123455237777
167.04812001126191,1.352597022074427
167.05205555571865,1.9440861455448994
167.05599110017542,1.6861225546372143
167.05992664463216,1.722879244940484
167.06386218908892,2.7465736944003836
167.06779773354566,1.4872961970778236
167.07173327800243,0.5434862039381884
167.07566882245916,1.0045948532087714
167.07960436691593,0.560515386851254
167.08353991137267,0.09437136094699275
167.08747545582943,0.10532076501643994
167.09141100028617,0.15249296274360596
167.09534654474294,0.34158020074871615
167.09928208919968,1.0221162993699995
167.10321763365644,0.8290784522503402
167.10715317811318,0.09576655853270799
167.11108872256992,0.05711513954416278
167.11502426702668,0.4932104452954026
167.11895981148342,0.4852428554102262
167.1228953559402,0.42907688341915406
167.12683090039693,3.662561290076953
167.1307664448537,3.649783304478009
167.13470198931043,0.916614148764593
167.1386375337672,0.19323006243795174
167.14257307822393,0.28430025319429997
167.1465086226807,0.02168273159042409
167.15044416713744,1.0555461583753523
167.1543797115942,0.7570757827408134
167.15831525605094,0.2128734621147637
167.1622508005077,0.34225249939812563
167.16618634496444,0.054689654188866704
167.1701218894212,0.5339416614531592
167.17405743387795,0.8875011826459945
167.17799297833471,1.1395537869090637
167.18192852279145,0.43105910973386613
167.1858640672482,1.8411522847087336
167.18979961170496,1.4996230236800092
167.1937351561617,0.3259401989109155
167.19767070061846,1.7558675106013009
167.2016062450752,1.1692183971328323
167.20554178953196,0.3325513701727463
167.2094773339887,0.18556322024714572
167.21341287844547,1.9589818272990185
167.2173484229022,5.459814703301721
167.22128396735897,1.8527980792238288
167.2252195118157,0.7135230916780279
167.22915505627248,1.6930754662583456
167.2330906007292,1.439748376091247
167.23702614518598,1.6269117209351862
167.24096168964272,2.2206285665360546
167.24489723409948,0.773329462231877
167.24883277855622,0.5155648236873209
167.252768323013,1.0914541974009824
167.25670386746972,0.9840758013650263
167.2606394119265,1.1378831787048949
167.26457495638323,0.1504186480892302
167.26851050083997,0.29238406813877166
167.27244604529673,0.13067860811209178
167.27638158975347,0.14019525811306424
167.28031713421024,0.7316425401621913
167.28425267866697,0.9057964229588031
167.28818822312374,0.2617977220497804
167.29212376758048,0.025094042369001042
167.29605931203724,0.13486874465091772
167.29999485649398,0.12181417483803504
167.30393040095075,0.43566975856645385
167.30786594540749,0.7038040243506125
167.31180148986425,0.17825699665888559
167.315737034321,0.11093163200239382
167.31967257877776,0.12060210930482665
167.3236081232345,0.7030340826582562
167.32754366769126,1.0574164225018634
167.331479212148,1.238960275922878
167.33541475660476,2.069379345204671
167.3393503010615,2.894519976950033
167.34328584551824,2.497578441894872
167.347221389975,1.7181093299895034
167.35115693443174,1.411433227298546
167.3550924788885,0.8338128543058055
167.35902802334525,0.2296253619126298
167.362963567802,0.47581209981401484
167.36689911225875,0.14608284614215555
167.37083465671552,0.6049578237498922
167.37477020117225,0.8043262193041885
167.37870574562902,0.31339459261533004
167.38264129008576,1.0018676800064927
167.38657683454252,0.19287011270221815
167.39051237899926,1.1603035219631839
167.39444792345603,2.6174908304371685
167.39838346791277,1.0080852021745914
167.40231901236953,0.8450407153611366
167.40625455682627,2.0428306678891355
167.41019010128304,1.4053968971595496
167.41412564573977,0.4083734330536934
167.4180611901965,0.6544665963666378
167.42199673465328,1.0733807299261302
167.42593227911,0.029090684802356246
167.42986782356678,2.887077239989902
167.43380336802352,2.187848702034653
167.43773891248028,1.3244025658878302
167.44167445693702,4.367865476892703
167.4456100013938,1.6849536582198958
167.44954554585053,0.12021845230350099
167.4534810903073,0.10844577180082299
167.45741663476403,0.5924138766407809
167.4613521792208,0.035411204597692356
167.46528772367753,2.211178165134088
167.4692232681343,2.360882383104555
167.47315881259104,0.09010263552672276
167.4770943570478,0.6481956062241286
167.48102990150454,0.6344944852321996
167.4849654459613,0.15240173079551309
167.48890099041805,0.12314582301901653
167.4928365348748,0.023040199244430865
167.49677207933155,0.24389649747789127
167.5007076237883,0.006339764539080758
167.50464316824505,0.9546662030842875
167.5085787127018,1.469734031470044
167.51251425715856,1.1408305376928989
167.5164498016153,0.42682823736171077
167.52038534607206,0.03341583637212952
167.5243208905288,0.2970513240940686
167.52825643498556,0.08563976321351921
167.5321919794423,0.14049448897433772
167.53612752389907,0.5416546665014514
167.5400630683558,0.7607353734206056
167.54399861281257,0.1453374291699215
167.5479341572693,0.7772520235798648
167.55186970172608,1.3399998953247512
167.5558052461828,1.2532688139416681
167.55974079063958,0.4781693032515357
167.56367633509632,0.26726350318299236
167.56761187955308,0.7253672547186027
167.57154742400982,0.15684218626523358
167.57548296846656,0.06190040377655779
167.57941851292333,0.01947830168176321
167.58335405738006,0.24093812979561183
167.58728960183683,0.18446444036599244
167.59122514629357,0.2744883253466739
167.59516069075033,1.1829006841791798
167.59909623520707,0.7627681210521202
167.60303177966384,0.45131238263225676
167.60696732412055,0.1882773847495835
167.61090286857734,0.1724858138999222
167.61483841303408,0.16333978645045555
167.61877395749084,0.21622680105704856
167.62270950194758,0.288315472768296
167.62664504640435,0.4887462095379705
167.6305805908611,0.3733848734952862
167.63451613531785,0.41425443606272716
167.6384516797746,0.8062614905224348
167.64238722423136,0.20334911283784474
167.6463227686881,0.46227088183173703
167.65025831314486,1.0446711660565742
167.6541938576016,0.2818950563795845
167.65812940205834,0.2781765500118521
167.6620649465151,1.5091483739386296
167.66600049097184,2.6268174421684467
167.6699360354286,1.0395007578210655
167.67387157988534,0.3299464179654713
167.6778071243421,1.856690557823128
167.68174266879885,1.3970775839851188
167.6856782132556,1.4398863847097287
167.68961375771235,0.3739383993210731
167.69354930216912,0.17507364128682115
167.69748484662583,0.3535632034908194
167.70142039108262,0.6752097434778094
167.70535593553936,0.35879549906292174
167.70929147999612,3.0822321721574726
167.71322702445286,1.837088222923
167.71716256890963,0.09899161853140345
167.72109811336637,0.45216674750932057
167.72503365782313,1.4399609067496797
167.72896920227987,1.599499740711336
167.7329047467366,1.3823571606638942
167.73684029119335,1.3466774284694756
167.7407758356501,0.9358316267808867
167.74471138010688,0.719466376530257
167.74864692456362,0.05897493269183839
167.75258246902038,0.6177013801124299
167.75651801347712,0.4342520746529161
167.7604535579339,1.846442047255744
167.76438910239062,1.3696838708507233
167.7683246468474,0.3930660884807525
167.77226019130413,0.5702575790239618
167.7761957357609,0.47285226991085577
167.78013128021763,0.1201423903542417
167.7840668246744,0.7019763295968511
167.78800236913114,0.10333519960036465
167.7919379135879,2.273002207272082
167.79587345804464,0.5914997469947977
167.7998090025014,0.937647831497874
167.80374454695814,1.4009025148387602
167.8076800914149,0.3465733455313395
167.81161563587165,1.9719163431683928
167.81555118032838,0.13546582658765008
167.81948672478515,1.2211987089981007
167.8234222692419,1.4864201288467722
167.82735781369863,0.6301037053970083
167.8312933581554,0.4662467994656747
167.83522890261216,0.2279588171608243
167.8391644470689,3.285357677402545
167.84309999152566,3.672597817425248
167.8470355359824,0.45003484230485474
167.85097108043917,0.8258272193065379
167.8549066248959,0.9644112599009348
167.85884216935267,1.6651272153086702
167.8627777138094,1.292106890266449
167.86671325826617,1.0438897477913356
167.8706488027229,4.564878976995531
167.87458434717968,2.441985638563799
167.87851989163642,2.402454006363449
167.88245543609318,2.154665556124981
167.88639098054992,0.1478208393826556
167.89032652500666,0.6514308591401577
167.89426206946342,0.7068702001333492
167.89819761392016,0.5981129661217465
167.90213315837693,0.08633146446999208
167.90606870283366,0.033939776473743064
167.91000424729043,0.02908101973174239
167.91393979174717,0.1202958476440895
167.9178753362039,0.07944342962131169
167.92181088066067,0.12574168856242204
167.92574642511744,0.46780702329057305
167.92968196957418,0.7082361074760379
167.93361751403094,1.032431414176133
167.93755305848768,1.2784740290732681
167.94148860294445,1.6504966457881036
167.94542414740118,0.8810867286462261
167.94935969185795,0.6461918809667242
167.9532952363147,1.7140263483200826
167.95723078077145,1.3981033289625324
167.9611663252282,0.24212641627076184
167.96510186968493,0.5356692248251103
167.9690374141417,0.7328884751209603
167.97297295859843,0.3339018850286666
167.9769085030552,0.7255248449829632
167.98084404751194,0.20474468957680905
167.9847795919687,0.19243558029157093
167.98871513642544,0.5743768167014057
167.9926506808822,0.4458529438356294
167.99658622533894,1.9690849794903589
168.0005217697957,2.642038825895436
168.00445731425245,1.2309558604310278
168.0083928587092,0.3621194681234747
168.01232840316595,0.09853499429560328
168.01626394762272,0.5304634431669968
168.02019949207946,0.51668936151425
168.02413503653622,0.520185477845609
168.02807058099296,2.0475462309117067
168.03200612544973,3.716614489745436
168.03594166990646,2.3335315289657648
168.03987721436323,0.02935282192372335
168.04381275881997,1.558457489646683
168.0477483032767,3.5257896537613362
168.05168384773347,3.8782581667838123
168.0556193921902,2.3445376010486925
168.05955493664698,1.3231268391460742
168.0634904811037,2.651117406593324
168.06742602556048,1.9086755258351915
168.07136157001722,0.8226536926505345
168.07529711447398,0.5195902697494437
168.07923265893072,0.6251358618055097
168.0831682033875,0.9509496402888719
168.08710374784422,0.951615954494212
168.091039292301,0.9359607873052184
168.09497483675773,0.5914387796981045
168.0989103812145,0.00328352328481079
168.10284592567123,0.42984475710978837
168.106781470128,0.07397097044757915
168.11071701458474,0.6873857598321376
168.1146525590415,0.8921812487202191
168.11858810349824,0.42164772205973017
168.12252364795498,2.630895412612181
168.12645919241174,1.0897890552667768
168.13039473686848,0.28151010535331916
168.13433028132525,1.272339235489127
168.138265825782,0.35995319960055305
168.14220137023875,0.16183877750155623
168.1461369146955,0.39373185942215
168.15007245915226,0.3927759636725832
168.154008003609,0.028299042980153025
168.15794354806576,0.3509098204153745
168.1618790925225,0.4007905400088847
168.16581463697926,0.16087788707518075
168.169750181436,0.07650496737999335
168.17368572589277,0.028281783410653724
168.1776212703495,0.18548615947770333
168.18155681480627,0.8279634325872173
168.185492359263,1.3443941621839421
168.18942790371975,0.7764297150151848
168.1933634481765,0.0021761069273978913
168.19729899263328,0.5627962986822193
168.20123453709002,0.323612935694078
168.20517008154675,0.0547751185076234
168.20910562600352,1.1366766573205593
168.21304117046026,1.703183314827495
168.21697671491702,0.5320846009169611
168.22091225937376,0.0976665782209738
168.22484780383053,0.07557500837877039
168.2287833482873,0.860774043259958
168.23271889274403,0.3728808306036284
168.23665443720077,0.7105386878411512
168.24058998165754,1.560301638447489
168.24452552611427,2.681879399687189
168.24846107057104,2.2297394787942797
168.25239661502778,0.8851750055085993
168.25633215948454,3.621257147793951
168.26026770394128,2.9694751526799417
168.26420324839805,1.0347017266642975
168.26813879285478,2.1103148152234312
168.27207433731155,2.213400633368852
168.2760098817683,0.8247020962064641
168.27994542622503,0.3151812597010966
168.2838809706818,1.4014425449286854
168.28781651513853,4.117994527047521
168.2917520595953,3.421118331192061
168.29568760405203,0.1963404872937486
168.2996231485088,2.4950989840215128
168.30355869296554,2.3602302876239216
168.3074942374223,0.014095746796555363
168.31142978187904,0.891691369960427
168.3153653263358,1.5533202003575945
168.31930087079257,2.476872276971431
168.3232364152493,0.8195061783022695
168.32717195970605,0.05701285691575017
168.33110750416282,0.1501081292117764
168.33504304861955,0.08800178548549106
168.33897859307632,0.6011222801521764
168.34291413753306,0.5439625059739718
168.34684968198982,0.4732945397600998
168.35078522644656,0.2176535189466093
168.35472077090333,1.6689325645005009
168.3586563153601,1.6790366735730793
168.3625918598168,0.35154390861994805
168.36652740427357,1.771419684667721
168.3704629487303,0.4197806872027766
168.37439849318707,0.6815338550880169
168.3783340376438,2.05472646824772
168.38226958210058,2.6105902541549306
168.38620512655731,1.0205425483954613
168.39014067101408,0.2425988101508427
168.39407621547082,1.41854457644202
168.39801175992758,0.13264690321532238
168.40194730438432,0.6220257033653197
168.4058828488411,0.6903932900751623
168.40981839329783,0.0894713126067813
168.4137539377546,1.9001294965729685
168.41768948221133,3.652268460083889
168.4216250266681,1.9583346012490173
168.42556057112483,0.8335144703576971
168.4294961155816,2.845126238189568
168.43343166003834,1.6038307719001967
168.43736720449508,0.08700944927976631
168.44130274895184,1.8365068608241768
168.44523829340858,0.7149755072006171
168.44917383786537,0.4411565951060561
168.45310938232208,0.662327132865059
168.45704492677885,0.15208907359237764
168.4609804712356,0.5024924022642656
168.46491601569235,0.11594906080399471
168.4688515601491,2.0506364778804325
168.47278710460586,1.405140604603971
168.4767226490626,0.012660549045130906
168.48065819351936,0.4914173563826357
168.4845937379761,1.5852073224518277
168.48852928243286,3.1569839804988753
168.4924648268896,3.3807630639132755
168.49640037134637,0.9045167160662646
168.5003359158031,0.4236698288874841
168.50427146025987,0.33938084053613815
168.5082070047166,0.06790663196768297
168.51214254917335,0.14530009443082575
168.5160780936301,0.7843870890258434
168.52001363808685,2.3711853097641096
168.52394918254362,1.1864678109148576
168.52788472700036,0.5763101315299543
168.53182027145712,1.5161499209931273
168.53575581591386,1.3975111169954866
168.53969136037065,0.040245112021194705
168.54362690482736,1.2809256346546318
168.54756244928413,1.8856651500213133
168.55149799374087,0.4910037507847091
168.55543353819763,2.4376677940711327
168.55936908265437,2.785502795735505
168.56330462711114,1.1223092080633776
168.56724017156787,0.31617004524818154
168.57117571602464,0.6138245869320738
168.57511126048138,2.727521207351814
168.57904680493814,0.5756327623461215
168.58298234939488,0.8688257966785434
168.58691789385165,1.4237246817401998
168.5908534383084,0.2868500410246862
168.59478898276512,2.031366627037138
168.5987245272219,2.4616146853900585
168.60266007167863,1.632131626061503
168.6065956161354,1.2298510359232908
168.61053116059213,0.47189605081234076
168.6144667050489,0.18358913494714843
168.61840224950564,0.9881928695418597
168.6223377939624,0.4685197095186872
168.62627333841914,0.01920438251853412
168.6302088828759,0.20744155785989082
168.63414442733264,1.518407061871686
168.6380799717894,2.693985214987853
168.64201551624615,1.1240964207431583
168.6459510607029,0.31891218917652503
168.64988660515965,0.003807566367506923
168.65382214961642,1.2137349424812371
168.65775769407315,2.904940483505916
168.66169323852992,0.9766994267686839
168.66562878298666,0.23475101323370798
168.6695643274434,0.6548744656191852
168.67349987190016,0.26797879754443166
168.6774354163569,1.3347733289373322
168.68137096081367,1.0460355193744564
168.6853065052704,1.4752863471608801
168.68924204972717,2.0428646251740776
168.6931775941839,0.7672159046661104
168.69711313864067,0.8741800457325555
168.7010486830974,0.43054753595729917
168.70498422755418,1.9225229775744386
168.70891977201092,2.837623247581181
168.71285531646768,0.7941677051458361
168.71679086092442,0.1370580805591454
168.7207264053812,0.3183058926689407
168.72466194983792,0.30396253694539205
168.7285974942947,0.6952141685014853
168.73253303875143,3.0225473168162504
168.7364685832082,3.005965982375006
168.74040412766493,0.31415356175301057
168.7443396721217,0.6529054768361541
168.74827521657843,0.8129929194797769
168.75221076103517,0.055435835110416214
168.75614630549194,0.4719632186844397
168.76008184994868,0.01638790504057928
168.76401739440544,0.7573388877586876
168.76795293886218,1.3001565115052625
168.77188848331895,0.4276800805102159
168.77582402777568,0.24519729241439933
168.77975957223245,0.6590748962784616
168.7836951166892,0.7945464904666637
168.78763066114595,0.4587980060583314
168.7915662056027,0.5906791142947653
168.79550175005946,0.27819921223820115
168.7994372945162,0.5905149740975556
168.80337283897296,0.569367049289025
168.8073083834297,0.329864883023626
168.8112439278865,0.42959396789684073
168.8151794723432,0.006838550570077256
168.81911501679997,0.6234456222227545
168.8230505612567,0.9047061673301258
168.82698610571344,0.9864134530933983
168.8309216501702,0.2516245496852101
168.83485719462695,0.95495652664511
168.83879273908371,2.858268267053293
168.84272828354045,1.512898295504895
168.84666382799722,0.1683937259917553
168.85059937245396,2.1918178661104695
168.85453491691072,1.2815681980989977
168.85847046136746,1.2535905867121773
168.86240600582423,2.8950747889827335
168.86634155028096,0.21890659475671287
168.87027709473773,1.6261461247245812
168.87421263919447,2.8979371238435796
168.87814818365123,0.9104816298628595
168.88208372810797,0.07828821279096193
168.88601927256474,0.06905177234916446
168.88995481702148,0.018141882571096432
168.89389036147824,0.5416695377942135
168.89782590593498,0.5697208467203433
168.90176145039177,0.1064113684378782
168.90569699484848,0.013774124882673612
168.90963253930522,0.1099929540737692
168.913568083762,0.5645632720427112
168.91750362821872,2.6342380410036275
168.9214391726755,3.24638102643846
168.92537471713223,1.8853602562666807
168.929310261589,4.501709756785959
168.93324580604573,3.382261490213431
168.9371813505025,0.5610711119693749
168.94111689495924,0.06131782847763354
168.945052439416,0.002845668619747766
168.94898798387274,0.03519758678233349
168.9529235283295,0.7498366354299337
168.95685907278624,0.9472099402855874
168.960794617243,0.08106434179483053
168.96473016169975,0.2668399954339787
168.96866570615651,0.9650328835450975
168.97260125061325,1.3647038493499812
168.97653679507002,0.8224335776611512
168.98047233952676,0.3228877760519591
168.9844078839835,0.3424013307184047
168.98834342844026,0.6060401504962349
168.992278972897,1.0990797102985503
168.99621451735376,1.0181658616822677
169.0001500618105,0.44143367895771457
169.00408560626727,0.10536221899252482
169.008021150724,0.007723196703016409
169.01195669518077,0.3471335804246163
169.0158922396375,1.7515668512675375
169.01982778409428,2.485790111755923
169.023763328551,0.8654984159057643
169.02769887300778,0.4273324886468329
169.03163441746452,0.25407514036864753
169.03556996192128,0.006661541506290486
169.03950550637802,0.2004386259943065
169.0434410508348,1.4662853586672755
169.04737659529152,2.424497843598849
169.0513121397483,0.6434509097580716
169.05524768420503,0.5935510145032638
169.05918322866177,1.2419496272881207
169.06311877311853,0.8099706146170795
169.06705431757527,1.409590135087536
169.07098986203204,1.5450443094467694
169.07492540648877,1.0318804548065175
169.07886095094554,1.0546514928408903
169.08279649540228,0.9935502043499921
169.08673203985904,0.5045351482647769
169.09066758431578,0.11639443746577506
169.09460312877255,0.11353977426550921
169.09853867322929,0.5232429414581593
169.10247421768605,0.5579116502715292
169.1064097621428,0.0292516818621263
169.11034530659956,0.39559423240703157
169.1142808510563,0.27082532694595446
169.11821639551306,0.915237858893677
169.1221519399698,2.683148757232249
169.12608748442656,1.7368056930384532
169.1300230288833,1.6671208662053671
169.13395857334007,0.9276057356475619
169.1378941177968,0.021691073181393565
169.14182966225354,0.3066283229611595
169.1457652067103,1.117428251713041
169.14970075116705,1.8391989267287598
169.1536362956238,0.7641253320902233
169.15757184008055,0.08943899190052296
169.16150738453732,1.1246745921892012
169.16544292899405,2.0889868447126063
169.16937847345082,0.690561396627087
169.17331401790756,0.1642925359729667
169.17724956236432,0.5274137275305548
169.18118510682106,0.8585148972465733
169.18512065127783,0.49342829282578343
169.18905619573457,0.6712120469857755
169.19299174019133,0.452323078126972
169.19692728464807,0.07199031578392072
169.20086282910484,0.7662576261482328
169.20479837356157,1.7092627781005052
169.20873391801834,1.6654847964681165
169.21266946247508,1.6886757661956624
169.2166050069318,1.7213326315743065
169.22054055138858,1.083365114638643
169.22447609584532,0.00959482839300827
169.22841164030208,1.2043607229977495
169.23234718475882,1.712473121593737
169.2362827292156,0.964744004059796
169.24021827367233,1.0936819707773366
169.2441538181291,0.36260773243243605
169.24808936258583,1.5496684006610635
169.2520249070426,2.2825030445293706
169.25596045149933,1.7174025743796595
169.2598959959561,0.8347020965751681
169.26383154041284,0.3683009476555583
169.2677670848696,1.6073074642915406
169.27170262932634,3.956151097800423
169.2756381737831,5.257882395801279
169.27957371823985,2.8867465205347123
169.2835092626966,0.12883271399010765
169.28744480715335,0.6978919813995066
169.29138035161012,1.4372358049625367
169.29531589606685,1.5909112004410042
169.2992514405236,1.6977571711476653
169.30318698498036,0.2634840572416859
169.3071225294371,0.6821901001694478
169.31105807389386,1.5899158908869342
169.3149936183506,1.2641912428613913
169.31892916280736,1.8039376284873858
169.3228647072641,0.7921183785347453
169.32680025172087,0.0741494363072397
169.3307357961776,0.9296424723542818
169.33467134063437,1.4367473086336884
169.3386068850911,1.3396722687326026
169.34254242954788,1.491380162896988
169.3464779740046,1.7242069688925212
169.35041351846138,1.2267921491285716
169.35434906291812,0.5204111939194236
169.35828460737488,0.05509762690341576
169.36222015183162,0.16221860270836325
169.3661556962884,0.425269258643713
169.37009124074513,0.21829795870055915
169.37402678520186,0.018406598947308422
169.37796232965863,0.005474527200868469
169.38189787411537,0.12048562879294714
169.38583341857213,0.49387706475530985
169.38976896302887,1.1237056841856823
169.39370450748564,1.2606448391653122
169.39764005194235,0.2985984306826207
169.40157559639914,0.1814247376564916
169.40551114085588,1.017280641555117
169.40944668531264,0.7061380346816429
169.41338222976938,0.14386050117804858
169.41731777422615,0.09586338024978236
169.4212533186829,0.12733813155771928
169.42518886313965,0.10651348920798066
169.4291244075964,0.8285496809346939
169.43305995205316,1.486012024147357
169.4369954965099,0.7652572640283433
169.44093104096666,0.06054126435744043
169.4448665854234,0.33474544967095315
169.44880212988016,0.3146862336507484
169.4527376743369,0.18206342855212476
169.45667321879364,0.37162101323133895
169.4606087632504,1.221435464748306
169.46454430770714,1.2454544751036838
169.4684798521639,0.19023372356679952
169.47241539662065,1.2375043484702197
169.4763509410774,1.8817418295401565
169.48028648553415,0.8882848067672564
169.48422202999092,0.10075781628601037
169.48815757444763,0.16119150437936894
169.49209311890442,1.0668863039718617
169.49602866336116,1.8442469643092738
169.49996420781792,1.271549094707919
169.50389975227466,0.6599339929291007
169.50783529673143,0.8949774932579528
169.51177084118817,0.7220006873816948
169.51570638564493,0.22268354150062908
169.51964193010167,0.06304233019077422
169.52357747455844,0.07389066452649741
169.52751301901515,0.2005773076887212
169.5314485634719,0.07882838566062611
169.53538410792868,0.29776527949372417
169.53931965238542,1.1034598096302464
169.54325519684218,1.0116872635139085
169.54719074129892,1.8448722780783822
169.55112628575569,1.0352731082706295
169.55506183021242,0.11597175380631641
169.5589973746692,1.6332511074306686
169.56293291912593,1.3528205613697448
169.5668684635827,0.47949385784089443
169.57080400803943,0.5198905369620433
169.5747395524962,0.33166718552115104
169.57867509695294,0.3161015949105775
169.5826106414097,1.2038039662614193
169.58654618586644,0.3875646603547995
169.5904817303232,2.955379296807461
169.59441727477994,1.2549037360683168
169.5983528192367,1.772279829954886
169.60228836369345,4.143537734495253
169.60622390815018,1.0476288524255164
169.61015945260695,0.5420703315758998
169.6140949970637,0.20161275282426272
169.61803054152043,0.07652629319617561
169.6219660859772,0.012866622388553066
169.62590163043396,0.20396697276015466
169.6298371748907,1.105601773613052
169.63377271934746,1.977606618743032
169.6377082638042,0.4694156625026452
169.64164380826097,0.9483463000426602
169.6455793527177,1.4026648518668856
169.64951489717447,0.07991974590189575
169.6534504416312,0.6341147121885412
169.65738598608797,1.0655276761048107
169.6613215305447,0.09730141433754468
169.66525707500148,0.03784991915682775
169.66919261945822,0.24668157094065946
169.67312816391498,2.0036589505418183
169.67706370837172,1.0312810715391514
169.68099925282849,0.7275997353118779
169.68493479728522,2.385303342885038
169.68887034174196,0.805429944208569
169.69280588619873,0.06093278273786207
169.69674143065546,0.3301561209546296
169.70067697511223,1.08511619332163
169.70461251956897,0.20365722179757295
169.7085480640257,0.9172644002137774
169.71248360848247,3.3752680531088735
169.71641915293924,2.2811774096257182
169.72035469739598,0.43693086348224736
169.72429024185274,0.047945747409045794
169.72822578630948,0.20765694139424412
169.73216133076625,1.0142398787709246
169.73609687522298,0.7993511175658988
169.74003241967975,0.6639989407411684
169.7439679641365,0.5449218410174026
169.74790350859325,0.4076635291229409
169.75183905305,0.5528470963721394
169.75577459750676,0.010476659164215524
169.7597101419635,0.8470501632393979
169.76364568642023,1.7292054077584453
169.767581230877,1.0096531833152456
169.77151677533374,0.271027923038146
169.7754523197905,0.19479154250086386
169.77938786424724,0.2555457175550096
169.783323408704,0.1619796027023226
169.78725895316074,0.06189180146248882
169.7911944976175,0.15139567479566637
169.79513004207425,1.1289391966050921
169.799065586531,1.3770229946550472
169.80300113098775,0.11856296182887324
169.80693667544452,0.49395174394525426
169.81087221990126,0.496210508966085
169.81480776435802,0.2027194721735297
169.81874330881476,1.5750774313947424
169.82267885327153,1.3198085782138513
169.82661439772826,0.24540251646021505
169.83054994218503,0.00857418236423196
169.83448548664177,0.06496959645234651
169.83842103109853,0.1483500879214703
169.84235657555527,0.8766190713642188
169.846292120012,1.6307404548845683
169.85022766446878,1.5847986249308963
169.8541632089255,1.3699846457784763
169.85809875338228,1.4172105485795439
169.86203429783902,0.5725854281053693
169.86596984229578,0.7775800691761148
169.86990538675252,0.5674800810462649
169.8738409312093,0.2638025972997166
169.87777647566602,0.9453813678820656
169.8817120201228,0.362250849946697
169.88564756457953,0.3943885236822373
169.8895831090363,0.7430606476700914
169.89351865349303,0.10987778625500315
169.8974541979498,0.48214209246676754
169.90138974240654,1.3216894500224192
169.9053252868633,2.448119147252419
169.90926083132004,2.6891691083579308
169.9131963757768,0.49125082037899437
169.91713192023354,0.20101893945712687
169.92106746469028,0.5715855924530278
169.92500300914705,1.928807916911906
169.9289385536038,0.9866049671674042
169.93287409806055,0.35435034857181896
169.9368096425173,0.7745715105333678
169.94074518697406,0.6593732397597125
169.9446807314308,1.0926020717429485
169.94861627588756,0.0677679454007335
169.9525518203443,0.5531708346910896
169.95648736480106,0.44573777597128955
169.9604229092578,0.6914012888419455
169.96435845371457,1.7685935714336705
169.9682939981713,1.6241350751638846
169.97222954262807,0.6957857310808981
169.9761650870848,0.12709852240176048
169.98010063154155,0.13143389301118055
169.9840361759983,1.0371383927244477
169.98797172045508,1.442746050625511
169.99190726491182,1.6699395034396178
169.99584280936858,1.0874931881980427
169.99977835382532,0.2975642342930006
170.00371389828206,0.5352325830947298
170.00764944273882,1.2479873248596218
170.01158498719556,0.5105214533057816
170.01552053165233,0.6219951379265668
170.0194560761091,3.584905785708181
170.02339162056583,3.1322484625435854
170.02732716502257,0.7535450309756798
170.03126270947934,0.3101237299247231
170.03519825393607,1.14905975527463
170.03913379839284,1.7201005762014305
170.04306934284958,1.569189106726523
170.04700488730634,0.6022364610448496
170.05094043176308,0.10158522743639586
170.05487597621985,0.25779114857958524
170.05881152067658,0.20131643248798303
170.06274706513335,0.4641852612036769
170.0666826095901,1.100334090915647
170.07061815404683,0.548748595312554
170.0745536985036,0.41834902062222
170.07848924296033,0.010969313013450345
170.0824247874171,0.5578376471201629
170.08636033187383,0.25337373117580136
170.0902958763306,0.610551194312313
170.09423142078734,3.01278922026688
170.0981669652441,2.42138888428903
170.10210250970084,0.5993605788608886
170.1060380541576,0.18796700144153825
170.10997359861437,0.7974538979034974
170.1139091430711,1.1137822396406332
170.11784468752785,0.19839884181556902
170.12178023198462,0.2760693018385472
170.12571577644135,0.4621266231489802
170.12965132089812,0.4072453175408566
170.13358686535486,0.7024475718929807
170.13752240981162,0.14736532259206975
170.14145795426836,0.7716738075106462
170.14539349872513,0.9896072000749521
170.1493290431819,0.22797583933269008
170.1532645876386,0.043734439725070386
170.15720013209537,0.5340777223703497
170.1611356765521,0.6788820326070956
170.16507122100887,0.5199769044598468
170.1690067654656,0.3204042682604191
170.17294230992238,0.06257590216308673
170.17687785437911,0.4426294752606577
170.18081339883588,0.1458115734152889
170.18474894329262,0.045844332937005516
170.18868448774938,0.034257998957651484
170.19262003220612,0.2249734225481803
170.1965555766629,0.7560240150831976
170.20049112111963,0.5270489963759408
170.2044266655764,0.05828259553981911
170.20836221003313,0.1442538330104252
170.2122977544899,0.3083945091043544
170.21623329894663,0.12097987109431305
170.2201688434034,0.11100944917077009
170.22410438786014,0.10585311102888481
170.2280399323169,0.04814486866043013
170.23197547677364,0.279868616984906
170.23591102123038,0.5994005892089347
170.23984656568717,0.43829816839695257
170.24378211014388,0.08391814485719934
170.24771765460065,0.10635538771497244
170.2516531990574,0.21489143830923474
170.25558874351415,0.28518242184442316
170.2595242879709,0.02923927621796329
170.26345983242766,0.26103887263712383
170.2673953768844,0.20070116309951375
170.27133092134116,0.014315883382637666
170.2752664657979,0.6492379584800552
170.27920201025466,1.4019174474338636
170.2831375547114,0.7464013230277975
170.28707309916817,0.6639228742322112
170.2910086436249,0.2648034923008341
170.29494418808167,0.08762913806687
170.2988797325384,0.4060429450814623
170.30281527699518,0.8371052495276581
170.3067508214519,1.3778713513961691
170.31068636590865,0.3335423437280276
170.31462191036542,0.9827225543065756
170.31855745482216,2.303501517049095
170.32249299927892,1.1489532587744533
170.32642854373566,0.31791082869254583
170.33036408819245,0.26251917630742133
170.33429963264916,0.027173050434143996
170.33823517710593,0.36072840555664976
170.34217072156267,0.2810514347301456
170.34610626601943,0.7725091573779657
170.35004181047617,1.5900556000738864
170.35397735493294,0.83341993156917
170.35791289938967,0.06298174816318036
170.36184844384644,0.06488310295768987
170.36578398830318,0.5303563510353203
170.36971953275994,2.9450259200520272
170.37365507721668,4.867690188920438
170.37759062167345,2.8893604357741838
170.3815261661302,0.5984098039062873
170.38546171058695,0.20576025796641575
170.3893972550437,1.196274564398412
170.39333279950043,2.61482179816433
170.3972683439572,2.3660920987860745
170.40120388841393,0.5390433899417726
170.4051394328707,0.14013495225666794
170.40907497732744,1.0685483258231794
170.4130105217842,1.176650695044775
170.41694606624094,1.0823902012608115
170.4208816106977,1.161718176359594
170.42481715515444,0.7584276636678784
170.4287526996112,0.6010374280027242
170.43268824406795,0.9636870417798316
170.4366237885247,0.3011679581231506
170.44055933298145,0.548891021982268
170.44449487743822,1.5796005379454658
170.44843042189495,0.3633879594993596
170.45236596635172,1.3076120142069187
170.45630151080846,1.2308662853444094
170.46023705526522,0.010221288156824722
170.46417259972196,0.1251883611224067
170.4681081441787,0.045300977945390446
170.47204368863547,0.4364395207016489
170.4759792330922,0.9734032466112131
170.47991477754897,0.7303398330565223
170.4838503220057,0.8365679658786429
170.48778586646247,3.0885475428729454
170.4917214109192,2.259159931429422
170.49565695537598,0.6941614679691995
170.49959249983272,0.6306554804979246
170.50352804428948,1.0815689333453065
170.50746358874622,0.7400261758364131
170.511399133203,0.6008145347474997
170.51533467765972,0.5031520305921865
170.5192702221165,0.18087506410202803
170.52320576657323,0.12528133167385683
170.52714131103,0.10307799325945755
170.53107685548673,0.12168199280315
170.5350123999435,0.9771798026400201
170.53894794440023,1.007761701269805
170.542883488857,0.2058248628353578
170.54681903331374,0.6571174282003844
170.55075457777048,1.468537866110092
170.55469012222724,1.208577582635245
170.55862566668398,0.305530131930758
170.56256121114075,0.10753311800250474
170.56649675559748,0.2852427245912454
170.57043230005425,0.42916276115257185
170.574367844511,1.291384267783586
170.57830338896775,1.8040020986465053
170.5822389334245,0.9282912203061856
170.58617447788126,0.19958321584238936
170.590110022338,1.4576546815041491
170.59404556679476,2.892283509539868
170.5979811112515,2.3188137051059474
170.6019166557083,0.701008815117714
170.605852200165,1.0650016234268838
170.60978774462177,2.2515930724756297
170.6137232890785,0.8881790462252123
170.61765883353527,1.128863625346915
170.621594377992,1.4165191556015626
170.62552992244875,0.5540231212225208
170.62946546690551,1.842561938108082
170.63340101136225,1.0858662758357485
170.63733655581902,0.0346674932086819
170.64127210027576,0.7931216327875871
170.64520764473252,0.37251796604459786
170.64914318918926,0.2143386280196542
170.65307873364603,0.7113114883782682
170.65701427810276,0.09191009000382964
170.66094982255953,1.2878010240451292
170.66488536701627,0.6221406108112615
170.66882091147303,0.2287334710261818
170.67275645592977,0.8455386030734127
170.67669200038654,0.38317572261356186
170.68062754484328,0.3940801446788064
170.68456308930004,0.26377025203892956
170.68849863375678,0.24835194846850817
170.69243417821357,0.4332267757143915
170.69636972267028,0.4940103293720779
170.70030526712702,0.8448671003329088
170.7042408115838,2.1511181539408732
170.70817635604052,1.4720328177245294
170.7121119004973,0.7881859488121428
170.71604744495403,0.3492131588128218
170.7199829894108,1.2225735127936468
170.72391853386753,2.8004145338323507
170.7278540783243,0.5768955497420671
170.73178962278104,0.13379770897491747
170.7357251672378,0.18415743481475969
170.73966071169454,0.1231082340572727
170.7435962561513,1.5076629830497446
170.74753180060804,3.567653346149509
170.7514673450648,1.9505799385482236
170.75540288952155,0.5012105817942685
170.75933843397831,0.2256801628980439
170.76327397843505,0.6030699886269141
170.76720952289182,0.8271605511143576
170.77114506734856,0.3999967022536438
170.77508061180532,0.5570364966212085
170.77901615626206,1.3812683781284185
170.7829517007188,0.17439416961023976
170.78688724517556,0.18835461038222448
170.7908227896323,1.6204943850751174
170.79475833408907,3.7091995131178184
170.7986938785458,0.2536827112969301
170.80262942300257,2.5619942006681122
170.8065649674593,2.6636408709285333
170.81050051191608,0.7231818832141014
170.8144360563728,0.32442044809160714
170.81837160082958,1.7155747638822354
170.82230714528632,4.089212916119486
170.82624268974308,1.4805487355754277
170.83017823419982,0.4605543208009551
170.8341137786566,0.33596807227768277
170.83804932311332,1.6647069998097404
170.8419848675701,0.04499067904183021
170.84592041202683,1.3719309709888825
170.8498559564836,2.2738789209334187
170.85379150094033,2.6966363026380034
170.85772704539707,3.038966608715538
170.86166258985384,0.9587907109382389
170.86559813431057,1.4637718468324952
170.86953367876734,2.1058708352883557
170.87346922322408,0.7100778951018791
170.87740476768084,3.8660804333804086
170.88134031213758,1.5336266383610986
170.88527585659435,0.2608350892512153
170.88921140105109,0.5242629944428663
170.89314694550785,1.1099002906799011
170.8970824899646,1.5259919615584199
170.90101803442136,0.42760808916644877
170.9049535788781,1.01800303869991
170.90888912333486,0.6506131943398635
170.9128246677916,0.1689738787725652
170.91676021224836,0.3341554923999878
170.9206957567051,1.5671393037492491
170.92463130116187,3.3189470722653254
170.9285668456186,0.3228002128439096
170.93250239007537,0.6356714046895485
170.9364379345321,0.15559279252848615
170.94037347898885,0.8025623724958493
170.9443090234456,0.5731739304590899
170.94824456790235,2.138450310881842
170.95218011235912,0.4017066977690008
170.95611565681585,2.354448786798158
170.96005120127262,3.8276331065144187
170.96398674572936,0.2793463819734325
170.96792229018612,0.9580215845977287
170.97185783464286,0.08727845477933015
170.97579337909963,0.7182590611458546
170.97972892355637,1.2900474691177328
170.98366446801313,2.5810500081914753
170.98760001246987,1.896141384940619
170.99153555692664,0.6746373476107954
170.99547110138337,0.3683433326290557
170.99940664584014,0.4481874798472652
171.00334219029688,0.5564846295454273
171.00727773475364,0.31213668548185414
171.01121327921038,0.17895524159904813
171.01514882366712,0.2941294861177778
171.01908436812388,1.3552636919659231
171.02301991258062,1.566584492433905
171.0269554570374,0.19130105120086113
171.03089100149413,0.052816630932762
171.0348265459509,0.27854257207242533
171.03876209040763,1.275973661866097
171.0426976348644,0.7319848422212077
171.04663317932113,0.3555161833211883
171.0505687237779,0.9449070893498294
171.05450426823464,0.1219762751301626
171.0584398126914,0.5107971445335018
171.06237535714814,0.9498923018937171
171.0663109016049,0.030821442145469932
171.07024644606165,1.4917967385912683
171.0741819905184,2.9143230273379097
171.07811753497515,0.9089639399864665
171.08205307943192,0.08221579475435134
171.08598862388865,0.36343091542511774
171.08992416834542,0.44956810252264184
171.09385971280216,1.7544081175689836
171.0977952572589,0.8182864569142778
171.10173080171566,0.22860186234350524
171.1056663461724,0.5643411233061016
171.10960189062916,0.2546136166460404
171.1135374350859,1.2385070569990102
171.11747297954267,0.36950401264777155
171.1214085239994,0.41316961560653315
171.12534406845617,1.2970374090230303
171.1292796129129,0.2447246958936038
171.13321515736968,0.3191147946165355
171.1371507018264,0.556611210271104
171.14108624628318,0.008223538282866481
171.14502179073992,0.23060877103142738
171.14895733519668,0.257063539826036
171.15289287965342,0.15680026931692642
171.1568284241102,0.7127612022960311
171.16076396856693,1.3693814408785216
171.1646995130237,0.22484558441435865
171.16863505748043,1.223205200083265
171.17257060193717,0.5812533125639009
171.17650614639393,0.1771729313277907
171.18044169085067,0.2628518112641044
171.18437723530744,0.43514628092935437
171.18831277976415,0.9421583698850959
171.19224832422094,0.2957737442729087
171.19618386867768,1.110569183443202
171.20011941313444,0.4347105359579714
171.20405495759118,0.24226943986667102
171.20799050204795,0.7479176867144752
171.2119260465047,0.6824898212768998
171.21586159096145,0.32249433797122373
171.2197971354182,0.15391260676129023
171.22373267987496,0.2615489339712508
171.2276682243317,0.30723306115239
171.23160376878846,0.30553950397804946
171.2355393132452,0.7001233127945488
171.23947485770196,1.251583583557306
171.2434104021587,0.7698207014063069
171.24734594661544,0.26884807964078644
171.2512814910722,0.5207714804442846
171.25521703552894,0.20170571932044024
171.2591525799857,0.12309354372354621
171.26308812444245,0.015526305261892635
171.2670236688992,0.2922626136534793
171.27095921335595,1.3759086272441126
171.27489475781272,1.9247742294910561
171.27883030226943,1.0552414434835435
171.28276584672622,0.46919383042867746
171.28670139118296,0.8663662651237921
171.29063693563972,0.21147588467732037
171.29457248009646,0.4811631399406816
171.29850802455323,1.469069931268428
171.30244356900997,1.3507986057001482
171.30637911346673,1.928342003027622
171.31031465792347,1.4387746511505766
171.31425020238024,0.5114405137581314
171.31818574683697,0.5660810309492686
171.32212129129374,0.07533967378244245
171.32605683575048,0.27659707627115343
171.32999238020722,0.9187180180635856
171.33392792466398,0.5345935540505334
171.33786346912072,0.7552916492920094
171.34179901357749,1.4302930399045675
171.34573455803422,0.33204168444568555
171.349670102491,0.2501928204149514
171.35360564694773,0.7830695852786034
171.3575411914045,3.1336353847774965
171.36147673586123,0.9717547505005102
171.365412280318,0.6308191267365197
171.36934782477474,0.4825934132572755
171.3732833692315,1.2256345635077412
171.37721891368824,3.333687402988542
171.381154458145,0.5442603541075433
171.38509000260174,1.3891676319200696
171.3890255470585,0.40523844601151005
171.39296109151525,0.2677040674806313
171.396896635972,0.1394439710936295
171.40083218042875,0.3911643324435797
171.4047677248855,1.4092708725319258
171.40870326934223,1.0318106395042592
171.412638813799,0.31109712976968623
171.41657435825576,0.33448734052636797
171.4205099027125,1.2677550584915818
171.42444544716926,2.039407303399396
171.428380991626,0.6697814459233181
171.43231653608277,0.16193677383503002
171.4362520805395,2.03694931036913
171.44018762499627,2.5434483131982133
171.444123169453,0.6794309094166284
171.44805871390977,0.7992855034765551
171.4519942583665,1.5854126287739427
171.45592980282328,3.069334063286601
171.45986534728002,0.9848811986786378
171.46380089173678,0.24572264565599658
171.46773643619352,0.6388928004992656
171.47167198065029,0.12968308927547756
171.47560752510702,0.21105528817846123
171.4795430695638,0.7638124810278853
171.48347861402053,0.5923344223884042
171.48741415847726,0.18220219723891565
171.49134970293403,0.4017442359268193
171.49528524739077,1.8501998035782181
171.4992207918475,1.0513623931963856
171.50315633630427,0.683160178623117
171.50709188076104,0.9460554348222744
171.51102742521778,0.23336677219197435
171.51496296967454,0.35900162695059973
171.51889851413128,1.5268320178018218
171.52283405858805,0.8414391626045583
171.52676960304478,0.04686015222546275
171.53070514750155,0.16453246490027415
171.5346406919583,0.21070549463853278
171.53857623641505,0.4131322546576669
171.5425117808718,0.3955752899697066
171.54644732532856,0.2600441531396025
171.5503828697853,1.3754079801036223
171.55431841424206,0.6615700597177349
171.5582539586988,1.6611877976240939
171.56218950315554,0.7549412643557508
171.5661250476123,3.04893402017442
171.57006059206904,6.192144639544119
171.5739961365258,1.9591065211464918
171.57793168098254,0.5047418046800972
171.5818672254393,0.09960499060777833
171.58580276989605,2.0770516307945646
171.5897383143528,2.9260148668567156
171.59367385880955,1.600676282402121
171.59760940326632,1.2137085800423288
171.60154494772306,2.252446738900802
171.60548049217982,0.6487840743811215
171.60941603663656,0.017726256572413383
171.61335158109333,0.35189258285873654
171.61728712555006,2.1176711903815035
171.62122267000683,1.1354834486550753
171.62515821446357,0.1031064657465761
171.62909375892033,0.4271737807887846
171.63302930337707,0.5243687164518351
171.63696484783384,2.0336958387027697
171.64090039229058,3.0072593459821215
171.6448359367473,2.8864882702618444
171.64877148120408,2.29696671309867
171.65270702566082,3.3067494009354346
171.65664257011758,3.3807277460724467
171.66057811457432,1.433866620012364
171.6645136590311,0.6526869677474555
171.66844920348782,1.175911958358999
171.6723847479446,1.820109010161596
171.67632029240133,1.469634059190647
171.6802558368581,1.3164056245042657
171.68419138131483,0.7756571037114874
171.6881269257716,1.525173880983541
171.69206247022834,0.9807514773420266
171.6959980146851,0.8165196234525068
171.69993355914184,1.0209988814866897
171.7038691035986,0.33696081940288625
171.70780464805534,0.018729536803816973
171.7117401925121,0.22437546613384113
171.71567573696885,0.1944734761317721
171.7196112814256,0.12187327122732129
171.72354682588235,1.240094217969116
171.7274823703391,1.6904592150060436
171.73141791479586,0.22205011138836328
171.7353534592526,0.3254082255249278
171.73928900370936,0.23197336493340004
171.7432245481661,0.43432922229345605
171.74716009262286,1.8425394566778377
171.7510956370796,0.8926095561148124
171.75503118153637,0.21405435809137874
171.7589667259931,1.3375250855604943
171.76290227044987,0.8665327958505362
171.7668378149066,0.02619108954789875
171.77077335936335,0.9280960898611976
171.7747089038201,1.1127755402907973
171.77864444827688,0.9854478528101384
171.78257999273362,0.8660139655183462
171.78651553719038,0.5718481420751294
171.79045108164712,0.10541089069496051
171.79438662610386,1.504178136686221
171.79832217056062,2.6101181728253264
171.80225771501736,0.6761836017294733
171.80619325947413,0.3282331013789529
171.8101288039309,1.0204383173301377
171.81406434838763,0.4889187844285846
171.81799989284437,0.8816874082597697
171.82193543730114,0.6993902768089811
171.82587098175787,0.4843613530491019
171.82980652621464,1.227180293843795
171.83374207067138,1.9406504512340534
171.83767761512814,1.1879973912157056
171.84161315958488,0.38663280158049507
171.84554870404165,0.1404609420759255
171.84948424849838,0.00990177882003292
171.85341979295515,0.6358218036372826
171.8573553374119,1.684569632688129
171.86129088186863,1.9871621931562196
171.8652264263254,1.0026124134107888
171.86916197078216,0.03552936045490486
171.8730975152389,0.42822630684169005
171.87703305969563,0.2234519520953324
171.8809686041524,0.024991761245332696
171.88490414860914,0.8944247845982359
171.8888396930659,2.3066200401712003
171.89277523752264,1.942984698261113
171.8967107819794,0.766847777003538
171.90064632643617,1.4046289715563811
171.9045818708929,3.9740597255931314
171.90851741534965,4.777637693605501
171.91245295980642,2.543653635765743
171.91638850426315,0.3593461210795791
171.92032404871992,0.5167247883223994
171.92425959317666,1.3827601492809924
171.92819513763342,1.181075939804767
171.93213068209016,2.0097031592526124
171.93606622654693,2.1054170339865963
171.94000177100366,0.050375458952545527
171.94393731546043,1.0780023377452543
171.94787285991717,1.2755705030518307
171.9518084043739,0.35102987287014636
171.95574394883067,1.0864409033509332
171.9596794932874,1.8762076347319476
171.96361503774418,0.3872305570699396
171.96755058220091,0.6288497844197533
171.97148612665768,0.4793571112485438
171.97542167111442,0.03918957530574891
171.97935721557118,0.21807016052192582
171.98329276002792,0.09609838212843297
171.9872283044847,0.33067948366659494
171.99116384894143,0.5236926944418101
171.9950993933982,0.38642505104719593
171.99903493785493,0.18060427979480495
172.0029704823117,0.7284499006399378
172.00690602676843,1.302449586059462
172.0108415712252,0.23862779430928505
172.01477711568194,0.46806384919342314
172.0187126601387,0.37363577543615956
172.02264820459544,0.5555190896663836
172.0265837490522,1.32369906549873
172.03051929350897,1.310565906662354
172.03445483796568,0.34207275936953535
172.03839038242245,0.10374527422286187
172.0423259268792,0.1639200089218413
172.04626147133595,0.10769511679625367
172.0501970157927,0.17829128606395744
172.05413256024946,0.25685211864311175
172.0580681047062,0.3463031903115268
172.06200364916296,0.5717967130104503
172.0659391936197,0.4112586777920346
172.06987473807646,0.2147257071280145
172.0738102825332,0.496919393684464
172.07774582698997,0.00043268888588414846
172.0816813714467,0.4023968836570278
172.08561691590347,0.4689127804230939
172.0895524603602,0.15159967672069669
172.09348800481698,0.13707140746949828
172.0974235492737,0.995122404782745
172.10135909373048,1.5247241852587143
172.10529463818722,1.0911151128918501
172.10923018264396,0.7603075961144012
172.11316572710072,1.0629302081312366
172.11710127155746,0.17765384013708296
172.12103681601425,1.854146945687007
172.12497236047096,3.8621187844123406
172.12890790492773,3.4948178959849963
172.13284344938447,1.652093862626417
172.13677899384123,0.9624226863511783
172.14071453829797,0.5997469792140532
172.14465008275474,0.3057300157124826
172.14858562721147,0.9583658832074592
172.15252117166824,2.3364414407552467
172.15645671612498,2.871552331507586
172.16039226058174,2.126841140832634
172.16432780503848,1.0346290823625566
172.16826334949525,0.058991769600898254
172.172198893952,0.10979782646082385
172.17613443840875,0.01613081337113286
172.1800699828655,0.7204349733464694
172.18400552732226,0.47432097003399626
172.187941071779,0.1795733491289293
172.19187661623573,0.41557201377409025
172.1958121606925,0.46540105073055876
172.19974770514924,1.8788412592420658
172.203683249606,0.6027791474276843
172.20761879406274,0.09512594154661284
172.2115543385195,0.26738450481448506
172.21548988297624,1.342382056662801
172.219425427433,1.8377998677169043
172.22336097188975,0.7216794323506487
172.2272965163465,0.34547818528092433
172.23123206080325,0.9914764477351331
172.23516760526002,3.537952259459598
172.23910314971675,3.660340640820319
172.24303869417352,0.3433889528334424
172.24697423863026,0.35709343690250306
172.25090978308702,0.08227947384266587
172.25484532754376,1.6527637184857855
172.25878087200053,1.6015877723460241
172.26271641645727,0.16467052798715515
172.266651960914,0.16498985772083155
172.27058750537077,0.8891927028018095
172.2745230498275,3.1731337094660352
172.27845859428427,0.5121739284014515
172.282394138741,1.329712707300885
172.28632968319778,1.5611345144295286
172.29026522765452,0.28136652830783315
172.29420077211128,0.003986023017581531
172.29813631656802,0.8269320814095823
172.3020718610248,0.684519708624088
172.30600740548152,0.2086314723403201
172.3099429499383,0.6420663408633317
172.31387849439503,0.6819077231010316
172.3178140388518,1.6305720278989193
172.32174958330853,0.21704738285786995
172.3256851277653,0.15072121870194
172.32962067222203,0.03538055511701571
172.3335562166788,0.2225605578251034
172.33749176113554,0.5082751225394107
172.34142730559228,0.7902433138014182
172.34536285004904,0.1879137226797287
172.34929839450578,4.259563502597769
172.35323393896255,4.697997306114636
172.35716948341928,1.0530346731740046
172.36110502787605,0.33834117436215294
172.3650405723328,1.6331772399374038
172.36897611678955,1.855936884718646
172.3729116612463,0.6771696165530495
172.37684720570306,2.0499867825333156
172.3807827501598,0.6842658706126341
172.38471829461656,0.8538668041620328
172.3886538390733,1.9413574324363976
172.3925893835301,0.23559467696750958
172.3965249279868,2.571124502246877
172.40046047244357,0.23689970180984468
172.4043960169003,2.6842990444490273
172.40833156135707,1.5519219273209703
172.4122671058138,1.6281430159418406
172.41620265027058,3.771753339237605
172.42013819472731,1.2271638419983606
172.42407373918405,3.1166673966859544
172.42800928364082,0.5455234399184578
172.43194482809756,1.0166792561878342
172.43588037255432,2.582354852382048
172.43981591701106,2.364915218800355
172.44375146146783,1.55680235604895
172.44768700592456,0.30843259576778864
172.45162255038133,1.0966126097414293
172.45555809483807,3.2052179230314555
172.45949363929483,4.009151815381864
172.46342918375157,2.0467423475207287
172.46736472820834,0.20501977134453708
172.47130027266508,0.1389192301591767
172.47523581712184,0.643303344247603
172.47917136157858,0.33231160573499835
172.48310690603537,0.26967814576857874
172.48704245049208,2.0340688203533763
172.49097799494885,1.849731153302645
172.4949135394056,0.3112874587569071
172.49884908386232,0.23091410137811763
172.5027846283191,0.4605382901907764
172.50672017277583,0.14963983028148126
172.5106557172326,0.026927786738797248
172.51459126168933,0.18047297922791095
172.5185268061461,0.3107757612596175
172.52246235060284,0.11267659068318962
172.5263978950596,0.3248436504109963
172.53033343951634,1.4431373911847718
172.5342689839731,1.6921325247456123
172.53820452842984,0.9577548055133693
172.5421400728866,1.0919926565342166
172.54607561734335,0.731657994144581
172.55001116180011,0.157634853627238
172.55394670625685,0.07998086685522189
172.55788225071362,1.4084720989365505
172.56181779517036,3.4546952138523164
172.56575333962712,2.031502677214411
172.56968888408386,1.842445673276485
172.57362442854065,2.1974966614414777
172.57755997299736,0.342670411938855
172.5814955174541,0.68618955322569
172.58543106191087,0.43259796126686867
172.5893666063676,1.2146207688588753
172.59330215082437,1.4320456174821226
172.5972376952811,0.11854514378642056
172.60117323973788,0.3322114816940782
172.6051087841946,0.3830226324661874
172.60904432865138,1.292701001781519
172.61297987310812,1.2521761311087698
172.61691541756488,1.3647941427342403
172.62085096202162,3.5495684044098126
172.6247865064784,1.9160680728528863
172.62872205093512,0.5151574530299493
172.6326575953919,0.8396067903214772
172.63659313984863,0.6442979650578622
172.6405286843054,0.04011058475420714
172.64446422876213,0.5062647280221179
172.6483997732189,1.229378366527739
172.65233531767564,0.94677963045059
172.65627086213237,0.30899737711956526
172.66020640658914,0.035831193713830256
172.66414195104588,0.056747288757893935
172.66807749550264,0.21216791682002795
172.67201303995938,0.2594730579874074
172.67594858441615,0.06256173122363216
172.67988412887289,0.06967468254368632
172.68381967332965,0.1639445284295096
172.6877552177864,0.24399858842136946
172.69169076224316,1.2136067230421432
172.6956263066999,3.077726242744801
172.69956185115666,4.125165516531188
172.7034973956134,3.0374778516537395
172.70743294007016,2.507465485422476
172.7113684845269,2.568883271652877
172.71530402898367,2.1565059839896596
172.7192395734404,0.5769095121655189
172.72317511789717,0.3770083006297866
172.7271106623539,2.0892444878061918
172.73104620681067,0.7512137261481645
172.7349817512674,0.6478156824826521
172.73891729572415,0.7543366490589225
172.74285284018092,0.05999706933852065
172.74678838463765,0.6054920556976554
172.75072392909442,0.02055692865787798
172.75465947355116,1.7278605165292762
172.75859501800792,1.700037643775114
172.76253056246466,0.13254280585434805
172.76646610692143,0.1550958304320247
172.77040165137817,0.227013089566525
172.77433719583493,0.08723127728230683
172.77827274029167,0.04293756193964326
172.78220828474844,0.020537604482962796
172.78614382920517,0.0026738267280785747
172.79007937366194,0.004354896693077484
172.79401491811868,0.16828798700460745
172.79795046257544,0.714496240549009
172.80188600703218,0.5663829102257171
172.80582155148895,0.009661426791223148
172.80975709594568,0.05783789668040782
172.81369264040242,0.1339585590417158
172.8176281848592,0.941487205098487
172.82156372931593,0.4328812724124748
172.8254992737727,0.22694249749009304
172.82943481822943,0.24374054302585735
172.8333703626862,1.3789513347641025
172.83730590714293,1.5804095555718087
172.8412414515997,0.04115733822614682
172.84517699605644,0.40211386949515937
172.8491125405132,0.17823109204313584
172.85304808496994,0.0020317475637567496
172.8569836294267,0.10706296504133904
172.86091917388345,0.6497191188714979
172.8648547183402,0.9657745786249506
172.86879026279695,1.359466084740971
172.87272580725372,2.672113572269172
172.87666135171045,3.563679144752912
172.88059689616722,1.6769487879270595
172.88453244062396,0.4875638598165882
172.8884679850807,0.06894094216552141
172.89240352953746,0.9058937976530445
172.8963390739942,1.8439322091561525
172.90027461845096,0.5854712905152236
172.9042101629077,0.19132472979263102
172.90814570736447,1.2459798395273762
172.9120812518212,1.4351155847226587
172.91601679627797,0.10384372702128998
172.9199523407347,0.8749367730384371
172.92388788519148,0.7565486190806268
172.9278234296482,0.35345988420865454
172.93175897410498,0.9502207697278111
172.93569451856172,0.0873167243976185
172.93963006301848,1.125879859337093
172.94356560747522,1.6791467735701537
172.947501151932,1.0614847865730153
172.95143669638873,4.233192126677102
172.9553722408455,0.9489926123486606
172.95930778530223,1.926081989126966
172.963243329759,2.8331957606320914
172.96717887421573,0.12485163350689052
172.97111441867247,3.4687057268918124
172.97504996312924,2.019964377476603
172.97898550758595,3.109669957402194
172.98292105204274,2.5925780496727624
172.98685659649948,0.3273468810227421
172.99079214095624,2.234622911897506
172.99472768541298,0.44947913070761414
172.99866322986975,0.8412112816806822
173.0025987743265,1.705985638017928
173.00653431878325,0.2946137069325902
173.01046986324,0.12377882606745787
173.01440540769676,1.5360998918847122
173.0183409521535,2.869107386014578
173.02227649661026,1.373018269246144
173.026212041067,2.1287752164519915
173.03014758552376,0.7142261847443321
173.0340831299805,0.8252879789911728
173.03801867443727,4.996826138002799
173.041954218894,5.014168482459945
173.04588976335074,1.8020764815589243
173.0498253078075,1.7683501622528277
173.05376085226425,0.3318426314734513
173.057696396721,1.1959834485310437
173.06163194117775,1.979221096944921
173.06556748563452,0.029191053546127
173.06950303009123,0.7202450689090452
173.07343857454802,4.140092998581476
173.07737411900476,7.648783467779507
173.08130966346152,2.2454856092554594
173.08524520791826,2.966479764112308
173.08918075237503,2.137418601681771
173.09311629683177,0.0029575252421921213
173.09705184128853,0.25289232555400537
173.10098738574527,1.1208722445020474
173.10492293020204,1.1453546557338476
173.10885847465877,0.6027358374414307
173.11279401911554,2.2761690256068503
173.11672956357228,2.0296904880177493
173.12066510802904,0.44567148910114546
173.12460065248578,0.21601468859592948
173.12853619694252,0.31838775021939836
173.13247174139929,1.054631169850779
173.13640728585602,1.5443246172962668
173.1403428303128,0.9581724029969279
173.14427837476953,2.4357813450041603
173.1482139192263,0.06578692351815812
173.15214946368303,3.400259851692582
173.1560850081398,5.613547181111831
173.16002055259654,1.6068681083683196
173.1639560970533,0.08452411723773219
173.16789164151004,0.004328730680366243
173.1718271859668,0.4718534806381346
173.17576273042354,1.030722242024504
173.1796982748803,2.168064830292037
173.18363381933705,2.4642864876040242
173.1875693637938,2.584992819537984
173.19150490825055,3.1700442871238335
173.19544045270732,1.1059587759774834
173.19937599716403,0.3715202429528174
173.2033115416208,0.3683171518997719
173.20724708607756,0.3594477184224346
173.2111826305343,1.0269661032181248
173.21511817499106,0.8858598074709795
173.2190537194478,0.14379940940253494
173.22298926390457,1.5541876424090721
173.2269248083613,0.4235022601792669
173.23086035281807,0.8976464660706747
173.2347958972748,0.7338445322626678
173.23873144173157,0.029946850815203273
173.2426669861883,0.020150007135713976
173.24660253064508,0.3493939960882239
173.25053807510182,0.2392498546609076
173.25447361955858,0.2941888263630465
173.25840916401532,0.7063497087341382
173.26234470847209,1.9217759156276155
173.26628025292882,2.4441853943560745
173.2702157973856,2.2910899476021216
173.27415134184233,2.058803074147382
173.2780868862991,0.6965690189304383
173.28202243075583,0.35237686836939236
173.28595797521257,0.6531341116592988
173.2898935196693,1.6811402279917997
173.29382906412607,1.652789978073478
173.29776460858284,1.1702869910609186
173.30170015303958,0.13855571934618
173.30563569749634,0.2236698771114937
173.30957124195308,0.18965197184909532
173.31350678640985,0.12405831825998376
173.31744233086658,0.35004047237163205
173.32137787532335,0.16302787510348696
173.3253134197801,2.688265791985338
173.32924896423685,2.596389662484759
173.3331845086936,0.06946424274438989
173.33712005315036,0.8896830736876716
173.3410555976071,0.36989576333667507
173.34499114206386,0.6031418587736646
173.3489266865206,1.90729046445577
173.35286223097737,0.5521992031451998
173.3567977754341,0.3113209926938993
173.36073331989084,1.149199524559525
173.3646688643476,0.503424058145681
173.36860440880434,0.01112901073629196
173.3725399532611,0.14853896229797975
173.37647549771785,0.033417214073296085
173.3804110421746,0.046050437491955865
173.38434658663135,0.20979110846539512
173.38828213108812,0.4608263818905884
173.39221767554486,0.2179185431214466
173.39615322000162,0.47694746391685033
173.40008876445836,0.7570145639488465
173.40402430891513,0.15473322596978
173.40795985337186,1.7428444382750339
173.41189539782863,0.6653866060319811
173.41583094228537,1.7132643576459112
173.41976648674213,3.3494925341096202
173.42370203119887,0.7863254692382833
173.42763757565564,0.03373998845034562
173.43157312011238,0.7383497945116613
173.4355086645691,2.7501553497346904
173.43944420902588,0.9507909292132756
173.44337975348262,0.03112644029735103
173.44731529793938,0.2839058156039335
173.45125084239612,1.5490229885489413
173.4551863868529,1.1572678575557447
173.45912193130962,0.21946116514663894
173.4630574757664,0.5779341810831053
173.46699302022313,1.0065345677678406
173.4709285646799,0.8586455743143363
173.47486410913663,0.45262094497670935
173.4787996535934,0.43577288431250355
173.48273519805014,2.378397541006775
173.4866707425069,1.1058781946147027
173.49060628696364,1.5364186933197674
173.4945418314204,1.9839025347642483
173.49847737587714,0.10687434945488021
173.5024129203339,1.7561922792543039
173.50634846479065,0.12384167364800244
173.5102840092474,3.188849626480112
173.51421955370415,5.579891805403838
173.5181550981609,1.319335937762144
173.52209064261766,0.15950173392153394
173.5260261870744,0.7222682530753
173.52996173153116,0.22538945440121103
173.5338972759879,0.3981191985592903
173.53783282044466,1.191570763376095
173.5417683649014,0.7356098431421292
173.54570390935817,0.05124973704783269
173.5496394538149,0.8417919319735306
173.55357499827167,0.3969924274464706
173.5575105427284,0.017377969924381446
173.56144608718515,0.09473125737527024
173.5653816316419,0.14967745131538862
173.56931717609868,0.5012459034553266
173.57325272055542,0.5969809107655062
173.57718826501218,0.3955097245818748
173.58112380946892,0.3538826964104063
173.5850593539257,0.24951857695435534
173.58899489838242,0.3596992807898923
173.59293044283916,1.648228643894004
173.59686598729593,0.8680181260232448
173.6008015317527,0.12197191805762087
173.60473707620943,0.6398584415169252
173.60867262066617,0.06334901994060463
173.61260816512294,0.4709184141280741
173.61654370957967,0.5212447905957704
173.62047925403644,0.011214485651894314
173.62441479849318,2.0050428917370335
173.62835034294994,2.9802481462713755
173.63228588740668,1.5199847345003519
173.63622143186345,1.5516615343344553
173.64015697632018,0.07222564608492661
173.64409252077695,1.1880258123619976
173.6480280652337,0.5896892293387572
173.65196360969043,1.929453818054845
173.6558991541472,0.9787436403170229
173.65983469860396,0.4083491771800162
173.6637702430607,0.12624422764957607
173.66770578751746,0.7426488816636981
173.6716413319742,0.7097029398257608
173.67557687643094,2.1893653619585733
173.6795124208877,5.106398765086237
173.68344796534444,2.4243258495474236
173.6873835098012,1.9836504455649293
173.69131905425797,0.511021445490854
173.6952545987147,2.2405858260226115
173.69919014317145,2.676934299891183
173.70312568762822,2.924593756385343
173.70706123208495,5.0001697797128895
173.71099677654172,3.4528307532247533
173.71493232099846,1.0432411320501036
173.71886786545522,1.2038890033473677
173.72280340991196,2.9957733195789076
173.72673895436873,3.6131089492680166
173.73067449882546,2.0510519330688424
173.73461004328223,0.06591679688295667
173.73854558773897,1.1134003711119078
173.7424811321957,2.744510198945615
173.74641667665247,3.0147181645297185
173.7503522211092,2.075970705721427
173.75428776556598,1.5058876446263736
173.75822331002271,0.5521846205749643
173.76215885447948,0.22574447052817703
173.76609439893622,0.40456660783691517
173.77002994339298,0.4515898742520723
173.77396548784972,1.6541564277175933
173.7779010323065,1.9531567235742737
173.78183657676323,0.41655605902638493
173.78577212122,0.8563917169238991
173.78970766567673,1.8173057399473245
173.7936432101335,0.3333017970559215
173.79757875459023,1.3371338096476488
173.801514299047,1.418846482047365
173.80544984350374,0.875507533113676
173.8093853879605,1.4765464415828948
173.81332093241724,1.2365204637104128
173.817256476874,0.12146427092177337
173.82119202133077,0.4343750113509944
173.8251275657875,0.5857958141395079
173.82906311024425,0.3789965109253566
173.832998654701,1.3668462781661435
173.83693419915775,2.3147196605624547
173.8408697436145,1.125869205232577
173.84480528807126,0.4553978976199346
173.848740832528,1.3718693174807508
173.85267637698476,2.4631234910476465
173.8566119214415,1.4907343565722613
173.86054746589826,0.02828922603828315
173.864483010355,0.23210664734795658
173.86841855481177,0.16303897978718102
173.8723540992685,0.30059068756523316
173.87628964372527,0.8505579452925502
173.880225188182,1.7831067056084062
173.88416073263878,0.41848387528356673
173.8880962770955,1.7102060647547865
173.89203182155228,1.6781989917067601
173.89596736600902,0.41808280485595023
173.89990291046578,1.57752172009802
173.90383845492252,0.44168970366968396
173.90777399937926,0.01467092977097513
173.91170954383605,0.07784819373111689
173.91564508829276,0.12507216848261699
173.91958063274953,1.4601111859532134
173.92351617720627,2.3452305076495508
173.92745172166303,0.6496356566782179
173.93138726611977,1.982316089540266
173.93532281057654,0.0479575474986248
173.93925835503327,2.1296406065154523
173.94319389949004,0.2803905817827243
173.94712944394678,3.6812324086740102
173.95106498840354,5.622872590067556
173.95500053286028,1.7438492974830946
173.95893607731705,3.6238930555686237
173.9628716217738,0.8130843770745247
173.96680716623055,0.8299476097091963
173.9707427106873,0.6143182577216794
173.97467825514406,1.001278065422273
173.9786137996008,1.8487720431031802
173.98254934405756,1.3860016170503808
173.9864848885143,1.8489575791522148
173.99042043297104,2.0088324148350343
173.9943559774278,0.7844992452830384
173.99829152188454,0.2972514886033349
174.0022270663413,0.13311968514052264
174.00616261079804,0.04443104669130902
174.0100981552548,0.2350671497956575
174.01403369971155,0.25093777340734763
174.0179692441683,0.26719005005484003
174.02190478862505,0.5485149885329527
174.02584033308182,0.4789220286614582
174.02977587753855,0.13632846145258484
174.03371142199532,0.016255409172174558
174.03764696645206,0.2916724438577
174.04158251090882,1.0916774728286958
174.04551805536556,1.085692378305686
174.04945359982233,1.555362427153969
174.05338914427907,3.085311045922246
174.05732468873583,2.319652515231641
174.06126023319257,1.9604967296870695
174.0651957776493,3.1143258778163996
174.06913132210607,3.772442264633216
174.0730668665628,2.1523193725658984
174.07700241101958,0.5886271024862779
174.08093795547632,0.8999539290623242
174.08487349993308,1.3150194683807492
174.08880904438982,1.0294706193096814
174.0927445888466,0.7774566958490122
174.09668013330332,0.45992661684784625
174.1006156777601,0.2740802424811635
174.10455122221683,0.034255521375766894
174.1084867666736,0.61130304266355
174.11242231113033,1.7980649607622046
174.1163578555871,2.3126754360341826
174.12029340004383,1.1718475236542858
174.1242289445006,0.03387436030765181
174.12816448895734,1.5602518463098387
174.1321000334141,2.376354444004699
174.13603557787084,1.9925209428208797
174.13997112232758,3.8831146354459207
174.14390666678435,5.2659119829261005
174.14784221124108,3.773195581789678
174.15177775569785,1.7326223968694023
174.1557133001546,1.3439018819368533
174.15964884461135,0.1758145952084257
174.1635843890681,1.034818308407798
174.16751993352486,3.7974925827953405
174.1714554779816,3.6605331037220252
174.17539102243836,1.7019806038097856
174.1793265668951,0.10599270288812443
174.1832621113519,0.17552266618873816
174.1871976558086,0.37623052425249315
174.19113320026537,0.46735674943416244
174.1950687447221,0.08660039407983858
174.19900428917887,1.4871652768852541
174.2029398336356,1.0022656698366028
174.20687537809238,0.2655723241157381
174.21081092254911,1.1353078238165655
174.21474646700588,0.7304516723178908
174.21868201146262,1.9065358630253713
174.22261755591936,1.526060044672386
174.22655310037612,0.1695478522142415
174.23048864483286,0.4826720102334166
174.23442418928963,1.2981343207579266
174.23835973374636,0.39059057372855155
174.24229527820313,0.029638503704516053
174.24623082265987,0.6983629488742332
174.25016636711663,1.5853818347387645
174.25410191157337,0.12789810252232606
174.25803745603014,1.6054620436075413
174.26197300048688,2.033803240081907
174.26590854494364,1.5005563206252046
174.26984408940038,1.6504941777049977
174.27377963385717,0.8889018578863331
174.27771517831388,1.0598771451839215
174.28165072277065,0.449992304901181
174.2855862672274,0.149888766021756
174.28952181168415,0.005590411263238165
174.2934573561409,0.01188440578419192
174.29739290059763,0.16370765583531158
174.3013284450544,0.7511586083727778
174.30526398951113,0.9121742807675245
174.3091995339679,1.0886968247657525
174.31313507842464,0.3398477799454269
174.3170706228814,0.14514818310179636
174.32100616733814,0.6678689408695138
174.3249417117949,1.3853412611369484
174.32887725625164,2.2081113883291263
174.3328128007084,2.023771979460739
174.33674834516515,1.3087292928855139
174.3406838896219,0.7394616908474245
174.34461943407865,0.3528359977420807
174.34855497853542,0.2853840178561026
174.35249052299216,0.6295260860095255
174.35642606744892,1.063708587313139
174.36036161190566,0.6681636929541934
174.36429715636245,0.10526644054308604
174.36823270081916,0.06983732474649162
174.37216824527593,0.03441040198962563
174.37610378973267,0.27512530609334584
174.3800393341894,0.7649042667381313
174.38397487864617,0.4997241367664403
174.3879104231029,0.03473774314679729
174.39184596755968,0.24747377037022578
174.3957815120164,0.014743089533639805
174.39971705647318,1.2958595073573491
174.40365260092992,3.2891991292456924
174.40758814538668,2.0919467812957047
174.41152368984342,0.15757567174456671
174.4154592343002,0.34801393362325167
174.41939477875692,0.9095582174575482
174.4233303232137,0.8591271551958706
174.42726586767043,0.31797929305734224
174.4312014121272,0.11727561059258662
174.43513695658393,0.1610409300486237
174.4390725010407,0.8650884493900577
174.44300804549744,2.4374396597934895
174.4469435899542,1.83267394255323
174.45087913441094,0.6449442492755373
174.45481467886768,0.059877762220972686
174.45875022332444,0.29200279221706094
174.46268576778118,0.6105956363755248
174.46662131223795,0.15120975331246153
174.47055685669469,0.09927177996457452
174.47449240115145,0.38282495983177967
174.4784279456082,0.14559892353612328
174.48236349006496,0.28665328155146763
174.4862990345217,1.1512173551178104
174.49023457897846,0.27421371348281576
174.4941701234352,0.3705677246748579
174.49810566789196,1.4062987636903117
174.5020412123487,1.2327398251853254
174.50597675680547,0.5354740095155526
174.5099123012622,0.39384407056857057
174.51384784571897,0.33576501756499816
174.5177833901757,0.5829392977805675
174.52171893463247,1.718845088708186
174.5256544790892,1.1199852357099371
174.52959002354598,0.17188120333217552
174.53352556800272,1.0906604601788912
174.53746111245945,1.263382137870922
174.54139665691622,0.2968580668812011
174.54533220137296,0.3693487364280315
174.54926774582972,1.8027917860828444
174.55320329028646,3.1538800982320714
174.55713883474323,2.0939079621712633
174.56107437919997,0.3511918820691009
174.56500992365673,0.9424425430474466
174.56894546811347,1.019006030527914
174.57288101257024,0.22866622071395573
174.57681655702697,0.8894358565880628
174.58075210148374,2.2129381543467974
174.58468764594048,1.455922559202265
174.58862319039724,0.10495802339399987
174.59255873485398,1.118472971380329
174.59649427931075,2.410287909596864
174.60042982376748,1.641042581616446
174.60436536822425,0.24318865150473784
174.608300912681,0.5838567668389014
174.61223645713773,1.6046451346250645
174.6161720015945,1.5438180641111414
174.62010754605123,0.6221561286757968
174.624043090508,1.7909096733497505
174.62797863496473,3.1614268131014978
174.6319141794215,0.9159974692490204
174.63584972387824,0.1985262974514194
174.639785268335,1.4514936000672753
174.64372081279174,1.5390467746429741
174.6476563572485,1.361299933528393
174.65159190170525,1.4168825875451136
174.655527446162,1.4525626814017651
174.65946299061875,0.8385664202378433
174.66339853507552,0.5855875123050239
174.66733407953225,0.2569779881643725
174.67126962398902,0.33241800837362173
174.67520516844576,0.34410510691324525
174.67914071290252,0.5060285597167357
174.68307625735926,0.6315519464799974
174.687011801816,0.3597503164797134
174.69094734627276,0.1466603577556079
174.6948828907295,0.33836964201863784
174.69881843518627,0.10369999291125817
174.702753979643,0.13727096792106774
174.70668952409977,0.37777261133698364
174.7106250685565,0.2792321707206057
174.71456061301328,0.08508589590070176
174.71849615747,0.3669913744033893
174.72243170192678,0.8038982054214835
174.72636724638352,0.15324194409600173
174.73030279084028,0.3502529571397833
174.73423833529702,0.01625099050842732
174.7381738797538,1.069144342686256
174.74210942421053,0.41188442507118583
174.7460449686673,0.6815394442948945
174.74998051312403,1.2503090023223689
174.7539160575808,0.021277998052310988
174.75785160203753,1.2984261156774117
174.7617871464943,1.2177930341455883
174.76572269095104,0.3818517220936321
174.76965823540775,0.04308636658494385
174.77359377986454,0.27934010058112657
174.77752932432128,0.517661466193214
174.78146486877804,0.28122779300933953
174.78540041323478,0.1903626334570633
174.78933595769155,0.5061013502090548
174.7932715021483,0.4560780482833749
174.79720704660505,0.07707645905798932
174.8011425910618,0.17487032504441705
174.80507813551856,0.345771848943017
174.8090136799753,0.4513485922783803
174.81294922443206,0.45464269531693835
174.8168847688888,0.30461120191208924
174.82082031334556,1.2067818626000444
174.8247558578023,1.619825878276704
174.82869140225907,0.29011685264384834
174.8326269467158,0.604871871681956
174.83656249117257,1.0957240313416867
174.8404980356293,0.46340391252446633
174.84443358008605,0.22702711288689065
174.8483691245428,0.4008033519096511
174.85230466899955,0.0979858968330937
174.85624021345632,0.37322503981594307
174.86017575791303,0.33400303621121064
174.86411130236982,0.013271634446839002
174.86804684682656,0.03463488387774649
174.87198239128332,0.2922286530722376
174.87591793574006,0.256613309796289
174.87985348019683,0.19600416498124587
174.88378902465357,1.983976178644076
174.88772456911033,2.549160716696762
174.89166011356707,1.463025377755241
174.89559565802384,1.1221983733317735
174.89953120248057,1.1128571777325453
174.90346674693734,0.8339629535794317
174.90740229139408,0.15227504380550966
174.91133783585084,0.0008299729806244177
174.91527338030758,0.19219735846719585
174.91920892476435,0.6668583039951919
174.92314446922109,0.1456405434801676
174.92708001367782,1.510638408442056
174.9310155581346,2.279009580106486
174.93495110259133,0.8390505584370433
174.9388866470481,0.22714391361623654
174.94282219150483,0.0603024969140059
174.9467577359616,0.4732825835516795
174.95069328041834,0.32615967641575344
174.9546288248751,0.24792405856727542
174.95856436933184,0.6482371604824566
174.9624999137886,0.7699088923251979
174.96643545824534,1.5765108287947303
174.9703710027021,1.0889535560565684
174.97430654715885,0.20499374201265735
174.9782420916156,1.1543722102564522
174.98217763607235,1.1228524829902173
174.98611318052912,1.3102146686194445
174.99004872498583,0.3652201335716032
174.99398426944262,0.223773605648778
174.99791981389936,0.15903307550585363
175.0018553583561,0.7155261713917568
175.00579090281286,0.2818741777596739
175.0097264472696,0.06766291131675807
175.01366199172637,0.7551373386552125
175.0175975361831,1.7639219750236956
175.02153308063987,1.1201502641486942
175.0254686250966,0.5021774930577192
175.02940416955337,0.8051615904411892
175.0333397140101,0.6122521920898869
175.03727525846688,0.7664284387201522
175.04121080292362,2.602553631133559
175.04514634738038,0.7380929740740443
175.04908189183712,0.7375097701571438
175.05301743629389,0.8659190369709725
175.05695298075062,0.41030570836185043
175.0608885252074,1.3247098408033688
175.06482406966413,0.43315026179194255
175.0687596141209,0.259897407265081
175.07269515857763,1.9687328671516622
175.0766307030344,1.8431476995896896
175.0805662474911,0.8202752737335045
175.08450179194787,0.4644841508790908
175.08843733640464,0.05426590299174428
175.09237288086138,0.5529964112984154
175.09630842531814,0.34235031456827525
175.10024396977488,0.054359377759159014
175.10417951423165,0.8859979951259935
175.10811505868838,1.875571436362021
175.11205060314515,2.745238633607278
175.1159861476019,1.5394600434421626
175.11992169205865,0.35295552814657283
175.1238572365154,0.3504208516606291
175.12779278097216,0.3258484008973065
175.1317283254289,3.463156907380585
175.13566386988566,2.879554185648674
175.1395994143424,0.12159327629473554
175.14353495879917,0.24017826338182524
175.1474705032559,0.06664377236069698
175.15140604771267,0.3374550399909426
175.1553415921694,0.16498430997101488
175.15927713662614,0.5310191487084325
175.1632126810829,0.05967903435187453
175.16714822553965,0.7679083393667449
175.1710837699964,0.054771121242721314
175.17501931445315,1.5127112993369425
175.17895485890992,1.140368173589984
175.18289040336666,0.31586019595734804
175.18682594782342,0.4139067373288301
175.19076149228016,0.8493496744295177
175.19469703673693,0.14297525937492028
175.19863258119366,3.6274821637631045
175.20256812565043,4.429487943752342
175.20650367010717,1.3435488252467551
175.21043921456393,0.2780747980205739
175.21437475902067,0.7517256240793315
175.21831030347744,0.8936367532215813
175.22224584793418,0.6980989740017222
175.22618139239094,2.803648773927997
175.23011693684768,0.1194221995958071
175.23405248130442,2.4195473676263375
175.23798802576118,1.8344958271394172
175.24192357021792,0.21031523520317724
175.2458591146747,1.2810416737449402
175.24979465913142,1.091006806647366
175.2537302035882,0.010223853928798404
175.25766574804493,0.7450342829038866
175.2616012925017,1.1841533372917987
175.26553683695843,0.39180181223716715
175.2694723814152,0.25057165192173203
175.27340792587194,1.0302115809716303
175.2773434703287,0.40279474642947316
175.28127901478544,0.776883962590512
175.2852145592422,0.7029093330950784
175.28915010369894,0.14583316706852303
175.2930856481557,0.1416246244827257
175.29702119261245,0.009176601906554038
175.3009567370692,1.1407940409634134
175.30489228152595,2.8871512567313653
175.30882782598272,0.77493559010099
175.31276337043946,0.23895607296502896
175.3166989148962,0.966182727203565
175.32063445935296,0.9942367132098127
175.3245700038097,0.35118262690290486
175.32850554826646,0.1453134711860044
175.3324410927232,1.3119552102819796
175.33637663717997,0.5487350003570889
175.3403121816367,0.5974158781935355
175.34424772609347,2.258009458393401
175.3481832705502,0.5605167864673675
175.35211881500695,0.219156610196474
175.3560543594637,0.5779114928187457
175.35998990392048,0.138147716117766
175.36392544837722,0.10076253322206598
175.36786099283398,0.29629797734924573
175.37179653729072,0.8691714999577841
175.3757320817475,0.9597568377782203
175.37966762620422,1.328024843674129
175.383603170661,1.4337710735226092
175.38753871511773,0.09180362588376653
175.3914742595745,1.3823098579624473
175.39540980403123,0.015438132099289521
175.39934534848797,1.9695970677179722
175.40328089294474,0.2800943519661839
175.40721643740147,1.945261425523119
175.41115198185824,2.166438515792989
175.41508752631498,0.31534986429045864
175.41902307077174,1.065183497464519
175.42295861522848,1.3337403729037864
175.42689415968525,0.6549391683950049
175.43082970414198,0.1858073775418575
175.43476524859875,0.5493817271523065
175.4387007930555,1.5681889154669009
175.44263633751223,1.5444341616903547
175.446571881969,0.6672882704322306
175.45050742642576,0.14938668583582598
175.4544429708825,0.658427822221783
175.45837851533926,0.22205148828113094
175.462314059796,0.3124755116644443
175.46624960425277,0.12142189309982221
175.4701851487095,0.11924895429051713
175.47412069316624,0.38911070694282923
175.478056237623,1.4369392391530387
175.48199178207977,0.4632698197210885
175.4859273265365,0.1902635911423879
175.48986287099325,0.15036999304678866
175.49379841545002,1.7729358270666165
175.49773395990675,1.8172444343060619
175.50166950436352,0.6461734076464541
175.50560504882026,2.653956030846382
175.50954059327702,1.1778221536386777
175.51347613773376,0.805918765980346
175.51741168219053,1.1588866938946825
175.52134722664726,0.45893057146131383
175.52528277110403,0.6113089898985687
175.52921831556077,2.267819125140208
175.5331538600175,1.328427927463885
175.53708940447427,0.5198651637387086
175.54102494893104,1.0142933620571948
175.54496049338778,1.0615685747603798
175.54889603784451,0.2692468851351444
175.55283158230128,0.14885326757845269
175.55676712675802,0.8142309945475048
175.56070267121478,1.1228125173306525
175.56463821567152,0.3191189149172629
175.5685737601283,0.0760758754982783
175.57250930458503,0.041239743771681325
175.5764448490418,0.36539027101122434
175.58038039349853,0.6182365974766978
175.5843159379553,1.0481490173922454
175.58825148241203,0.8457213239007806
175.5921870268688,0.31463235862792954
175.59612257132554,0.7651784268331673
175.6000581157823,0.5393402723800581
175.60399366023904,1.5170599326951044
175.6079292046958,2.391099667869366
175.61186474915257,1.1610076121208703
175.6158002936093,0.9171472738330615
175.61973583806605,3.8073440777957814
175.62367138252282,1.896883072750351
175.62760692697955,0.14341327397053283
175.6315424714363,0.599401359837763
175.63547801589306,0.2985956061309663
175.6394135603498,1.0896837303966849
175.64334910480656,0.04919647897292974
175.6472846492633,1.7503212178087424
175.65122019372006,1.5096271712654932
175.6551557381768,0.9903183484046779
175.65909128263357,0.03086184654545805
175.6630268270903,1.0498012349346806
175.66696237154707,0.27560063677511076
175.6708979160038,0.5775367587118693
175.67483346046058,0.19654674635114627
175.6787690049173,2.0585088602533577
175.68270454937408,1.602444019714933
175.68664009383082,1.9383943088036195
175.69057563828758,1.0084374513857548
175.69451118274432,0.7062586528222577
175.6984467272011,2.024858589809999
175.70238227165785,0.6235538899708369
175.70631781611456,3.9106320379248323
175.71025336057133,3.5271679196674213
175.71418890502807,2.7030516836383875
175.71812444948483,3.6542568692640733
175.72205999394157,3.4095603425199283
175.72599553839834,0.7931383802630756
175.72993108285507,0.2133499371494791
175.73386662731184,0.25769661574381075
175.73780217176858,0.12078490146246386
175.74173771622534,0.49455455417424943
175.74567326068208,0.043960201700363744
175.74960880513885,0.049800646915562886
175.7535443495956,0.009747062172667752
175.75747989405235,0.01484635861801939
175.7614154385091,0.05267692832292132
175.76535098296586,0.32498600401354677
175.7692865274226,0.9682692998721174
175.77322207187936,1.208541611901446
175.7771576163361,0.8011400307982514
175.78109316079284,0.9682734287782389
175.7850287052496,1.8516396523534517
175.78896424970634,1.6557837674115101
175.7928997941631,0.8503887309396548
175.79683533861984,1.1961972756437127
175.8007708830766,1.4618746663400224
175.80470642753335,1.1661090870178397
175.8086419719901,0.9096565679683529
175.81257751644685,0.6083889483501423
175.81651306090362,0.8230588798115336
175.82044860536035,0.9261441518378827
175.82438414981712,2.2405221623765863
175.82831969427386,2.022496160726711
175.83225523873062,0.09088009759438963
175.83619078318736,1.099372935525414
175.84012632764413,1.0586104556308473
175.84406187210087,0.37864219590897863
175.84799741655763,0.29601629151737696
175.85193296101437,1.0502748276343745
175.85586850547114,0.07598096885051997
175.85980404992787,0.8830611925386842
175.8637395943846,0.932641728153376
175.86767513884138,0.022263154147654538
175.87161068329812,0.7575910711743987
175.87554622775488,0.3084274704103624
175.87948177221162,0.0392291640012905
175.8834173166684,0.0329870838553106
175.88735286112512,0.23473427898068558
175.8912884055819,0.13177502884283893
175.89522395003863,0.1695653274500034
175.8991594944954,0.7838088844629847
175.90309503895213,0.9995760569280484
175.9070305834089,0.5242566362727655
175.91096612786563,0.0963219614573003
175.9149016723224,1.0604559841763348
175.91883721677914,0.7570855085179728
175.9227727612359,1.0877644447007295
175.92670830569264,0.33950569073678616
175.9306438501494,0.44231268149366976
175.93457939460615,0.9685835173635642
175.93851493906288,0.22456262984735212
175.94245048351965,1.2606866548685642
175.9463860279764,2.5297954179321387
175.95032157243315,1.5979725595391256
175.9542571168899,0.6404845985080174
175.95819266134666,0.3094016788153743
175.9621282058034,0.6804276297928371
175.96606375026016,1.0243983084693877
175.9699992947169,0.8605634977886092
175.9739348391737,2.4827726434552155
175.9778703836304,2.430632465500745
175.98180592808717,0.44594808716447365
175.9857414725439,0.17627600674786156
175.98967701700067,0.8751796822462642
175.9936125614574,0.9584036991885018
175.99754810591418,0.1601445963958676
176.00148365037091,1.031726561707725
176.00541919482768,3.546667599334646
176.00935473928442,1.4824009500936994
176.01329028374118,0.02199403725343236
176.01722582819792,0.40779245019322163
176.02116137265466,0.0023619949759077323
176.02509691711143,0.3937588300716148
176.02903246156816,0.4012699866280317
176.03296800602493,0.1363396813332412
176.03690355048167,0.2762836716754569
176.04083909493843,0.596091502758731
176.04477463939517,0.841638749979874
176.04871018385194,0.2870603589130945
176.05264572830868,1.1019448175552393
176.05658127276544,3.53870139307336
176.06051681722218,1.5570273306191544
176.06445236167897,0.8271422868580294
176.06838790613568,1.1864979787787884
176.07232345059245,1.0477083335381194
176.0762589950492,4.33553045177683
176.08019453950595,1.7070919980982668
176.0841300839627,0.4689334088041097
176.08806562841946,2.894431530695834
176.0920011728762,1.6225704774784044
176.09593671733293,0.09856507567062103
176.0998722617897,0.46174700776044714
176.10380780624644,0.29958907275800173
176.1077433507032,0.11338689055871741
176.11167889515994,0.07664756918968123
176.1156144396167,0.2545866360253487
176.11954998407344,0.36030281247142354
176.1234855285302,0.26397363497675175
176.12742107298695,0.20672993253121144
176.1313566174437,0.039595861489382905
176.13529216190045,0.03530420123250248
176.13922770635722,0.21528845529806426
176.14316325081396,0.44134675862217654
176.14709879527072,0.2773029341607198
176.15103433972746,0.028503678701368683
176.15496988418425,0.1452358486810985
176.15890542864096,0.39210898714450193
176.16284097309773,0.951512247521888
176.16677651755447,0.7577037847271229
176.17071206201123,0.6915798159570489
176.17464760646797,0.16901921513642426
176.1785831509247,0.2272709310163601
176.18251869538148,0.06914486729375509
176.1864542398382,1.5006889963953616
176.19038978429498,2.5967790363417262
176.19432532875172,0.9564740014549892
176.19826087320848,2.0634835434887986
176.20219641766522,0.8390872487990769
176.206131962122,0.25524683371301304
176.21006750657872,0.7685014072694601
176.2140030510355,0.3811349186644972
176.21793859549223,3.924625187226577
176.221874139949,2.8182230687415015
176.22580968440573,0.1764665715170837
176.2297452288625,2.46717692767205
176.23368077331924,1.0119288518057028
176.237616317776,0.657231326294942
176.24155186223274,1.5719332914574657
176.2454874066895,0.05958153923199778
176.24942295114624,2.2450421450276803
176.25335849560298,2.376310390336821
176.25729404005975,0.36309717037878025
176.26122958451649,0.4013518041340616
176.26516512897325,0.3380928757122095
176.26910067343,0.23961408794221886
176.27303621788676,0.18381496381906526
176.2769717623435,0.9139074642460139
176.28090730680026,0.7567367076824014
176.284842851257,0.2698150021582099
176.28877839571376,0.35017569935403814
176.2927139401705,0.23138505140929674
176.29664948462727,0.2989817955819386
176.300585029084,0.431320763626512
176.30452057354077,1.3791256254609658
176.3084561179975,0.33954106485458346
176.31239166245427,0.27457732874817403
176.316327206911,0.33148730883767585
176.32026275136778,0.4470710088060011
176.32419829582452,1.852259678875183
176.32813384028125,0.9226764435279678
176.33206938473802,0.03219456244400147
176.33600492919476,0.5005894878774511
176.33994047365152,0.9796690961875628
176.34387601810826,0.48886049387320163
176.34781156256503,1.0461911487468685
176.35174710702177,0.5538760592236253
176.35568265147853,0.0585528597072878
176.35961819593527,0.7101895693634823
176.36355374039204,1.2773154013113404
176.36748928484877,0.8359645663991384
176.37142482930554,0.5148301001987892
176.37536037376228,0.4165180145702286
176.37929591821904,0.24336590402283784
176.38323146267578,0.417296951988728
176.38716700713255,0.41708165766744665
176.39110255158928,0.6928047645796038
176.39503809604605,0.18971109358710486
176.3989736405028,0.1830940008541197
176.40290918495955,0.7538279229090874
176.4068447294163,0.7417799780228903
176.41078027387303,0.18916515747535026
176.4147158183298,0.15772659916058257
176.41865136278653,0.7556857770937667
176.4225869072433,1.6246935901738946
176.42652245170004,0.38842077853290147
176.4304579961568,0.25804157796837157
176.43439354061354,0.5427430315240656
176.4383290850703,0.6332421694091612
176.44226462952705,1.4358016250727224
176.4462001739838,0.2948499741168166
176.45013571844055,1.2100325540525085
176.45407126289732,3.204117138378369
176.45800680735405,3.123950586547228
176.46194235181082,1.388823020283462
176.46587789626756,1.4775119293778562
176.46981344072432,1.5359481235512553
176.47374898518106,0.2163435744483048
176.47768452963783,0.19475396183614876
176.48162007409456,1.1631963599057613
176.4855556185513,1.553591658607952
176.48949116300807,0.2508272345996166
176.4934267074648,0.205976796139338
176.49736225192157,0.9296586262955655
176.5012977963783,2.060289724777636
176.50523334083508,2.2080237588938956
176.5091688852918,1.371156958581609
176.51310442974858,0.6847756776271774
176.51703997420532,0.02567359983565236
176.52097551866208,0.3458635051113637
176.52491106311882,0.526038876758932
176.5288466075756,0.19103276658676435
176.53278215203233,0.7333028326597325
176.5367176964891,0.8135804147485626
176.54065324094583,0.03658329132366853
176.5445887854026,0.36917821498764947
176.54852432985933,0.47001954046236644
176.5524598743161,0.0445987225130439
176.55639541877284,0.3871714065079022
176.5603309632296,1.4500791559682793
176.56426650768634,1.4578169539410897
176.56820205214308,0.3195503140364509
176.57213759659984,0.09557014737124792
176.57607314105658,0.13450521927781928
176.58000868551335,0.0810728114901184
176.5839442299701,0.07927009042295102
176.58787977442685,0.27961725315804886
176.5918153188836,0.8127147983674021
176.59575086334036,2.365793097564825
176.5996864077971,1.2984485032855506
176.60362195225386,0.4695396247889902
176.6075574967106,0.010672337307078039
176.61149304116736,1.1052387659699858
176.6154285856241,1.3928181602287535
176.61936413008087,0.552429778821831
176.6232996745376,0.7464920909618377
176.62723521899437,0.6747180309196454
176.6311707634511,0.059958848708819894
176.63510630790788,0.5088688949657963
176.6390418523646,0.2319670731463492
176.64297739682135,0.8163311054651555
176.64691294127812,1.432744166767432
176.65084848573483,0.08503743427000529
176.65478403019162,0.24758596837649738
176.65871957464836,1.0978919865241503
176.66265511910512,4.627788385944416
176.66659066356186,1.7296147123278938
176.67052620801863,0.7698336575717356
176.67446175247537,4.408578775552939
176.67839729693213,2.934334653479928
176.68233284138887,0.3050042337238638
176.68626838584564,0.11955164125840652
176.69020393030237,0.4469661608432925
176.69413947475914,1.895359181916141
176.69807501921588,2.0851718480050825
176.70201056367264,2.1701813624890818
176.70594610812938,1.2343600842605942
176.70988165258615,0.04134832575457141
176.71381719704289,0.18327028615075927
176.71775274149965,0.6333506727281312
176.7216882859564,0.5420605514557054
176.72562383041313,0.31327996519149415
176.7295593748699,0.7531324107595746
176.73349491932663,0.7492962857667089
176.7374304637834,0.05456030460591238
176.7413660082401,2.9520665460561752
176.7453015526969,3.9744837091390615
176.74923709715364,0.266633457969014
176.7531726416104,0.3044377892057174
176.75710818606714,0.32759617309547806
176.7610437305239,1.876561433391738
176.76497927498065,0.350170832361695
176.7689148194374,0.6797663732256618
176.77285036389415,0.2767841505662721
176.77678590835092,1.5501126677554828
176.78072145280763,2.6405406218000786
176.78465699726442,0.07543276975197516
176.78859254172116,1.479916626851988
176.79252808617792,1.1530234458299586
176.79646363063466,0.2930571270522516
176.8003991750914,0.04335564261113281
176.80433471954817,0.6831188700812496
176.8082702640049,0.9350423503992923
176.81220580846167,0.0003771393692153762
176.8161413529184,0.9480769141147514
176.82007689737517,1.0116728554220817
176.8240124418319,0.28398325851321377
176.82794798628868,0.3447992329848316
176.83188353074542,1.056699014457805
176.83581907520218,1.2150807150637457
176.83975461965892,0.2790315183777865
176.84369016411569,0.3845943181883583
176.84762570857242,0.8179676590840358
176.8515612530292,0.020883893593833268
176.85549679748593,1.059545721161574
176.8594323419427,0.4882587137032698
176.86336788639943,0.6126699184729345
176.8673034308562,0.3496391955190556
176.8712389753129,0.3610657913698862
176.87517451976967,1.1444102775405465
176.87911006422644,0.1648644967511627
176.88304560868318,0.19488795251403768
176.88698115313994,0.051633475899121255
176.89091669759668,0.6177443970912903
176.89485224205345,1.6102148613120182
176.89878778651018,1.4535203389588403
176.90272333096695,0.6336523968476321
176.9066588754237,1.9352895800971952
176.91059441988045,2.0421075248138587
176.9145299643372,1.226415950175736
176.91846550879396,0.6381454434197777
176.9224010532507,0.2810419233295397
176.92633659770746,0.24261120170417214
176.9302721421642,0.17968321159721243
176.93420768662097,0.4609032885263195
176.9381432310777,0.4930997607736911
176.94207877553447,0.040631648629366024
176.9460143199912,1.2449682947028229
176.94994986444797,1.3029317459101288
176.9538854089047,2.034991256656289
176.95782095336145,2.518729047523637
176.9617564978182,0.7274309951998508
176.96569204227495,0.4789750001039948
176.96962758673172,0.28459837808711713
176.97356313118846,0.3721762688893814
176.97749867564522,0.1723324043297943
176.98143422010196,0.2938705828678845
176.98536976455873,0.7593502823785669
176.98930530901546,0.720952314399434
176.99324085347223,0.6329654825844908
176.99717639792897,0.2799037414571221
177.00111194238573,0.03330682670299867
177.00504748684247,0.09245722852764823
177.00898303129924,0.29168043237287045
177.01291857575598,0.42446737675022567
177.01685412021274,0.6358516129074514
177.02078966466948,0.8181966046752193
177.02472520912625,0.8975531552986202
177.02866075358298,0.6943409603415551
177.03259629803972,1.1521864055313584
177.0365318424965,0.8212807622165482
177.04046738695322,0.01270688519586148
177.04440293141,0.5662986031692826
177.04833847586673,0.5157360287770728
177.0522740203235,0.03737885133909835
177.05620956478023,0.22036619304373453
177.060145109237,0.5232119693746997
177.06408065369374,1.256143670251027
177.0680161981505,1.3069874134776838
177.07195174260724,0.7474944700918337
177.075887287064,0.02881459632076028
177.07982283152074,1.5025651347585574
177.0837583759775,2.738886297949945
177.08769392043425,1.0823079653801229
177.091629464891,1.7740858601812386
177.09556500934775,1.6672101838042939
177.09950055380452,0.36257430648203626
177.10343609826126,0.06150916483419044
177.10737164271802,0.17123084904860011
177.11130718717476,0.6342697113881054
177.1152427316315,2.293757948649863
177.11917827608826,1.0684487126022253
177.123113820545,0.16975259694985187
177.12704936500177,0.04100054966123048
177.1309849094585,0.3934833597061852
177.13492045391527,0.8708290140948395
177.138855998372,0.2355074947130109
177.14279154282875,0.08732420003513022
177.1467270872855,0.6460995589835924
177.15066263174228,0.48760732596510986
177.15459817619902,0.06914868745139352
177.15853372065578,0.3979385501931838
177.16246926511252,2.239567499497772
177.1664048095693,4.751961085268185
177.17034035402602,2.9724064029662
177.1742758984828,0.5000085347474005
177.17821144293953,0.8166174430960363
177.1821469873963,1.2673903398203006
177.18608253185303,0.725808225573645
177.19001807630977,0.15695262787775843
177.19395362076654,0.4526911491943535
177.19788916522327,1.834343010451965
177.20182470968004,2.5307694988063805
177.20576025413678,1.5187983197835104
177.20969579859354,0.8750350657463277
177.21363134305028,0.04696763030045749
177.21756688750705,0.45489097768210834
177.22150243196378,0.26956270248179226
177.22543797642055,0.6358262321621809
177.2293735208773,0.06181847319164869
177.23330906533403,0.29979648432830536
177.2372446097908,1.169559199702791
177.24118015424756,1.6343489884586277
177.2451156987043,0.17035896150347352
177.24905124316106,3.35208946323427
177.2529867876178,2.1468820436361216
177.25692233207457,0.41854968210125576
177.2608578765313,2.543072402486257
177.26479342098807,0.5303352534247797
177.2687289654448,0.6770107602813777
177.27266450990157,2.4708342336479707
177.2766000543583,1.1917664368578234
177.28053559881505,1.005027477219498
177.28447114327182,1.0866875517605648
177.28840668772855,0.33105856765499986
177.29234223218532,0.8413078795970019
177.29627777664206,2.5643358265939935
177.30021332109882,2.2825911582401
177.30414886555556,0.3174718275054615
177.30808441001233,0.4535083508718839
177.31201995446906,1.2274037788865044
177.31595549892583,0.5497804257177177
177.31989104338257,0.12492410614166724
177.3238265878393,0.26032986705045374
177.32776213229607,0.05789670889010148
177.33169767675284,0.20219827765789886
177.33563322120958,0.4641534515468161
177.33956876566634,0.7152690366335178
177.34350431012308,0.21880847399792042
177.34743985457982,0.7234200922847712
177.35137539903658,0.8995423109636421
177.35531094349332,0.3583080802675124
177.3592464879501,0.04004968390604312
177.36318203240685,0.15281411525174007
177.3671175768636,0.052362165461130296
177.37105312132033,0.10150247668897597
177.3749886657771,0.675615670571133
177.37892421023383,0.38538098779433616
177.3828597546906,1.3487247678856236
177.38679529914734,2.004816314287455
177.3907308436041,0.38025125875580473
177.39466638806084,0.06063523902187153
177.3986019325176,0.500175685364749
177.40253747697437,0.37255927584242193
177.4064730214311,0.16063208216999975
177.41040856588785,0.24783477084514577
177.41434411034462,0.23918413312878034
177.41827965480135,0.5094812577687703
177.4222151992581,0.07185439253576445
177.42615074371486,0.36037442514106366
177.4300862881716,0.7915126358103651
177.43402183262836,0.7594563214067861
177.4379573770851,0.3151708569677938
177.44189292154186,3.0020633221313258
177.4458284659986,1.8850845434179724
177.44976401045537,0.29844613468808884
177.4536995549121,1.19726778042163
177.45763509936887,2.2598658047619216
177.4615706438256,1.0180111976127477
177.46550618828238,1.27243623458601
177.4694417327391,0.7177654326175145
177.47337727719588,0.3383416442169043
177.47731282165262,0.8459531529737662
177.48124836610938,2.22615102278705
177.48518391056612,0.42933657419062765
177.4891194550229,0.9337424343463216
177.49305499947965,1.2317318369994081
177.4969905439364,0.37276603397865654
177.50092608839313,1.7178918376010324
177.50486163284987,1.3880047045769852
177.50879717730663,0.37794342011874776
177.51273272176337,0.14451764854945642
177.51666826622014,1.5238585246742622
177.52060381067687,1.682858988039295
177.52453935513364,1.8734331458046491
177.52847489959038,3.5768641380495434
177.53241044404714,1.9845756564902681
177.53634598850388,0.36648675013974147
177.54028153296065,0.657472894511052
177.5442170774174,2.210213610640249
177.54815262187415,2.0479913566646384
177.5520881663309,0.5848207381566044
177.55602371078766,2.0724329085218494
177.5599592552444,0.46904926164793337
177.56389479970116,1.1237037802558425
177.5678303441579,2.4033363282014855
177.57176588861466,0.5182142444251181
177.5757014330714,1.292476599135443
177.57963697752814,0.5969068309446657
177.5835725219849,0.8772009413635984
177.58750806644164,1.0200486546679122
177.5914436108984,0.08936454291302674
177.59537915535515,0.16187780474617922
177.5993146998119,0.3046917253304964
177.60325024426865,0.1334895640333824
177.60718578872542,0.8094691287643269
177.61112133318215,0.7240027761319798
177.61505687763892,0.2891885664189815
177.61899242209566,0.78769811500856
177.62292796655242,0.648382356692316
177.62686351100916,0.15637216147568822
177.63079905546593,0.02362318967224002
177.63473459992267,0.23113952240937238
177.63867014437943,0.39752268781039374
177.64260568883617,0.15726951863410304
177.64654123329294,0.49108051031984346
177.65047677774967,3.047835183251163
177.65441232220644,2.9474337918099174
177.65834786666318,0.44350667690875406
177.66228341111992,0.9480265005729064
177.66621895557668,0.37199456550467164
177.67015450003342,0.6609250772100362
177.6740900444902,1.1614494975725347
177.67802558894692,0.15249439472453163
177.6819611334037,0.3453551863813056
177.68589667786043,0.2724024176157762
177.6898322223172,0.067260563812617
177.69376776677393,0.017367072651854696
177.6977033112307,0.10157193769364924
177.70163885568743,0.2166251064320687
177.7055744001442,0.05884338580089799
177.70950994460094,0.12448056313077288
177.7134454890577,0.3285185270707785
177.71738103351444,0.22577146890316213
177.7213165779712,0.7600689663619349
177.72525212242795,0.3844464635874715
177.7291876668847,0.10761572614041295
177.73312321134145,0.5548343125157206
177.7370587557982,0.24032500052622036
177.74099430025495,1.264616229943096
177.7449298447117,0.4058598020401827
177.74886538916846,0.7712461922394782
177.7528009336252,1.4340534379439502
177.75673647808196,0.04961650813089848
177.7606720225387,0.8148902303436932
177.7646075669955,0.2172035748155141
177.7685431114522,0.3089211383083051
177.77247865590897,0.40482927457365964
177.7764142003657,0.2638147242857436
177.78034974482247,2.1114627407198125
177.7842852892792,1.3994712590949494
177.78822083373598,0.006275682766164277
177.79215637819271,1.1973745496755888
177.79609192264948,1.483219739964175
177.80002746710622,0.46897806051899776
177.80396301156298,2.1390491172039505
177.80789855601972,3.179090839213483
177.8118341004765,1.2067078297893152
177.81576964493323,0.16089818270359912
177.81970518938996,0.21590772233829614
177.82364073384673,0.0998396311730533
177.82757627830347,0.3398494768911487
177.83151182276023,1.8323608408502088
177.83544736721697,2.295736946334892
177.83938291167374,1.900401547179915
177.84331845613048,1.708848578618086
177.84725400058724,1.0617586770754173
177.85118954504398,0.102273233934461
177.85512508950077,0.28188472171383583
177.85906063395748,1.0316952515980655
177.86299617841425,2.3280341009960526
177.866931722871,2.2523307911178487
177.87086726732775,0.47075353635762107
177.8748028117845,0.09298746131902005
177.87873835624126,0.4701872275348576
177.882673900698,2.2029548520995936
177.88660944515476,2.139379347166522
177.8905449896115,0.24748179795807757
177.89448053406824,0.3653853453820528
177.898416078525,0.13115653626499682
177.90235162298174,1.2102885980110194
177.9062871674385,0.6328464040338797
177.91022271189524,0.05295345895646713
177.914158256352,0.024714082504902746
177.91809380080875,0.771473913469366
177.9220293452655,0.5934552018294529
177.92596488972225,0.403960678008335
177.92990043417902,1.6512671722482757
177.93383597863576,0.8427176331796632
177.93777152309252,0.011806453312416107
177.94170706754926,0.5416635352470578
177.94564261200605,0.9397388847554485
177.94957815646276,0.2857009428331696
177.95351370091953,0.15402686397783244
177.95744924537627,0.05046403143200134
177.96138478983303,0.7768663178633796
177.96532033428977,0.9682787562254667
177.9692558787465,0.8313904885912385
177.97319142320328,2.066152649602009
177.97712696766,0.29310580130295416
177.98106251211678,1.0182777982089783
177.98499805657352,1.217483447771091
177.98893360103028,0.07257702725236662
177.99286914548702,0.11287976915413585
177.9968046899438,0.5530190842954569
178.00074023440052,0.782297719088872
178.0046757788573,0.24063801979349123
178.00861132331403,0.1661284706460771
178.0125468677708,0.23041313024850765
178.01648241222753,0.8837024942908475
178.0204179566843,1.342142553647434
178.02435350114104,0.620932303563066
178.0282890455978,0.4196027589473765
178.03222459005454,0.241702295141776
178.0361601345113,1.1774544133676337
178.04009567896804,0.6801051982760016
178.0440312234248,1.1612739506556997
178.04796676788155,2.0785817944497813
178.05190231233829,0.6175022957907872
178.05583785679505,1.826828048780733
178.0597734012518,0.4118166125819294
178.06370894570856,0.20541889155605006
178.0676444901653,0.01943700783526819
178.07158003462206,0.9584284806421991
178.0755155790788,1.2434172742005987
178.07945112353556,0.1868979256067351
178.0833866679923,0.3422771401659029
178.08732221244907,0.2964939713539666
178.0912577569058,1.5865850796262664
178.09519330136257,1.6100802593727854
178.0991288458193,1.7854910912650757
178.10306439027607,0.6868160277273628
178.1069999347328,0.1552712147050028
178.11093547918958,0.7382314110769076
178.11487102364632,0.7291071939283934
178.11880656810308,0.9841167356298932
178.12274211255982,0.04450954779335024
178.12667765701656,0.7835202736319958
178.13061320147332,0.32682180640482605
178.13454874593006,0.938438407867019
178.13848429038683,1.4008415817260484
178.14241983484357,0.5718469917634134
178.14635537930033,0.32689748841086114
178.15029092375707,0.18730632449301718
178.15422646821384,0.8694660643357559
178.15816201267057,0.37650561731137233
178.16209755712734,0.1525081072322212
178.16603310158408,0.4429799682270573
178.16996864604084,0.6705378600329748
178.17390419049758,2.0065542853221094
178.17783973495435,0.6778516391655535
178.18177527941108,0.4988955980328271
178.18571082386785,0.3319455699159243
178.1896463683246,0.11605927070693152
178.19358191278135,1.0819965452676037
178.1975174572381,1.7966680747052066
178.20145300169486,1.998102992335725
178.2053885461516,3.296476927162846
178.20932409060833,2.3420172059565285
178.2132596350651,0.34433429611323735
178.21719517952184,0.9482959642616822
178.2211307239786,0.053448302676534665
178.22506626843534,1.579260148797108
178.2290018128921,1.5726123271506613
178.23293735734885,0.09276255335444383
178.2368729018056,1.253360555212283
178.24080844626235,0.6511685104815544
178.24474399071912,0.05465570782684636
178.24867953517585,0.5799025001609662
178.25261507963262,1.2432009074745813
178.25655062408936,0.7229173978074293
178.26048616854612,0.006268571571824144
178.26442171300286,0.6501506109015358
178.26835725745963,1.604335350738221
178.27229280191636,1.0881539089305812
178.27622834637313,0.2600625375226231
178.28016389082987,0.035074647668222804
178.2840994352866,0.5918886351109282
178.28803497974337,0.9741794832143482
178.2919705242001,0.3691135086136579
178.29590606865688,0.30963790412647463
178.2998416131136,2.5830922971386556
178.30377715757038,1.7463346580536656
178.30771270202712,0.03440459861415228
178.31164824648388,0.25296449695807116
178.31558379094062,0.10037024237790751
178.3195193353974,1.2999367433996036
178.32345487985413,0.9812522079140351
178.3273904243109,0.04331117571440955
178.33132596876763,0.5208168289457006
178.3352615132244,0.6751000026764686
178.33919705768113,0.7884607628390352
178.3431326021379,1.22694043194166
178.34706814659464,2.0075934774738
178.3510036910514,2.7399436069515644
178.35493923550814,1.7920384288194608
178.3588747799649,0.253126858340143
178.36281032442164,0.20188588716491493
178.36674586887838,0.3769859047681548
178.37068141333515,0.0970214883826241
178.3746169577919,0.038775554600680835
178.37855250224865,0.3192407583350766
178.3824880467054,0.19599589280653273
178.38642359116216,0.15835501225181461
178.3903591356189,0.7216184888831233
178.39429468007566,0.3160520630347717
178.3982302245324,0.5969155443068128
178.40216576898916,2.0607425477550034
178.4061013134459,1.059668122170531
178.41003685790267,0.08599996721142911
178.4139724023594,0.9822188112000021
178.41790794681617,0.522471820330854
178.4218434912729,0.5308858789067784
178.42577903572968,2.626975751803411
178.4297145801864,1.1560290697230318
178.43365012464318,0.1914954525063658
178.43758566909992,2.244860969570497
178.44152121355663,1.7486875689721342
178.44545675801342,0.06144462088554124
178.44939230247016,1.5370406087649864
178.45332784692692,1.9762921039776347
178.45726339138366,0.2677424351384835
178.46119893584043,1.1318127527975006
178.46513448029717,1.7034659482315546
178.46907002475393,0.44900471080252224
178.47300556921067,0.7173536880306325
178.47694111366744,1.067057903206924
178.48087665812417,0.35220877756845875
178.48481220258094,1.9177751708245883
178.48874774703768,2.3831638915973223
178.49268329149444,0.6296829333992952
178.49661883595118,0.5946876191692358
178.50055438040795,2.609093957325085
178.50448992486469,2.2102332382109457
178.50842546932145,0.08167952425104248
178.5123610137782,0.2258843536241107
178.51629655823493,0.5371341965728607
178.5202321026917,3.6216365976832945
178.52416764714843,3.3768999068844194
178.5281031916052,0.8160264776558487
178.5320387360619,0.15106906820497742
178.5359742805187,1.4224622783376406
178.53990982497544,0.5269970613332489
178.5438453694322,1.9615075383045648
178.54778091388894,0.6374330373592844
178.5517164583457,0.9650670668617427
178.55565200280245,1.2274575920077047
178.5595875472592,0.6467509839247498
178.56352309171595,2.7049217041527958
178.56745863617272,0.5681200744518817
178.57139418062943,2.6272424781309103
178.57532972508622,1.7946632848277606
178.57926526954296,0.4612246614284141
178.58320081399972,0.1442214789330842
178.58713635845646,0.058322303140544644
178.59107190291323,0.3178539265288725
178.59500744736997,1.959392842638406
178.5989429918267,1.3440361454809098
178.60287853628347,0.033496043961797985
178.6068140807402,1.2435973291279008
178.61074962519697,1.2254888228212326
178.6146851696537,0.21620299355063002
178.61862071411048,0.11461389099951974
178.62255625856722,0.016161190852234362
178.62649180302398,0.25241327852822265
178.63042734748072,1.3105152995440361
178.63436289193749,1.7209028806949034
178.63829843639422,0.12516777205857837
178.642233980851,1.396417438793626
178.64616952530773,0.6710708573644927
178.6501050697645,0.4015362925957347
178.65404061422123,1.5486344469086508
178.657976158678,0.7825042643107153
178.6619117031347,0.26006475890781466
178.6658472475915,0.20557720485460157
178.66978279204824,1.04321924676713
178.67371833650498,0.3456393377028597
178.67765388096174,0.6340006614996245
178.68158942541848,0.6561235182187078
178.68552496987525,0.370695001089954
178.68946051433198,0.10841084999278358
178.69339605878875,0.6887478537545845
178.6973316032455,3.522276931551231
178.70126714770225,2.764709550201422
178.705202692159,0.21844176246856337
178.70913823661576,0.39431075298216256
178.7130737810725,0.37792272114979014
178.71700932552926,0.05812442492867225
178.720944869986,0.007236983261102003
178.72488041444277,0.3025896655762169
178.7288159588995,1.7132031117195552
178.73275150335627,1.4700508732483921
178.736687047813,0.1003256308084409
178.74062259226977,0.33226306187693727
178.7445581367265,0.1679478329021254
178.74849368118328,1.5351292218683428
178.75242922564,0.7894806215164224
178.75636477009675,0.01903550130845045
178.76030031455352,0.14206216016100048
178.76423585901026,0.3094894915260821
178.76817140346702,0.726420943388062
178.77210694792376,0.28737680044495206
178.77604249238053,0.15671025125870014
178.77997803683726,0.24536132257442458
178.78391358129403,0.1765630271981076
178.78784912575077,0.46407017007621343
178.79178467020753,0.4427401659223923
178.79572021466427,0.0007643676513939809
178.79965575912104,0.2814783324034755
178.80359130357778,0.4791221139673779
178.80752684803454,1.4168106512589804
178.81146239249128,1.5689433715412553
178.81539793694805,0.4407441322070591
178.81933348140478,0.015147211026729744
178.82326902586155,0.7198214706698925
178.8272045703183,1.1354081963107534
178.83114011477502,0.4773735473154412
178.8350756592318,1.0103434300646141
178.83901120368853,3.0652311150759473
178.8429467481453,4.54172271015307
178.84688229260203,3.099744873227013
178.8508178370588,0.5354704248577632
178.85475338151554,1.1693738370115274
178.8586889259723,1.3310781282888955
178.86262447042904,0.05957821487109585
178.8665600148858,0.2728200441838317
178.87049555934254,0.6098201977396757
178.8744311037993,0.9055520235642638
178.87836664825605,0.23688972062287514
178.8823021927128,0.26958450831138486
178.88623773716955,1.6856328023330214
178.89017328162632,1.9445051939851732
178.89410882608306,0.8089560036656444
178.89804437053982,0.45701093913760815
178.90197991499656,0.08671644036335996
178.90591545945333,0.6074019404320841
178.90985100391006,2.5050605779409674
178.9137865483668,2.441358984554974
178.91772209282357,0.5397478901755325
178.9216576372803,0.759342818312481
178.92559318173707,0.09294037528471308
178.9295287261938,0.08612631227303516
178.93346427065055,0.36607298005070527
178.9373998151073,0.8539691570360646
178.94133535956408,0.0654571916931024
178.94527090402082,1.465764690020705
178.94920644847758,0.36083966626162073
178.95314199293432,0.9970624502069959
178.9570775373911,1.5455181308588237
178.96101308184782,0.45030161016294146
178.9649486263046,0.030181538334987316
178.96888417076133,0.2515383443057689
178.9728197152181,0.16381242247641403
178.97675525967483,2.7842639820550854
178.9806908041316,1.4043704231686167
178.98462634858834,0.35656316175172137
178.98856189304507,2.074338118037975
178.99249743750184,1.4101742134533575
178.99643298195858,0.2953035641568346
179.00036852641534,0.9967285893183042
179.00430407087208,0.9753920079212269
179.00823961532885,1.2157488620090138
179.01217515978558,0.29949133560412233
179.01611070424235,1.6273319869881344
179.0200462486991,1.7277989688566047
179.02398179315583,1.9946122096404277
179.0279173376126,7.224769216959253
179.03185288206936,0.7691870434072274
179.0357884265261,2.440369544938487
179.03972397098286,1.1494117661001488
179.0436595154396,0.4693658731698019
179.04759505989637,0.44357939508866484
179.0515306043531,3.334398022479985
179.05546614880987,3.712863767367783
179.0594016932666,0.5106391405220841
179.06333723772337,2.1689566350428255
179.0672727821801,0.40051436398329543
179.07120832663685,0.8685745852074961
179.07514387109362,2.4654886741506146
179.07907941555035,1.83889807099652
179.08301496000712,0.5787989812128227
179.08695050446386,0.5230271628672527
179.09088604892062,2.7119819084888324
179.09482159337736,2.1525415103199697
179.09875713783413,0.044373784074583304
179.10269268229086,1.221977328675489
179.10662822674763,1.7200078705967246
179.11056377120437,0.11957996167807496
179.1144993156611,0.747187982888745
179.11843486011787,0.41165405011638734
179.12237040457464,3.1250503588051926
179.12630594903138,4.167667702967692
179.13024149348814,1.3993048408691038
179.13417703794488,0.8633521337800858
179.13811258240165,0.10244508301520229
179.14204812685838,1.131493138373396
179.14598367131512,0.9510396639232881
179.1499192157719,0.10328431726294633
179.15385476022865,0.3280970910551423
179.1577903046854,0.46229709227106186
179.16172584914213,0.46216214418122303
179.1656613935989,0.32510422475627326
179.16959693805563,0.37043141199025825
179.1735324825124,0.041727298571326316
179.17746802696914,0.5059570686939376
179.1814035714259,0.9744304969250991
179.18533911588264,0.14306237202227207
179.1892746603394,0.5601867135904857
179.19321020479617,0.6324869548776749
179.1971457492529,0.8212551162074431
179.20108129370965,0.707384281974961
179.20501683816642,0.11389912938571395
179.20895238262315,0.6473238950359885
179.21288792707992,1.3932800474540217
179.21682347153666,0.6082569707286815
179.2207590159934,0.19338989903821555
179.22469456045016,2.0587684496805694
179.2286301049069,1.934289333865981
179.23256564936366,0.0017738542860221294
179.2365011938204,1.5363327859256903
179.24043673827717,1.023971146202511
179.2443722827339,0.059813922794515986
179.24830782719067,0.47847315987726313
179.2522433716474,0.3566649816685985
179.25617891610418,0.2347327731402324
179.2601144605609,0.293348240787131
179.26405000501768,0.6984753819399077
179.26798554947442,0.4536427640639517
179.27192109393118,1.6514514210413702
179.27585663838792,1.2001094227818343
179.2797921828447,0.12895119924918008
179.28372772730145,0.2933352351845575
179.2876632717582,1.526099125273944
179.29159881621493,2.295136590078391
179.2955343606717,1.255134041478016
179.29946990512843,1.015834383926323
179.30340544958517,0.5448718317558933
179.30734099404194,1.9220295000345886
179.31127653849867,6.21754074394416
179.31521208295544,4.087709337790302
179.31914762741218,1.0429143737472009
179.32308317186894,1.2865655239587965
179.32701871632568,1.4576701576930702
179.33095426078245,1.5154515722984796
179.3348898052392,0.7472848201953076
179.33882534969595,0.012926116190987168
179.3427608941527,0.16624759859842564
179.34669643860946,0.21485319286430202
179.3506319830662,0.36355385206471896
179.35456752752296,0.001999475428051405
179.3585030719797,0.45919870990571526
179.36243861643646,5.640981880053647
179.3663741608932,10.828018145598676
179.37030970534997,2.8040406436713265
179.3742452498067,0.3754393939528903
179.37818079426344,0.5894239597688867
179.3821163387202,1.0667014502984236
179.38605188317695,2.7326824667688956
179.3899874276337,3.664323453227494
179.39392297209045,1.7492059589583044
179.39785851654722,1.558574425336472
179.40179406100395,5.516130813648605
179.40572960546072,1.2013256941528736
179.40966514991746,0.4159915024279537
179.41360069437422,0.07166383229432112
179.41753623883096,0.42352441318277034
179.42147178328773,0.008522035398881125
179.42540732774447,1.9218527588283247
179.42934287220123,1.851838649740565
179.43327841665797,0.6320446665135986
179.43721396111474,1.0591611721423597
179.44114950557147,0.7902321705742997
179.44508505002824,0.5702051810473527
179.44902059448498,0.10760547355886385
179.45295613894174,0.41164181956253004
179.45689168339848,1.5215126296709611
179.46082722785522,1.3597547172852547
179.464762772312,0.29309297540172347
179.46869831676872,0.29486619964736116
179.4726338612255,2.181350732116866
179.47656940568223,2.455924171974987
179.480504950139,1.366930926893836
179.48444049459573,0.7364795283883384
179.4883760390525,2.280932067929284
179.49231158350923,1.4705889399053895
179.496247127966,0.1746206996691859
179.50018267242274,1.0831237688564725
179.5041182168795,1.7460406602663514
179.50805376133624,4.897457125505084
179.511989305793,1.434563820225759
179.51592485024975,1.1869297779799488
179.5198603947065,0.7606214758468745
179.52379593916325,2.6600342074987853
179.52773148362002,0.8734777241573076
179.53166702807675,1.2508509313216558
179.5356025725335,1.5550106079838875
179.53953811699026,0.8594057711341678
179.543473661447,1.715761460735311
179.54740920590376,0.3913238109443991
179.5513447503605,2.1668537196767828
179.5552802948173,1.3535636343980546
179.559215839274,1.895730443724396
179.56315138373077,1.487988769764214
179.5670869281875,1.7762965216645075
179.57102247264427,1.3878607609909446
179.574958017101,0.8913336881019142
179.57889356155778,0.8017311378415041
179.58282910601451,0.4262174600001834
179.58676465047128,0.24979350134927547
179.59070019492802,0.36807442933445295
179.59463573938478,0.046499962061065866
179.59857128384152,0.15937945877690954
179.6025068282983,0.20907042805580384
179.60644237275503,0.31830381292523896
179.61037791721176,3.0824521687417157
179.61431346166853,2.7970610572572165
179.61824900612527,0.24963576427841178
179.62218455058203,1.5698565746863797
179.62612009503877,0.3133288782345127
179.63005563949554,0.5180679508098472
179.63399118395228,0.5355736635482811
179.63792672840904,0.2695714436050868
179.64186227286578,0.1430492549376466
179.64579781732257,0.3193141476015442
179.64973336177928,1.103464769159862
179.65366890623605,1.2426428714461923
179.6576044506928,0.5982500640364382
179.66153999514955,0.2554068004721151
179.6654755396063,1.173867735195453
179.66941108406306,0.8369708810630804
179.6733466285198,0.6211621350560732
179.67728217297656,1.4234475277145182
179.6812177174333,1.9187882980745057
179.68515326189006,0.6731798697522726
179.6890888063468,0.03636568845733755
179.69302435080354,0.05649267049982952
179.6969598952603,0.09821626247626063
179.70089543971704,0.10436181371905195
179.7048309841738,0.49361119056559455
179.70876652863055,0.34801839680410257
179.7127020730873,0.09293267700791419
179.71663761754405,0.051233134967966186
179.72057316200082,0.7924673461141567
179.72450870645756,0.37913407413641187
179.72844425091432,0.5014701718719172
179.73237979537106,0.7928265763436454
179.73631533982785,0.6624856668879863
179.74025088428456,2.368450838168776
179.74418642874133,0.21495302094381447
179.74812197319807,1.0333222895540073
179.75205751765483,0.12415545787160984
179.75599306211157,1.3329605301708343
179.75992860656834,0.5758165760142527
179.76386415102507,1.32527824852382
179.7677996954818,2.857790756801153
179.77173523993858,0.044310907356767855
179.77567078439532,0.6407595552391907
179.77960632885208,0.7768177821028892
179.78354187330882,2.985646138519528
179.7874774177656,0.7492328668075996
179.79141296222232,0.598893779191527
179.7953485066791,1.1931407611592788
179.79928405113583,0.3180755823769268
179.8032195955926,0.19732218508189453
179.80715514004933,0.6575721294375155
179.8110906845061,0.5340201557014761
179.81502622896284,0.5586264180652858
179.8189617734196,0.6012915239375183
179.82289731787634,0.4512595164543561
179.8268328623331,1.5068706099625073
179.83076840678984,2.9605083992002017
179.8347039512466,3.3176028657426913
179.83863949570335,1.3069279249247316
179.8425750401601,0.6190363544543416
179.84651058461685,1.8803910352169186
179.8504461290736,2.4741749516956943
179.85438167353036,1.8829247581584165
179.8583172179871,1.3366044567343498
179.86225276244386,1.214485245142796
179.8661883069006,0.9067740629217664
179.87012385135736,0.5798685974565293
179.8740593958141,0.3666479458116227
179.87799494027087,0.32383788862020285
179.8819304847276,0.22309590986637612
179.88586602918437,0.00676953374929845
179.8898015736411,0.5020469641511376
179.89373711809787,1.0259779628263719
179.8976726625546,0.899845547822007
179.90160820701138,0.6669678164434583
179.90554375146812,0.1788283010401299
179.90947929592488,0.18237522333113704
179.91341484038162,1.091843006927803
179.9173503848384,1.9983767261392418
179.92128592929512,1.1733464869447885
179.92522147375186,0.2038989107060776
179.92915701820863,1.0924337970812315
179.93309256266537,0.6403573323625683
179.93702810712213,0.9277061380218705
179.94096365157887,4.787242524177665
179.94489919603564,2.311651821635147
179.94883474049237,1.9180064853981527
179.95277028494914,1.8640176158748722
179.95670582940588,0.4799943124738285
179.96064137386264,1.8436817280313365
179.96457691831938,1.0424169089353335
179.96851246277615,4.07550847702128
179.97244800723288,2.515106527334862
179.97638355168965,0.9838704120479083
179.9803190961464,5.176072831229841
179.98425464060315,4.438580477723157
179.9881901850599,2.0860522503324708
179.99212572951666,1.3698516271659622
179.9960612739734,0.27240316402976084
179.99999681843016,0.07266633596892398
180.0039323628869,0.6650611041863741
180.00786790734364,1.9393976144718859
180.0118034518004,1.7214462709752574
180.01573899625714,0.11890139154726354
180.0196745407139,1.7370509172356279
180.02361008517065,1.7976494625707913
180.0275456296274,0.0038962055407801345
180.03148117408415,1.1739417606061053
180.03541671854092,1.9234642764324485
180.03935226299765,1.4251089378219186
180.04328780745442,0.7258975124598153
180.04722335191116,2.184154550393
180.05115889636792,0.36246969770020665
180.05509444082466,0.9208116324476793
180.05902998528143,2.427020253277237
180.06296552973816,2.1879560369049074
180.06690107419493,1.0208136003216446
180.07083661865167,0.04147247299667303
180.07477216310843,0.26537671380354855
180.07870770756517,0.35897409449642026
180.0826432520219,0.14993265123719146
180.08657879647868,0.7949267125502415
180.0905143409354,0.9787332577155844
180.09444988539218,0.20338622635622514
180.09838542984892,0.04908986998632906
180.10232097430568,0.5062445104761883
180.10625651876242,0.42585152519403535
180.1101920632192,0.032277977204914425
180.11412760767593,0.038227276451956574
180.1180631521327,0.36337144610615857
180.12199869658943,0.8124341086401392
180.1259342410462,0.3081694891926351
180.12986978550293,0.1597471023622484
180.1338053299597,2.0760637900167893
180.13774087441644,4.9459913786842264
180.1416764188732,2.6728218696669077
180.14561196332997,0.3100882484073971
180.1495475077867,0.6533459958998401
180.15348305224344,0.8566799899769432
180.15741859670015,0.42334228310476857
180.16135414115692,0.12199061083496639
180.1652896856137,0.5978511944870241
180.16922523007045,0.2922802027823268
180.1731607745272,0.19869845723146176
180.177096318984,0.4929010452057834
180.1810318634407,0.44052734487151574
180.18496740789743,0.7539758983659497
180.1889029523542,2.249567525421483
180.19283849681096,2.350750510301467
180.1967740412677,1.8752069090408898
180.20070958572447,1.8189791931318424
180.2046451301812,1.0282704397510167
180.208580674638,0.44216272446930627
180.2125162190947,0.3212251876255411
180.21645176355148,0.3391158202740929
180.2203873080082,0.3972141364582971
180.22432285246495,0.4144405264385401
180.2282583969217,0.8987835573839686
180.23219394137848,1.482011772495824
180.2361294858352,0.5513970267961553
180.240065030292,0.09467662307906881
180.24400057474872,1.0024880445956437
180.24793611920543,1.1207873574544973
180.25187166366223,1.2600501510240236
180.25580720811897,3.301670495543857
180.25974275257573,2.6871383274623613
180.26367829703247,0.5513282834402975
180.26761384148924,0.7504189395303623
180.271549385946,0.274772098180176
180.27548493040277,0.13708944607752663
180.27942047485948,0.6399139635478917
180.28335601931624,0.5618828001932455
180.28729156377295,0.5616838296385419
180.29122710822972,0.24799773625346402
180.29516265268649,0.8066390444754472
180.29909819714325,2.9573434299750616
180.3030337416,3.007203473146472
180.3069692860568,1.2695412482157395
180.3109048305135,0.6611837162975904
180.31484037497023,0.9830635835455189
180.318775919427,1.0482176023882444
180.3227114638837,1.309992216558646
180.3266470083405,2.26473415138759
180.33058255279724,0.7908805057749767
180.334518097254,0.024285609556378672
180.33845364171077,0.1601292952762918
180.3423891861675,0.5893768719336616
180.34632473062425,0.7296153485834952
180.350260275081,0.46192481596928175
180.35419581953772,2.4641095245163513
180.3581313639945,1.7662527985929433
180.36206690845123,0.006842835919997492
180.366002452908,1.3664721739195094
180.3699379973648,1.4965164359371832
180.37387354182152,1.0827997313149333
180.37780908627823,1.9476713577708604
180.38174463073503,0.8136818975869399
180.38568017519177,1.1524471577280126
180.38961571964853,0.8230468665491324
180.39355126410527,1.1835883331402406
180.397486808562,0.7725364762441743
180.4014223530188,0.5891109088460563
180.4053578974755,1.0004775596317699
180.40929344193228,0.7618143264318961
180.41322898638904,1.0532774090774026
180.41716453084575,0.2333875638155829
180.4211000753025,1.272539999685446
180.42503561975929,2.7743543396512846
180.428971164216,1.264795083292604
180.4329067086728,0.03155066201916689
180.43684225312956,0.38484361667399253
180.4407777975863,0.44257965127516924
180.44471334204303,0.5802141307858277
180.4486488864998,0.022403285238317756
180.4525844309565,0.9100534529099347
180.4565199754133,0.3475708609342795
180.46045551987004,0.11744525543902512
180.4643910643268,0.36068923801085223
180.46832660878357,0.09225372208893622
180.47226215324028,0.059274157038169795
180.47619769769705,0.18330575414247438
180.48013324215376,0.008851211872500249
180.48406878661052,0.09622407968521489
180.4880043310673,0.23766792709033832
180.49193987552405,0.5440023325546757
180.4958754199808,0.055372883758695236
180.4998109644376,0.15271557006712605
180.5037465088943,0.20711885617045453
180.50768205335103,0.36696508851148835
180.5116175978078,1.253288780655482
180.51555314226457,1.5799514536518722
180.5194886867213,0.14774431531996332
180.52342423117807,3.49999171384882
180.5273597756348,3.5413119771154222
180.5312953200916,3.2461805062739226
180.5352308645483,0.9270132245328951
180.53916640900508,1.0513953752825598
180.5431019534618,1.8972776478734832
180.54703749791855,2.193530113177151
180.5509730423753,2.769391187368932
180.55490858683208,0.04318303951781847
180.5588441312888,2.449636787679403
180.5627796757456,0.5181750701867637
180.56671522020235,0.1255893870561443
180.57065076465904,0.23450763342728412
180.57458630911583,2.846541306134221
180.57852185357257,1.6771788565383632
180.58245739802933,2.5464033843847376
180.58639294248607,3.0911302668720944
180.59032848694284,0.6400612338630505
180.5942640313996,0.24940398632341734
180.59819957585637,1.1665847279452053
180.60213512031308,1.4190458206257803
180.60607066476985,1.063910643220925
180.61000620922655,1.5759599500393815
180.61394175368332,2.9376763466101545
180.6178772981401,1.8371384826391493
180.62181284259685,0.407196333828376
180.6257483870536,1.2946578742732637
180.62968393151036,1.0949709349813148
180.6336194759671,2.4173978163685748
180.63755502042383,0.8812249228656466
180.6414905648806,0.15283169443401254
180.6454261093373,0.3863275590638065
180.6493616537941,0.2828424668810955
180.65329719825084,0.06075959392535694
180.6572327427076,0.016452638674888796
180.66116828716437,0.24525174673501257
180.6651038316211,2.181447610960935
180.66903937607785,2.5411897474245873
180.6729749205346,0.7434159518786113
180.67691046499132,0.87316830673877
180.6808460094481,1.182888303033989
180.68478155390488,1.1212928546234782
180.6887170983616,0.5040296411121992
180.6926526428184,0.33076582956299466
180.69658818727515,0.4479863250090486
180.70052373173183,1.2966995685836562
180.7044592761886,1.23367973922236
180.70839482064537,0.12115035478188171
180.7123303651021,0.22616012923783077
180.71626590955887,1.0118738541567251
180.7202014540156,1.0052324373730102
180.7241369984724,0.0020026372727356295
180.7280725429291,1.1732144740327568
180.73200808738588,1.5402090559198551
180.73594363184264,0.5217037737212569
180.73987917629935,0.04275043741874339
180.7438147207561,0.13848609128496042
180.7477502652129,0.030332005613774086
180.7516858096696,0.6501646464713018
180.7556213541264,1.4480498521915866
180.75955689858316,0.2050087011103676
180.7634924430399,0.1711641221258427
180.76742798749663,0.12973647520962409
180.7713635319534,0.08526594435022128
180.7752990764101,0.08314410956962494
180.7792346208669,0.07487439932765876
180.78317016532364,0.22249975119205498
180.7871057097804,0.003746464928630448
180.79104125423717,0.5764617285490676
180.79497679869388,0.482648614918513
180.79891234315065,0.16144089842519027
180.80284788760736,0.2839976176773193
180.80678343206412,0.055699193061873084
180.8107189765209,0.1943069856118632
180.81465452097763,1.1275134295242717
180.8185900654344,3.1291923494487923
180.8225256098912,1.142422641145324
180.8264611543479,1.116544869748583
180.83039669880463,0.9392746163273
180.8343322432614,0.09520303605016206
180.83826778771817,0.5042463084069985
180.8422033321749,0.038104306345271496
180.84613887663167,0.0025111337956724936
180.8500744210884,0.20572470738900714
180.8540099655452,0.4705931474895987
180.8579455100019,0.3758525136658219
180.86188105445865,0.7107332304939338
180.86581659891544,0.463039813717616
180.86975214337212,0.3712932572826456
180.8736876878289,0.6633956858653568
180.87762323228569,0.3225053070494725
180.8815587767424,0.17660399930346468
180.8854943211992,1.4938633381129949
180.88942986565596,1.333194839402044
180.89336541011264,0.7815302903255048
180.89730095456943,1.4734657635994888
180.90123649902617,0.9195505086932687
180.9051720434829,0.04415139240152402
180.90910758793967,0.9841135638092458
180.91304313239644,0.37709164160131825
180.9169786768532,0.021917855246931742
180.92091422130997,0.11340615476059049
180.92484976576668,0.07969669780849109
180.92878531022345,0.21005059376019303
180.93272085468016,1.978054757361053
180.93665639913692,1.850986598676553
180.9405919435937,0.36406899042901486
180.94452748805045,1.7727364553329792
180.9484630325072,1.8396191598724576
180.95239857696396,0.19103924930309962
180.9563341214207,0.418705769023479
180.96026966587743,0.4857448136529208
180.9642052103342,0.23859998858894296
180.9681407547909,1.3095670935295418
180.9720762992477,0.8229660583833552
180.97601184370444,0.05514711213988368
180.9799473881612,0.4364283666823692
180.98388293261797,0.2862485425223263
180.9878184770747,0.08319858337955077
180.99175402153145,0.2858512398828724
180.99568956598824,0.15133763137068965
180.99962511044492,0.08850744200503259
181.0035606549017,0.7953031641806777
181.00749619935849,1.0273061176130993
181.0114317438152,0.40367932910819865
181.015367288272,0.3707629807429739
181.0193028327287,0.5186867426381412
181.02323837718544,0.8896917817982378
181.0271739216422,0.9614264097662721
181.03110946609897,0.19296002659220943
181.0350450105557,1.139050669295495
181.03898055501247,1.8928515204875354
181.0429160994692,0.6092481251261375
181.046851643926,0.03276371364760651
181.0507871883827,0.12221089695316383
181.05472273283948,0.6965878737173731
181.05865827729625,1.7609581560794316
181.06259382175296,2.4472933686117635
181.0665293662097,0.6353857834815273
181.0704649106665,0.10973469644750242
181.07440045512325,0.17156545915833474
181.07833599958,0.10972532527055419
181.08227154403676,0.12937610497453167
181.0862070884935,0.27060195848425056
181.09014263295023,0.7161496358115751
181.094078177407,0.010143750595443495
181.0980137218637,0.22924198378567
181.10194926632047,0.09692464106657021
181.10588481077724,0.4463708620936803
181.109820355234,0.4381941644199572
181.11375589969077,0.4500880836799168
181.11769144414748,0.23860206283338825
181.12162698860425,0.7682529374622796
181.125562533061,0.16508675200188588
181.12949807751772,1.0149305984506996
181.1334336219745,0.24314956094049534
181.13736916643128,0.532668089767974
181.141304710888,0.48571419070407673
181.1452402553448,0.20624773194808196
181.1491757998015,0.4996542281249595
181.15311134425824,0.24724839361549247
181.157046888715,1.254548119925764
181.16098243317177,1.8878506037309293
181.1649179776285,0.9714412817659864
181.16885352208527,0.516397246050363
181.172789066542,1.5830673598631542
181.17672461099875,0.667307373964757
181.1806601554555,0.4228283980473343
181.18459569991225,0.24436821837449543
181.18853124436905,0.061980145821114975
181.19246678882573,0.925491365218244
181.1964023332825,2.561873077332693
181.2003378777393,1.1667890394755875
181.204273422196,0.32895919422546904
181.2082089666528,1.5075775709457562
181.21214451110956,2.4337445524281005
181.21608005556627,0.8663936887360438
181.22001560002303,0.4672425414125351
181.22395114447977,2.2252167320476093
181.2278866889365,0.7903346512373465
181.23182223339327,0.06338744185585835
181.23575777785004,0.03677977594317554
181.2396933223068,3.060418768128646
181.24362886676357,6.096485544061757
181.24756441122028,1.2117811265340783
181.25149995567705,1.3029090786126565
181.25543550013376,4.593884140113091
181.25937104459047,1.9149233126205005
181.2633065890473,0.04522451823438052
181.26724213350403,0.011853599631927834
181.2711776779608,0.6436929320664553
181.27511322241756,1.5719711362684996
181.2790487668743,0.7996174745885738
181.28298431133103,0.48872391176146623
181.2869198557878,0.8188971287872007
181.2908554002445,0.6440823212234645
181.2947909447013,1.9158100220363
181.29872648915804,3.9861057612125266
181.3026620336148,1.1573739884070708
181.30659757807155,0.29546545226629506
181.3105331225283,1.4538552221792647
181.31446866698505,0.8338550175498297
181.31840421144184,0.2853404343772737
181.32233975589853,3.4239028845129105
181.3262753003553,5.011709509876566
181.3302108448121,0.8789959608486483
181.3341463892688,2.1309495433140864
181.3380819337256,4.197282843041853
181.3420174781823,2.2234186097502535
181.3459530226391,0.6915802967809392
181.3498885670958,0.4867516721667181
181.35382411155257,1.0048530827611872
181.3577596560093,2.0052038864342308
181.36169520046607,2.292805532986706
181.3656307449228,1.4699302996574006
181.3695662893796,2.155371031365533
181.37350183383631,4.361993548370706
181.37743737829308,2.6937423963005505
181.38137292274985,0.21221536708619249
181.38530846720656,0.6367412280664057
181.3892440116633,0.5018209517932618
181.3931795561201,6.2763924716115405
181.39711510057683,7.681300913200801
181.4010506450336,1.7118143754993385
181.40498618949036,0.5719546226309257
181.40892173394707,0.2251825946347372
181.41285727840383,0.6445905694776658
181.41679282286057,2.778396491312808
181.4207283673173,4.119176139938335
181.42466391177408,0.8848363681921747
181.42859945623084,0.6693116772790355
181.4325350006876,0.2544854801179558
181.43647054514437,0.31377884032560266
181.44040608960108,0.757141987806651
181.44434163405785,1.7812245857451618
181.4482771785146,2.418158823060372
181.45221272297132,2.3494740331257633
181.4561482674281,0.7140217107044269
181.46008381188489,2.051716793217043
181.4640193563416,2.2130853043768397
181.4679549007984,0.5737399003902736
181.4718904452551,4.885775583005657
181.47582598971184,4.578782903867149
181.4797615341686,7.276095531878357
181.48369707862537,7.196980369679305
181.4876326230821,2.90008481860344
181.49156816753884,3.0163429783581486
181.4955037119956,3.973483229231442
181.49943925645235,4.095566621437572
181.5033748009091,0.889447376510557
181.50731034536585,1.593005637683888
181.51124588982265,4.9287274201318265
181.51518143427936,2.757053084796102
181.5191169787361,0.18024154447297552
181.5230525231929,1.1279928246050208
181.52698806764965,1.4453038584327815
181.5309236121064,0.04567998014060802
181.53485915656316,1.4660125664273838
181.53879470101987,0.8487053121486803
181.54273024547663,1.6369305654513022
181.54666578993337,1.7529185824250824
181.5506013343901,0.6427456197138169
181.55453687884687,0.6369805872164246
181.55847242330364,0.9785573859477804
181.5624079677604,0.4548970138041221
181.56634351221712,3.837147718512076
181.57027905667388,2.151209511014142
181.57421460113065,0.8564366465840054
181.5781501455874,0.9898216560954464
181.58208569004407,1.3342405688560475
181.5860212345009,2.0920521631168385
181.58995677895763,0.5618092316400112
181.5938923234144,0.0035224619625206484
181.59782786787116,0.18853602141561382
181.6017634123279,0.8802660170897734
181.60569895678464,3.006045648522484
181.6096345012414,1.9211484161972852
181.6135700456981,0.009415096909373033
181.6175055901549,0.9299029499029425
181.62144113461164,0.7462152443003284
181.6253766790684,0.3779236380526505
181.62931222352515,0.479044773884102
181.6332477679819,0.5196411864667969
181.63718331243865,0.11387744760438104
181.64111885689545,0.7836463844034957
181.64505440135216,0.2317534328836582
181.6489899458089,2.4023456531068974
181.6529254902657,2.1584017910946582
181.6568610347224,0.08824147496535445
181.6607965791792,0.6653027543872442
181.6647321236359,0.18188604404346245
181.66866766809267,0.7251994191120618
181.6726032125494,0.4312641150131399
181.67653875700617,0.36769458546856293
181.6804743014629,0.7143558955716405
181.68440984591967,0.5579779947312147
181.6883453903764,0.8743509160625779
181.6922809348332,0.08393868260813277
181.69621647928992,0.24589698118392692
181.70015202374668,0.11012647733690335
181.70408756820345,0.6283694290065044
181.7080231126602,0.26307990958258476
181.71195865711687,0.6726051938244345
181.7158942015737,3.274097951033279
181.71982974603043,3.9472665394783726
181.7237652904872,0.2794167352752664
181.72770083494396,1.1767823142595468
181.73163637940067,1.4685673041254208
181.73557192385744,0.6225933930039924
181.73950746831417,0.17421475342769796
181.7434430127709,0.04439413848280028
181.74737855722768,0.024545940377388893
181.75131410168444,1.1061390473489838
181.7552496461412,1.5786567204569808
181.75918519059795,0.5515460729414523
181.76312073505468,0.0745261683171214
181.76705627951145,0.25276208713322446
181.7709918239682,0.4828604868513744
181.77492736842493,0.1315187099026948
181.7788629128817,0.17473056074018078
181.7827984573385,0.1719223305691783
181.7867340017952,0.3310452693338259
181.790669546252,0.9796440278432462
181.7946050907087,0.7466687487503741
181.79854063516544,0.026685978353798007
181.8024761796222,1.6431202204354431
181.8064117240789,2.450912075223469
181.8103472685357,1.216217606417241
181.81428281299245,1.0868066263906138
181.8182183574492,1.3381179941617372
181.82215390190595,0.8557341133453745
181.82608944636272,0.4402994200993414
181.83002499081945,0.004553227542815057
181.83396053527625,0.2762238016426046
181.83789607973296,0.0631264576462945
181.84183162418967,0.6496447185841951
181.8457671686465,0.9742886344646071
181.84970271310323,0.05235678653231369
181.85363825756,2.555151356534426
181.85757380201676,2.687221771464828
181.86150934647347,0.33134414129131534
181.86544489093023,0.4390004816333814
181.86938043538697,0.8116804965552947
181.8733159798437,0.4742243721252175
181.87725152430048,1.1278657899809317
181.8811870687572,0.9776845918568857
181.885122613214,0.04367944872062524
181.88905815767072,0.12707494514900367
181.89299370212748,0.09533699521521762
181.89692924658425,0.19558837761457187
181.900864791041,0.21017386266793067
181.90480033549773,0.13640417336275248
181.9087358799545,0.4902864751331863
181.91267142441123,0.39180358337384275
181.916606968868,0.29019691264479536
181.92054251332476,1.8676017177474562
181.9244780577815,3.198752370802582
181.92841360223824,1.7598340426211152
181.932349146695,0.3530307985480065
181.9362846911517,0.3698799698704941
181.9402202356085,1.188352067183473
181.94415578006524,2.268097926068177
181.948091324522,0.45330298335369834
181.95202686897875,0.8525999938370908
181.9559624134355,0.9728656482745102
181.95989795789225,0.21317149202467744
181.963833502349,0.7449724909718005
181.96776904680576,0.17544228203130124
181.9717045912625,0.09179554066790103
181.9756401357193,0.8373285723814636
181.979575680176,1.571962063157238
181.9835112246328,1.8782517156426803
181.9874467690895,1.7938556005801396
181.99138231354627,0.056799137756892285
181.995317858003,2.7279492504371747
181.99925340245977,3.261594205894725
182.0031889469165,0.6764924654451913
182.00712449137328,0.2502076499031055
182.01106003583,1.3892071727353457
182.0149955802868,0.7455213174864158
182.01893112474352,0.4729407735431131
182.02286666920028,1.6235638279149578
182.02680221365705,1.4103362790803975
182.0307377581138,0.3581551839905613
182.03467330257047,0.007784662688502205
182.0386088470273,0.013350663651015938
182.04254439148403,0.7716031621336794
182.0464799359408,1.6892493462506026
182.05041548039756,0.8650433412066384
182.05435102485427,0.3200962246619482
182.05828656931104,0.37415597279114776
182.06222211376777,0.11116556230914117
182.0661576582245,0.9585185534979227
182.07009320268128,3.291932239670849
182.07402874713804,1.7182831915974228
182.0779642915948,0.06495128533001751
182.08189983605155,0.4660381382792938
182.08583538050829,0.20798322591186813
182.08977092496505,0.6891859011446347
182.0937064694218,0.027881546677626615
182.09764201387856,0.9429276417635772
182.1015775583353,0.7977009549159884
182.1055131027921,0.01426739798754137
182.1094486472488,0.5199544498553309
182.11338419170556,1.1523603878792519
182.1173197361623,1.6448639261283624
182.12125528061904,1.3020029905128618
182.1251908250758,0.9792246736381802
182.12912636953251,0.9583416524202767
182.1330619139893,0.6200022931474348
182.13699745844605,0.006894731172099009
182.1409330029028,0.4789603812919313
182.14486854735955,0.3027564379983304
182.14880409181632,0.022882305225314578
182.15273963627305,0.5659831742058195
182.15667518072985,1.6131772908854218
182.16061072518656,0.9551292657535407
182.16454626964327,0.08523397930443186
182.1684818141001,0.034079578825154784
182.17241735855683,0.013393239485087322
182.1763529030136,0.46475783019947586
182.18028844747036,0.3934117960583179
182.18422399192707,0.6161072998282154
182.18815953638384,1.6910792449052903
182.19209508084057,1.0727112989067913
182.1960306252973,1.513639114393484
182.19996616975408,0.6350746744443626
182.2039017142108,0.655375985733522
182.2078372586676,0.551369304004957
182.21177280312432,0.6699538648330566
182.21570834758109,1.2724995618354276
182.21964389203785,0.2120040850439607
182.2235794364946,0.0560287210095752
182.22751498095133,0.06683369583291494
182.2314505254081,0.9023729756619541
182.23538606986483,0.9921695355581377
182.2393216143216,0.7702106643084011
182.24325715877836,0.4096372622248018
182.2471927032351,0.9769307877465648
182.25112824769184,1.330747250437137
182.2550637921486,0.38088934535432084
182.2589993366053,0.23495778231185227
182.2629348810621,0.027708045178653783
182.26687042551885,0.6459020399995998
182.2708059699756,0.30377220322123233
182.27474151443235,0.22447553169025647
182.2786770588891,1.73687816513617
182.28261260334585,2.3831831777860697
182.2865481478026,1.270432704593008
182.29048369225936,0.2343481124482805
182.2944192367161,0.14422951958649144
182.2983547811729,0.402542374241455
182.3022903256296,0.48220263325276796
182.3062258700864,0.18802579950552398
182.3101614145431,0.11943089503398208
182.31409695899987,0.6368507197736673
182.3180325034566,1.0629814696216278
182.32196804791337,0.2980579329969778
182.3259035923701,0.7093541113794773
182.32983913682688,0.9036188822099794
182.3337746812836,0.22283753826501215
182.3377102257404,0.4088285536350222
182.34164577019712,0.40346211879980426
182.34558131465383,0.7367152352378808
182.34951685911065,0.7555849963247275
182.35345240356736,0.021814682867954367
182.35738794802413,0.5664635453699497
182.3613234924809,1.0581213945749786
182.36525903693763,0.4669863919017864
182.3691945813944,0.0777535385261986
182.37313012585116,0.2673140648528658
182.37706567030787,0.9622628961463953
182.38100121476464,2.024320687546595
182.38493675922135,3.762437685278866
182.3888723036781,3.385513780413776
182.39280784813488,0.34761422011241466
182.39674339259165,0.2963730687712365
182.4006789370484,0.2761050036348017
182.40461448150515,1.6479150707833974
182.4085500259619,1.0603934287028838
182.41248557041865,0.1054197001701834
182.4164211148754,0.4422313057662818
182.42035665933216,0.11112508166652846
182.4242922037889,0.09943200652920721
182.42822774824563,1.1012889401105816
182.4321632927024,1.0391606681275927
182.43609883715916,0.9226495442161904
182.4400343816159,4.701257644187514
182.44396992607264,0.8119119953643585
182.4479054705294,3.9237994520047907
182.45184101498612,2.298203912503245
182.4557765594429,1.4482751870103379
182.45971210389965,1.8016579599685911
182.4636476483564,1.5802062640807486
182.46758319281315,6.659276514903995
182.47151873726992,2.3940191221460134
182.47545428172663,0.0010793788752618027
182.47938982618345,0.018555924490176033
182.48332537064016,0.594298518510004
182.48726091509693,0.9227374544437867
182.4911964595537,0.3451746088607074
182.49513200401043,0.32392869702232296
182.4990675484672,0.6398784317786677
182.5030030929239,0.7327400523204924
182.50693863738067,0.29044217574333536
182.5108741818374,0.15555387024719342
182.51480972629415,0.7338007044279896
182.5187452707509,0.5205226920785504
182.52268081520768,0.08270215476363511
182.5266163596644,0.05718896905962554
182.5305519041212,0.2671644320337762
182.53448744857792,0.10995149186250756
182.5384229930347,0.020022187817676326
182.54235853749145,0.03541370916512723
182.5462940819482,0.03144012535259099
182.55022962640493,0.07634172362287234
182.5541651708617,0.139432519463058
182.55810071531843,0.16345221228034426
182.5620362597752,0.4992710574395812
182.56597180423196,0.014779450218552845
182.5699073486887,0.2798657904643156
182.57384289314544,0.09101795666502176
182.5777784376022,0.0455886686468741
182.58171398205891,0.037422140866996065
182.58564952651568,0.14249050391674137
182.58958507097245,0.038504279841696375
182.5935206154292,0.6603161647261637
182.59745615988595,0.4533536344767508
182.6013917043427,0.7250893747290695
182.60532724879943,0.8665261289535492
182.6092627932562,0.6127072705029851
182.61319833771296,1.986457389018733
182.6171338821697,1.2643818890549068
182.6210694266265,0.05445030774690972
182.6250049710832,0.9605692798258572
182.62894051554,1.0911868574164822
182.6328760599967,2.4913425636980837
182.63681160445347,2.641857302141666
182.6407471489102,1.2282175293426527
182.64468269336697,1.1233578515398945
182.6486182378237,0.38954191807985494
182.65255378228048,0.06711594352109007
182.6564893267372,0.027386749331905255
182.66042487119395,0.1937281528266639
182.66436041565072,0.6695484783034675
182.66829596010743,0.1371447768969401
182.67223150456425,0.5376324776342586
182.67616704902096,0.9395889610958771
182.68010259347773,0.12481403208938674
182.6840381379345,0.35253955105113594
182.68797368239123,0.39046589700241296
182.691909226848,0.670678096001438
182.69584477130476,0.10607497319305405
182.69978031576147,0.9635042194050617
182.70371586021824,0.30672088232013023
182.70765140467495,0.09913171023322062
182.7115869491317,0.19904287575527294
182.71552249358848,0.2024231594349874
182.71945803804525,0.5822808232486865
182.723393582502,0.798856480171266
182.72732912695875,1.5850365828037114
182.7312646714155,2.2799875813512336
182.73520021587225,0.7601713342026698
182.739135760329,1.3036295653573304
182.74307130478573,0.6944456524224067
182.7470068492425,0.7308781740153957
182.75094239369923,0.934893326486213
182.754877938156,0.06325196475572889
182.75881348261277,0.507123264681232
182.7627490270695,0.4098688229389589
182.76668457152624,0.13009187468762132
182.770620115983,0.10412234572743666
182.77455566043972,0.4734862968243927
182.7784912048965,0.9383534399407856
182.78242674935325,0.3639089651663392
182.78636229381,0.8732166044675005
182.79029783826675,0.4020784483358042
182.79423338272352,0.38889415305134034
182.79816892718023,1.390407285449797
182.80210447163705,0.2621027860259565
182.80604001609376,0.33765742971585866
182.80997556055053,0.30402106662915773
182.8139111050073,0.20120637938464087
182.817846649464,0.04442494035294159
182.8217821939208,0.24842006006930942
182.8257177383775,0.3651399018400578
182.82965328283427,0.41636944872284953
182.833588827291,0.3774524524003254
182.83752437174775,0.7164809499797026
182.8414599162045,1.1342700424998315
182.84539546066128,0.1531855672038287
182.849331005118,0.24715881114854235
182.8532665495748,0.42528585581855505
182.85720209403152,0.5050792984937204
182.8611376384883,0.4758692968563318
182.86507318294505,0.00637803090219636
182.8690087274018,0.5557945364952969
182.87294427185853,0.3950490542143623
182.8768798163153,0.07274251829495383
182.88081536077203,0.026450830537563128
182.8847509052288,0.366619346159797
182.88868644968557,0.3768291191821763
182.89262199414227,0.050439471978557776
182.89655753859904,0.5837001899097175
182.90049308305575,0.8209593689078746
182.90442862751252,0.7148563866741944
182.90836417196928,0.9388539177768829
182.91229971642605,0.12778835233414682
182.9162352608828,0.5696121500572507
182.92017080533955,1.1619226809188312
182.9241063497963,0.27248293153976416
182.92804189425303,0.0051569568984481855
182.9319774387098,0.38021905442788967
182.93591298316656,0.6702262001089239
182.9398485276233,0.028488189839756813
182.9437840720801,0.6859736717453703
182.9477196165368,0.20404161865307366
182.9516551609936,2.7595461989959196
182.9555907054503,5.541203111276363
182.95952624990707,2.682267402408973
182.9634617943638,0.4061574252778072
182.96739733882055,0.7330629275163023
182.9713328832773,0.13549402544770453
182.97526842773405,0.6403904774330008
182.9792039721908,1.3687961553033976
182.98313951664755,0.9456108626690614
182.98707506110432,1.1935383490817972
182.99101060556103,0.6366215393905783
182.99494615001785,0.4546958286899159
182.99888169447456,0.8368176704991449
183.00281723893133,0.517038350470524
183.00675278338807,0.004324868841183527
183.01068832784483,0.7057494618194251
183.0146238723016,2.4105591851790718
183.01855941675836,2.3730617267759713
183.02249496121507,0.4066630977067796
183.02643050567184,0.4949409381196818
183.03036605012855,1.919102268707812
183.03430159458532,1.3191667385998727
183.03823713904208,0.2966100901523369
183.04217268349885,0.07362456623085446
183.0461082279556,0.17724647124977627
183.05004377241232,0.17463499217573905
183.0539793168691,0.1324134480124734
183.05791486132583,0.2998638153598013
183.0618504057826,0.507623907830146
183.06578595023933,0.07855200105493894
183.0697214946961,0.4246606220799164
183.07365703915283,0.8697748766044309
183.0775925836096,0.31406121653399116
183.08152812806637,0.04643489223703141
183.0854636725231,0.3705671206121667
183.08939921697984,0.8274757852557469
183.0933347614366,0.4896719568664752
183.09727030589332,0.1714995329914277
183.1012058503501,0.37105397255399575
183.10514139480685,0.09630185388963652
183.1090769392636,0.6044917176323669
183.11301248372035,1.068682133946984
183.11694802817712,1.1357976500219025
183.12088357263383,1.6681327772157262
183.12481911709065,2.35891191637074
183.12875466154736,1.038999233957746
183.1326902060041,0.3947477561492068
183.1366257504609,1.0024870449674097
183.1405612949176,0.4853213301069285
183.1444968393744,0.12569706228710015
183.1484323838311,0.6898911839161284
183.15236792828787,0.6895256655129729
183.1563034727446,0.004776483328828784
183.16023901720135,0.32530342616776264
183.1641745616581,0.4318231248963059
183.16811010611488,0.6101035842369353
183.1720456505716,0.30391043710990234
183.1759811950284,0.13203923272149684
183.17991673948512,0.5020053480485122
183.1838522839419,0.865620751542965
183.18778782839863,1.1924839908043758
183.1917233728554,0.7423254987724076
183.19565891731213,0.0678724043341598
183.1995944617689,0.6740166272320709
183.20353000622563,1.4457086159929016
183.2074655506824,1.881114909253786
183.21140109513917,2.7647969671508466
183.21533663959588,2.210914645456962
183.21927218405264,0.20808792574835233
183.22320772850935,0.18545042947234178
183.22714327296612,0.10302429969177902
183.23107881742288,0.4916416468756941
183.23501436187965,1.5515032149521795
183.2389499063364,3.0641216458441853
183.24288545079315,0.6176067156927935
183.2468209952499,2.067223445258963
183.25075653970663,4.124960209224637
183.2546920841634,0.2558706626056896
183.25862762862016,0.7332362867679936
183.2625631730769,0.30304813924393914
183.2664987175337,0.7411699433968675
183.2704342619904,0.5536036946203108
183.2743698064472,0.42646335664685064
183.2783053509039,0.24945581971783873
183.28224089536067,0.3053999286079454
183.2861764398174,0.10860721899781786
183.29011198427412,0.34560219906633766
183.2940475287309,0.05817419235383568
183.29798307318765,0.6779243537971797
183.3019186176444,0.8449905001406768
183.3058541621012,0.21307609164089752
183.30978970655792,1.1551094456423565
183.31372525101463,3.8023120934507646
183.31766079547145,2.908521524108175
183.32159633992816,1.530329510324854
183.32553188438493,1.5835511187342632
183.32946742884167,1.4649308758812365
183.33340297329843,1.4424949742688304
183.3373385177552,1.1056111868942904
183.34127406221197,1.7204380725319455
183.34520960666867,1.903517856712671
183.34914515112544,1.9701171399703583
183.35308069558215,0.25365812292575074
183.35701624003892,0.9227900016644054
183.36095178449568,0.819011363515251
183.3648873289524,1.1449768257231854
183.3688228734092,0.9074193691074028
183.37275841786592,0.3508345119687693
183.3766939623227,1.3941759179210655
183.38062950677943,0.23163832582101695
183.3845650512362,0.8006633864942763
183.38850059569293,1.1305146915020998
183.3924361401497,0.02401795627827916
183.39637168460644,0.7498002742749906
183.4003072290632,1.2131474435846217
183.40424277351997,0.7340870192096469
183.4081783179767,0.5483045825946801
183.41211386243344,0.9625464191480071
183.4160494068902,1.3145914876121059
183.41998495134692,1.307425006147841
183.4239204958037,1.6998059460855903
183.42785604026045,1.5608229977969135
183.4317915847172,0.8624242743028143
183.435727129174,0.20093327057573548
183.4396626736307,0.07491881177654969
183.44359821808743,0.5230511979199316
183.4475337625442,2.0618464173269464
183.45146930700096,1.2002819937305511
183.4554048514577,0.2753275438428495
183.45934039591447,1.92598681788207
183.4632759403712,0.5291873887313204
183.467211484828,0.4642958682282996
183.4711470292847,1.1052275667047826
183.47508257374147,0.36876417454487753
183.4790181181982,0.9582355769635327
183.48295366265495,0.009118207560465117
183.4868892071117,1.2346805704286117
183.49082475156848,0.4100786819931074
183.4947602960252,1.6935096498771294
183.498695840482,1.7032840323633316
183.50263138493872,0.04722700887172098
183.5065669293955,0.3376636932607641
183.51050247385223,1.130303483758569
183.514438018309,2.345065042766972
183.51837356276573,1.3466218377977976
183.52230910722247,2.679243712374344
183.52624465167924,1.5239136847540287
183.530180196136,1.295570820375979
183.53411574059277,0.7970831967235514
183.53805128504948,0.1290682471504857
183.54198682950624,0.02788764001745537
183.54592237396295,0.7624065413445483
183.54985791841972,0.8647095727956353
183.55379346287648,0.07323583174955269
183.55772900733325,0.4381578780086316
183.56166455179,0.5669275237857375
183.56560009624675,0.43677157541993855
183.5695356407035,0.7707232091940422
183.57347118516023,0.24713356537712827
183.577406729617,0.05471654498022474
183.58134227407376,1.2019545204823907
183.5852778185305,2.4887071430193455
183.58921336298727,0.7001257712658965
183.593148907444,0.046452897861891544
183.59708445190077,0.3823822645834396
183.6010199963575,0.8187519102210736
183.60495554081425,0.5007326672582623
183.608891085271,0.053285691341807544
183.61282662972772,0.052482270537373005
183.6167621741845,0.20587017615976347
183.62069771864125,0.9744924190369542
183.624633263098,2.552240051838516
183.6285688075548,1.5389481445959248
183.63250435201152,0.10439291116505593
183.63643989646823,0.9313008796526567
183.64037544092503,0.41071641312128604
183.64431098538176,0.8095910749300924
183.64824652983853,3.554691875367835
183.65218207429527,2.3530975179487674
183.65611761875203,1.9344575612119463
183.6600531632088,1.7857781244779378
183.66398870766557,0.6932710452159746
183.66792425212228,1.5684703372654414
183.67185979657904,0.7877282777959276
183.67579534103575,1.3512703486714215
183.6797308854925,2.523090879748911
183.68366642994928,1.0355777872642222
183.687601974406,0.1992183447225184
183.6915375188628,0.03153740952261479
183.69547306331955,0.11707394859914795
183.6994086077763,0.11465120422759799
183.70334415223303,0.2004916127551316
183.7072796966898,1.2530885527823223
183.71121524114653,1.6737704305667693
183.7151507856033,0.3162780241922584
183.71908633006004,0.33883519214929875
183.7230218745168,0.6171587170734267
183.72695741897357,0.4585229783608773
183.7308929634303,0.3141391760677958
183.73482850788704,0.47863611395126326
183.7387640523438,1.1866405830507119
183.74269959680052,1.0647311000122959
183.7466351412573,2.1081926282993004
183.75057068571405,3.8217875737333737
183.7545062301708,0.47943024192845185
183.7584417746276,1.480566292297193
183.7623773190843,3.140593812986466
183.76631286354103,1.3784805461087628
183.7702484079978,0.6695717852202056
183.77418395245456,0.8031996324591066
183.7781194969113,1.088402206321328
183.78205504136807,1.6136405270809504
183.7859905858248,0.4856361267255618
183.7899261302816,0.9108798733161201
183.7938616747383,0.979619671050712
183.79779721919508,2.606833221458669
183.8017327636518,3.1075988955518206
183.80566830810855,0.6986959390266488
183.8096038525653,0.743629944575343
183.81353939702208,0.09543885992898236
183.8174749414788,0.3024466240051429
183.8214104859356,0.5867159214614063
183.82534603039232,1.054738061137614
183.8292815748491,0.7271941663864193
183.83321711930583,0.09697612049672048
183.83715266376257,0.4736855028530081
183.84108820821933,1.2176808969752233
183.84502375267607,0.37090380742247164
183.84895929713284,0.12982302650029082
183.8528948415896,0.42218825085114364
183.85683038604637,0.7130613020210881
183.86076593050308,0.3813713135997296
183.86470147495984,0.5191548547946707
183.86863701941655,0.7364533906294893
183.87257256387332,0.5295401195862429
183.87650810833009,0.18809645894084093
183.88044365278685,0.04829262483611484
183.8843791972436,0.01633437138093532
183.8883147417004,0.1784968452936021
183.8922502861571,0.3332225709398501
183.89618583061383,0.2526474754213045
183.9001213750706,0.7518933813283282
183.90405691952736,1.0316259088399709
183.9079924639841,1.2069218818016554
183.91192800844084,0.5207940764575654
183.9158635528976,0.2392396820479363
183.91979909735437,0.64565621639723
183.9237346418111,0.050008026353074934
183.92767018626785,0.5284809600298553
183.9316057307246,0.7783924877840842
183.93554127518132,0.1660533082058509
183.9394768196381,0.3308702928095035
183.94341236409485,0.20421067827894318
183.9473479085516,0.010035640405378257
183.9512834530084,0.06780853693787481
183.95521899746512,0.5402603978180274
183.95915454192183,0.2608522313630688
183.96309008637863,0.27631044384456094
183.96702563083537,1.05996173640895
183.97096117529213,0.7703386371679634
183.97489671974887,2.1944148939221426
183.97883226420564,3.844314656251011
183.9827678086624,1.6173357990226502
183.98670335311917,1.484787849120841
183.99063889757588,1.066195225079416
183.99457444203264,0.5718404993882577
183.99850998648935,3.8332367660276683
184.0024455309461,3.56638815059621
184.00638107540289,1.1414986911567557
184.0103166198596,0.22602616264500003
184.0142521643164,2.558240065902733
184.01818770877316,1.6246907912394033
184.0221232532299,0.36051985663465397
184.02605879768663,2.3759196653737535
184.0299943421434,2.193239998054701
184.0339298866001,3.6650270183159877
184.0378654310569,1.9068409419803047
184.04180097551364,0.2904108655137743
184.0457365199704,0.007203497049210133
184.04967206442717,2.3391326750560535
184.0536076088839,4.041622986607655
184.05754315334065,0.852961640919415
184.0614786977974,1.7919178229090282
184.06541424225412,0.2612368114674747
184.0693497867109,2.0489605347714592
184.07328533116765,2.501197530056272
184.0772208756244,0.44956421379575723
184.0811564200812,0.0932304806462439
184.0850919645379,0.2635528254861474
184.08902750899463,0.55321292769226
184.0929630534514,0.4756274687779487
184.09689859790817,0.39966679718789716
184.1008341423649,0.941305535915365
184.10476968682167,0.5770443976365894
184.1087052312784,0.2508771603444323
184.1126407757352,0.5774687023326442
184.1165763201919,0.11987722345448926
184.12051186464868,0.8792946274515688
184.1244474091054,1.74045166559401
184.12838295356215,0.8268436224717916
184.1323184980189,0.008869452049634704
184.13625404247568,1.087456572426278
184.1401895869324,1.6662459147036992
184.1441251313892,0.48166256226793547
184.14806067584595,1.024875795993675
184.15199622030264,2.5668555001195785
184.15593176475943,2.362316439134081
184.15986730921617,0.061409023898742136
184.16380285367293,0.6244962695059338
184.16773839812967,0.2334423134304879
184.17167394258644,0.23498117068324154
184.1756094870432,0.239041894911005
184.17954503149997,2.510169558473838
184.18348057595668,1.201793497172983
184.18741612041345,0.37624630434515743
184.19135166487015,0.6885027182564736
184.19528720932692,0.12244189394217297
184.1992227537837,0.5126704470807513
184.20315829824045,2.970110349666727
184.2070938426972,2.1793630353252995
184.211029387154,0.220693579601853
184.2149649316107,1.5365524458752327
184.21890047606743,1.2395262392190505
184.2228360205242,0.8444670293137262
184.2267715649809,0.36736879762316194
184.2307071094377,1.3511569553672613
184.23464265389444,0.5936539656533103
184.2385781983512,0.16414963778052763
184.24251374280797,1.629809261312238
184.2464492872647,3.0580355422108534
184.25038483172145,1.8904966271355472
184.2543203761782,0.20915125187854378
184.25825592063492,0.16529294806471462
184.2621914650917,0.22591441753566976
184.26612700954848,0.003748968283438502
184.2700625540052,0.02744125446785411
184.273998098462,0.3092299362084034
184.27793364291875,0.9242584984091797
184.28186918737543,0.7243097566399302
184.28580473183223,0.06812081375151025
184.28974027628897,0.5362338027109229
184.29367582074573,0.5644718674702285
184.29761136520247,0.08295003380667908
184.3015469096592,0.05878969309860386
184.305482454116,0.8189910292752435
184.3094179985727,1.8718958663233802
184.31335354302948,0.5838702891850315
184.31728908748624,0.08926631626867172
184.32122463194295,0.20065088238693274
184.3251601763997,0.7637081210978929
184.3290957208565,0.35812880839743044
184.3330312653132,0.31274086815010654
184.33696680977,1.8356743923313046
184.34090235422676,0.8282975087297867
184.3448378986835,1.277817112240933
184.34877344314023,3.489962489411979
184.352708987597,2.2013085172386044
184.3566445320537,1.8343902042065623
184.3605800765105,1.7936442162157131
184.36451562096724,1.6484925438734412
184.368451165424,2.0064458098552955
184.37238670988077,1.366627580673013
184.3763222543375,0.6960696032317567
184.38025779879425,0.45824828375068594
184.38419334325096,0.2682517163104601
184.38812888770772,0.1330522114423417
184.3920644321645,0.3406243561035194
184.39599997662123,0.7271195673736254
184.399935521078,0.6812536811255667
184.4038710655348,0.4192622268531006
184.4078066099915,0.5473941433561357
184.41174215444823,1.1671152575727362
184.415677698905,1.2709743644339426
184.41961324336177,0.4023931795828988
184.4235487878185,0.2779358547857506
184.42748433227527,2.9075276064487925
184.431419876732,3.067524932247466
184.4353554211888,0.05232970667524586
184.4392909656455,2.4185943421522818
184.44322651010228,1.0817816588344071
184.44716205455904,0.2900176008315626
184.45109759901575,0.4672081505775735
184.4550331434725,0.5269774732576039
184.45896868792929,0.7505142676728835
184.462904232386,0.8872488152198724
184.4668397768428,5.2029659268455735
184.47077532129956,3.3711117110049376
184.47471086575624,0.68951525332607
184.47864641021303,1.0612161129398368
184.48258195466977,1.9681946402053812
184.4865174991265,1.9467525630299942
184.49045304358327,0.6343290749240849
184.49438858804004,0.9125332607402965
184.4983241324968,5.210102834004831
184.50225967695357,3.655945566819402
184.50619522141028,0.5512457252943155
184.51013076586705,0.023247685941033856
184.51406631032376,0.3535236003081267
184.51800185478052,1.640097675012722
184.5219373992373,2.6714859529942805
184.52587294369405,0.7331472066312351
184.5298084881508,0.9546500025139599
184.5337440326076,2.198858548956202
184.5376795770643,0.8948920272569598
184.54161512152103,0.6195549284168499
184.5455506659778,0.3805737724625242
184.5494862104345,1.2087134915051003
184.5534217548913,1.1913966364514432
184.55735729934804,0.4663102926523649
184.5612928438048,0.1104901322090348
184.56522838826157,0.13383421264436304
184.5691639327183,0.5180032772150601
184.57309947717505,2.247239061285544
184.5770350216318,1.6490658008631465
184.58097056608852,0.3810407363907921
184.5849061105453,1.964550065575983
184.58884165500208,0.3676328361057569
184.5927771994588,1.864050369708993
184.5967127439156,2.1963343368650396
184.60064828837235,0.1032630833843628
184.60458383282904,0.21132915504411726
184.60851937728583,0.38699716894925984
184.61245492174257,1.0518480420440983
184.6163904661993,0.6661407359881157
184.62032601065607,0.15151818413640672
184.6242615551128,0.038946194529189154
184.6281970995696,0.0012273115358261682
184.6321326440263,0.10448060401201166
184.63606818848308,0.7521912055018684
184.64000373293985,1.1456582928961383
184.64393927739656,0.3699209331685497
184.6478748218533,0.2650586771725822
184.6518103663101,0.5045691882860583
184.65574591076685,0.7969325577302506
184.6596814552236,0.47619095921790555
184.66361699968036,0.06823052396017229
184.6675525441371,0.24474487900867758
184.67148808859383,0.7750230603913153
184.6754236330506,0.49741149387175526
184.6793591775073,1.2804295391528673
184.6832947219641,2.7710032368657176
184.68723026642084,1.3440253212064848
184.6911658108776,1.2704762958229834
184.69510135533437,0.9805732227792668
184.69903689979108,0.085664503621336
184.70297244424785,0.07525649797712985
184.7069079887046,0.013531756643534839
184.71084353316132,0.1207702405158478
184.7147790776181,0.10562564496650316
184.71871462207488,0.2061386327307667
184.7226501665316,0.29261518959163574
184.7265857109884,0.6928612360898815
184.7305212554451,0.24312967678013161
184.73445679990184,0.5340499503966802
184.7383923443586,1.3132179449282668
184.74232788881537,0.9768732448684707
184.7462634332721,0.550552554424073
184.75019897772887,0.7214335028797717
184.7541345221856,0.21704060778732026
184.7580700666424,0.7319220568105423
184.7620056110991,0.5986777720064296
184.76594115555588,0.5197497255838874
184.76987670001265,1.6889750824774605
184.77381224446933,0.5187223735290288
184.7777477889261,0.3310933064301348
184.7816833333829,0.30269449573074564
184.7856188778396,0.39295973047410016
184.7895544222964,1.4927611564883716
184.79348996675316,2.165123767689542
184.79742551120987,1.1788595116716123
184.80136105566663,1.8500153237200112
184.80529660012337,0.9522792587424121
184.8092321445801,0.06716802471019055
184.81316768903687,0.17440497325911675
184.81710323349364,0.9585874045787682
184.8210387779504,0.6136270528519495
184.82497432240717,0.365195581462446
184.82890986686388,0.3227302543447325
184.83284541132065,0.21534064550375104
184.83678095577736,0.40497135206232593
184.84071650023412,0.36863225184531034
184.8446520446909,0.9413335911647047
184.84858758914763,1.804147497142067
184.8525231336044,1.167501427620292
184.85645867806116,1.159129005294423
184.8603942225179,0.8244657733818939
184.86432976697463,0.23422161464776114
184.8682653114314,1.192677562147772
184.8722008558881,1.7583382211289096
184.8761364003449,1.4743622987462413
184.88007194480164,0.7144115291235881
184.8840074892584,0.15876108553942705
184.88794303371515,0.37412282839348976
184.8918785781719,0.1160583492263734
184.89581412262865,3.928125594548123
184.89974966708544,4.370199196131639
184.90368521154213,0.15253992840080732
184.9076207559989,5.163476818316049
184.9115563004557,3.9581554634037874
184.9154918449124,0.10129407423201009
184.9194273893692,2.944794913116462
184.92336293382596,0.5575734739934876
184.9272984782827,3.2116415135535257
184.9312340227394,6.176900809716818
184.93516956719617,2.340365216751393
184.9391051116529,0.6682157059441295
184.94304065610967,1.629454716323966
184.9469762005664,1.662858405715686
184.9509117450232,1.7423673173871004
184.95484728947991,2.5568846588213034
184.95878283393668,0.30096913524135316
184.96271837839345,0.6033013729186951
184.96665392285016,0.9597580638800401
184.9705894673069,0.7761433925652786
184.9745250117637,3.6531131763076496
184.97846055622043,4.543301430973115
184.9823961006772,0.7528566431912173
184.98633164513396,0.6940365720858404
184.9902671895907,1.1246937707690055
184.99420273404743,0.6442982168932676
184.9981382785042,0.3702741113603376
185.0020738229609,2.643447086223853
185.00600936741768,4.440831135197751
185.00994491187444,2.0284268908365415
185.0138804563312,0.5030474084073856
185.01781600078797,0.5810020705040413
185.02175154524468,1.6491187632364894
185.02568708970145,1.3641134924694363
185.0296226341582,0.8144535580818649
185.03355817861492,2.0108615287286438
185.0374937230717,0.8437156262407185
185.04142926752849,1.1450819093646332
185.0453648119852,1.7089317703614153
185.049300356442,0.54551363201801
185.0532359008987,0.3734059494251898
185.05717144535544,0.04596643069231882
185.0611069898122,0.8286385850681741
185.06504253426897,0.6588956489047652
185.0689780787257,0.332097933440135
185.07291362318247,0.16760766181142797
185.0768491676392,0.0019131600431227776
185.080784712096,0.21301554342224052
185.0847202565527,0.4013203842520261
185.08865580100945,0.1409984910642096
185.09259134546625,0.17854070946035125
185.09652688992296,0.6681728773993971
185.1004624343797,0.6718271661689034
185.1043979788365,0.4815814507558297
185.10833352329325,0.13490625072346343
185.11226906775,0.21780583307901577
185.11620461220676,0.5543460230682518
185.12014015666347,0.08369690757098917
185.12407570112023,0.2248594525016496
185.12801124557697,0.35122635747749714
185.1319467900337,0.3529872622956698
185.13588233449047,0.04209307228724382
185.13981787894724,0.09998299401543559
185.143753423404,0.02655513149278743
185.14768896786077,0.050405959183566156
185.15162451231748,0.03103109346905789
185.15556005677425,0.1521091558528782
185.159495601231,0.08534233118559494
185.16343114568767,0.5391510603748176
185.1673666901445,0.3068255920620289
185.17130223460123,0.11327994920104179
185.175237779058,0.2793477548665819
185.17917332351476,1.013279971614641
185.1831088679715,2.6710082228665826
185.18704441242824,1.4758914569295931
185.190979956885,0.13872613801863454
185.1949155013417,0.01430843360509562
185.1988510457985,0.1357746945698971
185.20278659025524,0.7966270184865569
185.206722134712,1.2566603579935758
185.21065767916875,0.44749920465482684
185.2145932236255,0.45756100100704605
185.21852876808225,0.3933520713497877
185.22246431253905,0.028040119957321568
185.22639985699576,0.21612035182738354
185.2303354014525,0.20530621457468173
185.2342709459093,0.22752828357142318
185.238206490366,0.1914350451909353
185.2421420348228,0.07363202398770445
185.2460775792795,0.16632766552829628
185.25001312373627,0.8935670465625956
185.253948668193,0.1977503631222013
185.25788421264977,0.6174903936546804
185.2618197571065,1.937802704789115
185.26575530156327,2.6106230151919916
185.26969084602,2.547783884065129
185.2736263904768,0.4843045412068858
185.27756193493352,0.11954604111936454
185.28149747939028,0.5586130835184926
185.28543302384705,1.1395673326270181
185.2893685683038,1.4949217667595345
185.29330411276047,1.0391041085966102
185.2972396572173,1.1704814735287055
185.30117520167403,2.218495609701914
185.3051107461308,1.6458723686860808
185.30904629058756,0.2740602963679811
185.3129818350443,0.23169454067819906
185.31691737950104,0.5586592207013908
185.32085292395777,1.165827593999545
185.3247884684145,2.7062127083562144
185.32872401287128,3.395850028536408
185.33265955732804,1.444074271472928
185.3365951017848,0.4917793274282516
185.34053064624155,1.5330605686754828
185.34446619069828,0.9474190373776232
185.34840173515505,0.9146647095821939
185.3523372796118,3.5971449765955743
185.35627282406853,2.5632669111109423
185.3602083685253,1.268606979367177
185.3641439129821,2.1464359334876026
185.3680794574388,0.5569996860802651
185.3720150018956,0.3954572193145309
185.3759505463523,1.258816347533698
185.37988609080907,1.3516495371494328
185.3838216352658,0.23842014476583226
185.38775717972257,0.5682206357301927
185.3916927241793,1.0502912252633663
185.39562826863605,0.6070887774756069
185.3995638130928,0.12536498724358502
185.40349935754955,1.798469641969593
185.40743490200632,1.230098908800644
185.41137044646305,1.0617036927080958
185.41530599091985,0.4671458071105352
185.41924153537656,0.2013708246679939
185.42317707983327,0.833601997457189
185.4271126242901,2.5306059308463564
185.43104816874683,3.5385727909891207
185.4349837132036,1.013265599608013
185.43891925766036,0.3306418179859108
185.44285480211707,0.20381788676955823
185.44679034657383,2.6019708006639597
185.45072589103057,2.278900660206136
185.4546614354873,0.492187739141759
185.45859697994408,0.42219979526792584
185.46253252440084,0.12165795216999833
185.4664680688576,0.23365339688343895
185.47040361331435,0.5531519329858834
185.47433915777108,0.18795738488063893
185.47827470222785,0.028335220821002528
185.4822102466846,0.7792188817096547
185.48614579114133,1.2069363746268302
185.4900813355981,0.6620963873794299
185.49401688005483,0.21584972481871353
185.4979524245116,1.2050784863839556
185.50188796896836,3.885854747147992
185.5058235134251,1.8535017292187272
185.50975905788184,0.022882433688751577
185.5136946023386,0.13129746698056446
185.5176301467953,0.35243420600579456
185.5215656912521,0.07117174339530709
185.52550123570884,0.3048628650182865
185.5294367801656,0.3178063628784573
185.53337232462235,0.007277545563312891
185.53730786907911,0.06474771303182425
185.54124341353585,0.3257975774280052
185.54517895799265,0.3412528301078691
185.54911450244936,0.03281155808840655
185.5530500469061,0.02906638712874632
185.5569855913629,0.27367583323064587
185.5609211358196,0.2662466972095738
185.5648566802764,0.1756485560366127
185.5687922247331,0.46209990590464345
185.57272776918987,0.30016515188933834
185.5766633136466,0.20419817683839148
185.58059885810337,0.016472630094849824
185.5845344025601,0.09297250221641566
185.58846994701688,0.6812016790945762
185.5924054914736,1.148848878978461
185.5963410359304,0.00716706827055626
185.60027658038712,1.1467315266556364
185.60421212484388,0.4137852963908241
185.60814766930065,0.749492755889923
185.6120832137574,0.47066577649003893
185.61601875821407,1.0020390263698358
185.6199543026709,1.7515548326251473
185.62388984712763,0.07881801946592826
185.6278253915844,1.2625476689040829
185.63176093604116,1.6659253562013792
185.63569648049787,0.6682654280411467
185.63963202495464,0.3473110456074293
185.64356756941137,0.24140717562453073
185.6475031138681,1.5324151855805461
185.65143865832488,2.2382664155756213
185.65537420278164,1.2705571349511162
185.6593097472384,1.3508924442500576
185.66324529169515,1.0088745159487902
185.66718083615189,0.22051745776806955
185.67111638060865,1.5363077572632446
185.6750519250654,1.3210940766701744
185.67898746952216,1.0085693944611034
185.6829230139789,0.7007742496135414
185.6868585584357,0.19513217829836668
185.6907941028924,0.15205759999742974
185.6947296473492,0.43703540122719003
185.6986651918059,2.2397261416397756
185.70260073626267,2.7979294311958043
185.7065362807194,2.8350439077723166
185.7104718251761,1.1578259712173136
185.7144073696329,0.2520375120801462
185.71834291408965,0.2652540894628202
185.7222784585464,2.9842790770256973
185.72621400300315,4.351324463754139
185.73014954745992,1.3897169163507457
185.73408509191665,0.05429650686948854
185.73802063637345,1.5494443840505916
185.74195618083016,1.5532544300099242
185.74589172528687,0.2974556919732485
185.7498272697437,0.4179889359873013
185.75376281420043,0.7946397312284802
185.7576983586572,0.6430544237458626
185.76163390311396,0.4873406736019401
185.76556944757067,0.4719399712203182
185.76950499202744,0.21126322024274632
185.77344053648417,0.932766104101132
185.7773760809409,0.8078242073542558
185.78131162539768,0.37128128458764886
185.7852471698544,0.5802701477468836
185.7891827143112,0.49403938963327304
185.79311825876792,0.29987833436191896
185.79705380322468,0.27931404249330194
185.80098934768145,0.22038325470733233
185.8049248921382,0.2676811142534444
185.80886043659493,0.41322576667835514
185.8127959810517,0.550489954781187
185.81673152550843,0.10991169771888072
185.8206670699652,0.036178888369677864
185.82460261442196,0.023255536579531142
185.8285381588787,0.36940678677027416
185.83247370333544,0.5235427799789883
185.8364092477922,0.35602505593886863
185.8403447922489,0.4389044745477503
185.8442803367057,0.7625380071191419
185.84821588116245,0.6080167967916746
185.8521514256192,0.6052614935488636
185.85608697007595,1.3794379107838903
185.86002251453272,0.23784416387590346
185.86395805898945,0.2857410690013853
185.8678936034462,0.010702621369983293
185.87182914790296,1.43527032118245
185.8757646923597,1.9049805510491935
185.8797002368165,0.21018055615662992
185.8836357812732,0.042309648536004156
185.88757132573,0.46510926082691695
185.8915068701867,1.3207160378486713
185.89544241464347,0.41957376148491216
185.8993779591002,0.1499931840205929
185.90331350355697,0.21373958681334615
185.9072490480137,0.17594511390625783
185.91118459247048,0.14243629242166217
185.9151201369272,0.8551434968463508
185.919055681384,0.8815712265423558
185.92299122584072,0.2219370350298747
185.92692677029748,0.05080598532935613
185.93086231475425,0.17171854653101787
185.934797859211,0.810082682068543
185.93873340366773,1.1481093112304526
185.9426689481245,0.5564653359161432
185.94660449258123,0.10054977399208538
185.950540037038,1.5733614740244208
185.95447558149476,2.5534405337157735
185.95841112595147,2.3360585581183377
185.96234667040824,1.2059000627168621
185.96628221486495,0.48805383053171314
185.9702177593217,0.8043278792433153
185.97415330377848,1.058282095500427
185.97808884823525,0.3951849376147969
185.982024392692,0.025660355071843
185.98595993714875,0.24622634742767335
185.9898954816055,1.3991610086885722
185.99383102606225,3.081667118965342
185.997766570519,1.2328452580938822
186.00170211497576,0.2539283966090363
186.0056376594325,1.5568476090791303
186.0095732038893,1.5097845592949413
186.013508748346,0.36051004441976514
186.0174442928028,0.46363851089406666
186.0213798372595,1.6811889641734534
186.02531538171624,1.3719950135288816
186.029250926173,0.5233013052789924
186.03318647062972,0.3202936086739635
186.0371220150865,0.20060414341198707
186.04105755954325,0.7122554015203787
186.044993104,0.019140890464131692
186.04892864845675,1.365365160060001
186.05286419291352,1.2336829031782837
186.05679973737023,0.17962051687078007
186.06073528182705,1.3638314003246303
186.06467082628376,0.40076982746713197
186.06860637074053,3.2329136414836137
186.0725419151973,2.298659214172366
186.07647745965403,0.3580009089986376
186.0804130041108,0.1891484455690596
186.08434854856756,0.012431747231837296
186.08828409302427,0.23951432587869811
186.09221963748104,1.7413294818825482
186.09615518193775,1.8323859295248774
186.1000907263945,1.8248285379289682
186.10402627085128,2.4734480388081552
186.107961815308,1.6370046649803496
186.1118973597648,0.5120507943422817
186.11583290422152,0.1662694029829468
186.1197684486783,1.2095188250511988
186.12370399313505,3.431440604342986
186.1276395375918,1.9271584764401903
186.13157508204853,0.44841624168129285
186.1355106265053,0.4244094820696364
186.13944617096203,2.1068112764411437
186.1433817154188,2.0745971447528087
186.14731725987556,0.1500652216496625
186.1512528043323,1.3562209541930181
186.15518834878904,0.5840054224151229
186.1591238932458,2.0654894911636204
186.16305943770251,1.0785469496390774
186.1669949821593,0.029517724591759654
186.17093052661605,0.16736366668968194
186.1748660710728,0.3337323433915529
186.17880161552955,1.380525289726992
186.1827371599863,0.5519875741836769
186.18667270444303,0.12269901171968266
186.1906082488998,0.4358764253228251
186.19454379335656,0.07405487023889659
186.1984793378133,0.45936003843837153
186.2024148822701,0.9958285212204091
186.2063504267268,1.1790429468736534
186.2102859711836,0.8067645695041857
186.2142215156403,1.1863289687243352
186.21815706009707,0.20634939216613718
186.2220926045538,0.1112624857389706
186.22602814901057,0.1442116122791485
186.2299636934673,0.17757622627703754
186.23389923792408,0.10068456921110194
186.2378347823808,0.5569232138600019
186.2417703268376,0.10291883918082684
186.24570587129432,0.8993249307178249
186.24964141575109,0.4916210981900784
186.25357696020785,0.22081086586460744
186.25751250466456,0.07911406265090877
186.26144804912133,0.7871351194224433
186.2653835935781,1.0234361842309525
186.26931913803483,0.00988698187188797
186.2732546824916,0.8821833815275077
186.27719022694836,0.7677727660658878
186.28112577140507,1.4081103713165015
186.28506131586184,2.2549525610109074
186.28899686031855,1.1903884481556417
186.2929324047753,0.10675215978684147
186.29686794923208,0.01406521350444724
186.30080349368885,0.09378247196902657
186.3047390381456,0.8060366309963812
186.30867458260235,1.837226143258017
186.3126101270591,1.5319116486316742
186.31654567151585,1.320041333440436
186.3204812159726,0.19522278264514473
186.32441676042936,1.244149989760007
186.3283523048861,2.510824741883919
186.33228784934283,0.9737117690896565
186.3362233937996,0.7917552621875055
186.34015893825637,0.2904313943859268
186.3440944827131,0.14281378991525828
186.34803002716984,0.47822263298949985
186.3519655716266,0.40577494644266815
186.35590111608332,1.4593761435897041
186.3598366605401,1.915145194977934
186.36377220499685,0.1743250350606641
186.3677077494536,1.7012251682354378
186.37164329391035,3.561161110488655
186.37557883836712,1.6756329203474423
186.37951438282383,1.088426762472559
186.38344992728065,1.490907135569826
186.38738547173736,0.27114414557081334
186.39132101619413,0.03493290638052928
186.3952565606509,0.22139343760451274
186.39919210510763,0.22308010409334295
186.4031276495644,0.17371616925469838
186.40706319402116,0.9479224699375822
186.41099873847787,0.20984038153065143
186.4149342829346,0.6434093455468782
186.41886982739135,2.0531205930428027
186.4228053718481,0.7231416247462797
186.42674091630488,0.17277999072440262
186.4306764607616,0.3285227194282145
186.4346120052184,0.013431495190990928
186.43854754967512,0.0024460646719472743
186.4424830941319,0.516052169102881
186.44641863858865,0.8494495691810396
186.4503541830454,0.05055672793036758
186.45428972750213,0.07993997364247583
186.4582252719589,0.3988932676069945
186.46216081641563,1.2205643828343846
186.4660963608724,0.2532581922639419
186.47003190532917,0.9807707212669857
186.4739674497859,0.40662692613436907
186.47790299424264,1.1398729916246233
186.4818385386994,2.288363659205304
186.48577408315612,0.5031395386605795
186.48970962761288,0.2607859453926443
186.49364517206965,0.7250407284670684
186.4975807165264,1.3460670392646785
186.50151626098315,1.5407347287168944
186.5054518054399,1.0898251299557524
186.50938734989663,0.5473881050509912
186.5133228943534,0.11525161639588895
186.51725843881016,0.15403022359109095
186.5211939832669,0.2893039860147017
186.5251295277237,0.07611595766817983
186.5290650721804,0.43627902765444276
186.5330006166372,2.8973256356597474
186.5369361610939,2.8726334220279055
186.54087170555067,0.3060964317158583
186.5448072500074,0.19730761874521002
186.54874279446415,0.30054564309680715
186.5526783389209,0.27672549647213984
186.55661388337768,1.4124939616213914
186.5605494278344,1.8955295531083691
186.5644849722912,0.09881342194641754
186.56842051674792,1.1609564034692996
186.57235606120463,0.29032417727494153
186.57629160566145,1.7982938934653365
186.58022715011816,3.8748289840203163
186.58416269457493,2.1385726217838252
186.58809823903167,4.112549941890609
186.59203378348843,2.8814799677093745
186.5959693279452,0.1505017567378053
186.59990487240196,0.4982492711629757
186.60384041685867,1.778072371581824
186.60777596131544,2.1579840656375513
186.61171150577215,0.2522330044361677
186.61564705022892,1.1833917052001448
186.61958259468568,2.159196129616053
186.62351813914245,0.05503459422157531
186.6274536835992,1.2963983642838401
186.63138922805595,0.30117742000760434
186.6353247725127,0.6160221884970759
186.63926031696943,0.7192259755350008
186.6431958614262,0.510044654248249
186.64713140588293,0.9940710071421919
186.6510669503397,0.024668796799569417
186.65500249479643,0.3560181225666759
186.6589380392532,0.10140553461859765
186.66287358370997,0.06934915169413217
186.6668091281667,0.21198899829523507
186.67074467262344,0.8407904568379185
186.6746802170802,0.600668387791939
186.67861576153692,0.16000556894276835
186.6825513059937,0.31491411464930513
186.68648685045045,0.3719253554436705
186.6904223949072,0.5642916970639511
186.69435793936395,0.8876324536981453
186.69829348382072,0.39198697887070455
186.70222902827743,0.030428010155160518
186.70616457273425,0.03621796590844915
186.71010011719096,0.17142327888694137
186.71403566164773,0.1933803079675813
186.7179712061045,0.0009096409968368343
186.72190675056123,0.2892196468551693
186.725842295018,0.8675817075388114
186.7297778394747,1.2858934724673248
186.73371338393147,0.814038313708589
186.7376489283882,0.10827258497927315
186.74158447284495,0.034165036799030254
186.7455200173017,0.12618300082449263
186.74945556175848,0.051556687634178956
186.7533911062152,0.2964650151166788
186.757326650672,0.6967432731537654
186.76126219512872,0.32692056364497524
186.7651977395855,0.6179460231014944
186.76913328404223,1.1456495047001811
186.773068828499,2.3735414692993118
186.77700437295573,0.5451908847590363
186.7809399174125,0.871150337537691
186.78487546186923,1.6821525523607221
186.788811006326,0.7473510032376844
186.79274655078277,1.3503459009357501
186.7966820952395,0.18899640303467372
186.80061763969624,1.659133047454452
186.80455318415295,0.14879477621973664
186.80848872860972,1.4879746404614278
186.81242427306648,1.7369012918802782
186.81635981752325,0.44693118862535525
186.82029536198,0.2257919194068634
186.82423090643675,0.2929663979398877
186.8281664508935,0.08921583213488854
186.83210199535023,0.3238005860364716
186.836037539807,0.7333136596715533
186.83997308426376,1.4144294878464563
186.8439086287205,0.99455626879163
186.8478441731773,1.1096219125558369
186.851779717634,2.6489614459163913
186.8557152620908,0.6379149637340603
186.8596508065475,0.22247167182596014
186.86358635100427,1.0352908083548764
186.867521895461,0.5111590487092897
186.87145743991775,0.09210460064939388
186.8753929843745,0.48309427476927363
186.87932852883125,0.7400169036979571
186.883264073288,1.8993277385477914
186.8871996177448,0.3741556639609478
186.89113516220152,0.4001186413954152
186.89507070665823,0.6788559805742579
186.89900625111505,0.3537438643823623
186.90294179557176,0.7916383746262539
186.90687734002853,1.4004178086086352
186.91081288448527,1.4445294145969805
186.91474842894203,0.563686071738561
186.9186839733988,0.017713539565907006
186.92261951785557,0.18125967021743386
186.92655506231227,0.4938088021266709
186.93049060676904,0.48719548348647207
186.93442615122575,0.2998683831831311
186.93836169568252,0.0630299329896595
186.94229724013928,0.8330291679479139
186.94623278459605,0.5428176375679908
186.9501683290528,0.3387111509919005
186.95410387350955,0.5351867641634376
186.9580394179663,0.326075588181237
186.96197496242303,1.2069471553829207
186.9659105068798,0.2951971260690757
186.96984605133653,0.44037935684008606
186.9737815957933,0.06230621099867072
186.97771714025004,0.6741887853870261
186.9816526847068,1.1885413728998195
186.98558822916357,0.6392109440555636
186.9895237736203,0.2636984728785125
186.99345931807704,0.45316931928919973
186.9973948625338,0.936520963229624
187.00133040699052,0.5200655786713018
187.0052659514473,0.6347073218282288
187.00920149590405,1.577456736209003
187.0131370403608,1.1230112371487138
187.0170725848176,0.16587742843393177
187.02100812927432,0.02012957093910449
187.02494367373103,1.1300103103708956
187.02887921818785,2.359606187348195
187.03281476264456,0.6687168376622983
187.0367503071013,0.11684067198218318
187.04068585155807,0.45786111826138326
187.0446213960148,0.019345740266246192
187.0485569404716,0.22274262198656872
187.0524924849283,0.023233572885626837
187.05642802938507,0.6640422374364334
187.0603635738418,0.9722905939298901
187.06429911829855,0.10090007508160077
187.0682346627553,2.5157779138860534
187.07217020721208,3.048469698618746
187.0761057516688,0.8027014776748228
187.0800412961256,0.0625748142720837
187.08397684058232,0.19894636023402562
187.0879123850391,0.40653798875661656
187.09184792949583,0.8582648165357015
187.0957834739526,1.1466965440542372
187.09971901840933,1.2249794687867057
187.1036545628661,0.5645604915950571
187.10759010732284,0.21326292652731407
187.1115256517796,0.8759550085023352
187.11546119623637,1.5512707079703434
187.11939674069308,2.369199008731485
187.12333228514984,2.399758862847384
187.12726782960655,1.7299209573629573
187.13120337406332,0.4149837961534009
187.13513891852008,0.43110655341850157
187.13907446297685,0.5730889662053285
187.1430100074336,0.9284910999423398
187.14694555189035,0.8044522736034229
187.1508810963471,2.2015370873751445
187.15481664080383,0.47944204195813817
187.1587521852606,5.434576361594775
187.16268772971736,3.4951804760627043
187.1666232741741,1.1930713869469618
187.17055881863087,3.893380203638253
187.1744943630876,1.2609424262549853
187.1784299075444,1.7440832642134296
187.1823654520011,0.5857960350854059
187.18630099645787,2.5442629384518627
187.1902365409146,0.8879188876645924
187.19417208537132,1.2187708537168573
187.1981076298281,0.7572844616506359
187.20204317428485,1.8520404805584767
187.2059787187416,2.1812718559033777
187.2099142631984,1.0276072603418036
187.21384980765512,0.674352363450334
187.21778535211183,0.46936720070657784
187.22172089656863,2.6031744539028456
187.22565644102536,0.8667476600214837
187.22959198548213,0.7797525320691489
187.23352752993887,0.5487781001226748
187.23746307439563,0.31563917820013526
187.2413986188524,0.21276395894724334
187.24533416330917,0.312764682333022
187.24926970776588,0.26733785863737725
187.25320525222264,0.8641869600613433
187.25714079667935,2.8127509068744567
187.26107634113612,2.1908002558957684
187.26501188559288,0.7280219116032091
187.26894743004965,0.521475082476321
187.2728829745064,0.07221903387197379
187.27681851896315,0.9093303730952974
187.2807540634199,2.4195576737306785
187.28468960787663,0.3820990677231835
187.2886251523334,0.9332353541583914
187.29256069679013,2.1312568473792814
187.2964962412469,0.4453322047538625
187.30043178570364,0.4194830769799855
187.3043673301604,0.3617738185123295
187.30830287461717,0.08029520085538591
187.3122384190739,0.180915863936482
187.31617396353064,0.5966234407668879
187.3201095079874,1.3005318882405459
187.32404505244412,0.4261778779401726
187.3279805969009,0.34147650860538875
187.33191614135765,1.009663077791412
187.3358516858144,0.7624526809917337
187.3397872302712,0.7265957687579488
187.34372277472792,0.4357039774789104
187.34765831918463,0.35472677678192327
187.3515938636414,0.36404233018246535
187.35552940809816,0.14143550319097228
187.3594649525549,0.01795913677190835
187.36340049701167,0.009933690816752877
187.3673360414684,0.07737288815511308
187.3712715859252,0.4969086683960382
187.3752071303819,0.8648598457161496
187.37914267483868,0.384509296431313
187.3830782192954,0.08151901301499712
187.38701376375215,0.42432311667381517
187.3909493082089,0.9070441009273604
187.39488485266568,0.44779366270157717
187.3988203971224,0.008588677853888215
187.4027559415792,0.021265775554202657
187.40669148603592,0.02446585134594316
187.4106270304927,0.03348395843526007
187.41456257494943,0.6377334058902103
187.4184981194062,1.7801785869693236
187.42243366386293,0.9495969815262904
187.42636920831967,0.2694232617516989
187.43030475277644,0.29630840743040604
187.4342402972332,0.3034156791954869
187.43817584168997,0.7358280711040824
187.44211138614668,1.6112330150218632
187.44604693060344,0.3254886210051865
187.44998247506015,0.862014816025382
187.45391801951692,1.3997298759761212
187.45785356397369,1.7032889041202641
187.46178910843045,4.057271951648933
187.4657246528872,1.1711616850162414
187.469660197344,0.28586201332815175
187.4735957418007,1.2786568131589005
187.47753128625743,1.1132607917559736
187.4814668307142,1.0194765148390887
187.48540237517096,0.5526386850790196
187.4893379196277,0.11059991836079656
187.49327346408447,2.4339051608159417
187.4972090085412,3.561095389564863
187.501144552998,0.005721254677107228
187.5050800974547,4.613490047630095
187.50901564191145,4.143033342272843
187.5129511863682,0.02369493833639622
187.51688673082492,1.7021265116631328
187.5208222752817,1.7946999136703987
187.52475781973845,6.313787587996726
187.5286933641952,3.4715984520146366
187.532628908652,0.9598762126352033
187.53656445310872,0.6123187532004527
187.54049999756543,0.4091179540837926
187.54443554202223,1.2277543491436183
187.54837108647897,0.3075864568390045
187.55230663093573,2.14620044779722
187.55624217539247,2.55128293690313
187.56017771984924,1.1530774647349717
187.564113264306,0.3699934049398101
187.56804880876277,2.8697717363922863
187.57198435321948,1.3189411547321273
187.57591989767624,0.6691256411072306
187.57985544213295,3.219416258805477
187.5837909865897,0.3003883551794237
187.58772653104648,1.3115512367300122
187.5916620755032,1.8561928981766551
187.59559761996,1.5412000642736698
187.59953316441675,0.7136994181068008
187.6034687088735,2.10147481227638
187.60740425333023,2.9995279384476485
187.611339797787,1.8342317211813781
187.6152753422437,3.4921784230932302
187.6192108867005,4.632419773797092
187.62314643115724,3.589641723444439
187.627081975614,1.0295713983016765
187.63101752007077,1.679555449666816
187.6349530645275,0.3761786933145921
187.63888860898425,0.46066803689564817
187.642824153441,0.7997211950573515
187.64675969789772,2.673930593978635
187.6506952423545,0.9282752765531743
187.65463078681125,0.7632282156489449
187.658566331268,0.899558254025088
187.6625018757248,0.6651128630982355
187.6664374201815,0.8820769252175441
187.67037296463823,0.33524472642177927
187.674308509095,1.823203632559076
187.67824405355177,0.7334676417110559
187.6821795980085,0.018648220344885197
187.68611514246527,0.15241975521193823
187.690050686922,0.037001409200866524
187.6939862313788,0.04732673986913157
187.6979217758355,0.13615194070374498
187.70185732029228,0.41437243237317145
187.705792864749,1.5497537208899597
187.70972840920575,1.3188402263103167
187.7136639536625,0.29597297141593226
187.71759949811928,1.1440788870893854
187.721535042576,1.3522503563111776
187.7254705870328,0.6745194171867114
187.72940613148955,0.44747447765742304
187.7333416759463,1.0615624320505814
187.73727722040303,1.7701234963584032
187.74121276485977,1.3081179153237892
187.74514830931653,0.5136615646017995
187.74908385377327,0.8412310680416012
187.75301939823004,1.025034012833215
187.7569549426868,1.5527928849435895
187.76089048714357,0.2902735039610154
187.76482603160028,0.8219518611479316
187.76876157605705,2.3202385935669594
187.77269712051375,1.1850216393393158
187.77663266497052,0.03916716782608329
187.7805682094273,0.609880285885565
187.78450375388405,0.8536251811782932
187.7884392983408,0.18058412768382465
187.7923748427976,0.06091725024671595
187.7963103872543,0.48977406033806486
187.80024593171103,0.7584684838246223
187.8041814761678,0.7068244605650637
187.80811702062456,0.0720465428324958
187.8120525650813,0.2649304431651377
187.81598810953807,0.05250104198217492
187.8199236539948,0.9439866241603523
187.82385919845157,2.01072936737921
187.8277947429083,0.588140176213791
187.83173028736505,0.2004824405489953
187.8356658318218,0.24362337961720187
187.83960137627852,1.8006308709691845
187.8435369207353,2.400141365216187
187.84747246519208,0.1841934040635529
187.8514080096488,0.6575659275756931
187.8553435541056,1.4260816892448755
187.85927909856235,2.6003321259750525
187.86321464301903,1.4660035263985047
187.86715018747583,0.0026597041362684815
187.87108573193257,0.5215038111446126
187.87502127638933,0.9984869820209118
187.87895682084607,1.1658619060878521
187.88289236530284,0.29787297409696434
187.8868279097596,0.38582132151386606
187.89076345421637,1.2278873207046732
187.89469899867308,0.4296119564949295
187.89863454312984,0.08148089846408389
187.90257008758655,0.11115816930314526
187.9065056320433,0.44001345373043216
187.9104411765001,0.9161238393119805
187.9143767209568,0.057736943839693085
187.9183122654136,0.4305493615575516
187.92224780987036,0.19700393865538246
187.9261833543271,0.22199289689368354
187.93011889878383,0.8554387524918318
187.9340544432406,0.7571687905888957
187.9379899876973,0.20003921059790386
187.9419255321541,0.29577045365760213
187.94586107661084,0.5646383524057612
187.9497966210676,0.5172410933986749
187.95373216552437,0.5396034071934819
187.9576677099811,0.4348587394284524
187.96160325443785,0.02966114011359497
187.9655387988946,0.34454619952659343
187.96947434335132,1.3115872530757675
187.9734098878081,0.9446566244835611
187.97734543226483,0.15862365256759606
187.9812809767216,0.3646362029330025
187.9852165211784,0.6532133672311755
187.9891520656351,1.0977134662260728
187.99308761009183,0.503155917433284
187.9970231545486,0.21541546697166802
188.00095869900537,0.1594041007072199
188.0048942434621,0.049809805818197446
188.00882978791887,0.7824951218481722
188.0127653323756,0.8794602705644279
188.0167008768324,0.4826661507845132
188.0206364212891,0.7482185481418607
188.02457196574588,1.9218418927363825
188.02850751020264,1.6646943492150574
188.03244305465935,0.8178126382730824
188.0363785991161,3.8393213640960324
188.04031414357289,3.1315423639051336
188.0442496880296,0.31325873702581364
188.0481852324864,0.9378570225390246
188.05212077694316,2.3304565116173497
188.05605632139984,2.8865444369259223
188.05999186585663,2.7188185895387154
188.06392741031337,1.4631592277759273
188.0678629547701,0.14737082648693994
188.07179849922687,1.2917947164570192
188.07573404368364,1.101135301987301
188.0796695881404,0.24917086360189208
188.08360513259717,0.6017831221495132
188.08754067705388,0.22816927006446994
188.09147622151065,0.67905260261765
188.09541176596736,0.7951295569913116
188.09934731042412,2.171140492848137
188.1032828548809,0.7329970188597058
188.10721839933765,0.18380932926335095
188.1111539437944,0.561475646071525
188.1150894882512,0.41321767247655816
188.1190250327079,0.42434148927961635
188.12296057716463,0.6676666716462546
188.1268961216214,0.9500445160295359
188.1308316660781,0.6532178753920089
188.1347672105349,1.2665924017701484
188.13870275499164,0.4013327745045268
188.1426382994484,0.10302956221032564
188.14657384390517,1.1636278198925392
188.1505093883619,3.53270733563042
188.15444493281865,1.607669065579587
188.1583804772754,0.005410301856125717
188.16231602173212,0.1291217124236475
188.1662515661889,0.3385185344277879
188.17018711064568,0.6281931829133158
188.1741226551024,1.4806484161590165
188.1780581995592,2.0644288391759726
188.18199374401595,0.15952090213496972
188.18592928847264,5.323820673415587
188.18986483292943,5.264028030380743
188.19380037738617,0.867726932538928
188.19773592184293,0.5644311364310025
188.20167146629967,0.9088262577625387
188.20560701075644,1.528356668162866
188.2095425552132,0.3261871925344256
188.2134780996699,0.6763977243019629
188.21741364412668,1.7874645935333806
188.22134918858345,0.93426175284421
188.22528473304016,0.06980673636870263
188.2292202774969,0.6302005312325895
188.2331558219537,1.0137397830492136
188.23709136641045,0.4958469835794168
188.2410269108672,0.5581576025111673
188.24496245532396,1.539018648543621
188.2488979997807,1.1376718751449069
188.25283354423743,0.335203892756659
188.2567690886942,1.416131902730266
188.2607046331509,0.40377765713190455
188.2646401776077,2.5255793533986473
188.26857572206444,4.814092174410927
188.2725112665212,1.6017753813661788
188.27644681097797,0.48836183445538944
188.2803823554347,1.174226486306641
188.28431789989145,1.0562645651846625
188.2882534443482,1.404701929011841
188.29218898880492,2.506326076199289
188.2961245332617,1.5023722735830882
188.30006007771848,0.8262662289420895
188.3039956221752,0.9225826997844093
188.307931166632,0.20468492231350632
188.3118667110887,0.49590056226939905
188.31580225554544,1.6769838473398526
188.3197378000022,2.3899976210370624
188.32367334445897,2.325786800271873
188.3276088889157,3.4795768219803036
188.33154443337247,2.128007949614771
188.3354799778292,0.1951320723849945
188.339415522286,3.0625349041482823
188.3433510667427,2.0199889916947966
188.34728661119948,0.10747285696028268
188.35122215565625,0.42839537738985056
188.35515770011295,4.521906920322684
188.3590932445697,8.317045723170578
188.3630287890265,4.63796426209507
188.3669643334832,1.5663235472567136
188.37089987794,2.8398474802590803
188.37483542239676,3.414802218312992
188.37877096685347,1.9516324985966842
188.38270651131023,0.8304181665563742
188.38664205576697,0.9167972868939813
188.3905776002237,1.168369053690439
188.39451314468047,0.25644966648789946
188.39844868913724,0.807016986732527
188.402384233594,2.938944565454007
188.40631977805077,1.2354481685127627
188.41025532250748,0.07048481971128773
188.41419086696425,0.8840724686142813
188.41812641142096,0.3950990419403836
188.42206195587772,0.012664867128181476
188.4259975003345,0.2987882061632742
188.42993304479128,0.9763236816417961
188.433868589248,1.3875090475577003
188.4378041337048,0.652342013107588
188.4417396781615,0.03030705922713783
188.44567522261823,0.3440009993644251
188.449610767075,0.6835247455715536
188.4535463115317,0.7602924960519652
188.4574818559885,0.055817886627196736
188.46141740044524,1.5609218768048314
188.465352944902,0.9170666086787138
188.46928848935875,0.9247501171015808
188.4732240338155,1.0372783050473309
188.47715957827225,0.36156247720046725
188.48109512272904,1.6030122517109655
188.48503066718573,0.7527022884722337
188.4889662116425,0.5989625239803006
188.4929017560993,0.42085629896705373
188.496837300556,0.014855234327744514
188.5007728450128,0.3712980405112852
188.50470838946956,1.432335367979355
188.5086439339263,3.124145599106704
188.51257947838303,1.8203703018372037
188.51651502283977,0.037465532469376166
188.5204505672965,1.468662726183176
188.52438611175327,1.9641128653570163
188.52832165621,0.4290976856549911
188.5322572006668,1.1126710987538204
188.53619274512351,2.2250423703643727
188.54012828958028,0.6863893612343543
188.54406383403705,0.06363954107540351
188.54799937849376,0.2844536990264149
188.5519349229505,0.11354809387111049
188.5558704674073,0.565360481301161
188.55980601186403,0.5047900042278339
188.5637415563208,1.270356488261268
188.56767710077756,1.2979703237561213
188.5716126452343,0.3587253787370925
188.57554818969103,0.32365877195536996
188.5794837341478,0.5873677587425133
188.5834192786045,0.9033044317137601
188.5873548230613,0.6277942251961185
188.59129036751804,0.09373340451642102
188.5952259119748,0.17645067160558267
188.59916145643157,0.27427628676899757
188.60309700088828,0.1655599624389014
188.60703254534505,0.8376059914017987
188.6109680898018,0.29347206899114436
188.61490363425852,0.16136346387764822
188.6188391787153,0.31374961773815363
188.62277472317209,0.14618690828213854
188.6267102676288,0.030502597444016403
188.6306458120856,0.765447538409303
188.6345813565423,0.7168136563204718
188.63851690099904,0.01339365681808197
188.6424524454558,0.25275806424153885
188.64638798991257,0.16334038873078702
188.6503235343693,0.3858168727981516
188.65425907882607,0.12962790488042272
188.6581946232828,0.7152573762383525
188.6621301677396,0.4706217077921845
188.6660657121963,0.3899085164904936
188.67000125665308,0.011940328218862869
188.67393680110985,0.3502113877014977
188.67787234556656,0.17463187234030056
188.6818078900233,1.1781894441281953
188.6857434344801,1.5328647862228733
188.68967897893685,0.04732146539645737
188.6936145233936,0.4974814060569279
188.69755006785036,0.4734791537568072
188.70148561230707,0.0617525606587919
188.70542115676383,0.05494068125351023
188.70935670122057,0.3102894837845092
188.7132922456773,0.16168060744701374
188.71722779013407,0.10190808574922319
188.72116333459084,0.5509986479189645
188.7250988790476,0.054413270826002474
188.72903442350437,0.6408761453233637
188.73296996796108,1.3167532919490137
188.73690551241785,0.33136846499285383
188.7408410568746,0.04604932719560082
188.74477660133132,0.042504674104130204
188.7487121457881,0.597494076775851
188.75264769024488,0.5341117929144745
188.7565832347016,0.06374766603577967
188.76051877915836,0.06179956733595694
188.7644543236151,0.26556090386499137
188.76838986807184,0.45070624908646617
188.7723254125286,0.36678086267502275
188.7762609569853,0.9592687271476876
188.7801965014421,0.8132523584981517
188.78413204589884,0.3492298364471922
188.7880675903556,0.8114146563635902
188.79200313481235,2.5435773814372094
188.7959386792691,2.9455012851056233
188.79987422372585,0.9582943284327519
188.80380976818265,0.39303960807700383
188.80774531263936,0.29254238985811615
188.8116808570961,0.4633851692882192
188.8156164015529,0.14215240486078692
188.8195519460096,0.2969101152630001
188.8234874904664,0.2979318344194049
188.82742303492316,0.37704317853404945
188.83135857937987,1.656017279427198
188.8352941238366,1.1481135317997666
188.83922966829337,0.3719053132289406
188.8431652127501,0.6474229901883634
188.84710075720687,0.029433345779713398
188.8510363016636,1.0718392590522783
188.8549718461204,0.6770411441333269
188.85890739057712,0.03459429183487175
188.86284293503388,0.10015518489828133
188.86677847949065,0.2301868126317658
188.8707140239474,0.221829380194727
188.87464956840407,0.5089174141732704
188.8785851128609,1.4196094655091198
188.88252065731763,2.8488733799517427
188.8864562017744,2.1190817785132507
188.89039174623116,0.905476317100947
188.8943272906879,1.0131011284660472
188.89826283514464,0.35686066438299846
188.9021983796014,0.5801983349271653
188.9061339240581,1.9896095700391598
188.9100694685149,0.9676811444458878
188.91400501297164,0.4267339739206982
188.9179405574284,0.8095325223498656
188.92187610188515,0.06567761164164726
188.92581164634188,1.149189083622056
188.92974719079865,0.9758665622233885
188.9336827352554,0.1198519136342693
188.93761827971213,0.04978303966899956
188.9415538241689,0.09459117767019008
188.9454893686257,1.0486450318831924
188.9494249130824,1.7084692809357134
188.9533604575392,0.40278616257388056
188.9572960019959,0.09102196855326028
188.96123154645267,0.0019137577494415217
188.9651670909094,0.11549783575592627
188.96910263536617,0.1073726974840905
188.9730381798229,0.5334528365764187
188.97697372427967,0.08987192152581448
188.9809092687364,0.7947409223512782
188.9848448131932,1.2337231840903304
188.98878035764992,0.3212430565404019
188.99271590210665,0.11182316459713977
188.99665144656345,0.5988913380731209
189.00058699102016,1.2659462074716936
189.00452253547687,0.8829045007732352
189.0084580799337,0.15491594055790325
189.01239362439043,1.9401343561120261
189.0163291688472,2.0073468169427566
189.02026471330396,0.591435468934572
189.02420025776067,0.08086009458011721
189.02813580221743,0.06297390797213383
189.03207134667417,0.07246510020540806
189.0360068911309,0.7421499506920591
189.03994243558768,1.1650420608672722
189.04387798004444,0.17674485073477916
189.0478135245012,0.37962327290987413
189.05174906895795,1.7113738855977596
189.05568461341468,1.852001589338047
189.05962015787145,0.7419251429586409
189.0635557023282,0.010395403818235909
189.06749124678493,0.21556545646779748
189.0714267912417,0.2383788847519801
189.07536233569843,0.2704581581267941
189.0792978801552,1.0395258734338397
189.08323342461196,2.208393440754448
189.0871689690687,1.4494620506373228
189.09110451352544,0.17190136146248544
189.0950400579822,0.2189703871591634
189.0989756024389,0.8086549303360628
189.1029111468957,0.6482743385728968
189.10684669135244,0.5075444168698179
189.1107822358092,0.7175663763569972
189.11471778026595,0.7541688521800016
189.11865332472271,1.2728231614616161
189.12258886917945,0.43529851880537773
189.12652441363625,0.5281053827670079
189.13045995809296,0.600997680330106
189.1343955025497,0.46460065641566634
189.1383310470065,1.4071164238204577
189.14226659146323,0.4987165489515765
189.14620213592,0.027163980230009148
189.1501376803767,0.3352781790389153
189.15407322483347,0.7675261521927494
189.1580087692902,0.5945478135729584
189.16194431374697,0.11808226049137803
189.1658798582037,0.5395014256651252
189.16981540266048,1.4726452622780752
189.1737509471172,0.5208373101715486
189.177686491574,0.18557017091909517
189.18162203603072,0.5565471588585647
189.18555758048748,0.36776636223202025
189.18949312494425,0.5149276672823504
189.193428669401,1.20443750777336
189.19736421385767,2.959765104690804
189.2012997583145,1.1527572499594887
189.20523530277123,0.8118727171429879
189.209170847228,0.9556930811648069
189.21310639168476,0.8180566631978431
189.2170419361415,1.5763741303665573
189.22097748059824,0.3435299596379648
189.22491302505497,1.3379560205052983
189.2288485695117,1.4510401724919872
189.23278411396848,0.20817899936995515
189.23671965842524,0.5912859195727704
189.240655202882,0.0147277580846701
189.24459074733875,0.4531490381062048
189.24852629179549,0.25689780073019786
189.25246183625225,0.4593258102034779
189.256397380709,1.326633409114342
189.26033292516576,1.1960257346426029
189.2642684696225,0.24838472310342422
189.2682040140793,0.09938828983365885
189.272139558536,0.2951286330319714
189.2760751029928,0.9253069861877954
189.2800106474495,2.897285363363227
189.28394619190627,1.5728956488122185
189.287881736363,0.42772180566570145
189.29181728081977,3.1852775082429385
189.2957528252765,2.203083731615233
189.29968836973327,0.6504136491309155
189.30362391419,1.3323815075437855
189.30755945864675,1.150023820128051
189.31149500310352,0.8537254253087235
189.31543054756025,0.6911644381580959
189.31936609201705,0.424594508831399
189.32330163647376,0.5420221419540693
189.32723718093047,0.84057647564489
189.3311727253873,0.5544687237757768
189.33510826984403,0.23067849090430564
189.3390438143008,0.1131356059495013
189.34297935875756,0.02848631575303621
189.34691490321427,0.3978486138027577
189.35085044767104,1.1819998360738726
189.35478599212777,0.9876285481588287
189.3587215365845,0.011926341596143628
189.36265708104128,0.9548708315713356
189.36659262549804,2.066317246599308
189.3705281699548,0.7524112581643796
189.37446371441155,0.34033401799678165
189.37839925886828,2.8057509011365775
189.38233480332505,2.362762882072325
189.3862703477818,0.401219108863336
189.39020589223853,0.810022017063447
189.3941414366953,1.5867268116000677
189.39807698115203,1.429968913396244
189.4020125256088,0.4794653449122935
189.40594807006556,0.032002510407977386
189.4098836145223,0.39392995542510706
189.41381915897904,0.01082131267277677
189.4177547034358,1.9648791267462011
189.4216902478925,3.209441702063325
189.4256257923493,0.9290939505726739
189.42956133680605,0.1278408186423472
189.4334968812628,0.14843007742435613
189.43743242571955,1.1660858014709092
189.44136797017632,2.5722101685683474
189.44530351463305,2.8370203617136385
189.44923905908985,2.345113322176101
189.45317460354656,3.3784836508246667
189.45711014800327,4.899673282920727
189.4610456924601,3.677356897130519
189.4649812369168,3.185472440735312
189.4689167813736,1.1878255333551915
189.4728523258303,0.36849879390609225
189.47678787028707,2.401179465301417
189.4807234147438,1.8272056519819229
189.48465895920057,2.3044098076164907
189.4885945036573,2.415913639258606
189.49253004811408,0.5349535338913146
189.4964655925708,0.34167396314096343
189.5004011370276,3.3865953686329666
189.50433668148432,4.909916650862652
189.50827222594108,1.7465787877301668
189.51220777039785,0.23950891549134953
189.5161433148546,1.0968424083478212
189.52007885931133,0.4758248876847956
189.5240144037681,1.8573942992136259
189.52794994822483,1.9955915674647229
189.5318854926816,0.24414808052968504
189.53582103713836,0.7597611675488206
189.53975658159507,0.3962771679755337
189.54369212605184,0.48723916546636875
189.54762767050855,0.8547908421595332
189.5515632149653,1.1064525798902227
189.55549875942208,1.0464208101858021
189.55943430387885,0.8863860110042322
189.5633698483356,1.0190080370044639
189.56730539279235,0.1628887710482504
189.5712409372491,2.1178115274801024
189.57517648170585,5.107246415845677
189.5791120261626,3.2402659755744816
189.58304757061936,1.6077801295709566
189.5869831150761,0.9227213026926566
189.5909186595329,0.23899480094968661
189.5948542039896,1.2652672211903782
189.5987897484464,1.5213683032640086
189.6027252929031,0.2879744945741148
189.60666083735987,0.332978098567127
189.6105963818166,0.5709098170636706
189.61453192627332,0.013197039056732725
189.6184674707301,0.28706393680247183
189.62240301518685,0.5050814668041432
189.6263385596436,0.4385230447651071
189.63027410410035,0.12141625964002785
189.63420964855712,0.0475238484963094
189.63814519301383,0.4576363163422811
189.64208073747065,1.361722141226902
189.64601628192736,1.1947209066495967
189.64995182638413,0.42864947731707226
189.6538873708409,2.903994040819608
189.65782291529763,2.1296948517577827
189.6617584597544,1.0816296648786454
189.66569400421116,3.373560384254566
189.66962954866787,0.4567910884995226
189.67356509312464,1.628644671999978
189.67750063758135,2.478984329826439
189.6814361820381,0.06954086717940984
189.68537172649488,1.2460707480728042
189.68930727095164,1.0132932271124895
189.6932428154084,1.3742249093587144
189.69717835986512,1.772634563007343
189.7011139043219,0.4002497009794891
189.70504944877865,0.152031780463722
189.7089849932354,0.9643476192349861
189.71292053769213,1.0970682621505625
189.7168560821489,1.6344179007219513
189.72079162660563,1.42946649069299
189.7247271710624,0.716591955116101
189.72866271551916,1.6115892782947931
189.7325982599759,3.4023911039527794
189.73653380443264,2.128746020038104
189.7404693488894,1.02014195998431
189.74440489334611,1.1368122133284566
189.7483404378029,1.4199373792656704
189.75227598225965,4.116110620337214
189.7562115267164,3.274895098219514
189.76014707117315,0.5249001928843495
189.76408261562992,0.5730221484009537
189.76801816008663,1.1529873490670879
189.7719537045434,3.968555871839862
189.77588924900016,3.4445718235879528
189.7798247934569,0.49833970782639764
189.7837603379137,1.8018852963629344
189.7876958823704,0.9924267853252852
189.7916314268272,3.1914456937770814
189.7955669712839,4.720598623512348
189.79950251574067,1.8787766745248813
189.8034380601974,0.1842858123943146
189.80737360465417,0.21280838730732707
189.8113091491109,1.1071693323301144
189.81524469356768,1.9573471069888102
189.8191802380244,2.0431287133923948
189.8231157824812,1.5325717880104024
189.82705132693792,0.9597714750475914
189.83098687139469,1.2919663703221802
189.83492241585145,0.49395299692471295
189.8388579603082,3.5829812871997326
189.84279350476493,0.9394941787767787
189.8467290492217,0.7074104108639881
189.85066459367843,1.0725049179802255
189.8546001381352,2.6279674095582988
189.85853568259196,0.06790937029686146
189.86247122704867,9.28430329992225
189.86640677150544,12.282915962510533
189.87034231596215,0.3531186375769829
189.8742778604189,3.8515590106456767
189.87821340487568,2.369716464207413
189.88214894933245,1.9972957567450504
189.8860844937892,0.34440880794626744
189.89002003824595,2.248903219776747
189.8939555827027,2.0899829461005135
189.89789112715945,1.8983823743934864
189.9018266716162,0.7493531101732718
189.90576221607296,0.5742174106527129
189.9096977605297,2.2546722546616986
189.9136333049865,1.7220771669519657
189.9175688494432,0.23192358914174777
189.9215043939,0.44885119754290576
189.9254399383567,1.2350316738824318
189.92937548281344,1.0379403335126258
189.9333110272702,0.43888255140165827
189.93724657172692,1.3640052056895013
189.9411821161837,0.8196415815101926
189.94511766064045,1.2697050570415007
189.9490532050972,2.0817866906678977
189.95298874955395,0.5748842280683817
189.95692429401072,0.1904027729643165
189.96085983846743,0.8026751624129759
189.96479538292425,0.8735619332335204
189.96873092738096,0.8715510260125244
189.97266647183773,0.03584025401528435
189.9766020162945,2.175241514195555
189.98053756075123,3.2237627117824332
189.984473105208,0.7940859833025312
189.98840864966476,1.865884595036469
189.99234419412147,1.0076098083783598
189.99627973857824,6.444315230326207
190.00021528303495,3.302327917750509
190.0041508274917,0.9200002962347729
190.00808637194848,5.503706060977712
190.0120219164052,2.6099166347906766
190.015957460862,0.2385983209702738
190.01989300531872,2.75917159030653
190.0238285497755,1.959972040182759
190.02776409423225,0.008571142023503201
190.031699638689,0.3478489356263581
190.03563518314573,0.5793419465780797
190.0395707276025,2.5291710141459376
190.04350627205923,1.1315430820039967
190.047441816516,0.31319197470587323
190.05137736097277,0.6424183064745249
190.0553129054295,0.9079326850873581
190.05924844988624,2.3728405975493128
190.063183994343,8.889449178553877
190.06711953879972,6.3774518357580225
190.0710550832565,1.069659626884074
190.07499062771325,1.4242519011530028
190.07892617217,1.488625240794037
190.08286171662675,0.7225121945580273
190.0867972610835,0.7138933101600076
190.09073280554023,3.1628009245102606
190.094668349997,4.544684980569578
190.09860389445376,3.8175063118919375
190.1025394389105,3.6142646135890377
190.1064749833673,3.989292342203395
190.110410527824,0.24923999857508294
190.1143460722808,0.5681805465671312
190.1182816167375,0.12488192951641795
190.12221716119427,3.8231673467773812
190.126152705651,2.559218747669408
190.13008825010775,2.0416652696259154
190.1340237945645,2.2121950883954247
190.13795933902128,0.4188092452699519
190.141894883478,0.8059333169363859
190.1458304279348,0.1982838144027979
190.14976597239152,2.778303789659767
190.1537015168483,1.764872432642092
190.15763706130505,0.49880219090204136
190.16157260576176,1.1238915416617756
190.16550815021853,5.569095061328444
190.16944369467527,11.515716017343593
190.17337923913203,4.337587633147282
190.1773147835888,0.6387130475075351
190.18125032804556,0.2614127187182974
190.18518587250227,3.7994258649534838
190.18912141695904,10.563954186108013
190.19305696141575,3.1709413163910374
190.19699250587252,1.4146535547921608
190.20092805032928,4.321252297300056
190.20486359478605,5.21694991954417
190.2087991392428,2.184327815656896
190.21273468369955,2.3171569455409697
190.2166702281563,4.726671944263379
190.22060577261303,1.4536920567207356
190.2245413170698,0.07825377420130654
190.22847686152656,0.03162065014518949
190.2324124059833,2.259499664831103
190.2363479504401,5.1890537515207065
190.2402834948968,2.8409773508513774
190.24421903935357,1.804615234033987
190.2481545838103,4.116325693251291
190.25209012826704,2.8970096421123412
190.2560256727238,2.935291431550608
190.25996121718052,5.281340302355112
190.2638967616373,3.6562122455375623
190.26783230609405,1.1176967113650491
190.2717678505508,0.5286214506389875
190.27570339500755,2.224187475080361
190.27963893946432,2.381479235388067
190.28357448392103,1.7477511467938365
190.28751002837785,1.1545018228683264
190.29144557283456,0.9044296555229963
190.29538111729133,3.6683498763459226
190.2993166617481,3.115369906620662
190.30325220620483,0.2712433982774002
190.3071877506616,0.4481259761336586
190.31112329511836,0.840175756010784
190.31505883957507,0.7094210618453829
190.3189943840318,0.8115299607007191
190.32292992848855,0.6869320834408704
190.3268654729453,0.808949869398588
190.33080101740208,0.6759200145109597
190.3347365618588,0.08044741132535067
190.3386721063156,0.22586447034303278
190.34260765077232,1.6139192366641102
190.3465431952291,3.081466045704062
190.35047873968583,1.6232935512967648
190.3544142841426,0.09749627766395381
190.35834982859933,1.0579774871857806
190.3622853730561,1.3220009206210088
190.36622091751283,1.7391803217955006
190.3701564619696,1.8423540852543283
190.37409200642637,2.0901948252269182
190.3780275508831,0.8192737502547067
190.38196309533984,0.08207790119028693
190.3858986397966,0.687931410094308
190.38983418425332,0.8766609068556237
190.3937697287101,0.9878433188667483
190.39770527316685,0.15906250156683643
190.4016408176236,1.62701897918495
190.40557636208035,1.3349540498782875
190.4095119065371,0.6377203156669105
190.41344745099383,1.852946350445453
190.4173829954506,1.4907431214544031
190.42131853990736,0.2943823557724266
190.4252540843641,0.9277552116942395
190.4291896288209,1.7968316260020318
190.4331251732776,1.2548583703061427
190.4370607177344,0.6573001456430686
190.4409962621911,2.595974199484153
190.44493180664787,4.615619052206221
190.4488673511046,3.5222212199531224
190.45280289556135,1.9017495545612138
190.4567384400181,1.5396390329069414
190.46067398447488,1.5382188820598004
190.4646095289316,1.637855114825461
190.4685450733884,1.245202036908395
190.47248061784512,3.191951151341995
190.47641616230183,3.7144979389160473
190.48035170675865,0.7433868534180941
190.48428725121536,0.14483406833938778
190.48822279567213,0.38038895070263257
190.49215834012887,0.11921568696783325
190.49609388458563,0.3135107162859307
190.5000294290424,0.6346410661972889
190.50396497349917,1.4803030276247122
190.50790051795587,2.695128056984822
190.51183606241264,2.1641050545875964
190.51577160686935,0.272659336395306
190.51970715132612,1.634381512388521
190.52364269578288,5.040169031458774
190.52757824023965,3.897281888159884
190.5315137846964,1.0956109463687023
190.53544932915315,0.17571546091612786
190.5393848736099,0.3353808097072835
190.54332041806663,0.6724138280217672
190.5472559625234,0.06674638819502476
190.55119150698016,0.5458428932574101
190.5551270514369,0.8581475404910663
190.55906259589364,0.4523689627698208
190.5629981403504,0.11175652159594865
190.56693368480717,0.05601913545764273
190.5708692292639,0.7665896495298665
190.57480477372064,0.9336828604009993
190.5787403181774,0.11051992991257166
190.58267586263412,0.1509959462762017
190.5866114070909,1.6781085981672805
190.59054695154765,4.0067775503624885
190.5944824960044,2.3769324473441564
190.59841804046115,0.18567652617536531
190.60235358491792,0.5504319142753499
190.60628912937463,1.2163734756179627
190.61022467383145,1.4062630037584138
190.61416021828816,0.9662556713519886
190.61809576274493,1.2320387433269895
190.62203130720167,2.5330450017344175
190.62596685165843,0.7579742754769339
190.6299023961152,0.5463865232080407
190.6338379405719,0.3056823072954731
190.63777348502867,0.4762876653126674
190.6417090294854,1.177552736162024
190.64564457394215,0.09743138432629025
190.6495801183989,0.30846790425559045
190.65351566285568,1.3111086498742723
190.6574512073124,0.8401008238806901
190.6613867517692,0.052696523072154465
190.66532229622592,0.3971991696115278
190.6692578406827,0.6574655375434258
190.67319338513943,1.894918168579908
190.6771289295962,0.4199543171759193
190.68106447405293,0.2933913295342909
190.6850000185097,0.18914516316850452
190.68893556296644,0.2608644319397883
190.6928711074232,0.36632335710495795
190.69680665187997,0.24155412802281795
190.7007421963367,0.10474549009596608
190.70467774079344,0.17387775139564515
190.70861328525015,0.8598868025836215
190.71254882970692,0.9331557075194814
190.71648437416368,2.036247646073267
190.72041991862045,3.648792343437266
190.7243554630772,1.4596985279621923
190.72829100753395,0.3379352412661368
190.7322265519907,0.475467355035867
190.73616209644743,0.8656655171476747
190.7400976409042,0.6366929494097989
190.74403318536096,0.047340662790935906
190.7479687298177,0.3121124035047866
190.75190427427447,0.20724924772943956
190.7558398187312,0.09458228412099345
190.759775363188,0.9061652028377635
190.7637109076447,0.7165016332424156
190.76764645210147,0.20484179056411836
190.7715819965582,2.1227447122134553
190.77551754101495,4.470300237283056
190.7794530854717,4.586237013924827
190.78338862992848,2.519715830906973
190.7873241743852,2.1802052979585556
190.791259718842,1.9371309732733863
190.79519526329872,0.6673942716229861
190.79913080775543,0.005360565067085671
190.80306635221223,0.5578653260387728
190.80700189666896,1.6089034438907284
190.81093744112573,1.3020905762591324
190.81487298558247,0.4846319299823807
190.81880853003923,0.20732412209533083
190.822744074496,1.0049863029926824
190.82667961895277,1.8991618009498499
190.83061516340948,2.0009324040485743
190.83455070786624,3.1669563988670464
190.83848625232295,2.393760551426307
190.84242179677972,1.8568914101019873
190.84635734123648,1.2756048298134488
190.85029288569325,0.3356310903644988
190.85422843015,0.4288860592902524
190.85816397460675,0.07615007082085345
190.8620995190635,0.1974707139703516
190.86603506352023,0.7266844620083021
190.869970607977,0.5690673614525049
190.87390615243373,0.3157221978146331
190.8778416968905,0.6679002687595769
190.88177724134724,0.9371546688019932
190.885712785804,0.790507542837919
190.88964833026077,0.5627964435724829
190.8935838747175,1.0662419967965435
190.89751941917424,1.9979875409455845
190.901454963631,1.096573818706273
190.90539050808772,0.12549105627782223
190.9093260525445,0.14891804784576507
190.91326159700125,0.608118908888507
190.917197141458,1.1400477291039919
190.9211326859148,0.533354282047158
190.92506823037152,0.7254034387999357
190.92900377482823,2.077059781252612
190.93293931928503,1.028577892542462
190.93687486374176,1.2775963163992237
190.94081040819853,1.7679380492823733
190.94474595265527,0.7970028522355277
190.948681497112,0.2969943941427112
190.9526170415688,0.0883184518083419
190.9565525860255,1.5346206025813565
190.96048813048228,2.0838944401226707
190.964423674939,0.5070794858995479
190.96835921939575,0.4574322027129955
190.9722947638525,1.8939929429326434
190.97623030830928,1.678571135839308
190.980165852766,0.6813989296365492
190.9841013972228,0.12341426833354152
190.98803694167952,0.02944784040363692
190.9919724861363,0.44016228213668224
190.99590803059303,1.6847419479118277
190.9998435750498,1.3542321861355502
191.00377911950653,0.3164965309302785
191.0077146639633,0.04591138059380097
191.01165020842004,0.8429504085107267
191.0155857528768,3.3739005311746877
191.01952129733357,1.8812518195768297
191.02345684179028,0.15540686520184596
191.02739238624704,0.09178415694128615
191.03132793070375,1.0886903026962431
191.03526347516052,1.842129377069463
191.03919901961729,0.7088215193361145
191.04313456407405,0.11245376110427202
191.0470701085308,0.047837940137022014
191.0510056529876,0.04224634704339813
191.0549411974443,0.011670874846678692
191.05887674190103,0.07463477152349843
191.0628122863578,0.7075514063634488
191.06674783081456,0.9811490931478736
191.0706833752713,0.8112593594049152
191.07461891972807,0.10531864791809517
191.0785544641848,1.0665289378464682
191.0824900086416,2.762382691865985
191.0864255530983,0.620264621365358
191.09036109755507,1.6973533501942997
191.0942966420118,1.980107629795674
191.09823218646855,0.017378391215213465
191.1021677309253,1.389302415133277
191.10610327538205,1.5054850967580558
191.1100388198388,0.10900601869568993
191.1139743642956,0.43808029609301036
191.11790990875232,1.1733293417292392
191.12184545320903,0.6462416564521067
191.12578099766583,0.0013531663984112437
191.12971654212257,0.6101377756260425
191.13365208657933,0.8315371023518726
191.13758763103607,0.11201706009925483
191.14152317549284,0.5936998648158353
191.1454587199496,0.2650020622660574
191.14939426440637,0.5048448111722105
191.15332980886308,0.5604327670315068
191.15726535331984,1.6639090931906315
191.16120089777655,3.1798993639601925
191.16513644223332,1.5821733261146385
191.16907198669008,0.3270875492549962
191.17300753114685,0.07431635783448809
191.1769430756036,0.10669328631508937
191.18087862006035,0.2776034817472854
191.1848141645171,0.7515991989731355
191.18874970897383,0.3144902059675909
191.1926852534306,1.1132753665581736
191.1966207978873,0.359479897810037
191.2005563423441,0.73183950571019
191.20449188680084,1.7029676205901563
191.2084274312576,0.41513682109954764
191.21236297571437,0.2874707592434445
191.2162985201711,0.36912165214951487
191.22023406462785,0.887620547366844
191.2241696090846,0.33123412353136344
191.22810515354132,0.16862504457610922
191.2320406979981,0.0891434890427274
191.23597624245485,0.5744688960578791
191.2399117869116,1.4902763758076225
191.2438473313684,0.33398523379163875
191.24778287582512,0.7663836614663121
191.25171842028183,0.8121526557794467
191.2556539647386,1.7073191094745133
191.25958950919537,1.4718186978672487
191.2635250536521,0.07416234623175952
191.26746059810887,0.08185305014645891
191.2713961425656,1.6892387729563516
191.2753316870224,4.349658071811107
191.2792672314791,1.6864292932390514
191.28320277593588,0.41933262654488396
191.2871383203926,0.48350499333725455
191.29107386484935,1.5429313032021268
191.2950094093061,2.51498545927484
191.29894495376288,0.7398805126528974
191.3028804982196,1.273699686243331
191.3068160426764,0.5960291301929433
191.31075158713315,1.1132894887199596
191.3146871315899,0.9662702296226934
191.31862267604663,0.13342910021583057
191.3225582205034,0.1546824099628996
191.32649376496013,0.14598920533456394
191.3304293094169,0.2699958811830412
191.33436485387364,0.07935488339031664
191.3383003983304,0.2623147449331634
191.34223594278717,0.6526334631590198
191.34617148724388,0.23225934626111627
191.35010703170065,0.5268252696440155
191.35404257615735,0.8520414009112818
191.35797812061412,1.0307143074732705
191.3619136650709,0.3561020542214759
191.36584920952765,2.2292685427335885
191.3697847539844,1.2319098841261154
191.3737202984412,0.7199373678478989
191.3776558428979,1.6961704025659674
191.38159138735463,0.7323794637006587
191.3855269318114,0.5036263325602801
191.38946247626816,1.3811126628868784
191.3933980207249,0.014049940832706236
191.39733356518167,3.3385507094836324
191.4012691096384,4.484674059423434
191.4052046540952,1.736727573544206
191.4091401985519,4.121569417556736
191.41307574300865,1.503033585122116
191.4170112874654,2.3200835993359283
191.42094683192212,1.8782354903003982
191.4248823763789,0.7338372708026494
191.42881792083568,1.4341817779232826
191.4327534652924,1.0004232718995765
191.4366890097492,0.11588232236434409
191.44062455420595,0.26684772956925273
191.44456009866263,0.3392913180536866
191.44849564311943,0.05543993858543893
191.45243118757617,1.0695990750999391
191.45636673203293,1.4346589734735489
191.46030227648967,0.5098079493131858
191.46423782094644,0.38003306521370883
191.4681733654032,0.2479277160010053
191.47210890985997,0.25434829739155224
191.47604445431668,0.7758213542687331
191.47997999877344,0.4499428597602809
191.48391554323015,0.08757867039719891
191.48785108768692,0.3006348306979696
191.4917866321437,0.556654957801065
191.4957221766004,0.7508060175690512
191.4996577210572,0.28106158362459865
191.50359326551396,0.023223257771705252
191.5075288099707,0.3772602005859824
191.51146435442743,0.5152284901405363
191.5153998988842,0.019453186761919327
191.5193354433409,0.8084400233209773
191.5232709877977,1.0061357669146502
191.52720653225444,0.020852753663545234
191.5311420767112,0.1678980269061767
191.53507762116797,0.029721985165892764
191.5390131656247,0.16082607400491689
191.54294871008145,0.017080967004723915
191.5468842545382,0.08985799169659758
191.55081979899492,0.04180758074754578
191.5547553434517,0.17662516535083642
191.55869088790843,1.223299825936172
191.5626264323652,1.4202927511196464
191.566561976822,0.2599406266097317
191.5704975212787,0.08293314767381335
191.57443306573543,0.14719769823380124
191.5783686101922,0.9447409075044801
191.58230415464897,0.8004702710405791
191.5862396991057,1.3984602111655533
191.59017524356247,0.7083711662979566
191.5941107880192,1.5510302168777659
191.598046332476,1.7821664864488778
191.6019818769327,0.08085663077536061
191.60591742138948,1.4978007622906222
191.60985296584624,1.1874474767831773
191.61378851030295,1.4580340255636983
191.6177240547597,1.9975274507721852
191.62165959921649,1.251811938049091
191.6255951436732,1.0205926324401595
191.62953068813,1.2682847586730914
191.63346623258676,1.1913927685044365
191.6374017770435,0.8892934465904316
191.64133732150023,0.593505622084053
191.645272865957,0.7812688425957363
191.6492084104137,0.7897176400346753
191.65314395487047,1.7935010658805377
191.65707949932724,1.3635170763494764
191.661015043784,0.022358851429292847
191.66495058824077,0.4604720726155936
191.66888613269748,0.4412559757838987
191.67282167715425,0.43782893176698645
191.67675722161096,0.08550288310003137
191.68069276606772,0.22658126009587
191.6846283105245,0.6980939665990114
191.68856385498125,0.49362216604561504
191.692499399438,0.08831383946203755
191.6964349438948,0.12456129689561933
191.7003704883515,0.09845184528301029
191.70430603280823,0.04451973366684534
191.708241577265,0.276447267758731
191.71217712172177,0.20080317669777242
191.7161126661785,0.12180597850473791
191.72004821063527,0.5265548818404997
191.723983755092,0.43911743253909974
191.72791929954877,0.1660820149166555
191.7318548440055,1.05878813421798
191.73579038846225,3.013433956206826
191.739725932919,1.9010876911531245
191.74366147737572,0.3537775290485594
191.7475970218325,0.8499264648017223
191.75153256628928,0.3271729681977243
191.755468110746,0.14215867887641434
191.7594036552028,0.566086071091594
191.76333919965955,0.029839025959717876
191.76727474411624,1.7827076863481488
191.77121028857303,1.9641179197615075
191.77514583302977,0.15133746394285985
191.77908137748653,0.7874760351982353
191.78301692194327,2.078710413207709
191.78695246640004,3.621904442830116
191.7908880108568,2.340917056988378
191.79482355531357,0.28693549145608094
191.79875909977028,0.21104616180132665
191.80269464422705,1.5926120799142165
191.80663018868376,1.9335724874397038
191.8105657331405,0.5650368261124491
191.8145012775973,0.006653872373975139
191.81843682205405,0.3946338142556999
191.8223723665108,1.109984563443289
191.82630791096756,2.9973722560768974
191.8302434554243,3.4533147963226174
191.83417899988103,2.414520432623321
191.8381145443378,2.8685066351955903
191.8420500887945,0.2332575482829504
191.8459856332513,2.794505453725504
191.84992117770804,4.487261259574195
191.8538567221648,2.1996955361896133
191.85779226662157,3.2175695353817684
191.8617278110783,0.6894694928081896
191.86566335553505,2.4354208580002497
191.8695988999918,1.5925690995930941
191.87353444444852,0.012719007021685937
191.8774699889053,0.262784481186935
191.88140553336208,3.0741575739504903
191.8853410778188,3.490005549103377
191.8892766222756,0.003779301723240926
191.8932121667323,2.309562804532213
191.89714771118904,1.4671025295206108
191.9010832556458,0.01808129946445344
191.90501880010257,0.5155232017478795
191.9089543445593,3.1915162352379833
191.91288988901607,3.6324846233288515
191.9168254334728,0.6710632310395531
191.9207609779296,0.1313271206606465
191.9246965223863,0.797658888821281
191.92863206684308,1.7588584294950163
191.93256761129985,0.6664784469925942
191.93650315575655,0.27618502594779265
191.9404387002133,0.7532770031767224
191.9443742446701,0.05681409790540262
191.9483097891268,0.1590569174863949
191.9522453335836,0.09285555048707826
191.95618087804036,1.0151550925980857
191.96011642249707,1.5886060707846792
191.96405196695383,0.7728794254471305
191.96798751141057,0.5736221434924423
191.9719230558673,0.20951117088853438
191.97585860032407,0.20015119545850937
191.97979414478084,1.3865854363802719
191.9837296892376,2.1421606064706498
191.98766523369437,2.197113840648571
191.99160077815108,2.2449478729751586
191.99553632260785,2.903907063085457
191.99947186706456,2.786290427890845
192.00340741152132,0.5711704972408891
192.0073429559781,0.5227319510471682
192.01127850043488,2.1074398294845236
192.0152140448916,0.8935653560636034
192.0191495893484,1.03059446346302
192.0230851338051,4.566348768033894
192.02702067826183,1.6495078629350088
192.0309562227186,1.2269930895877563
192.03489176717537,3.537653735572179
192.0388273116321,1.5632661460694584
192.04276285608884,2.272060930586519
192.0466984005456,0.34212375831802316
192.05063394500235,1.6148013375744157
192.0545694894591,3.9420493596578488
192.05850503391585,3.068891878969746
192.06244057837264,0.5369402457159156
192.06637612282933,0.33236547484849915
192.0703116672861,0.618309089833772
192.0742472117429,0.30676361445459466
192.0781827561996,0.5952200642279988
192.0821183006564,0.46273739247645246
192.08605384511316,0.7081383955642974
192.0899893895699,0.8248212626285047
192.09392493402663,1.0975623580179608
192.09786047848337,0.8851455312780179
192.1017960229401,0.40279483357527585
192.10573156739687,0.259230303666463
192.10966711185364,0.23320695510504222
192.1136026563104,0.042815527985330684
192.11753820076711,0.09357029780424092
192.12147374522388,0.74542482674198
192.12540928968065,0.9681968904595655
192.12934483413736,0.319249859222822
192.1332803785941,0.8581889918882988
192.1372159230509,1.577541124789762
192.14115146750763,0.9864105585631018
192.1450870119644,0.33943274464042367
192.14902255642116,0.442608044017339
192.1529581008779,0.3031730413530084
192.15689364533463,0.0030052544285809214
192.1608291897914,0.2712267691409941
192.1647647342481,0.0950520133365273
192.1687002787049,0.7352974410259238
192.17263582316164,2.0776791011228126
192.1765713676184,1.8708427518170054
192.18050691207517,1.2330650344183114
192.1844424565319,1.686703871697372
192.18837800098865,1.7784680099987717
192.19231354544544,0.5412263758735624
192.19624908990212,2.2857669665523113
192.2001846343589,4.846429096314444
192.20412017881569,2.0889005894459096
192.2080557232724,1.7717134375401575
192.2119912677292,5.35408059852427
192.2159268121859,2.913854960839949
192.21986235664264,1.442983287578982
192.2237979010994,0.44833220478153346
192.22773344555617,2.1063696641635135
192.2316689900129,3.807228166732793
192.23560453446967,0.6859532161680657
192.2395400789264,0.07335670549336155
192.2434756233832,0.6651544548727729
192.2474111678399,1.039793250852889
192.25134671229668,0.3860646950560699
192.25528225675345,1.9856431363786977
192.25921780121016,1.5359617775329943
192.2631533456669,0.013755119086936845
192.2670888901237,1.161982059705535
192.27102443458045,1.104486626157428
192.2749599790372,0.37880649491137364
192.27889552349396,0.19090748456281684
192.28283106795067,1.018187266675259
192.28676661240743,4.325490314250853
192.29070215686417,2.1279212047280107
192.2946377013209,0.09614437929865198
192.29857324577767,1.3540731958193453
192.30250879023444,0.08957566229915534
192.3064443346912,2.294936726724657
192.31037987914797,2.933318832725927
192.31431542360468,0.17867848498231909
192.31825096806145,0.8430434042171829
192.3221865125182,0.43279700771572266
192.32612205697492,0.379636264479163
192.3300576014317,0.044033193472108795
192.33399314588848,0.3038556429622633
192.3379286903452,0.4041315180411404
192.341864234802,0.6371468680615628
192.3457997792587,0.38041767787600544
192.34973532371544,1.2821881865997085
192.3536708681722,0.8051456955992342
192.3576064126289,1.3191543695142494
192.3615419570857,0.3934570414266943
192.36547750154244,0.7087916164911755
192.3694130459992,1.0037779746285909
192.37334859045595,0.7679518479015355
192.3772841349127,1.0843202022458283
192.38121967936945,1.6487076400141856
192.38515522382625,1.4503334109742356
192.38909076828293,1.467847660934098
192.3930263127397,2.312781923472096
192.3969618571965,1.2504183779775673
192.4008974016532,0.44545867153540475
192.40483294611,0.8261195183172609
192.40876849056676,1.0583646852847894
192.41270403502347,0.08763419884806395
192.41663957948023,0.479595322021859
192.42057512393697,1.2576191310891542
192.4245106683937,0.8566516172814911
192.42844621285047,0.7289232783395665
192.4323817573072,0.9323617863882314
192.436317301764,1.013115687767418
192.44025284622072,0.37012074982146564
192.44418839067748,0.2340902575971158
192.44812393513425,0.11303200243762804
192.452059479591,0.5223914055179428
192.45599502404767,0.47073961777681117
192.4599305685045,0.7987886965098286
192.46386611296123,0.40224858120114354
192.467801657418,2.1948336291603763
192.47173720187476,4.67843136267509
192.4756727463315,1.7551502427025392
192.47960829078824,0.18251173342673419
192.483543835245,0.6157004707322695
192.4874793797017,2.4383699105911476
192.4914149241585,2.9692588142651632
192.49535046861524,0.5740587837023283
192.499286013072,0.8032487679728244
192.50322155752875,0.26940054473074576
192.50715710198548,1.5830221786467626
192.51109264644225,4.05549243104875
192.515028190899,1.2502659511376086
192.51896373535573,0.6825861166233875
192.5228992798125,1.9887388592837136
192.5268348242693,2.7586590644509834
192.530770368726,0.521427669269025
192.5347059131828,1.1151828162419803
192.5386414576395,0.6107506371382204
192.54257700209627,0.7054467397462695
192.546512546553,2.3411750037911228
192.55044809100977,0.13623846524121178
192.5543836354665,7.253625308924622
192.55831917992327,10.928972926314144
192.56225472438,2.2576814395850837
192.5661902688368,2.736064486808423
192.57012581329352,5.263497909899594
192.57406135775028,3.0617981627340827
192.57799690220705,1.7621105861104762
192.58193244666376,0.9139341204541392
192.58586799112047,0.7225876784948311
192.5898035355773,0.36486322729096665
192.59373908003403,0.823274477763417
192.5976746244908,1.8538440102408307
192.60161016894756,0.6223162075119613
192.60554571340427,2.3263048752407145
192.60948125786103,3.0561686905196477
192.61341680231777,1.3945793829284716
192.6173523467745,1.1418802688163148
192.62128789123128,1.2655622507945736
192.62522343568804,0.7866233008971234
192.6291589801448,0.16402833639834183
192.63309452460155,0.1310091489769346
192.63703006905828,1.008948376668084
192.64096561351505,2.1705752962172418
192.6449011579718,1.1389058972429957
192.64883670242853,0.6575672158466856
192.6527722468853,2.6141545940619113
192.6567077913421,3.4122194793591283
192.6606433357988,2.6371688694973754
192.66457888025556,1.8935070734604866
192.6685144247123,1.9600098212275519
192.67244996916904,1.1954243923151093
192.6763855136258,0.027207729787110797
192.6803210580825,0.6378577926438869
192.6842566025393,0.3741209753614998
192.68819214699604,1.6707199631818497
192.6921276914528,1.9396775050348585
192.69606323590955,0.3484630607716482
192.69999878036631,0.04561693045204733
192.70393432482305,0.19022655840348746
192.70786986927985,0.36763668512137615
192.71180541373656,1.0710458995223893
192.7157409581933,1.1357320750730626
192.7196765026501,0.13487539377492364
192.72361204710683,2.5110402136469308
192.7275475915636,2.421331457691482
192.73148313602036,0.31007342182219033
192.73541868047707,0.721782528395277
192.73935422493383,0.9481146630779033
192.74328976939057,0.1763063178041434
192.7472253138473,0.03989924909574903
192.75116085830408,0.47703600431742904
192.7550964027608,1.7163605774826698
192.7590319472176,1.926252998147271
192.76296749167432,0.22357647741827816
192.76690303613108,0.5884505066899789
192.77083858058785,1.0112968375117724
192.7747741250446,0.39284390500890165
192.77870966950127,1.3978322319740784
192.7826452139581,1.2885498132996915
192.78658075841483,0.0013469906569229695
192.7905163028716,1.3173241764528705
192.79445184732836,0.9460019915745759
192.7983873917851,0.5959056217096508
192.80232293624184,1.7700170930284789
192.8062584806986,0.1513366137617765
192.8101940251553,1.0772727360090797
192.8141295696121,1.185631253659877
192.81806511406884,0.3254796983738633
192.8220006585256,0.5161561577158665
192.82593620298235,0.8126011023297399
192.82987174743909,0.5779427319162315
192.83380729189585,0.10356599060789477
192.8377428363526,0.2212493238563192
192.84167838080936,0.5207259145972226
192.8456139252661,0.024571086758254097
192.8495494697229,0.17284569828885366
192.8534850141796,1.0936099744801433
192.8574205586364,2.3813002347763135
192.8613561030931,0.5448968554951746
192.86529164754987,0.25992527620047884
192.8692271920066,0.868317087096537
192.87316273646337,1.5233511602339855
192.8770982809201,0.2412359171055728
192.88103382537687,1.5029001008098506
192.8849693698336,3.161751662164306
192.8889049142904,0.19691262571621912
192.89284045874712,1.791746513740076
192.89677600320385,2.32225388982357
192.90071154766065,0.8614591076634777
192.90464709211736,0.32291293448902125
192.90858263657407,0.4740055438703507
192.9125181810309,2.633244953472514
192.91645372548763,1.920800298513725
192.9203892699444,0.05615467585607665
192.92432481440116,0.6414331115948174
192.92826035885787,1.0182719547655816
192.93219590331464,0.8939013399838055
192.93613144777137,3.544094103412645
192.9400669922281,3.509403580295899
192.94400253668488,0.8792593975066063
192.94793808114164,0.8572370435062862
192.9518736255984,1.0347447152854063
192.95580917005515,1.4154973353626021
192.95974471451188,0.10844295297879679
192.96368025896865,0.7414946167491886
192.9676158034254,0.3479041692013932
192.97155134788213,0.4536130622274294
192.9754868923389,0.5309570630103071
192.97942243679563,1.1991830792551583
192.9833579812524,2.0753890397269927
192.98729352570916,0.37089178522324256
192.9912290701659,0.3687846707153413
192.99516461462264,0.513104374215901
192.9991001590794,0.2911308492498465
193.0030357035361,0.012423557772559957
193.0069712479929,0.15101965944177118
193.01090679244965,0.183303374159551
193.0148423369064,0.08605712912058602
193.01877788136315,0.04258022616535526
193.02271342581992,0.10786796957458301
193.02664897027665,1.045228395638745
193.03058451473345,1.2249252911690394
193.03452005919016,0.23552509692288265
193.03845560364687,0.17381699383194085
193.0423911481037,0.23788938058866568
193.04632669256043,0.17323000007515793
193.0502622370172,0.4215738407324216
193.0541977814739,1.0530995971636743
193.05813332593067,0.18100545302860568
193.0620688703874,0.8012337924833529
193.06600441484417,2.636627233159334
193.0699399593009,1.1845886113024622
193.07387550375768,0.004862785673151209
193.0778110482144,0.06965328445552094
193.0817465926712,0.08553846391360548
193.08568213712792,0.42456243938710064
193.08961768158468,0.35621687545565084
193.09355322604145,1.152643124578223
193.0974887704982,2.2933913036080447
193.10142431495493,1.4640063526559501
193.1053598594117,0.16418901746128065
193.10929540386843,0.7377457589729522
193.1132309483252,0.3891997984211601
193.11716649278196,0.18859771771571968
193.1211020372387,1.1428792319564178
193.12503758169544,0.8498375505277266
193.1289731261522,0.2768813590526757
193.1329086706089,0.03224936937800823
193.13684421506568,0.10898238830622733
193.14077975952245,0.4665826802266776
193.1447153039792,0.6007532213927169
193.14865084843595,0.41894194785176686
193.1525863928927,1.1585346949205246
193.15652193734945,0.6789101392702885
193.1604574818062,0.210808758580169
193.16439302626296,0.5435387508606967
193.1683285707197,0.22214010043379973
193.1722641151765,0.21914734690128754
193.1761996596332,0.2617720980256484
193.18013520409,0.03568468208056681
193.1840707485467,1.2800399161379665
193.18800629300347,1.61484572706185
193.1919418374602,0.08999752002916028
193.19587738191697,0.5150767231668985
193.1998129263737,0.28021201520921946
193.20374847083048,0.44032833063740595
193.2076840152872,0.41760780187958535
193.21161955974395,0.10343719417256925
193.21555510420072,0.10626889949243234
193.21949064865743,0.5764280081698471
193.22342619311425,0.3537168203236555
193.22736173757096,0.03419698053359378
193.23129728202773,0.37624447032165004
193.2352328264845,0.398646442032207
193.23916837094123,0.22443764951308864
193.243103915398,0.5627669277739442
193.24703945985476,0.14068778425932604
193.25097500431147,0.08021053159149696
193.25491054876824,0.6004065420352571
193.25884609322495,1.0443439447577931
193.2627816376817,1.0346568709818578
193.26671718213848,1.578455904561854
193.27065272659524,0.72989323142837
193.274588271052,0.6736266220111095
193.27852381550875,0.4045659690158639
193.2824593599655,1.7211877696867888
193.28639490442225,1.776397077848315
193.290330448879,0.20974114956936343
193.29426599333573,0.639192972150783
193.2982015377925,0.7227924078877088
193.30213708224923,1.4017650662845869
193.306072626706,1.871934244737756
193.31000817116276,0.6252381562534117
193.3139437156195,0.2843446830338961
193.31787926007624,0.29968463273747037
193.321814804533,0.8695555256255523
193.32575034898971,1.7364170243128978
193.3296858934465,0.30306842687678875
193.33362143790325,0.2995100224342635
193.33755698236,0.2141915999409798
193.34149252681675,0.85281477833361
193.34542807127352,0.911989660148202
193.34936361573023,0.15974874009308565
193.35329916018705,0.34412330984139405
193.35723470464376,0.6617911455683912
193.36117024910047,1.4894880618059005
193.3651057935573,1.4757375482782868
193.369041338014,0.1967056936936931
193.3729768824708,0.6316861372541036
193.3769124269275,0.710005766502515
193.38084797138427,0.11885675731766268
193.384783515841,0.002783009671367621
193.38871906029777,0.30077450572659786
193.3926546047545,0.43480009323432794
193.39659014921128,1.3959458508501084
193.400525693668,4.985857211971698
193.4044612381248,3.4750499746690062
193.40839678258152,0.6350672802514539
193.41233232703829,1.3351942590704047
193.41626787149505,0.8886632086820413
193.4202034159518,0.3181695421553787
193.42413896040853,0.47787816731961574
193.4280745048653,1.5410778882361609
193.43201004932203,0.7742165561227284
193.4359455937788,0.07621244350563164
193.43988113823556,0.6281881748290787
193.44381668269227,1.32949574546754
193.44775222714904,0.5451531057375272
193.45168777160575,0.38680346888355155
193.4556233160625,0.5963414089737564
193.45955886051928,0.38707740070921237
193.46349440497605,4.271206893455749
193.4674299494328,3.979784501094484
193.47136549388955,1.0431421166882258
193.4753010383463,0.9065348121626382
193.47923658280305,1.117630804449647
193.4831721272598,0.650452154541044
193.48710767171656,0.13607021023412053
193.4910432161733,0.17172600509586985
193.4949787606301,0.23970402826690537
193.4989143050868,0.19161236377345942
193.5028498495436,0.06403491730246634
193.5067853940003,0.02206215658279583
193.51072093845707,0.011525712527101394
193.5146564829138,0.024054909665772617
193.51859202737057,0.14037209502095618
193.5225275718273,0.7655747843576484
193.52646311628405,1.682660030231861
193.5303986607408,1.188136881964521
193.53433420519755,0.20166144599595928
193.53826974965432,0.3450529316135051
193.54220529411103,1.2510570693382077
193.54614083856785,0.4790521889226909
193.55007638302456,0.49274775217281647
193.55401192748133,1.159196648169849
193.5579474719381,0.4417517893887765
193.56188301639483,1.391212745639237
193.5658185608516,0.9096823036014391
193.56975410530836,0.35072744799347194
193.57368964976507,0.5148009586160326
193.57762519422184,1.9710136766313124
193.58156073867855,0.273668267213807
193.5854962831353,1.201634919403461
193.58943182759208,1.222229923477033
193.59336737204885,0.1026587317525547
193.5973029165056,0.32743757155523046
193.60123846096232,0.9203063890641585
193.6051740054191,2.6319485026296445
193.60910954987585,0.4836803371724402
193.6130450943326,0.15541776532541127
193.61698063878933,0.25572258942135334
193.6209161832461,0.274664608173751
193.62485172770283,0.1311170679713133
193.6287872721596,1.1000900463907841
193.63272281661636,0.1618504177771736
193.6366583610731,0.6211254070103962
193.64059390552984,0.7598490998714202
193.6445294499866,0.5670223891109741
193.64846499444332,2.5234834600831393
193.6524005389001,4.6942529464584775
193.65633608335685,2.041069609732304
193.6602716278136,0.3566946295805301
193.66420717227035,0.19715283712432358
193.66814271672712,1.2203215395437792
193.67207826118383,1.3928317444642744
193.67601380564065,0.253809103539607
193.67994935009736,0.05648759766145843
193.6838848945541,1.8807290097061646
193.6878204390109,2.891338558075815
193.6917559834676,0.7340298428747942
193.6956915279244,0.8449965977834344
193.6996270723811,0.8673462226848031
193.70356261683787,0.5859243698641607
193.7074981612946,0.5732010519012357
193.71143370575135,0.634233690790504
193.7153692502081,0.35528809513959164
193.71930479466488,0.050279052862109604
193.7232403391216,0.14310706720070762
193.7271758835784,0.011036163593723699
193.73111142803512,0.5545058468642764
193.7350469724919,2.616038161811281
193.73898251694865,1.6545893376423755
193.7429180614054,0.7157022699218281
193.74685360586213,1.9060408373827333
193.7507891503189,0.4431537710215321
193.75472469477563,1.3483675661224763
193.7586602392324,0.29111155138865547
193.76259578368916,0.691899256335373
193.76653132814587,0.451615302875795
193.77046687260264,0.8007873098613464
193.77440241705935,1.3786866503451645
193.77833796151612,0.5052143579672589
193.78227350597288,0.07571938401452469
193.78620905042965,0.3783088235410056
193.7901445948864,0.043480003989241546
193.79408013934315,0.37051975284052796
193.7980156837999,0.008605874934821692
193.80195122825663,2.518935564713665
193.8058867727134,2.3235091956738874
193.80982231717016,0.5837854796446729
193.8137578616269,2.158457112072188
193.8176934060837,0.1558505995922337
193.8216289505404,0.5193511158264696
193.8255644949972,0.0470626905530387
193.8295000394539,2.6814537956203917
193.83343558391067,3.408489813159507
193.8373711283674,2.753867633393933
193.84130667282412,3.0822796109950015
193.8452422172809,1.530525500398223
193.84917776173765,0.33919127656949827
193.8531133061944,0.35638666126100094
193.85704885065115,0.12600679842407933
193.86098439510792,0.7002434314437754
193.86491993956463,0.5969343394618587
193.86885548402145,0.30409077658013733
193.87279102847816,0.272865129608857
193.87672657293493,0.12420877693829119
193.8806621173917,0.25269307457793033
193.88459766184843,0.8265630717720959
193.8885332063052,1.2424173764473658
193.89246875076196,0.8607999150684862
193.89640429521867,1.0807715493079342
193.90033983967544,1.0041799031924972
193.90427538413215,0.3299728073750354
193.90821092858891,0.8022434385370706
193.91214647304568,0.3573185121961625
193.9160820175024,0.29534983490685063
193.9200175619592,0.41804380824837567
193.92395310641592,0.10343840670467978
193.9278886508727,0.021409417876434807
193.93182419532943,0.05381674406311988
193.9357597397862,0.2731084869527561
193.93969528424293,0.3013696402471601
193.9436308286997,0.10096283220684904
193.94756637315643,1.1019203411520269
193.9515019176132,0.7742698939669196
193.95543746206997,0.014763572855849798
193.9593730065267,0.5978048250552092
193.96330855098344,0.5675406597428484
193.9672440954402,0.6599490795118467
193.97117963989692,0.3059274513741111
193.9751151843537,0.22897603724753532
193.97905072881045,0.8736785411942176
193.9829862732672,0.30687153588273014
193.98692181772395,0.6013186134228342
193.99085736218072,1.2399754622052308
193.99479290663743,0.34516052233055644
193.9987284510942,1.2154868237291554
194.00266399555096,2.850827489820218
194.0065995400077,3.0350119735629626
194.0105350844645,3.016998772169118
194.0144706289212,2.5595547093263016
194.018406173378,1.2821565230884118
194.0223417178347,1.6463964031771006
194.02627726229147,2.2327812993411285
194.0302128067482,0.6018595020778653
194.03414835120495,0.22139427429202269
194.0380838956617,0.26901104388510083
194.04201944011848,0.15025982139464011
194.0459549845752,0.8257117131772264
194.049890529032,0.9810712001477323
194.05382607348872,0.9266325169030845
194.0577616179455,0.44257151837249487
194.06169716240225,0.9088088026973505
194.065632706859,1.3871171020601616
194.06956825131573,0.6811740284670318
194.07350379577247,0.47883126155777833
194.07743934022923,1.0625289551830894
194.081374884686,2.0147120757496224
194.08531042914277,1.5621329349893853
194.08924597359947,0.1675184303391978
194.09318151805624,0.4238570054687471
194.09711706251295,0.8317559318277283
194.10105260696972,1.0340810340118791
194.10498815142648,0.20582747786923192
194.10892369588325,1.2855813008757861
194.11285924034,2.2382439099905636
194.11679478479675,0.34115084699038567
194.1207303292535,0.36581510554010316
194.12466587371023,0.2695907218043309
194.128601418167,0.27969957125642386
194.13253696262376,2.429722106432819
194.1364725070805,3.6329883376306467
194.1404080515373,1.1995557210923478
194.144343595994,0.6436738024262484
194.14827914045077,1.17975877396275
194.1522146849075,0.5418326209909637
194.15615022936424,1.4555623895031027
194.160085773821,2.947786249258246
194.16402131827772,1.547812131182241
194.1679568627345,1.1374553683798712
194.17189240719125,3.7806739951449284
194.175827951648,3.6072240830942093
194.17976349610475,1.2956763754330956
194.18369904056152,0.32619906313805574
194.18763458501823,2.3749638123247734
194.19157012947505,2.567914319027562
194.19550567393176,0.5376979962284519
194.19944121838853,2.4666858364569912
194.20337676284527,1.7218346744807824
194.20731230730203,0.46399438400886445
194.2112478517588,1.5151341352880212
194.21518339621556,0.7528996031964555
194.21911894067227,1.2262683177038132
194.22305448512904,0.4288862076865296
194.22699002958575,0.6830747992598806
194.2309255740425,0.8169980189799372
194.23486111849928,0.41144066172384197
194.238796662956,0.4260089877926111
194.2427322074128,0.06536207581494612
194.24666775186952,1.2065255770126222
194.2506032963263,1.2836859258996334
194.25453884078303,0.3197003145507204
194.2584743852398,0.022210753784281428
194.26240992969653,0.11069635970141194
194.2663454741533,0.11977386129334182
194.27028101861004,0.21300806312291976
194.2742165630668,1.2696845358567748
194.27815210752357,1.260837278188066
194.2820876519803,0.4674667028815986
194.28602319643704,0.7906832664179538
194.2899587408938,0.9875002975909011
194.29389428535052,0.07077790609416613
194.2978298298073,0.9592376940728365
194.30176537426405,0.505853321481174
194.3057009187208,0.3856664462391309
194.30963646317755,0.773656383011014
194.3135720076343,1.5592278722687298
194.31750755209103,4.397347999081909
194.3214430965478,1.5033290920269011
194.32537864100456,0.12961245046564596
194.3293141854613,0.3697935298056248
194.33324972991807,2.9573185002638014
194.3371852743748,1.0293738897236422
194.3411208188316,1.1744499196065188
194.3450563632883,1.527148711614232
194.34899190774507,2.3485753513509744
194.3529274522018,8.410850381533688
194.35686299665855,4.971074434529594
194.3607985411153,0.8269768090310967
194.36473408557208,0.5732592839973261
194.3686696300288,0.504881812133887
194.3726051744856,0.13352635145479075
194.37654071894232,0.5695113108946054
194.3804762633991,1.0544174241700295
194.38441180785583,0.26625420914403236
194.38834735231256,0.3510813197070499
194.39228289676933,1.6824616808500636
194.39621844122607,1.9339716391679638
194.40015398568283,0.8878860813515405
194.4040895301396,1.2646734228060348
194.40802507459637,2.1566332215757993
194.41196061905308,2.4731712805006794
194.41589616350984,1.9114268076280132
194.41983170796655,0.6869175369337743
194.42376725242332,1.1793726854500204
194.42770279688008,1.0943823524569618
194.43163834133685,0.013765887233702147
194.4355738857936,0.3723570033575865
194.43950943025035,0.6392338421827484
194.4434449747071,1.4361169261521585
194.44738051916383,1.2491103638502399
194.4513160636206,0.47813431827408914
194.45525160807736,0.21471648899813175
194.4591871525341,0.2979187349850951
194.46312269699084,0.7458622493777491
194.4670582414476,0.8304779240859819
194.47099378590437,0.4935703970606084
194.4749293303611,0.041732111868038775
194.47886487481784,3.2587011013315226
194.4828004192746,6.433503591998729
194.48673596373132,1.356194122213212
194.4906715081881,1.0074122405402761
194.49460705264485,1.4516676356245015
194.4985425971016,1.0102054300046863
194.5024781415584,0.30195809149338276
194.50641368601512,0.5681690431438446
194.51034923047183,0.8808347333148595
194.51428477492863,0.04125511119308542
194.51822031938536,0.14508105714788033
194.52215586384213,0.02648549235430892
194.52609140829887,0.13388290014290385
194.53002695275563,1.5172552000020598
194.5339624972124,1.7492641223460632
194.53789804166917,0.458502932771871
194.54183358612588,0.06737960526073647
194.5457691305826,1.195430256143408
194.54970467503935,0.9510034375359349
194.5536402194961,3.97014889204629
194.55757576395288,6.237736601312285
194.5615113084096,0.9747527396041844
194.5654468528664,0.5095405596634581
194.56938239732312,0.3099079936622457
194.5733179417799,0.1882304624397364
194.57725348623663,0.6168696819445939
194.5811890306934,4.418010283963797
194.58512457515013,2.7165018501953258
194.5890601196069,0.05564933611857533
194.59299566406364,0.2819002535894043
194.5969312085204,0.1018562258238943
194.60086675297717,0.03681421526274211
194.6048022974339,0.2628559830548201
194.60873784189064,0.04638098656395943
194.6126733863474,0.7246750204071662
194.61660893080412,0.7995513531264045
194.62054447526089,0.07071095774768205
194.62448001971765,2.1176049931652092
194.6284155641744,2.666611998913979
194.6323511086312,0.8006880381146044
194.6362866530879,0.43357084182418354
194.64022219754463,0.5549191252051636
194.6441577420014,0.4465305307376467
194.64809328645816,0.3557104690788376
194.6520288309149,0.25818244502275567
194.65596437537167,0.09406931331823522
194.6598999198284,1.5233303717719837
194.6638354642852,1.2272242700271383
194.6677710087419,1.6784961669008915
194.67170655319867,1.703617306032657
194.6756420976554,0.7284765838380549
194.67957764211215,2.1815235168491216
194.6835131865689,0.4146928047272018
194.68744873102568,0.27829788339682193
194.6913842754824,0.2578431009640586
194.6953198199392,0.6272365458684729
194.69925536439592,0.7100045597667574
194.70319090885263,0.34711159597491753
194.70712645330943,0.6573629437210641
194.71106199776617,1.669711367698111
194.71499754222293,2.7146375865550283
194.71893308667967,3.020230137608851
194.72286863113644,3.1711527868461937
194.7268041755932,0.7882689875628863
194.73073972004997,0.5721576802320624
194.73467526450668,1.8292864120401386
194.73861080896344,0.5730409600857439
194.74254635342015,0.061305506466687774
194.74648189787692,0.2980495564006609
194.75041744233368,0.35800573244053047
194.75435298679045,0.2682881876273648
194.7582885312472,1.4394870066984011
194.76222407570395,3.2426279351899523
194.7661596201607,2.6248105363130976
194.77009516461743,0.6607475041791524
194.7740307090742,0.08394274241681925
194.77796625353093,0.021910459440057376
194.7819017979877,0.09560773674346026
194.78583734244444,0.15211992583002973
194.7897728869012,0.20368911743593845
194.79370843135797,0.01010020696501016
194.7976439758147,0.8412794957357778
194.80157952027145,0.5904876201642771
194.8055150647282,0.8534722553809446
194.80945060918492,3.871049024906296
194.8133861536417,2.5540279767769745
194.81732169809845,1.7306271828119548
194.8212572425552,1.0154513853263205
194.825192787012,0.22068507258164363
194.82912833146872,1.0397743538613529
194.83306387592543,0.29373115089720264
194.83699942038223,0.12327729766557943
194.84093496483897,0.48239691077979097
194.84487050929573,4.07279160630986
194.84880605375247,3.79009123351491
194.8527415982092,0.7498582208911618
194.856677142666,0.2783628681826641
194.8606126871227,0.20363592518662588
194.86454823157948,0.6857608658161777
194.8684837760362,0.05779049422872432
194.87241932049295,1.052775448312854
194.8763548649497,1.621929819337988
194.88029040940648,0.31703384860659156
194.8842259538632,0.2761305925713634
194.88816149832,1.354375950458018
194.89209704277675,0.7271068265733349
194.8960325872335,0.12634627846151414
194.89996813169023,1.0753695517755497
194.903903676147,1.0196179443134175
194.90783922060373,0.1796170665539406
194.9117747650605,0.14054757233819942
194.91571030951724,1.0848105574925933
194.919645853974,1.3658880451810538
194.92358139843077,1.1869766132923454
194.9275169428875,1.7442582547472874
194.93145248734425,1.021259826626391
194.93538803180095,1.0507073794600956
194.93932357625772,1.609457564964446
194.9432591207145,0.508617004211138
194.94719466517125,0.06236161330231576
194.951130209628,0.853604161405394
194.9550657540848,2.020141664491882
194.9590012985415,1.1327067694401134
194.96293684299823,0.31758134129367344
194.966872387455,0.4959315898016773
194.97080793191176,0.505581498812265
194.9747434763685,0.38547126709650487
194.97867902082527,0.11677139182826095
194.982614565282,0.1428034134951791
194.9865501097388,0.04534449403520942
194.9904856541955,0.1824018152276665
194.99442119865228,0.4721958144857215
194.998356743109,0.3143671915135031
195.00229228756575,0.026069307768366322
195.0062278320225,0.7865873657010822
195.01016337647928,1.1959635697633308
195.014098920936,0.6106598199470124
195.0180344653928,0.4643582765710295
195.02197000984955,0.8346785847195363
195.02590555430623,0.865353489509541
195.02984109876303,0.19108734867667482
195.03377664321977,0.22617470948392052
195.03771218767653,1.1943184711926504
195.04164773213327,1.3364742547007606
195.04558327659004,1.4717883312525843
195.0495188210468,1.8729979848565843
195.05345436550357,1.514809100615475
195.05738990996028,0.838731868994964
195.06132545441704,0.3692903307983004
195.06526099887375,0.6831295278954654
195.06919654333052,0.05349867402495464
195.0731320877873,0.6019312206007323
195.07706763224405,0.7216052866703427
195.0810031767008,0.0314512623898717
195.0849387211576,0.00877541120619548
195.0888742656143,0.9174431319993799
195.09280981007103,2.6086589178378428
195.0967453545278,1.800861663845617
195.1006808989845,1.1633227481351858
195.1046164434413,1.9030110535658384
195.10855198789804,2.0726583754876096
195.1124875323548,0.7063626330227183
195.11642307681157,0.7118275424041076
195.1203586212683,1.6317006004413523
195.12429416572505,1.1763364132262755
195.1282297101818,0.08362127718870183
195.13216525463852,0.5938887478088458
195.1361007990953,1.6454213834083529
195.14003634355203,2.6893316938401575
195.1439718880088,1.749878835275476
195.1479074324656,0.0010223232776085495
195.15184297692232,1.0996091971696866
195.15577852137903,0.8795752771959356
195.15971406583583,2.1082539803372473
195.16364961029257,3.190157155161995
195.1675851547493,1.539013412039156
195.17152069920607,0.529451784180956
195.1754562436628,0.2368415304959743
195.1793917881196,0.331526093156433
195.1833273325763,0.44730918118935
195.18726287703308,0.607147657327478
195.19119842148984,0.8815720420629881
195.19513396594655,0.7589416051151936
195.1990695104033,0.30722893780706706
195.20300505486009,0.08891505095761273
195.2069405993168,0.31313549822957737
195.2108761437736,0.5386996571115403
195.21481168823036,0.3212859522685871
195.2187472326871,0.20485230752526784
195.22268277714383,0.23473681561811333
195.2266183216006,0.4656793444362089
195.2305538660573,0.9869761936222055
195.2344894105141,0.5795273539555883
195.23842495497084,0.0551203128415273
195.2423604994276,0.4097370596687833
195.24629604388437,1.584356334165084
195.25023158834108,2.8928825025715827
195.25416713279785,2.079072522906172
195.25810267725456,0.16496833423838395
195.26203822171132,0.547756175830744
195.2659737661681,1.9547405822677182
195.26990931062485,1.8509805668309818
195.2738448550816,1.6186312713602333
195.2777803995384,2.834312156866129
195.2817159439951,1.0329923165123693
195.28565148845183,0.39918202969023375
195.2895870329086,0.8856650600063921
195.29352257736537,0.9740719762058211
195.2974581218221,1.0647519137083619
195.30139366627887,0.08038712182077039
195.3053292107356,0.7743386590652255
195.3092647551924,1.891541726176343
195.3132002996491,1.553237966130242
195.31713584410588,0.8247434460538803
195.3210713885626,0.47409728512616683
195.32500693301932,0.9360366602930884
195.3289424774761,0.5241057324232629
195.33287802193288,0.5492606747710662
195.3368135663896,1.5833889543423376
195.3407491108464,0.5526431356103675
195.34468465530315,5.447387723799322
195.34862019975984,5.121533345798686
195.35255574421663,0.7923064750787377
195.35649128867337,0.382098240187084
195.36042683313013,0.46735003383088236
195.36436237758687,2.0965215528891585
195.36829792204364,1.4356709631686417
195.3722334665004,0.834789416928827
195.37616901095717,1.6316332900851525
195.38010455541388,0.4966512161949932
195.38404009987065,0.39460622373784354
195.38797564432735,0.5495782937359982
195.39191118878412,0.7222356600832884
195.3958467332409,1.7246568680755898
195.3997822776976,1.5412669054554395
195.4037178221544,0.6329577105854973
195.40765336661116,0.22453571124865082
195.4115889110679,0.3701617469336602
195.41552445552463,0.5314448301690707
195.4194599999814,0.3110492614271621
195.4233955444381,1.2194917979515654
195.4273310888949,2.5194783725643637
195.43126663335164,1.1515627181805306
195.4352021778084,0.44914720696827165
195.43913772226517,0.48746823488648716
195.4430732667219,0.28614015985903624
195.44700881117865,1.2725686978625232
195.4509443556354,0.9494489403068562
195.45487990009212,0.6877148656574085
195.4588154445489,0.22568017825522899
195.46275098900568,1.8115318783089598
195.4666865334624,3.3082564520261273
195.4706220779192,2.617222422671861
195.47455762237595,2.2824430168574628
195.47849316683264,2.476723930101378
195.4824287112894,3.1372792363474353
195.48636425574617,2.3543671039729577
195.4902998002029,0.7422314823110622
195.49423534465967,0.15636531665855818
195.4981708891164,1.735164626318979
195.5021064335732,1.989379470191365
195.5060419780299,0.3298940974609478
195.50997752248668,0.2644132147766542
195.51391306694345,0.9113101007593115
195.51784861140015,0.4271268950935785
195.5217841558569,0.5649467715538785
195.5257197003137,2.338224505598461
195.5296552447704,0.4591269954119903
195.5335907892272,0.432230234993977
195.53752633368396,0.5556736002358607
195.5414618781407,4.826695169580424
195.54539742259743,2.680471508321841
195.5493329670542,1.397564947585808
195.5532685115109,6.184993156070021
195.55720405596767,1.356591193532588
195.56113960042444,0.5921989935399191
195.5650751448812,1.4691590419050566
195.56901068933797,0.19263747342094711
195.57294623379468,0.5308701883211404
195.57688177825145,0.8666638679237765
195.58081732270816,0.0035821255034407563
195.58475286716492,0.6826084875061392
195.5886884116217,0.1568819433988204
195.59262395607848,0.7033988238986048
195.5965595005352,0.6269809496063421
195.600495044992,0.30750941937193005
195.6044305894487,0.0023635741427130742
195.60836613390543,0.9870607738920553
195.6123016783622,1.396104923419043
195.61623722281897,0.5106188179429351
195.6201727672757,0.2527895317460182
195.62410831173247,1.0051553371766826
195.6280438561892,1.4574828374406652
195.631979400646,0.8290415387261441
195.6359149451027,0.49833074640861735
195.63985048955945,0.17098659532062283
195.64378603401624,0.18593559444240124
195.64772157847293,0.9855554870224308
195.6516571229297,1.1187087816081518
195.6555926673865,0.20958969446144984
195.6595282118432,0.3696334962139401
195.6634637563,0.5407293451007552
195.66739930075676,1.3088577496676472
195.6713348452135,0.2375479422045065
195.67527038967023,1.4603735960800963
195.67920593412697,1.4116397831982284
195.6831414785837,2.246039431538277
195.68707702304047,3.5172849726979094
195.69101256749724,1.1115167818795502
195.694948111954,0.523870800008315
195.69888365641077,0.14372085764307102
195.70281920086748,1.8720883849555028
195.70675474532425,1.0715276570749965
195.71069028978096,0.46113498452716056
195.7146258342377,0.19511733522587504
195.7185613786945,0.3312062318872827
195.72249692315123,0.14414277440082818
195.726432467608,0.9837187426071519
195.73036801206476,0.34928831178780473
195.7343035565215,0.10908497307681897
195.73823910097823,0.09350058930085822
195.742174645435,0.2740199238517768
195.7461101898917,0.34754145887744126
195.7500457343485,0.6351949440189344
195.75398127880524,0.1945443608373202
195.757916823262,0.4844012320626024
195.76185236771877,0.09403835165540134
195.7657879121755,1.4315417854854648
195.76972345663225,2.1046843310808536
195.77365900108904,0.23259978315438687
195.77759454554572,0.5884601757802352
195.7815300900025,0.23375561614786602
195.78546563445929,0.27285319071670167
195.789401178916,1.1336471583438135
195.7933367233728,2.0444572493495317
195.7972722678295,2.487915278123105
195.80120781228624,1.8308913033712735
195.805143356743,0.6372081487319161
195.80907890119977,1.2032339681267978
195.8130144456565,3.2766365855486526
195.81694999011327,2.3180420769124304
195.82088553457,0.9139388048221219
195.8248210790268,0.6577245569025493
195.8287566234835,0.28125275728279325
195.83269216794028,0.0769302552265603
195.83662771239705,1.6052619656670177
195.84056325685376,1.7972796924584227
195.8444988013105,2.7911663435033884
195.8484343457673,3.1046218971810537
195.85236989022405,0.45472407409542015
195.8563054346808,7.497470624646022
195.86024097913756,7.367356078157586
195.8641765235943,1.396664134431676
195.86811206805103,0.19344429826955384
195.87204761250777,1.0757663214403765
195.8759831569645,4.9120343436873
195.87991870142127,3.9871229144505778
195.88385424587804,0.05582186277946463
195.8877897903348,2.547784606203799
195.89172533479157,2.109177253289642
195.89566087924828,0.08016942773061018
195.89959642370505,1.3209745525077414
195.9035319681618,1.9644269510920949
195.90746751261852,2.4165114658425346
195.9114030570753,2.5025124846091424
195.91533860153208,0.6502823299971657
195.9192741459888,1.4461479562381894
195.9232096904456,1.4078182066889355
195.9271452349023,1.3496544454574657
195.93108077935904,3.5947562940945708
195.9350163238158,0.9808408731322246
195.93895186827257,0.4667272553713551
195.9428874127293,2.0201296206699952
195.94682295718604,2.035876058219437
195.9507585016428,0.7635956514519315
195.95469404609955,1.2676818784943926
195.9586295905563,2.48486874484454
195.96256513501305,1.4290745739647435
195.96650067946985,0.272039537185645
195.97043622392653,0.011635128183858477
195.9743717683833,0.3062423983797867
195.9783073128401,0.835631668963692
195.9822428572968,0.11985264084255205
195.9861784017536,0.42625495709422345
195.99011394621036,0.10856171395140835
195.99404949066707,0.8255351742508433
195.99798503512383,0.5075024175978335
196.00192057958057,0.41579931175088947
196.0058561240373,1.7941204937305422
196.00979166849407,0.617712055966603
196.01372721295084,0.3494955084694003
196.0176627574076,1.4681863892297267
196.02159830186437,2.602304284512748
196.02553384632108,1.3740469833600322
196.02946939077785,0.8942730852930251
196.03340493523456,1.9093601465372876
196.03734047969127,5.393673471093759
196.0412760241481,4.523200466509502
196.04521156860483,2.3636378617419984
196.0491471130616,3.1551779325048415
196.05308265751836,3.381011909317651
196.0570182019751,1.5115791327257324
196.06095374643184,1.7782443492674034
196.0648892908886,3.083384173276404
196.0688248353453,0.6728833209004131
196.0727603798021,0.4219944845856311
196.07669592425884,0.7454372964483116
196.0806314687156,0.37622677098284274
196.08456701317235,0.4292312373582962
196.0885025576291,1.0131461731161922
196.09243810208585,2.967427675278861
196.09637364654265,1.480105829039038
196.10030919099933,0.463382906124905
196.1042447354561,0.5965843309518232
196.1081802799129,2.7670079936474083
196.1121158243696,1.4545144141604014
196.1160513688264,0.10265424913201578
196.1199869132831,0.47459364388596315
196.12392245773987,0.41913665631343394
196.1278580021966,0.7953835698822741
196.13179354665337,1.237287492490549
196.1357290911101,3.4949644392345207
196.13966463556687,0.6308531205203781
196.1436001800236,0.4150196933822823
196.1475357244804,0.6163296462660593
196.15147126893712,0.8191131611618087
196.15540681339388,0.455231423911607
196.15934235785065,1.266676185465762
196.16327790230736,0.508449824786675
196.16721344676407,1.438708493343327
196.1711489912209,1.895316472672621
196.17508453567763,0.3765699565167235
196.1790200801344,2.0534821369940777
196.18295562459116,2.6268945786101616
196.18689116904787,0.3207915785903969
196.19082671350463,1.7147132063658208
196.19476225796137,4.9400186001376385
196.1986978024181,8.018437564965978
196.20263334687488,5.502332648762769
196.20656889133164,0.29866716234669727
196.2105044357884,0.7471836571033982
196.21443998024515,1.3258610818184624
196.21837552470188,0.7356336808870014
196.22231106915865,0.9849120471578363
196.2262466136154,2.3077614244325355
196.23018215807213,0.9445659681173145
196.2341177025289,0.7827676674318323
196.2380532469857,1.6201151313069395
196.2419887914424,2.0015940058005186
196.2459243358992,1.4263849866772096
196.2498598803559,0.9531839989425352
196.2537954248127,0.7031817443923466
196.2577309692694,0.16353348693516484
196.2616665137261,0.05169378946137145
196.2656020581829,1.81384671062197
196.26953760263964,5.113034299562388
196.2734731470964,3.7881968471660663
196.27740869155315,0.5303870623742657
196.28134423600991,0.001329617225269133
196.28527978046665,0.10259810372203669
196.28921532492345,1.1906667506392685
196.29315086938016,1.2642695004270015
196.2970864138369,0.06581418198678016
196.3010219582937,0.9809424858067117
196.30495750275043,1.4028489834808653
196.3088930472072,0.6552921021067716
196.31282859166396,0.033679226365557514
196.31676413612067,0.5549469584344587
196.32069968057743,0.34547638474853976
196.32463522503417,0.40704965535452164
196.3285707694909,0.619059400903204
196.33250631394768,1.144786136760021
196.3364418584044,0.41981559742903
196.3403774028612,0.5710407359037878
196.34431294731792,1.6429787892402794
196.34824849177468,0.11800181453379857
196.35218403623145,0.16968764276224052
196.3561195806882,0.0021294711932436103
196.36005512514487,0.2495537153985398
196.3639906696017,0.08210480148661073
196.36792621405843,0.22053072068360316
196.3718617585152,0.004054226517799286
196.37579730297196,0.14662608849775097
196.3797328474287,0.03405807478896057
196.38366839188544,0.35571244008525127
196.3876039363422,1.2008589986446285
196.3915394807989,1.498091639285514
196.3954750252557,0.10394602753135987
196.39941056971244,1.5996972419513193
196.4033461141692,1.751520576690933
196.40728165862595,3.892418032757291
196.4112172030827,1.7415163727827079
196.41515274753945,0.13032127325151427
196.4190882919962,0.8130136514802981
196.42302383645296,1.040521199413479
196.4269593809097,0.7767229601145688
196.4308949253665,2.6149258124918866
196.4348304698232,5.021204269408903
196.43876601428,1.702449479387064
196.4427015587367,0.31762146314206874
196.44663710319347,0.9569541399116138
196.4505726476502,1.0400621926396634
196.45450819210697,0.6137196297715558
196.4584437365637,0.11292527771388529
196.46237928102047,0.5173232156718532
196.4663148254772,2.3302990841498583
196.470250369934,2.3469434033541123
196.47418591439072,0.7226028856130702
196.47812145884748,0.19596029006311572
196.48205700330425,0.5621606825455999
196.485992547761,0.20540917715004522
196.48992809221767,0.3724101502401413
196.4938636366745,0.44629380996463863
196.49779918113123,0.3333017608122584
196.501734725588,0.21923457490775086
196.50567027004476,0.268913280090915
196.50960581450147,0.5496080034100166
196.51354135895824,0.4111986083340578
196.51747690341497,0.382536666409448
196.5214124478717,0.761202163311437
196.52534799232848,0.26620273733167893
196.52928353678524,0.07016177923221156
196.533219081242,0.7665613161573315
196.53715462569875,0.7472722953667187
196.54109017015548,0.07924756154034844
196.54502571461225,0.13787071983709434
196.548961259069,0.5012199335040259
196.55289680352573,1.2255391650161767
196.5568323479825,1.371997019312831
196.5607678924393,0.5300379220638337
196.564703436896,0.09401971596966986
196.5686389813528,0.20337910732011324
196.5725745258095,1.4852354344497067
196.57651007026624,1.4895831186150514
196.580445614723,0.21120406820619705
196.5843811591797,1.6203615914787644
196.5883167036365,3.016930956571492
196.59225224809325,0.9373929102035218
196.59618779255,0.18798824930824615
196.60012333700675,1.30301420237158
196.60405888146352,0.6613009743379055
196.60799442592025,0.15000271872338067
196.61192997037705,0.3019094466313086
196.61586551483376,0.3759707535799069
196.61980105929047,1.062028280745932
196.6237366037473,1.791654603872939
196.62767214820403,0.761789122602466
196.6316076926608,0.31538809781550087
196.63554323711756,0.2255126847480531
196.63947878157427,0.16945755632960202
196.64341432603103,0.34942346793667206
196.64734987048777,0.0791452668293029
196.6512854149445,1.061336432627412
196.65522095940128,1.4654644946091104
196.659156503858,0.3773353345222123
196.6630920483148,0.40240524188592053
196.66702759277152,0.17252879499584978
196.67096313722828,0.009298052957496885
196.67489868168505,0.04178032963640988
196.6788342261418,0.26437437286994
196.68276977059853,0.6123287353591853
196.6867053150553,0.10184848660674835
196.69064085951203,0.5266909667129089
196.6945764039688,1.6037300743064473
196.69851194842556,0.6658983276233266
196.7024474928823,0.14218179739507536
196.70638303733904,0.7463836077238786
196.7103185817958,0.6672642893773107
196.7142541262525,1.085368829456799
196.7181896707093,0.18858431030981068
196.72212521516605,0.7924843074696964
196.7260607596228,1.296455438460918
196.72999630407955,0.2520650807160988
196.7339318485363,0.9456895711956764
196.73786739299305,0.964736269247668
196.7418029374498,4.739096048066509
196.74573848190656,2.6207024345103878
196.7496740263633,0.13754331514711823
196.7536095708201,0.17928620391712133
196.7575451152768,0.6650714255005763
196.7614806597336,2.5106970838236693
196.7654162041903,2.0446316617480074
196.76935174864707,0.913052617010697
196.7732872931038,0.19808747936787457
196.77722283756057,0.6169312663256016
196.7811583820173,2.0279641735266027
196.78509392647408,1.397132178156533
196.7890294709308,0.1292740039426075
196.7929650153876,0.9655846220706057
196.79690055984432,0.3880270841510504
196.80083610430108,1.212553338641882
196.80477164875785,0.5188636351382542
196.80870719321456,0.30908288431638214
196.81264273767133,1.136147067834081
196.8165782821281,0.19319493006673977
196.82051382658483,0.40025710776905016
196.8244493710416,0.6443356610554154
196.82838491549836,0.3179679977490223
196.83232045995507,0.2819715789462829
196.83625600441184,0.03206709739008969
196.84019154886855,0.18518728151620475
196.8441270933253,0.2738246931051097
196.84806263778208,0.1684167966408672
196.85199818223884,1.3013422217041295
196.8559337266956,2.395213264179674
196.85986927115235,1.803131642793186
196.8638048156091,4.48764674452851
196.86774036006585,1.3116272450073077
196.8716759045226,0.5031437548482255
196.87561144897936,0.8448879642772092
196.8795469934361,0.16256435239652628
196.88348253789283,0.7662579647152893
196.8874180823496,1.5240804820770169
196.89135362680636,1.79062644042157
196.8952891712631,0.01654672166778373
196.89922471571984,1.774037780391715
196.9031602601766,1.4865054065271621
196.90709580463331,0.5455556859915262
196.9110313490901,0.9214389270165958
196.91496689354685,2.1097623910622034
196.9189024380036,2.3184918200108395
196.92283798246035,1.2970561739478947
196.92677352691712,1.0312498855721424
196.93070907137383,1.552951475885363
196.93464461583065,0.866110518748382
196.93858016028736,0.5520128901117857
196.94251570474407,1.3804080686452713
196.9464512492009,2.275176180826553
196.95038679365763,1.5976060387274544
196.9543223381144,0.3511722736016937
196.95825788257116,0.3169971475702815
196.96219342702787,0.0016112319733883565
196.9661289714846,1.6229505259521895
196.97006451594137,1.940064247980623
196.9740000603981,0.6644325926221959
196.97793560485488,0.8822663056971201
196.9818711493116,0.2514944237839063
196.9858066937684,2.139571092849376
196.98974223822512,0.04428795973805294
196.99367778268189,2.27139526658517
196.99761332713865,1.2054990819760574
197.0015488715954,0.4911661105546941
197.00548441605213,1.019018023500594
197.0094199605089,0.07533945493771746
197.01335550496563,0.25144018200626794
197.0172910494224,1.1665591410137224
197.02122659387916,1.0338721996418452
197.0251621383359,0.5681945020223347
197.02909768279264,3.794916237522277
197.0330332272494,2.9168523121485572
197.0369687717061,1.038915211931916
197.04090431616288,0.20285435250786973
197.04483986061965,1.9723657414160705
197.0487754050764,0.32021556164657583
197.05271094953315,0.8394778508392967
197.0566464939899,1.5795524398221803
197.06058203844665,0.835311448645074
197.0645175829034,1.2353548780768857
197.06845312736016,3.5100678254527415
197.0723886718169,2.724682617724115
197.0763242162737,2.03165290742109
197.0802597607304,1.1778935103692156
197.0841953051872,0.43509322073014245
197.0881308496439,1.2009895906858559
197.09206639410067,0.0393904657649302
197.0960019385574,0.6420826076209484
197.09993748301417,0.40032898797095473
197.1038730274709,1.3553119141786336
197.10780857192768,0.5809452336061087
197.1117441163844,0.8109859933535284
197.1156796608412,0.6517414906305282
197.11961520529792,0.13485688648946517
197.12355074975463,0.2863257527451068
197.12748629421145,0.41573788344692214
197.13142183866816,0.25574766353901884
197.13535738312493,1.7416926829980552
197.1392929275817,1.5804210323195695
197.14322847203843,1.4408772914359254
197.1471640164952,1.933135734166854
197.15109956095196,0.8115973090846
197.15503510540867,0.5467885653437586
197.15897064986544,0.5556328357239939
197.16290619432215,0.13244012131674018
197.1668417387789,1.8622366465598446
197.17077728323568,3.247833621682125
197.17471282769245,0.27828200444626017
197.1786483721492,1.9060691917605457
197.18258391660595,0.8850713526997146
197.1865194610627,0.6610104064739407
197.19045500551945,2.1296678718704456
197.1943905499762,0.6471099337085172
197.19832609443293,2.143532599602065
197.2022616388897,2.368732151441658
197.20619718334643,0.5950551022043011
197.2101327278032,0.007502050213053648
197.21406827225996,0.41316219391667386
197.2180038167167,0.6433074620850293
197.22193936117344,0.3962748133444645
197.2258749056302,0.12819960614933507
197.22981045008692,0.9395133655403878
197.2337459945437,0.597555009675945
197.23768153900045,0.4555847268530741
197.2416170834572,3.2243229290933644
197.24555262791395,1.865975037537671
197.24948817237072,0.07700451601627238
197.25342371682743,1.5561456916152008
197.25735926128425,1.5629729615936492
197.26129480574096,0.8270912862825277
197.26523035019773,0.8827219032350896
197.2691658946545,0.9411943603628709
197.27310143911123,0.20125472469626834
197.277036983568,1.19197908953289
197.2809725280247,1.3573909332894827
197.28490807248147,0.44593222705620256
197.2888436169382,1.2493305346953805
197.29277916139495,0.5920478662796401
197.2967147058517,0.34393276266923944
197.30065025030848,1.0173734894054234
197.3045857947652,0.1677533165299965
197.308521339222,2.0089819892182494
197.31245688367872,6.316484860236986
197.3163924281355,5.262602468437137
197.32032797259225,1.2597162329460179
197.324263517049,0.8734142628441357
197.32819906150573,0.6449636672414668
197.3321346059625,0.0962240815375152
197.33607015041923,0.46289322298747065
197.340005694876,0.20809351236367754
197.34394123933276,0.5924250070577434
197.3478767837895,0.8674527963778967
197.35181232824624,0.6237891984008824
197.35574787270295,1.0733961450953895
197.35968341715972,1.0156720902830805
197.36361896161648,0.12244482452325427
197.36755450607325,0.8303187255962117
197.37149005053,1.3089636921157743
197.37542559498675,0.4492356853813376
197.3793611394435,0.1506649861693822
197.38329668390023,0.010395630628964023
197.387232228357,0.10432411078788684
197.39116777281376,0.5239563883380847
197.3951033172705,0.856913820122116
197.3990388617273,0.40809137042663896
197.402974406184,0.24705838562365787
197.4069099506408,0.03443524451788238
197.4108454950975,0.37749524469687995
197.41478103955427,0.38587622576424013
197.418716584011,0.1291346957129966
197.42265212846775,0.23288668381205868
197.4265876729245,0.8697151686600824
197.43052321738125,0.8957762157212941
197.434458761838,0.2146562931178
197.43839430629475,0.14921702036592085
197.44232985075152,0.291916815488471
197.44626539520823,0.045398656677709356
197.45020093966505,0.2946131869214606
197.45413648412176,0.25867185292953804
197.45807202857853,0.19592253849429303
197.4620075730353,0.5107950458396651
197.46594311749203,0.02402967759025857
197.4698786619488,0.45282968111021193
197.47381420640556,0.8374575641073524
197.47774975086227,0.5693059944478542
197.48168529531904,0.036831380572938104
197.48562083977575,0.073100032278088
197.48955638423251,0.2638976389101005
197.49349192868928,1.2273786030605125
197.49742747314605,0.23416756203526914
197.5013630176028,0.3017104753617769
197.50529856205955,0.35197255313044495
197.5092341065163,0.1835363904373805
197.51316965097303,0.09253245659682263
197.5171051954298,0.4352468974748147
197.52104073988653,0.39626115104906423
197.5249762843433,0.5098455518915395
197.52891182880003,0.615123649289096
197.5328473732568,0.09546599683129646
197.53678291771357,1.1897812352435717
197.5407184621703,1.0636616290070453
197.54465400662704,0.5916137490928592
197.5485895510838,0.3145083865582311
197.55252509554052,0.35754787807449895
197.5564606399973,0.1264180552263105
197.56039618445405,1.1921081647875402
197.5643317289108,0.8488737618109293
197.56826727336755,0.013830056372365196
197.57220281782432,0.25298240883743545
197.57613836228103,0.135764003568311
197.58007390673785,0.15355786552704126
197.58400945119456,0.52823527122277
197.5879449956513,1.6208674633994324
197.5918805401081,0.5019405115282913
197.5958160845648,0.0033853015702718934
197.5997516290216,0.37380229022114864
197.6036871734783,1.536197502544814
197.60762271793507,0.6631143450789259
197.6115582623918,0.08078623324530326
197.61549380684855,0.002852427824325001
197.6194293513053,0.2024188031841377
197.62336489576208,0.04986988076056065
197.6273004402188,0.4952576072919832
197.6312359846756,0.28815120071051387
197.63517152913232,0.41044969473156556
197.6391070735891,0.16714757913862402
197.64304261804585,0.37564589080283084
197.6469781625026,0.5427826363614437
197.65091370695933,0.07900739169782058
197.6548492514161,0.5981169489691381
197.65878479587283,0.37922794537747806
197.6627203403296,1.2118098912557156
197.66665588478637,1.2123569332354793
197.67059142924307,2.1199817808352766
197.67452697369984,0.8123684129577824
197.67846251815655,0.24513572122601648
197.68239806261332,0.5465606960748255
197.68633360707008,0.9139666203075116
197.69026915152685,0.60002919881955
197.6942046959836,0.25735680300948427
197.69814024044035,0.9847748225934723
197.7020757848971,0.23149828269406336
197.70601132935383,0.0776218480379264
197.7099468738106,0.2883793992293116
197.71388241826736,0.7424399529494465
197.7178179627241,0.5800405851858955
197.7217535071809,0.12082701361510095
197.7256890516376,0.027182174830409977
197.7296245960944,0.5648265262008019
197.7335601405511,0.6443527370213132
197.73749568500787,0.15837983751248025
197.7414312294646,1.9663715615113055
197.74536677392132,1.3505557441460943
197.7493023183781,0.4777347995395025
197.75323786283485,1.7726123009460621
197.7571734072916,0.5621974132543628
197.76110895174835,1.541448888995692
197.76504449620512,1.306318929084321
197.76898004066183,0.03530523996025644
197.77291558511865,1.1704586436697682
197.77685112957536,0.5432089603430714
197.78078667403213,0.17624839246510546
197.78472221848887,0.2374203747402693
197.78865776294563,0.1976524720926748
197.7925933074024,0.7018387967474946
197.79652885185916,0.42334480739467883
197.80046439631587,0.826628963799964
197.80439994077264,0.43010046665632207
197.80833548522935,0.1717543298887467
197.81227102968612,0.459328291037345
197.81620657414288,0.2970959452000438
197.82014211859965,2.590471593071012
197.8240776630564,1.1483076093595366
197.82801320751312,0.15446290115700442
197.8319487519699,0.18098602904358907
197.83588429642663,1.6635457845031256
197.8398198408834,1.6093502041322298
197.84375538534013,0.09169096349392651
197.8476909297969,1.2770536904601761
197.85162647425364,1.1410736060192728
197.8555620187104,1.5028168601937726
197.85949756316717,1.0665335078845994
197.8634331076239,0.7753734445346412
197.86736865208064,0.7962832951689054
197.8713041965374,0.29854708504647237
197.87523974099412,0.7272218427945681
197.8791752854509,1.7419593560521665
197.88311082990765,0.3961777660230778
197.8870463743644,0.5862323736222814
197.89098191882115,1.6985902584858534
197.89491746327792,0.6680745401300997
197.89885300773463,0.3017671065042952
197.9027885521914,0.5738157889454154
197.90672409664816,0.02525331222553479
197.9106596411049,0.7809211306777687
197.91459518556167,2.118943798118554
197.9185307300184,1.795522227796485
197.9224662744752,0.7781684872745354
197.9264018189319,0.09143778086216416
197.93033736338867,0.06807753346346948
197.9342729078454,0.768670602012079
197.93820845230215,1.6767565793327959
197.9421439967589,0.44584878961498264
197.94607954121568,1.141487556577327
197.9500150856724,4.362124624767639
197.9539506301292,2.652109945396583
197.95788617458592,0.02843531590852434
197.9618217190427,1.096101606174805
197.96575726349943,0.5984423590949944
197.9696928079562,0.3220739985309615
197.97362835241293,0.485828266094349
197.97756389686967,0.15352436218795273
197.98149944132643,0.8704700737696791
197.9854349857832,0.2313737566628059
197.98937053023997,1.9176222688245674
197.99330607469668,0.6764421919681668
197.99724161915344,0.45881083891331376
198.00117716361015,2.768597215213502
198.00511270806692,5.342916750643053
198.00904825252368,5.746737032779723
198.01298379698045,2.7521306248171302
198.0169193414372,0.2692061580541272
198.02085488589395,3.0196435639483123
198.0247904303507,3.1131079293776347
198.02872597480743,2.9052008216548453
198.0326615192642,3.91102690805562
198.03659706372096,0.7808582789595827
198.0405326081777,1.1485721359198355
198.0444681526345,2.324122173557636
198.0484036970912,0.6558581658520705
198.052339241548,0.0702456456983045
198.0562747860047,0.00043986058442315606
198.06021033046144,2.0139160512078504
198.0641458749182,3.4689097271312046
198.06808141937492,0.2496974945411671
198.0720169638317,3.0710147134159422
198.07595250828845,4.876892674466021
198.0798880527452,2.278191099843237
198.083823597202,0.20796353016486657
198.08775914165872,0.30263111415683486
198.09169468611543,0.6493843010183077
198.09563023057223,0.8210760999665505
198.09956577502896,1.647516968219222
198.10350131948573,0.9358055478220864
198.10743686394247,0.14015158112157597
198.11137240839923,0.2509850948930632
198.115307952856,1.0841674858570476
198.11924349731277,1.252481929735597
198.12317904176948,0.8523399467207298
198.12711458622624,0.9304119381312781
198.13105013068295,0.061660895216040554
198.1349856751397,1.6233040889091357
198.13892121959648,1.034956378663673
198.1428567640532,0.28974142733674435
198.14679230851,0.27109194357974187
198.15072785296672,1.4335048050619181
198.1546633974235,1.279941244444324
198.15859894188023,1.1338508113075274
198.162534486337,2.7520973904703174
198.16647003079373,2.252667479520554
198.1704055752505,3.234437040643522
198.17434111970724,2.907614209502435
198.178276664164,5.167210371867049
198.18221220862077,7.204207553311265
198.1861477530775,0.5925283557416733
198.19008329753424,1.2918381586745045
198.194018841991,2.826806593828779
198.19795438644772,10.975228177592387
198.2018899309045,8.29898317205066
198.20582547536125,1.3349270621478861
198.209761019818,0.5394947226315623
198.2136965642748,1.0237937442357201
198.2176321087315,2.4443512627755126
198.22156765318823,0.5989503606828612
198.225503197645,1.8844031678204152
198.22943874210176,1.2466963022199715
198.2333742865585,0.500850301454974
198.23730983101527,1.9986438016980403
198.241245375472,4.348348832464226
198.2451809199288,0.037765195915105056
198.2491164643855,2.5897104702142943
198.25305200884227,2.495264993379813
198.256987553299,4.828863750348716
198.26092309775575,2.5375556326752657
198.2648586422125,0.26801621904518763
198.26879418666928,1.3352231457621782
198.272729731126,6.031564548261224
198.2766652755828,2.1687299175633648
198.28060082003952,2.0182452258745625
198.2845363644963,10.222713504748217
198.28847190895303,14.17929015527155
198.29240745340977,11.134751310877476
198.29634299786653,4.700317978713365
198.30027854232327,1.7219220626508498
198.30421408678004,0.03343669296854744
198.3081496312368,0.9415274690164294
198.31208517569357,0.962350951311203
198.31602072015028,1.0445909373869173
198.31995626460704,0.10053747276970033
198.32389180906375,0.3347444520889603
198.32782735352052,0.21184792967693813
198.33176289797728,1.8596772312473366
198.33569844243405,2.6031487712388706
198.3396339868908,0.8969239049184397
198.34356953134755,0.018079526151820593
198.3475050758043,0.2587302809144152
198.35144062026103,4.022717147155134
198.3553761647178,12.347205717250597
198.35931170917456,8.099628871808754
198.3632472536313,1.3774101730372625
198.36718279808807,1.585859432691767
198.3711183425448,0.9240380377382003
198.37505388700157,8.034714326745727
198.3789894314583,3.161698900350931
198.38292497591505,7.691069469113155
198.3868605203718,15.601985889961712
198.39079606482852,5.565035234791304
198.3947316092853,1.5383401266382886
198.39866715374205,3.1885559797873997
198.4026026981988,0.9145821618046628
198.4065382426556,4.652264000212744
198.41047378711232,10.916490644277575
198.41440933156903,1.7163246298597623
198.41834487602583,4.9419824002735115
198.42228042048256,9.489553695145261
198.42621596493933,4.8089681924959615
198.43015150939607,3.6412381482792586
198.43408705385283,4.364957079238706
198.4380225983096,1.4632877907381203
198.44195814276637,1.9771267055137116
198.44589368722308,2.7100199296552883
198.4498292316798,1.2909551017452356
198.45376477613655,7.073224273519488
198.4577003205933,5.023280470878352
198.46163586505008,0.10405739103267618
198.4655714095068,1.5313752038594994
198.4695069539636,3.068712494126196
198.47344249842035,3.2991611575308744
198.4773780428771,4.049093540074661
198.48131358733383,6.040985638931413
198.4852491317906,6.961234573520667
198.48918467624733,2.7477552284362186
198.4931202207041,0.16814870120616165
198.49705576516084,2.260733766125989
198.5009913096176,2.2539307166371922
198.50492685407437,1.1434342770972645
198.5088623985311,1.0246562538075932
198.51279794298785,1.1884009959783912
198.5167334874446,0.17443244823787352
198.52066903190132,0.5608663233743911
198.5246045763581,0.3543127042751735
198.52854012081485,0.16402036023272504
198.5324756652716,0.43112223927065063
198.5364112097284,0.7640453065220568
198.5403467541851,2.865474796824008
198.54428229864183,3.104710200344781
198.5482178430986,5.050960847616685
198.55215338755536,4.514417932087832
198.5560889320121,1.5499429629023682
198.56002447646887,0.8944434948055028
198.5639600209256,0.12141903626139548
198.5678955653824,0.26057418522144515
198.5718311098391,0.9133625799840958
198.57576665429588,1.8873204231811984
198.5797021987526,2.04417926079206
198.58363774320935,0.3439506807943826
198.5875732876661,0.11986917203288301
198.59150883212288,0.46234622567383266
198.5954443765796,1.4036590562390443
198.5993799210364,1.1982570458628103
198.60331546549315,0.13419433223065727
198.60725100994983,0.5713411286066957
198.61118655440663,0.12462683661995952
198.61512209886337,0.33040290753993923
198.61905764332013,0.7896986290324945
198.62299318777687,0.3156799826791047
198.62692873223364,0.09357797971315356
198.6308642766904,0.9999873983396678
198.63479982114717,0.38401810079496573
198.63873536560388,0.8068111465098337
198.64267091006064,3.249807669702231
198.64660645451735,2.2383297928895467
198.65054199897412,2.9009348271259805
198.6544775434309,3.791920918659594
198.65841308788765,1.8133627278237374
198.6623486323444,0.808189854910125
198.6662841768012,1.7438255288527729
198.6702197212579,0.9785186021934389
198.67415526571463,0.7026379130755774
198.6780908101714,1.0971854814813482
198.6820263546281,0.7377884684925622
198.6859618990849,0.5082794101952788
198.68989744354164,1.7496740047688821
198.6938329879984,1.0079428070564103
198.69776853245517,0.23433760949523708
198.7017040769119,1.1252106918266092
198.70563962136865,2.7160808066287343
198.7095751658254,1.2763317772071527
198.71351071028212,2.09210575824604
198.7174462547389,4.151831867270527
198.72138179919563,3.573877194431247
198.7253173436524,1.2059392835963016
198.7292528881092,0.24223474510418833
198.73318843256592,1.2182419937786793
198.73712397702263,0.9723265953187351
198.74105952147943,1.8304409982878012
198.74499506593617,0.9414619712929063
198.74893061039293,0.17005769351114394
198.75286615484967,0.49882222389531716
198.75680169930644,1.3083340399846353
198.7607372437632,0.1512440840845402
198.7646727882199,1.8059378867627223
198.76860833267668,2.833076943961235
198.77254387713344,1.7493112786481761
198.77647942159015,2.1464842098768275
198.7804149660469,3.941195952323472
198.78435051050369,3.313553993640895
198.7882860549604,0.7541213243303622
198.7922215994172,2.24550695764192
198.79615714387396,5.083586693331792
198.8000926883307,3.3094362768485417
198.80402823278743,0.2628932944129308
198.8079637772442,0.586051876021563
198.8118993217009,0.31655236109344637
198.8158348661577,0.9595431162294112
198.81977041061444,2.5383652215309134
198.8237059550712,0.9230500233045452
198.82764149952797,4.693352082859207
198.8315770439847,4.400495982198325
198.83551258844145,2.1926401028231113
198.83944813289816,2.071731121379094
198.84338367735492,1.8869403294280642
198.8473192218117,0.29429872313468214
198.85125476626845,0.46203977849131933
198.8551903107252,0.4270106542734111
198.859125855182,0.3783295522940472
198.8630613996387,0.44134175433275424
198.86699694409543,0.17435689894519493
198.8709324885522,0.9266842025893203
198.87486803300897,0.2760776817316262
198.8788035774657,0.13666458909379842
198.88273912192247,0.675274597299865
198.8866746663792,1.3029576755846286
198.890610210836,0.04912514965851258
198.8945457552927,2.3075792209613963
198.89848129974948,3.038095387532111
198.9024168442062,0.7314280670574808
198.90635238866295,0.16612883735802056
198.9102879331197,0.13924543763215394
198.91422347757648,0.028782480577558663
198.9181590220332,0.034837996580244564
198.92209456649,0.652925490614732
198.92603011094675,2.153562918917527
198.92996565540344,2.669587439392692
198.93390119986023,2.0020734933213187
198.93783674431697,2.0101840807371145
198.94177228877373,1.7575855345024167
198.94570783323047,1.180817074789602
198.94964337768724,1.0927497601308405
198.953578922144,0.9556220737618544
198.95751446660077,1.8389198042099073
198.96145001105748,2.642585193342617
198.96538555551425,1.0848260512321877
198.96932109997095,0.05345371700566076
198.97325664442772,0.05054498391283804
198.9771921888845,0.03213534667128949
198.98112773334125,0.011996354806175946
198.985063277798,0.08458443664654355
198.9889988222548,0.06839564384732216
198.9929343667115,0.43182721317390743
198.99686991116823,1.4790218507108677
199.000805455625,1.2206421727906425
199.0047410000817,0.03925484487316267
199.0086765445385,1.41533652683819
199.01261208899524,1.4893249578902403
199.016547633452,0.15805772154823902
199.02048317790877,1.2895866537379144
199.0244187223655,0.6964531095961493
199.02835426682225,0.32271978353405123
199.032289811279,0.2316775991283072
199.03622535573572,0.20730470378661245
199.0401609001925,0.16723181110554242
199.04409644464928,0.5256541715125441
199.048031989106,1.5984910140489046
199.0519675335628,0.5329697800882941
199.05590307801955,0.11832536279975192
199.05983862247624,0.48014207641536716
199.06377416693303,0.06435592200673253
199.06770971138977,0.4220473643147353
199.0716452558465,0.841142811692988
199.07558080030327,0.6158157766132365
199.07951634476,0.2922332992084855
199.0834518892168,0.08237079070557293
199.0873874336735,0.021296373598489415
199.09132297813028,0.37802592614735947
199.09525852258705,0.5481067756722363
199.09919406704375,0.05534926151911409
199.1031296115005,0.18389236647199678
199.1070651559573,0.6258510594809377
199.111000700414,0.8992116781611624
199.1149362448708,0.6085978578377297
199.11887178932756,0.15205519452220048
199.1228073337843,0.26439275164026216
199.12674287824103,0.34464277868261195
199.1306784226978,0.4237273207099759
199.1346139671545,0.9082852391051022
199.1385495116113,0.8363909438061761
199.14248505606804,0.8342222478021554
199.1464206005248,1.2761611062020972
199.15035614498157,2.0347691628570064
199.15429168943828,1.461182160746805
199.15822723389505,0.194137696782952
199.16216277835176,1.378156654625353
199.16609832280852,1.2056901273257967
199.1700338672653,0.5096173609614512
199.17396941172208,0.43715965803709056
199.1779049561788,0.6079878092433609
199.1818405006356,0.1688770533500916
199.1857760450923,0.23634304323618155
199.18971158954903,0.26288006081979437
199.1936471340058,0.680312053275655
199.19758267846257,1.079271297712365
199.2015182229193,0.5680540845973073
199.20545376737607,2.0807191466839714
199.2093893118328,0.7797406423204895
199.2133248562896,1.3216195928757184
199.2172604007463,1.830995081719671
199.22119594520308,0.15323331575831806
199.22513148965984,0.6082586493735188
199.22906703411653,0.8234464151953296
199.2330025785733,0.3597664369047163
199.2369381230301,1.1028426600261105
199.2408736674868,3.731860234911375
199.2448092119436,2.2646337110590196
199.24874475640036,0.9947682256151348
199.2526803008571,0.7394581878938662
199.25661584531383,0.00820309257225741
199.26055138977057,1.1124460297675902
199.2644869342273,1.813938128930401
199.26842247868407,1.1938303020347438
199.27235802314084,0.6236244257835891
199.2762935675976,0.018347069758462675
199.28022911205437,0.5517701652183673
199.28416465651108,0.5704375849368789
199.28810020096785,0.45401331350967755
199.29203574542456,0.9705145472778466
199.29597128988132,0.7425943838868919
199.2999068343381,0.5718253545720128
199.30384237879483,1.8083610832892358
199.3077779232516,3.6227479040602018
199.31171346770836,5.089573462468538
199.3156490121651,1.0516893007942953
199.31958455662183,1.7903555047634323
199.3235201010786,4.495116640600602
199.3274556455353,0.3578073537323503
199.3313911899921,0.5825741557897123
199.33532673444884,0.06115315839771263
199.3392622789056,0.4021057774473293
199.34319782336237,0.002880433741454069
199.3471333678191,0.9254393367327753
199.35106891227585,0.4980363318398128
199.35500445673264,0.041486136896052635
199.35894000118932,0.028956480405853902
199.3628755456461,0.768276009189161
199.36681109010289,0.15267130723437436
199.3707466345596,2.2346261656100834
199.3746821790164,3.5155396654327786
199.37861772347316,0.5912842883003169
199.38255326792984,0.0939572550379396
199.3864888123866,0.043389354226040344
199.39042435684337,0.027014159175178198
199.3943599013001,0.4802705563265515
199.39829544575687,2.2076498126420967
199.4022309902136,1.963306647426961
199.4061665346704,0.2576941363700355
199.4101020791271,0.5378371017356361
199.41403762358388,0.1956820406958851
199.41797316804065,0.4407032996180693
199.42190871249736,1.4002585096040265
199.4258442569541,1.5126189403486408
199.4297798014109,1.8283172316916825
199.43371534586765,1.4621755494247308
199.4376508903244,2.3317823228705703
199.44158643478116,1.0526312364632888
199.4455219792379,0.046824487976017785
199.44945752369463,0.18129705977709315
199.4533930681514,0.1832998124790143
199.4573286126081,1.8506903125719167
199.4612641570649,1.8691999408172635
199.46519970152164,0.5391260140673845
199.4691352459784,0.0657672517105227
199.47307079043517,0.25831690596991413
199.47700633489188,0.3141299134653718
199.48094187934865,1.538783417140438
199.4848774238054,1.080278435231419
199.48881296826212,0.17487854498301786
199.4927485127189,1.3415088782455775
199.49668405717568,0.7851097717905967
199.5006196016324,3.5968531405423523
199.5045551460892,3.498037429267421
199.5084906905459,0.8891187739340701
199.51242623500264,0.5150752639180031
199.5163617794594,0.942828134407475
199.52029732391617,0.937379013755799
199.5242328683729,0.93480015572542
199.52816841282967,1.4843570822963073
199.5321039572864,1.0126679254118882
199.5360395017432,0.2944889719706162
199.5399750461999,0.31644050824163117
199.54391059065665,0.8450635814048711
199.54784613511345,0.867625142040445
199.55178167957013,0.10007836050067732
199.5557172240269,0.8745892452150068
199.5596527684837,2.90554255837351
199.5635883129404,1.7838767132138649
199.5675238573972,0.1409368371418472
199.57145940185396,1.0352076725343022
199.57539494631067,0.9537851556525331
199.57933049076743,0.1798817916347367
199.58326603522417,0.050951450690984106
199.5872015796809,0.9755348995441668
199.59113712413767,2.0117443339931262
199.59507266859444,1.1480443543830159
199.5990082130512,0.5002765497105115
199.60294375750797,1.4605336148565502
199.60687930196468,1.8459424763321948
199.61081484642145,1.5134427860290207
199.61475039087816,1.505124191943768
199.61868593533487,0.9969353957282013
199.6226214797917,0.6716169221276045
199.62655702424843,0.480277138375567
199.6304925687052,0.14056846005741092
199.63442811316196,0.552118636980398
199.6383636576187,1.0915254999510733
199.64229920207544,0.4746750963271873
199.6462347465322,0.12365701521726268
199.6501702909889,0.3583032997958632
199.6541058354457,0.20177712987830376
199.65804137990244,0.3593247956357177
199.6619769243592,0.7908999526179226
199.66591246881595,0.8052989159777536
199.6698480132727,0.2668293932992311
199.67378355772945,1.0443393371851821
199.67771910218624,2.5715414768842604
199.68165464664293,1.7662710283838834
199.6855901910997,0.383266892700849
199.6895257355565,0.13625957564858623
199.6934612800132,0.035159476790591615
199.69739682447,0.2981042971625186
199.7013323689267,0.1263722332240056
199.70526791338347,0.15097260435695822
199.7092034578402,0.19790591578377256
199.71313900229697,0.050994483684746864
199.7170745467537,0.8024963741910618
199.72101009121047,0.913784587429388
199.7249456356672,0.42774153311865265
199.728881180124,0.11458017373961671
199.73281672458072,0.07121990560431747
199.73675226903748,0.2626697357388244
199.74068781349425,0.20383683264179672
199.74462335795096,0.3295890643738285
199.74855890240767,0.4929471440410076
199.7524944468645,0.1896111746044507
199.75642999132123,0.15227554193758794
199.760365535778,0.10762538942978736
199.76430108023476,0.8270281855811648
199.7682366246915,0.7242515744290143
199.77217216914823,0.16895550524490632
199.77610771360497,0.32791255900595423
199.7800432580617,0.4544975498205528
199.78397880251848,0.20430667580831413
199.78791434697524,0.059816916790755084
199.791849891432,0.4244527705134752
199.79578543588875,0.20299526631624673
199.79972098034548,0.024569404786373036
199.80365652480225,0.11970334780695634
199.807592069259,0.0831351084390548
199.81152761371573,0.08981155631131973
199.8154631581725,0.5891680063652693
199.8193987026293,1.5153274301905748
199.823334247086,2.8338794898976234
199.8272697915428,1.625552010710881
199.8312053359995,0.2563178717495108
199.8351408804563,0.16658924679505416
199.839076424913,0.9926655052466555
199.84301196936977,0.5128027494844979
199.8469475138265,0.2602628806246343
199.85088305828327,0.24645753264367845
199.85481860274,0.4187955438651596
199.85875414719675,1.8301520917934935
199.86268969165351,0.9953295875154409
199.86662523611025,0.13259284484444803
199.87056078056705,0.2617978032694399
199.87449632502376,0.8929237630168043
199.8784318694805,1.9614952934998908
199.8823674139373,2.220052143684364
199.88630295839403,0.530964926089709
199.8902385028508,0.20312068778371387
199.89417404730756,1.5171492351247053
199.89810959176427,1.3293232950937703
199.90204513622103,0.6087336558292393
199.90598068067777,2.688160400262697
199.9099162251345,1.9242781583773234
199.91385176959128,0.9489529542994427
199.91778731404804,0.42937806184967403
199.9217228585048,0.1793589233828118
199.92565840296157,0.5406506215737578
199.92959394741828,0.1422218647082458
199.93352949187505,1.2912238883618474
199.9374650363318,1.1764413296955867
199.94140058078847,0.03310131778115973
199.9453361252453,1.4156392063813537
199.94927166970203,2.207799498271978
199.9532072141588,1.4057186494770872
199.95714275861556,5.88964626550987
199.9610783030723,3.8123417066582252
199.96501384752904,0.044286107409213
199.9689493919858,0.4475918807375133
199.9728849364425,0.08866242868720516
199.9768204808993,0.9631377884463577
199.98075602535604,0.8505297764692379
199.9846915698128,0.17868037021020533
199.98862711426955,0.9051379001614076
199.9925626587263,0.19479749077741496
199.99649820318305,0.20282021040758808
200.00043374763985,0.1437344200574552
200.00436929209656,1.1087989352333052
200.0083048365533,1.0385665582530184
200.0122403810101,0.11668515416082803
200.0161759254668,0.761393763856497
200.0201114699236,0.2738166830283029
200.0240470143803,1.7388818025833936
200.02798255883707,0.38898872567802506
200.0319181032938,0.44926521233913164
200.03585364775057,0.3701427009289563
200.0397891922073,0.29023637577845784
200.04372473666407,0.8835743249438798
200.0476602811208,0.09799552284418916
200.0515958255776,0.03698669852758763
200.05553137003432,0.002715174777691189
200.05946691449108,0.19810403268048135
200.06340245894785,1.091379168984213
200.0673380034046,0.7631068352556268
200.07127354786127,1.798959717748219
200.0752090923181,3.78063345224463
200.07914463677483,0.7373331243170407
200.0830801812316,0.7053860505612746
200.08701572568836,1.0391083103616707
200.09095127014507,0.1705441436714683
200.09488681460184,0.12230950094396528
200.09882235905857,0.34475054310223374
200.1027579035153,0.2768494064651821
200.10669344797208,0.38923986189614956
200.11062899242884,0.030311403992184942
200.1145645368856,0.2823428243262979
200.11850008134235,0.2298079734470644
200.12243562579908,0.0691185708051317
200.12637117025585,0.22464264878403267
200.1303067147126,0.8078537719090446
200.13424225916933,0.677777110165773
200.1381778036261,0.09205227145913894
200.1421133480829,0.046982896360497385
200.1460488925396,0.49648100570294246
200.1499844369964,0.7090108291183894
200.1539199814531,0.4750452700821174
200.15785552590987,0.20797772102145165
200.1617910703666,0.23297385331565698
200.1657266148233,0.47018261307515574
200.1696621592801,0.757340129282768
200.17359770373685,0.3064188425780938
200.1775332481936,0.0335385113250297
200.18146879265035,0.2900835353522717
200.18540433710712,1.1535517662250505
200.18933988156385,1.89500335451749
200.19327542602065,1.8761797212532392
200.19721097047736,0.9663285556331095
200.20114651493407,1.4278734979741852
200.2050820593909,1.6005480996020631
200.20901760384763,1.9777442868079704
200.2129531483044,2.077647123963078
200.21688869276116,0.32744167934868534
200.22082423721787,0.5007890341534567
200.22475978167463,0.2904835623286564
200.22869532613137,1.4990617074346626
200.2326308705881,1.1138433643472914
200.23656641504488,0.3136782875796712
200.24050195950164,1.3811204348107662
200.2444375039584,2.3612472088251377
200.24837304841512,1.90700709531721
200.25230859287188,0.5418192172583309
200.25624413732865,0.4097853128361222
200.2601796817854,0.10306193707206486
200.26411522624213,0.14254480016721052
200.2680507706989,0.006837610939926981
200.27198631515563,1.0188236209133774
200.2759218596124,1.037664848007156
200.27985740406916,0.03456478982585927
200.2837929485259,1.1789945417583734
200.28772849298264,0.6285228321131994
200.2916640374394,0.1048446539019605
200.2955995818961,0.7563953388901818
200.2995351263529,0.5118983226933423
200.30347067080965,1.1244207428055546
200.3074062152664,1.144929742703019
200.31134175972315,1.8620267894250622
200.31527730417992,1.7095821597268004
200.31921284863665,0.3519152477036817
200.3231483930934,1.8102515552200178
200.32708393755016,0.7304608093529825
200.3310194820069,0.6327791996910892
200.3349550264637,0.6832493058953546
200.3388905709204,0.08312843927047969
200.3428261153772,0.017486274366836106
200.3467616598339,0.4878939206591292
200.35069720429067,2.5446462111819432
200.3546327487474,3.311633071412438
200.35856829320417,1.709517066699407
200.3625038376609,0.3288181065916491
200.36643938211768,0.20972299989403764
200.3703749265744,0.9921924425017861
200.3743104710312,1.0076114640688703
200.37824601548792,1.3020305012881561
200.38218155994468,0.8420957760782884
200.38611710440145,0.020451901694135292
200.3900526488582,0.3338752484793462
200.39398819331493,0.6078698411373672
200.3979237377717,0.5330727030349774
200.40185928222843,0.5206573360025365
200.4057948266852,0.18304272554742915
200.40973037114196,0.3159723955653245
200.41366591559867,0.3863515936331344
200.41760146005544,0.041779991945547774
200.42153700451215,0.03001555502882595
200.4254725489689,0.12011504545972201
200.42940809342568,0.5584253478602912
200.43334363788244,0.16045175511715787
200.4372791823392,0.1809493200923132
200.44121472679595,0.6619898925133777
200.4451502712527,0.5285225086017415
200.44908581570945,0.1537409785034497
200.4530213601662,0.07577986655135892
200.45695690462296,0.04460916688798632
200.4608924490797,0.132352735055017
200.4648279935365,0.06255088115108375
200.4687635379932,0.11565975612830416
200.47269908245,0.27750357865123115
200.4766346269067,0.4408476452827363
200.48057017136344,0.48123250475109075
200.4845057158202,0.12355907137932355
200.48844126027691,0.16476716263885235
200.4923768047337,0.2796332356533661
200.49631234919045,0.12919046177009738
200.5002478936472,0.2023454545293185
200.50418343810395,0.38146677776736015
200.50811898256072,0.21021870921708022
200.51205452701743,0.06522792528104425
200.51599007147425,0.07555176917927274
200.51992561593096,0.11747227050937412
200.52386116038767,0.1257731305039782
200.5277967048445,0.005120201992967777
200.53173224930123,0.39323274359613236
200.535667793758,0.6500928715987851
200.53960333821476,0.3250728599340821
200.54353888267147,0.1047960384201699
200.54747442712824,0.09970567144251392
200.55140997158497,0.34374115904039104
200.5553455160417,1.2726822448593895
200.55928106049848,2.0355307797910718
200.5632166049552,0.8418911849824643
200.567152149412,0.6278878065682196
200.57108769386872,2.9314012189428174
200.57502323832549,2.3729316131955627
200.57895878278225,0.16480053568071176
200.582894327239,0.4214904417738733
200.58682987169573,1.1793504472020855
200.5907654161525,1.754898303227928
200.59470096060923,0.9527068186538876
200.598636505066,0.06010740684959635
200.60257204952276,0.22253061607821106
200.6065075939795,0.5119380132771878
200.61044313843624,0.09837929993063502
200.614378682893,1.4602863111530036
200.6183142273497,3.288302445386096
200.6222497718065,0.570181391533462
200.62618531626325,1.5596644927858219
200.63012086072,3.0769973913332875
200.63405640517675,1.4813819872371543
200.6379919496335,0.6225588928457779
200.64192749409025,3.0432597956747434
200.645863038547,3.093543658375575
200.64979858300376,0.08760072155718092
200.6537341274605,0.9889581685025479
200.6576696719173,0.777429246574765
200.661605216374,0.6906884366344288
200.6655407608308,0.1452884853420538
200.6694763052875,1.294551205056703
200.67341184974427,2.298668650462517
200.677347394201,0.5066697550474368
200.68128293865777,0.05019660385779619
200.6852184831145,0.27813093290505364
200.68915402757128,0.4774018106978183
200.693089572028,0.3229956795842266
200.6970251164848,0.7609515779532156
200.70096066094152,1.6027746632281252
200.70489620539828,0.9649232309250052
200.70883174985505,0.1358666915788387
200.71276729431176,1.0332086040421684
200.71670283876853,1.2017715937664866
200.7206383832253,0.7348674000611327
200.72457392768203,2.5989792969427223
200.7285094721388,3.015703834794969
200.73244501659556,1.5094226335866605
200.73638056105227,0.8192478392329279
200.74031610550904,0.7350341520329672
200.74425164996575,0.5493346724107898
200.7481871944225,0.4297883682748883
200.75212273887928,0.5453698053192302
200.75605828333605,0.7484809513458868
200.7599938277928,1.5381770070098064
200.76392937224955,1.6494651018466941
200.7678649167063,1.067925025636361
200.77180046116305,0.5853388106806654
200.7757360056198,0.04967821098005914
200.77967155007656,0.37588306428750357
200.7836070945333,1.0912175587336532
200.7875426389901,0.8146362238930349
200.7914781834468,0.656346397826807
200.79541372790356,1.8027136187907642
200.7993492723603,2.380909060528338
200.80328481681704,0.3177517276837653
200.8072203612738,0.8147535310259229
200.81115590573052,1.1066759008669385
200.8150914501873,0.6380466278250879
200.81902699464405,0.46457002256630964
200.8229625391008,0.08649782631553841
200.82689808355755,0.13951112131588975
200.83083362801432,0.3882450699802504
200.83476917247103,1.8608017702592734
200.83870471692785,1.6851963004506483
200.84264026138456,0.9452019234208485
200.84657580584133,0.36886038980719404
200.8505113502981,0.9434872539156104
200.85444689475483,0.45128652080176723
200.8583824392116,0.0996794033722054
200.86231798366836,0.3473634434700689
200.86625352812507,0.444503842756523
200.8701890725818,0.5509823288420101
200.87412461703855,0.3025756643421226
200.8780601614953,0.14750164977875996
200.88199570595208,0.17032491291220805
200.8859312504088,0.34061918839140004
200.8898667948656,0.24125287884545987
200.89380233932232,0.09932006860541011
200.8977378837791,0.7996587848080339
200.90167342823585,2.1715010928596232
200.9056089726926,0.5528889719337281
200.90954451714933,0.20076510816284485
200.9134800616061,0.42972111552332903
200.91741560606283,0.5450783204466636
200.9213511505196,0.8264307090678261
200.92528669497636,0.07200948227405198
200.9292222394331,0.14266854846527877
200.93315778388984,0.15857707510461436
200.9370933283466,0.8240872405221406
200.94102887280332,1.1675914407064383
200.9449644172601,0.05079640453455152
200.94889996171685,0.8958960978855784
200.9528355061736,0.6685756589086632
200.95677105063035,0.14701360811232597
200.9607065950871,0.7583142365560812
200.96464213954383,1.670060591402175
200.9685776840006,2.9562904950953506
200.97251322845736,1.0964141745647962
200.9764487729141,0.015114731052130716
200.9803843173709,0.6008149474675141
200.9843198618276,0.6419241747165387
200.9882554062844,0.3505079694367127
200.9921909507411,1.356195658575204
200.99612649519787,1.48844855738278
201.0000620396546,0.35569478676416133
201.00399758411135,0.04592688014649967
201.0079331285681,0.3026367196220779
201.01186867302488,1.3386891422049347
201.0158042174816,1.9492268682554217
201.0197397619384,2.153511863673253
201.02367530639512,2.027066194142277
201.02761085085183,0.987787171984434
201.03154639530865,0.5208051692541092
201.03548193976536,0.2288789843101411
201.03941748422213,0.09300883479232161
201.0433530286789,0.8256356004480161
201.04728857313563,0.5244411172344366
201.0512241175924,0.007542304789627063
201.05515966204916,0.612542951680393
201.05909520650587,1.657163520656086
201.06303075096264,1.4269890934145273
201.06696629541935,0.4130954033988801
201.07090183987611,0.11860367799737169
201.07483738433288,0.02483874171852854
201.07877292878965,0.15818010663845572
201.0827084732464,0.04808678530213794
201.08664401770315,0.49080008669087755
201.0905795621599,1.0912401809858563
201.09451510661663,0.6094581483748784
201.0984506510734,0.8188379362409312
201.10238619553016,0.32443397535466656
201.1063217399869,1.16639318357305
201.11025728444363,0.26442211184373426
201.1141928289004,0.4635171880874575
201.11812837335717,0.5335058451889256
201.1220639178139,0.5650171815393105
201.12599946227064,1.0076189322922837
201.1299350067274,0.1572812511463128
201.13387055118412,0.09536160859813553
201.1378060956409,0.6289635018426829
201.14174164009765,0.4412564824377445
201.1456771845544,0.3102778382925085
201.14961272901115,0.6262278065234266
201.15354827346792,0.007349815437987474
201.15748381792463,0.6977865677498277
201.16141936238145,0.20185268242020826
201.16535490683816,0.29025084230135484
201.16929045129493,1.3681134918574076
201.1732259957517,2.017182832428183
201.17716154020843,1.365283101337241
201.1810970846652,0.7260208125202207
201.1850326291219,0.8559216112371983
201.18896817357867,0.4260889483837043
201.1929037180354,0.09966356757216739
201.19683926249215,0.28272541190173917
201.2007748069489,0.3284191495212699
201.20471035140568,1.3588170092896197
201.2086458958624,2.249853355794306
201.2125814403192,0.9917947665703005
201.21651698477592,0.32189342670923166
201.2204525292327,0.8594603709307997
201.22438807368945,0.31678151456283515
201.2283236181462,0.36565264631606487
201.23225916260293,0.3174941738559452
201.2361947070597,0.05347642275198029
201.24013025151643,0.0959281222892995
201.2440657959732,0.12461564634902085
201.24800134042997,0.2870711999941048
201.2519368848867,0.5894929644731022
201.25587242934344,0.28680996313283247
201.25980797380015,0.1975660049660471
201.26374351825692,0.22828395751315356
201.26767906271368,0.22170799183767054
201.27161460717045,0.03408857314981799
201.2755501516272,0.10762707232835143
201.27948569608395,0.10641221875311432
201.2834212405407,0.18033434040168383
201.28735678499743,0.4308899304516113
201.2912923294542,0.2374593075486141
201.29522787391096,1.5043923815053082
201.2991634183677,2.1019119428926842
201.3030989628245,0.3156348499106958
201.3070345072812,0.5931150504285545
201.310970051738,0.5386745038477986
201.3149055961947,0.32707530442241484
201.31884114065147,0.09662329203861153
201.3227766851082,0.20262645273133925
201.32671222956495,0.28315612735607565
201.3306477740217,0.38303873214603845
201.33458331847848,0.6229749510105907
201.3385188629352,0.13712872585190414
201.34245440739195,0.0811774942026682
201.34638995184872,0.2461277950800902
201.35032549630543,0.23937207751572673
201.35426104076225,0.0825782986511151
201.35819658521896,0.35888970239522805
201.36213212967573,1.0236003984216635
201.36606767413247,1.2871575392853143
201.37000321858923,0.9127300051630876
201.373938763046,0.19330677410233016
201.37787430750276,1.0500652908164854
201.38180985195947,3.970567046359864
201.38574539641624,3.0891385294468043
201.38968094087295,0.19367979488143494
201.39361648532972,0.7142222746490245
201.39755202978648,0.020074381362397493
201.40148757424325,0.5799040535281684
201.4054231187,0.30321468915192884
201.40935866315675,0.1491638947839657
201.4132942076135,1.0146871460488391
201.41722975207023,4.262610215131111
201.421165296527,4.108439093206723
201.42510084098373,3.4802589295121735
201.4290363854405,1.302271299971585
201.43297192989723,0.23282036435262882
201.436907474354,1.072041737875135
201.44084301881077,0.6578734199847225
201.4447785632675,1.439603966096107
201.44871410772424,1.847343626704534
201.452649652181,2.135167345706875
201.45658519663772,1.0419597358541592
201.4605207410945,0.09584592553625895
201.46445628555125,0.47656587005849066
201.468391830008,0.04944296727782733
201.47232737446475,1.7757424144720597
201.47626291892152,2.0853054093481047
201.48019846337823,1.313548407304908
201.48413400783505,0.7822711034013486
201.48806955229176,0.05191848746701858
201.49200509674853,0.06821639465281136
201.49594064120527,1.9197887290358802
201.499876185662,4.0903382812645885
201.5038117301188,1.6491643998576822
201.5077472745755,0.5123651142265675
201.51168281903227,1.2660334033702592
201.515618363489,0.6529166702465863
201.51955390794575,0.3972242642106773
201.5234894524025,0.950791916031626
201.52742499685928,1.764027181889236
201.531360541316,1.1982245433120526
201.5352960857728,0.9207712922511393
201.53923163022952,0.819897975412356
201.5431671746863,0.14792593184248856
201.54710271914303,0.13819728158741185
201.5510382635998,0.021608169319242334
201.55497380805653,0.2761550964401684
201.5589093525133,0.9057525964637725
201.56284489697003,1.3030534672152108
201.5667804414268,0.8807563118935847
201.57071598588357,1.7909044811743702
201.57465153034028,1.0968883344779223
201.57858707479704,0.2659814521594796
201.58252261925375,2.2937552479018772
201.58645816371052,0.6481771977108413
201.59039370816728,0.7187677765674689
201.59432925262405,0.40625079581211176
201.5982647970808,3.1126009096174996
201.60220034153755,5.139339701346721
201.6061358859943,1.1935388858198703
201.61007143045103,0.4744918565363416
201.6140069749078,1.2914025774477207
201.61794251936456,1.841193009082558
201.6218780638213,0.10454368181963462
201.6258136082781,1.1380275578577677
201.6297491527348,2.001220902871594
201.6336846971916,1.1872573587014856
201.6376202416483,0.14536664042489048
201.64155578610507,0.7650490115649694
201.6454913305618,2.6844980166510153
201.64942687501855,0.9438402139653597
201.6533624194753,0.6001923514431663
201.65729796393205,3.322467890150074
201.6612335083888,1.4773726150404525
201.6651690528456,0.23526915652544225
201.66910459730232,0.12759800644622046
201.67304014175903,0.5168464950857123
201.67697568621583,1.7376792197379087
201.68091123067256,1.133339382592146
201.68484677512933,0.12500887747718456
201.68878231958607,0.024405237334098603
201.69271786404283,0.082898395156254
201.6966534084996,0.42224979416875985
201.70058895295637,0.22869239526027282
201.70452449741308,0.15483273490268057
201.70846004186984,0.17627476994986332
201.71239558632655,0.11320159936261187
201.71633113078332,0.6595031771487291
201.72026667524008,0.38967681922455366
201.72420221969685,0.560424429210262
201.7281377641536,0.3079903144488816
201.73207330861032,1.903201515118597
201.7360088530671,1.0261275441453692
201.73994439752383,0.42306559426138296
201.7438799419806,2.2641863547361143
201.74781548643733,1.0789246302782929
201.7517510308941,0.744573164438739
201.75568657535084,0.5094407236770219
201.7596221198076,0.04767149352123442
201.76355766426437,0.02227194958298589
201.7674932087211,0.5137700708576217
201.77142875317784,2.255695585798833
201.7753642976346,0.7546384771871565
201.77929984209132,1.5275791618078673
201.7832353865481,5.046092790912517
201.78717093100485,1.395558625112208
201.7911064754616,0.5567660707913402
201.7950420199184,0.28924934695388127
201.79897756437512,0.3008596928091453
201.80291310883183,1.128726933235515
201.8068486532886,0.49409764341050993
201.81078419774536,0.2267186663090554
201.8147197422021,1.315539764042601
201.81865528665887,0.7158741470325913
201.8225908311156,2.3860806680122466
201.8265263755724,1.0117385329490904
201.8304619200291,1.204126865383235
201.83439746448587,1.264586630966722
201.8383330089426,0.9389623695664915
201.84226855339935,3.739259537236324
201.8462040978561,1.401153208963111
201.85013964231288,0.04116822300233396
201.8540751867696,0.3241316865022326
201.8580107312264,0.7804030792884239
201.86194627568312,0.02200969285314201
201.8658818201399,0.31432173479520537
201.86981736459663,0.13397965584264454
201.8737529090534,0.3753512517069181
201.87768845351013,0.05082288372881935
201.8816239979669,1.9597715389859132
201.88555954242364,2.5912101387373387
201.8894950868804,1.0080916846531196
201.89343063133717,0.8089083256886813
201.89736617579388,1.867108495195893
201.90130172025064,1.2093416678611586
201.90523726470735,0.04023613723834354
201.90917280916412,0.6240667096275614
201.91310835362088,1.5658260064113945
201.91704389807765,1.7536685437147912
201.9209794425344,0.21252467207284856
201.92491498699115,0.3056392387304429
201.9288505314479,0.9155362526128057
201.93278607590463,0.9294874705829661
201.9367216203614,0.33830883708759646
201.94065716481816,0.19582152148281817
201.9445927092749,0.0721469833007099
201.94852825373167,0.1308020469121177
201.9524637981884,0.8796934171327069
201.9563993426452,1.1424758164324966
201.9603348871019,0.3509413000796419
201.96427043155865,1.9218074963297478
201.9682059760154,2.465527810378659
201.97214152047212,0.22848864490403914
201.9760770649289,0.6600922053548945
201.98001260938565,1.0259247896243329
201.9839481538424,0.10345073850487059
201.9878836982992,0.25419370448497314
201.99181924275592,0.03497099133470188
201.99575478721263,1.1132793726932422
201.99969033166943,2.220596105202526
202.00362587612616,1.07831313495622
202.00756142058293,0.3000692142840204
202.01149696503967,0.24604876898926908
202.01543250949643,0.39176639945196606
202.0193680539532,0.31166582431234224
202.02330359840997,0.7240233497596186
202.02723914286668,2.0300768985705973
202.03117468732344,1.5627052233259828
202.03511023178015,0.6201463299948341
202.03904577623692,3.2844122942812906
202.04298132069368,4.018997496766624
202.0469168651504,1.1504073726565556
202.0508524096072,0.13625324250177148
202.05478795406395,0.18271715590584364
202.0587234985207,0.7961930645550178
202.06265904297743,0.5390235798683057
202.0665945874342,0.023670863660038063
202.07053013189093,0.6604508315687383
202.0744656763477,1.923672920911504
202.07840122080444,2.2444210618838256
202.0823367652612,0.9992363420375606
202.08627230971797,0.32307533505141667
202.0902078541747,0.017677744093240914
202.09414339863145,0.6301949953518464
202.0980789430882,1.8832768114580334
202.10201448754492,1.2162946557180123
202.1059500320017,0.40269471974104576
202.10988557645845,0.005133787980257085
202.1138211209152,0.5392324636938984
202.117756665372,0.7391542014170466
202.1216922098287,0.10083567909636842
202.12562775428543,0.018999223276000385
202.1295632987422,0.4288135124849993
202.13349884319896,0.8456012834258497
202.1374343876557,0.3058635703180821
202.14136993211247,0.2222282485440854
202.1453054765692,0.2945840911958179
202.149241021026,0.45951894353000694
202.1531765654827,0.30176588344129934
202.15711210993948,0.09361519388792837
202.1610476543962,0.2855157876405471
202.16498319885295,0.54224659838082
202.1689187433097,0.19960231566980394
202.17285428776648,0.252810333209266
202.1767898322232,0.2577324589879029
202.18072537668,0.12121856986916286
202.18466092113675,0.10326689513041794
202.1885964655935,0.3089026147473384
202.19253201005023,1.3168479351280695
202.196467554507,0.5350690510399
202.20040309896373,0.3419019484807911
202.20433864342047,0.981053834479799
202.20827418787724,1.383388473230135
202.212209732334,1.3171370945459178
202.21614527679077,0.41518244739705557
202.22008082124748,0.05353118837668154
202.22401636570424,0.0027701584644238774
202.22795191016095,0.22221697669513896
202.23188745461772,1.5463775208992068
202.2358229990745,3.092899572510426
202.23975854353125,2.9075570877396837
202.243694087988,1.2987365724989277
202.2476296324448,0.630569717092717
202.2515651769015,2.3332145574158565
202.25550072135823,2.1322126433737325
202.259436265815,0.3156672176942584
202.26337181027176,0.07477694481584737
202.2673073547285,0.45765584755556943
202.27124289918527,1.0004976058871495
202.275178443642,1.120314265188548
202.27911398809877,0.6066536337079265
202.2830495325555,2.0256844058919676
202.28698507701225,2.9742399556875068
202.290920621469,1.1506351169531133
202.29485616592572,0.09455481949247582
202.2987917103825,0.024693453864129314
202.30272725483923,0.24223403303358504
202.306662799296,0.7121873571790344
202.3105983437528,0.6961284054243141
202.31453388820952,0.17188296333381323
202.31846943266623,0.0017483586293398688
202.32240497712303,0.022076715621862742
202.32634052157977,0.028646686533112784
202.33027606603653,0.06436053669980268
202.33421161049327,0.13215169809087296
202.33814715495004,0.16885220418832803
202.3420826994068,0.9344585509460807
202.34601824386357,1.3608038533200075
202.34995378832028,1.020726406384398
202.35388933277704,0.5148657288065055
202.35782487723375,0.23580009469857788
202.3617604216905,0.29258900741777033
202.36569596614729,0.48863885807614427
202.369631510604,0.40378804101949534
202.3735670550608,0.8993741876791751
202.37750259951756,1.697377462047557
202.3814381439743,1.1955785772344898
202.38537368843103,0.9841278986906764
202.3893092328878,1.7248882847060811
202.3932447773445,2.6771809597330845
202.3971803218013,1.2606460450302108
202.40111586625804,0.07573870296877273
202.4050514107148,0.7822462598484309
202.40898695517157,0.5241765357646111
202.4129224996283,0.21097599755044752
202.41685804408505,0.19180751663717127
202.4207935885418,0.3274224507336003
202.42472913299852,0.7264569208945326
202.4286646774553,1.0065787190943334
202.43260022191205,0.20506519380622942
202.4365357663688,0.15623126417503966
202.4404713108256,0.13937970249456266
202.4444068552823,0.08392329777743177
202.44834239973903,0.5330694126897152
202.4522779441958,1.6568191004781192
202.45621348865257,2.6182958382961194
202.4601490331093,2.7303866793148424
202.46408457756607,2.6833519315326093
202.4680201220228,3.243168683402071
202.4719556664796,0.5648072140270839
202.4758912109363,0.5146417651661689
202.47982675539308,0.44095195962667066
202.4837622998498,0.33615510869497495
202.48769784430655,1.189576503659505
202.4916333887633,0.09775221955628904
202.49556893322008,0.8641902960160724
202.4995044776768,3.1228588074457018
202.5034400221336,2.4045964355656095
202.50737556659035,1.001586981224445
202.51131111104704,1.5666538729599027
202.51524665550383,0.189896493740002
202.51918219996057,0.7795793848678473
202.52311774441733,1.4023227535846925
202.52705328887407,0.13381255107268986
202.53098883333084,1.0615504927028268
202.5349243777876,2.4844336777345633
202.53885992224437,2.714482794473899
202.54279546670108,2.5984392050291296
202.54673101115785,2.416690396928225
202.55066655561455,1.3466867916584049
202.55460210007132,0.3789332511952787
202.5585376445281,0.6612557428617285
202.56247318898485,1.0814791202426541
202.5664087334416,0.3892278692469655
202.5703442778984,0.3563903892957264
202.5742798223551,1.5355941038264702
202.57821536681183,0.761349482223826
202.5821509112686,0.5599764628629379
202.58608645572536,1.174850673767995
202.5900220001821,0.6164517560152365
202.59395754463884,0.42362592489048584
202.5978930890956,0.5996105047956137
202.60182863355237,1.2696155731812122
202.6057641780091,3.115288920114517
202.60969972246585,0.5339015826019334
202.6136352669226,1.2683132900015068
202.61757081137932,2.788690006370129
202.6215063558361,1.7936547318021603
202.62544190029288,1.4129333739337968
202.6293774447496,1.0078488320967294
202.6333129892064,1.0947625092292235
202.63724853366315,0.9817608968085937
202.64118407811984,0.47103926450788663
202.64511962257663,2.006158542413551
202.64905516703337,1.3219701569788302
202.65299071149013,1.6407304841581065
202.65692625594687,0.8849200692268077
202.66086180040364,0.08751379209540594
202.6647973448604,0.29813012429526914
202.6687328893171,0.6003554594864929
202.67266843377388,1.1010870897070208
202.67660397823064,2.901850176721324
202.68053952268735,0.8739023998879488
202.6844750671441,1.3811416905249352
202.6884106116009,2.755063098273877
202.6923461560576,1.6749621437417817
202.6962817005144,0.6827590599759626
202.70021724497116,0.46442715757401876
202.7041527894279,3.1237919757854296
202.70808833388463,2.40017810627482
202.7120238783414,0.5551736389010178
202.7159594227981,0.16830592955641174
202.7198949672549,0.2631585795834595
202.72383051171164,0.5618607252790115
202.7277660561684,1.8743879565029242
202.73170160062517,0.5471519839220963
202.7356371450819,0.8597545760288713
202.73957268953865,2.8048916465532128
202.7435082339954,2.7430582848366045
202.74744377845212,0.8199925221058951
202.7513793229089,0.009251210611241078
202.75531486736568,0.6264735751619961
202.7592504118224,1.8947475641045857
202.7631859562792,0.3120112748880909
202.7671215007359,1.6405555657452051
202.77105704519263,3.9013522982459987
202.7749925896494,0.9546317498903172
202.77892813410617,0.8165903531944371
202.7828636785629,1.707161013019975
202.78679922301967,0.48845298625947187
202.7907347674764,0.2660211602314426
202.7946703119332,0.20531819753571715
202.7986058563899,0.2957743493335407
202.80254140084668,0.5351749933125156
202.80647694530344,0.26064745637934045
202.81041248976015,0.5200985916961001
202.8143480342169,0.28018502175397325
202.8182835786737,0.16540065300800094
202.8222191231304,0.5987681754673254
202.8261546675872,0.7789985318857396
202.83009021204396,1.0718562813253796
202.8340257565007,0.16400125168730642
202.83796130095743,0.7318400867809657
202.84189684541417,1.8549441871819476
202.8458323898709,0.3644072817456452
202.84976793432767,0.5425705717166608
202.85370347878444,0.861140044654716
202.8576390232412,0.37425888231760474
202.86157456769797,0.933814237918657
202.86551011215468,2.0309585405748805
202.86944565661145,1.5330346799653716
202.87338120106816,0.31166944388269674
202.87731674552492,0.15697727179422552
202.8812522899817,0.7004246428118998
202.88518783443843,0.8816081411435743
202.8891233788952,1.47175591090689
202.893058923352,2.2523585712117216
202.8969944678087,0.7892316142049153
202.90093001226543,0.2487134767096438
202.9048655567222,0.8846831766226996
202.9088011011789,0.22141021994806195
202.9127366456357,0.11622132339558557
202.91667219009244,0.04673825909979974
202.9206077345492,0.5719333173054176
202.92454327900597,0.9014152401250892
202.9284788234627,0.6566363313913632
202.93241436791945,0.6557547961808124
202.93634991237624,0.09618789522701354
202.94028545683292,0.4387668659597909
202.9442210012897,0.7698583559104583
202.94815654574649,0.1356236953237993
202.9520920902032,0.9093164593893257
202.95602763466,2.0949048459592086
202.95996317911676,2.459184928479699
202.96389872357344,0.1016334926455063
202.96783426803023,1.1732710472907109
202.97176981248697,0.32633597205610587
202.9757053569437,1.4101101864478782
202.97964090140047,1.3902365526817437
202.9835764458572,0.07737527315948142
202.987511990314,0.8127476495027242
202.9914475347707,0.8017200216970669
202.99538307922748,2.1999138338482855
202.99931862368425,0.9571760575199232
203.00325416814096,0.016277342468972507
203.0071897125977,0.6597659116177802
203.0111252570545,1.5444207224907405
203.01506080151125,0.9478062640537345
203.018996345968,1.463878157167295
203.02293189042476,1.2305808860750742
203.0268674348815,0.01753509097502421
203.03080297933823,0.8267095533239773
203.034738523795,0.9823784721811962
203.0386740682517,0.9769450218540926
203.0426096127085,0.7142416090670239
203.04654515716524,1.3439257923059635
203.050480701622,3.373177575211778
203.05441624607877,1.3616054672058848
203.05835179053548,0.181432968805639
203.06228733499225,0.032823952879289485
203.066222879449,0.766405220630428
203.07015842390572,1.6962654423366321
203.0740939683625,1.2220885158381967
203.07802951281928,0.38836254903752015
203.081965057276,0.0239868905850453
203.0859006017328,0.014614909093712013
203.0898361461895,1.1588480122868485
203.09377169064624,5.034053513664237
203.097707235103,4.332598477028947
203.10164277955977,0.19832965057506255
203.1055783240165,1.6603284389364816
203.10951386847327,3.8871188359248112
203.11344941293,2.845312450805422
203.1173849573868,1.1961266971094748
203.1213205018435,0.8166546350406226
203.12525604630028,0.7145145642697189
203.12919159075705,2.695667741222616
203.13312713521375,1.1488125013344557
203.1370626796705,0.36149596611639373
203.1409982241273,0.03618364264424704
203.144933768584,0.7823186575785974
203.1488693130408,1.1311651135614706
203.15280485749756,0.15377551847145457
203.15674040195427,0.8651985164023729
203.16067594641103,1.5887130432603982
203.16461149086777,0.23260662301534626
203.1685470353245,0.19452455927821707
203.17248257978127,0.1133864045447198
203.17641812423804,0.1356643561906738
203.1803536686948,0.03305924601342709
203.18428921315157,1.044293243158678
203.18822475760828,0.29338971968227345
203.19216030206505,1.6330979428133083
203.19609584652176,2.711898323842808
203.20003139097852,0.6782602481551989
203.2039669354353,0.5265696163518936
203.20790247989208,0.8598356730715884
203.2118380243488,0.7706529597414604
203.21577356880556,0.017405182680069152
203.2197091132623,0.9865835482457072
203.22364465771903,1.737682000909621
203.2275802021758,1.4621877427454997
203.2315157466325,0.32867101709984525
203.2354512910893,0.12502412000069732
203.23938683554604,0.3909258988723962
203.2433223800028,0.4740694871998965
203.24725792445955,0.09227612160821355
203.2511934689163,0.4966670673700993
203.25512901337305,0.3739031262985707
203.25906455782984,1.4674446453059546
203.26300010228653,0.6414992001289239
203.2669356467433,1.1100656218477087
203.2708711912001,0.4763448574582773
203.2748067356568,0.012603969247465006
203.2787422801136,0.7744275071346429
203.28267782457036,3.7185629829582245
203.28661336902707,2.856248813495983
203.29054891348383,0.36312195636017786
203.29448445794057,0.10582416808233035
203.2984200023973,0.5608335641208694
203.30235554685407,1.1710333020346266
203.3062910913108,1.031086066924269
203.3102266357676,0.020702515386796044
203.31416218022432,2.069580828319831
203.31809772468108,1.3199918395421155
203.32203326913785,1.991757940570644
203.32596881359456,4.96879948869566
203.32990435805127,0.5300904079897073
203.3338399025081,2.912771983381031
203.33777544696483,3.7577923742850303
203.3417109914216,0.14509749054435883
203.34564653587836,1.1747939985793108
203.3495820803351,0.8112417719323969
203.35351762479183,0.9113371370373755
203.3574531692486,0.6943516483147941
203.3613887137053,0.10399085399529166
203.3653242581621,0.6952412960838903
203.36925980261884,0.08935658111146402
203.3731953470756,0.16002808264882495
203.37713089153235,0.8932085834599831
203.38106643598908,2.0183526628980077
203.38500198044585,0.34413486842261876
203.3889375249026,2.061223631745912
203.39287306935933,1.1072830519622479
203.3968086138161,2.6302281950528164
203.4007441582729,5.1715681743181525
203.4046797027296,2.443311858401817
203.4086152471864,1.551862695951652
203.4125507916431,2.653269514857229
203.4164863360999,1.8324216825232664
203.4204218805566,1.4618268144280333
203.42435742501337,2.7996577541258296
203.4282929694701,1.2301826298963634
203.43222851392687,0.5424546000890422
203.4361640583836,0.8434925372642006
203.4400996028404,6.12967391886702
203.44403514729711,5.393759350061279
203.44797069175388,1.5067336273521785
203.45190623621065,1.1442806930727827
203.45584178066736,0.01326290653277672
203.4597773251241,1.3158630734286338
203.4637128695809,1.7823195210951792
203.46764841403763,0.1254098799943118
203.4715839584944,0.24072166025019937
203.47551950295116,0.004698230173771891
203.47945504740787,0.8423311290637716
203.48339059186463,1.010196832780659
203.48732613632137,0.9112772750844401
203.4912616807781,1.366543888265384
203.49519722523488,1.1829465397567143
203.49913276969164,1.5569120717548797
203.5030683141484,1.4378261526478684
203.50700385860517,0.6396716224710932
203.51093940306188,0.17784435565020393
203.51487494751865,0.5289981371926626
203.5188104919754,1.5623662134543488
203.52274603643212,0.9717772707844584
203.5266815808889,0.11079975523758494
203.53061712534563,0.4075178804001052
203.5345526698024,0.8009687565773248
203.53848821425916,2.1092805345834345
203.5424237587159,0.967842920725521
203.54635930317264,0.05275452447348193
203.5502948476294,0.025581348948922673
203.5542303920861,0.4046972989662112
203.5581659365429,1.1714279742471392
203.56210148099964,0.5123338237119791
203.5660370254564,0.7104075808608706
203.56997256991315,1.021678079841943
203.5739081143699,0.027932495471305503
203.57784365882665,1.0969077846728672
203.58177920328345,2.763441161480022
203.58571474774016,4.305676522724405
203.5896502921969,1.818352317197654
203.5935858366537,0.5458592560172095
203.59752138111045,2.4990695883316594
203.6014569255672,2.288030209009987
203.6053924700239,0.7615031370955142
203.60932801448067,0.13243211633470453
203.6132635589374,1.9014481359240738
203.61719910339417,1.2773748323157805
203.6211346478509,0.23833434254052577
203.62507019230767,1.51563378351903
203.6290057367644,1.532250539928663
203.6329412812212,1.0807050260127016
203.63687682567792,2.13583364230573
203.64081237013468,2.5963666402427767
203.64474791459145,0.7008581931283144
203.6486834590482,0.5094161321137536
203.65261900350487,1.3353164098543973
203.6565545479617,0.42407843228532993
203.66049009241843,0.726959025331064
203.6644256368752,0.9444135120600958
203.66836118133196,0.8490312300836999
203.6722967257887,2.0671904905522447
203.67623227024544,0.7682084621279034
203.6801678147022,0.09619580512767761
203.6841033591589,0.654359900377986
203.68803890361568,0.36944558210928213
203.69197444807244,1.0743050761760549
203.6959099925292,0.9753649045361343
203.69984553698595,1.029910235506353
203.70378108144268,2.1466425749465095
203.70771662589945,0.9911214958851464
203.7116521703562,1.0099927286581751
203.71558771481293,1.9898258159957625
203.7195232592697,1.2088069914357373
203.7234588037265,0.19758384583752012
203.7273943481832,2.4783611758404214
203.73132989264,3.5059653701999953
203.7352654370967,0.9949831250742152
203.73920098155347,1.3252913051383766
203.7431365260102,1.4766508940222423
203.74707207046697,0.40867429376749465
203.7510076149237,0.15785858019782736
203.75494315938047,0.6164027105060552
203.7588787038372,1.1809846647089268
203.76281424829395,0.7442203279785536
203.76674979275072,0.21029857015565578
203.77068533720745,0.7437298469077818
203.77462088166425,0.970281028754764
203.77855642612096,0.19311894904238908
203.78249197057767,0.6856358933357757
203.7864275150345,1.1310827476838579
203.79036305949123,0.1914620927701151
203.794298603948,0.05729571199200876
203.79823414840476,0.04277350846517799
203.80216969286147,0.016404057378360228
203.80610523731823,0.05658552245571704
203.81004078177497,0.16561371907736452
203.8139763262317,0.06202981837065518
203.81791187068848,1.3007942029286128
203.82184741514524,1.9243908367427331
203.825782959602,0.66906191193222
203.82971850405875,1.0366533959463382
203.83365404851548,0.5395982790149104
203.83758959297225,0.6460786450957605
203.841525137429,1.5034490574331667
203.84546068188573,0.5434392760015817
203.8493962263425,0.2989796833203184
203.85333177079923,0.12462198935349737
203.857267315256,0.3544976219216483
203.86120285971276,2.1296328403099993
203.8651384041695,2.119740369739492
203.86907394862624,0.34680349901923374
203.873009493083,0.27703508753250716
203.8769450375397,0.8417213037382095
203.8808805819965,0.86947283095459
203.88481612645325,0.5036745199668211
203.88875167091,0.1993457649718087
203.89268721536675,0.555555569173599
203.89662275982352,0.30290847876898663
203.90055830428025,0.049104842762308046
203.90449384873705,0.38206300529450965
203.90842939319376,0.6055653712216726
203.91236493765047,0.28907020210857587
203.9163004821073,0.36274535152039417
203.920236026564,3.5198886710344155
203.9241715710208,4.7939947997029
203.9281071154775,1.6769536955323232
203.93204265993427,1.4307871188434034
203.935978204391,1.6891104046171224
203.93991374884777,0.5380157612548921
203.9438492933045,0.745869445792374
203.94778483776128,0.46869641592367245
203.951720382218,0.3941197929874857
203.9556559266748,0.08635026375174824
203.95959147113152,0.15295602339336462
203.96352701558828,0.022373671199175584
203.96746256004505,0.4516056897548045
203.9713981045018,0.41098121602134413
203.97533364895853,0.08723277781144372
203.9792691934153,0.4095279376677624
203.98320473787203,0.001205682653128319
203.9871402823288,0.16161106715749032
203.99107582678556,0.004550190148635307
203.9950113712423,0.051037095338142976
203.99894691569904,0.44724972265423507
204.00288246015575,1.4720335155036743
204.0068180046125,0.7659323933014005
204.01075354906928,0.3810064664548734
204.01468909352604,1.3778667840634942
204.0186246379828,1.44007456178568
204.02256018243955,0.7746596058543783
204.0264957268963,0.2674572882299529
204.03043127135305,1.610176897867062
204.0343668158098,2.478776631365776
204.03830236026656,0.4513472750507121
204.0422379047233,2.148194456202436
204.0461734491801,0.9804095604972188
204.0501089936368,3.042001817425449
204.0540445380936,3.2682240532965157
204.0579800825503,1.3148943714159025
204.06191562700707,1.8497162064852848
204.0658511714638,0.3201285296672442
204.06978671592057,0.06941467158956575
204.0737222603773,0.22954495592811036
204.07765780483405,1.83516518391919
204.0815933492908,2.367327517187945
204.08552889374755,0.6451851683764894
204.08946443820432,0.8109552991804247
204.09339998266103,1.0295083391431892
204.09733552711785,0.00030033598192214135
204.10127107157456,0.646933284588779
204.10520661603127,0.4236522057052799
204.1091421604881,0.03253406778290641
204.11307770494483,0.401253888752597
204.1170132494016,0.5554833947940947
204.12094879385836,0.6691385797691397
204.12488433831507,2.1407872269419963
204.12881988277184,1.668805561695905
204.13275542722857,1.75553591229442
204.1366909716853,2.7024914420362642
204.14062651614208,1.7791935355773725
204.14456206059884,0.7894626060291053
204.1484976050556,0.7552452473115027
204.15243314951232,0.15954641712580045
204.15636869396909,0.18647619960428544
204.16030423842585,0.483525817420917
204.1642397828826,0.22301082669815644
204.16817532733933,2.1686892626722827
204.1721108717961,3.6030792383671395
204.17604641625283,1.3315975824874522
204.1799819607096,1.719798769490343
204.18391750516636,1.4002458944561245
204.1878530496231,0.008011042449867044
204.19178859407984,0.8193755748240867
204.1957241385366,0.4104846183067253
204.1996596829933,0.8385504766904374
204.2035952274501,1.5447708746326447
204.20753077190685,0.5422510962136917
204.2114663163636,0.7650898465947028
204.21540186082035,1.9720884284357034
204.21933740527712,1.0288637941666818
204.22327294973385,0.3805263699105601
204.22720849419065,0.4314786006742299
204.23114403864736,0.6655305390321146
204.2350795831041,1.810710305208594
204.2390151275609,1.1599764775335915
204.2429506720176,0.16261734020602983
204.2468862164744,0.11587009889912081
204.2508217609311,0.21743467267002448
204.25475730538787,2.0210125045727962
204.2586928498446,2.1363714204882394
204.26262839430137,0.9322172478036861
204.2665639387581,1.492943995419033
204.27049948321488,1.3579906682254743
204.2744350276716,0.798374514658676
204.2783705721284,0.7295554775160491
204.28230611658512,1.6560176387968077
204.28624166104188,2.5150529358571636
204.29017720549865,1.478930251007634
204.2941127499554,1.0988270070562869
204.29804829441213,0.6680161863879974
204.3019838388689,1.608291699990644
204.30591938332563,0.4506333072706071
204.3098549277824,2.7674537219518753
204.31379047223916,3.4156188314743825
204.31772601669587,0.004240458266379471
204.32166156115264,1.779151010494498
204.32559710560935,0.8248621386163756
204.3295326500661,2.850910207311253
204.33346819452288,0.6354969867364256
204.33740373897965,1.4898180678453654
204.3413392834364,1.4161804496904213
204.34527482789315,0.3497543354664241
204.3492103723499,0.982011618101657
204.35314591680665,0.3800887904407008
204.3570814612634,1.1573240002131662
204.36101700572016,0.24182700184753744
204.3649525501769,1.3332037985891545
204.3688880946337,1.5737202371705235
204.3728236390904,1.0040032418921416
204.3767591835472,0.2918241731409989
204.3806947280039,0.7397354364321603
204.38463027246067,0.214150277539651
204.3885658169174,0.7851437329387907
204.39250136137412,0.43184395194510006
204.3964369058309,0.5604867814121732
204.40037245028765,0.7008028768529976
204.4043079947444,0.52416956342791
204.40824353920115,0.0684396855387307
204.41217908365792,0.2427604987441381
204.41611462811463,0.23194087266750016
204.42005017257145,0.4149896071783502
204.42398571702816,1.12225211889296
204.42792126148493,1.3350515287588378
204.4318568059417,1.3924495310236864
204.43579235039843,0.5468475606113428
204.4397278948552,0.21212205074418358
204.44366343931196,0.7842112701681474
204.44759898376867,0.0800949866097346
204.45153452822544,0.5086808885422319
204.45547007268215,0.4672164113142499
204.4594056171389,0.8550078102186727
204.46334116159568,0.7051186459805848
204.4672767060524,0.05429581588937776
204.4712122505092,0.6023817737087486
204.47514779496592,0.23187141808337136
204.4790833394227,0.32801116852099016
204.48301888387945,0.08090829363940619
204.4869544283362,0.18676661441998513
204.49088997279293,0.39747317272232235
204.4948255172497,0.6575715957349445
204.49876106170643,1.5705443889050716
204.5026966061632,2.249873738347407
204.50663215061996,1.3941266321656038
204.5105676950767,1.2817600390785955
204.51450323953344,0.8694157489304148
204.5184387839902,0.05566754470767763
204.52237432844692,0.14622829050973574
204.5263098729037,0.11771490025243085
204.53024541736045,0.20324663716867047
204.5341809618172,0.2825562028572428
204.53811650627395,0.15315224775587477
204.54205205073072,0.05701007576019711
204.54598759518743,0.1292480667561744
204.5499231396442,1.1905922522308159
204.55385868410096,1.990006252646345
204.5577942285577,0.837818322895542
204.5617297730145,0.25984393399311945
204.5656653174712,0.6309769046796294
204.569600861928,0.09244262227399738
204.5735364063847,0.2934731800495475
204.57747195084147,0.6870761637406144
204.5814074952982,0.17595153186650905
204.58534303975495,0.025233661139623057
204.5892785842117,0.01876807459388839
204.59321412866848,0.4467330533397546
204.5971496731252,0.5872080024677925
204.601085217582,0.10040443323084393
204.60502076203872,0.03079413624176571
204.6089563064955,0.048944017737713966
204.61289185095225,0.23921497511126172
204.616827395409,0.5342616556624514
204.62076293986573,0.1653817957946347
204.6246984843225,0.101912590625456
204.62863402877923,0.45821779920854955
204.632569573236,1.105228219242434
204.63650511769276,4.34749080927909
204.64044066214947,4.387589852404446
204.64437620660624,0.8428041398754115
204.64831175106295,0.29948564507354036
204.65224729551971,0.030952426434507446
204.65618283997648,0.5285346143015991
204.66011838443325,0.8325358840340115
204.66405392889,0.2762078724975527
204.66798947334675,0.02733124659206418
204.6719250178035,0.8211813931055271
204.67586056226023,1.7547581337390084
204.679796106717,0.9252883395901578
204.68373165117376,0.4802693155866655
204.6876671956305,2.774359486366418
204.6916027400873,3.1524907203023496
204.695538284544,0.9249253221000688
204.69947382900077,0.3696568521329935
204.7034093734575,0.5776615886270762
204.70734491791424,0.39576060243921324
204.711280462371,0.18425730270168952
204.71521600682772,0.12802845867805443
204.7191515512845,0.21453000644341685
204.72308709574125,0.08428844891007423
204.727022640198,0.00864086096012036
204.73095818465475,0.026866992321662096
204.73489372911152,0.35727097931962204
204.73882927356823,0.5312154251399542
204.74276481802505,1.0075138389081226
204.74670036248176,1.5809645573667659
204.75063590693853,0.8198930935733252
204.7545714513953,0.31822283448502053
204.75850699585203,0.49131277464431156
204.7624425403088,0.17880439922429547
204.76637808476556,0.714375927179753
204.77031362922227,1.386224941481172
204.77424917367904,0.3296633122678321
204.77818471813575,0.37920463997747433
204.7821202625925,0.753422395093954
204.78605580704928,1.7034998352074966
204.789991351506,3.1691568566352135
204.7939268959628,0.825234760170289
204.79786244041952,0.7002216576414769
204.8017979848763,1.9165508172793113
204.80573352933305,1.6207622592377582
204.8096690737898,2.9007681772434775
204.81360461824653,0.09126912223916946
204.8175401627033,2.675147414709706
204.82147570716003,1.8983521491077708
204.8254112516168,0.046265936469149796
204.82934679607357,0.5517985317471295
204.8332823405303,0.2058664791341963
204.83721788498704,0.5882987031411169
204.8411534294438,0.560505159474143
204.84508897390052,0.18803979603169382
204.8490245183573,1.8504009226268345
204.85296006281405,2.6838306792501583
204.8568956072708,0.19571770270932928
204.86083115172755,0.6098825525788669
204.8647666961843,1.0129457309253913
204.86870224064103,0.6864795755744035
204.8726377850978,1.2137728776818708
204.87657332955456,2.6329682454104084
204.8805088740113,1.5798327776880376
204.8844444184681,0.3491654957780656
204.8883799629248,0.5545934218589291
204.8923155073816,0.6103889347207647
204.8962510518383,0.6750163478714664
204.90018659629507,0.6501019526210108
204.9041221407518,0.12548517699093295
204.90805768520855,1.1024220045281579
204.9119932296653,2.893643610275773
204.91592877412208,1.5407478895711673
204.9198643185788,0.24368961830705932
204.9237998630356,0.7378757069895732
204.92773540749232,0.578167412233146
204.9316709519491,2.998572538815868
204.93560649640585,3.3920186390911513
204.93954204086256,0.8075010302255161
204.94347758531933,2.1642988772951126
204.94741312977607,0.8884110545464418
204.95134867423283,0.418063288366543
204.9552842186896,1.962968400887823
204.95921976314636,0.7567455942612635
204.96315530760307,0.014690675987880588
204.96709085205984,0.42338216647877785
204.97102639651655,1.055641843384628
204.97496194097332,0.4579361980176685
204.97889748543008,1.0872025004212533
204.98283302988685,1.3966886535505547
204.9867685743436,0.3437801492088109
204.99070411880035,0.09960570476197296
204.9946396632571,0.7279048233321673
204.99857520771383,0.8123882980890216
205.0025107521706,0.1648822801594326
205.00644629662736,0.4357159233829808
205.0103818410841,0.7637303132036058
205.01431738554083,0.41778149595724345
205.0182529299976,0.39422266495329855
205.02218847445437,0.07171001027297638
205.0261240189111,0.6630937765528611
205.03005956336784,2.9706072651029944
205.0339951078246,2.0279938549928134
205.03793065228132,0.08051444195756677
205.0418661967381,1.3186771033906772
205.04580174119485,0.7145773482360229
205.0497372856516,0.061554018991218526
205.05367283010835,0.4389927070042042
205.05760837456512,1.8742270345277927
205.06154391902183,2.062741791400005
205.06547946347865,1.3795645974882256
205.06941500793536,1.1134968440756488
205.07335055239213,0.18337328125958657
205.0772860968489,0.2650018790128193
205.08122164130563,0.5517175504852534
205.0851571857624,1.5486657903585972
205.08909273021916,1.5229272091237605
205.09302827467587,0.40386684976489806
205.0969638191326,0.36963205008050537
205.10089936358935,0.6819839911426454
205.1048349080461,0.19950286776929818
205.10877045250288,0.23217216344616837
205.1127059969596,0.7921220235637548
205.1166415414164,0.6961466713756618
205.12057708587312,2.1798657528886105
205.1245126303299,3.6645069656625826
205.12844817478663,2.170270791457089
205.1323837192434,0.5593771706514697
205.13631926370013,0.5277092657826217
205.1402548081569,0.26998766073348585
205.14419035261363,1.4079873762730635
205.1481258970704,2.175797489253266
205.15206144152717,0.5539158218880398
205.1559969859839,0.16340615926956553
205.15993253044064,0.5980328486098888
205.1638680748974,0.37789415339339966
205.16780361935412,0.09249108673740454
205.17173916381088,0.9623069293884595
205.17567470826765,0.33091189523151415
205.1796102527244,2.769555178506453
205.18354579718115,6.066822587494501
205.1874813416379,2.507347798933124
205.19141688609463,1.6643907284675317
205.1953524305514,4.272191670622931
205.19928797500816,1.8375242978330797
205.2032235194649,3.007118760868
205.2071590639217,7.360998489471041
205.2110946083784,2.168787364663924
205.2150301528352,4.608727596069927
205.2189656972919,4.664877275905316
205.22290124174867,1.5386364788288236
205.2268367862054,2.3277962162269636
205.23077233066215,0.1645913045006039
205.2347078751189,0.315848316276288
205.23864341957568,0.3879610385218092
205.2425789640324,1.4798492828205148
205.2465145084892,0.39405138256182193
205.25045005294592,1.4230962460434353
205.25438559740263,0.43560123686807306
205.25832114185943,0.6365119837903085
205.26225668631616,0.5026998484216636
205.26619223077293,1.1844004894666165
205.27012777522967,3.232229943049259
205.27406331968643,0.24983090611716469
205.2779988641432,2.3956024259902446
205.28193440859997,3.0238156711168585
205.28586995305668,1.1318922854049132
205.28980549751344,2.268513145473756
205.29374104197015,0.17582311074316187
205.29767658642692,1.5740201795043074
205.30161213088368,1.116981918264713
205.30554767534045,0.7043146855089079
205.3094832197972,2.1020886795735407
205.31341876425395,0.3729771784100693
205.3173543087107,1.9423234056741991
205.32128985316743,1.0645603480300456
205.3252253976242,0.07315975741063586
205.32916094208093,1.252956765963568
205.3330964865377,1.2145884610111988
205.33703203099444,0.07708592689702576
205.3409675754512,0.9414183559510078
205.34490311990797,1.1478936900159973
205.3488386643647,1.5045180774031117
205.35277420882144,0.6844487764254604
205.3567097532782,0.06267589740233798
205.36064529773492,0.22717647949263156
205.3645808421917,1.2161982143635184
205.36851638664845,1.941890042819699
205.3724519311052,0.4997917555054378
205.376387475562,0.40859448125285763
205.38032302001872,0.015139300431860112
205.38425856447543,0.6951441494380562
205.38819410893225,0.5662587307726776
205.39212965338896,0.7947750965537528
205.39606519784573,0.10136815176103973
205.40000074230247,0.973160110228599
205.4039362867592,1.8003287966779324
205.407871831216,0.892807618961731
205.4118073756727,0.7468387861505997
205.41574292012947,0.4190657598268535
205.4196784645862,0.03588198116211402
205.42361400904295,0.2678850544161011
205.4275495534997,0.508552499554694
205.43148509795648,2.2513048259808235
205.4354206424132,4.439347803704838
205.43935618687,1.3044964271352597
205.44329173132672,0.1986587621506852
205.4472272757835,1.0766332136960934
205.45116282024023,0.4729980864216884
205.455098364697,0.3860723289938763
205.45903390915373,0.9818551099631575
205.4629694536105,1.1287792318696006
205.46690499806724,1.4302804313952133
205.470840542524,2.704056340545882
205.47477608698077,0.5323842889188812
205.4787116314375,1.988847045407627
205.48264717589424,5.750523539601437
205.48658272035095,2.266767802780872
205.49051826480772,0.30401293642284455
205.49445380926448,0.9167869619222859
205.49838935372125,0.6608758781733473
205.502324898178,0.33072218281332705
205.50626044263475,0.7208887810237498
205.5101959870915,0.9161719661682444
205.51413153154823,0.020793166942964597
205.518067076005,0.7891576022134799
205.52200262046176,2.050531412354921
205.5259381649185,1.9827138905175117
205.52987370937527,1.4839354319324032
205.533809253832,2.4404322334212525
205.5377447982888,1.9461076909020671
205.5416803427455,0.31414534425634033
205.54561588720227,0.9318808118623557
205.549551431659,2.240729099287106
205.55348697611575,2.730657761215816
205.5574225205725,3.015760176764749
205.56135806502925,3.049171687163566
205.565293609486,3.1327842669020813
205.5692291539428,1.4961565683576536
205.57316469839952,0.14918071743351188
205.57710024285623,2.3281694869922407
205.58103578731303,0.5154141665312025
205.58497133176976,1.2633686564050393
205.58890687622653,1.7169864534709904
205.59284242068327,0.17337249838225502
205.59677796514003,0.4586340737830999
205.6007135095968,0.7038022428750849
205.60464905405357,3.467903505267586
205.60858459851028,0.7906084257476966
205.61252014296704,1.0278019405776748
205.61645568742375,2.1069940798867863
205.62039123188052,0.4078419295508388
205.62432677633728,0.7746452033933457
205.62826232079405,0.6506380333871185
205.6321978652508,1.6835681405531029
205.63613340970755,2.695844684510721
205.6400689541643,1.0459275970670117
205.64400449862103,0.11413531901289159
205.6479400430778,0.2918349481621729
205.65187558753453,0.008070346235622836
205.6558111319913,2.3817232135817905
205.65974667644804,4.272515399656919
205.6636822209048,0.4912264650056851
205.66761776536157,2.3306730093159636
205.6715533098183,0.782536917884584
205.67548885427505,1.5139164168438508
205.6794243987318,4.601216566450198
205.68335994318852,2.1851208404232656
205.6872954876453,0.1334938794909927
205.69123103210205,1.1184749630068709
205.6951665765588,0.4609715964414448
205.6991021210156,1.0082928765348254
205.70303766547232,3.927716381581619
205.70697320992903,3.541692311664761
205.71090875438583,2.946074721193447
205.71484429884256,0.802054814184982
205.7187798432993,0.415800792296738
205.72271538775607,2.7249069149379332
205.7266509322128,1.3286080730330583
205.7305864766696,0.6882599615464613
205.7345220211263,2.3467589356990595
205.73845756558308,0.9853168456393097
205.7423931100398,0.8620249041516678
205.74632865449655,0.39022122749184673
205.7502641989533,0.8378657359918855
205.75419974341008,0.41934235839912365
205.7581352878668,6.692748231403326
205.7620708323236,5.714758420952532
205.76600637678035,0.5429902396808107
205.7699419212371,1.9359304383470464
205.77387746569383,0.7253577198002773
205.7778130101506,6.096596234033883
205.78174855460733,4.53370530367291
205.7856840990641,3.7098997462816037
205.78961964352084,8.274184665879325
205.7935551879776,9.073504260373134
205.79749073243437,3.4200282377499174
205.80142627689108,0.07695277562948714
205.80536182134784,3.6703155225867157
205.80929736580455,16.330182262450514
205.81323291026132,16.192051599484962
205.8171684547181,3.7421878262032036
205.82110399917485,7.4943041010885105
205.8250395436316,0.8812110709345382
205.8289750880884,5.447488504242859
205.8329106325451,0.8789068780720105
205.83684617700183,7.7134707192973515
205.8407817214586,15.88131253867233
205.84471726591536,7.62751661296206
205.8486528103721,1.1929677847932922
205.85258835482887,1.3410112699468077
205.8565238992856,2.3674187338722117
205.8604594437424,0.7932421078422833
205.8643949881991,0.2623532456844155
205.86833053265588,7.513277917846491
205.8722660771126,13.548556027003176
205.87620162156932,2.7251740724125018
205.8801371660261,0.924126517613667
205.88407271048283,2.7608160949169775
205.8880082549396,0.5990149449640619
205.8919437993964,2.103272171968069
205.89587934385312,3.4140614663770865
205.89981488830983,1.8694270932350139
205.90375043276663,1.6538774873163886
205.90768597722337,3.0455130153648953
205.91162152168013,2.084491956960173
205.91555706613687,0.5089254452019437
205.91949261059364,1.791612961022631
205.9234281550504,0.22108860705787473
205.92736369950717,1.4966319410273194
205.93129924396388,1.5372803270593431
205.93523478842064,0.2938843566831705
205.93917033287735,0.6238478475734459
205.94310587733412,0.8094880936115134
205.94704142179089,0.42631624376446287
205.9509769662476,1.209494592323194
205.9549125107044,2.788843682119615
205.95884805516116,2.032879305905819
205.9627835996179,0.06012885258786948
205.96671914407463,0.09328111808801816
205.9706546885314,1.1066716709179247
205.9745902329881,4.727474968822135
205.9785257774449,1.2253855307977852
205.98246132190164,1.108593138187113
205.9863968663584,2.7082855586487793
205.99033241081517,0.11281315452321584
205.9942679552719,1.220050009323429
205.99820349972865,1.0867063255427363
206.0021390441854,0.2612643826224195
206.00607458864212,0.32037184643193656
206.0100101330989,0.39984571460515367
206.01394567755565,0.8715864058689605
206.0178812220124,0.8572763877457423
206.0218167664692,1.713047191363601
206.02575231092592,4.64816672939714
206.02968785538263,3.794164997991038
206.0336233998394,0.48603224727186684
206.03755894429617,1.0648416079201954
206.0414944887529,0.06950764730870068
206.04543003320967,0.84480807944627
206.0493655776664,0.2523910425423118
206.0533011221232,1.020980274215928
206.0572366665799,1.6232906340781876
206.06117221103668,0.3149518465667096
206.0651077554934,2.565027699489973
206.06904329995015,0.4703775262097923
206.0729788444069,3.293707648981533
206.07691438886368,8.305857159424447
206.0808499333204,4.513263794614354
206.0847854777772,1.4276690443578897
206.08872102223395,0.4593554065740149
206.0926565666907,0.1287749811042759
206.09659211114743,0.1642596790314037
206.1005276556042,0.10662989263371844
206.10446320006093,1.0289015424247876
206.10839874451767,2.012100762884189
206.11233428897444,1.0610719552203176
206.1162698334312,0.21837012866704358
206.12020537788797,0.865869008814723
206.12414092234468,2.13676369233486
206.12807646680145,1.8551514619612943
206.13201201125815,0.5256782054538582
206.13594755571492,0.23258247583525488
206.1398831001717,0.47966395694862674
206.14381864462845,0.18668828899044546
206.1477541890852,0.17609044075846758
206.151689733542,0.6439938921309778
206.1556252779987,0.40058823952683154
206.15956082245543,0.5728939778496824
206.1634963669122,1.02043228373757
206.16743191136896,0.8697642527903543
206.1713674558257,0.36024759372867443
206.17530300028247,1.129390153756562
206.1792385447392,0.8260293452868441
206.183174089196,0.06291825216917744
206.1871096336527,0.8315271212346006
206.19104517810945,1.7282112003591958
206.1949807225662,0.3130945468531439
206.19891626702292,1.9162503124003152
206.2028518114797,2.3033688375230645
206.20678735593648,0.6676557073547662
206.2107229003932,0.2701997577250345
206.21465844485,2.4259968489784325
206.21859398930675,0.725879029756857
206.22252953376343,0.6083353818907448
206.22646507822023,1.6667741559092772
206.23040062267697,0.4477518988638702
206.23433616713373,0.7762781921909564
206.23827171159047,2.907186796240279
206.24220725604724,2.673961873818492
206.246142800504,1.8049644469516726
206.25007834496077,2.058614638906545
206.25401388941748,0.7605850030367991
206.25794943387424,0.9535811710966206
206.26188497833095,1.6268024527320175
206.2658205227877,0.2819995910131145
206.2697560672445,0.27300931551780416
206.2736916117012,0.7181488532162363
206.277627156158,5.951637237779492
206.28156270061476,7.770254315299028
206.2854982450715,1.2171300450449352
206.28943378952823,0.5811456643209751
206.293369333985,0.025413611285185787
206.2973048784417,3.2019841774780504
206.3012404228985,5.834005254814565
206.30517596735524,2.0967902145805333
206.309111511812,0.8347758481663548
206.31304705626877,4.912441929333877
206.3169826007255,3.9207939581778746
206.32091814518225,5.443463398861733
206.324853689639,2.4107693074906504
206.32878923409572,5.64196940657029
206.3327247785525,14.81565379518522
206.33666032300928,13.769626974944751
206.340595867466,10.389749943490553
206.3445314119228,5.7698604807082035
206.3484669563795,3.9772246413637435
206.35240250083623,0.1248151029169858
206.356338045293,8.400595046160442
206.36027358974977,14.83701564973184
206.3642091342065,6.726628171789231
206.36814467866327,3.3272210245171348
206.37208022312,0.862803899330331
206.3760157675768,0.24371285355892378
206.3799513120335,1.8012843946481354
206.38388685649028,9.200251881316737
206.38782240094704,4.826358966576623
206.39175794540375,0.019094353877943778
206.3956934898605,0.4921272351198949
206.3996290343173,0.2100747859726074
206.403564578774,3.158203437478313
206.4075001232308,5.595393517933333
206.41143566768756,4.293621899093845
206.4153712121443,3.1277236045233643
206.41930675660103,1.4630423110830122
206.42324230105777,1.1823767832704188
206.4271778455145,2.5353209481824552
206.43111338997127,1.8751962168096734
206.43504893442804,2.8541708949922118
206.4389844788848,4.2530316220903615
206.44292002334157,2.1148848751770064
206.44685556779828,0.33631226239637085
206.45079111225505,0.4331620740250909
206.45472665671176,3.0302898332931756
206.45866220116852,1.8484870051929492
206.4625977456253,0.37749655850179425
206.46653329008203,1.4362310499048958
206.4704688345388,1.046446255812705
206.4744043789956,1.9293329252838785
206.4783399234523,1.794213096151006
206.48227546790903,0.39373744620096573
206.4862110123658,3.4377819764831568
206.49014655682257,1.5597513718964358
206.4940821012793,2.3016989916638964
206.49801764573604,8.046065143538618
206.5019531901928,0.8628567092988757
206.50588873464957,2.917962342673383
206.5098242791063,3.682789152792393
206.51375982356305,0.10943146702330189
206.51769536801984,0.21573517944881201
206.52163091247652,0.09954730126186001
206.5255664569333,0.16331754865206186
206.52950200139009,0.14138085470325226
206.5334375458468,0.7544847573523941
206.5373730903036,0.4778062043315354
206.54130863476036,0.2742347676743074
206.54524417921704,0.9968884570824605
206.54917972367383,2.7555711335091257
206.55311526813057,2.9826421862109527
206.5570508125873,1.0647039559845664
206.56098635704407,0.29766076728405644
206.56492190150084,0.4984732606580266
206.5688574459576,0.22845330145388906
206.57279299041437,0.0789254264983668
206.57672853487108,0.061234181660625456
206.58066407932785,0.4212919613152412
206.58459962378456,0.22248749705526794
206.5885351682413,0.36066479185177946
206.5924707126981,1.5647382351995232
206.59640625715485,2.666880598741767
206.6003418016116,2.4767630733850305
206.60427734606836,0.5676112787823524
206.6082128905251,0.5190199802699572
206.61214843498183,2.3551680421928083
206.6160839794386,1.2427678919083507
206.6200195238953,1.4981741552659025
206.6239550683521,0.7672503896026193
206.62789061280884,0.41494665911126066
206.6318261572656,1.006334720952804
206.63576170172237,1.7459133070940949
206.6396972461791,3.370630500782527
206.64363279063585,1.7836950066099067
206.6475683350926,3.533635396166012
206.65150387954932,1.9308882331511943
206.6554394240061,0.05664343448499145
206.65937496846288,0.23209504316601764
206.6633105129196,0.36535808980557477
206.6672460573764,1.2804813648496542
206.6711816018331,0.5266387361993673
206.67511714628984,1.1466764646582492
206.6790526907466,0.811145800292733
206.68298823520337,0.1949920141019692
206.6869237796601,0.6417338540957267
206.69085932411687,0.45063296225464816
206.6947948685736,0.20698565759171644
206.6987304130304,1.221952556890692
206.7026659574871,1.3848924883142246
206.70660150194388,0.3142060096437378
206.71053704640065,0.04922988608673461
206.71447259085735,0.47747952012762096
206.7184081353141,0.6783975891056214
206.7223436797709,0.5811731409495865
206.7262792242276,0.6282886017759322
206.7302147686844,0.8678108650351337
206.73415031314116,0.6006153404284746
206.73808585759787,0.022916360734744956
206.74202140205463,1.300750216507475
206.74595694651137,2.1395507884561646
206.7498924909681,1.1771444836457627
206.75382803542487,1.180646305767284
206.75776357988164,3.2768382366044877
206.7616991243384,4.196500852361835
206.76563466879517,1.2215606141117665
206.76957021325188,3.695355814519824
206.77350575770865,4.803767220871343
206.77744130216536,2.2123599843518833
206.78137684662212,0.9548747000623545
206.7853123910789,2.130534731342413
206.78924793553568,4.423458260098468
206.7931834799924,1.5164470805828592
206.7971190244492,0.12313817475506797
206.8010545689059,0.6475594568813524
206.80499011336263,0.16865515051475147
206.8089256578194,1.8975935054056277
206.8128612022761,1.14244702510796
206.8167967467329,0.0007469643404709629
206.82073229118964,0.9094262663739864
206.8246678356464,2.6786971257506225
206.82860338010315,1.6022039704318216
206.8325389245599,1.3470751031571848
206.83647446901665,2.720716945314186
206.84041001347344,0.5441744134631649
206.84434555793013,0.2716195094409037
206.8482811023869,0.38385355045200775
206.8522166468437,0.08426965790913617
206.8561521913004,0.1804436526131503
206.8600877357572,0.11209915608938045
206.86402328021396,0.09581434605919205
206.8679588246707,0.4574265641701883
206.87189436912743,0.8672165971465255
206.87582991358417,0.8130671434675482
206.8797654580409,0.9739212554497795
206.88370100249767,0.8895638683919138
206.8876365469544,0.249539477775745
206.8915720914112,0.0568532522239436
206.89550763586792,0.25053007269650557
206.89944318032468,0.1276540729694132
206.90337872478145,0.6393741800288955
206.90731426923816,0.03725035440417086
206.91124981369487,1.445054146247806
206.9151853581517,1.4528115262730155
206.91912090260843,1.233417093285418
206.9230564470652,1.9093334290854582
206.92699199152196,0.10448486503773954
206.9309275359787,1.1578519502583864
206.93486308043543,0.31198172017303866
206.9387986248922,1.4119603844725506
206.9427341693489,0.8905592650333267
206.9466697138057,3.8385936871387547
206.95060525826244,4.374293500869717
206.9545408027192,0.8242646723381505
206.95847634717595,0.1689623416792713
206.9624118916327,0.5514329973794484
206.96634743608945,0.16340198825476798
206.9702829805462,1.0085638532400558
206.97421852500293,3.360425053156982
206.9781540694597,1.7042702341163662
206.9820896139165,0.5928712288256192
206.9860251583732,0.31706326665879964
206.98996070283,0.151753976981734
206.9938962472867,0.06613803434620143
206.9978317917435,0.7570695673225319
207.0017673362002,0.6076654061630536
207.00570288065697,0.1378062973199214
207.0096384251137,0.017879786442149617
207.01357396957047,0.6665354551069737
207.0175095140272,1.6961652853313238
207.021445058484,0.9474631132966077
207.02538060294071,0.10543356873408605
207.02931614739748,0.11474073755815424
207.03325169185425,0.4221226425285806
207.03718723631096,0.24365718552243082
207.0411227807677,0.040346446825940095
207.0450583252245,0.07027047065557893
207.04899386968123,0.09158560512343751
207.052929414138,0.6586878645573846
207.05686495859476,0.23543953725865618
207.06080050305147,0.2941205721367599
207.06473604750823,0.8496418988486856
207.06867159196497,0.5753984797337788
207.0726071364217,1.1699755192884884
207.07654268087848,0.9688528569603313
207.08047822533524,0.2059484265792302
207.084413769792,0.14172191249045601
207.08834931424877,1.0162936023347218
207.09228485870548,1.8357100363815797
207.09622040316225,0.9239510533397689
207.100155947619,0.38698679007762116
207.10409149207572,0.09288726117070151
207.1080270365325,0.1702093480093986
207.11196258098929,0.3680258119866585
207.115898125446,0.2610204241406058
207.1198336699028,0.7400356118686829
207.1237692143595,0.13115066142428106
207.12770475881624,1.824437674510972
207.131640303273,2.4838028321537413
207.1355758477297,0.26330989502382324
207.1395113921865,0.2632029641268744
207.14344693664324,0.25685277398086837
207.1473824811,0.6784850453541361
207.15131802555675,1.0333361342982756
207.1552535700135,0.06397982070298971
207.15918911447025,0.6818351597976763
207.16312465892705,0.4678267278131814
207.16706020338376,0.24840287711396855
207.1709957478405,0.40662398156891927
207.1749312922973,0.09865199638680659
207.17886683675405,0.419746521986712
207.1828023812108,0.5849295861994005
207.18673792566756,1.7454737097240016
207.19067347012427,0.3637169397903759
207.19460901458103,1.9926510659560825
207.19854455903777,2.0695096675811433
207.2024801034945,0.09228117211903682
207.20641564795127,2.2946847997784587
207.210351192408,1.477746715039888
207.2142867368648,1.3486186974178107
207.21822228132152,0.8671391730169629
207.22215782577828,0.41914190517038
207.22609337023505,0.89575724498473
207.2300289146918,0.5858751456752679
207.23396445914847,0.45098829189853773
207.2379000036053,0.30125236920859283
207.24183554806203,0.09762299121947103
207.2457710925188,0.03246067382788363
207.24970663697556,0.24442411315135543
207.2536421814323,0.16717045770178282
207.25757772588904,0.06910765023507984
207.2615132703458,0.03927738173724475
207.2654488148025,0.3881942501535816
207.2693843592593,1.3504806389746518
207.27331990371604,0.23629535017790743
207.2772554481728,1.1459162349880092
207.28119099262955,1.6051848887289306
207.28512653708628,0.047846977968617234
207.28906208154305,2.1838476011325345
207.2929976259998,0.9913920891256579
207.29693317045653,0.13463508610902852
207.3008687149133,0.7232787721917475
207.3048042593701,0.2931517388030016
207.3087398038268,0.1071288937413879
207.3126753482836,0.027005070847666148
207.3166108927403,0.22040975007360783
207.32054643719707,0.3056211826542367
207.3244819816538,0.09913444572284136
207.32841752611057,1.038346381501901
207.3323530705673,0.2135933187341594
207.33628861502407,0.6144182843641534
207.3402241594808,0.9787018078843654
207.3441597039376,0.06861407058958593
207.34809524839432,0.24972702450047163
207.35203079285108,0.11896593809993955
207.35596633730785,0.5573605914314945
207.35990188176456,0.11483252108487944
207.36383742622127,0.16211569286948196
207.3677729706781,0.17130453830541753
207.37170851513483,0.13004214504566658
207.3756440595916,0.3769181194363887
207.37957960404836,0.25543108541232856
207.38351514850507,0.05024471206186753
207.38745069296183,0.9229189348996226
207.39138623741857,1.8858929630002876
207.3953217818753,1.6588573426102653
207.39925732633208,0.5679890409262419
207.40319287078884,0.07030918970118566
207.4071284152456,0.06854453627285022
207.41106395970235,0.7347229685137917
207.41499950415908,1.7722538672522412
207.41893504861585,1.708181511225771
207.4228705930726,1.1383804335468977
207.42680613752933,0.8565154622611235
207.4307416819861,1.2332059986138975
207.43467722644283,3.0907771228089596
207.4386127708996,3.1804405298230307
207.44254831535636,1.0022334133063355
207.4464838598131,0.21696305025847618
207.45041940426984,0.16809788424908317
207.4543549487266,0.4030786595502818
207.4582904931833,0.10744440331253235
207.4622260376401,0.08502536036828956
207.46616158209684,0.10778469133619283
207.4700971265536,0.935942817365892
207.47403267101035,1.0814044297538359
207.47796821546711,0.15214544721257325
207.48190375992385,0.12277759769535183
207.48583930438065,0.1698577771091429
207.48977484883736,0.6410027981421834
207.49371039329407,2.085287096394602
207.4976459377509,0.9472660821447993
207.50158148220763,0.27211111455420367
207.5055170266644,0.19496152880509768
207.50945257112116,0.21659351676074948
207.51338811557787,0.7922407353567799
207.5173236600346,0.6077884154602657
207.52125920449137,0.17241195095996262
207.5251947489481,0.32910641236686405
207.52913029340488,0.24771733621518868
207.5330658378616,0.07183274587178048
207.5370013823184,0.27132398008788383
207.54093692677512,1.964845767352532
207.54487247123188,3.862488122519435
207.54880801568865,1.4696047026210972
207.5527435601454,0.7752310617203669
207.55667910460213,2.4422316723819018
207.5606146490589,2.4887208807017305
207.56455019351563,0.42306110313571255
207.5684857379724,0.354229387534733
207.57242128242916,0.9937711861882758
207.5763568268859,1.4821954044383274
207.58029237134264,0.23700797276762142
207.5842279157994,0.24838248009345948
207.5881634602561,0.25338966706168575
207.59209900471288,0.24084847801283849
207.59603454916964,0.6927402862981652
207.5999700936264,0.7802363547603054
207.60390563808315,0.1398289222381334
207.6078411825399,0.9856389962056161
207.61177672699665,1.6720459406352797
207.6157122714534,0.8198130994922277
207.61964781591016,2.2641929621567067
207.6235833603669,1.2423483975037148
207.6275189048237,1.2575421833793523
207.6314544492804,3.8655866056433226
207.6353899937372,0.36717159444804554
207.6393255381939,2.7184307609578653
207.64326108265067,6.244435464849551
207.6471966271074,7.481201683235817
207.65113217156417,0.45872796070251803
207.6550677160209,7.062993028076692
207.65900326047768,7.026115490982638
207.6629388049344,0.14301375495559782
207.6668743493912,1.225256339680204
207.67080989384792,2.419187883732162
207.67474543830463,2.0568587298235244
207.67868098276145,4.199416009557974
207.68261652721816,4.002288723928107
207.68655207167487,7.813266180482815
207.6904876161317,10.768380370853022
207.69442316058843,0.16533367953193565
207.6983587050452,6.68084754550419
207.70229424950196,5.969914047944931
207.70622979395867,1.4677698661432046
207.71016533841544,3.982237055647039
207.71410088287217,6.11959426511027
207.7180364273289,1.5803460602417752
207.72197197178568,1.0559632408794404
207.72590751624244,6.496444421314796
207.7298430606992,8.720242636346972
207.73377860515595,5.7838519598825355
207.73771414961269,1.2818527082297597
207.74164969406945,0.8947135720431622
207.7455852385262,4.515091779662951
207.74952078298293,3.2708059232974844
207.7534563274397,1.0507044304835644
207.75739187189643,6.9155651779351
207.7613274163532,9.561177468021505
207.76526296080996,3.337225033254035
207.7691985052667,0.48588071638222236
207.77313404972344,1.280764984027812
207.7770695941802,1.5772901765028362
207.7810051386369,1.9232977980224064
207.7849406830937,0.9617501355101739
207.78887622755045,0.8762776629681783
207.7928117720072,0.09634145267899137
207.79674731646395,1.3794548506262978
207.80068286092072,2.5968570978427077
207.80461840537745,1.5759875816039086
207.80855394983425,2.7122323457132422
207.81248949429096,0.2667559056360214
207.81642503874767,2.4481796252165835
207.8203605832045,2.0142851282884
207.82429612766123,0.20998555174212002
207.828231672118,1.2667000933031716
207.8321672165747,0.1131201277354573
207.83610276103147,2.506363042318765
207.8400383054882,2.37649566890757
207.84397384994497,0.11669659305458174
207.8479093944017,0.41611886091998135
207.85184493885848,0.15621808241516918
207.8557804833152,0.06917282265014267
207.859716027772,0.317244195502697
207.86365157222872,1.5053926607623689
207.86758711668548,1.0989703504603898
207.87152266114225,0.008338423804837217
207.875458205599,0.4083643945788617
207.87939375005573,0.11837140838574496
207.8833292945125,0.9098963510563027
207.88726483896923,2.928106806175625
207.891200383426,2.4874386520483656
207.89513592788276,0.2233808344567442
207.8990714723395,0.13427780774447143
207.90300701679624,0.39681392539580745
207.90694256125295,1.4467591987392459
207.9108781057097,1.498878384779149
207.91481365016648,0.3697006137537168
207.91874919462325,0.29983361008956533
207.92268473908,0.789939010692149
207.92662028353675,1.8459837453779642
207.9305558279935,2.9092678801857272
207.93449137245025,0.4462718404413587
207.938426916907,0.5877873395807769
207.94236246136376,0.6204931234947475
207.9462980058205,1.3088993726887441
207.9502335502773,1.2236588277618219
207.954169094734,0.02237574547695264
207.9581046391908,0.41803545580161205
207.9620401836475,1.9290416191779964
207.96597572810427,2.031685169614684
207.969911272561,0.1643714425166757
207.97384681701777,1.6958063929133864
207.9777823614745,1.5985466134740487
207.98171790593125,0.47544358413303545
207.985653450388,1.1220869948547545
207.98958899484475,2.229306755799135
207.99352453930152,2.3403513493581647
207.99746008375823,0.7405572481129307
208.00139562821505,0.9249191171607095
208.00533117267176,0.7471245784959629
208.00926671712853,0.14202420865244525
208.0132022615853,0.3850935306395106
208.01713780604203,1.12539881319592
208.0210733504988,1.1950327019146296
208.02500889495556,0.6435152231817394
208.02894443941227,0.4622117034698672
208.03287998386904,0.3319626202667362
208.03681552832575,0.42934597271746894
208.0407510727825,0.46195731497671244
208.04468661723928,0.08855069230787688
208.04862216169604,0.014717736907049795
208.0525577061528,0.15979996863057302
208.05649325060955,0.03942512690785262
208.0604287950663,0.9147997006003318
208.06436433952305,3.7261444665336705
208.0682998839798,1.9023723286187904
208.07223542843653,0.15652185228565185
208.0761709728933,1.4226670445142091
208.08010651735003,0.8181261059403182
208.0840420618068,0.24034214827282877
208.08797760626356,0.637323376979023
208.0919131507203,0.15695420248169595
208.09584869517704,1.3208834686532127
208.0997842396338,1.6029872924463917
208.10371978409052,0.24466953314367262
208.1076553285473,0.9530176348764873
208.11159087300405,0.5958903070639132
208.1155264174608,0.25716842424099756
208.11946196191755,0.31068758492048587
208.12339750637432,0.13290647277377818
208.12733305083103,0.16369788524344495
208.13126859528785,0.4664706557721221
208.13520413974456,0.5015688071031781
208.1391396842013,1.6958020815028048
208.1430752286581,0.6541195099320534
208.1470107731148,0.19828124379639925
208.1509463175716,0.6740383259875105
208.1548818620283,0.039657032369886214
208.15881740648507,0.37824916363645217
208.1627529509418,0.4470311949896912
208.16668849539855,1.6650095089391779
208.1706240398553,1.9183854333882944
208.17455958431208,0.22149908506253344
208.1784951287688,3.04775703034359
208.1824306732256,5.496591564416013
208.18636621768232,4.8593830571620975
208.1903017621391,3.5082458941212673
208.19423730659585,0.6303542256542544
208.1981728510526,0.3921468741760356
208.20210839550933,0.36208701999026266
208.2060439399661,0.4382471321888801
208.20997948442283,2.211263208477266
208.2139150288796,2.107387361409639
208.21785057333636,0.8617520977457703
208.22178611779307,0.3039752522870945
208.22572166224984,0.14185730081307554
208.22965720670655,0.7327663518828496
208.23359275116331,1.595384476207057
208.23752829562008,1.7873497642629468
208.24146384007685,2.760613207986738
208.2453993845336,3.0606212442620846
208.24933492899035,1.31854166174828
208.2532704734471,0.25787354495522047
208.25720601790383,0.04825276851283414
208.2611415623606,0.12392503628704314
208.26507710681736,0.06423135563553936
208.2690126512741,0.7425200142883537
208.2729481957309,0.2148613894541894
208.2768837401876,0.21740014268022329
208.2808192846444,0.556742994361536
208.2847548291011,1.319969665298921
208.28869037355787,1.3032096575202141
208.2926259180146,0.2649488697150272
208.29656146247132,2.1098763944379284
208.3004970069281,2.04196515553021
208.30443255138485,0.37772765452243123
208.3083680958416,0.33571314104477423
208.31230364029835,1.6841188288617215
208.31623918475512,1.043200209863546
208.32017472921183,1.1203941999334832
208.32411027366865,0.8081153092916923
208.32804581812536,0.30103183534515865
208.33198136258213,3.6367415924846282
208.3359169070389,2.662733000523582
208.33985245149563,0.9327261441001122
208.3437879959524,6.0337942127163435
208.34772354040916,3.2769872512226885
208.35165908486587,0.011207335801799004
208.35559462932264,0.39590405397021533
208.35953017377935,3.8937155660696656
208.3634657182361,5.770073192253043
208.36740126269288,0.7034185426256099
208.37133680714965,0.3082681793840124
208.3752723516064,0.022520251178512578
208.37920789606312,0.9036175670612548
208.3831434405199,0.26361392181879106
208.38707898497665,1.334915607014422
208.3910145294334,3.060711680215488
208.39495007389013,2.900385824873518
208.3988856183469,0.8819568823765368
208.40282116280363,0.38490538696410975
208.4067567072604,0.4550361160543394
208.41069225171717,0.31260948350484674
208.4146277961739,0.6830308815297594
208.41856334063064,0.3910651545454917
208.4224988850874,2.6653425437400364
208.42643442954412,0.6978416466688401
208.4303699740009,0.975732520971205
208.43430551845765,1.717479933197374
208.4382410629144,1.8013254357444939
208.44217660737115,2.0015506818975908
208.44611215182792,5.313296988967019
208.45004769628463,2.320787881191335
208.4539832407414,0.35298378589027946
208.45791878519816,1.6603755142680812
208.4618543296549,0.020971640101103903
208.4657898741117,1.1024628291577427
208.4697254185684,0.9563692335401408
208.4736609630252,0.8802652477284345
208.4775965074819,1.2950620195611227
208.48153205193867,2.503509859408712
208.4854675963954,2.266430258263165
208.48940314085215,2.043766538112862
208.4933386853089,2.7306007840221374
208.49727422976568,1.6645598673608488
208.5012097742224,0.23055322900707104
208.5051453186792,0.4734883917539711
208.50908086313592,2.3276531608134206
208.5130164075927,6.529709843031007
208.51695195204945,1.8237702780577374
208.5208874965062,0.7081319507417182
208.52482304096293,1.4804269613612466
208.52875858541967,0.7113257765016637
208.53269412987643,1.2194104129315682
208.5366296743332,0.3231458689822881
208.54056521878996,1.0156717404474327
208.54450076324667,0.6946891289848677
208.54843630770344,0.330065754043443
208.55237185216015,0.5878398412863581
208.55630739661692,0.6579539549741961
208.56024294107368,0.5138214662778507
208.56417848553045,0.8097915640127651
208.5681140299872,0.3649352614304
208.57204957444395,0.011857867075826832
208.5759851189007,0.5878085031537319
208.57992066335743,0.5512492011193943
208.5838562078142,0.03816713098418192
208.58779175227096,0.14121653903521042
208.5917272967277,0.8821592244883895
208.5956628411845,1.5578725345211817
208.5995983856412,0.3863697425461312
208.603533930098,0.24705897810988695
208.6074694745547,0.371935330564905
208.61140501901144,0.3645737679232043
208.6153405634682,1.3319717456758864
208.61927610792492,1.5553783423068737
208.6232116523817,0.7755477289917229
208.62714719683845,0.5225410766876006
208.6310827412952,0.4516187812957481
208.63501828575195,0.6867806506808526
208.63895383020872,0.31626123044652765
208.64288937466543,0.15163866006923088
208.64682491912225,1.486215911788099
208.65076046357896,1.2645192203804068
208.65469600803573,0.1162924331839055
208.6586315524925,0.09483260760100667
208.66256709694923,0.02268160225706648
208.666502641406,0.36423926580433463
208.67043818586276,0.6679457434068503
208.67437373031947,0.23069151807894717
208.67830927477624,0.019364676203549522
208.68224481923295,0.052793699627278784
208.6861803636897,0.3637732458527581
208.69011590814648,0.6053195655247136
208.6940514526032,0.8840632736501283
208.69798699706,0.4690272556077534
208.70192254151672,0.03553541525363056
208.7058580859735,0.27395123391833304
208.70979363043023,0.26960517977954274
208.713729174887,0.4947487857789006
208.71766471934373,2.8669155663823833
208.7216002638005,1.9723437156450014
208.72553580825723,1.5906909841077221
208.729471352714,4.22771453904428
208.73340689717077,1.0661204313467785
208.7373424416275,2.423405508746545
208.74127798608424,1.916705499137217
208.745213530541,0.43494671238296284
208.74914907499772,0.771368793235044
208.7530846194545,0.2329576324069938
208.75702016391125,0.5838606457641062
208.760955708368,0.2403276003904492
208.76489125282475,0.7548803849757779
208.7688267972815,3.629115684726038
208.77276234173823,1.2691893841604958
208.776697886195,1.9434167641918438
208.78063343065176,2.7147726149741533
208.7845689751085,0.800805726855302
208.7885045195653,3.009944559083293
208.792440064022,0.2562203735986371
208.7963756084788,2.376104554751093
208.8003111529355,2.1234564916057783
208.80424669739227,0.1982764915342758
208.808182241849,0.472261014316342
208.81211778630575,1.668196666463246
208.8160533307625,1.6987227321482514
208.81998887521928,0.12025285011071321
208.823924419676,0.22819828518286306
208.8278599641328,0.16643983186926042
208.83179550858952,0.07086926631437059
208.8357310530463,0.2488716774712977
208.83966659750303,0.9287382396340732
208.84360214195976,1.2834992460945842
208.84753768641653,0.5913715202405105
208.85147323087327,0.4320229026298252
208.85540877533003,0.2539685698872495
208.8593443197868,1.0984760657091222
208.86327986424357,2.173123678417707
208.86721540870028,1.0144272588618928
208.87115095315704,0.3481895960463331
208.87508649761375,2.022190123069218
208.87902204207052,3.643529985394734
208.88295758652728,2.0598239985497058
208.88689313098405,1.3249371826804237
208.8908286754408,2.351303908732324
208.89476421989755,1.7902288822998529
208.8986997643543,0.2600035118070074
208.90263530881103,0.03831828648997775
208.9065708532678,0.1169669225884723
208.91050639772456,0.5435547615700537
208.9144419421813,0.44293262540374057
208.9183774866381,0.04412591103392018
208.9223130310948,0.10326261921499595
208.92624857555157,0.13838988470649038
208.9301841200083,0.1259598022929573
208.93411966446504,0.6703983565485407
208.9380552089218,0.14546511158891157
208.94199075337852,0.40478329699084553
208.9459262978353,0.6773500357090555
208.94986184229205,0.2317559917938284
208.9537973867488,0.4537385620424591
208.9577329312056,0.34152997753013314
208.96166847566232,0.17715177252933342
208.96560402011903,2.433574389934731
208.96953956457585,2.3208467667335153
208.97347510903256,0.25724855199810764
208.97741065348933,0.5229776591112745
208.98134619794607,1.128917126049819
208.98528174240283,1.125981984342403
208.9892172868596,0.10182119325795896
208.99315283131637,0.5543379013669548
208.99708837577307,0.7774393331889998
209.0010239202298,0.06529928060643925
209.00495946468655,0.42577043370329865
209.0088950091433,0.700485679702427
209.01283055360008,0.3248876190723115
209.0167660980568,0.007987531405401736
209.0207016425136,0.5425124104664515
209.02463718697032,0.2166168729824101
209.0285727314271,0.27354066773321933
209.03250827588383,0.644345291539778
209.0364438203406,0.10541059775084892
209.04037936479733,1.3375857732687897
209.0443149092541,0.9824926820379837
209.04825045371084,0.05585540570566057
209.0521859981676,0.3392951672482734
209.05612154262437,0.8136540238924502
209.0600570870811,0.8555597874948142
209.06399263153784,1.119631438800988
209.0679281759946,0.024567428856806732
209.07186372045132,1.2961575141812152
209.07579926490808,1.1883330406710997
209.07973480936485,0.15632954166877236
209.0836703538216,0.4769694072781069
209.08760589827835,0.30394225571480415
209.0915414427351,3.4892141984651537
209.09547698719183,2.728692744338338
209.0994125316486,0.1765517353057345
209.10334807610536,0.3433652887151098
209.1072836205621,0.22502905444879906
209.11121916501887,0.004802150641693125
209.1151547094756,0.07580530960776602
209.1190902539324,0.269129428125489
209.1230257983891,0.8815521035160461
209.12696134284587,1.5847750223902692
209.1308968873026,1.0806982458658325
209.13483243175935,0.37702788935114223
209.1387679762161,0.4353704171196164
209.14270352067288,0.28667822435648693
209.1466390651296,0.2156165024980115
209.1505746095864,0.24924308547216467
209.15451015404312,0.08824760946552795
209.15844569849983,0.7249415625968885
209.16238124295663,1.1426466313395829
209.16631678741336,1.2282707121016396
209.17025233187013,1.0086741206888632
209.17418787632687,0.2859834662834533
209.17812342078363,0.3377952099900589
209.1820589652404,0.9037961567286533
209.18599450969717,0.6416855997833432
209.18993005415388,0.14431578443638
209.19386559861064,0.11166808265489621
209.19780114306735,0.14808618028875736
209.20173668752412,0.2541638068535263
209.20567223198088,0.17479447804688236
209.20960777643765,0.3270081899773292
209.2135433208944,2.5725325532238834
209.21747886535115,2.8920800363018757
209.2214144098079,0.4852540382973262
209.22534995426463,1.3573967063294228
209.2292854987214,0.5231062240593626
209.23322104317813,0.411147364950481
209.2371565876349,1.0040175990178417
209.24109213209164,0.2589082755150476
209.2450276765484,1.0645233373406162
209.24896322100517,0.23852069308743418
209.2528987654619,1.0638595423575115
209.25683430991864,1.484758976035894
209.2607698543754,1.4454617876758191
209.26470539883212,1.3933846569419035
209.2686409432889,0.19775335147153913
209.27257648774565,0.2629384200694726
209.2765120322024,0.21704854788150654
209.2804475766592,0.14252364488765037
209.28438312111592,0.06451624049618802
209.28831866557263,0.5893695286346671
209.29225421002943,2.2290583349743383
209.29618975448616,3.5099783317142066
209.30012529894293,2.1240943210084056
209.30406084339967,0.4853939937692211
209.30799638785643,0.3688367603358053
209.3119319323132,0.20689343014472922
209.3158674767699,0.030497803030869193
209.31980302122668,1.638937343587821
209.3237385656834,4.46463561440521
209.32767411014015,3.514760191113511
209.3316096545969,1.191313679759244
209.33554519905368,0.3909298513751048
209.3394807435104,0.9462370607118978
209.3434162879672,2.249682482169558
209.34735183242395,1.8076310883306772
209.3512873768807,0.3181950413049286
209.35522292133743,0.010470575719487495
209.3591584657942,0.14757723533283176
209.36309401025093,0.39309283267710154
209.3670295547077,0.10105910240402614
209.37096509916444,1.0089601687451641
209.3749006436212,0.7385587109221311
209.37883618807797,0.281888688392084
209.3827717325347,2.1983565155184133
209.38670727699144,0.8150941464394362
209.39064282144815,0.09468300488408721
209.39457836590492,0.46136616467538527
209.3985139103617,0.21256119026798362
209.40244945481845,0.477169903127991
209.4063849992752,0.272403111489975
209.410320543732,0.263743965701652
209.4142560881887,0.9650371008087506
209.41819163264543,0.24485234624948368
209.4221271771022,1.3807230181033632
209.42606272155896,1.9347515988703932
209.4299982660157,0.6901854909122559
209.43393381047247,2.6782651702056617
209.4378693549292,2.2691178047353944
209.441804899386,0.3508957274526118
209.4457404438427,0.05737656033962292
209.44967598829948,0.15585133315173255
209.4536115327562,0.6712076365552859
209.45754707721295,0.36251146728264266
209.4614826216697,0.28068745374229015
209.46541816612648,0.5420196876118549
209.4693537105832,0.36785712428359607
209.47328925504,0.48709948698053124
209.47722479949672,0.38768305250428814
209.48116034395343,0.08050958441615166
209.48509588841023,0.0070976721348044725
209.48903143286697,0.010267941816312376
209.49296697732373,0.0608181559400184
209.49690252178047,0.25139447644605434
209.50083806623724,0.43930893763357565
209.504773610694,0.501190781408536
209.50870915515077,0.22460923387970894
209.51264469960748,0.02933949954715557
209.51658024406424,0.2095642595576548
209.52051578852095,0.7613747603980092
209.52445133297772,0.6069490149673337
209.52838687743449,0.377094015896379
209.53232242189125,0.20347750708778997
209.536257966348,0.07723122828129612
209.5401935108048,0.4050035355868565
209.5441290552615,0.1422482413213171
209.54806459971823,0.34280517974372393
209.552000144175,0.025680413614737954
209.5559356886317,0.2230465876487541
209.5598712330885,0.04436915463499971
209.56380677754524,0.30001211794302285
209.567742322002,1.0338246879371402
209.57167786645877,0.5426780599040019
209.5756134109155,0.1330156856320436
209.57954895537225,1.0669352271744212
209.583484499829,0.02000229670728732
209.58742004428572,1.4942717536470962
209.5913555887425,1.2119585333741079
209.59529113319925,0.07533735333321745
209.599226677656,0.42621121622309577
209.6031622221128,0.1060568181992842
209.60709776656952,1.0508803278660734
209.61103331102623,0.911178031373097
209.61496885548303,0.48413651661380785
209.61890439993977,2.026618527568779
209.6228399443965,3.4082914779258355
209.62677548885327,1.1161298548546688
209.63071103331,0.5644158668911202
209.6346465777668,0.413978687723917
209.6385821222235,0.042158866240591855
209.64251766668028,0.44795938208184316
209.646453211137,0.33503981821956
209.65038875559375,0.04843947092593426
209.6543243000505,0.5574168825923427
209.65825984450728,0.9871783518834546
209.662195388964,0.10844358892001466
209.6661309334208,0.7995249009255423
209.67006647787755,1.6010716225513069
209.6740020223343,0.7103632294169892
209.67793756679103,0.49527142582091177
209.6818731112478,1.8568462134422163
209.68580865570453,2.9244205428345134
209.6897442001613,0.5762984115075185
209.69367974461804,0.1259575527697065
209.6976152890748,0.35222803723122664
209.70155083353157,0.536057831967023
209.70548637798828,0.3569842098406069
209.70942192244505,2.0946314116849423
209.71335746690175,1.8460207093222576
209.71729301135852,0.1959888419829743
209.7212285558153,1.0935506075398749
209.72516410027205,1.0714811057133713
209.7290996447288,0.05576846191663004
209.7330351891856,0.5233478598728755
209.7369707336423,0.17920154816540207
209.74090627809903,0.4156204038697228
209.7448418225558,0.6243857244527534
209.74877736701256,1.527440100259776
209.7527129114693,1.9111056058743736
209.75664845592607,0.5972766386426874
209.7605840003828,1.5149213759936755
209.7645195448396,2.8546485408206075
209.7684550892963,0.5663820002752409
209.77239063375308,0.48466348173597823
209.7763261782098,0.021701223136925414
209.78026172266652,2.0247645636591507
209.7841972671233,3.08240716641487
209.78813281158008,0.7818196727583282
209.7920683560368,0.4492412891933292
209.7960039004936,0.15491457778434425
209.79993944495035,0.07069593916797573
209.80387498940703,0.7750987541212112
209.80781053386383,1.032465205573474
209.81174607832057,0.32658946011884915
209.81568162277733,0.563026230194119
209.81961716723407,0.07973079242926394
209.82355271169084,0.18526103270860408
209.8274882561476,0.38400069787035385
209.83142380060437,0.3454836166399348
209.83535934506108,0.6914135906525702
209.83929488951784,1.2543133109793696
209.84323043397455,0.8451467443547944
209.84716597843132,0.05781012404295162
209.8511015228881,0.7368331019722595
209.85503706734485,1.0948590669868805
209.8589726118016,0.15207339592756472
209.86290815625836,0.5595772126163352
209.8668437007151,1.320866727771939
209.87077924517183,0.9407726401885251
209.8747147896286,0.2019577976055975
209.8786503340853,0.24648726760827863
209.8825858785421,0.9459681315137233
209.88652142299884,1.2853722537779741
209.8904569674556,3.6493893265022455
209.89439251191237,3.7167093314723
209.8983280563691,1.430700398166146
209.90226360082585,0.20550618341911192
209.9061991452826,0.5581790891876653
209.91013468973932,0.1649750444129514
209.9140702341961,0.9507562619847861
209.91800577865288,2.0540869592250575
209.9219413231096,0.5960822328230095
209.9258768675664,0.5211694895587177
209.92981241202315,1.223650308156728
209.93374795647983,1.240110776092105
209.9376835009366,0.29842634541651913
209.94161904539337,0.03210935472574228
209.9455545898501,0.203492404564906
209.94949013430687,1.1491941487945216
209.9534256787636,0.6016316044855371
209.9573612232204,0.04251156776024075
209.9612967676771,0.500858203052962
209.96523231213388,1.0373019886030836
209.96916785659064,1.3264351671495511
209.97310340104735,0.34981455924040133
209.9770389455041,0.14720168569458422
209.9809744899609,0.048002690360825016
209.9849100344176,1.1127541881754393
209.9888455788744,1.1661766743954867
209.99278112333116,0.14224789744409924
209.9967166677879,0.6377020548533917
210.00065221224463,0.9140862807750406
210.0045877567014,0.8461821159797841
210.0085233011581,0.5054912677324669
210.0124588456149,0.15936941815097164
210.01639439007164,0.38982802001530054
210.0203299345284,0.9479299787194785
210.02426547898517,0.6352247918475818
210.02820102344188,0.18955830730700668
210.03213656789865,0.5375938433140256
210.03607211235536,1.9808838187814304
210.04000765681212,1.2884562341670323
210.0439432012689,0.43922919856063347
210.04787874572563,0.36497992979306443
210.0518142901824,0.3982768364080173
210.0557498346392,2.84994333744848
210.0596853790959,0.8242368354603793
210.06362092355263,0.41955445990566886
210.0675564680094,0.4459138848523846
210.07149201246617,2.4451342630840593
210.0754275569229,4.529578205801391
210.07936310137967,0.3716603512474718
210.0832986458364,0.7447343359577783
210.0872341902932,0.5012564727046525
210.0911697347499,0.07387310305278535
210.09510527920665,0.06631077924057044
210.09904082366344,0.37376647490139786
210.10297636812012,1.53420413708294
210.1069119125769,2.35322723018307
210.11084745703369,0.8122354295061573
210.1147830014904,0.8357403923021781
210.1187185459472,0.03700132523757713
210.12265409040396,2.0384232419162207
210.12658963486064,2.088166269927223
210.13052517931743,3.562673494246175
210.13446072377417,1.5199085641637158
210.1383962682309,0.20593146397536563
210.14233181268767,0.3195972423243125
210.14626735714444,1.7154149599863464
210.1502029016012,3.444893003140695
210.15413844605797,0.32677099626728967
210.15807399051468,1.146012827091087
210.16200953497145,1.6752867175594928
210.16594507942816,0.8287661411719205
210.1698806238849,0.15746348489575637
210.1738161683417,0.051483727128890204
210.17775171279845,0.1381666974289956
210.1816872572552,0.015197962733782855
210.18562280171196,0.2807620696968996
210.1895583461687,0.21586821283846158
210.19349389062543,0.07859749539080495
210.1974294350822,0.2695125608792972
210.2013649795389,0.3013855250462313
210.2053005239957,1.5803673457833887
210.20923606845244,0.7246229905765078
210.2131716129092,0.36200553345296366
210.21710715736597,1.1913263036207495
210.2210427018227,0.49664810447526686
210.22497824627945,0.22442272525408244
210.2289137907362,1.012687931910322
210.23284933519292,0.763259901179244
210.2367848796497,0.6609479893531709
210.24072042410648,2.351097282103433
210.2446559685632,1.3415733740193343
210.24859151302,0.07973158602920564
210.2525270574767,0.6936977378740662
210.25646260193344,0.15276845670871278
210.2603981463902,0.3955206266333783
210.26433369084697,0.9675952842976048
210.2682692353037,0.07628540142041497
210.27220477976047,0.663238786333684
210.2761403242172,0.847796595477867
210.280075868674,0.09112148303878485
210.2840114131307,0.06548172539791662
210.28794695758748,0.11361357905298917
210.29188250204425,0.03170692061257331
210.29581804650095,0.82064555857726
210.2997535909577,1.1845965184691953
210.3036891354145,0.7113559597718572
210.3076246798712,0.1178015719184832
210.311560224328,0.5473544777186206
210.31549576878476,2.0647822162667633
210.3194313132415,1.6065963628344184
210.32336685769823,0.7343315217528665
210.32730240215497,0.07167939146068049
210.3312379466117,0.9418721382103339
210.33517349106847,0.6501853776606943
210.33910903552524,0.2495949838850042
210.343044579982,0.6127842711023958
210.34698012443877,0.5331829044417966
210.35091566889548,0.6234324323603175
210.35485121335225,1.1422807833817705
210.35878675780896,1.731266180208611
210.36272230226572,1.892113096420468
210.3666578467225,1.4551956299291866
210.37059339117928,0.2530881756724381
210.374528935636,0.1808323402037633
210.3784644800928,0.8259388504341526
210.3824000245495,0.9929258542998869
210.38633556900623,0.6844470679584673
210.390271113463,0.24798045834629753
210.39420665791977,0.028092992728262708
210.3981422023765,0.04718863095244514
210.40207774683327,0.36907426574520874
210.40601329129,0.4600104912638499
210.40994883574675,0.37710945647377087
210.4138843802035,0.16654115974217137
210.41781992466025,0.12367508562143885
210.42175546911704,0.049343690689870844
210.42569101357373,0.7337786531265708
210.4296265580305,1.9500660151650993
210.4335621024873,0.33164220952998325
210.437497646944,0.3814451702204824
210.4414331914008,0.4853010696754758
210.44536873585756,0.3315664988563093
210.4493042803143,0.4085988083576293
210.45323982477103,0.4462861719773102
210.45717536922777,0.35548268120312043
210.4611109136845,0.4521884697584136
210.46504645814127,0.9967598847786172
210.46898200259804,1.5012311459586447
210.4729175470548,0.9354976379659709
210.47685309151157,0.1012091792692388
210.48078863596828,0.27853845912592073
210.48472418042505,0.04809444521037945
210.48865972488176,0.11654516583739355
210.49259526933847,0.14529935490050236
210.4965308137953,0.027405902754341915
210.50046635825203,0.017246505017612476
210.5044019027088,0.0838277795539175
210.50833744716556,0.1626803412529538
210.5122729916223,0.32602350380056555
210.51620853607903,1.454855765840321
210.5201440805358,0.9826795017562373
210.5240796249925,0.5441560376658825
210.5280151694493,0.8755870783234015
210.53195071390604,0.27988083966674926
210.5358862583628,0.7329543134549205
210.53982180281955,0.20740177186964157
210.5437573472763,1.325646352860266
210.54769289173305,1.7427980789928545
210.55162843618984,0.4981604601190487
210.55556398064653,1.1519110474258984
210.5594995251033,1.2258382860944836
210.5634350695601,0.7132926433487753
210.5673706140168,0.6350477694487385
210.5713061584736,1.164731356061833
210.5752417029303,0.7198868701916249
210.5791772473871,0.10628091372181836
210.5831127918438,0.00552419836961093
210.58704833630057,0.267460449935223
210.5909838807573,1.1730815076765295
210.59491942521407,2.2104834814865137
210.5988549696708,0.49818886223982434
210.6027905141276,0.5531981348782177
210.60672605858431,1.3972719233333455
210.61066160304108,0.968369698937071
210.61459714749785,1.0410145725914906
210.61853269195456,0.644491671435012
210.6224682364113,1.0873386582407691
210.6264037808681,0.3000087561791973
210.63033932532483,2.1731383307816894
210.6342748697816,1.622763034075046
210.63821041423836,0.22780901149163998
210.64214595869507,1.3004686301507857
210.64608150315183,1.0415708522748044
210.65001704760857,0.29047047617118427
210.6539525920653,0.0896130707527541
210.65788813652208,0.3174528188840835
210.66182368097884,1.975805087594818
210.6657592254356,1.7207163861815429
210.66969476989237,0.9797997863745548
210.67363031434908,0.033380111035867
210.67756585880585,2.664365915354273
210.6815014032626,5.167648870747748
210.68543694771932,0.7913448145859036
210.6893724921761,1.4154979512000552
210.69330803663289,2.0409226388569297
210.6972435810896,0.18618428189725494
210.7011791255464,0.2910560530416535
210.7051146700031,0.04280444450300043
210.70905021445984,0.7471144121542298
210.7129857589166,0.3103146506339769
210.7169213033733,0.8274383804290388
210.7208568478301,1.276954330090657
210.72479239228684,0.15309343330950564
210.7287279367436,0.44931884376580516
210.73266348120035,1.3090263014091306
210.7365990256571,0.7688068136391374
210.74053457011385,0.402739516640181
210.74447011457065,1.0851017859884453
210.74840565902736,4.611312529054728
210.7523412034841,4.799235864661446
210.7562767479409,0.14839450071783028
210.76021229239765,1.6512513878788255
210.7641478368544,0.9437299004190515
210.76808338131116,1.1354600652635105
210.77201892576787,1.5997517108629205
210.77595447022463,1.15252683216931
210.77989001468137,1.326668619620112
210.7838255591381,0.5741154554385314
210.78776110359487,1.1592243378760072
210.79169664805164,0.4569993205775468
210.7956321925084,0.7762309699901908
210.79956773696512,0.709541061099464
210.80350328142188,0.8880777183865705
210.80743882587865,1.7989585890366868
210.8113743703354,1.672047162784348
210.81530991479207,0.011970678463477729
210.8192454592489,1.0344122168103604
210.82318100370563,0.7261999253744169
210.8271165481624,1.3102331032075252
210.83105209261916,1.4389035979742428
210.8349876370759,0.06513073378054415
210.83892318153264,1.1019665622536274
210.8428587259894,1.4507421718938658
210.8467942704461,1.1068083248367568
210.8507298149029,1.4336181118934788
210.85466535935964,1.7993748873182382
210.8586009038164,0.750223844450392
210.86253644827315,1.0078643669726752
210.8664719927299,5.40015310561186
210.87040753718665,4.626395074773145
210.8743430816434,0.33589774820398477
210.87827862610013,0.8381999293047954
210.8822141705569,0.5936619788004401
210.8861497150137,0.9791659323496338
210.8900852594704,0.9174430172228999
210.8940208039272,0.05215984853868562
210.8979563483839,0.11642637656157953
210.90189189284067,0.5543561775348546
210.9058274372974,0.8349631893012873
210.90976298175417,0.029664262755614266
210.9136985262109,0.4683266396139411
210.91763407066767,0.47261084241958073
210.9215696151244,0.23366485497494793
210.9255051595812,1.840637054633287
210.92944070403792,1.5986196877921708
210.93337624849468,0.037081799359656366
210.93731179295145,0.6849586989361123
210.94124733740816,0.8350214821748381
210.94518288186487,0.20131335503009215
210.9491184263217,0.5640198233096845
210.95305397077843,1.7910674911391826
210.9569895152352,1.712732818472795
210.96092505969196,1.7067212743828069
210.96486060414867,2.4728333338532913
210.96879614860543,2.346671861623072
210.97273169306217,1.2262490905201444
210.9766672375189,0.5396430197553304
210.98060278197568,0.420321508596089
210.98453832643244,0.2334398217958421
210.9884738708892,0.3977666803695232
210.99240941534595,1.0547413534246657
210.99634495980268,1.5456120660232944
211.00028050425945,1.0436457304001452
211.0042160487162,0.6908041188258414
211.00815159317293,0.8911775296058313
211.0120871376297,1.6355205792491074
211.0160226820865,2.847537889950763
211.0199582265432,1.628069485291276
211.023893771,0.9911566146038393
211.0278293154567,0.6375851719231841
211.03176485991344,1.0561765097940266
211.0357004043702,1.0058355424293002
211.0396359488269,0.6266345349178678
211.0435714932837,0.8804567206160424
211.04750703774044,0.8393950549153301
211.0514425821972,0.10195335575137565
211.05537812665395,0.9951254731878186
211.05931367111071,0.9073406001489017
211.06324921556745,0.07826460825337375
211.06718476002425,0.03256369901565703
211.07112030448096,0.37896780628695986
211.07505584893767,0.15831743709731733
211.0789913933945,0.45328819097485773
211.08292693785123,1.462062512062204
211.086862482308,0.3750803532128752
211.09079802676476,0.5469892961631722
211.09473357122147,1.5143674476481823
211.09866911567823,1.3888995287149377
211.10260466013497,0.8960365292268828
211.1065402045917,0.2688586207128463
211.11047574904848,0.19436740912879466
211.1144112935052,0.6041597658462515
211.118346837962,0.066177882471777
211.12228238241872,1.176974485085776
211.12621792687548,1.2763124663503662
211.13015347133225,0.26907155154867385
211.134089015789,0.5691827344492364
211.13802456024573,0.1999086507178527
211.1419601047025,0.5066350610687946
211.14589564915923,1.5100477806563388
211.149831193616,5.324914089368488
211.15376673807276,2.0206682838142602
211.1577022825295,2.067128871567001
211.16163782698624,3.582543933338103
211.165573371443,0.14817394644348264
211.1695089158997,1.0809103258699626
211.1734444603565,0.37167940867576005
211.17738000481324,1.3223484832244383
211.18131554927,3.253071949835502
211.18525109372675,0.705075740491774
211.1891866381835,0.42059557808692055
211.19312218264025,0.538388534321587
211.197057727097,1.844903206181634
211.20099327155376,3.532415044908392
211.2049288160105,0.02008217236695539
211.2088643604673,4.397954002480453
211.212799904924,3.1515626983106833
211.2167354493808,0.07035865360705579
211.2206709938375,1.2839306112560063
211.22460653829427,0.41694685749599913
211.228542082751,2.695071875967757
211.23247762720777,1.76973851338724
211.2364131716645,0.8028062772317893
211.24034871612128,0.26935497184419704
211.244284260578,1.1981956740959536
211.2482198050348,5.245384481205743
211.25215534949152,3.462437019490383
211.25609089394828,2.1400918303113503
211.26002643840505,7.488965896153998
211.26396198286176,8.531769633503565
211.26789752731847,3.544108818451617
211.2718330717753,1.0752915537361436
211.27576861623203,1.9268337588623488
211.2797041606888,1.8897364706408977
211.28363970514556,0.5687366561152463
211.28757524960227,0.729081005951071
211.29151079405904,1.5394241832071278
211.29544633851577,0.9357511001614058
211.2993818829725,0.22441455472701158
211.30331742742928,0.03151284631365547
211.30725297188604,0.046896321380098596
211.3111885163428,0.21701155467426936
211.31512406079955,0.34863562826971617
211.31905960525629,0.09708402662635313
211.32299514971305,0.540157029292686
211.3269306941698,2.489474382341057
211.33086623862656,1.8521463775434581
211.3348017830833,0.29309459387625447
211.3387373275401,0.4183636084130266
211.3426728719968,0.5546559387151588
211.34660841645356,0.49621470666704537
211.3505439609103,0.5931786333215766
211.35447950536704,0.3437235157588535
211.3584150498238,0.1355843306905466
211.3623505942805,0.6346572467490207
211.3662861387373,1.5189051813993721
211.37022168319405,2.0711404863796306
211.3741572276508,1.4005510608477436
211.37809277210755,0.4237491252548014
211.38202831656432,0.2697364664680385
211.38596386102105,0.37977374167533795
211.38989940547785,0.3308358475772466
211.39383494993456,1.6988546850835196
211.39777049439127,1.8834107658124868
211.4017060388481,0.3145617748802132
211.40564158330483,0.2643108614466343
211.4095771277616,0.22778428015381227
211.41351267221836,0.5540012160904088
211.41744821667507,0.12806160436345942
211.4213837611318,1.4210773190138661
211.42531930558857,2.301224539009265
211.4292548500453,0.39089725347747056
211.43319039450208,0.24365510787597866
211.4371259389588,1.367270774222142
211.4410614834156,2.078976274042134
211.44499702787232,1.3931206267836929
211.44893257232908,1.1117511763618548
211.45286811678585,1.3182220606830675
211.4568036612426,0.7949516660497741
211.46073920569933,0.2479944873497876
211.4646747501561,0.1664577155046502
211.46861029461283,0.3703655516632436
211.4725458390696,0.5191148542776117
211.47648138352636,0.45385627680623075
211.4804169279831,1.2688435034868244
211.48435247243984,1.595754726052092
211.4882880168966,0.9817412925839748
211.4922235613533,0.3362230008649315
211.4961591058101,0.012722912489681697
211.50009465026685,0.008644674925471761
211.5040301947236,0.014266605040562017
211.50796573918035,0.1145989617318526
211.5119012836371,0.6536393978940211
211.51583682809385,1.2403969274073114
211.5197723725506,0.954536771963276
211.52370791700736,0.35627629488074214
211.5276434614641,0.640341577365301
211.5315790059209,1.3475220114491606
211.5355145503776,1.2120649459349855
211.5394500948344,1.4547362110700524
211.5433856392911,0.8118563011596706
211.54732118374787,0.10975531732926157
211.5512567282046,1.3440596955780808
211.55519227266137,1.3837942758337665
211.5591278171181,0.4007107606041269
211.56306336157488,0.43029746178440204
211.5669989060316,1.431712417431044
211.5709344504884,2.4135571281194657
211.57486999494512,0.9178383721182756
211.57880553940183,0.08046578976755343
211.58274108385865,0.3021388050242
211.58667662831536,0.2615538580677056
211.59061217277213,2.444572254968169
211.5945477172289,2.4945795414797702
211.59848326168563,1.4611405861890394
211.6024188061424,0.512002564136136
211.60635435059916,0.7304298842313269
211.61028989505587,1.5173713257199957
211.61422543951264,0.32126416951469283
211.61816098396935,0.1827085436016799
211.6220965284261,0.4271698000663989
211.62603207288288,0.14943677244820203
211.62996761733964,0.3488498290350721
211.6339031617964,0.10215766687503788
211.63783870625315,0.8866210773628692
211.6417742507099,0.8383026704310139
211.64570979516665,0.06900569590121315
211.6496453396234,0.5805993724723086
211.65358088408016,0.06605107327975912
211.6575164285369,0.6563569981594846
211.66145197299363,0.09157496738493832
211.6653875174504,2.3005711292766833
211.66932306190716,1.170221490876234
211.6732586063639,0.18831359818633575
211.67719415082064,0.16346743383104362
211.6811296952774,0.8419150759377505
211.68506523973412,1.4073890189605567
211.6890007841909,0.7092386840624754
211.69293632864765,1.29982720552916
211.6968718731044,0.15621173225240118
211.70080741756115,3.0556066152626635
211.70474296201792,3.348221225885239
211.70867850647463,0.7419717552198489
211.71261405093145,1.0104417269483545
211.71654959538816,4.206014214626597
211.72048513984493,0.28129565788311955
211.7244206843017,4.415220700907865
211.72835622875843,6.819360530490967
211.7322917732152,1.062214887352221
211.7362273176719,3.311544710755109
211.74016286212867,4.062232558037049
211.7440984065854,2.521275323722011
211.74803395104215,3.89207891609542
211.7519694954989,2.3709734861001674
211.75590503995568,3.152394469488771
211.7598405844124,2.339745627467032
211.7637761288692,1.270277516661864
211.76771167332592,1.7598734565681577
211.7716472177827,0.300257573734238
211.77558276223945,0.33579253179090957
211.7795183066962,0.28823853633963037
211.78345385115293,0.5977349406920207
211.7873893956097,0.3661049334317369
211.79132494006643,0.47450071769791824
211.7952604845232,1.4599967453197182
211.79919602897996,2.9828243154392338
211.8031315734367,0.8582658736728223
211.80706711789344,0.6666403576394281
211.81100266235015,1.3080831189394644
211.81493820680691,0.7599827737457201
211.81887375126368,0.5190259549044711
211.82280929572045,4.035547183629148
211.8267448401772,2.398907825527407
211.83068038463395,0.060567559285287086
211.8346159290907,0.7636422363445681
211.83855147354743,2.8858162804204652
211.8424870180042,1.1811074502729695
211.84642256246096,1.2908241805390213
211.8503581069177,1.0323908589286297
211.8542936513745,1.5601381637960277
211.8582291958312,5.537741906597999
211.862164740288,2.398735920061106
211.8661002847447,1.3880084592225028
211.87003582920147,1.2280086272217934
211.8739713736582,0.06983182507716909
211.87790691811497,0.3050859657307193
211.8818424625717,1.527502699889985
211.88577800702848,1.9559000182222719
211.8897135514852,0.7094446490211189
211.89364909594195,0.05788667313031649
211.89758464039872,0.87766178820059
211.90152018485543,1.4758080271658611
211.90545572931225,0.40201630212074513
211.90939127376896,0.24031763765143532
211.91332681822573,1.1944554194971682
211.9172623626825,4.711112313817452
211.92119790713923,3.20897288839472
211.925133451596,0.9024679386926462
211.92906899605276,3.8956130576688714
211.93300454050947,3.1627815568059163
211.93694008496624,1.1004989510883738
211.94087562942295,1.2351019511195334
211.9448111738797,1.876429182982792
211.94874671833648,1.0998070264125428
211.95268226279325,0.5234490658641017
211.95661780725,0.3756905250335279
211.96055335170675,0.020962464402686013
211.9644888961635,1.5127227156613396
211.96842444062025,3.1730334141874663
211.972359985077,2.1390648360619515
211.97629552953373,0.9745773251411557
211.9802310739905,0.8224703939709704
211.98416661844723,0.4808808492825301
211.988102162904,0.2231587001959906
211.99203770736077,0.792133070948297
211.9959732518175,0.38410578315344157
211.99990879627424,5.201242908781587
212.003844340731,5.185540027911903
212.00777988518772,1.26658466267201
212.0117154296445,0.32008563540814
212.01565097410125,0.10862528617300339
212.019586518558,0.23860257080864575
212.02352206301475,0.257196499245182
212.02745760747152,0.027057681442295037
212.03139315192823,0.29347324615390785
212.03532869638505,0.7112227211676437
212.03926424084176,0.263525115583055
212.04319978529853,0.3484609619453023
212.0471353297553,0.8231485612467091
212.051070874212,0.2831538507154513
212.0550064186688,3.0852045624697264
212.0589419631255,1.4662035299262703
212.06287750758227,0.003927633033252507
212.066813052039,0.25157122638421103
212.07074859649575,1.9840788186554408
212.0746841409525,2.178498103584556
212.07861968540928,0.6764137597209049
212.082555229866,0.08513217673633834
212.0864907743228,0.2687013102635697
212.09042631877952,0.6247625606549722
212.0943618632363,0.1179155506230136
212.09829740769305,1.092225786502331
212.1022329521498,5.321941107258811
212.10616849660653,2.7973577538865517
212.1101040410633,0.1564136635852182
212.11403958552003,1.385970093726765
212.1179751299768,2.046238224512835
212.12191067443356,1.6959566095046128
212.12584621889027,0.30586563048773524
212.12978176334704,3.0407272299705816
212.13371730780375,0.5211720547004614
212.13765285226052,1.1900642256391925
212.14158839671728,2.1081780708934166
212.14552394117405,0.33200603752846436
212.1494594856308,0.2464580642546987
212.15339503008755,2.586055773974774
212.1573305745443,7.58980071344678
212.16126611900103,4.104903297510195
212.1652016634578,0.06747173586621838
212.16913720791456,2.0289847885364938
212.1730727523713,1.4592229654740276
212.1770082968281,3.453565735068121
212.1809438412848,2.824147522007415
212.1848793857416,0.9392568906910643
212.1888149301983,3.3651038043687818
212.19275047465507,6.373492838363725
212.1966860191118,1.524000354491672
212.20062156356855,0.8828577014137533
212.2045571080253,0.5948440685875429
212.20849265248205,0.9817435773393356
212.2124281969388,5.329690570014911
212.21636374139555,2.943542630525908
212.22029928585232,0.6516373943950508
212.22423483030903,8.469260876929633
212.22817037476585,6.107730249277235
212.23210591922256,0.6643713278282906
212.23604146367933,0.18274123320383898
212.2399770081361,0.7512662402735969
212.24391255259283,2.3740613501831533
212.2478480970496,1.5872840991290615
212.25178364150636,0.3305079493203653
212.25571918596307,2.3007057568367335
212.25965473041984,8.560383489252914
212.26359027487655,5.627913533797137
212.26752581933331,0.6161013056480856
212.27146136379008,0.3034849996243771
212.27539690824685,0.27232769805769214
212.2793324527036,0.6510359028792353
212.28326799716032,2.9189276448480648
212.2872035416171,1.6121463364124213
212.29113908607383,0.8868805971602586
212.2950746305306,0.011098268850449048
212.29901017498733,1.4739212107447244
212.3029457194441,1.1033197290845638
212.30688126390083,0.11871552090000333
212.3108168083576,0.4188322575258797
212.31475235281437,0.12790840690837363
212.3186878972711,0.07480885497953584
212.32262344172784,1.1692000692125817
212.3265589861846,1.6057844642666756
212.33049453064132,0.6166209205529412
212.3344300750981,0.06071096525629362
212.33836561955485,1.4066932014949338
212.3423011640116,1.1899107021184092
212.34623670846835,0.20684387365866044
212.35017225292512,0.11240792652662614
212.35410779738183,1.073340625538249
212.3580433418386,1.0016422506211184
212.36197888629536,0.10242118544032353
212.3659144307521,0.2275053754253561
212.3698499752089,0.22162091255622351
212.3737855196656,0.8442830308107332
212.3777210641224,0.3132286832921862
212.3816566085791,0.02880982912902301
212.38559215303587,0.841017294748283
212.3895276974926,1.552457519184752
212.39346324194935,1.4131037052347863
212.3973987864061,0.9680746540834779
212.40133433086288,0.0704778928265171
212.4052698753196,0.08244497015732964
212.4092054197764,0.007226021453266715
212.41314096423312,0.259720102990221
212.4170765086899,1.1280491520845104
212.42101205314663,1.1030584406656834
212.4249475976034,0.1724830180245092
212.42888314206013,0.5127800205844244
212.4328186865169,0.31158128999900775
212.43675423097363,0.12908836920736674
212.4406897754304,0.04601309319181364
212.44462531988717,0.0787773752147862
212.44856086434388,0.2037587471762446
212.45249640880064,0.06263715107280662
212.45643195325735,0.2661061140458997
212.46036749771412,0.6820017229387879
212.46430304217088,0.6811107950252534
212.46823858662765,0.4322687897657476
212.4721741310844,0.2956728690713773
212.47610967554115,0.5539638448446378
212.4800452199979,0.5500323717644853
212.48398076445463,0.5484956070256288
212.4879163089114,0.28027435716112753
212.49185185336816,1.3258928669219257
212.4957873978249,2.177097476922223
212.4997229422817,1.3238551426865528
212.5036584867384,0.7525245401848936
212.5075940311952,1.914160951683147
212.5115295756519,1.6827144446812645
212.51546512010864,0.6560142186966768
212.5194006645654,3.2482788610413107
212.52333620902212,1.6714317027100563
212.5272717534789,0.23428670409290864
212.53120729793565,0.7087200655623285
212.5351428423924,1.9501918563235026
212.5390783868492,3.4845272525823647
212.54301393130592,2.05510777894553
212.54694947576263,1.236110822553368
212.55088502021945,1.0452239536350427
212.55482056467616,1.7828311234186558
212.55875610913293,1.8560431754504152
212.56269165358967,1.5764556862567702
212.56662719804643,2.5940343014274125
212.5705627425032,3.4399232107260214
212.57449828695997,2.0969532394885237
212.57843383141667,1.8975803501297834
212.58236937587344,0.14389069045607794
212.58630492033015,1.4925955673519824
212.59024046478692,1.7938099435995167
212.59417600924368,0.34114060211922176
212.5981115537004,0.5734351337575697
212.6020470981572,0.9234893675842913
212.60598264261392,3.068561483857867
212.6099181870707,5.153138173481767
212.61385373152743,2.444218168094634
212.6177892759842,1.553056475143966
212.62172482044093,1.9586099871570863
212.6256603648977,1.1441151041952375
212.62959590935444,1.1556714186179946
212.6335314538112,0.6093235993559301
212.63746699826797,0.30220747150716243
212.6414025427247,0.5329866710003942
212.64533808718144,1.9763095712622702
212.6492736316382,2.7755879597524697
212.65320917609492,1.1802781900344883
212.6571447205517,0.2806473313993785
212.66108026500845,0.30809066883393693
212.6650158094652,2.4122053415933786
212.66895135392195,1.2226728385016192
212.6728868983787,0.053414413255089416
212.67682244283543,0.09699624623879669
212.6807579872922,0.26823105053575175
212.68469353174896,0.40999176689101113
212.6886290762057,0.01998837066360765
212.69256462066247,0.05956998060120923
212.6965001651192,0.7574679438474071
212.700435709576,2.569708092079826
212.7043712540327,1.1342719973055613
212.70830679848947,0.3593520864692701
212.7122423429462,0.4401324671174778
212.71617788740295,0.3620480831499237
212.7201134318597,0.6487423346898818
212.72404897631648,0.4894609106306289
212.7279845207732,0.027423711968354025
212.73192006523,0.8314301574090517
212.73585560968672,1.1287151685267907
212.7397911541435,0.9224931394090122
212.74372669860023,1.7271092128656735
212.747662243057,1.6702758904559056
212.75159778751373,0.22026784302865554
212.75553333197047,0.5033662781230975
212.75946887642723,0.9078826826867341
212.763404420884,0.5884897922757895
212.76733996534077,0.8128531810453241
212.77127550979748,1.307403724879151
212.77521105425424,0.15299821484045054
212.77914659871095,1.3433598320106128
212.78308214316772,3.1289788463848525
212.78701768762448,0.472118360155268
212.79095323208125,0.5566958465530897
212.794888776538,2.630724053410967
212.79882432099475,4.520457469049915
212.8027598654515,0.827084339439953
212.80669540990823,2.9737308431130804
212.810630954365,10.260283591555979
212.81456649882176,6.37296017581359
212.8185020432785,1.3586824238898574
212.8224375877353,0.17901743885274032
212.826373132192,2.5063644721674656
212.83030867664877,2.183213331481936
212.8342442211055,0.5148265466879962
212.83817976556224,0.45928894285951516
212.842115310019,0.7473814729726254
212.84605085447572,1.1463519204525021
212.8499863989325,0.6511432650267729
212.85392194338925,0.1216836930309245
212.857857487846,2.1224827158688164
212.8617930323028,2.6338052514679786
212.86572857675952,0.3745650675896416
212.86966412121623,0.2655287788507892
212.87359966567303,1.8705338704301953
212.87753521012976,2.8550977137772398
212.88147075458653,0.5402016310260762
212.88540629904327,0.6214717088714303
212.88934184350003,0.26213439158120005
212.8932773879568,0.3013463938890307
212.89721293241357,0.3009697411686942
212.90114847687028,0.539573614003158
212.905084021327,0.6289604185698792
212.90901956578375,0.07134691555682549
212.9129551102405,0.06670275775246044
212.91689065469728,0.568014699651155
212.920826199154,0.46302858812781483
212.9247617436108,0.32950629924975183
212.92869728806755,0.7818456012976558
212.9326328325243,0.17397310134379762
212.93656837698103,0.41605692418026646
212.9405039214378,0.18199321523792322
212.94443946589453,1.1927650674655892
212.9483750103513,2.3822736500249437
212.95231055480804,1.4438489600046467
212.9562460992648,0.3099358233169719
212.96018164372157,0.04745441791042842
212.9641171881783,0.6631003824259512
212.96805273263504,0.8357728071370385
212.9719882770918,0.2945453745485392
212.97592382154852,0.11827834624973542
212.9798593660053,0.3136074915248981
212.98379491046205,1.7217802333439807
212.9877304549188,1.712798427166222
212.9916659993756,1.4013413015978355
212.9956015438323,2.334593133305848
212.99953708828903,1.1799735988036388
213.0034726327458,0.24596599218289106
213.00740817720256,0.3506326490105326
213.0113437216593,1.110191203789298
213.01527926611607,1.2174473024736847
213.0192148105728,5.0787521432087095
213.0231503550296,2.554850188778448
213.0270858994863,0.35237904066091064
213.03102144394308,0.5077173406930117
213.0349569883998,1.1094439439981403
213.03889253285655,3.943942165466675
213.0428280773133,1.0008553221787477
213.04676362177008,2.2291034591975354
213.0506991662268,2.324755359068156
213.0546347106836,2.1217158137869525
213.05857025514032,1.805689756868596
213.06250579959703,0.49427385499567705
213.06644134405383,0.9377101607682871
213.07037688851057,4.171974813591833
213.07431243296733,3.802159781039026
213.07824797742407,0.8914485352462007
213.08218352188084,0.09019680406598923
213.0861190663376,0.017633520284197086
213.09005461079437,0.0795713221477231
213.09399015525108,1.7009965448540747
213.09792569970784,5.095710201801848
213.10186124416455,3.431587209114645
213.10579678862132,0.5385747540785506
213.10973233307809,0.0038295538508205805
213.11366787753485,3.4796553537843273
213.1176034219916,11.459451461325305
213.1215389664484,10.799843776442135
213.1254745109051,7.0162448430724424
213.12941005536183,5.151614031416843
213.1333455998186,6.571276878186001
213.13728114427536,8.390715481366705
213.1412166887321,3.7009491508476455
213.14515223318884,0.1668010382169245
213.1490877776456,2.845700913787321
213.15302332210237,0.34989171043500295
213.1569588665591,3.7885929905807747
213.16089441101585,6.286956149853671
213.1648299554726,0.2425951044228404
213.16876549992932,4.781778593748483
213.1727010443861,5.8488174327677624
213.17663658884285,2.81841983337555
213.1805721332996,8.144674402452186
213.1845076777564,3.136348349510379
213.18844322221312,0.3093117907876752
213.19237876666983,3.34725655067341
213.19631431112663,3.4517934878913215
213.20024985558337,0.030376606638146987
213.20418540004013,5.519450167210106
213.20812094449687,6.351354432526046
213.21205648895364,6.816467460157931
213.2159920334104,4.899265345694431
213.2199275778671,1.2316770429233712
213.22386312232388,7.031754635094638
213.2277986667806,0.4466230802168594
213.23173421123735,5.311790559167377
213.2356697556941,6.547357029873228
213.23960530015088,0.13182681779971328
213.2435408446076,3.1816277519383105
213.2474763890644,5.191946120620195
213.25141193352115,7.294501312244865
213.2553474779779,12.124279083355606
213.25928302243463,5.247831287178505
213.2632185668914,0.0914072384850104
213.26715411134813,0.013672229599008386
213.2710896558049,2.667494798688319
213.27502520026164,6.982652277314134
213.2789607447184,6.771007179677021
213.28289628917517,8.110430831342656
213.2868318336319,9.4148228938316
213.29076737808865,2.7524391697332904
213.2947029225454,1.0372300186120382
213.29863846700212,3.329126165569004
213.3025740114589,1.6119161105542812
213.30650955591565,1.1992845981043694
213.3104451003724,2.791230605528694
213.3143806448292,7.782586148551105
213.3183161892859,1.4300948257815345
213.32225173374263,0.9039832743172832
213.3261872781994,0.44470154953487784
213.33012282265616,2.903532716854617
213.3340583671129,2.5067665959469316
213.33799391156967,0.20785345764682214
213.3419294560264,1.1402725109775937
213.3458650004832,0.983941059022583
213.3498005449399,3.777715522668866
213.35373608939668,0.6311330550667628
213.3576716338534,0.7362246106281544
213.36160717831015,2.3002910420977667
213.3655427227669,2.451273920305517
213.36947826722368,1.4426533128211958
213.3734138116804,1.2805625153036249
213.3773493561372,1.2766451788078215
213.38128490059395,2.2716347359370292
213.38522044505063,1.8657443238317233
213.38915598950743,0.6304715016514509
213.39309153396417,0.5090247499048487
213.39702707842093,1.5077092348266625
213.40096262287767,0.1595633044127019
213.40489816733444,1.4151052689275396
213.4088337117912,0.6385678193706386
213.41276925624797,1.6709011941762575
213.41670480070468,3.5059881216881976
213.42064034516144,1.434824084485717
213.42457588961815,0.8492987325488075
213.42851143407492,1.3914824075937
213.4324469785317,4.34460284041726
213.43638252298845,10.31371234999383
213.4403180674452,8.617555933582166
213.444253611902,1.43530249169623
213.4481891563587,1.252207962142986
213.45212470081543,1.357345001074134
213.4560602452722,2.3443851698990454
213.4599957897289,1.7303391494879405
213.4639313341857,0.3298445765803212
213.46786687864244,0.35706638507817823
213.4718024230992,0.23634088584864277
213.47573796755597,0.49312482548100056
213.4796735120127,2.6114210877211583
213.48360905646945,2.0888378392435603
213.4875446009262,0.07824930439804477
213.49148014538292,1.6875269534593962
213.4954156898397,0.8347299505084184
213.49935123429648,0.09784213937302413
213.5032867787532,1.648951367571078
213.50722232321,3.152377911108955
213.51115786766672,1.0517172087333575
213.51509341212343,0.6080754939743835
213.51902895658023,2.4353332030393333
213.52296450103697,2.1479283662859445
213.52690004549373,0.23287870485887857
213.53083558995047,0.27876894038947786
213.5347711344072,0.14480578805776392
213.538706678864,0.484421903495887
213.5426422233207,1.946382246626744
213.54657776777748,1.8182724933076024
213.55051331223424,1.0974812951197082
213.55444885669095,0.3862934743545096
213.5583844011477,0.22170242885643937
213.5623199456045,1.7807618306945106
213.5662554900612,1.3111905060845728
213.570191034518,0.15302637135125424
213.57412657897476,0.3429858829698097
213.5780621234315,2.134712676601715
213.58199766788823,3.565748670470935
213.585933212345,1.3637026511304597
213.5898687568017,0.8961285630770538
213.5938043012585,1.857556786162789
213.59773984571524,0.7932934331756138
213.601675390172,1.0623260868089623
213.60561093462877,0.7022509299224098
213.60954647908548,1.5602556594736627
213.61348202354225,4.585200757113379
213.61741756799896,2.592323950052398
213.62135311245572,1.621099286635345
213.6252886569125,2.2132623248813394
213.62922420136923,2.1365842239464836
213.633159745826,1.6921607509531975
213.6370952902828,0.22299104381851945
213.6410308347395,0.10084097982781585
213.64496637919623,0.047245102928729264
213.648901923653,0.31002053159449416
213.65283746810977,0.4126054230283353
213.6567730125665,0.07046615553110352
213.66070855702327,0.41651234134632037
213.66464410148,0.7082064070147329
213.6685796459368,0.12198458823848207
213.6725151903935,0.5553123286850017
213.67645073485028,1.3573855823504641
213.68038627930704,0.3202202326983971
213.68432182376375,0.4159753049342845
213.6882573682205,0.09798460076670602
213.69219291267729,0.7622055197660351
213.696128457134,0.9206376972793403
213.7000640015908,0.27754078811452987
213.70399954604756,0.22515669009905495
213.70793509050424,2.016269751540686
213.71187063496103,1.3277555895887623
213.71580617941777,0.12959399760552273
213.7197417238745,1.901601744169414
213.72367726833127,0.8008475017018795
213.72761281278804,0.13480700724716818
213.7315483572448,1.104225629274416
213.73548390170157,1.2767026012121454
213.73941944615828,0.702531280448889
213.74335499061505,1.7022994438253378
213.74729053507176,2.2544302982349107
213.75122607952852,0.44628786339916005
213.7551616239853,0.46886092518353706
213.75909716844205,0.7965124009006672
213.7630327128988,0.16669827052367947
213.76696825735556,1.3966546964775794
213.7709038018123,2.0692851488048847
213.77483934626903,2.8235561893306187
213.7787748907258,4.070308935526883
213.7827104351825,4.652109727631465
213.7866459796393,3.1551104119303903
213.79058152409604,0.8417445346108687
213.7945170685528,0.3146705566806181
213.79845261300957,0.2354852181931435
213.8023881574663,0.2978754977578692
213.80632370192305,0.4758446708647014
213.8102592463798,0.47921584306708426
213.81419479083652,0.06957305162860052
213.8181303352933,0.18970615225142307
213.82206587975008,0.17709767881679728
213.8260014242068,0.714283913812919
213.8299369686636,3.5553723962253025
213.83387251312035,4.318574086144554
213.83780805757704,1.7850177056793028
213.84174360203383,2.414834060313423
213.84567914649057,1.8573751127504068
213.8496146909473,0.11217483819323461
213.85355023540407,0.6277982683289356
213.8574857798608,0.04826102309952006
213.8614213243176,0.8025490573734063
213.8653568687743,2.056436007106125
213.86929241323108,1.4088855024389342
213.87322795768785,0.15811533227331284
213.87716350214455,0.2902694944659409
213.8810990466013,1.176790690010683
213.8850345910581,1.1240943296515136
213.8889701355148,0.24872911135957262
213.8929056799716,0.11682622973775883
213.89684122442836,0.4403344112705645
213.9007767688851,0.249664476255702
213.90471231334183,0.09703421140971624
213.9086478577986,0.6691230196374366
213.9125834022553,0.7971788697290927
213.9165189467121,0.010473381021906912
213.92045449116884,0.8732459016277421
213.9243900356256,1.3545967450836491
213.92832558008237,0.05442290547189865
213.93226112453908,1.3610512640605206
213.93619666899585,2.745108273673209
213.94013221345256,1.1608064726808853
213.94406775790932,0.13642998902352962
213.9480033023661,0.006390703935994143
213.95193884682288,0.18590591506910742
213.9558743912796,0.4837587072109473
213.9598099357364,0.8146119157115972
213.9637454801931,0.1905187122322918
213.96768102464983,0.09022112725022625
213.9716165691066,0.23469432772884272
213.97555211356337,0.7256022232746684
213.9794876580201,0.5468946518230136
213.98342320247687,0.20206496948874147
213.9873587469336,1.6986502701694908
213.9912942913904,1.458145876817241
213.9952298358471,1.416186519282051
213.99916538030388,0.7014941216256947
214.00310092476064,2.0331994885111357
214.00703646921733,5.304951121702255
214.0109720136741,4.162421349336514
214.0149075581309,2.0063866972887365
214.0188431025876,1.901600786112124
214.0227786470444,0.8234704932807706
214.02671419150116,0.8091363509980323
214.0306497359579,1.6617844513260427
214.03458528041463,0.73552170588074
214.03852082487137,0.4642424870133261
214.0424563693281,1.1441303826105533
214.04639191378487,2.291661648822086
214.05032745824164,2.1780677871200598
214.0542630026984,0.9353218633472374
214.05819854715517,0.03416761177752932
214.06213409161188,0.4825491033321022
214.06606963606865,1.1528921804959638
214.07000518052536,0.5411620883787996
214.07394072498212,0.010595798039255007
214.0778762694389,0.5069144686636502
214.08181181389563,2.1392453492384758
214.0857473583524,2.866133954201644
214.08968290280916,1.7779578743516782
214.0936184472659,0.7619995938326855
214.09755399172263,0.2780582418453033
214.1014895361794,0.6368124189265125
214.1054250806361,1.7372881918836307
214.1093606250929,1.8302179905271905
214.11329616954964,0.3837063956301177
214.1172317140064,0.05865403289622538
214.12116725846315,1.0339694139996354
214.1251028029199,2.5388785317284372
214.12903834737665,0.6985962489201719
214.13297389183344,0.7990087672740822
214.13690943629013,0.5548997379126955
214.1408449807469,0.06429587138441685
214.14478052520369,0.01571480442744278
214.1487160696604,1.0358934859065982
214.1526516141172,2.158920218639288
214.1565871585739,0.8260092198508086
214.1605227030307,0.027177648128916244
214.1644582474874,2.047001980289537
214.16839379194417,2.3451027371828905
214.1723293364009,0.08499236883311558
214.17626488085767,0.30669525767030625
214.1802004253144,0.16649930012655484
214.1841359697712,1.870458279588318
214.18807151422791,1.7238263328106171
214.19200705868468,1.8559083708162711
214.19594260314145,1.041209304387404
214.19987814759816,0.323220287367242
214.2038136920549,1.2392161383888725
214.2077492365117,5.937356050595633
214.21168478096843,2.715726529209587
214.2156203254252,0.28924070463440943
214.21955586988196,2.3869719554108166
214.2234914143387,1.112814034696349
214.22742695879543,1.2999039023577543
214.2313625032522,1.6537440567940282
214.2352980477089,0.3789348859466767
214.23923359216568,0.31502419424703904
214.24316913662244,0.48142661513027096
214.2471046810792,1.0849820346239707
214.25104022553597,1.2460260845536852
214.25497576999268,0.14706772940155796
214.25891131444945,1.3453781920543388
214.2628468589062,1.1786725638437656
214.26678240336292,0.09866691098179295
214.2707179478197,2.843481574337994
214.27465349227649,4.792115807196926
214.2785890367332,0.9602969758237992
214.28252458119,1.4287700258968425
214.2864601256467,0.7104768335461098
214.29039567010344,0.25302746928856334
214.2943312145602,0.9239132858355097
214.29826675901697,0.06605022321288108
214.3022023034737,0.6996934888062771
214.30613784793047,1.698857895689166
214.3100733923872,0.4689785258405563
214.31400893684395,0.14316479503936855
214.3179444813007,0.1336822192972601
214.32188002575745,0.4868884340290259
214.32581557021425,0.5309100911170181
214.32975111467096,0.11963452622620946
214.3336866591277,0.18873716776728616
214.3376222035845,1.8850566283078525
214.34155774804125,3.928719757753744
214.345493292498,0.8464488850697982
214.34942883695476,0.4422611348757521
214.35336438141147,0.8615417331201062
214.35729992586823,0.808358519296798
214.36123547032497,1.1247349826341655
214.3651710147817,0.5092592003276643
214.36910655923847,0.4341673402746486
214.37304210369524,0.20659640797257967
214.376977648152,0.5800818203594289
214.38091319260877,1.6887058741364387
214.38484873706548,0.6684687949031839
214.38878428152225,0.1426795696177854
214.392719825979,0.4755124360181482
214.39665537043567,0.2144768678269967
214.4005909148925,0.06624518788145654
214.40452645934923,0.8025888277508719
214.408462003806,1.4384264127300421
214.41239754826276,0.201792002189327
214.4163330927195,2.037237079477421
214.42026863717624,5.702735008145351
214.424204181633,2.229669811260349
214.4281397260897,1.6625652293869144
214.4320752705465,1.326985971909206
214.43601081500324,1.0833244055821365
214.43994635946,1.8932426837520846
214.44388190391675,0.09574094018648299
214.4478174483735,0.7153367556654178
214.45175299283025,0.36806223925055476
214.45568853728705,0.27593136665682266
214.45962408174373,0.34322378874444837
214.4635596262005,0.14956140627027367
214.4674951706573,0.08580820792381974
214.471430715114,0.10930952250710277
214.4753662595708,0.16167721400258517
214.4793018040275,0.15093185073690904
214.48323734848427,1.6292995682728895
214.487172892941,0.850528515192304
214.49110843739777,1.8119182212424327
214.4950439818545,1.9895936442478066
214.49897952631127,1.467148651752269
214.502915070768,3.976868429382809
214.5068506152248,0.20413075146471943
214.51078615968152,1.9012653813460119
214.51472170413828,0.9573093891826661
214.51865724859505,0.2982861499422012
214.52259279305176,0.041854785878358884
214.52652833750847,2.2848032872473825
214.5304638819653,3.5762161493199556
214.53439942642203,0.8885204590715732
214.5383349708788,1.3868481848462395
214.54227051533556,0.16839629682212098
214.5462060597923,3.4119066795312163
214.55014160424903,4.631830343180643
214.55407714870577,1.5709954981050724
214.5580126931625,1.2716979641672541
214.56194823761928,1.6812833387937454
214.56588378207604,0.28693503763536593
214.5698193265328,0.25647071185105935
214.57375487098955,0.8332135278583094
214.57769041544628,0.8395823890753732
214.58162595990305,1.3164507399245895
214.5855615043598,0.9947609773504863
214.58949704881653,0.46100440709879337
214.5934325932733,0.7407447619444638
214.5973681377301,1.0543583711173803
214.6013036821868,0.4904461266542457
214.6052392266436,0.02484465350673932
214.6091747711003,0.3109026151180897
214.6131103155571,0.840124751346339
214.6170458600138,0.0024876051774731785
214.62098140447057,1.4178907940554681
214.6249169489273,1.1738997272202252
214.62885249338404,0.7850295854102626
214.6327880378408,0.6079637596327734
214.63672358229755,0.6119871989911168
214.64065912675431,2.539347582342669
214.64459467121105,0.4564089786029206
214.64853021566785,0.02098744315787319
214.65246576012456,0.6143400953112138
214.6564013045813,2.3178733761326633
214.6603368490381,0.5063735128478234
214.66427239349483,0.9776461224495532
214.6682079379516,0.46607467114631457
214.67214348240836,2.060107349083855
214.67607902686507,1.1218628032550093
214.68001457132183,2.091024765634246
214.68395011577857,3.6698964759898325
214.6878856602353,0.2716105297755052
214.69182120469208,0.9853070866838975
214.69575674914884,0.2808804613532787
214.6996922936056,2.4520034863288567
214.70362783806232,2.397829758971436
214.70756338251908,0.3914668639967355
214.71149892697585,0.583547116497629
214.7154344714326,0.7669702089709564
214.71937001588933,0.712842606136219
214.7233055603461,0.3242439020635855
214.72724110480283,0.5354693451962571
214.7311766492596,2.175643583066232
214.73511219371636,2.561428486502825
214.7390477381731,0.08806508050772474
214.74298328262984,2.9134843548430838
214.7469188270866,2.4455781760738073
214.7508543715433,0.39898707168390246
214.7547899160001,0.9252703457838622
214.75872546045684,0.00941008619369165
214.7626610049136,0.7300746382800142
214.76659654937035,0.6444779717872746
214.77053209382711,1.2963989354368934
214.77446763828385,3.881560999013785
214.77840318274065,2.7079262961993487
214.78233872719736,1.9083064764630426
214.7862742716541,2.091083443244225
214.7902098161109,0.2629687085242809
214.7941453605676,4.050721488941397
214.7980809050244,4.851069370189263
214.8020164494811,1.5785052943240645
214.80595199393787,0.15488467569945913
214.8098875383946,0.048732949536294194
214.81382308285137,0.43493141196271007
214.8177586273081,2.453443827321441
214.82169417176488,5.4766214760123395
214.8256297162216,3.4969815634188075
214.8295652606784,0.13750076798613134
214.83350080513512,0.7066091600429248
214.83743634959188,0.603729334706338
214.84137189404865,1.055818029674295
214.8453074385054,2.3818334945639337
214.84924298296207,2.379064989804845
214.8531785274189,3.451258237212566
214.85711407187563,2.124032759623568
214.8610496163324,0.11429712629431206
214.86498516078916,0.19118176990438693
214.86892070524587,1.2809362553336243
214.87285624970264,1.7787239857399708
214.87679179415937,0.028557196961333867
214.8807273386161,1.184250704191123
214.88466288307288,1.2700737464755434
214.88859842752964,1.9501939709578273
214.8925339719864,0.21816511993782542
214.89646951644315,0.4026190795536289
214.90040506089989,0.5067733038537824
214.90434060535665,0.7384809732703083
214.9082761498134,1.1780666510225604
214.91221169427016,2.970335048340378
214.9161472387269,0.8569055743234366
214.9200827831837,0.844640262264439
214.9240183276404,1.4689334375489735
214.9279538720972,0.6806457882340202
214.9318894165539,0.8858861690565775
214.93582496101067,1.6005926460383464
214.9397605054674,0.6789027029864766
214.9436960499241,0.27954948510178346
214.9476315943809,2.370313979742312
214.95156713883765,6.699393751060909
214.9555026832944,3.490414407105358
214.95943822775115,1.3841318624840395
214.96337377220792,4.053466527218006
214.96730931666465,6.517323030686189
214.97124486112145,7.537452832711486
214.97518040557816,4.298984823633952
214.97911595003487,3.4858362447221016
214.9830514944917,4.404577044061225
214.98698703894843,4.008710691996664
214.9909225834052,1.7484747407673882
214.99485812786196,0.27993543146627803
214.99879367231867,3.7804660532701604
215.00272921677544,5.06990104620404
215.00666476123217,2.606829992710604
215.0106003056889,0.7737057168208707
215.01453585014568,0.8926132582030661
215.0184713946024,1.9791491311121514
215.0224069390592,1.5222635162097575
215.02634248351592,1.0151718704421566
215.03027802797268,0.9964720188475319
215.03421357242945,2.583889037465213
215.0381491168862,1.8661535810898575
215.04208466134293,0.07598685998765375
215.0460202057997,1.1498551367608711
215.04995575025643,0.655521496251377
215.0538912947132,0.4546625760018745
215.05782683916996,0.5152654316618472
215.0617623836267,2.4086000410116326
215.06569792808344,1.873607340580732
215.0696334725402,2.2563527344859198
215.0735690169969,2.926915016134338
215.0775045614537,0.06400805308004298
215.08144010591045,3.5427391090897564
215.0853756503672,2.9614410924115595
215.08931119482395,1.433990219742004
215.09324673928072,0.2640824331023382
215.09718228373745,0.8060595074687499
215.1011178281942,1.1838397315567426
215.10505337265096,0.33959068172207735
215.1089889171077,2.3988153501388005
215.1129244615645,0.856210195979119
215.1168600060212,0.1077459251304534
215.120795550478,0.16507092229158077
215.1247310949347,0.5900140623674639
215.12866663939147,2.8669461402993393
215.1326021838482,1.6296370425113462
215.13653772830497,1.6799951696584128
215.1404732727617,0.5219908759950486
215.14440881721848,2.3488182356091674
215.1483443616752,8.488290341617674
215.152279906132,8.660052603041484
215.15621545058872,5.918205725927092
215.16015099504548,0.4276238218176216
215.16408653950225,4.359686368420565
215.168022083959,0.7947198567230702
215.17195762841573,4.0761508016721315
215.1758931728725,1.372187051817385
215.17982871732923,1.0098756105146103
215.183764261786,0.09773207065061075
215.18769980624276,6.981478593741813
215.19163535069947,5.8128099103057655
215.19557089515624,1.8655537768997803
215.19950643961295,11.393610117116589
215.2034419840697,0.7496565738491959
215.20737752852648,6.70491884557597
215.21131307298324,9.410967001470388
215.21524861744,3.088134288072091
215.21918416189675,1.58064174810063
215.2231197063535,4.178612339031721
215.22705525081025,6.682242939181932
215.230990795267,1.1437208973080633
215.23492633972376,6.7380323644429465
215.2388618841805,3.8421797254286116
215.2427974286373,2.5190211387119783
215.246732973094,7.349800710925603
215.25066851755076,1.4920806636706292
215.2546040620075,4.298494281321149
215.25853960646424,3.036649979886694
215.262475150921,6.229874016488107
215.26641069537772,2.0964503026356254
215.2703462398345,3.123169183448827
215.27428178429125,2.187383708350011
215.278217328748,5.2101069442555525
215.28215287320475,4.822651708434578
215.28608841766152,2.7462240190843334
215.29002396211823,7.701226702414978
215.29395950657505,2.0474906066133665
215.29789505103176,6.685598430206664
215.30183059548847,5.943881191062492
215.3057661399453,10.674987960091775
215.30970168440203,17.033794144784007
215.3136372288588,22.64713313108667
215.31757277331556,28.615809939141048
215.32150831777227,10.35947758294238
215.32544386222904,12.856643715085795
215.32937940668575,9.222611145394078
215.3333149511425,3.003241002853889
215.33725049559928,6.031955909903658
215.341186040056,17.7579893595267
215.3451215845128,6.959148061855403
215.34905712896952,13.512370163443318
215.3529926734263,8.9003862618406
215.35692821788305,1.7539101409163174
215.3608637623398,7.5946505161800095
215.36479930679653,14.141737668552777
215.3687348512533,8.573818038134412
215.37267039571003,2.3192719302887337
215.3766059401668,14.776349819349036
215.38054148462356,1.8495631184209504
215.3844770290803,2.138142952371366
215.38841257353704,7.38877076716118
215.3923481179938,23.8202038202389
215.39628366245051,12.5284950349826
215.4002192069073,0.26328452652549716
215.40415475136405,2.299660367649079
215.4080902958208,0.3308611946018488
215.41202584027755,0.6245959253104318
215.4159613847343,3.762840422370701
215.41989692919103,4.038024823312254
215.4238324736478,1.3661450046432404
215.42776801810456,2.115234177442116
215.4317035625613,2.267581555795571
215.4356391070181,0.7532212199364219
215.4395746514748,4.6141672087383085
215.4435101959316,1.6784832260673725
215.4474457403883,1.5397146132892412
215.45138128484507,3.8092335217481104
215.4553168293018,1.837384428657845
215.45925237375857,1.7946484056298406
215.4631879182153,2.4095946541726727
215.46712346267208,0.48880728817873104
215.4710590071288,1.2434909050050034
215.4749945515856,1.206776837250839
215.47893009604232,0.6810699516643511
215.48286564049909,0.13828674146625564
215.48680118495585,2.8201982584323297
215.49073672941256,3.871447657596563
215.49467227386933,0.7218824467457111
215.4986078183261,1.0640356676728773
215.50254336278283,3.1083451185902775
215.5064789072396,4.1737028866955805
215.51041445169636,2.4294829102577884
215.51434999615307,3.8037431189213575
215.51828554060984,0.37394030924396543
215.52222108506655,1.956716317234582
215.5261566295233,0.5321158511870036
215.53009217398008,2.2203389082243765
215.53402771843685,1.6789677993532541
215.5379632628936,0.1926631642919544
215.54189880735035,0.9014588377291082
215.5458343518071,0.664260543724176
215.54976989626385,1.8095013999572265
215.5537054407206,1.2498485435707771
215.55764098517736,0.07634514909353171
215.5615765296341,2.127332063970886
215.56551207409083,4.850000365152841
215.5694476185476,2.1369866297708895
215.57338316300437,0.8935328017823255
215.5773187074611,0.5163556201318026
215.58125425191784,0.5839941393376029
215.5851897963746,1.447676063595879
215.58912534083132,2.428847480319294
215.5930608852881,2.10618870607486
215.59699642974485,1.3055188015346102
215.6009319742016,1.310160345336325
215.60486751865835,1.503017739319097
215.60880306311512,1.1792619757237197
215.61273860757183,0.9863858004226707
215.61667415202865,0.5008869142198984
215.62060969648536,0.31833198610006913
215.62454524094213,2.159696226214612
215.6284807853989,4.511321881670539
215.63241632985563,5.4531369404611585
215.6363518743124,2.0876858260701607
215.64028741876916,0.09082041656447305
215.64422296322587,1.3641885508312839
215.6481585076826,1.8965525709503293
215.65209405213935,2.4283367382976904
215.6560295965961,1.021302936671142
215.65996514105288,2.1960177324648082
215.6639006855096,1.4242689288498898
215.6678362299664,0.609641127549215
215.67177177442312,1.7881674376242538
215.6757073188799,0.7885500947339837
215.67964286333665,0.6736838890586779
215.6835784077934,0.11737307452095021
215.68751395225013,0.8784154318480154
215.6914494967069,0.8343080259737592
215.69538504116363,0.34535511623402365
215.6993205856204,0.42543326676796733
215.70325613007716,1.650326921410885
215.7071916745339,2.6400591473373187
215.71112721899064,1.9118386610743228
215.7150627634474,1.0013219874391972
215.71899830790412,1.3618325665808024
215.72293385236088,2.297563164074675
215.72686939681765,3.378844289224158
215.7308049412744,2.947745970145343
215.73474048573115,0.8253151559818623
215.7386760301879,0.3427759796788957
215.74261157464463,0.2929718347504404
215.7465471191014,0.24011944102456056
215.75048266355816,0.7036154322118892
215.7544182080149,1.3669849174366753
215.7583537524717,0.7665416816840956
215.7622892969284,0.37248475647996715
215.7662248413852,0.6381218715492384
215.7701603858419,1.5474371617134486
215.77409593029867,0.9576676041075844
215.7780314747554,2.7164397232729547
215.78196701921215,3.635830252141066
215.7859025636689,3.1145917141446176
215.78983810812568,1.9923770005646058
215.7937736525824,1.4621067635450264
215.79770919703915,1.0636688005832828
215.80164474149592,0.09163036994462523
215.80558028595263,1.1181642847953055
215.80951583040945,0.04190569296742365
215.81345137486616,4.092131620838981
215.81738691932293,4.676829839006562
215.8213224637797,0.6202529763464694
215.82525800823643,0.08284993089926085
215.8291935526932,0.4075296769171242
215.83312909714996,1.864052464886925
215.83706464160667,0.49842359644568246
215.84100018606344,0.7527993992486017
215.84493573052015,1.7628980953314977
215.84887127497691,0.4114796599111737
215.85280681943368,0.5929240029027986
215.85674236389045,0.6561850762590943
215.8606779083472,0.33748267621602407
215.86461345280395,1.1124858090951955
215.8685489972607,1.6415064145760532
215.87248454171743,0.5663587656000963
215.8764200861742,0.23877644719665006
215.88035563063093,0.31725460987489523
215.8842911750877,0.08425526109429246
215.88822671954443,0.45512026460880184
215.8921622640012,0.07207627627093031
215.89609780845797,0.4437750516542708
215.9000333529147,0.34904169063063306
215.90396889737144,0.2553613565667907
215.9079044418282,0.39250117472089213
215.91183998628492,0.2517600841114873
215.9157755307417,0.44577965184650264
215.91971107519845,1.1695937805258936
215.9236466196552,1.2465810687027363
215.92758216411195,0.5572353179601932
215.93151770856872,1.7619673970586176
215.93545325302543,3.168924648056276
215.93938879748225,1.6930762935943002
215.94332434193896,0.7089129919431107
215.94725988639573,0.45462578477081966
215.9511954308525,2.4495293858534697
215.9551309753092,3.667937301189651
215.959066519766,1.513712586914579
215.9630020642227,0.4642094321063478
215.96693760867947,1.0002437230684824
215.9708731531362,2.625438444489494
215.97480869759295,1.3048436008871813
215.9787442420497,0.5332915351632511
215.98267978650648,0.08590583254944668
215.9866153309632,1.2263004919548937
215.99055087542,2.8971845155506073
215.99448641987672,1.6827832065887467
215.9984219643335,0.6896548802504786
216.00235750879023,0.14914606337159989
216.006293053247,0.10450169914096588
216.01022859770373,0.4940768375375332
216.0141641421605,0.08419877600021676
216.01809968661723,0.9920174952770003
216.022035231074,2.2911634414553643
216.02597077553077,0.3803644826795963
216.0299063199875,1.2095614248983577
216.03384186444424,0.3145442779486232
216.03777740890095,2.0490022067265663
216.04171295335772,2.472386503742617
216.04564849781448,0.4885158601418907
216.04958404227125,2.4840704645460336
216.053519586728,1.7961101246015436
216.05745513118475,1.305232609432442
216.0613906756415,0.45664232060295273
216.06532622009823,1.2937881794598969
216.069261764555,3.3512130100472954
216.07319730901176,2.0364023068403503
216.0771328534685,1.4368642707505503
216.0810683979253,3.7019061034002827
216.085003942382,4.871615058326534
216.0889394868388,2.5680493598078282
216.0928750312955,0.3981105596437991
216.09681057575227,0.721123260754683
216.100746120209,0.38447920886379067
216.10468166466575,0.18956982889137353
216.1086172091225,1.1622911883406517
216.11255275357925,2.5440811056262533
216.116488298036,0.9090559185247233
216.1204238424928,0.3948417691091707
216.12435938694952,1.6787248381241107
216.12829493140623,2.079130278501597
216.13223047586305,1.2068859187926209
216.13616602031976,2.6265032769822745
216.14010156477653,2.4900007313681782
216.14403710923327,0.06832379360410665
216.14797265369003,2.4810463662833144
216.1519081981468,2.3966076897865474
216.15584374260357,0.38613652286453803
216.15977928706027,0.01439758944808599
216.16371483151704,0.17876582161919402
216.16765037597375,0.5044150034339446
216.17158592043052,0.4565019989211961
216.17552146488728,0.19769785687541747
216.17945700934405,0.4169941467149469
216.1833925538008,0.9818326987490427
216.18732809825755,1.0480291527443917
216.1912636427143,0.502634535140979
216.19519918717103,0.2033032996283811
216.1991347316278,0.8178814779456239
216.20307027608453,1.815905810419795
216.2070058205413,1.2733855741016784
216.21094136499804,0.2752248221731042
216.2148769094548,0.16903085529852174
216.21881245391157,0.36315073370433953
216.2227479983683,0.2316776573394338
216.22668354282504,0.24362815605991248
216.2306190872818,0.4668512133049671
216.23455463173852,1.1077926190233265
216.2384901761953,0.34671754954311795
216.24242572065205,0.9647592526413339
216.2463612651088,0.44828164208505644
216.25029680956555,0.23009604549509205
216.25423235402232,0.2383355191562887
216.25816789847903,0.3013907359863984
216.26210344293585,0.2040716926634498
216.26603898739256,0.7365865841952456
216.2699745318493,1.5593298820787758
216.27391007630607,0.269686133071683
216.2778456207628,5.471910420754425
216.2817811652196,4.662046094612541
216.2857167096763,0.9371270118533656
216.28965225413307,0.9833656420590806
216.2935877985898,0.19227810945048127
216.29752334304655,0.008366372702627745
216.3014588875033,0.01248221778723475
216.30539443196008,0.6783849315449733
216.3093299764168,2.6411156617488127
216.3132655208736,2.7822443183274617
216.31720106533032,1.7764631083025602
216.3211366097871,3.062285949428224
216.32507215424383,2.496474517951066
216.3290076987006,0.5075234485428691
216.33294324315733,0.6194340836014495
216.3368787876141,0.6558363718935732
216.34081433207083,0.9396865277758565
216.3447498765276,0.8722964671225059
216.34868542098437,0.0932387539455292
216.35262096544108,0.7764384401740045
216.35655650989784,3.6939434554946353
216.36049205435455,4.394599431603814
216.36442759881132,1.072499945030863
216.36836314326808,0.9283536643756589
216.37229868772485,0.3392040153398994
216.3762342321816,0.05477398473747663
216.38016977663835,0.01077546184140012
216.3841053210951,0.7776018544085324
216.38804086555183,1.0404681666113258
216.3919764100086,0.3739914395991675
216.39591195446536,0.36001953006613374
216.3998474989221,1.3415906377418045
216.4037830433789,2.0986477195934294
216.4077185878356,1.6221856249179665
216.4116541322924,1.858708515952106
216.4155896767491,3.05149868448178
216.41952522120587,1.9782071032833835
216.4234607656626,0.5384043901312181
216.42739631011932,0.6675043929001483
216.4313318545761,0.13273735712635626
216.43526739903285,0.6125730112557378
216.4392029434896,2.234916397635147
216.4431384879464,2.38199570023414
216.44707403240312,0.35525055263227795
216.45100957685983,0.28477471477723715
216.45494512131663,0.13939868668891803
216.45888066577336,0.07547704928328916
216.46281621023013,0.06813344214020949
216.46675175468687,0.46727729435796106
216.47068729914363,3.2680211504008754
216.4746228436004,5.578019932861653
216.47855838805717,1.3444661212556728
216.48249393251388,0.1444004176890868
216.48642947697064,0.01863440580629881
216.49036502142735,1.7629962304039235
216.49430056588412,3.314735518662618
216.49823611034088,0.8120700847868532
216.5021716547976,0.08320049630375344
216.5061071992544,0.3447508511737323
216.51004274371115,0.02958091437020249
216.5139782881679,0.8345459961388714
216.51791383262463,0.8475277179796233
216.5218493770814,0.04136808926281807
216.52578492153813,1.2398780694012503
216.5297204659949,1.339460270839197
216.53365601045164,0.23705800578141065
216.5375915549084,2.7508947665600796
216.54152709936517,4.941672017893392
216.5454626438219,4.15642468802416
216.54939818827864,0.8142113041920043
216.5533337327354,2.2621510005708596
216.55726927719212,5.822685357655344
216.5612048216489,1.9149952181693357
216.56514036610565,0.19550683389377674
216.5690759105624,0.11958712670403421
216.5730114550192,0.05670340008327265
216.57694699947592,0.37788108985733476
216.58088254393263,1.8222525908361364
216.5848180883894,3.015119923961574
216.58875363284616,6.402083096168942
216.5926891773029,3.1555799059107827
216.59662472175967,0.054861548631245864
216.6005602662164,1.3740797165463356
216.6044958106732,0.2747623751610982
216.6084313551299,0.29930625291551394
216.61236689958668,0.16187924872467324
216.6163024440434,0.03403831595017064
216.62023798850015,0.49851862937581126
216.6241735329569,1.1790072763629296
216.62810907741368,0.15632549671699078
216.6320446218704,0.5570853461097053
216.6359801663272,1.7036123587420435
216.63991571078392,1.6329458897571032
216.6438512552407,0.5807425243043095
216.64778679969743,0.051828964284298056
216.6517223441542,0.12162178445519571
216.65565788861093,1.9259802249874842
216.65959343306767,2.6601530089293486
216.66352897752444,0.506502218415964
216.6674645219812,0.11823814311779338
216.67140006643797,0.013917154862650893
216.67533561089468,0.02847476175759262
216.67927115535144,0.3294363882083008
216.68320669980815,1.3929546698474637
216.68714224426492,0.3086476046949432
216.69107778872169,0.29021433895708826
216.69501333317845,0.25487501817391417
216.6989488776352,0.4695502046321509
216.702884422092,1.612768109157434
216.7068199665487,1.933638159190087
216.71075551100543,2.82442098095844
216.7146910554622,0.8830526197357383
216.71862659991896,1.8121531873835424
216.7225621443757,2.725469333207011
216.72649768883247,0.24930796038731065
216.7304332332892,0.9794209478029299
216.734368777746,1.6386057362303341
216.7383043222027,1.0003041246039746
216.74223986665945,0.8856037326373366
216.7461754111162,0.6047256286280636
216.75011095557292,0.7745947231860346
216.7540465000297,1.572210740402683
216.75798204448645,2.6423592010743415
216.7619175889432,4.482965876286853
216.7658531334,2.355083783158356
216.76978867785672,0.36971513820597424
216.77372422231343,0.43709960594635455
216.77765976677023,0.3962936331851701
216.78159531122697,0.16496969184581503
216.78553085568373,2.844253785075836
216.78946640014047,3.8100386530449826
216.79340194459724,1.3319065456962618
216.797337489054,0.708720825430331
216.80127303351077,0.44961009855254636
216.80520857796748,0.15388835326101746
216.80914412242424,1.3182317374135053
216.81307966688095,0.5226206073469126
216.8170152113377,1.7617116308295147
216.82095075579448,1.1544648576729772
216.8248863002512,1.6110483959094435
216.828821844708,5.714058551712808
216.83275738916475,2.9033969295234483
216.8366929336215,0.03449581857783234
216.84062847807823,1.4866498992192034
216.844564022535,1.0450203621923568
216.84849956699173,0.24311630718387792
216.8524351114485,1.229742299422024
216.85637065590524,0.9590873695500944
216.860306200362,2.109233947554679
216.86424174481877,0.8936763386176776
216.8681772892755,1.528274928398682
216.87211283373225,0.8363600384454646
216.876048378189,0.6130276292961445
216.87998392264572,0.360867227125797
216.8839194671025,0.7034891173400771
216.88785501155925,1.5705079566762064
216.891790556016,2.103811503659607
216.8957261004728,4.201879695238996
216.8996616449295,0.6956694998451824
216.90359718938623,1.309409609758073
216.907532733843,3.0884685558655853
216.91146827829976,1.2273771986279582
216.9154038227565,0.6944606917895972
216.91933936721327,2.1606703201851705
216.92327491167,1.6082506342865892
216.9272104561268,2.1061513158948153
216.9311460005835,3.621270774917026
216.93508154504028,0.5045741535637578
216.939017089497,0.5314456267967171
216.94295263395375,0.45865716031414433
216.9468881784105,4.2873209044402545
216.95082372286728,3.2085976208101026
216.954759267324,1.6630569367742523
216.9586948117808,4.669990206679415
216.96263035623755,1.7859002421214676
216.9665659006943,0.29221703480658895
216.97050144515103,0.13285088607680753
216.97443698960777,1.136628197352783
216.97837253406453,1.8757584814618407
216.98230807852127,1.6827639798093312
216.98624362297804,1.360576272033052
216.9901791674348,0.03738626075621017
216.99411471189157,2.4038839621669705
216.99805025634828,5.386960924050561
217.00198580080504,3.1660982316825526
217.00592134526175,0.4482727930106844
217.00985688971852,0.12765208379316859
217.0137924341753,0.23543338874752595
217.01772797863205,0.044203125588174325
217.0216635230888,0.41349300672312767
217.0255990675456,1.6196789819924147
217.0295346120023,0.774562117221066
217.03347015645903,0.11531731219683114
217.0374057009158,1.7409137438594238
217.04134124537256,1.9963268246214276
217.0452767898293,0.7179195355724688
217.04921233428604,0.025887508789162784
217.0531478787428,0.23120193038183956
217.05708342319957,0.2949401487767939
217.0610189676563,0.2218606060421259
217.06495451211305,0.8895423695473318
217.0688900565698,0.5895605678495502
217.07282560102652,0.004158797389506006
217.0767611454833,0.14241454652851615
217.08069668994003,0.11223472204199511
217.0846322343968,0.013938095454362318
217.0885677788536,0.17374299023191128
217.09250332331032,0.8681345897611155
217.09643886776703,0.9343663550911668
217.10037441222383,0.22633997432495434
217.10430995668057,0.8225154572674566
217.10824550113733,1.3511318045284266
217.11218104559407,0.5061889491277574
217.11611659005084,0.03892277295409542
217.1200521345076,0.022060727136317963
217.12398767896437,0.10808732633635953
217.12792322342108,0.33226686934028415
217.13185876787784,0.335875680828006
217.13579431233455,0.05447979228704293
217.1397298567913,0.7947997487169446
217.1436654012481,1.1710003427353308
217.1476009457048,0.1343817436456801
217.1515364901616,0.35360153782620324
217.15547203461836,0.25274286449363886
217.1594075790751,0.25322647092262984
217.16334312353183,1.232427525171243
217.1672786679886,0.7442158986137126
217.1712142124453,0.22991907892089952
217.1751497569021,1.4488662689210259
217.17908530135884,2.123601469563924
217.1830208458156,1.5597627666984286
217.18695639027237,1.1238979717567505
217.1908919347291,0.40038767535016256
217.19482747918585,0.2422247914872612
217.1987630236426,0.7693656416850762
217.20269856809932,1.8414987250571366
217.2066341125561,1.1979227550923077
217.21056965701283,0.08390788221216522
217.2145052014696,0.07620996468629508
217.2184407459264,0.15357343739262216
217.2223762903831,0.554460071355873
217.22631183483983,1.3102367596692832
217.2302473792966,0.584443165876381
217.23418292375337,0.0956636123183992
217.2381184682101,1.3260503644234702
217.24205401266687,1.702098891074789
217.2459895571236,1.1541913606217993
217.2499251015804,0.3609345981945635
217.2538606460371,0.13921618492936355
217.25779619049388,0.48941563628177215
217.26173173495064,0.1588736335408042
217.26566727940735,0.18460244034125461
217.2696028238641,0.6707384956659667
217.27353836832089,1.9457819980953932
217.2774739127776,2.829001562433865
217.2814094572344,1.1234295376310128
217.28534500169116,0.4707941328467255
217.28928054614784,1.7912239212258845
217.29321609060463,2.1936971162498553
217.29715163506137,0.8351839833349379
217.3010871795181,0.21996472113556284
217.30502272397487,1.6027819659282723
217.30895826843164,4.149804627801048
217.3128938128884,1.6996748680500906
217.31682935734517,0.2478813049308817
217.32076490180188,1.6950613766047133
217.32470044625865,0.15866812557358478
217.32863599071536,1.9432757083248993
217.33257153517212,3.5949741551289858
217.3365070796289,1.262291806304725
217.34044262408565,0.10313029234442121
217.3443781685424,0.0739113247363401
217.3483137129992,0.0927387032636826
217.3522492574559,0.15765507067616266
217.35618480191263,0.6214915545029339
217.3601203463694,0.45259267149262666
217.3640558908261,0.16137838478582828
217.3679914352829,0.21015459914911394
217.37192697973964,1.8083547427816258
217.3758625241964,2.9685951477340002
217.37979806865317,0.30971644084322153
217.3837336131099,1.3762686732124636
217.38766915756665,1.9835517458856755
217.3916047020234,1.3918512428503607
217.39554024648012,1.193253922584762
217.3994757909369,0.31060823753352024
217.40341133539368,0.004547840145882944
217.4073468798504,0.4537197218640182
217.4112824243072,0.961895323179548
217.41521796876395,0.3391026671761308
217.41915351322064,0.16377658315027271
217.42308905767743,1.3586676287292303
217.42702460213417,1.7489728601259285
217.43096014659093,0.9987913928613353
217.43489569104767,0.16307340016583804
217.4388312355044,0.24184840029971036
217.4427667799612,1.6392170923020901
217.4467023244179,1.9400840241670052
217.45063786887468,0.6420361184051031
217.45457341333145,1.7905773003111523
217.45850895778815,2.7825106911640334
217.4624445022449,2.258470398253444
217.4663800467017,1.8139181803299909
217.4703155911584,0.541848683387049
217.4742511356152,0.9991388793117068
217.47818668007196,1.5815387867496518
217.4821222245287,1.0646495391407782
217.48605776898543,1.4285504967877207
217.4899933134422,0.657431554045829
217.4939288578989,0.39584411011816545
217.4978644023557,2.011381600010735
217.50179994681244,1.4411197202444845
217.5057354912692,0.3192157213302239
217.50967103572597,1.6269995419064942
217.5136065801827,1.1688120291306683
217.51754212463945,0.49546773716819675
217.52147766909616,0.9508133466688727
217.52541321355292,0.04815562061420782
217.5293487580097,1.9295029624120865
217.53328430246648,1.5594859068802613
217.5372198469232,0.5435945905190751
217.54115539138,1.7488155353039603
217.5450909358367,1.3953796081588898
217.54902648029343,1.9968329020716191
217.5529620247502,1.7427216544647723
217.55689756920697,0.17201648601451597
217.5608331136637,0.9976595067040541
217.56476865812047,0.24944002951720745
217.5687042025772,0.2129906037031274
217.572639747034,0.34320935187136364
217.5765752914907,1.6702218047539688
217.58051083594748,1.6899448991337391
217.58444638040424,0.2786729502058785
217.58838192486095,2.675395601516728
217.5923174693177,1.538864881226123
217.5962530137745,0.017763344618137233
217.6001885582312,0.38025378179498837
217.604124102688,0.01800651754435513
217.60805964714476,0.5541669245219214
217.6119951916015,0.1710859315441381
217.61593073605823,0.2201426197686159
217.61986628051497,0.15944099493088165
217.6238018249717,0.8461194976462997
217.62773736942847,0.8276995993093015
217.63167291388524,0.04881176633937043
217.635608458342,0.7638876199340362
217.63954400279877,0.34252779201417294
217.64347954725548,0.1310145250747743
217.64741509171225,2.74166023689708
217.65135063616896,6.410275880739632
217.65528618062572,2.474720856305889
217.6592217250825,1.6473125211357476
217.66315726953923,1.6657331397233277
217.667092813996,0.2792297012987114
217.6710283584528,1.4562397178755226
217.6749639029095,0.09230010186423404
217.67889944736623,3.8280727686648173
217.682834991823,2.28162324973698
217.6867705362797,0.691126029669825
217.6907060807365,2.4488830056940167
217.69464162519324,0.8917215716932635
217.69857716965,3.1518401680216885
217.70251271410677,3.880024358039452
217.7064482585635,2.971443524599439
217.71038380302025,3.343789247949776
217.71431934747704,2.671787672785126
217.71825489193373,1.5281886728969913
217.7221904363905,1.455792092518415
217.72612598084729,1.6030218543331316
217.730061525304,0.5541043036430365
217.7339970697608,0.041362556785974156
217.73793261421756,0.31500787236923944
217.7418681586743,0.5733721623043185
217.74580370313103,0.38064297538041947
217.74973924758777,0.13780993292858804
217.7536747920445,0.33257061450669617
217.75761033650127,0.039226753145683614
217.761545880958,0.23797055459979494
217.7654814254148,0.2151411933296178
217.76941696987151,0.015077092058674628
217.77335251432828,0.17063770012727203
217.77728805878505,0.33240947398503634
217.78122360324176,0.7064530174924218
217.7851591476985,0.16744127552417054
217.7890946921553,0.1297171662959825
217.79303023661203,0.3015705193685455
217.7969657810688,0.1641514040331953
217.80090132552556,0.8744011246383027
217.8048368699823,0.999854990790156
217.80877241443903,0.46365873849986644
217.8127079588958,0.2695396532800972
217.8166435033525,0.8066696355778868
217.8205790478093,1.5561600726386506
217.82451459226604,0.7943889457395245
217.8284501367228,0.025907267599413007
217.83238568117957,0.7186144363406198
217.83632122563628,0.6553580113084744
217.84025677009305,0.16577177710346908
217.8441923145498,0.07874576782115174
217.84812785900652,0.7278303325751879
217.8520634034633,1.3548576204476594
217.85599894792009,0.7186702383174057
217.8599344923768,0.1111916898726921
217.8638700368336,0.08483963637737216
217.8678055812903,0.12710195305583377
217.87174112574704,0.023698352634420914
217.8756766702038,0.19254760766138634
217.87961221466057,0.28385081313370747
217.8835477591173,0.16072503677266267
217.88748330357407,0.16075421420347585
217.8914188480308,0.24350113531196657
217.8953543924876,0.09455018052864364
217.8992899369443,0.07046070006643235
217.90322548140108,0.5591702677137738
217.90716102585785,0.48674747538118657
217.91109657031456,0.2471907807607398
217.9150321147713,0.3175857397954167
217.9189676592281,0.1712769838335903
217.92290320368485,0.011758462252594961
217.9268387481416,0.30892889580086275
217.93077429259836,0.34904264203992047
217.93470983705507,0.18286279314776824
217.93864538151183,0.48904191884112785
217.94258092596857,0.1944138222283616
217.9465164704253,1.820831750208789
217.95045201488207,2.32391933474871
217.95438755933884,0.6510414226091412
217.9583231037956,1.9371912137407301
217.96225864825237,2.4100283770006663
217.96619419270908,0.3953370287107971
217.97012973716585,0.4304639351753438
217.9740652816226,0.7468045077775364
217.97800082607932,0.10994156632722935
217.9819363705361,1.9032908239647608
217.98587191499283,2.511653156164932
217.9898074594496,1.002000143409072
217.99374300390636,0.40410035060690197
217.9976785483631,1.2971966077983779
218.00161409281984,0.8013388530846618
218.0055496372766,0.5807588147281444
218.0094851817333,1.8883814626798914
218.0134207261901,0.9341753384976578
218.01735627064684,1.6842853748792346
218.0212918151036,1.1752779103712823
218.02522735956035,0.13305856766409954
218.0291629040171,0.38319052281351546
218.03309844847385,1.2995641855823523
218.03703399293065,1.9844919647894264
218.04096953738733,1.1909459067833816
218.0449050818441,2.3679414174276383
218.0488406263009,2.0057088907224543
218.0527761707576,0.7447461341060636
218.0567117152144,1.1952805412515146
218.06064725967116,2.1151782427259773
218.06458280412787,1.2683950278610365
218.0685183485846,0.5453751487800607
218.07245389304137,0.18231994747070665
218.0763894374981,1.7051596654050423
218.08032498195487,0.5328167570358824
218.0842605264116,1.5281604136654046
218.0881960708684,3.2096859061594327
218.09213161532512,0.4755146571524743
218.09606715978188,0.2952119456326076
218.10000270423865,1.3563311387111812
218.10393824869536,2.3523134093863525
218.10787379315207,0.8725749332266962
218.1118093376089,0.05059629626875425
218.11574488206563,0.3958497001996924
218.1196804265224,0.26901711368038805
218.12361597097916,0.19786170125738117
218.1275515154359,0.14798370220573398
218.13148705989263,0.881867848085204
218.1354226043494,1.844319333742557
218.1393581488061,1.7255644063513882
218.14329369326288,0.43519878914888876
218.14722923771964,0.617800250009579
218.1511647821764,0.7864677992278343
218.15510032663315,0.04656253820707491
218.15903587108988,0.7101763129972342
218.16297141554665,0.08491287028120344
218.1669069600034,3.1409124842212504
218.17084250446013,3.1111462400083916
218.1747780489169,2.7431813874978235
218.1787135933737,3.6350902310520956
218.1826491378304,0.6844804092931224
218.1865846822872,0.20804709513495984
218.1905202267439,0.21184187418145695
218.1944557712007,0.45649382856655213
218.1983913156574,0.1726308704377573
218.20232686011417,0.03628365006583879
218.2062624045709,0.14532998300793387
218.21019794902767,0.6293884573245838
218.2141334934844,0.44671821615264984
218.2180690379412,0.11055246174530158
218.22200458239791,0.4869457177512987
218.22594012685465,1.9153174587542836
218.22987567131145,1.8599059041881312
218.23381121576816,0.4707221673630896
218.2377467602249,1.4396379051818935
218.2416823046817,1.8333992481630141
218.24561784913843,0.8506580530505105
218.2495533935952,0.34174321319993295
218.25348893805196,0.2601359261914433
218.25742448250867,0.1334075200590545
218.26136002696543,0.16790815984548033
218.26529557142217,0.7819252326330691
218.2692311158789,0.6140736551295605
218.27316666033568,0.09651521982842402
218.27710220479244,2.2075235377857214
218.2810377492492,2.763326554541038
218.28497329370597,1.2864822479470819
218.28890883816268,2.19029344139026
218.29284438261945,2.617006731533169
218.2967799270762,0.6525215102960737
218.30071547153287,0.06519685256277129
218.3046510159897,0.01819106771916757
218.30858656044643,1.7655075410076064
218.3125221049032,3.7141914610911773
218.31645764935996,2.0345087381869646
218.3203931938167,1.0370393123709372
218.32432873827344,0.12970591435125448
218.3282642827302,0.7305938727497261
218.3321998271869,1.7729116973009915
218.3361353716437,1.5595761775383155
218.34007091610044,1.0387911666397247
218.3440064605572,0.6556701451144282
218.34794200501395,2.7070092154589425
218.35187754947071,3.5097853131333854
218.35581309392745,0.39044456208107525
218.35974863838425,1.6825140619852654
218.36368418284096,0.7180590950872269
218.3676197272977,1.154125721598427
218.3715552717545,4.3667417548918435
218.37549081621123,2.181578718232068
218.379426360668,0.33480825542928955
218.3833619051247,0.8078923738030589
218.38729744958147,2.508847026560114
218.3912329940382,0.5915186155007552
218.39516853849497,0.3798812454436333
218.3991040829517,0.8286864518871385
218.40303962740848,0.09320664534721793
218.4069751718652,0.28503138920390375
218.410910716322,1.1652642823794113
218.41484626077872,1.004584375320595
218.41878180523548,0.13411778777776664
218.42271734969225,0.12943316641279795
218.426652894149,0.024915986643792545
218.43058843860567,0.7485768687354113
218.4345239830625,1.439137760354565
218.43845952751923,1.5372556980817078
218.442395071976,1.241626635750417
218.44633061643276,0.6805702268131305
218.4502661608895,0.3023324689602652
218.45420170534624,0.11435650164916114
218.45813724980297,0.10027832929432903
218.4620727942597,0.05594597056552655
218.46600833871648,0.34211037241294606
218.46994388317324,1.5619776771772158
218.47387942763,2.3708034692326483
218.47781497208675,1.6717361743036712
218.48175051654349,0.9910175789943065
218.48568606100025,0.5868887076834529
218.489621605457,0.04203983276618755
218.49355714991376,0.27804428523485075
218.4974926943705,0.42980844482788017
218.5014282388273,0.06821262013399716
218.505363783284,0.19036155005704594
218.5092993277408,0.4085035474739656
218.5132348721975,0.35963182555782985
218.51717041665427,0.3057800754512953
218.521105961111,1.0765491802222642
218.52504150556777,1.3522274945240313
218.5289770500245,0.27066236716798964
218.53291259448125,0.8567566024226081
218.536848138938,2.644613788283149
218.54078368339475,4.41467160484315
218.54471922785152,1.7903749230271113
218.54865477230825,0.5472401235308866
218.55259031676505,2.591981770262938
218.55652586122176,1.0837061209270027
218.56046140567847,1.5502479527557198
218.5643969501353,1.224615721896888
218.56833249459203,1.5506268079762813
218.5722680390488,0.752398853605291
218.57620358350556,0.5563031665471325
218.58013912796227,0.5922964151572132
218.58407467241904,0.7208405181410099
218.58801021687577,4.613155241713304
218.5919457613325,2.4556764130909947
218.59588130578928,0.2822012006171359
218.59981685024604,3.089903720376464
218.6037523947028,2.566886216374256
218.60768793915955,0.8424746385159831
218.61162348361628,1.235610964586924
218.61555902807305,0.8105264986544627
218.6194945725298,0.16021462373479273
218.62343011698653,0.35953281983862784
218.6273656614433,0.7888174792748563
218.63130120590003,1.1132735408862586
218.6352367503568,1.372996963271259
218.63917229481356,1.641949565035604
218.6431078392703,1.1925267609502248
218.64704338372704,0.6486693193481982
218.6509789281838,0.7885105413908715
218.6549144726405,0.6336220982088491
218.6588500170973,0.31529384924958304
218.66278556155405,0.12848902653917751
218.6667211060108,0.05966301193402768
218.67065665046755,0.14182156907877194
218.67459219492432,0.2092773672470809
218.67852773938105,0.045231257761313384
218.68246328383785,0.3896103809043898
218.68639882829456,0.2961816217980681
218.6903343727513,0.07426317976934878
218.6942699172081,0.21082372869848218
218.6982054616648,0.2215175085091381
218.7021410061216,0.20778735199423057
218.7060765505783,0.21478541886359528
218.71001209503507,0.38205670726390173
218.7139476394918,0.43743680210039526
218.71788318394857,0.6432353235866409
218.7218187284053,1.7266307512064853
218.72575427286208,1.1084839611507131
218.7296898173188,0.07833625016884949
218.7336253617756,0.8128356708954776
218.73756090623232,0.23947017073311305
218.74149645068908,0.149321661061335
218.74543199514585,0.4552781036889027
218.7493675396026,1.2108828467488244
218.75330308405933,1.078252979852871
218.7572386285161,0.008245581114240626
218.76117417297283,0.6170690524178799
218.7651097174296,0.9019204484604707
218.76904526188636,1.6208147079365083
218.77298080634307,2.04707229688312
218.77691635079984,0.9619728035131072
218.78085189525655,0.6480139014529316
218.7847874397133,0.8987265586331126
218.78872298417008,0.31859159093218004
218.79265852862684,2.7637664362865713
218.7965940730836,4.599112694495127
218.80052961754035,2.423028989929814
218.8044651619971,0.5465878857730485
218.80840070645385,0.041335737777410723
218.8123362509106,0.07386982432329244
218.81627179536736,0.21298230008760982
218.8202073398241,0.724860676370666
218.8241428842809,0.5930146192630829
218.8280784287376,0.17717092834778497
218.8320139731944,0.02806090108593564
218.8359495176511,0.041453283357547624
218.83988506210787,0.034692025217349196
218.8438206065646,0.7033378081344166
218.84775615102131,0.8490787950816784
218.8516916954781,0.18835439852265598
218.85562723993485,0.30093055295525706
218.8595627843916,0.4958245764267653
218.86349832884835,0.3082561580682377
218.86743387330512,0.4411321627488849
218.87136941776183,1.391736448664187
218.87530496221865,0.8761621996119529
218.87924050667536,0.4784525499003614
218.88317605113207,0.7032214460531118
218.8871115955889,0.5405944651251771
218.89104714004563,0.381849059282663
218.8949826845024,0.5881241458073702
218.89891822895916,0.9301360117915723
218.90285377341587,0.21272411321531712
218.90678931787264,0.5122373395447695
218.91072486232935,1.3726246710844137
218.9146604067861,0.028810245944398814
218.91859595124288,1.3104655937881358
218.92253149569964,0.649291904223533
218.9264670401564,0.8616723107733697
218.93040258461312,1.8553833224724947
218.93433812906989,0.13791863647725405
218.93827367352665,0.9552152049371957
218.9422092179834,1.2862623672427516
218.94614476244013,0.06998038996833596
218.9500803068969,1.2227785618495743
218.95401585135363,2.362539995152496
218.9579513958104,0.5459168930976468
218.96188694026716,1.792239240014419
218.9658224847239,1.6905867619039534
218.96975802918064,0.011471851290713693
218.9736935736374,1.2812151355794965
218.97762911809411,0.5400834900030874
218.9815646625509,0.5226324575279608
218.98550020700765,0.26774876335355896
218.9894357514644,0.22275560809484107
218.99337129592115,0.4041434527813071
218.99730684037792,0.09017871015668727
219.00124238483463,0.3936959826249538
219.0051779292914,0.5923015261951645
219.00911347374816,0.9840168153043354
219.0130490182049,0.05844886607814283
219.0169845626617,0.9582900827295455
219.0209201071184,1.7105758361957386
219.0248556515752,0.3722387852071949
219.0287911960319,0.4354552752855989
219.03272674048867,0.9149562496890161
219.0366622849454,0.310402951110944
219.04059782940217,2.6183633215075304
219.0445333738589,1.5207291984852178
219.04846891831568,0.1889201771002047
219.0524044627724,0.5449231602794611
219.0563400072292,1.9724937439789758
219.06027555168592,0.5937600817971708
219.06421109614269,0.41896304577710236
219.06814664059945,0.7239648988168924
219.0720821850562,0.23467173913034609
219.07601772951293,1.091737496788961
219.0799532739697,0.465436475140168
219.08388881842643,1.8465972527597188
219.0878243628832,3.685633605242918
219.09175990733996,3.7745876734068755
219.09569545179667,3.2398873056358246
219.09963099625344,1.5379210003313764
219.10356654071015,0.2980636106128565
219.1075020851669,0.6859696250806873
219.11143762962368,0.5394924473306
219.11537317408045,0.7595970958048988
219.1193087185372,0.8402249199605033
219.12324426299395,1.6159799669570933
219.1271798074507,0.16578717534741585
219.13111535190745,3.3453792488853984
219.1350508963642,2.632395590766629
219.13898644082096,0.5965489101957625
219.1429219852777,2.840095052472637
219.1468575297345,1.6597891936739533
219.1507930741912,3.5124889813131928
219.154728618648,1.4970948523708174
219.1586641631047,0.7082921847941738
219.16259970756144,2.8759720094280197
219.1665352520182,2.846426531525672
219.17047079647492,2.2125410696140446
219.1744063409317,0.11858272277003971
219.17834188538845,2.068596169894869
219.1822774298452,2.311167543331311
219.18621297430195,0.9756028386241378
219.19014851875872,5.896241084282393
219.19408406321543,4.947266329855551
219.19801960767225,0.10640195177209003
219.20195515212896,2.169730230816743
219.20589069658573,2.046885267984518
219.2098262410425,0.26648234424729567
219.21376178549923,0.7172488297433852
219.217697329956,1.1314161967332326
219.22163287441276,1.0150512556164208
219.22556841886947,0.5935391861713537
219.22950396332624,0.2715992037737614
219.23343950778295,1.2287855270598755
219.2373750522397,4.443949368810962
219.24131059669648,5.279585416050746
219.2452461411532,1.2398525980261317
219.24918168561,0.602924639178883
219.25311723006672,0.7966147689729051
219.2570527745235,1.028597203171795
219.26098831898025,4.953332027307678
219.264923863437,4.217651077372271
219.26885940789373,0.7367335473058616
219.2727949523505,0.024989382431607175
219.27673049680723,0.12998102034734565
219.280666041264,0.2866358768878711
219.28460158572076,2.1174200195377417
219.2885371301775,3.203920029235418
219.29247267463424,1.6010773121361885
219.296408219091,2.01262731356819
219.30034376354772,1.449765858895228
219.3042793080045,1.1368608013124595
219.30821485246125,2.6303169604847003
219.312150396918,0.8302376794787277
219.31608594137475,1.4025494941853356
219.3200214858315,1.109062094031747
219.32395703028823,0.155339222135561
219.327892574745,1.1567506972987764
219.33182811920176,0.9628734198476077
219.3357636636585,1.7636693676277018
219.3396992081153,1.2989335795292731
219.343634752572,0.01383038421881509
219.3475702970288,0.46986235342506266
219.3515058414855,0.130105061394884
219.35544138594227,2.868473933124192
219.359376930399,2.6698865140293777
219.36331247485575,0.36336112986977454
219.3672480193125,0.2878062590134522
219.37118356376928,0.3622750578608021
219.375119108226,0.5546019859750507
219.3790546526828,0.3396151102601052
219.38299019713952,0.2453772725639184
219.3869257415963,0.9202741249290778
219.39086128605305,0.036025961774232014
219.39479683050976,2.393117764332809
219.39873237496653,3.9915431815501687
219.4026679194233,2.012088897940385
219.40660346388003,2.3320882287941456
219.4105390083368,1.2906487677801273
219.41447455279356,0.25380234059613976
219.41841009725027,0.18049729525862668
219.42234564170704,1.5897278775425328
219.42628118616375,1.6754624417560735
219.43021673062051,0.8256740621433355
219.43415227507728,0.5753956000598126
219.43808781953405,1.7497373515418466
219.4420233639908,1.8410784439433188
219.44595890844755,1.1734613097503688
219.4498944529043,0.12427838782137494
219.45382999736103,1.714310574107806
219.4577655418178,2.42458443916775
219.46170108627456,1.0777546180912547
219.4656366307313,1.7452678109262847
219.4695721751881,4.97371834558721
219.4735077196448,6.144510007868373
219.47744326410157,3.6153678170520114
219.4813788085583,1.3783343413597549
219.48531435301504,1.668757157824278
219.4892498974718,2.9272082907906376
219.49318544192852,1.090287489030911
219.4971209863853,0.8097243536893963
219.50105653084205,0.9482698113989344
219.5049920752988,0.21755294009329335
219.50892761975555,0.7364297105819869
219.51286316421232,3.3086168459569705
219.51679870866903,3.4025209930737215
219.52073425312585,0.7240009256022248
219.52466979758256,0.03680147096455573
219.52860534203933,0.36683711792920787
219.5325408864961,0.2138631288516202
219.53647643095283,0.16761634423841684
219.5404119754096,0.19174442386734655
219.54434751986636,0.4709458394424012
219.54828306432307,1.6204031479306122
219.5522186087798,1.2141897094896639
219.55615415323655,0.6618081611226623
219.5600896976933,0.663131572263743
219.56402524215008,0.07540686065793145
219.5679607866068,0.0404403300768307
219.5718963310636,0.4840259012070719
219.57583187552032,0.9665717957296095
219.5797674199771,0.1019160377682873
219.58370296443383,0.9427408541903608
219.5876385088906,0.774899174410518
219.59157405334733,0.04086830578642636
219.5955095978041,0.7081588374409136
219.59944514226083,0.49081430955239935
219.6033806867176,0.5375703477729794
219.60731623117437,0.33876491115791874
219.6112517756311,0.04429235432471877
219.61518732008784,0.02532346238627651
219.6191228645446,0.12128597034759661
219.62305840900132,0.45894139068088224
219.62699395345808,0.5703901942138667
219.63092949791485,0.16600217315536403
219.6348650423716,0.5721544782610698
219.63880058682835,0.7647792465238554
219.6427361312851,0.25459399216081263
219.64667167574183,0.022686750018894013
219.6506072201986,0.23147717228087672
219.65454276465536,0.04168479117029485
219.6584783091121,0.5800889388245098
219.6624138535689,0.6744663028160309
219.6663493980256,0.2852365976368304
219.6702849424824,0.7346251692774791
219.6742204869391,0.3444972486775273
219.67815603139587,0.18170614014217543
219.6820915758526,0.08125123121443632
219.68602712030935,0.6842406716097779
219.6899626647661,1.5603879941942216
219.69389820922288,0.7417967797102015
219.6978337536796,0.18399358069692878
219.7017692981364,0.6381438816505872
219.70570484259312,0.4887637446105599
219.70964038704983,0.11226033206232967
219.71357593150665,0.24112900795011563
219.71751147596336,1.945606086789685
219.72144702042013,1.8842302283691348
219.72538256487687,0.042391832227203746
219.72931810933363,2.4682750439558627
219.7332536537904,1.4203381314157313
219.73718919824717,0.1702979308393406
219.74112474270387,2.449629471976596
219.74506028716064,4.39261368331988
219.74899583161735,2.9736241007232413
219.75293137607412,0.2333824606625204
219.75686692053088,2.481849977890497
219.76080246498765,2.066168201439853
219.7647380094444,0.015472456192742325
219.76867355390115,1.3378343760321647
219.7726090983579,2.5631898064745062
219.77654464281463,1.8008017610752558
219.7804801872714,1.6163663746778008
219.78441573172813,0.9434057302349201
219.7883512761849,0.25026911395888385
219.79228682064164,0.5411129116945433
219.7962223650984,0.7642459372419019
219.80015790955517,0.04792574162016724
219.8040934540119,0.46519149314700264
219.80802899846864,0.8140443394908862
219.8119645429254,0.38970401261527365
219.81590008738212,0.15002261963660526
219.8198356318389,0.3592378308962019
219.82377117629565,0.8427159564413486
219.8277067207524,1.147748959693595
219.83164226520915,0.2138534430110919
219.83557780966592,1.4969762834114928
219.83951335412263,3.753858983752951
219.84344889857945,1.0776977697137033
219.84738444303616,0.23444042333212273
219.85131998749293,1.5139412520212618
219.85525553194967,1.678179927503617
219.85919107640643,0.07367013623733432
219.8631266208632,2.0154710441753436
219.8670621653199,2.887859535686424
219.87099770977667,3.989424906729087
219.8749332542334,12.222597616082505
219.87886879869015,9.09819333382489
219.8828043431469,0.6887087928458896
219.88673988760368,3.7331581011147064
219.8906754320604,8.39937377293133
219.8946109765172,2.6585318724975746
219.89854652097392,1.7090661665051754
219.9024820654307,3.3395448516904254
219.90641760988743,0.6057249535918114
219.9103531543442,0.06575488531771534
219.91428869880093,0.2315347888235299
219.9182242432577,0.44797253701336115
219.92215978771443,0.3545304127903407
219.9260953321712,0.030748463710933132
219.93003087662797,0.2894489876709778
219.9339664210847,0.7768185601340195
219.93790196554144,0.8451853762635922
219.94183750999815,0.43091447498432345
219.94577305445492,0.09353185891441254
219.94970859891168,0.08380173502349943
219.95364414336845,0.1536930735040943
219.9575796878252,0.7213703355048853
219.96151523228195,1.0171342469426727
219.9654507767387,1.2551056103660292
219.96938632119543,0.7071249963706586
219.9733218656522,1.2497889231832322
219.97725741010896,0.8785417289915153
219.9811929545657,0.1281279784823037
219.9851284990225,1.6799761804448976
219.9890640434792,2.537483981720124
219.992999587936,1.1889860792498494
219.9969351323927,0.029209491347183238
220.00087067684947,0.20085913923117704
220.0048062213062,1.0147722110909385
220.00874176576295,2.3364038719113855
220.0126773102197,0.42371932140900054
220.01661285467648,1.4411930740566763
220.0205483991332,3.644395468156405
220.02448394359,1.534662561046441
220.02841948804672,1.1542963318610289
220.03235503250343,2.0782750198414295
220.03629057696023,2.830995577580616
220.04022612141696,4.153307947244275
220.04416166587373,4.615582319314764
220.04809721033047,4.387147770216811
220.05203275478723,4.455242196054079
220.055968299244,1.6675942793048388
220.05990384370077,0.9016669836294867
220.06383938815748,1.2717029554651782
220.06777493261424,1.4507572491372325
220.07171047707095,1.5824458829468941
220.07564602152772,1.170478564741427
220.07958156598448,0.17729246999304252
220.08351711044125,0.013840623233677728
220.087452654898,0.07461562490137967
220.09138819935475,0.6687241731477878
220.0953237438115,0.5899208600462014
220.09925928826823,0.6234608294501925
220.103194832725,1.3728743840699889
220.10713037718173,2.2293355098984655
220.1110659216385,2.183743334792388
220.11500146609524,1.3004640752459558
220.118937010552,0.17762462220565814
220.12287255500877,0.3451659580227713
220.1268080994655,0.8657712917399553
220.13074364392224,0.8015212489196475
220.134679188379,0.07374248466510565
220.13861473283572,1.2847817101860184
220.1425502772925,0.8169280413297031
220.14648582174925,1.2018001829691194
220.150421366206,1.4252733306422116
220.1543569106628,0.3086869015453175
220.15829245511952,0.10537951974434145
220.16222799957623,0.3419868144426625
220.16616354403303,0.5290125481408844
220.17009908848976,0.6780732216469885
220.1740346329465,1.830667941684521
220.17797017740327,4.046296764683135
220.18190572186,1.4525983846404478
220.1858412663168,1.3392737173845857
220.1897768107735,1.5639253615336495
220.19371235523028,1.3221779842496664
220.197647899687,2.083308003691991
220.20158344414375,0.381082113324543
220.2055189886005,1.38810525207732
220.20945453305728,1.326854832142129
220.213390077514,2.179293225924267
220.2173256219708,0.7416838882541922
220.22126116642752,1.5923157185847785
220.2251967108843,0.03349788676476434
220.22913225534103,4.485676979028199
220.2330677997978,3.7789074314782987
220.23700334425453,0.036075223473824164
220.2409388887113,1.2746176652608379
220.24487443316804,0.11057475588321611
220.2488099776248,1.760774799303511
220.25274552208157,0.9952749222590523
220.25668106653828,1.9945994692659443
220.26061661099504,2.3874757839546312
220.26455215545175,0.2047305044503487
220.26848769990852,0.38253737056375486
220.27242324436529,0.21038967154387733
220.27635878882205,0.41666568696989587
220.2802943332788,1.3293314058739836
220.2842298777356,0.14170790045080564
220.2881654221923,0.23988579805978
220.29210096664903,0.22506036639927077
220.2960365111058,6.080987417283011
220.29997205556256,11.20414563231853
220.3039076000193,2.4711644943680025
220.30784314447607,1.8508763453376362
220.3117786889328,6.753106441891403
220.3157142333896,2.1883905895776015
220.3196497778463,0.0008683163764165975
220.32358532230307,0.05791499922091535
220.3275208667598,0.30256789081517094
220.33145641121652,1.8870433644134856
220.3353919556733,1.6087523588708659
220.33932750013005,0.06410529478805116
220.3432630445868,2.0730368415288662
220.3471985890436,1.7758840922590358
220.35113413350032,0.6001332358077902
220.35506967795703,0.43578923984309703
220.35900522241383,0.04095443170102859
220.36294076687057,1.118515237059268
220.36687631132733,1.5332440848562905
220.37081185578407,0.7252428308610599
220.37474740024084,0.33121192316096176
220.3786829446976,2.1727373257169886
220.38261848915437,1.7569636437995804
220.38655403361108,0.3454604070698075
220.39048957806784,2.194437472287058
220.39442512252455,1.167689443739884
220.39836066698132,0.05676335533852728
220.40229621143808,1.4209092177050007
220.40623175589485,3.5723396870023243
220.4101673003516,0.7673577671879944
220.41410284480835,1.308287155366412
220.4180383892651,2.7735905848409073
220.42197393372183,0.38122350039182534
220.4259094781786,0.01983061988233612
220.42984502263533,0.4379032611310365
220.4337805670921,2.0013539800999496
220.43771611154884,0.9597776159994735
220.4416516560056,0.7286918858394587
220.44558720046237,2.9146464612060976
220.4495227449191,1.8071406496144458
220.45345828937585,1.0412445490800883
220.4573938338326,2.534934689781888
220.46132937828932,4.14571357121021
220.4652649227461,6.420456416658376
220.46920046720285,4.561373523098288
220.4731360116596,1.8374366210276205
220.4770715561164,0.4063418637168613
220.48100710057312,0.27304619353395226
220.48494264502983,0.9708085656563287
220.4888781894866,0.6730825580191306
220.49281373394336,0.24985157694822757
220.4967492784001,0.6558703008101838
220.50068482285687,0.7762580156583624
220.5046203673136,0.818391716756766
220.5085559117704,0.2327646687874568
220.5124914562271,0.5121499445816272
220.51642700068388,0.9363650054168886
220.5203625451406,0.21922121583476956
220.52429808959735,0.18914390612047075
220.5282336340541,0.4139453581683295
220.53216917851088,0.9432243350599246
220.5361047229676,0.41785294618098295
220.5400402674244,0.6305008363146417
220.54397581188115,0.5127326510991529
220.5479113563379,0.17287593568148582
220.55184690079463,0.3461198344674744
220.5557824452514,0.42953140672104656
220.55971798970813,0.017187293545794506
220.5636535341649,1.3396911134315872
220.56758907862164,0.9362687251631913
220.5715246230784,0.3040923512794097
220.57546016753517,2.904822782758067
220.57939571199188,1.8573667842598458
220.58333125644864,0.9369652226347682
220.58726680090535,1.7575810769896365
220.59120234536212,0.8784191110175225
220.5951378898189,0.36300036682771025
220.59907343427565,0.09932759203995377
220.6030089787324,0.7806439727613083
220.6069445231892,1.5998429826411213
220.6108800676459,4.660319975619286
220.61481561210263,4.1424101161453954
220.6187511565594,0.17971743331750692
220.62268670101616,0.9399141942865237
220.6266222454729,0.6131044804754726
220.63055778992967,0.27231969265255757
220.6344933343864,0.558944830263889
220.6384288788432,0.09092771875180859
220.6423644232999,2.143677794293933
220.64629996775665,3.963069582453878
220.6502355122134,2.571449996068231
220.65417105667012,2.9524177325111327
220.6581066011269,1.4486233223447103
220.66204214558363,1.3213997664672708
220.6659776900404,9.057672610528012
220.6699132344972,5.744627390097325
220.67384877895392,1.5052506043895348
220.67778432341063,3.013587666858853
220.68171986786743,3.36542930995433
220.68565541232417,4.132052145477123
220.68959095678093,0.619701071581767
220.69352650123767,1.1580618037585932
220.69746204569444,2.772121897621568
220.7013975901512,1.000148807737155
220.70533313460797,0.1651429647816964
220.70926867906468,0.04146642490537811
220.71320422352144,0.3532007707963952
220.71713976797815,1.015109292783931
220.7210753124349,1.713792596111189
220.72501085689169,1.2834199005032652
220.7289464013484,0.8012584514508775
220.7328819458052,0.9903070543599324
220.73681749026196,7.687563054120444
220.7407530347187,14.242848874622656
220.74468857917543,9.110991142158522
220.7486241236322,2.9428127136424242
220.7525596680889,1.1181454126550598
220.7564952125457,0.17234295875051184
220.76043075700244,0.05176746974934915
220.7643663014592,0.5608455478791327
220.76830184591597,0.8409210329819703
220.7722373903727,0.5326401943529593
220.77617293482945,3.7969325920631576
220.7801084792862,5.266729550895274
220.78404402374292,2.78033319477607
220.7879795681997,3.557527481061487
220.79191511265643,3.4739055684883255
220.7958506571132,1.3365718102381403
220.79978620157,0.2987972520587725
220.8037217460267,2.0551417235025156
220.80765729048343,2.9175944506642684
220.8115928349402,1.1263629998659066
220.81552837939697,0.5256471857902746
220.8194639238537,2.1003255375195375
220.82339946831047,3.3128133339627897
220.8273350127672,1.9526234455950857
220.831270557224,0.08048490748705059
220.8352061016807,0.8157771368672218
220.83914164613748,1.1490263607711195
220.84307719059424,0.05603956249770227
220.84701273505095,0.9036369455931609
220.8509482795077,0.42703101702150764
220.85488382396449,0.700096481563746
220.8588193684212,2.3003640707137647
220.862754912878,0.8661123480867006
220.86669045733476,0.11322925400713589
220.8706260017915,0.4036297575682483
220.87456154624823,0.5183133920045789
220.87849709070497,1.3187028441990398
220.8824326351617,1.6397576714626692
220.88636817961847,2.3363449933453158
220.89030372407524,0.8242670544866294
220.894239268532,0.6022409144416768
220.89817481298877,2.6628497286976858
220.90211035744548,0.9807723080466685
220.90604590190225,0.6166773366118737
220.90998144635896,0.3187979265004401
220.91391699081572,0.08010014312296931
220.9178525352725,1.0906864485089687
220.92178807972925,3.4409096025673267
220.925723624186,3.904226307598729
220.9296591686428,2.409855966906923
220.9335947130995,1.3142372262840922
220.93753025755623,0.6432117243594174
220.941465802013,0.26455943203459475
220.94540134646977,0.06930610045742239
220.9493368909265,1.0327782294931829
220.95327243538327,1.1708195475757055
220.95720797984,0.633377996119908
220.96114352429677,0.39085497675393654
220.9650790687535,0.04617243680188751
220.96901461321025,1.091892356372093
220.972950157667,1.2285141293489261
220.97688570212372,0.04077436631543431
220.9808212465805,0.8809841831268553
220.98475679103728,0.8094024389055267
220.988692335494,0.1800110104014163
220.9926278799508,2.8408468339388246
220.99656342440755,1.9212340709949753
221.00049896886424,0.3927168432708532
221.00443451332103,2.661715474769829
221.00837005777777,0.289328733827187
221.01230560223453,2.2994868580448156
221.01624114669127,3.813892365030451
221.02017669114804,0.041061445832283376
221.0241122356048,2.385853892931204
221.02804778006157,1.7851022689973415
221.03198332451828,1.7140552962821782
221.03591886897505,3.789049629898677
221.03985441343175,0.8600175494280403
221.0437899578885,0.14662950259058632
221.0477255023453,0.13324547065261352
221.051661046802,0.7377755914813043
221.0555965912588,2.1979020179840365
221.05953213571556,0.9013145491447542
221.0634676801723,0.022358415204564944
221.06740322462903,0.3759852019057718
221.0713387690858,0.4926623760679129
221.0752743135425,0.5774010490778225
221.0792098579993,0.6534103630207169
221.08314540245604,0.5497673673634226
221.0870809469128,0.39538205429071077
221.09101649136957,0.4458374550488719
221.0949520358263,0.583814818314855
221.09888758028305,0.5976479954977362
221.1028231247398,0.6463062820479809
221.10675866919652,0.7550464332583505
221.1106942136533,0.6049566430085185
221.11462975811008,0.5012379217772971
221.1185653025668,0.3382216807124428
221.1225008470236,0.009930988536442307
221.1264363914803,0.7436025142769532
221.13037193593703,1.7311481308755061
221.1343074803938,1.3828133237571005
221.13824302485057,1.11214008903544
221.1421785693073,1.6584716716374486
221.14611411376407,1.0689418602094443
221.1500496582208,0.06535768439576517
221.1539852026776,0.4221303552210108
221.1579207471343,0.6314299619711905
221.16185629159108,0.23341255177741063
221.16579183604784,0.8294730429177246
221.16972738050455,1.7602525382977845
221.1736629249613,1.443458213040209
221.1775984694181,0.508278360811505
221.1815340138748,0.12256711762604189
221.1854695583316,0.23641678399660396
221.18940510278836,0.4150994789257706
221.1933406472451,0.4425171760285686
221.19727619170183,0.4412963377320289
221.20121173615857,0.6155095438713638
221.2051472806153,0.6483851645958683
221.20908282507207,0.2358133452191912
221.21301836952884,0.03202972641664229
221.2169539139856,0.2721147636360479
221.22088945844237,0.7679759068558177
221.22482500289908,1.276622107160106
221.22876054735585,0.9106892114244161
221.23269609181256,0.45117493576276047
221.23663163626932,0.08627171756396565
221.2405671807261,0.41133371883217057
221.24450272518283,0.4251408805849688
221.2484382696396,0.3811459399374508
221.2523738140964,1.9063924559990053
221.2563093585531,1.8753138474588575
221.26024490300983,0.370672088148256
221.2641804474666,0.2518259487341223
221.2681159919233,1.049084171470435
221.2720515363801,0.977132459365102
221.27598708083684,0.6240299552808435
221.2799226252936,0.7393509460505628
221.28385816975037,0.5400290686336141
221.2877937142071,0.18233920729173433
221.29172925866385,0.7933453270066367
221.29566480312064,0.5786334375188835
221.29960034757733,0.03419276075753336
221.3035358920341,0.1546283101249446
221.30747143649089,0.09190253356816437
221.3114069809476,0.018649640641479188
221.3153425254044,0.06297941151139369
221.31927806986116,0.15782311980151612
221.32321361431784,0.19599180136795663
221.32714915877463,0.4121211864923143
221.33108470323137,0.5408390443695887
221.3350202476881,0.36629526918131766
221.33895579214487,0.3646832825402359
221.34289133660164,0.9657280713549181
221.3468268810584,0.8732179578432961
221.35076242551511,0.19545123411769189
221.35469796997188,0.46568453171613367
221.35863351442865,1.5139489744746053
221.36256905888536,4.204698187001626
221.3665046033421,4.4715159418807335
221.3704401477989,1.0157789435411568
221.37437569225563,0.8557606028170376
221.3783112367124,1.3917892668520029
221.38224678116916,0.626556228851836
221.3861823256259,2.939484203711394
221.39011787008263,6.0682100058280035
221.3940534145394,3.073861231012041
221.3979889589961,0.010529928107599172
221.4019245034529,0.5188407871064505
221.40586004790964,0.019428053601727502
221.4097955923664,1.5149978693432957
221.41373113682317,1.3238367971760232
221.4176666812799,0.10246783613181148
221.42160222573665,0.312782868229849
221.4255377701934,0.6918406811272835
221.42947331465012,1.281929645610208
221.4334088591069,0.4596515835030924
221.43734440356369,0.03662697432618631
221.4412799480204,0.49426842896554934
221.4452154924772,1.034963610310254
221.4491510369339,0.8115315392198406
221.45308658139064,0.4696533811762137
221.4570221258474,1.1416132524869813
221.46095767030417,0.6553201794949988
221.4648932147609,0.09572733798520613
221.46882875921767,0.2288703560900896
221.4727643036744,0.3997935097033921
221.4766998481312,0.17823176006464694
221.4806353925879,0.32267103997761554
221.48457093704468,0.8732960194580556
221.48850648150145,0.18161140395844752
221.49244202595816,0.17329959046108706
221.4963775704149,0.23433266243211007
221.5003131148717,0.08421086749971049
221.50424865932845,0.2214152484568729
221.5081842037852,0.16784465636688572
221.51211974824196,0.11221834277088896
221.51605529269867,0.06826803333461486
221.51999083715543,0.3897374440871047
221.52392638161217,0.6295982811080099
221.5278619260689,0.3488870563524498
221.53179747052567,0.3013231649581098
221.53573301498244,0.1996797939671043
221.5396685594392,0.020066258863670656
221.54360410389597,0.10791704559321136
221.54753964835268,0.0662180820511807
221.55147519280945,0.6931043415273558
221.5554107372662,0.8735623891680341
221.55934628172292,0.19372176711147016
221.5632818261797,1.2266320921694776
221.56721737063648,2.222472168972924
221.5711529150932,1.2325828944939854
221.57508845955,1.9400204035016722
221.5790240040067,1.2714447198745213
221.58295954846344,0.0026677730794204923
221.5868950929202,0.6473515433337771
221.5908306373769,0.9244787544137825
221.5947661818337,1.0992221021344857
221.59870172629044,1.6821103948709764
221.6026372707472,1.6618522988387963
221.60657281520395,0.898187482701693
221.6105083596607,0.3150602421485682
221.61444390411745,0.6763247453551796
221.61837944857425,0.6384620712534779
221.62231499303093,0.35760561117551054
221.6262505374877,0.9165760803375054
221.6301860819445,1.236127095675152
221.6341216264012,1.1579829060618911
221.638057170858,0.4744428653258503
221.64199271531476,0.17898009252964223
221.64592825977147,1.4590257290605628
221.64986380422823,1.5282644772010987
221.65379934868497,0.31703139840959554
221.6577348931417,0.10486756182444484
221.66167043759847,0.047342216851024146
221.6656059820552,0.03286783857996489
221.669541526512,0.09262515554903003
221.67347707096872,0.03940746124402156
221.67741261542548,0.08477271675785665
221.68134815988225,0.8698624491957035
221.68528370433896,1.805148653543685
221.68921924879567,1.013429280339607
221.6931547932525,0.06907104012415392
221.69709033770923,0.7431587722429706
221.701025882166,1.1794394209132457
221.70496142662276,0.6593492331625574
221.7088969710795,0.5404968995095142
221.71283251553623,0.7947148105419759
221.716768059993,0.5487750630306614
221.7207036044497,0.015760225996033397
221.7246391489065,0.3704650128131982
221.72857469336324,0.3504327009446735
221.73251023782,0.07623744590625972
221.73644578227675,0.680524532950432
221.74038132673348,0.8064572708073345
221.74431687119025,0.3953442532297729
221.748252415647,0.1550108776847732
221.75218796010373,0.360965443062895
221.7561235045605,0.937072789295909
221.7600590490173,0.9962147987286478
221.763994593474,0.4935280264749824
221.7679301379308,0.19783625891849202
221.7718656823875,0.6044298661691825
221.7758012268443,0.7743556021553822
221.779736771301,0.5273636563623265
221.78367231575777,0.5636804766575374
221.7876078602145,0.5768728276545217
221.79154340467127,0.4744617748621329
221.795478949128,0.45377297762545504
221.7994144935848,0.7406827996489584
221.80335003804151,0.7862195492276766
221.80728558249828,0.35478821335678395
221.81122112695505,0.10729181409765733
221.81515667141176,0.35241504048508765
221.8190922158685,0.6107678997045107
221.8230277603253,0.3038736652032464
221.82696330478203,0.49562523790747276
221.8308988492388,0.8109908247603415
221.83483439369556,0.23046431678353432
221.83876993815227,0.9638894890070251
221.84270548260903,1.8045817966292719
221.84664102706577,0.4412437881538046
221.8505765715225,1.204001252298322
221.85451211597928,3.9726941607288238
221.85844766043604,2.4232695436530465
221.8623832048928,0.17034542179174988
221.86631874934957,2.338604570095176
221.87025429380628,3.2666904852657495
221.87418983826305,1.2174727198225928
221.8781253827198,0.4087260939941168
221.88206092717652,0.3337963053111181
221.8859964716333,0.9668156822978049
221.88993201609009,1.0116108204829548
221.8938675605468,1.13513156894041
221.89780310500356,0.4910920652194335
221.9017386494603,0.47055433552873555
221.90567419391704,1.637722189273214
221.9096097383738,0.8555469403598346
221.9135452828305,1.487901155911276
221.9174808272873,0.434775584851881
221.92141637174404,0.1781386012876832
221.9253519162008,0.7741181085987178
221.92928746065755,1.9888082172572632
221.93322300511431,1.0247980133445738
221.93715854957105,0.38646621697302924
221.94109409402785,0.2163557512756724
221.94502963848456,0.6066581423233933
221.9489651829413,1.4198018942779325
221.9529007273981,0.020752598501225347
221.95683627185485,0.6815628332337582
221.9607718163116,0.0875809670490213
221.96470736076836,1.553763293584846
221.96864290522507,1.7796509058176118
221.9725784496818,1.6386093619678788
221.97651399413857,0.8752938226161668
221.9804495385953,0.20756787062368076
221.98438508305208,0.24674077621924614
221.9883206275088,0.21528244474174577
221.9922561719656,0.10806555839985958
221.99619171642232,1.346355034513249
222.00012726087908,4.11927981190337
222.00406280533585,5.100067005379023
222.0079983497926,6.028976517211349
222.01193389424927,2.629692538245408
222.0158694387061,0.4540736296356763
222.01980498316283,1.8565033948514926
222.0237405276196,3.2329237006768787
222.02767607207636,1.3183822630464495
222.0316116165331,0.39283606623183476
222.03554716098984,2.4622916426534394
222.0394827054466,0.9855894017876579
222.0434182499033,0.06812707189017171
222.0473537943601,0.17343086760133425
222.05128933881684,2.0495355214401405
222.0552248832736,2.316647043146059
222.05916042773035,0.7124591242968773
222.06309597218709,0.17303667186332244
222.06703151664385,0.5181971574990654
222.0709670611006,0.49378992766673335
222.07490260555736,0.4556906338757808
222.0788381500141,1.6242214628908527
222.0827736944709,1.1476710778551948
222.0867092389276,0.04274370187289988
222.0906447833844,1.0229188545295522
222.0945803278411,0.6431352640662161
222.09851587229787,0.8872042701698494
222.1024514167546,3.782865328566099
222.10638696121137,1.0684201955143806
222.1103225056681,0.5600410433957473
222.11425805012487,1.2095138090476882
222.1181935945816,0.4041082882937882
222.1221291390384,0.47788783229513215
222.12606468349512,0.4236715068050467
222.13000022795185,0.1472483332933039
222.13393577240865,1.7196579922246382
222.13787131686536,3.727902530755423
222.14180686132207,0.507470266887762
222.1457424057789,1.35828101252974
222.14967795023563,2.456082446791612
222.1536134946924,0.176728849229186
222.15754903914916,0.6953523786561416
222.16148458360587,0.9149885903794329
222.16542012806264,0.16651683215754381
222.16935567251937,0.1687579846197753
222.1732912169761,0.6209565454797392
222.17722676143288,0.7689069329554461
222.18116230588964,0.20474752108526448
222.1850978503464,0.2819382004825612
222.18903339480315,0.3990920229104752
222.19296893925988,0.024187337120692688
222.19690448371665,0.46239505734301545
222.2008400281734,0.8241879721759193
222.20477557263013,0.4044603216261959
222.2087111170869,0.0686851406696401
222.21264666154363,0.027628532492857724
222.2165822060004,0.10878444868789885
222.22051775045716,0.18639105735599074
222.2244532949139,0.03425512262771956
222.22838883937064,0.07281404122291577
222.2323243838274,0.2832188887122999
222.2362599282841,0.13971033609271682
222.2401954727409,0.03593707240118649
222.24413101719765,0.2856798616957369
222.2480665616544,0.8477033683027787
222.25200210611115,1.6770349754895066
222.25593765056792,1.42215155774411
222.25987319502465,0.1631922754151669
222.26380873948145,0.40499131930520427
222.26774428393816,0.8068487085763499
222.27167982839487,0.09627396518572212
222.2756153728517,0.1652061705147925
222.27955091730843,0.1215537999278688
222.2834864617652,0.26401514361031236
222.2874220062219,1.6940962339767247
222.29135755067867,1.0207107912035007
222.2952930951354,0.3686428156223252
222.29922863959217,3.3413920176855894
222.3031641840489,2.5258136078194697
222.30709972850568,0.24489298091103126
222.3110352729624,0.07976732480536429
222.3149708174192,0.2811291638449672
222.31890636187592,0.46807098622020527
222.32284190633268,0.8404422643604742
222.32677745078945,2.487727425835507
222.3307129952462,3.5791925359628647
222.33464853970293,2.7131921115166566
222.3385840841597,0.8131960836076103
222.34251962861643,0.09047675116838723
222.3464551730732,0.10801759734154255
222.35039071752996,0.07497435813412075
222.3543262619867,1.966045901955853
222.35826180644344,2.588605216100451
222.36219735090015,0.16759709814025014
222.3661328953569,1.1406536478347948
222.37006843981368,0.5868040004978385
222.37400398427044,1.9721410896926916
222.3779395287272,2.552611512134433
222.38187507318395,0.06370870722754775
222.3858106176407,1.5888029474299368
222.38974616209745,3.0807958482989686
222.3936817065542,3.8599997342503602
222.39761725101096,3.0803865451368146
222.4015527954677,1.3795836767318486
222.4054883399245,1.4932165769048127
222.4094238843812,1.3981202731439129
222.413359428838,0.9117317057012899
222.4172949732947,0.8025657730655782
222.42123051775147,0.19025263754889685
222.4251660622082,0.1213521038675026
222.42910160666497,0.8443595400190915
222.4330371511217,1.7885953693481234
222.43697269557848,2.5181020749675427
222.4409082400352,2.6732325160065558
222.44484378449195,1.949986469750127
222.44877932894872,0.5181877888087991
222.45271487340543,0.14366525051813794
222.45665041786225,0.5325391827010779
222.46058596231896,0.2964228084644741
222.46452150677567,0.16783460210992823
222.4684570512325,0.1956228059757855
222.47239259568923,0.6528180115695549
222.476328140146,0.4662257592678731
222.48026368460276,0.23611690797361398
222.48419922905947,0.5752001480435865
222.48813477351624,0.20041272265277404
222.49207031797297,0.31861242386324035
222.4960058624297,1.3210591619573953
222.49994140688648,2.175570799534486
222.50387695134324,2.940919353834111
222.5078124958,1.9296283784953243
222.51174804025675,0.4850703313631822
222.51568358471349,2.294348815709824
222.51961912917025,1.776486419727127
222.523554673627,0.04577613772924676
222.52749021808373,0.7656716219800275
222.5314257625405,0.6954247815652485
222.53536130699723,0.052998669416703656
222.539296851454,0.1423096874201725
222.54323239591076,0.4863833955378765
222.5471679403675,0.8685325081210046
222.55110348482424,0.5789936540621163
222.555039029281,0.041910686275061775
222.55897457373771,1.589323856652841
222.5629101181945,2.5268604480159205
222.56684566265125,1.186167726652852
222.570781207108,0.2039388955801766
222.57471675156475,0.5217202774764466
222.57865229602152,0.4279075222280299
222.58258784047823,0.04068491584381312
222.58652338493505,0.9971965284215409
222.59045892939176,1.4836488761220452
222.59439447384847,0.360930353882255
222.5983300183053,1.0248829960110408
222.602265562762,1.4309271988754277
222.6062011072188,0.5072825626198175
222.6101366516755,0.322186806399978
222.61407219613227,0.17496262671174362
222.618007740589,0.6639922235759801
222.62194328504577,1.1740024243903202
222.6258788295025,3.112520607754366
222.62981437395928,3.168011982191319
222.633749918416,0.016849015153692526
222.6376854628728,2.923393235688861
222.64162100732952,2.727503809111918
222.64555655178629,0.004086686167693829
222.64949209624305,1.6337665667777994
222.6534276406998,1.3902636973664906
222.65736318515653,1.0864433280906962
222.6612987296133,0.9979739999485165
222.66523427407003,0.52119413575905
222.6691698185268,0.5243236808357153
222.67310536298356,0.6354319239157096
222.67704090744027,0.253734489788692
222.68097645189704,0.1361010736530198
222.68491199635375,1.2534720083400381
222.6888475408105,0.7882991837383461
222.69278308526728,0.2724222540701235
222.69671862972405,1.2562287810072117
222.7006541741808,0.6694355316478636
222.70458971863755,0.090478645347944
222.7085252630943,0.40531742129185305
222.71246080755105,0.5545968270504447
222.7163963520078,0.10443085559615667
222.72033189646456,0.18859037947396118
222.7242674409213,0.27521493876969283
222.7282029853781,1.0646167757982727
222.7321385298348,2.8495365857944037
222.7360740742916,5.398798931434616
222.7400096187483,3.1329391646239086
222.74394516320507,0.2610643873200953
222.7478807076618,0.03144374740150718
222.75181625211857,0.2530621136388675
222.7557517965753,0.6134930673432542
222.75968734103205,0.3606106945892132
222.7636228854888,0.8829777662928933
222.76755842994555,2.0531774410299923
222.77149397440232,2.4694756159192592
222.77542951885903,2.37272451271037
222.77936506331585,0.7983336227516331
222.78330060777256,0.07302439418650605
222.78723615222933,1.0668764221823168
222.7911716966861,1.2038063494324867
222.79510724114283,1.4628318864433434
222.7990427855996,1.7023485422473912
222.80297833005636,0.5628900681929314
222.80691387451307,0.7179382547605488
222.81084941896984,0.3395774862801913
222.81478496342655,1.304474454888254
222.8187205078833,0.6705207771747778
222.82265605234008,0.5184200407206925
222.82659159679685,1.6767289914792
222.8305271412536,3.6026442573506063
222.83446268571032,2.194120313550268
222.8383982301671,0.8351574762862255
222.84233377462385,1.3033207596420577
222.8462693190806,1.509463049449107
222.85020486353733,1.4144897969488073
222.8541404079941,0.8558655806511982
222.85807595245083,6.754959908352063
222.8620114969076,3.615336180792264
222.86594704136436,1.1713681143668702
222.8698825858211,0.2219826746270944
222.87381813027784,2.588436441197773
222.8777536747346,4.505603949500482
222.88168921919132,1.1853766256132439
222.8856247636481,2.929109701989457
222.88956030810485,3.2007030288655325
222.8934958525616,3.8867087382924046
222.89743139701835,4.571997567684984
222.90136694147512,2.091469740294977
222.90530248593183,0.48272363881054275
222.9092380303886,0.9683506447958109
222.91317357484536,1.4911808649464726
222.9171091193021,2.2330233066315515
222.9210446637589,1.9323489979783177
222.9249802082156,0.44757661193749626
222.9289157526724,2.7482933203177953
222.9328512971291,6.233311621893857
222.93678684158587,5.179138958464709
222.9407223860426,2.0914232526853893
222.94465793049935,0.5903269707832292
222.9485934749561,0.39005028449383927
222.95252901941288,0.27069525301278974
222.9564645638696,0.12219160054800808
222.9604001083264,0.16882032446593911
222.96433565278312,0.5828571500884393
222.9682711972399,0.8133744016731903
222.97220674169665,0.1874763659700453
222.9761422861534,0.3027835239654243
222.98007783061013,0.8913184806187776
222.9840133750669,1.0810523571382948
222.98794891952363,3.799313453573189
222.9918844639804,2.6115057753995083
222.99582000843716,0.05816399351657388
222.99975555289387,0.3753410792026332
223.00369109735064,0.9441285142353602
223.00762664180735,1.973277721777815
223.01156218626411,0.9555512352843517
223.01549773072088,1.4369220221040824
223.01943327517765,0.5854212937537598
223.0233688196344,1.0510738715074268
223.02730436409115,1.8499575947153504
223.0312399085479,3.075042823687757
223.03517545300463,2.8615061127024797
223.0391109974614,2.480531354571876
223.04304654191816,2.058003388014183
223.0469820863749,0.3308346366007966
223.0509176308317,0.07268310460081347
223.0548531752884,0.09395219092830176
223.0587887197452,0.3374615169669409
223.0627242642019,1.3887644445077407
223.06665980865864,0.9526336279301807
223.0705953531154,0.6029374147760694
223.07453089757212,4.752736173788419
223.0784664420289,2.1257494724837356
223.08240198648565,1.276872638912865
223.0863375309424,4.793954399085691
223.09027307539915,2.8778229201806056
223.09420861985592,1.8308223479997716
223.09814416431263,2.1814212091309164
223.10207970876945,2.705341072354616
223.10601525322616,3.6118806480364563
223.10995079768293,1.6800032088441679
223.1138863421397,0.41410046676807477
223.11782188659643,1.9936487649909496
223.1217574310532,1.1238546085154355
223.12569297550996,1.033114218710548
223.12962851996667,0.23954494325064538
223.13356406442344,1.1994712868276312
223.13749960888015,1.9675626616229471
223.14143515333691,0.08777362872032594
223.14537069779368,1.1107865756551132
223.1493062422504,0.07120348161266363
223.1532417867072,0.9480934104553419
223.15717733116392,0.3401059872646435
223.1611128756207,1.7517621546564137
223.16504842007743,5.454337444621025
223.1689839645342,2.894418194237274
223.17291950899093,0.10051027940051085
223.1768550534477,0.952472082109925
223.18079059790443,2.00554662947554
223.1847261423612,1.6011208896753457
223.18866168681797,0.6830699277946408
223.1925972312747,2.204340092710953
223.19653277573144,7.682894143965915
223.2004683201882,11.619882163858694
223.20440386464492,6.000770548327715
223.2083394091017,0.875915471180151
223.21227495355845,0.5768299605181809
223.2162104980152,0.03440576602802006
223.22014604247195,0.7380069116270467
223.2240815869287,1.0269066268194087
223.22801713138543,1.6867247626344195
223.2319526758422,4.671143109124286
223.23588822029896,3.543598720261185
223.2398237647557,2.561713812549734
223.2437593092125,3.5458413603666856
223.2476948536692,1.753283533783715
223.251630398126,0.6943585495979678
223.2555659425827,2.0339934354730613
223.25950148703947,5.578089337237373
223.2634370314962,6.027322998499668
223.26737257595295,2.4255214746943565
223.2713081204097,0.8536912489979458
223.27524366486648,1.661895712333916
223.2791792093232,0.4263756629698837
223.28311475378,1.3027156786917913
223.28705029823672,4.878638221892789
223.2909858426935,2.0045307272075417
223.29492138715025,2.092079026825691
223.298856931607,5.4881124551616525
223.30279247606373,5.619324728380968
223.30672802052047,2.2729376340487635
223.31066356497723,0.051097695924783804
223.314599109434,0.16563445474621577
223.31853465389077,3.218495797389243
223.32247019834747,7.018590660645349
223.32640574280424,3.559108783017196
223.33034128726095,2.927874625303898
223.33427683171772,8.67297746219665
223.33821237617448,6.326687715802179
223.34214792063125,6.979582820041788
223.346083465088,25.304189072605684
223.35001900954475,16.821299100457292
223.3539545540015,3.8285283079642998
223.35789009845823,17.13824157077333
223.361825642915,13.439183565041937
223.36576118737176,7.105392746890914
223.3696967318285,41.53691164622949
223.3736322762853,44.63702521548871
223.377567820742,28.38108654212419
223.38150336519877,22.0229542136427
223.3854389096555,2.1859864106559885
223.38937445411224,22.526524052200507
223.393309998569,25.597287299081398
223.39724554302572,6.392462167780191
223.4011810874825,10.1477842860912
223.40511663193925,9.634032845166827
223.409052176396,3.941086124948065
223.41298772085275,1.761870099222977
223.41692326530952,1.5932013039904513
223.42085880976623,3.559958376172693
223.42479435422305,6.538073119031553
223.42872989867976,4.697958806108748
223.43266544313653,7.482703647785588
223.43660098759327,9.722663040381248
223.44053653205003,0.9815800935389136
223.4444720765068,2.0334853299993987
223.44840762096356,2.1591978631093176
223.45234316542027,3.873860916255914
223.45627870987704,5.283122148672204
223.46021425433375,0.25597244970924515
223.4641497987905,2.1048518532090132
223.46808534324728,0.8615256606332926
223.472020887704,0.8409337701544464
223.4759564321608,3.4756782501132384
223.47989197661752,1.3071440012593751
223.4838275210743,0.11902328575133371
223.48776306553103,0.8896593675274578
223.4916986099878,6.709495004045691
223.49563415444453,8.192461202327662
223.4995696989013,0.7070369775548258
223.50350524335803,1.6269470079964443
223.5074407878148,0.7838563235110703
223.51137633227157,0.39809795583929
223.5153118767283,0.6240055339937426
223.51924742118504,1.6391952704993182
223.5231829656418,3.111197634317357
223.52711851009852,0.22070145219074547
223.5310540545553,2.6041109357679577
223.53498959901205,2.703594887119202
223.5389251434688,0.04568878325370425
223.54286068792555,1.8618373183601298
223.5467962323823,1.5644136061746194
223.55073177683903,0.47158265709083375
223.5546673212958,0.9159018083875063
223.55860286575256,0.3438151164633839
223.5625384102093,0.6392573723900559
223.5664739546661,0.17894187407579065
223.5704094991228,2.7980986035709297
223.5743450435796,5.770480315156919
223.5782805880363,2.3903238917771423
223.58221613249307,0.5044602970716676
223.5861516769498,1.2732738179251628
223.59008722140655,6.411469590148895
223.5940227658633,9.54555021696508
223.59795831032008,3.3992403780441998
223.6018938547768,5.684511333816347
223.6058293992336,15.699931784353128
223.60976494369032,13.445453130833332
223.61370048814703,2.3664435378125903
223.61763603260383,1.8352089833473537
223.62157157706056,7.871991401248695
223.62550712151733,6.546259506752033
223.62944266597407,2.126648892381477
223.63337821043083,0.5950488190630209
223.6373137548876,1.55234355671294
223.64124929934437,1.3484585113416099
223.64518484380108,0.6853351474959116
223.64912038825784,2.6727538288637467
223.65305593271455,2.9965384029760083
223.65699147717132,0.40186203474246035
223.66092702162808,0.8691438469270497
223.66486256608485,2.4913630147659296
223.6687981105416,0.49039462372683834
223.67273365499835,2.971917393564929
223.6766691994551,11.13888939105796
223.68060474391183,13.857601987563614
223.6845402883686,13.61514690996369
223.68847583282536,8.585819036951
223.6924113772821,1.329787544920593
223.69634692173884,0.07418835227911733
223.7002824661956,0.518254840116778
223.70421801065237,2.6660403000740622
223.7081535551091,8.685745705390907
223.71208909956584,8.393106907395103
223.7160246440226,1.1092707857284299
223.71996018847932,0.14661716170492717
223.7238957329361,0.5038235714448195
223.72783127739285,6.4043135069195944
223.7317668218496,6.304519734888913
223.7357023663064,1.0599979696739812
223.73963791076312,0.21033606104954622
223.74357345521983,0.2608143545310619
223.74750899967665,0.830825717377459
223.75144454413336,1.8794868958210558
223.75538008859013,0.9164615082945492
223.75931563304687,2.5150889601082205
223.76325117750363,14.227429337080752
223.7671867219604,22.442504690848402
223.7711222664171,14.194326385561403
223.77505781087388,3.953828723648321
223.7789933553306,5.825645593866639
223.78292889978735,12.85971836031992
223.7868644442441,4.69195443331655
223.79079998870088,1.8110722730759048
223.7947355331576,11.882750984577429
223.7986710776144,15.31493554034411
223.80260662207112,15.263922982385173
223.8065421665279,15.059764239483641
223.81047771098463,15.278008232206147
223.8144132554414,10.0590432781696
223.81834879989813,0.7139349301196399
223.8222843443549,9.611254612837056
223.82621988881164,18.171893056985507
223.8301554332684,6.547969134639082
223.83409097772517,1.0859672298065177
223.8380265221819,0.13791189120537167
223.84196206663864,0.10300949153466492
223.8458976110954,2.5593275136751945
223.84983315555212,11.33914640683972
223.85376870000889,12.630864146356522
223.85770424446565,7.098760400909928
223.8616397889224,2.074939357475039
223.8655753333792,1.2117521905712079
223.8695108778359,15.973083334342505
223.87344642229263,30.222104295447334
223.8773819667494,17.038705683085823
223.88131751120616,3.5344475052938567
223.8852530556629,1.3162728726673718
223.88918860011967,11.121811320087083
223.8931241445764,3.129959555135672
223.8970596890332,5.253027184298953
223.9009952334899,13.898890312990158
223.90493077794667,2.0229259065192693
223.9088663224034,1.8290463209993215
223.91280186686015,3.3112096003961775
223.9167374113169,2.6827522348194974
223.92067295577368,5.649947909218178
223.9246085002304,2.1616682313247755
223.9285440446872,0.22299322587854414
223.93247958914392,1.5490305686424963
223.93641513360063,1.349888177867616
223.94035067805743,1.7796245447259567
223.94428622251417,0.15064621326519384
223.94822176697093,1.6287116011166434
223.95215731142767,4.670777186549892
223.95609285588444,4.322127625902783
223.9600284003412,3.7784950201086986
223.96396394479797,2.152778006198114
223.96789948925468,0.052043791846072225
223.97183503371144,1.7225401203232813
223.97577057816815,1.4399530869871495
223.97970612262492,1.2096970324057796
223.98364166708168,1.7255556931192204
223.98757721153845,2.4986192996953798
223.9915127559952,4.22623930984738
223.99544830045195,0.7051961043160577
223.9993838449087,0.7275634609339032
224.00331938936543,0.06968849375282261
224.0072549338222,7.073315159299847
224.01119047827893,13.056836737246774
224.0151260227357,3.9572782172362087
224.01906156719244,0.9748841100808892
224.0229971116492,0.8420369305443487
224.02693265610597,9.083699625480175
224.0308682005627,5.640854557564555
224.03480374501945,0.5876516376931226
224.0387392894762,3.983941960913296
224.04267483393292,1.1285758753116755
224.0466103783897,1.8716328349638656
224.05054592284645,1.7705920629328737
224.0544814673032,0.6681378013989482
224.05841701176,1.3427730853802662
224.06235255621672,3.486283725509396
224.06628810067343,2.439273054184928
224.07022364513023,0.0315166538551397
224.07415918958696,1.547544425880703
224.07809473404373,3.911499329087235
224.08203027850047,2.8578931343212073
224.0859658229572,1.1226751455395758
224.089901367414,2.824289541644981
224.0938369118707,0.7293907464912333
224.09777245632748,1.6662823106624638
224.1017080007842,1.4846868486840465
224.10564354524095,0.7395319476296865
224.1095790896977,1.005929014825552
224.11351463415448,0.1797159340402517
224.1174501786112,1.4962097105842798
224.121385723068,0.1375646622321992
224.12532126752475,0.6122678072134229
224.1292568119815,0.9761650754263396
224.13319235643823,3.468756709112998
224.137127900895,0.9818610329722958
224.14106344535173,1.26466645145876
224.1449989898085,2.145722815871795
224.14893453426524,0.16397307539948536
224.152870078722,0.0038842063979271134
224.15680562317877,1.1881359303608912
224.16074116763548,2.0338406126033948
224.16467671209224,2.287479613022096
224.16861225654895,4.056647984274675
224.17254780100572,0.6885440796708371
224.1764833454625,1.1538607523796043
224.18041888991925,0.5587884563720764
224.184354434376,0.6855099198118411
224.1882899788328,0.7825644919710756
224.1922255232895,0.045353568199550415
224.19616106774623,0.7655098804423401
224.200096612203,1.464296368229312
224.20403215665976,1.2177980458628843
224.2079677011165,0.017792283815537626
224.21190324557327,0.5402340786591826
224.21583879003,0.0651895228011975
224.2197743344868,0.5874272328781966
224.2237098789435,0.10846848474779323
224.22764542340028,0.9675891683877216
224.231580967857,2.699741352738845
224.23551651231375,2.8921472225216136
224.2394520567705,0.9711910771805776
224.24338760122723,0.04908778490807731
224.247323145684,0.814160830016307
224.2512586901408,2.5778663034579097
224.25519423459752,3.6789340113511213
224.25912977905423,1.1212726602810532
224.26306532351103,0.8391292295855086
224.26700086796777,1.2408583635337525
224.27093641242453,0.103708135570709
224.27487195688127,1.082931584402746
224.27880750133804,4.8647148512929625
224.2827430457948,3.9243511970632943
224.28667859025157,0.5163164798336077
224.29061413470828,2.813916015251324
224.29454967916504,2.3515861113664536
224.29848522362175,0.46785734850307564
224.30242076807852,1.1034474453983385
224.30635631253529,2.856746174977773
224.31029185699205,2.5614634673158028
224.3142274014488,0.7430199316542766
224.31816294590556,0.18422081349544966
224.3220984903623,0.6965350899934832
224.32603403481903,0.38183217507217904
224.3299695792758,0.4393971131594923
224.3339051237325,2.134354271742988
224.3378406681893,1.6984154853773343
224.34177621264604,0.8355423628522327
224.3457117571028,0.6703334852298947
224.34964730155957,1.816116303321919
224.3535828460163,3.0165006626468704
224.35751839047305,1.219099168784028
224.3614539349298,0.8614879178947792
224.36538947938652,1.8354340495368533
224.3693250238433,0.18466329764620673
224.37326056830003,0.6160943903838455
224.3771961127568,0.8897581775410288
224.3811316572136,0.01966298552928523
224.38506720167032,1.1041005797777985
224.38900274612703,2.3238464942708967
224.39293829058383,1.4085141871093825
224.39687383504057,0.48254635542480445
224.4008093794973,1.3381641907947381
224.40474492395407,1.8819378744063553
224.4086804684108,0.2895459116841392
224.4126160128676,0.33627336141804154
224.4165515573243,0.8743085074626404
224.42048710178108,0.46031442255806776
224.42442264623784,0.17932863340414776
224.42835819069455,0.25213128658002787
224.4322937351513,0.04744032215597888
224.43622927960809,0.5922878810877431
224.4401648240648,0.7357105655912219
224.4441003685216,0.21253147004037543
224.44803591297836,0.05953187651110811
224.4519714574351,0.5235606951458475
224.45590700189183,0.3748140085114862
224.4598425463486,0.602259474612681
224.4637780908053,1.1874096660087143
224.4677136352621,0.07891758925886258
224.47164917971884,0.348308565633103
224.4755847241756,0.11058042655152235
224.47952026863237,1.1887253362926578
224.48345581308908,2.52887155788779
224.48739135754585,1.667646174990669
224.49132690200256,0.7980581473447694
224.49526244645932,0.3720442579816164
224.4991979909161,0.2576911227227418
224.50313353537285,0.04319887615640831
224.5070690798296,0.8616691548935688
224.5110046242864,0.9978502288068322
224.5149401687431,0.30062813895036866
224.51887571319983,0.5393425115929371
224.5228112576566,0.5386470652786332
224.52674680211337,0.2895237709563817
224.5306823465701,2.1021266957083773
224.53461789102687,2.4317007350243593
224.5385534354836,1.852437318056152
224.5424889799404,2.0268015072624292
224.5464245243971,1.4964305921138419
224.55036006885388,0.22763098865178144
224.5542956133106,1.1352728516680362
224.55823115776732,1.543621795532313
224.5621667022241,0.9163858593303297
224.56610224668088,0.12879931524089344
224.5700377911376,1.2896459004360044
224.5739733355944,1.7433523581068162
224.57790888005115,0.5604924404887724
224.58184442450784,1.9419135673502268
224.58577996896463,0.7559456661346904
224.58971551342137,0.6404800385954135
224.59365105787813,1.9737155922736507
224.59758660233487,1.4243375179769062
224.60152214679164,6.204914095217121
224.6054576912484,5.772765132198732
224.60939323570517,2.6773409557962817
224.61332878016188,4.24771078792188
224.61726432461865,2.0085938963163037
224.62119986907535,0.24928485781408616
224.62513541353212,1.0878447666809117
224.6290709579889,1.5805122341036153
224.6330065024456,1.883605454028484
224.6369420469024,1.6744628980587861
224.64087759135916,1.5375920887744696
224.6448131358159,1.667089110486379
224.64874868027263,0.9199827018105019
224.6526842247294,0.17012469904545552
224.6566197691861,0.5066746929283318
224.6605553136429,0.948282778300928
224.66449085809964,0.08475765867143036
224.6684264025564,1.391384425193477
224.67236194701317,2.1320312106260304
224.6762974914699,0.3748300248965705
224.68023303592665,0.9870472927855414
224.6841685803834,0.7408897373946466
224.68810412484012,1.091201430095533
224.6920396692969,0.17465893767510982
224.69597521375368,0.639111103618242
224.6999107582104,1.4022376249816992
224.7038463026672,2.641796720062222
224.7077818471239,2.059547204319156
224.71171739158063,0.13852364878002393
224.7156529360374,0.9681512853640786
224.71958848049417,0.495801103969459
224.7235240249509,0.24050821599470218
224.72745956940767,0.5421460183437876
224.7313951138644,0.5688601644957475
224.7353306583212,0.9286259394661573
224.7392662027779,1.8983170475329127
224.74320174723468,0.9592248383809401
224.74713729169144,0.6155219879204274
224.75107283614815,1.0152536574913618
224.7550083806049,2.9943049381538596
224.7589439250617,5.10349696247755
224.7628794695184,3.5733086409408084
224.7668150139752,0.6925374666559954
224.77075055843196,0.10650779474866032
224.7746861028887,0.7497803957241373
224.77862164734543,0.6135967072986481
224.7825571918022,0.689505388107817
224.7864927362589,1.3235107525907497
224.79042828071567,2.070744199257878
224.79436382517244,2.161269404749609
224.7982993696292,0.410168645443429
224.80223491408597,0.23019667236078575
224.80617045854268,0.378360983799029
224.81010600299945,0.3060181536806103
224.81404154745616,0.017656620462186922
224.81797709191292,1.228827443119537
224.8219126363697,2.724798285044057
224.82584818082643,0.4941544355003959
224.8297837252832,0.8503345107257945
224.83371926974,1.8001098292486997
224.8376548141967,0.9460484661842186
224.84159035865343,0.3611170719838947
224.8455259031102,3.242542676084243
224.84946144756697,3.3859409846749386
224.8533969920237,0.6322600769410788
224.85733253648047,3.1970470478897792
224.8612680809372,0.26606895851326695
224.86520362539397,2.3559809677727888
224.8691391698507,1.515361368329937
224.87307471430745,0.7222350760333152
224.87701025876424,2.310279675577517
224.88094580322092,1.8458050475322674
224.8848813476777,2.697976556762593
224.88881689213449,0.7323960083343811
224.8927524365912,0.2781976898965279
224.896687981048,0.23685300901947284
224.90062352550476,0.5893571395655302
224.90455906996144,0.017393881113485405
224.90849461441823,0.8020084693017929
224.91243015887497,1.3854262897306269
224.9163657033317,1.1308707785598797
224.92030124778847,2.9626501414354007
224.92423679224524,3.3902129693860537
224.928172336702,0.3436760811350878
224.93210788115877,2.0924135113729148
224.93604342561548,7.553797491597926
224.93997897007225,5.547785862461977
224.94391451452896,2.3223960018378897
224.9478500589857,1.9719910736190853
224.9517856034425,0.7818493957833247
224.95572114789923,0.7099183915408802
224.959656692356,2.0519250552264827
224.96359223681276,1.1361615357232162
224.9675277812695,1.8188320856341762
224.97146332572623,2.437035803842216
224.975398870183,0.6915750972441345
224.9793344146397,3.656240325929355
224.9832699590965,2.3855568316938505
224.98720550355324,0.2718836295561126
224.99114104801,0.5805488841438257
224.99507659246677,3.441143677649378
224.9990121369235,2.6316936241577102
225.00294768138025,1.9759242123712415
225.00688322583704,3.3193346683017695
225.01081877029372,2.89140874306728
225.0147543147505,0.7171371889282547
225.01868985920729,0.12339337011329518
225.022625403664,0.14141807726181785
225.0265609481208,0.16689339284405685
225.0304964925775,0.6219489098369697
225.03443203703424,2.302117182046459
225.038367581491,0.3657627916193617
225.04230312594777,2.7927213455031907
225.0462386704045,1.2952295581628228
225.05017421486127,1.2510109740649948
225.054109759318,3.6184991283510395
225.0580453037748,0.16263101162741475
225.0619808482315,1.1102416919701905
225.06591639268828,2.6890264901963907
225.06985193714505,2.823074971665339
225.07378748160176,0.2516832282285666
225.0777230260585,1.2947951135795996
225.0816585705153,0.7187166750618024
225.08559411497205,1.3062654676414025
225.0895296594288,0.9772083538372415
225.09346520388556,0.8001804550948195
225.0974007483423,0.5635436553669343
225.10133629279903,0.2958553133024595
225.10527183725577,0.2655779881319849
225.1092073817125,0.23561896663227935
225.11314292616927,0.6786292918110358
225.11707847062604,0.2920263737820248
225.1210140150828,2.526839160323828
225.12494955953957,1.157296315836784
225.12888510399628,0.3373686945733046
225.13282064845305,2.1884389433832614
225.1367561929098,1.182009578769108
225.14069173736652,0.06471590465567578
225.1446272818233,0.2525535240733605
225.14856282628008,0.5209384557384847
225.1524983707368,0.14721584396646947
225.1564339151936,0.05831200801579649
225.1603694596503,0.032889551767122376
225.16430500410704,0.04352495494169609
225.1682405485638,0.028521039096181793
225.17217609302057,0.10269112229707728
225.1761116374773,0.25333213007123084
225.18004718193404,0.1863023081410973
225.1839827263908,1.361741174997412
225.18791827084755,1.1041334320318603
225.1918538153043,0.06416701319908183
225.19578935976105,0.3380670608084379
225.19972490421785,0.7020955182096753
225.20366044867453,0.6444492802318643
225.2075959931313,0.5453816689627329
225.2115315375881,0.9175165355187427
225.2154670820448,0.32638568421823955
225.2194026265016,0.8418918866397371
225.22333817095836,0.8892571369233346
225.22727371541507,0.2823050355539456
225.23120925987183,0.13036028754856593
225.23514480432857,0.23581743786572465
225.2390803487853,0.1618535107566086
225.24301589324207,0.46585805376814166
225.24695143769884,2.285067494194771
225.2508869821556,3.0761213955916706
225.25482252661232,0.9018921573523863
225.25875807106908,0.41041927164706415
225.26269361552585,2.0854842556881055
225.26662915998256,2.095530014119036
225.27056470443927,2.0200468697380605
225.2745002488961,2.498264099962044
225.27843579335283,1.7483722204690293
225.2823713378096,2.7321458517720103
225.28630688226636,1.9956177691382722
225.2902424267231,1.1235209896057108
225.29417797117983,3.0579495230504077
225.2981135156366,3.300492244033411
225.3020490600933,1.0773078710904747
225.3059846045501,0.6026559869351169
225.30992014900684,3.8717748011347735
225.3138556934636,4.585539091310905
225.31779123792035,2.0542266664760813
225.3217267823771,0.3524293091583685
225.32566232683385,0.1824654000167881
225.32959787129064,1.5437302422765034
225.33353341574733,1.3344145498859263
225.3374689602041,0.2514832207893353
225.3414045046609,0.030607252009009562
225.3453400491176,0.07317448787783983
225.3492755935744,0.4599585535456448
225.3532111380311,0.6749983220979954
225.3571466824879,1.011614200115886
225.3610822269446,0.5346322640419178
225.36501777140137,0.0224869440542444
225.3689533158581,0.054366788207166804
225.37288886031487,0.4387398884993673
225.3768244047716,1.1669519313508865
225.3807599492284,0.5770269647402265
225.38469549368511,0.4017621817646581
225.38863103814188,0.3340636733086682
225.39256658259865,0.005725311547963777
225.39650212705536,0.015359130428912102
225.4004376715121,0.017798098286713023
225.4043732159689,0.14145551533366374
225.40830876042563,1.991279098826187
225.4122443048824,2.732368266222527
225.41617984933916,0.01644112847886219
225.42011539379587,3.5087119478841178
225.42405093825263,4.545712326764844
225.42798648270937,1.0770043512441314
225.4319220271661,0.24029121388575636
225.43585757162288,0.21414273151235555
225.43979311607964,0.31895934565099743
225.4437286605364,0.44824113757663553
225.44766420499317,0.8226758562348272
225.45159974944988,0.5298340922961665
225.45553529390665,1.0191327832411814
225.4594708383634,1.0992917569633942
225.46340638282012,0.7751095891742014
225.4673419272769,0.0833627916213846
225.47127747173369,0.2881634878085183
225.4752130161904,0.24425261248840235
225.4791485606472,0.2082599933313819
225.4830841051039,1.4737668856580644
225.48701964956064,0.6628461333882576
225.4909551940174,0.6893692369869622
225.4948907384741,1.6343989477771863
225.4988262829309,0.22278509348590483
225.50276182738764,1.1543735435984566
225.5066973718444,3.135706420637858
225.51063291630115,0.6928731329806564
225.5145684607579,1.8106452502844164
225.51850400521465,4.680058727254446
225.52243954967145,1.3770717090749929
225.52637509412816,1.185149869154437
225.5303106385849,1.5491452962785377
225.5342461830417,2.210275791583784
225.53818172749845,1.1355768495384422
225.5421172719552,0.5828811069212123
225.54605281641196,1.1354469529419324
225.54998836086867,0.5742500427839542
225.55392390532543,5.490732964211375
225.55785944978217,9.640414904137213
225.5617949942389,12.624927235094198
225.56573053869568,9.255655305253095
225.5696660831524,1.7242699369754715
225.5736016276092,0.5596542657598355
225.57753717206592,0.7164066321607168
225.58147271652268,1.6143866517495726
225.58540826097945,1.506476363906302
225.5893438054362,0.8018025035286974
225.59327934989287,0.6066790916420782
225.5972148943497,1.3177633334379266
225.60115043880643,2.1691951534840266
225.6050859832632,1.1743134500866252
225.60902152771996,0.027999666374138484
225.6129570721767,0.06284712781819948
225.61689261663344,3.243180390762155
225.6208281610902,11.362399452487228
225.6247637055469,5.723332753825264
225.6286992500037,0.4484422599714741
225.63263479446044,0.8765257700847762
225.6365703389172,0.7606254814892751
225.64050588337395,8.423616413146007
225.6444414278307,19.770312538401694
225.64837697228745,23.256815061500276
225.6523125167442,23.689108595476668
225.65624806120096,11.534691045441416
225.6601836056577,0.6275378433845761
225.6641191501145,7.755422685248115
225.6680546945712,2.8673214111039442
225.671990239028,0.120772947240397
225.6759257834847,0.6134714320267135
225.67986132794147,5.664184157545003
225.6837968723982,7.260253333231367
225.68773241685497,5.395045116257059
225.6916679613117,7.0814565640763085
225.69560350576847,4.046415793864312
225.6995390502252,3.4419270784414047
225.703474594682,0.8092783041467484
225.70741013913872,1.3090707477071084
225.71134568359548,1.8390449223481815
225.71528122805225,2.187305298507757
225.719216772509,7.037804495057224
225.72315231696567,6.938689777126827
225.7270878614225,1.8371163423626538
225.73102340587923,0.046176618010098675
225.734958950336,1.3081762909343897
225.73889449479276,2.371599369428192
225.74283003924947,1.451630764829556
225.74676558370624,0.7847792240755112
225.75070112816297,1.4328152223285429
225.7546366726197,0.2481416061157371
225.75857221707648,0.7639765344677099
225.76250776153324,0.7594914263599744
225.76644330599,1.4621124770479752
225.77037885044675,7.18378471797122
225.77431439490348,4.689627100817993
225.77824993936025,0.16185213819937866
225.782185483817,1.1429678362330247
225.78612102827373,1.2622651810703978
225.7900565727305,0.523304364363624
225.7939921171873,0.9294097534500929
225.797927661644,0.020951185624872786
225.80186320610076,0.6825376612492973
225.8057987505575,0.42752123195154534
225.80973429501424,1.3270718822332819
225.813669839471,0.8857416475724179
225.8176053839277,1.2100168800834314
225.8215409283845,1.5407543413091949
225.82547647284125,0.1586662489978796
225.829412017298,0.5440166779319517
225.83334756175475,0.21178816816453871
225.83728310621152,2.319727083314669
225.84121865066825,5.8481528478908995
225.84515419512505,0.959076190837857
225.84908973958176,2.369237249508525
225.85302528403847,1.921479024751029
225.8569608284953,0.1620608983140775
225.86089637295203,0.7385410399624381
225.8648319174088,3.122746885735513
225.86876746186556,1.351121537158401
225.87270300632227,3.4686175187718935
225.87663855077903,2.697945320892644
225.88057409523577,0.4133889543266633
225.8845096396925,0.8637837299211379
225.88844518414928,0.34194156406644555
225.892380728606,1.4803262769889272
225.8963162730628,0.34730626413884425
225.90025181751952,3.2382013452447085
225.90418736197628,3.414286077815335
225.90812290643305,0.7032319776411453
225.9120584508898,0.5667961039384726
225.91599399534653,1.3934387162889341
225.9199295398033,1.6238700764860008
225.92386508426003,1.272173069653841
225.9278006287168,1.2377741469839805
225.93173617317356,4.137920416139411
225.9356717176303,1.8494311157343277
225.93960726208704,0.6029895557967927
225.9435428065438,1.0761239261023077
225.9474783510005,0.06908208129472963
225.9514138954573,1.0316789472057846
225.95534943991404,0.7560709487398056
225.9592849843708,0.6617658766040604
225.96322052882755,2.6509626581111116
225.9671560732843,0.449371596525279
225.97109161774105,1.5659939252300086
225.9750271621978,1.9056071142128617
225.97896270665456,0.21347887901882945
225.9828982511113,0.07410110550674755
225.9868337955681,0.4556215686462604
225.9907693400248,0.7049512661237037
225.9947048844816,0.9876101713955941
225.9986404289383,1.84908113911332
226.00257597339507,0.7716572440255179
226.0065115178518,0.9558054401238981
226.01044706230857,1.178286656414496
226.0143826067653,0.09146971524939829
226.01831815122208,1.9894869839986928
226.0222536956788,1.4547603031255836
226.0261892401356,0.6974646406197891
226.03012478459232,0.3532888548776064
226.03406032904908,1.5375530561755297
226.03799587350585,1.8375639828720114
226.04193141796256,0.7197052930922604
226.04586696241927,0.8179036458472521
226.0498025068761,0.7030804947635227
226.05373805133283,0.38044790936635264
226.0576735957896,0.17934816563026768
226.06160914024636,0.48055105715149665
226.06554468470307,1.2755564807668172
226.06948022915984,1.9890697933941481
226.07341577361657,3.0647788862187806
226.0773513180733,2.5363930018513785
226.08128686253008,0.3587854797416413
226.08522240698684,0.15912520697992472
226.0891579514436,0.5579736773827223
226.09309349590035,0.4144924369096837
226.09702904035709,2.1037935014764204
226.10096458481385,5.145583430320727
226.1049001292706,1.9671812680553116
226.10883567372736,0.64350649407852
226.1127712181841,0.9781221061548919
226.11670676264083,0.1939907122424534
226.1206423070976,2.1643511552501487
226.12457785155436,1.223184696579707
226.1285133960111,0.5656885848390314
226.13244894046784,0.5406687689435485
226.1363844849246,0.5978867632000412
226.14032002938131,0.20298525389543765
226.1442555738381,0.026887085018109557
226.14819111829485,0.4123261014401738
226.1521266627516,0.9528424186734595
226.15606220720835,0.7414283314578677
226.15999775166512,0.45162508817401287
226.16393329612183,0.1768343564539143
226.16786884057865,0.09841995953090786
226.17180438503536,0.14453309903012268
226.17573992949207,0.4190802504013811
226.1796754739489,0.8027910193194099
226.18361101840563,0.8884613132801975
226.1875465628624,0.6469840227295107
226.19148210731916,0.6549210331844739
226.19541765177587,1.7679145749700573
226.1993531962326,1.845958610653677
226.20328874068937,3.2665600230408844
226.2072242851461,2.8690386732089177
226.21115982960288,0.33694226477541284
226.2150953740596,0.10021873262349255
226.2190309185164,0.03929493201751369
226.22296646297312,0.17055423166089356
226.22690200742989,0.3538981120444608
226.23083755188665,2.5336733341715063
226.2347730963434,2.510390241883324
226.23870864080013,3.0935142607817863
226.2426441852569,3.8341150324344513
226.24657972971363,1.4534487782177976
226.2505152741704,0.058190238651667996
226.25445081862716,0.0554646715006355
226.2583863630839,0.30939241022790154
226.26232190754064,1.4984109572980864
226.2662574519974,3.3918758583295174
226.2701929964541,5.025507367304315
226.27412854091088,1.3032625906834487
226.27806408536765,0.9315255389838611
226.2819996298244,3.414666628177795
226.28593517428115,2.015859350862437
226.2898707187379,0.42919836553885155
226.29380626319465,2.205401957220872
226.2977418076514,1.5908622875204093
226.30167735210816,0.33099898849152337
226.3056128965649,3.1353629489726464
226.3095484410217,3.5502466708302975
226.3134839854784,1.5947549095393767
226.3174195299352,7.083455603363742
226.3213550743919,7.274712429291949
226.32529061884867,1.1280071884177767
226.3292261633054,0.7410427771831662
226.33316170776217,0.620829045260563
226.3370972522189,0.15690191632501063
226.34103279667568,0.08729029404519204
226.3449683411324,0.7307886891497539
226.34890388558915,3.1889015081832635
226.35283943004592,2.2898243310263684
226.35677497450263,0.5723255345137322
226.36071051895945,2.4693336535131993
226.36464606341616,1.9952203815430778
226.36858160787293,0.4888304726219413
226.3725171523297,1.0049555428707835
226.37645269678643,3.500999973950014
226.3803882412432,10.474646311554125
226.38432378569996,11.490414084100095
226.38825933015667,3.5943845169893893
226.39219487461344,1.9283785116675147
226.39613041907015,2.1290184371514145
226.4000659635269,6.709302229464295
226.40400150798368,33.19981124137209
226.40793705244045,61.83935532209775
226.4118725968972,30.775998315829657
226.41580814135395,2.7200937809542594
226.4197436858107,1.64978247031885
226.42367923026745,0.45631234586586833
226.4276147747242,4.102939591387586
226.43155031918093,5.22956484957366
226.4354858636377,3.643026420745683
226.43942140809443,0.6673373233813064
226.4433569525512,3.4534274650530143
226.44729249700796,5.4320371547943305
226.4512280414647,2.299609602741142
226.45516358592144,1.855086512487738
226.4590991303782,3.82721949450694
226.46303467483492,1.0610741252651577
226.4669702192917,0.6521301425271494
226.47090576374845,1.4532145234195917
226.4748413082052,1.5370790924648423
226.47877685266195,0.35907728940153977
226.48271239711872,0.6785631514037485
226.48664794157543,0.34877989499632994
226.49058348603225,0.17280996985142585
226.49451903048896,1.7789174386795488
226.49845457494573,3.8842156614595775
226.5023901194025,2.4514757488989147
226.5063256638592,0.7398595017594704
226.510261208316,0.5156540090355288
226.5141967527727,3.028678180226217
226.51813229722947,1.7862386229128686
226.5220678416862,0.0892136816809205
226.52600338614295,0.02499596476923923
226.5299389305997,0.03717805078595998
226.53387447505648,0.282920401812477
226.5378100195132,1.3976921807780267
226.54174556397,1.105217519116574
226.54568110842672,0.35257663096531283
226.5496166528835,0.08715917233400132
226.55355219734025,0.05996377450153515
226.557487741797,0.21699269159754042
226.56142328625373,0.18851356701068694
226.5653588307105,2.4699617865814996
226.56929437516723,4.711390076003233
226.573229919624,1.276779291446772
226.57716546408076,1.005765217658923
226.5811010085375,0.309112649699078
226.58503655299424,1.4176398660723861
226.58897209745095,0.9286983148870227
226.59290764190771,1.1681834995365434
226.59684318636448,3.392578143195626
226.60077873082125,0.6143721367423055
226.604714275278,0.6409981670186472
226.60864981973475,1.0749361090542162
226.6125853641915,2.3278959305361355
226.61652090864823,1.6826567151127931
226.620456453105,0.06429616998147211
226.62439199756176,0.34203942002467735
226.6283275420185,0.4315767376854676
226.6322630864753,0.21125126185421098
226.636198630932,0.08895874711525766
226.6401341753888,0.48231380551074843
226.6440697198455,1.1131146893643673
226.64800526430227,0.9861666607531027
226.651940808759,0.8288925722779581
226.65587635321577,0.5243130117149442
226.6598118976725,0.44367038551787447
226.66374744212925,2.669574402963924
226.667682986586,4.484040067496381
226.67161853104275,1.521298982386838
226.67555407549952,1.4280152856599004
226.67948961995623,1.1002173589846873
226.68342516441305,0.15920076886519038
226.68736070886976,1.7469039212057764
226.69129625332653,2.7954370396732715
226.6952317977833,2.8313647001384434
226.69916734224003,0.8929468682436202
226.7031028866968,0.18446238841061424
226.70703843115356,0.8154106975377962
226.71097397561027,1.6870521167006822
226.71490952006704,1.0458714276828645
226.71884506452375,1.4507436082836194
226.72278060898051,0.3926493860513937
226.72671615343728,0.8274331143381534
226.73065169789405,1.506780284631137
226.7345872423508,0.3338684024700523
226.73852278680755,0.5414759740937439
226.7424583312643,1.7170408966063575
226.74639387572105,1.9884223997761854
226.7503294201778,1.1517546243587569
226.75426496463453,0.8060290947295429
226.7582005090913,6.55020843242964
226.76213605354803,3.5899706044547597
226.7660715980048,0.5397741965471518
226.77000714246157,0.6033998214699356
226.7739426869183,0.3837324904145381
226.77787823137504,0.04137250540369454
226.7818137758318,0.4958619651139911
226.78574932028852,0.23702800220331946
226.7896848647453,0.9623039819186899
226.79362040920205,1.050479125106949
226.7975559536588,0.44954875359214813
226.80149149811555,0.7661315513748831
226.80542704257232,0.09202200065722421
226.80936258702903,0.22281782482204762
226.81329813148585,0.4553805614892265
226.81723367594256,1.5530472212860165
226.8211692203993,0.036789826856458444
226.8251047648561,1.435306061578669
226.8290403093128,1.0669609232535953
226.8329758537696,0.015732385704400168
226.8369113982263,1.0278781841489408
226.84084694268307,1.4279005250440122
226.8447824871398,0.19838051425098246
226.84871803159655,0.6876053154207892
226.8526535760533,0.7998114696884994
226.85658912051008,0.25072019706044296
226.8605246649668,2.649094428713393
226.8644602094236,1.973434864594901
226.86839575388032,0.013836327134282983
226.8723312983371,1.4377905728393925
226.87626684279385,0.9198644999679689
226.8802023872506,0.037627157138738675
226.88413793170733,0.8022884818214955
226.8880734761641,0.2513980667504503
226.89200902062083,0.33508466554727706
226.8959445650776,0.9231947752318784
226.89988010953437,0.8085326121534221
226.90381565399107,1.0961454114443443
226.90775119844784,0.41788142062048983
226.91168674290455,0.1649221319571604
226.91562228736132,0.06635979108698734
226.91955783181808,1.866961021004316
226.92349337627485,1.8081491874225186
226.9274289207316,0.07839511224558775
226.93136446518835,1.8562476459011659
226.9353000096451,1.2453206807759412
226.93923555410183,0.7092622236146394
226.9431710985586,1.2269443450392699
226.94710664301536,0.3552182623593114
226.9510421874721,0.13093164396062337
226.9549777319289,0.6379584423261376
226.9589132763856,1.0686931408048366
226.9628488208424,1.4429042837781494
226.9667843652991,0.8112694240281106
226.97071990975587,0.5234296763600059
226.9746554542126,5.5604219903644925
226.97859099866932,6.087015087283061
226.9825265431261,0.7131164298548395
226.98646208758285,2.36689179241769
226.9903976320396,3.907294638886732
226.99433317649635,2.925503883673919
226.99826872095312,1.177611411930477
227.00220426540983,0.10182599973117028
227.00613980986665,1.4729677258005354
227.01007535432336,2.47248234390574
227.01401089878013,0.8974808172583527
227.01794644323687,0.17575324881043933
227.02188198769363,0.6710535308938802
227.0258175321504,1.7540419391134092
227.02975307660716,0.7191931250604318
227.03368862106387,0.11400552488410506
227.03762416552064,0.8221787400977624
227.04155970997735,0.35369825798125476
227.04549525443412,0.5564866620920391
227.04943079889088,1.1664194802765873
227.0533663433476,0.6718591888927036
227.0573018878044,1.7555789313536483
227.06123743226112,1.2640011415264756
227.0651729767179,0.11454256364891946
227.06910852117463,1.0514143939610328
227.0730440656314,0.43256031341764284
227.07697961008813,0.03725645944695976
227.0809151545449,0.42626299225234604
227.08485069900163,0.8022685167883438
227.0887862434584,0.17594568647093345
227.09272178791517,0.11981712059163203
227.0966573323719,0.6083091639012281
227.10059287682864,0.9092810398962167
227.1045284212854,1.0799699377908518
227.10846396574212,0.7087583895992811
227.1123995101989,0.1472475818556726
227.11633505465565,0.030164118966278745
227.1202705991124,0.1755352807524857
227.12420614356915,0.5001545539577767
227.12814168802592,0.37145535828924836
227.13207723248263,0.01159765538391573
227.1360127769394,0.29500254653759644
227.13994832139616,0.2532776707819853
227.1438838658529,0.09379493043694032
227.1478194103097,1.0811890441478986
227.1517549547664,0.6174763244618887
227.1556904992232,0.270960189314347
227.1596260436799,1.492213483471795
227.16356158813667,0.734107011668714
227.1674971325934,0.4516970747091853
227.17143267705015,0.6158700963606327
227.1753682215069,0.3119725413976772
227.17930376596368,0.6738633252852587
227.1832393104204,0.2872440828809397
227.1871748548772,0.10854683352992532
227.19111039933392,0.38630765956875524
227.1950459437907,1.2437505587574296
227.19898148824743,0.8697690537557236
227.2029170327042,0.347873135672421
227.20685257716093,0.23850164542009322
227.21078812161767,1.1000671419880976
227.21472366607443,2.8142825765296062
227.2186592105312,1.9541224374897224
227.22259475498797,0.5227677985469292
227.22653029944468,0.3646963470000233
227.23046584390144,0.46643827533053045
227.23440138835815,0.36859262936033893
227.23833693281492,0.8785072813177311
227.24227247727168,0.21227293717780718
227.24620802172845,1.683508754123832
227.2501435661852,4.943520147376986
227.25407911064195,0.9908010264120254
227.2580146550987,2.3009733029773884
227.26195019955543,4.271925098926384
227.2658857440122,1.045182953777435
227.26982128846896,3.1204519616927926
227.2737568329257,1.1225677186972722
227.2776923773825,1.069520559724867
227.2816279218392,1.1384183826547218
227.285563466296,0.2360831099604355
227.2894990107527,1.1159359427757418
227.29343455520944,1.2807382744472429
227.2973700996662,1.8303358504860023
227.30130564412292,2.306261460893706
227.3052411885797,0.8856705584728846
227.30917673303645,2.1751835649832603
227.3131122774932,5.285451473545979
227.31704782195,3.8526991792256635
227.32098336640672,1.1371728241946524
227.32491891086343,0.24031523781888509
227.32885445532025,0.3782305291945744
227.33278999977696,0.26051874978185646
227.33672554423373,1.3491886964380913
227.34066108869047,1.8403932747883962
227.34459663314723,0.146837809488142
227.348532177604,0.19825399158548523
227.35246772206077,0.08307436485649448
227.35640326651748,2.2881960264381456
227.36033881097424,2.6160340519113254
227.36427435543095,0.6096814590488127
227.3682098998877,0.8746016917011796
227.37214544434448,0.510910974909889
227.3760809888012,0.2847582158680193
227.380016533258,1.1732264143564184
227.38395207771472,1.2156068450241908
227.3878876221715,0.8484041570421762
227.39182316662823,3.1249179044610838
227.395758711085,3.7080317759792254
227.39969425554173,0.37274823748124875
227.4036297999985,1.8797104997592855
227.40756534445524,0.5121420011975185
227.411500888912,3.68095346419524
227.41543643336877,2.7776967309568334
227.4193719778255,0.1770619384379845
227.42330752228224,0.7674428998051941
227.427243066739,1.038316026088641
227.43117861119572,5.17358524041536
227.4351141556525,1.8934985135486868
227.43904970010925,0.7645715496413158
227.442985244566,3.437933896464453
227.4469207890228,8.439562806846737
227.4508563334795,3.8289565950255704
227.45479187793623,0.04868001538938074
227.458727422393,1.175986487358592
227.46266296684976,1.7095624803133318
227.4665985113065,2.1017478346789527
227.47053405576327,1.1102509398205083
227.47446960022,0.049345280939036076
227.4784051446768,1.9063601624390039
227.4823406891335,1.7757283461633797
227.48627623359027,0.32227110294740574
227.490211778047,0.23885401284694743
227.49414732250375,1.447666621508968
227.4980828669605,1.8201264148876217
227.50201841141728,1.4722678129283058
227.505953955874,1.5836253882265947
227.5098895003308,0.6926006583389965
227.51382504478752,0.23800358931038762
227.5177605892443,2.2178404257548827
227.52169613370103,1.1199515081543467
227.52563167815777,0.1734711128536436
227.52956722261453,0.03247084904895466
227.53350276707127,0.2621614845987442
227.53743831152804,0.29876539986710193
227.5413738559848,0.300154954396545
227.54530940044157,0.4109951654873394
227.54924494489828,0.864639910950721
227.55318048935504,0.5109016148670446
227.55711603381175,0.5618156122322916
227.56105157826852,1.5224535613954504
227.56498712272528,0.2935869420036395
227.56892266718205,0.7096486974216618
227.5728582116388,0.3179540990747243
227.57679375609555,0.7926622360844073
227.5807293005523,3.6195475423393955
227.58466484500903,1.7731959306746383
227.5886003894658,0.058423189045473216
227.59253593392256,1.1165584977890277
227.5964714783793,1.9116278258718953
227.60040702283604,1.405775628488777
227.6043425672928,0.1036705742408673
227.60827811174957,0.4233187557392158
227.6122136562063,0.980834520181264
227.61614920066305,1.3488417159085477
227.6200847451198,2.18466705613717
227.62402028957652,2.366341499829581
227.6279558340333,0.701624628480933
227.63189137849005,0.14942910438528417
227.6358269229468,0.9441020750205519
227.6397624674036,0.8216632718780558
227.64369801186032,0.1561366449597092
227.64763355631703,1.1272185317943508
227.65156910077383,2.2702084931941906
227.65550464523056,0.9461881063118639
227.65944018968733,1.094123165640066
227.66337573414407,0.6584266812878731
227.66731127860083,0.23497489098831195
227.6712468230576,1.3206344332379822
227.67518236751437,2.0089159272063517
227.67911791197108,1.0383270110491643
227.6830534564278,0.11113733940420127
227.68698900088455,0.23051901396010302
227.6909245453413,0.32016721043590785
227.69486008979808,0.1655460170815238
227.6987956342548,1.6198426398227714
227.7027311787116,2.2413093668668034
227.70666672316835,1.7750998144393568
227.7106022676251,0.8774570335562427
227.71453781208183,0.28192695248895916
227.7184733565386,0.15479005287255632
227.72240890099533,0.3782391931332473
227.7263444454521,0.8061693848191538
227.73027998990884,1.1698801372209422
227.7342155343656,2.168499314501399
227.73815107882237,2.078144996578079
227.7420866232791,0.2059657928025395
227.74602216773584,0.878310784251829
227.7499577121926,0.5152070306996497
227.75389325664932,0.20244947691191567
227.7578288011061,0.6539696071510588
227.76176434556285,0.3584390841501605
227.7656998900196,2.795336810753771
227.7696354344764,3.4673871617148273
227.7735709789331,0.8935913090971241
227.77750652338983,0.03234451243800496
227.7814420678466,0.22552748495381875
227.78537761230336,0.06644228385327873
227.7893131567601,0.46252488888423954
227.79324870121687,1.9640716400952263
227.7971842456736,0.4613140228923184
227.8011197901304,0.7487044070763327
227.8050553345871,1.3110304682284182
227.80899087904388,0.6514067954919395
227.8129264235006,1.3808922312898246
227.81686196795735,0.2524445645264191
227.8207975124141,0.31208925819375816
227.82473305687088,0.24402226446028583
227.8286686013276,0.7306734685234993
227.8326041457844,1.272033625531559
227.83653969024112,1.5114053872695588
227.84047523469783,2.4338734568015163
227.84441077915463,2.4496187592521395
227.84834632361137,1.410813827227025
227.85228186806813,1.7143937012192747
227.85621741252487,1.1524990099882597
227.86015295698164,0.25672233292710495
227.8640885014384,0.5871258316827576
227.86802404589517,2.4068194960060207
227.87195959035188,2.5852878326070883
227.87589513480864,0.7764012518563206
227.87983067926535,0.5432109277268191
227.88376622372212,2.128087822969716
227.88770176817889,1.858209726388137
227.89163731263565,0.29281025810499045
227.8955728570924,0.07410633475937775
227.8995084015492,0.28416851053648723
227.9034439460059,0.3277134235372446
227.90737949046263,0.531423286669065
227.9113150349194,0.15271725394113478
227.9152505793761,0.050729178789968916
227.9191861238329,0.13283662491268922
227.92312166828964,0.17467464546743805
227.9270572127464,0.25784116652513644
227.93099275720317,0.12784542786948963
227.9349283016599,1.4685125704591533
227.93886384611665,1.3076673276742277
227.9427993905734,0.5866764338226084
227.94673493503012,0.1411423157751201
227.9506704794869,0.18046439464439618
227.95460602394363,0.34961129405839086
227.9585415684004,0.429168554841493
227.9624771128572,0.39274236576064486
227.96641265731392,0.3790439170061586
227.97034820177063,2.8127367440065756
227.97428374622743,1.621106928369689
227.97821929068417,0.10174129679294429
227.98215483514093,0.19380438410025286
227.98609037959767,0.11024941479669739
227.9900259240544,0.7010829960765877
227.9939614685112,1.9120381375540647
227.9978970129679,2.521307533706213
228.00183255742468,1.0267923659545968
228.00576810188144,0.5922600007948942
228.00970364633815,0.7316728210105135
228.0136391907949,0.24372202505802754
228.01757473525169,0.3264267079691684
228.0215102797084,0.37699353991575796
228.0254458241652,1.6112676907047616
228.02938136862196,0.7457707404811598
228.0333169130787,1.0982287829996396
228.03725245753543,2.0311767266239955
228.0411880019922,1.0350144719318022
228.0451235464489,0.9918153139614007
228.0490590909057,0.41342337125250495
228.05299463536244,0.2570499702668089
228.0569301798192,1.750423829298182
228.06086572427597,1.5037706885928999
228.0648012687327,0.263689184845393
228.06873681318945,0.6539843363036252
228.07267235764616,0.7780796239003702
228.07660790210292,0.5700764782106945
228.0805434465597,0.7648594907393977
228.08447899101645,0.4357707141776949
228.0884145354732,0.1809299411674931
228.09235007993,0.12305408868979073
228.0962856243867,0.3001034234792545
228.10022116884343,2.614490227879858
228.1041567133002,3.707766162773203
228.10809225775697,1.1777524834100455
228.1120278022137,0.4708020830477742
228.11596334667047,1.8636034298975215
228.1198988911272,2.9763119777387894
228.123834435584,3.013167234826809
228.1277699800407,1.2877642487376224
228.13170552449748,0.22039412946702083
228.1356410689542,0.4931945275045534
228.13957661341095,0.21260422960541187
228.1435121578677,0.045887390765088645
228.14744770232448,0.0991107553939915
228.1513832467812,0.5539280751097454
228.155318791238,2.208368076986412
228.15925433569475,1.8797259187664364
228.16318988015144,0.4457854492783292
228.16712542460823,0.25924158570687567
228.17106096906497,0.24300171168511941
228.17499651352173,0.17229974076585403
228.17893205797847,0.6016842916873261
228.18286760243524,2.2562923676703157
228.186803146892,2.3447690774571415
228.19073869134877,0.749272951131497
228.19467423580548,0.5291116130043716
228.19860978026225,1.390378241846689
228.20254532471895,1.753374842052826
228.20648086917572,0.7845310263332931
228.2104164136325,0.24673683679595057
228.21435195808925,2.8804154341712684
228.218287502546,1.689224516916223
228.2222230470028,0.06069842782923111
228.2261585914595,0.9842097599437033
228.23009413591623,0.1831502139937446
228.234029680373,0.36949378935263927
228.2379652248297,0.14119891318203237
228.2419007692865,0.29680673054984763
228.24583631374324,0.48894087667716923
228.2497718582,0.015475281888904123
228.25370740265677,0.09075442029692127
228.2576429471135,0.05492737163258946
228.26157849157025,0.3351646880673416
228.265514036027,0.7780124747009981
228.26944958048372,0.7329875994711343
228.2733851249405,0.19778018860658786
228.27732066939728,0.04107363338340941
228.281256213854,0.02658208231891804
228.2851917583108,0.3580860334992359
228.28912730276755,0.4545240256362832
228.29306284722423,0.6896047373623709
228.29699839168103,0.625493639995655
228.30093393613777,0.20205118605255618
228.3048694805945,0.132071410611224
228.30880502505127,0.28321761271700624
228.312740569508,0.6681461965076888
228.3166761139648,0.5553779781021684
228.3206116584215,0.1709338944404652
228.32454720287828,0.1673115286876313
228.32848274733504,0.21681297687662113
228.33241829179175,0.9450725148359455
228.3363538362485,0.9870448552470578
228.3402893807053,1.0217511834372703
228.344224925162,1.4549220486276613
228.3481604696188,0.4729334611165069
228.35209601407556,0.008822843111377723
228.3560315585323,0.03256600412986743
228.35996710298903,0.24066332975119287
228.3639026474458,0.5268429199597714
228.3678381919025,0.7204693256951589
228.3717737363593,0.7674409055593294
228.37570928081604,1.183325245025314
228.3796448252728,1.0056388633705018
228.38358036972957,0.41569210854564714
228.38751591418628,0.9685018250680405
228.39145145864305,1.777816934424968
228.39538700309976,2.1775821725615114
228.39932254755652,2.704857873002614
228.4032580920133,2.0073686821868555
228.40719363647003,0.1727547007276423
228.4111291809268,0.6282667424591756
228.4150647253836,1.6006751082362514
228.4190002698403,0.5883787780678197
228.42293581429703,0.8488675008083887
228.4268713587538,2.256998895124854
228.43080690321057,1.0244827598067492
228.4347424476673,0.23362615372643802
228.43867799212407,2.57685699118569
228.4426135365808,2.598022046488162
228.4465490810376,0.28811747292434103
228.4504846254943,0.4378670260219619
228.45442016995108,1.0015892763954066
228.45835571440784,0.15549564726499474
228.46229125886452,1.290999362872241
228.4662268033213,2.9790351648694466
228.47016234777809,1.5395767713419153
228.4740978922348,0.9505429255211241
228.4780334366916,2.0367866821735916
228.48196898114836,1.8523191767274583
228.48590452560504,1.2026557058002905
228.48984007006183,0.48331477495482583
228.49377561451857,0.060712186794146236
228.4977111589753,0.7824840461117075
228.50164670343207,0.5633705316061338
228.50558224788884,0.6970658598742745
228.5095177923456,1.2771959154919361
228.51345333680237,0.1850017242529037
228.51738888125908,0.23678836679321394
228.52132442571585,0.43272138365528484
228.52525997017256,0.2700404319158037
228.52919551462932,0.07875868999911095
228.5331310590861,1.2745477796006333
228.53706660354285,1.7566338448212033
228.5410021479996,3.0402002015128735
228.54493769245636,3.53448723670041
228.5488732369131,0.823849314808109
228.55280878136983,0.4130933115741268
228.5567443258266,1.2003336512507834
228.5606798702833,1.3454767539360724
228.5646154147401,0.5646481184257818
228.56855095919684,0.5572806618844731
228.5724865036536,1.4036934531614265
228.57642204811037,1.3697345282929192
228.5803575925671,1.24685885684541
228.58429313702385,1.0461657179942103
228.58822868148064,0.30580828256995374
228.59216422593732,0.26655440089414867
228.5960997703941,0.11109089483227942
228.60003531485089,0.3011447069609666
228.6039708593076,0.9212569531533488
228.6079064037644,1.086319980131268
228.61184194822116,1.1497265469869458
228.61577749267784,0.8255912580638165
228.6197130371346,1.6071674891443606
228.62364858159137,1.3086544557660011
228.6275841260481,0.2761453193694847
228.63151967050487,0.2856982045802455
228.6354552149616,0.4008430630565814
228.6393907594184,1.3343095364075561
228.6433263038751,2.194913143564436
228.64726184833188,1.3957934875740627
228.65119739278865,1.438767532318872
228.65513293724536,2.4462323760923357
228.6590684817021,1.1711971928041314
228.6630040261589,0.35732837930209416
228.66693957061565,2.184424376756264
228.6708751150724,2.651401285648655
228.67481065952916,0.8769875721049349
228.6787462039859,0.12234959938892848
228.68268174844263,0.5637366841614754
228.6866172928994,0.39107594335958507
228.6905528373561,0.023516665944648563
228.69448838181287,0.31056108823188017
228.69842392626964,1.8780937601233494
228.7023594707264,2.124627911888866
228.70629501518317,0.38240600929908736
228.71023055963988,1.2182216190349633
228.71416610409665,2.325994995203807
228.7181016485534,0.7932846190782017
228.72203719301012,0.06744174199841116
228.7259727374669,1.0937393479441258
228.72990828192368,1.1230780916257705
228.7338438263804,0.06082902289045394
228.7377793708372,0.8936268234255645
228.7417149152939,1.8236729914243768
228.74565045975064,1.5270579634433037
228.7495860042074,2.284322248028358
228.75352154866417,1.42328018406784
228.7574570931209,0.165652953644534
228.76139263757767,2.3510509374973916
228.7653281820344,2.8589213975363807
228.7692637264912,1.3613758928534225
228.7731992709479,2.3690516340852117
228.77713481540465,2.6977676799014887
228.78107035986145,1.2608753972360873
228.78500590431813,0.880178544361012
228.7889414487749,1.4524565351499399
228.7928769932317,1.6163986633196603
228.7968125376884,1.1116737309335252
228.8007480821452,0.6369823591356283
228.80468362660196,0.7881900240313674
228.80861917105867,0.41295589233563684
228.81255471551543,0.6210102297223916
228.81649025997217,1.5004373542024703
228.8204258044289,0.2306382209127245
228.82436134888567,0.602854844418965
228.82829689334244,0.07000885581978743
228.8322324377992,1.5381706306166987
228.83616798225597,1.7841569373301294
228.84010352671268,0.7341247696194451
228.84403907116945,4.208613504456195
228.84797461562616,6.561298690477656
228.85191016008287,2.6013601429427924
228.8558457045397,0.20840458064707124
228.85978124899643,0.2772107369899912
228.8637167934532,0.44221079615605685
228.86765233790996,0.46061254988382955
228.8715878823667,0.2439641170818176
228.87552342682343,0.5517448538434252
228.8794589712802,1.0274252891565223
228.8833945157369,3.0118450363309663
228.8873300601937,1.5600976714229566
228.89126560465044,0.8744310624342263
228.8952011491072,0.08538339818981384
228.89913669356395,0.4049764048810502
228.9030722380207,0.16904855789257386
228.90700778247745,0.23807710565533705
228.91094332693424,0.5690107346073683
228.91487887139093,0.848816784748962
228.9188144158477,0.2233093771233875
228.9227499603045,0.2161279235082762
228.9266855047612,0.23945520479115756
228.930621049218,0.005134621938250537
228.9345565936747,0.017623886623486053
228.9384921381315,0.19074212607533647
228.9424276825882,0.27644437453275666
228.94636322704497,0.13720936697919392
228.9502987715017,0.4752335075876367
228.95423431595847,2.032139073011094
228.9581698604152,3.86151557271888
228.962105404872,3.4923159658921232
228.96604094932871,2.6742578421205545
228.96997649378548,2.235661658186685
228.97391203824225,0.6480645801669181
228.97784758269896,0.0368489739261319
228.9817831271557,0.6588230187367949
228.9857186716125,1.9054243060996017
228.98965421606923,0.6547936038992652
228.993589760526,0.002164817990717872
228.99752530498276,1.3676935023449999
229.0014608494395,2.731844823983698
229.00539639389623,0.12007604972662277
229.00933193835297,2.42622393601238
229.0132674828097,0.8316865747570024
229.01720302726648,1.5128744109973613
229.02113857172324,1.1288910772022136
229.02507411618,1.416289373157297
229.02900966063677,4.974864108018172
229.03294520509348,1.135409426560453
229.03688074955025,0.00042467390294850793
229.040816294007,0.4731416391367895
229.04475183846372,2.60599404650729
229.0486873829205,1.5560277431657301
229.05262292737729,0.9269980347406936
229.056558471834,0.7936086305914785
229.0604940162908,0.5770573039326544
229.0644295607475,0.57685458863362
229.06836510520424,0.10692357859621825
229.072300649661,0.2000138410513731
229.07623619411777,0.12552644361572754
229.0801717385745,0.05800531114744523
229.08410728303124,0.4364514958880039
229.088042827488,1.0916462939883098
229.09197837194475,0.8215304529633081
229.0959139164015,0.1702124974586058
229.09984946085825,0.2017620510508133
229.10378500531505,0.14751257387286604
229.10772054977176,0.22871476398929233
229.1116560942285,0.8081739920701869
229.1155916386853,0.022874503701824624
229.11952718314205,0.7145646252022594
229.1234627275988,1.3273454635867497
229.12739827205556,1.1106728457536783
229.13133381651227,0.3143182397097402
229.13526936096903,3.2268710855350484
229.13920490542577,1.5301820695438844
229.1431404498825,0.8450663286005081
229.14707599433927,0.6096654917537473
229.15101153879604,0.8173756261102396
229.1549470832528,1.3562368582071487
229.15888262770957,0.5035418683604963
229.16281817216628,2.553181247342087
229.16675371662305,0.3160614626410132
229.1706892610798,3.0603906887022125
229.17462480553647,1.016541123021539
229.1785603499933,0.4672370658262033
229.18249589445003,0.2829659625209582
229.1864314389068,0.8819774924345868
229.19036698336356,0.4428655376902895
229.1943025278203,2.2115304942818788
229.19823807227704,1.8113954783585975
229.2021736167338,0.10907325003349812
229.2061091611905,0.4155999306869557
229.2100447056473,2.147171659409354
229.21398025010404,1.3891749819366541
229.2179157945608,0.15260344200595516
229.22185133901755,0.15200917807682454
229.2257868834743,0.5903360139182721
229.22972242793105,0.52274648831422
229.23365797238785,0.1564193263360906
229.23759351684456,0.322215542325601
229.2415290613013,0.14199905494929763
229.2454646057581,0.5624902802886942
229.2494001502148,0.005322911029520471
229.2533356946716,0.09653799666735226
229.2572712391283,0.6760579022101448
229.26120678358507,0.7194446698466319
229.2651423280418,0.3400215227625385
229.26907787249857,2.4552169736449674
229.2730134169553,0.4199333740769375
229.27694896141207,0.796188998643376
229.2808845058688,1.0559648060759432
229.2848200503256,0.46688649046546954
229.28875559478232,0.43347544970261126
229.29269113923908,0.12721573575502695
229.29662668369585,1.1796334666428137
229.3005622281526,1.0784376860385032
229.30449777260927,0.6035207303129163
229.3084333170661,0.6884857555131867
229.31236886152283,0.6947807549153241
229.3163044059796,0.5464179779247729
229.32023995043636,0.47182579053240004
229.32417549489307,0.33104519339072325
229.32811103934984,0.1701841902587965
229.33204658380657,0.4955520891488929
229.3359821282633,0.8707495262681898
229.33991767272008,0.6761956159926115
229.34385321717684,0.7602232293877199
229.3477887616336,0.8189695448670964
229.35172430609035,1.0071928671584223
229.35565985054708,2.355169765837282
229.35959539500385,1.8229803074413944
229.3635309394606,0.13713592680944275
229.36746648391733,0.4424462370020543
229.3714020283741,1.015031551998841
229.3753375728309,0.43005164128539863
229.3792731172876,0.40091409186787147
229.3832086617444,1.3331864088884349
229.3871442062011,0.6331795102317874
229.39107975065787,0.020483162809106864
229.3950152951146,0.13105379759153934
229.3989508395713,0.3438731895040823
229.4028863840281,0.3154250221657842
229.40682192848485,0.14295700174401393
229.4107574729416,0.12369367930824975
229.41469301739835,0.540879132600182
229.41862856185512,0.7372170398803923
229.42256410631185,0.5691479753163814
229.42649965076865,0.8351904703303186
229.43043519522536,1.911275017095605
229.43437073968207,0.47168016116277073
229.4383062841389,0.09407327014556871
229.44224182859563,0.139792180700012
229.4461773730524,1.6117132235415472
229.45011291750916,1.4061856329984588
229.45404846196587,2.832079780215244
229.45798400642263,2.528639682737848
229.46191955087937,0.6845933517478947
229.4658550953361,0.4729752236620561
229.46979063979288,2.05617796382583
229.47372618424964,3.792167364949138
229.4776617287064,1.4316822744168856
229.48159727316312,10.042835983069764
229.48553281761988,2.7037451872817018
229.48946836207665,2.035835992730861
229.4934039065334,2.4835326282394545
229.49733945099013,2.0191749797354865
229.5012749954469,8.462686417546765
229.50521053990363,2.6019871007916997
229.5091460843604,0.2653994520224266
229.51308162881716,0.1774179384009266
229.5170171732739,1.07446723645715
229.52095271773064,0.8550791483853413
229.5248882621874,0.0769835087822119
229.5288238066441,0.7413069487285231
229.5327593511009,0.10209957616874454
229.53669489555764,0.798169939494201
229.5406304400144,1.0556766258109176
229.54456598447115,1.401539289938887
229.54850152892791,1.5491647590185695
229.55243707338465,0.31463926129006914
229.5563726178414,0.3557699281559952
229.56030816229816,0.3186752930232511
229.5642437067549,0.09454091592094334
229.5681792512117,0.7249656805018762
229.5721147956684,2.199088053053378
229.5760503401252,1.2758285637257887
229.5799858845819,0.5042339115608913
229.58392142903867,0.21627943304745992
229.5878569734954,0.3851314363347805
229.59179251795217,0.5050459523411198
229.5957280624089,0.8771354597983954
229.59966360686568,0.09827677914400243
229.6035991513224,0.297739610708175
229.6075346957792,0.6643296229836076
229.61147024023592,0.32484599400250413
229.61540578469268,0.5470129646002616
229.61934132914945,1.7194074980449736
229.6232768736062,0.5460419637275293
229.62721241806287,0.27878601449006285
229.6311479625197,2.2333257924075296
229.63508350697643,5.83932351873688
229.6390190514332,4.119484238640433
229.64295459588996,0.6688149427131955
229.64689014034667,0.3145646406651499
229.65082568480344,0.44166753168944123
229.65476122926017,0.1630717239806157
229.6586967737169,3.15266641346328
229.66263231817368,6.151927786871731
229.66656786263044,1.8147403650552338
229.6705034070872,0.6824917964762763
229.67443895154395,0.4194089427772913
229.67837449600069,0.563434676546667
229.68231004045745,1.7634686499674428
229.6862455849142,0.2705035178613614
229.69018112937096,0.36968538881728286
229.6941166738277,0.5312065893992928
229.6980522182845,3.5280295039987197
229.7019877627412,4.77733054507683
229.705923307198,1.708768155566176
229.7098588516547,0.15203676574805808
229.71379439611144,0.2850943367794638
229.7177299405682,1.278659186855042
229.72166548502491,1.7450984228132278
229.7256010294817,0.43268636203750904
229.72953657393845,0.2836697086934263
229.7334721183952,1.1497329608099998
229.73740766285195,0.07258480634944575
229.74134320730872,1.2195515092323532
229.74527875176543,2.172341435765139
229.74921429622225,0.29630148907652504
229.75314984067896,0.3229590313097527
229.75708538513567,0.07579608199283351
229.7610209295925,0.3793161897997393
229.76495647404923,0.6268850869785436
229.768892018506,0.17192387878822943
229.77282756296276,0.18459948787626487
229.77676310741947,0.231332564956041
229.78069865187624,0.35235505994429694
229.78463419633297,0.08170273414680027
229.7885697407897,0.5701070775410825
229.79250528524648,0.02397532843496106
229.7964408297032,2.0404368765815906
229.80037637416,4.598359862854276
229.80431191861672,1.6189360834500677
229.80824746307349,0.11427916144948429
229.81218300753025,2.355972782703783
229.816118551987,2.0832762724238814
229.82005409644373,0.0483192655776602
229.8239896409005,0.6758572028280254
229.82792518535723,0.19029708133165862
229.831860729814,1.5356936630224682
229.83579627427076,0.2356293682823829
229.8397318187275,1.3212873091066666
229.84366736318424,2.359013875563826
229.847602907641,1.4634506589795608
229.8515384520977,0.4312735577231589
229.8554739965545,0.7374448133246976
229.85940954101125,1.7897895973208093
229.863345085468,0.6151810855370675
229.86728062992475,0.4549724883396638
229.8712161743815,1.7764059689215115
229.87515171883825,2.8409739128728604
229.879087263295,4.762086915002233
229.88302280775176,4.497731886173836
229.8869583522085,1.5833140526258542
229.8908938966653,2.759908937798953
229.894829441122,4.894115673339284
229.8987649855788,6.660276877167876
229.9027005300355,3.6982144419290495
229.90663607449227,3.215167809331709
229.910571618949,2.6180832596412738
229.91450716340577,0.9467777453181683
229.9184427078625,0.08292009548636571
229.92237825231928,0.013764568972095357
229.926313796776,0.22541168128252584
229.9302493412328,0.7059996101769206
229.93418488568952,1.6981696791740626
229.93812043014628,1.7788256983487676
229.94205597460305,0.028516008334964003
229.94599151905976,1.6017499017728185
229.94992706351653,0.4628277971182709
229.9538626079733,0.24149264222900402
229.95779815243003,0.18283604874558237
229.9617336968868,0.252516175086424
229.96566924134356,0.15018895899206447
229.96960478580027,1.3999323392621703
229.97354033025704,1.0562354236428821
229.97747587471375,0.010095059200374661
229.9814114191705,0.007104151159640584
229.98534696362728,1.959095354503635
229.98928250808405,4.297673978723213
229.9932180525408,1.5686754325744687
229.99715359699755,0.18321368771303526
230.0010891414543,0.31781773849095685
230.00502468591105,0.4033096528175758
230.0089602303678,1.0648878335927232
230.01289577482456,0.6820241207609475
230.0168313192813,0.00012086747925574282
230.0207668637381,0.07973448319520397
230.0247024081948,0.41095919633697936
230.02863795265156,0.7717067714896645
230.0325734971083,0.42552737458780215
230.03650904156504,2.2787186400247337
230.0404445860218,1.5694180667346787
230.04438013047852,0.499259827088398
230.0483156749353,0.5045152677967517
230.05225121939205,0.8993231085374299
230.0561867638488,4.296606716592281
230.06012230830555,4.515530793398727
230.06405785276232,1.6556554086890862
230.06799339721903,0.23113613661464158
230.07192894167585,0.28301214527153373
230.07586448613256,3.805510629683129
230.07980003058933,9.428825471236749
230.0837355750461,10.226988243348078
230.08767111950283,5.553242540690755
230.0916066639596,2.1793838764867184
230.09554220841636,1.471426683009019
230.09947775287307,0.5370733838202584
230.1034132973298,4.35251253196856
230.10734884178655,9.735310635539841
230.1112843862433,9.299095184119267
230.11521993070008,5.400337606136331
230.1191554751568,0.8987645178411114
230.1230910196136,0.40629388170702313
230.12702656407032,0.5694540410344584
230.1309621085271,1.3839380429505366
230.13489765298385,9.235660713143952
230.1388331974406,15.954703692768701
230.14276874189733,12.908241343918128
230.1467042863541,4.209750140935495
230.15063983081083,0.4418886111935588
230.1545753752676,3.2461818455056255
230.15851091972436,5.052330596427404
230.1624464641811,4.0475593305428905
230.16638200863784,1.906334036922843
230.1703175530946,0.0987601828922374
230.17425309755131,1.1059623006282813
230.17818864200808,2.456698082836424
230.18212418646485,0.31783849651099855
230.1860597309216,1.5475601352366084
230.18999527537835,4.8030415608243215
230.1939308198351,3.2015728516679767
230.19786636429183,1.0310678037505172
230.2018019087486,0.11238430553079576
230.20573745320536,0.4310187034717254
230.2096729976621,0.658104395795466
230.2136085421189,0.15815279536664192
230.2175440865756,2.611579269378604
230.2214796310324,5.394650357174209
230.2254151754891,4.3419224093240185
230.22935071994587,1.5467397216832444
230.2332862644026,0.153809432773188
230.23722180885937,0.5595506358197679
230.2411573533161,2.1683914875952377
230.24509289777288,2.3438038683313285
230.2490284422296,0.7540978449631759
230.2529639866864,1.8662294233998509
230.25689953114312,3.2259449969985075
230.26083507559983,2.07357850511543
230.26477062005665,1.4233803024440181
230.26870616451336,0.5999605516654106
230.27264170897013,0.08238984738145708
230.2765772534269,0.9026188063398138
230.28051279788363,0.2274532211191823
230.2844483423404,0.28950322036614484
230.28838388679716,0.36323137085065954
230.29231943125387,0.6442796520907358
230.29625497571064,3.006729333916531
230.30019052016735,1.1027360399975417
230.3041260646241,0.35400993431745525
230.30806160908088,2.072796552313737
230.31199715353765,1.3585664117727618
230.3159326979944,0.5450738183630139
230.31986824245115,0.1680664103145815
230.3238037869079,0.4383820703883149
230.32773933136465,4.614634244815811
230.3316748758214,7.099680591108279
230.33561042027813,3.0238896929929444
230.3395459647349,1.0089865614730278
230.34348150919163,1.4471186367521216
230.3474170536484,0.851488324663811
230.35135259810517,1.333969368410069
230.3552881425619,1.6570539039270427
230.35922368701864,1.2496112419614547
230.3631592314754,2.602484993113562
230.36709477593212,0.31134657378982133
230.3710303203889,4.333573875010954
230.37496586484565,11.617548827537057
230.3789014093024,3.467475407668089
230.38283695375915,2.674512781916424
230.38677249821592,7.4187678407180035
230.39070804267263,2.227985435418265
230.39464358712945,1.075013452046986
230.39857913158616,0.42397729064846923
230.40251467604293,1.3133994375094262
230.4064502204997,3.5837537204266807
230.41038576495643,2.791285834046191
230.4143213094132,0.3148581431689755
230.4182568538699,1.2466660867409853
230.42219239832667,3.5849921165073493
230.4261279427834,1.6184825106863607
230.43006348724015,2.4247276386881955
230.4339990316969,3.4800830367349374
230.43793457615368,1.5404180488988426
230.4418701206104,1.411811136071547
230.4458056650672,0.7093805539803384
230.44974120952392,1.0707971389713222
230.4536767539807,3.5579394649943445
230.45761229843745,3.9963617608125537
230.4615478428942,3.312944412558556
230.46548338735093,7.00933390184073
230.4694189318077,5.397768890412418
230.47335447626443,2.00249569610647
230.4772900207212,2.9674349294433346
230.48122556517797,2.7486785086249763
230.4851611096347,6.705170702511923
230.48909665409144,3.6388395218619465
230.49303219854815,0.2973830481119312
230.49696774300492,0.35642847373879755
230.50090328746168,1.725722676206363
230.50483883191845,1.2236270344952982
230.5087743763752,0.904644948887578
230.51270992083195,2.350556820472301
230.5166454652887,0.7080443016456394
230.52058100974543,1.7426496214221554
230.5245165542022,6.373475259918051
230.52845209865896,2.5362420449154155
230.5323876431157,6.6163416879296495
230.5363231875725,1.619042159845538
230.5402587320292,7.252405309159829
230.544194276486,19.52131940176729
230.5481298209427,8.605490220148674
230.55206536539947,4.80566456783985
230.5560009098562,5.901691431540971
230.55993645431295,13.651698024100417
230.5638719987697,7.732225902743495
230.56780754322648,17.77230338849937
230.5717430876832,20.902881755422893
230.57567863213995,2.9047502289692817
230.57961417659672,4.804624906917465
230.58354972105343,19.45067755104529
230.58748526551025,8.720651158202541
230.59142080996696,3.873286650044979
230.59535635442373,7.263847730971413
230.59929189888047,1.4116732481822258
230.60322744333723,2.9989732106080758
230.607162987794,0.04988236424706046
230.61109853225076,3.729808916097659
230.61503407670747,2.9148516561609004
230.61896962116424,1.0847620275410146
230.62290516562095,1.1768744322167726
230.62684071007772,8.704429080340418
230.63077625453448,16.907201105595423
230.63471179899125,10.21343879536049
230.638647343448,1.8862426951771918
230.64258288790475,6.431989054614592
230.6465184323615,23.74748664617879
230.65045397681823,26.134666140282096
230.654389521275,8.921807785435831
230.65832506573173,3.2849113155721765
230.6622606101885,1.808660666626741
230.66619615464523,12.110662707668114
230.670131699102,22.39110415851589
230.67406724355877,6.369150037432144
230.6780027880155,2.27543527378979
230.68193833247224,9.087178030201011
230.685873876929,8.499351356026937
230.68980942138572,9.274834556751678
230.6937449658425,3.9222099257303698
230.69768051029925,2.4333408125982174
230.701616054756,21.605102566605055
230.70555159921275,13.625948858665371
230.70948714366952,2.81629334232773
230.71342268812623,44.933023469884574
230.71735823258305,45.68488577509741
230.72129377703976,7.819445799643408
230.7252293214965,0.9043809801181003
230.7291648659533,4.028876158728793
230.73310041041,8.154379919768022
230.7370359548668,18.72774896204779
230.7409714993235,20.265762188658574
230.74490704378027,6.618225082597589
230.748842588237,2.697266467295276
230.75277813269375,4.474025669881547
230.7567136771505,16.020517491590432
230.76064922160728,31.181079419923705
230.764584766064,18.225890133365066
230.7685203105208,3.849688043913537
230.77245585497752,6.839248602439715
230.7763913994343,5.884006365528466
230.78032694389103,25.16120309894943
230.7842624883478,19.43926910773294
230.78819803280453,7.953631153474823
230.7921335772613,9.470639206334868
230.79606912171803,0.5809990623739056
230.8000046661748,1.291852122609848
230.80394021063157,0.5272716322954368
230.80787575508828,1.738198474693352
230.81181129954504,1.616977848635677
230.81574684400175,1.937470421774986
230.81968238845852,1.8654637180104146
230.82361793291528,4.027706843231462
230.82755347737205,0.6576497799758141
230.8314890218288,2.751904793070882
230.83542456628555,3.4160686243599403
230.8393601107423,0.11912868860306444
230.84329565519903,2.0511501675339407
230.8472311996558,0.9295033777909723
230.85116674411256,0.3886462920261185
230.8551022885693,1.614664531972612
230.8590378330261,2.520861900376047
230.8629733774828,3.292439424675214
230.8669089219396,5.433794306356254
230.8708444663963,7.471180273103065
230.87478001085307,5.765643960992678
230.8787155553098,3.137965064575651
230.88265109976652,2.6903392806716457
230.8865866442233,1.8204524189373537
230.89052218868005,0.877661816211996
230.8944577331368,0.8253462181219353
230.8983932775936,3.8052288915470465
230.90232882205032,6.009753934446918
230.90626436650703,2.4494313978292483
230.91019991096385,0.2290973648316217
230.91413545542056,0.36295668453520125
230.91807099987733,1.4870122347536774
230.92200654433407,3.379422921320058
230.92594208879083,4.838201053221282
230.9298776332476,3.6973595181424024
230.93381317770437,3.0897465953959182
230.93774872216107,4.740005668512828
230.94168426661784,2.2522435517971093
230.94561981107455,1.3405477686330605
230.94955535553132,1.981570595027372
230.95349089998808,1.7779798357937793
230.95742644444485,0.6395843724376928
230.9613619889016,0.6033536885257088
230.96529753335832,3.852962120813233
230.9692330778151,3.33768541875923
230.97316862227183,3.533559143406169
230.9771041667286,2.9517178211009663
230.98103971118533,0.8535301276196069
230.9849752556421,1.2046085356860017
230.98891080009884,0.43776621408086563
230.9928463445556,3.1561973074585126
230.99678188901237,2.8019461086074546
231.0007174334691,0.15175967194041637
231.00465297792584,2.750329524585948
231.0085885223826,0.3837932160314723
231.01252406683932,1.11578481544251
231.0164596112961,1.8193468918029536
231.02039515575285,8.669644645048804
231.0243307002096,7.616920377178023
231.0282662446664,0.045931467146258655
231.03220178912312,2.9985425681188453
231.03613733357983,0.21986654600057623
231.0400728780366,6.42736393895243
231.04400842249336,6.547897674977493
231.0479439669501,3.7894116381154266
231.05187951140687,2.8769350565743146
231.0558150558636,1.1550444539423153
231.0597506003204,0.7561261450436466
231.0636861447771,0.40899234171369636
231.06762168923387,2.261389308453257
231.0715572336906,0.46784577560840795
231.07549277814735,0.9525065860974798
231.0794283226041,1.178542045628427
231.08336386706088,0.18190016035892004
231.0872994115176,0.3952193576529781
231.0912349559744,0.2719087157694275
231.09517050043112,0.8720112398224413
231.0991060448879,0.8657040655904709
231.10304158934463,2.1887327937344025
231.1069771338014,2.42022541250047
231.11091267825813,0.15150585191763044
231.1148482227149,1.2509326076504208
231.11878376717164,1.2774040065186103
231.1227193116284,0.27235436025135634
231.12665485608517,0.48592156734511577
231.13059040054188,0.31513564161596924
231.13452594499864,1.205334145783279
231.13846148945535,1.4582980176340568
231.14239703391212,1.2708731221127274
231.14633257836888,1.92263986571248
231.15026812282565,0.5259851878662135
231.1542036672824,0.1199006678171634
231.15813921173915,0.5820883736302999
231.1620747561959,1.1121073235950565
231.16601030065263,4.2101476126898385
231.1699458451094,7.277926661173195
231.17388138956616,3.7848336736727326
231.1778169340229,1.6509317269130785
231.18175247847967,2.7156063838110733
231.1856880229364,0.943209836177495
231.1896235673932,2.3947075318660107
231.1935591118499,2.681518421520665
231.19749465630665,1.497169302751869
231.2014302007634,2.099829849979551
231.20536574522012,0.9646741228811916
231.2093012896769,0.13077367849449847
231.21323683413365,1.6509946671088893
231.2171723785904,0.9853466129898278
231.2211079230472,0.0013629494674446377
231.22504346750392,0.8253545579169308
231.22897901196063,1.3585302259637504
231.23291455641743,0.9912986143867472
231.23685010087416,0.49833590851269205
231.24078564533093,0.10267519700133056
231.24472118978767,0.4625085725145267
231.24865673424443,0.08799042061033471
231.2525922787012,0.16790499482628188
231.25652782315797,0.30031841818353766
231.26046336761468,0.49423567538779367
231.26439891207144,0.07923906359325049
231.26833445652815,1.6037589378128507
231.2722700009849,0.6629174736401897
231.27620554544168,1.0923278584363956
231.2801410898984,3.361655491368802
231.2840766343552,2.7721170100594943
231.28801217881195,2.1739773668773905
231.2919477232687,1.3908276166946132
231.29588326772543,0.990423463573621
231.2998188121822,2.1878587756285386
231.30375435663893,1.1681558700988097
231.3076899010957,0.3951918300063504
231.31162544555244,0.08449086763717674
231.3155609900092,0.4832884220384542
231.31949653446597,0.4919104131973698
231.3234320789227,0.013648913844228552
231.32736762337944,0.04649139823551021
231.3313031678362,0.3536253406618807
231.33523871229292,0.877955700905248
231.3391742567497,0.7788990626034066
231.34310980120645,1.8272628046507502
231.3470453456632,2.089159498881708
231.35098089012,1.9620468686401475
231.3549164345767,0.9710606447930541
231.35885197903343,0.17542686482253217
231.3627875234902,0.20878551202776646
231.36672306794696,2.012651670822685
231.3706586124037,4.073778724645878
231.37459415686047,1.8231101967739591
231.3785297013172,0.13000329342610606
231.382465245774,1.9880982036861552
231.3864007902307,2.0986499569627224
231.39033633468748,0.35401406667654733
231.3942718791442,2.671559987169815
231.39820742360095,3.7775637046645083
231.4021429680577,1.2427216995792452
231.40607851251448,0.12054835981879349
231.4100140569712,0.21712932609015193
231.413949601428,0.34875066578121144
231.41788514588472,0.001408285168413299
231.4218206903415,0.021745419614856373
231.42575623479823,1.1057938414243884
231.42969177925497,1.1438712723527567
231.43362732371173,0.32146320664335737
231.43756286816847,2.1477241352566456
231.44149841262524,0.9061027540565388
231.445433957082,0.024306572075156078
231.44936950153877,0.33392800816201823
231.45330504599548,0.2947670603117406
231.45724059045224,0.38564700300730653
231.46117613490895,2.373123652036871
231.46511167936572,1.4839310383222732
231.46904722382249,1.5027586403394788
231.47298276827925,1.8598211623285286
231.476918312736,1.902234973310969
231.4808538571928,0.8716662644388673
231.4847894016495,0.9501584268900088
231.48872494610623,2.570674037541231
231.492660490563,2.521711768209036
231.49659603501976,0.45831188156285424
231.5005315794765,1.9962942295678967
231.50446712393327,1.6907762933656734
231.50840266839,0.07116591824565173
231.51233821284677,0.7360989195774997
231.5162737573035,0.03107406127319311
231.52020930176025,0.8379180901503583
231.524144846217,0.49178761257810405
231.52808039067372,0.6586415346721508
231.5320159351305,2.036452819555018
231.53595147958725,1.1587456731369035
231.539887024044,0.5296919474405264
231.5438225685008,0.4465052256909806
231.54775811295752,0.3986876259033854
231.55169365741423,0.28688288483410973
231.55562920187103,0.2427258628906865
231.55956474632777,0.4036701653373352
231.56350029078453,1.687091173853184
231.56743583524127,0.8583457716283294
231.57137137969804,0.06224075490031633
231.5753069241548,0.019943390239442332
231.57924246861157,0.23482070743665182
231.58317801306828,0.10060049690885159
231.58711355752504,2.697570828602266
231.59104910198175,4.177681035016983
231.5949846464385,2.019172090319069
231.59892019089529,0.5008112674966797
231.602855735352,1.2816229242578938
231.6067912798088,1.8122101929099337
231.61072682426556,2.2785495952630086
231.6146623687223,3.0627433367904535
231.61859791317903,1.4341084909632327
231.6225334576358,1.0819514106826753
231.6264690020925,0.6091845291224769
231.6304045465493,1.7339081880951857
231.63434009100604,1.7647354685936836
231.6382756354628,1.6804768437648545
231.64221117991957,2.5430166369729514
231.6461467243763,1.4365409257377577
231.65008226883305,0.38160124777601323
231.6540178132898,0.3976403576605045
231.65795335774652,1.0136417638957396
231.6618889022033,2.019758837067723
231.66582444666005,2.540621106814176
231.6697599911168,1.748998592758399
231.6736955355736,0.6770213358782329
231.6776310800303,1.0744393192260664
231.68156662448703,1.4334130356115449
231.6855021689438,0.7651837516947395
231.68943771340057,0.12511899755984712
231.6933732578573,1.0409791043668732
231.69730880231407,5.395321705734963
231.7012443467708,4.854459570181887
231.7051798912276,0.6303324048850183
231.7091154356843,0.6131452243645092
231.71305098014108,0.7345648716326756
231.7169865245978,0.15826933946375485
231.72092206905455,1.5121683751816464
231.7248576135113,0.058401873901835676
231.72879315796808,2.3535142429684135
231.7327287024248,1.5775558682624269
231.7366642468816,1.8616311009764934
231.74059979133835,7.350677918241732
231.74453533579504,2.740245579784054
231.74847088025183,2.94904609735765
231.75240642470857,1.5272435875817636
231.75634196916533,1.8644429043674744
231.76027751362207,2.0399284023940565
231.76421305807884,0.7111416174791902
231.7681486025356,5.6909493937242805
231.77208414699237,1.8477264514222582
231.77601969144908,3.6034051929983324
231.77995523590585,5.700479094611403
231.78389078036255,3.0334224061224497
231.78782632481932,4.520668610693124
231.7917618692761,1.2851484546386465
231.79569741373285,0.32275227713477517
231.7996329581896,0.7948684909857979
231.8035685026464,0.06569053770306853
231.8075040471031,1.5043751410693846
231.81143959155983,1.4457192659347853
231.8153751360166,0.6589298122230022
231.8193106804733,0.7323180096838888
231.8232462249301,1.3296486053910823
231.82718176938684,1.7898718503359148
231.8311173138436,0.8173883057835488
231.83505285830037,0.07778492450135634
231.8389884027571,1.2855269072443858
231.84292394721385,0.6645939712435079
231.8468594916706,0.48840908042821773
231.85079503612732,0.43239815974630225
231.8547305805841,0.13986097657908397
231.85866612504088,0.8655343825974435
231.8626016694976,0.5828969919058663
231.8665372139544,1.6742376039494942
231.87047275841115,0.9708226403831554
231.87440830286783,0.03696076017584721
231.87834384732463,0.6302823346551321
231.88227939178137,0.06819240052478677
231.88621493623813,0.35695683288432645
231.89015048069487,1.014197388687426
231.89408602515164,0.9775265443392496
231.8980215696084,0.7661315077182107
231.9019571140651,1.1643986397965043
231.90589265852188,0.5143725923736171
231.90982820297864,0.09613030409287218
231.91376374743535,0.5864689472316404
231.9176992918921,0.0793816322419484
231.9216348363489,0.7758568139276937
231.9255703808056,0.9600283428860943
231.9295059252624,0.3521957546818087
231.93344146971916,0.7789263954170111
231.9373770141759,0.5242689519020957
231.94131255863263,0.48054624074128044
231.9452481030894,0.9918798599328544
231.9491836475461,2.527505135254122
231.9531191920029,1.8758083492317266
231.95705473645964,0.037897130373659146
231.9609902809164,0.5040307609967939
231.96492582537317,0.24167312475161803
231.9688613698299,0.07182265379814531
231.97279691428665,0.44226216137897645
231.97673245874336,0.6896040769587022
231.98066800320012,0.5185622740939226
231.9846035476569,1.119842238428025
231.98853909211363,0.8044650690615576
231.9924746365704,0.23356309193048505
231.9964101810272,0.3036545812771454
232.0003457254839,0.14157476551347367
232.00428126994063,0.26757417630379554
232.0082168143974,1.1920615437705577
232.01215235885417,1.528947791676353
232.0160879033109,0.08247213633746175
232.02002344776767,1.1253219995770851
232.0239589922244,2.3709683457167707
232.0278945366812,2.690242972337719
232.0318300811379,3.1122096704306186
232.03576562559468,0.8954243278626172
232.03970117005144,1.6578836276101234
232.04363671450815,1.4267808540291764
232.0475722589649,1.0408159438797775
232.05150780342169,1.0849191864969645
232.0554433478784,0.0046227804348593134
232.0593788923352,0.4380423769928173
232.06331443679196,0.2416084274357832
232.06724998124864,0.6737845554891572
232.07118552570543,0.866154398261873
232.07512107016217,0.5569072313590705
232.0790566146189,0.7144594975194934
232.08299215907567,0.34381571481145795
232.08692770353244,0.05521168111577496
232.0908632479892,0.02945496073213153
232.09479879244597,0.9098932730537538
232.09873433690268,1.218984523102365
232.10266988135945,0.346390582601582
232.10660542581616,0.29367605311925193
232.11054097027292,1.6204919651274903
232.1144765147297,2.4255616990010958
232.11841205918645,0.1607410675379435
232.1223476036432,2.011558662073388
232.1262831481,2.3218131896668757
232.1302186925567,0.2395090640245268
232.13415423701343,1.2766821044954257
232.1380897814702,2.1784026208144667
232.1420253259269,0.740314406955707
232.1459608703837,0.11385416496997938
232.14989641484044,0.39279755760499585
232.1538319592972,0.3802188064523947
232.15776750375397,2.130889406289715
232.1617030482107,1.4840771790394676
232.16563859266745,0.13667491514449698
232.1695741371242,1.7535308403771914
232.17350968158092,0.8553178219455254
232.1774452260377,0.49715698705077327
232.18138077049448,0.6910850361033027
232.1853163149512,2.3964035433073207
232.189251859408,4.621598304514464
232.19318740386475,2.4057132607481115
232.19712294832144,1.8525109849403028
232.20105849277823,2.7579281905786224
232.20499403723497,4.14409719221405
232.2089295816917,1.270404673842405
232.21286512614847,2.611543119314427
232.2168006706052,3.8155162793865287
232.220736215062,0.044368755682579225
232.2246717595187,1.6544238990267373
232.22860730397548,0.8620633779829522
232.23254284843225,2.3445690123281384
232.23647839288896,1.840756719358927
232.2404139373457,0.23100696030273413
232.2443494818025,0.19964825999190372
232.24828502625925,0.45186565453631233
232.252220570716,0.08890653312497968
232.25615611517276,7.60123390065808
232.2600916596295,16.2556286230845
232.26402720408623,6.2149865031626055
232.267962748543,3.0673869158304976
232.2718982929997,5.331987249027081
232.2758338374565,0.4311617791513228
232.27976938191324,2.0011241840307634
232.28370492637,3.522340778631125
232.28764047082677,2.412255873693473
232.29157601528348,3.5127302249404737
232.29551155974025,3.6984333420017768
232.299447104197,1.37468026418834
232.30338264865372,0.36140210722014904
232.3073181931105,0.05120715484258001
232.31125373756728,1.6776754462056425
232.315189282024,2.8589722210273156
232.3191248264808,0.08434211458364348
232.3230603709375,2.0616999745401587
232.32699591539424,2.9702778068619056
232.330931459851,0.9110897059903913
232.33486700430777,0.07232359661397424
232.3388025487645,2.4564997916701437
232.34273809322127,2.9701782157056544
232.346673637678,1.4029362381202894
232.3506091821348,1.3485542373139143
232.3545447265915,0.22736796929570083
232.35848027104828,6.184674574317613
232.36241581550505,7.0269911222369
232.36635135996173,0.4301452364156222
232.3702869044185,2.2179856392476878
232.3742224488753,1.140427323197455
232.378157993332,0.9142449220605412
232.3820935377888,2.4896540014449515
232.38602908224556,2.100306779467496
232.38996462670227,0.31076650182194776
232.39390017115903,1.8800310980071544
232.39783571561577,2.5459072030192873
232.4017712600725,4.2739127196719995
232.40570680452927,18.381074148352727
232.40964234898604,9.834056630583348
232.4135778934428,0.35126105504224353
232.41751343789957,0.8804419054376535
232.42144898235628,0.9639819870125967
232.42538452681305,2.2951170201295947
232.42932007126976,8.386568372722845
232.43325561572652,12.562601720645935
232.4371911601833,4.621708264755189
232.44112670464008,0.5874536408180314
232.4450622490968,0.9646098408541777
232.44899779355356,0.4217888757661492
232.4529333380103,1.7981501070611108
232.45686888246703,5.489420889474164
232.4608044269238,2.150814227946753
232.4647399713805,3.726278821438926
232.4686755158373,1.173265054110475
232.47261106029404,4.465820376763842
232.4765466047508,15.92170746533558
232.48048214920755,7.563999502441844
232.4844176936643,0.6812480222852593
232.48835323812105,1.27085322578141
232.49228878257784,8.28919882629365
232.49622432703453,5.890091752800562
232.5001598714913,0.7617422926449526
232.5040954159481,7.899790379115401
232.5080309604048,3.331760718068263
232.5119665048616,3.4510665566348515
232.51590204931836,6.251014388384131
232.5198375937751,3.236073982051667
232.5237731382318,0.6450960361904865
232.52770868268857,3.0493466446283337
232.5316442271453,3.4672949987953263
232.53557977160207,2.824736963609312
232.5395153160588,16.730368038095506
232.5434508605156,9.436779469225392
232.54738640497231,6.343977119861557
232.55132194942908,43.07563888640844
232.55525749388585,28.369640155768195
232.55919303834256,2.2543228856474484
232.5631285827993,1.1414244421955728
232.5670641272561,16.928111149803495
232.57099967171283,38.45862718655171
232.5749352161696,26.303950661758964
232.57887076062636,8.2446288668822
232.5828063050831,2.606661053993085
232.58674184953983,6.666296538578608
232.5906773939966,21.003035268956907
232.5946129384533,11.713527845173452
232.5985484829101,2.6153551738245864
232.60248402736684,1.6585982204330185
232.6064195718236,12.453013539177322
232.61035511628037,24.626338414129215
232.61429066073708,37.95928542285982
232.61822620519385,48.564100536563984
232.6221617496506,22.17501422873906
232.62609729410732,18.364724472508748
232.6300328385641,2.8287070642110295
232.63396838302089,13.151305852110877
232.6379039274776,14.764398375737883
232.6418394719344,22.931636584590546
232.6457750163911,32.83443177691928
232.64971056084784,20.131153537289652
232.6536461053046,48.60380235565571
232.65758164976137,78.55201101950426
232.6615171942181,15.933888052092968
232.66545273867487,160.19887341299756
232.6693882831316,164.9852083744633
232.6733238275884,6.259316405548785
232.6772593720451,43.95858863531641
232.68119491650185,11.963156762612847
232.68513046095865,13.135813961278393
232.68906600541536,8.851184984956252
232.6930015498721,24.272414145984808
232.6969370943289,123.80415452139238
232.70087263878565,82.39875249104911
232.7048081832424,7.320696626346949
232.70874372769916,31.401483146289966
232.71267927215587,32.38116863925998
232.71661481661263,22.17455977651921
232.72055036106937,14.5140425942365
232.7244859055261,6.079780964792517
232.72842144998287,1.1519297927802135
232.73235699443964,2.4339663011339248
232.7362925388964,1.5300942860137658
232.74022808335317,0.2096379382978448
232.74416362780988,0.2664047283933111
232.74809917226665,2.0321607080537674
232.7520347167234,3.182230359152456
232.75597026118012,2.2612762014485535
232.7599058056369,0.638356317914167
232.76384135009363,0.9533049275494763
232.7677768945504,4.554581786955189
232.77171243900716,3.136263718154438
232.7756479834639,1.1347024172754512
232.77958352792064,8.285402762326568
232.7835190723774,8.029514059584
232.7874546168341,1.2673405348898104
232.7913901612909,2.9741264270806678
232.79532570574764,5.537344013480819
232.7992612502044,15.892846333234182
232.80319679466115,31.18555747238122
232.8071323391179,11.552570036577713
232.81106788357465,9.880137322559442
232.81500342803145,11.185961122864397
232.81893897248816,0.8680698501572541
232.8228745169449,6.078512302865059
232.8268100614017,9.960547119576937
232.83074560585845,0.9408031949359005
232.8346811503152,10.038840347391956
232.8386166947719,5.787291164437001
232.84255223922867,6.283396031965998
232.8464877836854,2.5248882332325837
232.85042332814217,2.101147013439576
232.8543588725989,2.537373354513658
232.85829441705567,1.1116028740859687
232.8622299615124,5.845097777809036
232.8661655059692,2.123311438787901
232.87010105042592,1.4973824763452868
232.87403659488268,4.711036140030284
232.87797213933945,3.775221772859784
232.8819076837962,0.48848639354971235
232.88584322825287,1.557592782321987
232.8897787727097,1.5118582855347897
232.89371431716643,3.4665299676644454
232.8976498616232,12.306595245569094
232.90158540607996,12.673625371081512
232.9055209505367,0.9992480135723668
232.90945649499344,4.425063756584991
232.91339203945017,6.13777656447645
232.9173275839069,2.582775281608031
232.92126312836368,2.833371834811384
232.92519867282044,5.167084917073464
232.9291342172772,3.6955390879053835
232.93306976173395,0.9396021651273936
232.93700530619068,0.7427903360617308
232.94094085064745,0.12705232727433688
232.9448763951042,0.9340887986566504
232.94881193956093,4.942520691265739
232.9527474840177,5.610341078407221
232.9566830284745,0.6653996079630591
232.9606185729312,1.5016295460131843
232.964554117388,1.894292907069073
232.9684896618447,0.7359516026368071
232.97242520630147,6.649274637491949
232.9763607507582,3.272212432055222
232.98029629521497,1.2463300161983084
232.9842318396717,9.730910992528777
232.98816738412847,6.1298002061548535
232.9921029285852,0.19068869696644475
232.99603847304195,3.754263416801693
232.99997401749872,2.197574022300172
233.00390956195545,0.14254953058260883
233.00784510641225,0.4389544240409255
233.01178065086896,0.044939749229676806
233.01571619532567,0.18522967547672015
233.0196517397825,0.3335329719214433
233.02358728423923,2.1300693461128395
233.027522828696,0.5149833959236617
233.03145837315276,0.7971170393235187
233.03539391760947,1.8649194330880496
233.03932946206623,0.4033423059428196
233.04326500652297,0.5153596808814968
233.0472005509797,1.4013925078151512
233.05113609543648,1.5599224334374675
233.05507163989324,0.3189093584072787
233.05900718435,1.3353854833298686
233.06294272880675,2.5685094875224403
233.06687827326348,2.055062066858321
233.07081381772025,3.6049599721875007
233.074749362177,0.6103100895617231
233.07868490663373,1.3548810758848924
233.0826204510905,1.8191969265139998
233.08655599554723,0.7958579249042399
233.090491540004,2.632718829149876
233.09442708446076,0.6842627572416365
233.0983626289175,0.05288455258999986
233.10229817337424,0.6500633659930255
233.106233717831,0.9386096684730016
233.1101692622877,0.8720111546817683
233.1141048067445,1.4594586867611545
233.11804035120124,0.442632436495391
233.121975895658,2.89131427913183
233.12591144011475,2.855400398754807
233.12984698457151,0.2420633391439193
233.13378252902825,0.15279436302195176
233.13771807348505,0.6746706256383244
233.14165361794176,1.1321193233419213
233.1455891623985,0.36796717846471616
233.1495247068553,0.8089086001845838
233.153460251312,2.4062170944851045
233.1573957957688,2.031442506351661
233.1613313402255,0.7055304611541189
233.16526688468227,0.627951249333795
233.169202429139,1.815126897096723
233.17313797359577,1.8115876103095907
233.1770735180525,0.6337505059388376
233.18100906250928,0.10733350146480833
233.184944606966,1.0389747146708852
233.1888801514228,4.9175499911543605
233.19281569587952,1.9085191951249454
233.19675124033628,0.8640029302336378
233.20068678479305,3.7240701517098307
233.2046223292498,0.2695977869362827
233.20855787370647,2.2268598948224527
233.2124934181633,1.2006649893909642
233.21642896262003,1.568540851657239
233.2203645070768,3.8176372729561945
233.22430005153356,0.5793158385778637
233.22823559599027,2.029787060657564
233.23217114044704,2.3373896710897633
233.23610668490377,0.302058097822148
233.2400422293605,0.6584098385145456
233.24397777381728,1.1761702802300882
233.24791331827404,0.781785408883952
233.2518488627308,3.145376440857818
233.25578440718755,2.2425110194431883
233.25971995164429,1.206313644370698
233.26365549610105,0.6122426274680077
233.2675910405578,0.08585461099701852
233.27152658501456,0.16724436463112807
233.2754621294713,0.8171013204535367
233.2793976739281,3.352068514974291
233.2833332183848,4.354688121003069
233.2872687628416,1.5545408188431664
233.2912043072983,2.2220878787040363
233.29513985175507,3.212198229709512
233.2990753962118,1.7502941049174874
233.30301094066857,0.34648985223217676
233.3069464851253,0.9135701814438554
233.31088202958205,1.5321360658308627
233.3148175740388,0.31434941903334407
233.31875311849555,0.3218552475897209
233.32268866295232,0.7760758139356689
233.32662420740905,3.4289932630355473
233.33055975186585,3.2677794463976695
233.33449529632256,3.053198175583582
233.33843084077927,6.867610863118073
233.3423663852361,3.559100515504089
233.34630192969283,0.6080663333224153
233.3502374741496,1.1438400683955925
233.35417301860636,1.0219536683276025
233.35810856306307,0.8673752604034156
233.36204410751984,0.9742189430094863
233.36597965197657,2.0696136227104973
233.3699151964333,2.2365547849389866
233.37385074089008,0.20347687652320554
233.37778628534684,1.4468490458113648
233.3817218298036,1.6105952583658856
233.38565737426032,0.05377614749767484
233.38959291871709,0.30710205202639956
233.39352846317385,0.6013023463232327
233.3974640076306,0.28020845990424126
233.40139955208733,0.17441506978536842
233.4053350965441,0.822624566975216
233.40927064100083,0.5726814046396257
233.4132061854576,0.18926301492227673
233.41714172991436,0.15722098148834213
233.4210772743711,0.3555200105074289
233.42501281882784,0.6305044129517743
233.4289483632846,0.6607224262110319
233.4328839077413,2.7629847468451247
233.4368194521981,2.69969373294435
233.44075499665485,0.45548825538301013
233.4446905411116,0.45359090646384664
233.44862608556835,0.22740219249938695
233.45256163002512,0.481400748051262
233.45649717448185,2.1260793558025655
233.46043271893865,5.219607954139736
233.46436826339536,6.132711596733889
233.4683038078521,2.1636283350206065
233.4722393523089,0.09086958573483622
233.4761748967656,2.196584863549238
233.4801104412224,2.726377311771182
233.4840459856791,0.44855573297450385
233.48798153013587,0.7340749887844861
233.4919170745926,0.40565821533162133
233.49585261904937,0.292830938265575
233.4997881635061,0.38488015992065416
233.50372370796288,0.02541880975820242
233.5076592524196,0.19740092553425395
233.5115947968764,0.3585553611322995
233.51553034133312,1.0029865300220009
233.51946588578988,1.9250694095503016
233.52340143024665,0.3543146344613248
233.5273369747034,1.2309061125251721
233.53127251916013,2.158709664140599
233.5352080636169,0.011770924131340585
233.53914360807363,0.913038436488058
233.5430791525304,0.2216597347907596
233.54701469698716,0.23830477880719247
233.55095024144387,0.41494949619216376
233.55488578590064,0.027647994249945934
233.55882133035735,0.11169015612211347
233.5627568748141,0.22282370783572883
233.56669241927088,0.4788112328104903
233.57062796372765,1.0316453137506405
233.5745635081844,2.1154997116068017
233.57849905264115,1.4441396271446314
233.5824345970979,1.186200617410077
233.58637014155465,0.6874343989468938
233.5903056860114,1.2278930235493788
233.59424123046816,1.329064810229229
233.5981767749249,0.18637069510398832
233.6021123193817,1.2905636908524365
233.6060478638384,0.2576605612071549
233.6099834082952,0.3776591563193899
233.6139189527519,0.32497843248090647
233.61785449720864,1.4034277595652267
233.6217900416654,0.843805980390282
233.62572558612212,0.07275293138863215
233.6296611305789,0.15332251837641958
233.63359667503565,0.6626708808515795
233.6375322194924,1.3373179694803996
233.64146776394915,0.9052637937897937
233.64540330840592,0.005442926037838601
233.64933885286263,0.04599876503690205
233.65327439731945,0.7956926006072331
233.65720994177616,0.8564440288322023
233.66114548623293,0.2750991086448028
233.6650810306897,0.9126621684775189
233.66901657514643,0.4296356539105181
233.6729521196032,4.1681960971455325
233.67688766405996,1.159651918969502
233.68082320851667,1.3092182814589202
233.68475875297344,1.707078360281616
233.68869429743015,0.24933060407356686
233.6926298418869,0.01486696628101828
233.69656538634368,0.7876320085357066
233.7005009308004,0.8384617624581205
233.7044364752572,0.15670788450532028
233.70837201971392,0.5738484684491726
233.7123075641707,0.30871709528369434
233.71624310862745,0.7155616705580171
233.7201786530842,4.535743246517891
233.72411419754093,2.4593259136335406
233.7280497419977,0.31658862175781455
233.73198528645443,2.7532475914395147
233.7359208309112,2.062448275981167
233.73985637536796,1.272078710202315
233.7437919198247,0.1339107159968609
233.74772746428144,0.5510949254432302
233.7516630087382,0.4177993511351757
233.75559855319491,0.05889249264948878
233.7595340976517,0.3470061264209438
233.76346964210845,0.3732318900423565
233.7674051865652,0.2839944296927513
233.77134073102195,1.1454481086818524
233.7752762754787,0.6730017768762316
233.77921181993543,0.20665866641456807
233.7831473643922,0.22140774119338355
233.78708290884896,0.1667085392764914
233.7910184533057,0.6617884953592733
233.7949539977625,0.3285614539799139
233.7988895422192,0.034353136453150676
233.802825086676,0.747103597276361
233.8067606311327,2.290442026314044
233.81069617558947,1.8700403286423497
233.8146317200462,0.2098241476360253
233.81856726450297,0.5114165792892581
233.8225028089597,1.5057324514605135
233.82643835341648,0.7121489005441959
233.8303738978732,0.17982131718727046
233.83430944233,0.5792533585282014
233.83824498678672,0.5392577330765697
233.84218053124349,0.46426428692430366
233.84611607570025,1.146078959754842
233.850051620157,2.177867277309439
233.85398716461373,1.987349010654984
233.8579227090705,0.5557088347526112
233.86185825352723,0.19328895426496814
233.865793797984,0.41722728326960157
233.86972934244076,0.3400886440439025
233.87366488689747,1.6666415409984834
233.87760043135424,0.24513942018852564
233.88153597581095,1.250153292017454
233.8854715202677,0.07264457388150959
233.88940706472448,2.5622601728674197
233.89334260918125,2.053252093360244
233.897278153638,0.0433404936333035
233.90121369809475,0.2509757214978867
233.9051492425515,1.2492746689682088
233.90908478700825,2.6762974990906683
233.913020331465,0.2673843575572174
233.91695587592176,1.7638238980306669
233.9208914203785,1.0723201514803389
233.9248269648353,0.47576478258897414
233.928762509292,0.4371320832985062
233.93269805374877,0.19292782748128223
233.9366335982055,0.17879866306896705
233.94056914266224,0.9415618348886673
233.944504687119,0.5082649581661581
233.94844023157572,0.01605937212761134
233.9523757760325,0.21956930549914652
233.95631132048925,0.03942630052195169
233.960246864946,2.121140431900305
233.96418240940275,3.5106996461971076
233.96811795385952,0.46424798138238693
233.97205349831623,1.4778793398954688
233.97598904277305,2.378500638395046
233.97992458722976,0.5969995166052277
233.98386013168653,0.09013106780237769
233.9877956761433,0.20727222677751192
233.99173122060003,0.20661972331068615
233.9956667650568,0.130451006247673
233.99960230951356,1.0381792481877354
234.00353785397027,1.3184395143376428
234.00747339842704,0.8020867825830179
234.01140894288375,1.0317089156375088
234.0153444873405,0.32246758477913673
234.01928003179728,1.4300815295660578
234.023215576254,1.3328713500458296
234.0271511207108,0.47085228348035785
234.03108666516752,0.6076360440164762
234.0350222096243,0.2301960581861478
234.03895775408105,0.3304408095142992
234.0428932985378,0.5706050538105313
234.04682884299453,1.6508797560619444
234.0507643874513,0.525588004703025
234.05469993190803,0.2963938267576283
234.0586354763648,0.5516623175418519
234.06257102082157,1.2879027678184924
234.0665065652783,5.057539235950667
234.07044210973504,3.7573115509337796
234.0743776541918,0.5167880340569285
234.07831319864852,0.23995390980201764
234.0822487431053,0.002424360504662913
234.08618428756205,0.5780799449734768
234.0901198320188,0.7372191431835409
234.09405537647555,0.08449776217655
234.0979909209323,0.22575834110171517
234.10192646538903,0.5950625288684682
234.1058620098458,0.5059113660088488
234.10979755430256,1.1921075961352388
234.1137330987593,1.9235062117729973
234.1176686432161,0.7257375464684901
234.1216041876728,0.34240869402865204
234.1255397321296,2.9139743625462735
234.1294752765863,2.8148813760296942
234.13341082104307,1.3701976200893606
234.1373463654998,0.8048132228779292
234.14128190995655,2.347142491366556
234.1452174544133,4.01544648275829
234.14915299887008,1.8071992597129092
234.1530885433268,0.29817833463162574
234.1570240877836,1.4133811333879762
234.16095963224032,1.576331811861495
234.16489517669703,3.250215260822462
234.16883072115385,4.8889135023409125
234.17276626561056,1.2958844799318394
234.17670181006733,0.14650355271703291
234.18063735452407,0.38156813195326567
234.18457289898083,1.0053681828241703
234.1885084434376,3.1778863722523814
234.19244398789436,1.1238767881127556
234.19637953235107,0.17308371667528202
234.20031507680784,1.2397819327630277
234.20425062126455,0.4182459924082402
234.20818616572132,0.16104852618210136
234.21212171017808,1.6726260991921373
234.21605725463485,5.529276173366496
234.2199927990916,5.438534061011438
234.22392834354835,1.2196344932812062
234.2278638880051,3.971916453044411
234.23179943246183,2.8128112553750704
234.2357349769186,0.06352940233647625
234.23967052137536,1.538995281593879
234.2436060658321,1.3137795015572382
234.24754161028883,5.532700952538968
234.2514771547456,3.8431762553114077
234.25541269920237,2.1490584175680185
234.2593482436591,4.647033192853664
234.26328378811584,2.7612125256403535
234.2672193325726,1.0942612858160414
234.27115487702932,0.5967626580782076
234.2750904214861,0.2167114633425553
234.27902596594285,0.5772692516798539
234.2829615103996,1.0277457842166668
234.28689705485635,1.0225035988152644
234.29083259931312,2.1311670395224422
234.29476814376983,0.27794239864433745
234.29870368822665,0.7756916035211697
234.30263923268336,0.34854673298865535
234.30657477714013,2.167610101487551
234.3105103215969,1.5489411414412584
234.31444586605363,1.3759229548314997
234.3183814105104,3.2946565572300845
234.3223169549671,0.46302311249720957
234.32625249942387,5.407562418567937
234.3301880438806,1.906085948610978
234.33412358833735,1.5169451860924223
234.3380591327941,3.568959648685814
234.34199467725088,0.5194921936064666
234.3459302217076,1.2296938686242564
234.3498657661644,0.5622309289171535
234.35380131062112,0.24616371990968347
234.3577368550779,0.030149213991440188
234.36167239953463,0.14091450221263885
234.3656079439914,1.0987831159630022
234.36954348844813,1.7152966123226827
234.3734790329049,0.7457037472325109
234.37741457736163,1.0365009225869082
234.3813501218184,1.3355110401862318
234.38528566627517,1.1790809173416676
234.3892212107319,0.06995063670718295
234.39315675518864,1.8498203378935867
234.3970922996454,2.1334150799270546
234.40102784410212,0.17082188437937218
234.40496338855888,0.16635816516042787
234.40889893301565,0.3270557512228881
234.4128344774724,0.9785425176345505
234.41677002192915,2.5875999358616624
234.4207055663859,1.9987906112727953
234.42464111084263,0.09632338462808948
234.4285766552994,2.3603428122303187
234.43251219975616,5.319372691256549
234.4364477442129,4.015442197589813
234.4403832886697,0.8143027574302852
234.4443188331264,0.1428536942856181
234.4482543775832,1.5525492994197674
234.4521899220399,2.760863403454123
234.45612546649667,1.7794525877383718
234.4600610109534,0.8348186013254324
234.46399655541015,1.4458557633049023
234.4679320998669,0.8276620925338406
234.47186764432368,0.6822273491667353
234.4758031887804,2.4220794329487134
234.4797387332372,3.7373643513138908
234.48367427769392,2.2935954898983897
234.48760982215063,0.14495346487563152
234.49154536660745,0.9469380412776207
234.49548091106416,1.8456689572544716
234.49941645552093,1.1614526044181934
234.50335199997767,0.6442258866552664
234.50728754443443,0.6775037679036283
234.5112230888912,1.0530755557215563
234.51515863334797,0.10830995815902916
234.51909417780467,0.7134225739469267
234.52302972226144,1.5483463077360522
234.52696526671815,1.191508901037528
234.53090081117492,1.025286485047573
234.53483635563168,0.2969330444879094
234.53877190008845,0.21058607839187105
234.5427074445452,0.812376948061423
234.54664298900195,0.23935888000408487
234.5505785334587,0.7868636054927651
234.55451407791543,2.0853221233475665
234.5584496223722,0.9742298686637986
234.56238516682893,0.3579936079608794
234.5663207112857,0.36540753026249123
234.57025625574244,0.9513401386929576
234.5741918001992,0.5956388003318623
234.57812734465597,0.30035210068648316
234.5820628891127,1.5825472908814238
234.58599843356944,2.2767694180716505
234.5899339780262,1.6241355146499212
234.59386952248292,1.2366709748671818
234.5978050669397,1.836852527159427
234.60174061139645,2.098080635290675
234.6056761558532,0.8378674816383613
234.60961170031,0.10072540597383735
234.61354724476672,0.10405007618450281
234.61748278922343,0.07684507303450905
234.62141833368025,0.019867410936150208
234.62535387813696,0.46392251442281374
234.62928942259373,0.7927122557223607
234.63322496705047,0.3314719916533693
234.6371605115072,0.18911439539128777
234.641096055964,0.6036589367284093
234.6450316004207,0.9575951125716836
234.64896714487747,0.4347013173579831
234.6529026893342,0.12366109187265827
234.65683823379095,0.19923479781108164
234.6607737782477,0.8326918307580035
234.66470932270448,0.6469309277166271
234.6686448671612,0.19999680207729004
234.672580411618,0.646531663111284
234.67651595607472,2.584195289316934
234.6804515005315,1.4393242349907043
234.68438704498823,0.3133041651724147
234.688322589445,0.7806984571360972
234.69225813390173,0.009515502033436709
234.6961936783585,0.3810180200148962
234.70012922281524,0.898800832197445
234.704064767272,1.7400908708643499
234.70800031172877,1.0386961750396693
234.71193585618548,0.8180405575568921
234.71587140064224,0.24489531628772387
234.71980694509895,1.6929134515518907
234.72374248955572,1.1207836797287238
234.72767803401248,0.6457508619413164
234.73161357846925,0.4323505593192727
234.735549122926,1.9037052684240299
234.73948466738275,1.4568396704703697
234.7434202118395,0.15062459540135528
234.74735575629623,1.471786806300407
234.751291300753,1.4275160822776765
234.75522684520976,0.5200466072971288
234.7591623896665,0.36595301027046384
234.76309793412327,0.46768768522918713
234.76703347858,0.06293780826567337
234.7709690230368,0.47617706197734394
234.7749045674935,0.45956256373351034
234.77884011195027,0.43793925645428067
234.782775656407,2.711845449489012
234.78671120086375,1.3967626602252543
234.7906467453205,0.1938172018346109
234.79458228977725,1.7463110879603925
234.798517834234,0.6303987340948926
234.8024533786908,0.022581999584165076
234.80638892314752,0.1829210874064052
234.81032446760423,1.128575187938253
234.81426001206103,1.4889573285605289
234.81819555651776,0.9767820809890424
234.82213110097453,0.4989155811312786
234.82606664543127,0.6710073398956985
234.83000218988803,0.37281293069563914
234.8339377343448,0.11620267699062199
234.83787327880157,1.1021805482584466
234.84180882325828,3.1778291167664223
234.84574436771504,5.558136720896378
234.84967991217175,3.5023812630278712
234.85361545662852,0.459966310580807
234.85755100108528,0.23110461752284953
234.86148654554205,0.010131697701591435
234.8654220899988,0.09587372512860154
234.86935763445555,0.08949176244541542
234.8732931789123,0.6186986743520256
234.87722872336903,0.3705939687217592
234.8811642678258,0.3101459420783999
234.88509981228253,0.029995396463719196
234.8890353567393,0.6914884201492877
234.89297090119604,0.8348187962942535
234.8969064456528,0.35711763935838725
234.90084199010957,0.7170337081152666
234.9047775345663,0.031925171896537964
234.90871307902304,0.4290876587651936
234.9126486234798,0.5431954152395349
234.91658416793652,1.3402702716363668
234.9205197123933,1.6155133358554037
234.92445525685005,0.5333207956714778
234.9283908013068,0.11196805676711696
234.9323263457636,0.9129705158837208
234.93626189022032,0.7681145405577116
234.94019743467703,0.0751073566612012
234.94413297913383,1.0669786488789863
234.94806852359056,0.5305279017392591
234.9520040680473,0.11913128912136356
234.95593961250407,1.0276328420893075
234.9598751569608,4.972601626652145
234.9638107014176,3.74448045653912
234.9677462458743,0.12040195648847848
234.97168179033108,0.2797385224605386
234.9756173347878,0.539811445017725
234.97955287924455,2.713040949922671
234.9834884237013,1.1605887377813453
234.98742396815808,0.2748731418696186
234.9913595126148,0.4988565578475265
234.9952950570716,0.03537545590727739
234.99923060152832,0.04313892796062196
235.0031661459851,0.09804054483478777
235.00710169044183,0.8023191488386876
235.0110372348986,1.68099788413777
235.01497277935533,1.0948934189007686
235.0189083238121,0.08474434605342117
235.02284386826884,0.08022537554405917
235.0267794127256,0.6721103525328516
235.03071495718237,1.902546707539
235.03465050163908,0.8437585642112079
235.03858604609584,0.27630536329014277
235.04252159055255,0.3027596706607046
235.04645713500932,0.3103691841611652
235.05039267946609,2.873513757080349
235.05432822392285,2.8598014559922924
235.0582637683796,0.9668030116917696
235.0621993128364,0.5679182681743509
235.0661348572931,0.3321442338735988
235.07007040174983,4.893413239960247
235.0740059462066,6.2198676957329955
235.07794149066336,1.383242980164515
235.0818770351201,0.19365741422816937
235.08581257957687,1.079527821146486
235.0897481240336,2.4350896832667064
235.0936836684904,1.430112288218494
235.0976192129471,0.19058614986069672
235.10155475740387,0.07539333653645207
235.1054903018606,0.8762412934578854
235.10942584631732,4.437398862353347
235.1133613907741,8.557692079409954
235.11729693523085,15.069017457753976
235.1212324796876,11.175502884589203
235.1251680241444,2.6335873517974964
235.12910356860112,1.426194694463219
235.13303911305783,0.33662883292104917
235.13697465751463,2.021614462993042
235.14091020197137,1.4903330066930887
235.14484574642813,0.4474738762809394
235.14878129088487,0.7575634284383165
235.15271683534164,2.307352475167898
235.1566523797984,3.5328910887894995
235.16058792425517,1.2563454484179477
235.16452346871188,0.3388562904221171
235.16845901316864,0.19717031485245148
235.17239455762535,0.26242547230024954
235.17633010208212,1.2392093705901872
235.18026564653888,1.3155491879072903
235.1842011909956,0.009565025665427258
235.1881367354524,1.579822938107141
235.19207227990915,3.0551618785909436
235.1960078243659,2.3056065864700033
235.19994336882263,1.2356198373953062
235.2038789132794,0.3660477758728305
235.2078144577361,0.556781782802268
235.2117500021929,1.411228194968077
235.21568554664964,0.8460308826680926
235.2196210911064,0.040550316816924024
235.22355663556317,0.19245488948979414
235.2274921800199,0.6509026044256422
235.23142772447665,1.503827085949438
235.2353632689334,0.8702584229369759
235.23929881339012,0.10102383861013749
235.2432343578469,0.6267772155715856
235.24716990230365,0.569540373877708
235.2511054467604,0.6861079910668709
235.2550409912172,0.5645253192051649
235.2589765356739,0.6074677605698497
235.26291208013063,1.9984707048810686
235.2668476245874,0.9917162946074264
235.27078316904417,0.057552754621040085
235.2747187135009,0.8517213061235127
235.27865425795767,0.41237315641321953
235.2825898024144,0.19868186016241196
235.2865253468712,0.36025950411010754
235.2904608913279,0.08236778068835986
235.29439643578468,1.255650390684975
235.2983319802414,0.7908203337981198
235.30226752469815,0.8992477265637024
235.3062030691549,1.0859440666927134
235.31013861361168,0.030378370567163443
235.3140741580684,0.4457552570268027
235.3180097025252,0.36387592162140114
235.32194524698195,1.2422299274458541
235.3258807914387,0.5241145174010272
235.32981633589543,0.7899170592145337
235.3337518803522,0.409650027843353
235.33768742480893,0.04033701254379549
235.34162296926567,0.21970349257144922
235.34555851372244,0.4527198905784975
235.3494940581792,0.18308320873943457
235.35342960263597,1.3876399689549033
235.35736514709268,3.3328988363578307
235.36130069154945,1.619680219019223
235.36523623600615,0.3339405957934127
235.36917178046292,0.5291150288697117
235.3731073249197,0.2832942677171866
235.37704286937645,0.29435568229608466
235.3809784138332,0.44982861528116724
235.38491395829,0.2230497599887401
235.3888495027467,1.418233564004228
235.39278504720343,2.1043824990184765
235.3967205916602,1.3790541426511036
235.40065613611696,1.733280548477461
235.4045916805737,1.8486622251186728
235.40852722503047,1.0768487949099659
235.4124627694872,0.7100593044144607
235.41639831394397,1.268526903670413
235.4203338584007,0.1521527287763772
235.42426940285745,0.8514314830915102
235.4282049473142,1.593767518242176
235.43214049177092,0.6852906692867688
235.4360760362277,0.6638149098779407
235.44001158068448,1.396795469254882
235.4439471251412,1.169329935489378
235.447882669598,0.19428574741070798
235.45181821405475,1.6557351599107972
235.45575375851143,2.271581208518333
235.45968930296823,1.3229853209913125
235.46362484742497,0.4742057597714872
235.46756039188173,0.44033879779497065
235.47149593633847,0.6595332718842565
235.47543148079524,1.7646653399371022
235.479367025252,1.8855250086512179
235.48330256970877,0.2307655563104813
235.48723811416548,0.18033065428547865
235.49117365862224,0.08992923298942004
235.49510920307895,1.5958412688015442
235.4990447475357,0.4871500079295017
235.5029802919925,0.8910128586557097
235.5069158364492,1.5892567373411
235.510851380906,0.036071767072415786
235.51478692536276,0.025097495485392064
235.5187224698195,0.6417280472019367
235.52265801427623,1.230204457872743
235.526593558733,0.7487664518747198
235.5305291031897,1.9742209430215907
235.5344646476465,0.29320675795074375
235.53840019210324,0.11107120310033047
235.54233573656,0.352369737047858
235.54627128101677,1.6567846617931492
235.5502068254735,1.060867178029014
235.55414236993025,3.2867450488972536
235.558077914387,0.8888721585220464
235.56201345884372,1.070425305138756
235.5659490033005,1.3375752520798303
235.56988454775723,3.822347521696014
235.573820092214,4.031569552116712
235.5777556366708,0.7622013549895328
235.5816911811275,1.6248132497531855
235.58562672558423,0.06048213916692169
235.589562270041,2.3432001506495213
235.59349781449777,1.861784898787512
235.5974333589545,4.78866466595556
235.60136890341127,1.5486590925086843
235.605304447868,1.6097094926658861
235.6092399923248,2.9380613330811167
235.6131755367815,0.12650901136269935
235.61711108123828,3.1039739144573066
235.62104662569504,1.2429409281803248
235.62498217015175,2.3863830945789872
235.6289177146085,0.46081603302683477
235.63285325906529,1.6217773163620224
235.636788803522,3.19172070445412
235.6407243479788,2.3726936621790125
235.64465989243556,2.4766103971297104
235.6485954368923,0.9861363498815077
235.65253098134903,0.7361595816677043
235.65646652580577,0.12424957772440694
235.6604020702625,1.522274893045496
235.66433761471927,1.6227204220909
235.66827315917604,0.2035532388331612
235.6722087036328,1.0671960626367878
235.67614424808957,3.3103393357306743
235.68007979254628,1.808764240987911
235.68401533700305,0.32221099176868284
235.68795088145976,0.07525305552111601
235.69188642591652,0.14831223603062782
235.6958219703733,0.09806380240507911
235.69975751483005,0.1291679020712927
235.7036930592868,0.5868396415038037
235.7076286037436,0.6901102375282553
235.7115641482003,1.0713343564399638
235.71549969265703,0.9858635010386999
235.7194352371138,0.7525868388015663
235.72337078157057,0.8239657156243544
235.7273063260273,0.637520409604626
235.73124187048404,0.054986818112015674
235.7351774149408,0.5064848494424796
235.73911295939757,1.088139930579993
235.7430485038543,0.7358267141373849
235.74698404831105,0.11405745687425223
235.7509195927678,0.0879796978989536
235.75485513722452,0.4372965955029777
235.7587906816813,0.9085504137272057
235.76272622613808,0.46479155154585616
235.7666617705948,0.07227375860532825
235.7705973150516,0.26970994183120356
235.77453285950835,0.07718774678206568
235.77846840396504,0.15132719981245563
235.78240394842183,1.005208584061331
235.78633949287857,1.9812594473968022
235.7902750373353,1.0964278906407394
235.79421058179207,0.2416597393764128
235.79814612624884,0.570297727828687
235.8020816707056,0.8474195069073538
235.8060172151623,0.18367323919014886
235.80995275961908,1.0201773053364491
235.81388830407585,0.6974861865763303
235.81782384853256,0.3303885457119961
235.8217593929893,0.568065157058382
235.8256949374461,2.2057190998458283
235.82963048190285,3.294089105800084
235.8335660263596,0.6709783020044257
235.83750157081636,0.47610089361479957
235.8414371152731,0.33936694505561804
235.84537265972983,0.1333815075434324
235.8493082041866,0.7816987547916533
235.8532437486433,0.622446497638081
235.8571792931001,0.5525467027236985
235.86111483755684,0.6717797159785622
235.8650503820136,0.11697393619462391
235.86898592647037,0.04685129850662977
235.8729214709271,0.0325798453890652
235.87685701538385,1.010896605825827
235.8807925598406,0.6718524298778653
235.88472810429732,0.5689960346438517
235.8886636487541,1.4077162888202372
235.89259919321088,0.18587567321925252
235.8965347376676,2.237897181546609
235.9004702821244,1.3075999151826525
235.9044058265811,2.8731163560969164
235.90834137103784,1.644225346931726
235.9122769154946,1.2521075995208009
235.91621245995137,2.5065744294176295
235.9201480044081,0.9297176673652684
235.92408354886487,5.241930382504855
235.9280190933216,1.573102706198489
235.9319546377784,1.0396898604918134
235.9358901822351,2.3719361111545925
235.93982572669188,0.7488540878465879
235.94376127114865,0.7059393131926331
235.94769681560535,0.4255657114957753
235.9516323600621,0.808445355974193
235.9555679045189,0.5530680818883762
235.9595034489756,2.598450871852124
235.9634389934324,2.2464754226562973
235.96737453788916,0.3558964101134351
235.97131008234587,0.7387539502157559
235.97524562680263,1.951614343956035
235.97918117125937,2.6192874400227657
235.9831167157161,1.1447576895060403
235.98705226017287,2.2214243707438364
235.99098780462964,2.380902820186973
235.9949233490864,0.2516572972589209
235.99885889354317,0.4967569457831181
236.00279443799988,2.7080940287607227
236.00672998245665,7.244907790347553
236.01066552691336,4.687456010338166
236.01460107137012,1.6808270615776477
236.0185366158269,2.147696798875687
236.02247216028368,5.64075065158113
236.0264077047404,7.65177515660013
236.0303432491972,1.1640891537695872
236.0342787936539,3.9983590055914466
236.03821433811063,4.321491728490023
236.0421498825674,2.692981603783748
236.0460854270241,2.663721898283758
236.0500209714809,0.7878822218503345
236.05395651593764,1.9997870724700832
236.0578920603944,9.44406419608936
236.06182760485115,10.090583120644295
236.0657631493079,2.210484909425847
236.06969869376465,0.4901789543753291
236.07363423822144,0.01732719856697303
236.07756978267813,1.1528809013323664
236.0815053271349,0.596880939624267
236.0854408715917,0.3551031329304977
236.0893764160484,0.6675448593272718
236.0933119605052,0.47662390067391314
236.09724750496196,0.1919124495747103
236.1011830494187,1.237634818811099
236.10511859387543,2.2181588073717746
236.10905413833217,0.9854938310636979
236.1129896827889,0.35855457965248355
236.11692522724567,0.5933011577927837
236.1208607717024,1.0918106118228954
236.1247963161592,1.64768983566497
236.12873186061591,0.9294661409838045
236.13266740507268,0.2877216242362194
236.13660294952945,0.47970557049972956
236.14053849398616,1.889060497933726
236.1444740384429,0.8880981054243264
236.1484095828997,0.1768009183144033
236.15234512735643,0.8515542301892821
236.1562806718132,0.04319227931654789
236.16021621626996,0.8367634434902501
236.1641517607267,1.5673122150325003
236.16808730518343,0.5768853993589554
236.1720228496402,0.24879551108167466
236.1759583940969,0.8410085059555418
236.1798939385537,1.8049608480563295
236.18382948301044,1.9289849996722603
236.1877650274672,2.3225025627855733
236.19170057192397,0.9862069515291965
236.1956361163807,0.041210059592012974
236.19957166083745,0.9005323907096072
236.2035072052942,1.4975465942524453
236.20744274975092,1.5510005540154796
236.2113782942077,1.2798943201575412
236.21531383866449,0.7782391433146344
236.2192493831212,0.09849679556402807
236.223184927578,0.12697748383990526
236.2271204720347,0.5533745181540547
236.23105601649144,0.3206769171459665
236.2349915609482,0.007590933739381917
236.23892710540497,0.09532718499337987
236.2428626498617,0.09890352369490692
236.24679819431847,0.0468528513159133
236.2507337387752,0.02423615130667516
236.254669283232,0.06782168698835328
236.2586048276887,0.16428953527070397
236.26254037214548,0.23981805188949626
236.26647591660225,0.07819510067716688
236.27041146105896,0.2540820642682806
236.2743470055157,0.5726042620270356
236.2782825499725,0.33027563707341523
236.28221809442925,0.0047111930168205075
236.286153638886,0.10728076564219355
236.29008918334276,0.1992222772063531
236.29402472779947,0.6537654073637909
236.29796027225623,1.3173306210546092
236.30189581671297,0.8549097790043719
236.3058313611697,0.6095526064731104
236.30976690562647,1.351667923327892
236.31370245008324,0.5889527430825461
236.31763799454,0.03082511691316084
236.32157353899677,0.04598627938368055
236.32550908345348,0.22334470102068762
236.32944462791025,0.22624395571419084
236.333380172367,0.15680284833060296
236.33731571682372,0.5630212610350114
236.3412512612805,0.3442677061279644
236.34518680573728,1.0532238282187902
236.349122350194,0.49992733099130776
236.35305789465076,0.565107104539865
236.3569934391075,0.8277738406179737
236.36092898356424,0.0815679614955751
236.364864528021,1.9682363305153674
236.3688000724777,1.8573613032369938
236.3727356169345,0.09412373743993092
236.37667116139124,0.6473567150865234
236.380606705848,0.09408384569324894
236.38454225030475,0.8471320810603266
236.3884777947615,0.9371325409683291
236.39241333921825,0.5472669610112979
236.39634888367505,2.080394792004273
236.40028442813176,0.300819556447898
236.4042199725885,0.5820733755015225
236.4081555170453,0.9268616851869695
236.41209106150205,0.105248562101882
236.4160266059588,0.33053788067488693
236.41996215041556,1.435045184111787
236.42389769487227,0.645109752136267
236.42783323932903,0.1475086175827801
236.43176878378577,0.0782402917340981
236.4357043282425,1.2035006927493448
236.43963987269927,1.6666056509695666
236.443575417156,0.2683702947567681
236.4475109616128,1.3724786600888172
236.45144650606952,1.074364612599848
236.45538205052628,0.2967930273967811
236.45931759498305,1.5316646804640284
236.4632531394398,1.7046410477022993
236.46718868389647,1.5888792705792403
236.4711242283533,0.3055901617562419
236.47505977281003,0.424725380440779
236.4789953172668,1.980483461599848
236.48293086172356,5.464856106614557
236.4868664061803,5.988681065762353
236.49080195063704,0.9149363175733126
236.4947374950938,2.975407632092504
236.4986730395505,2.759474491374405
236.5026085840073,0.4026846418643593
236.50654412846404,3.815660947246503
236.5104796729208,3.1526926620470825
236.51441521737755,1.3596928912371822
236.51835076183428,3.1637403283863885
236.52228630629105,5.087969833691143
236.5262218507478,1.435029069349762
236.53015739520453,1.4909513692012324
236.5340929396613,6.5311621104745115
236.5380284841181,2.1234212541769333
236.5419640285748,1.332047816099434
236.5458995730316,5.586054300154613
236.5498351174883,2.9221500958947195
236.55377066194507,0.06113136667128984
236.5577062064018,1.227323341526415
236.56164175085857,1.376097679867755
236.5655772953153,0.7177993135081886
236.56951283977207,1.417293805083344
236.5734483842288,1.225321378777658
236.5773839286856,0.37867333289063504
236.58131947314232,0.2717883754973863
236.58525501759908,0.7006463188020208
236.58919056205585,0.9967816768731077
236.59312610651256,0.40697886471344835
236.59706165096927,0.35358490491124767
236.6009971954261,0.26689077166064534
236.60493273988283,0.29689053234590906
236.6088682843396,0.5221453974738879
236.61280382879636,0.17901425448098163
236.61673937325307,0.21939722277014598
236.62067491770983,0.8900168404511808
236.62461046216657,0.7749390903930642
236.6285460066233,0.30904294931528054
236.63248155108008,0.4777455010022239
236.63641709553684,1.9555050880021347
236.6403526399936,1.3800690451550184
236.64428818445035,0.6484972377905684
236.64822372890708,1.8826533091426159
236.65215927336385,1.0904767364675483
236.6560948178206,3.0995368342131804
236.66003036227733,5.999918979029883
236.6639659067341,2.245714547763991
236.66790145119083,0.05440295430356683
236.6718369956476,0.9243086115467987
236.67577254010436,0.48520953909717274
236.6797080845611,0.48278836304568323
236.68364362901784,0.5120268153490022
236.6875791734746,0.5821491499200433
236.6915147179313,0.703362631595972
236.6954502623881,0.4655543976628463
236.69938580684484,2.0660913798578746
236.7033213513016,3.753462285063854
236.70725689575835,0.8619141230445213
236.71119244021511,4.617371173598527
236.71512798467185,4.999697280589063
236.71906352912865,0.45301491182634346
236.72299907358536,2.993821031810391
236.7269346180421,0.8779685387974755
236.7308701624989,1.2455054536510044
236.73480570695563,4.861628571992708
236.7387412514124,3.5698980389153556
236.74267679586916,1.8916330795479135
236.74661234032587,1.6901555816956917
236.7505478847826,1.3459056959495876
236.75448342923937,0.37696331644711306
236.7584189736961,0.34171096083133756
236.76235451815288,0.2560508830133427
236.7662900626096,2.2151263846357
236.7702256070664,4.0503586245840895
236.77416115152312,3.4797352682824267
236.77809669597988,3.910947892809203
236.78203224043665,1.38716612138893
236.7859677848934,1.8278477835291655
236.78990332935007,2.73584101241845
236.7938388738069,0.4616310905695635
236.79777441826363,0.17024943612524418
236.8017099627204,1.2716012877831788
236.80564550717716,1.5535971871182102
236.8095810516339,0.47139893603552974
236.81351659609064,0.07503365888028077
236.8174521405474,0.2864835168001832
236.8213876850041,1.76428769779547
236.82532322946088,3.83688914429518
236.82925877391764,2.3981532741867584
236.8331943183744,2.5868254596312483
236.83712986283115,4.1093845221055005
236.84106540728789,3.4774830390071623
236.84500095174465,5.433378022836475
236.8489364962014,4.2042213744562575
236.85287204065816,1.3039236788316704
236.8568075851149,0.010227795437778225
236.8607431295717,0.11434970201430668
236.8646786740284,1.4371461851927736
236.8686142184852,6.710712174381307
236.8725497629419,1.505052945887467
236.87648530739867,5.405855106989189
236.8804208518554,11.79835622215334
236.88435639631217,2.4538615382588356
236.8882919407689,4.571115546182343
236.89222748522567,3.2387330828553447
236.8961630296824,2.808729611096011
236.90009857413915,5.937656709752833
236.90403411859592,1.5330682253429104
236.90796966305265,0.25681573631720406
236.91190520750945,0.5593798885453279
236.91584075196616,0.2256852636828802
236.91977629642287,0.07005110655072946
236.9237118408797,1.425893263650665
236.92764738533643,4.058543254314692
236.9315829297932,1.352331081767914
236.93551847424996,0.6024317202674794
236.93945401870667,1.3670587410828736
236.94338956316344,2.7850092110918445
236.94732510762017,8.355854413289954
236.9512606520769,4.711217000442903
236.95519619653368,1.0580519485748685
236.95913174099044,1.05567734794692
236.9630672854472,5.001933337258442
236.96700282990395,9.24581963833744
236.97093837436068,5.097270191435639
236.97487391881745,1.3507587439238078
236.9788094632742,0.9888421268382844
236.98274500773093,0.0876229623443297
236.9866805521877,1.068164043849981
236.99061609664443,1.4342742967248736
236.9945516411012,1.176814087850378
236.99848718555796,3.8819435618431575
237.0024227300147,3.3418723178044143
237.00635827447144,2.048371441737912
237.0102938189282,1.4127892472992074
237.0142293633849,0.6004823412635957
237.0181649078417,0.33300079532462445
237.02210045229845,0.1357748712284496
237.0260359967552,2.3661898361596285
237.02997154121195,2.4330359455684873
237.03390708566872,0.934770496045857
237.03784263012545,4.735702353009461
237.04177817458225,4.74177888634237
237.04571371903896,3.73212745824172
237.04964926349567,2.358495851670989
237.0535848079525,0.7743684526003259
237.0575203524092,2.2297821166986114
237.061455896866,1.245398015639068
237.0653914413227,1.740708064639971
237.06932698577947,3.0032597275681105
237.0732625302362,0.26743264081236895
237.07719807469297,2.3160771168656815
237.0811336191497,0.054913024042786515
237.08506916360648,5.338005838096706
237.0890047080632,2.791878902339893
237.09294025252,4.6041139079723115
237.09687579697672,5.903588714864413
237.10081134143348,0.08036968299934627
237.10474688589025,1.71103221631601
237.108682430347,6.4658954438675025
237.11261797480373,11.295338952588352
237.1165535192605,2.2192643088570696
237.12048906371723,1.8476607949441672
237.124424608174,0.8338945139588162
237.12836015263076,0.7932170628719873
237.1322956970875,1.3565475158148201
237.13623124154424,0.031908192178629474
237.14016678600095,0.0768042426074931
237.1441023304577,0.3381927768855477
237.14803787491448,0.3882739219802122
237.15197341937125,0.04839262399420596
237.155908963828,0.20257522424711238
237.15984450828475,0.06843610533244646
237.1637800527415,0.22558047064456488
237.16771559719825,0.5220813401791119
237.171651141655,0.47154724571235895
237.17558668611176,0.3772995168583293
237.1795222305685,0.9923468204595222
237.1834577750253,2.166953577835164
237.187393319482,2.710644060894776
237.1913288639388,2.034323309660628
237.1952644083955,0.05573063264707172
237.19919995285227,2.307153725715726
237.203135497309,2.3519585881059273
237.20707104176577,0.7985413327829476
237.2110065862225,0.28079203725848606
237.21494213067925,1.741270399630201
237.218877675136,2.438790222901396
237.22281321959275,0.6365700025865805
237.22674876404952,0.9913658136882185
237.23068430850623,1.3684338833928926
237.23461985296305,2.688937143164139
237.23855539741976,3.9474412442427327
237.24249094187653,1.4937885725023996
237.2464264863333,0.5691027595769524
237.25036203079003,4.614408676711391
237.2542975752468,2.681244640035128
237.25823311970356,0.2856098057559418
237.26216866416027,1.3498794547426802
237.26610420861704,0.2964220766664278
237.27003975307375,1.5470614548658492
237.2739752975305,1.5161482202017906
237.27791084198728,0.8785087065369802
237.28184638644404,0.2973618815578229
237.2857819309008,0.23791797404454082
237.28971747535755,0.5643966973562635
237.2936530198143,0.9282396209941066
237.29758856427105,0.6530739818699082
237.3015241087278,1.4700927753590864
237.30545965318453,0.3824366994210569
237.3093951976413,0.46686707131675326
237.31333074209803,1.7037544529022066
237.3172662865548,1.0820371763075896
237.32120183101156,0.6196794025743997
237.3251373754683,0.5491702152573686
237.32907291992504,3.226599577528581
237.3330084643818,4.0080627448422295
237.33694400883851,0.22742888200208702
237.3408795532953,1.4360653121012223
237.34481509775205,0.49032123492677954
237.3487506422088,3.354659811047511
237.35268618666555,3.138198512714217
237.35662173112232,5.338633991647711
237.36055727557903,6.375849008945116
237.36449282003585,2.3267011269537594
237.36842836449256,2.93514365145362
237.3723639089493,1.0064126877171038
237.3762994534061,0.3565943859988671
237.3802349978628,0.40250832339593307
237.3841705423196,0.7634720856138727
237.3881060867763,1.0392960948140677
237.39204163123307,0.13705815840459065
237.3959771756898,2.196890052970241
237.39991272014657,2.1513705910908705
237.4038482646033,0.982710585733873
237.40778380906008,0.09579596976103207
237.4117193535168,5.237144776328667
237.4156548979736,6.189460742935692
237.41959044243032,0.028515307370990613
237.42352598688709,5.290675135148375
237.42746153134385,2.5660149202726785
237.4313970758006,0.6738489078071319
237.43533262025733,2.845899430609133
237.4392681647141,2.824236507652083
237.44320370917083,0.4425427208295753
237.4471392536276,1.9304081109436557
237.45107479808436,3.5741638209389888
237.45501034254107,1.3290158304660633
237.45894588699784,0.544814570043358
237.46288143145455,1.317906819378161
237.4668169759113,0.5696101854344225
237.47075252036808,0.4719057089821992
237.47468806482485,2.5572826560194426
237.4786236092816,1.8605579567856128
237.48255915373835,0.1764612394149743
237.4864946981951,0.4656620386732613
237.49043024265185,2.313889476515613
237.4943657871086,3.366579532956826
237.49830133156536,1.027800780594211
237.5022368760221,0.20535719042361986
237.5061724204789,2.628097926908325
237.5101079649356,4.638609534537946
237.5140435093924,3.1668819489968034
237.5179790538491,0.6348887827131497
237.52191459830587,0.25922641394241924
237.5258501427626,0.5307027472379057
237.52978568721932,0.5380425762194743
237.5337212316761,0.5802854832548991
237.53765677613285,0.33568187486360124
237.5415923205896,0.3671701135460079
237.54552786504635,0.24452637391337728
237.54946340950312,0.011716250076767607
237.55339895395983,1.2831911252104955
237.55733449841665,3.4424435111042055
237.56127004287336,3.464310539569529
237.56520558733013,2.9225091977199815
237.5691411317869,0.22404077470771502
237.57307667624363,2.029364940771655
237.5770122207004,3.62094844194563
237.58094776515716,1.5690197740363307
237.58488330961387,4.045997613903163
237.58881885407064,3.0870925560435043
237.59275439852735,0.05007932790499701
237.5966899429841,4.360002007979492
237.60062548744088,4.4292504147798875
237.6045610318976,0.6594222693672995
237.6084965763544,0.12488996153734623
237.61243212081112,0.20955978853863527
237.6163676652679,0.02199521705450992
237.62030320972465,0.8224752124482277
237.6242387541814,2.0502862217722093
237.62817429863813,2.2896399040038724
237.6321098430949,6.164903639943785
237.63604538755163,6.321256362092011
237.6399809320084,1.8557727586798423
237.64391647646517,0.14696904042870776
237.6478520209219,0.9467281211985291
237.65178756537864,0.9035565484450967
237.6557231098354,0.03216797905468773
237.65965865429212,1.4821682235039095
237.6635941987489,1.7476490028276606
237.66752974320565,0.8656786960868922
237.6714652876624,1.6151768702793796
237.67540083211915,1.3849552617218197
237.67933637657592,0.6305673675083315
237.68327192103263,0.25462799420440346
237.6872074654894,0.22062188126261623
237.69114300994616,3.1830642627306274
237.6950785544029,5.02911071965842
237.6990140988597,1.9129156023956786
237.7029496433164,0.35143992580996614
237.7068851877732,0.18161286806149884
237.7108207322299,0.5976830246115332
237.71475627668667,2.140726829377792
237.7186918211434,1.2267105612008902
237.72262736560015,0.6117316989390943
237.7265629100569,0.5899790324883807
237.73049845451368,0.34202219763094877
237.7344339989704,0.23546343156050242
237.7383695434272,0.13829352774283576
237.74230508788392,0.038941984897320786
237.7462406323407,0.5436881354280212
237.75017617679745,0.4247966025322443
237.7541117212542,0.13282350730365544
237.75804726571093,0.15824178736505423
237.76198281016767,1.1092545080887266
237.76591835462443,0.9766730788900537
237.7698538990812,0.2950711445618708
237.77378944353796,0.6443434833972674
237.77772498799467,0.27575171714852875
237.78166053245144,0.11145465061112751
237.78559607690815,0.7787944104670825
237.78953162136492,0.41446476309300506
237.79346716582168,0.20895149858957343
237.79740271027845,1.068003580262759
237.8013382547352,0.7197199014966732
237.80527379919195,0.20137074825596016
237.8092093436487,0.7378683011045044
237.81314488810543,0.6392892427828378
237.8170804325622,0.2666750642669126
237.82101597701896,0.5351630825671001
237.8249515214757,0.4632337978058818
237.8288870659325,0.7458629056010562
237.8328226103892,0.2504728897748135
237.836758154846,0.7935131303131231
237.8406936993027,2.382819211053573
237.84462924375944,3.01237464355453
237.8485647882162,2.0183758248631083
237.85250033267292,0.7525566742790654
237.8564358771297,1.5092867285151799
237.86037142158645,1.4484890613787098
237.8643069660432,0.663779049803257
237.86824251049995,0.01042728303504691
237.87217805495672,1.5533990395126764
237.87611359941343,5.6200802487363894
237.88004914387025,7.605730047797272
237.88398468832696,5.171629523988679
237.88792023278373,1.1666268151045254
237.8918557772405,0.05414807504406129
237.89579132169723,0.07671313995804442
237.899726866154,0.12497697837709004
237.90366241061076,0.24405491319253433
237.90759795506747,0.06107342422594153
237.91153349952424,0.07031497107025667
237.91546904398095,0.37958967327248594
237.9194045884377,2.0020868596280526
237.92334013289448,0.9255205493346605
237.9272756773512,0.2598387241100263
237.931211221808,0.6152513966003887
237.93514676626472,0.01646212435423464
237.9390823107215,0.2477127919351872
237.94301785517823,0.33879675533371945
237.946953399635,0.7873402089022246
237.95088894409173,1.1639290578791484
237.9548244885485,0.5012660334058422
237.95876003300523,0.7503426464379831
237.962695577462,1.5551105210588891
237.96663112191877,0.4580240755208967
237.9705666663755,1.42916122452036
237.97450221083224,0.7759117213504629
237.978437755289,0.11711611659851093
237.98237329974572,0.699535038159431
237.9863088442025,0.20073355238996235
237.99024438865925,0.35186232356406577
237.994179933116,0.8794266425966354
237.99811547757275,2.674932633401424
238.0020510220295,2.266391494109914
238.00598656648623,0.6743355752521429
238.009922110943,0.9060172960254247
238.01385765539976,1.6161000231876412
238.0177931998565,2.336608564199294
238.0217287443133,1.6937562891525377
238.02566428877,1.0535005603677106
238.0295998332268,0.5909695975921316
238.0335353776835,0.3593128378323628
238.03747092214027,1.3035948634227532
238.041406466597,0.5444961260214505
238.04534201105375,0.35568095189022764
238.0492775555105,1.6871014781425486
238.05321309996728,1.8816640243668639
238.057148644424,1.0353944607619383
238.0610841888808,1.0636054702246076
238.06501973333752,1.3463459352193232
238.0689552777943,0.5588306009291342
238.07289082225105,0.11507509333025517
238.07682636670776,0.07835540926873813
238.08076191116453,0.04886105628269648
238.08469745562127,0.5739201998079273
238.08863300007803,0.8950448289145705
238.0925685445348,0.05511076854991026
238.09650408899157,0.9405988184191099
238.10043963344827,1.284285718799446
238.10437517790504,0.15380206759300347
238.10831072236175,0.6705444355232153
238.11224626681852,1.5866850280344
238.11618181127528,1.553417217773255
238.12011735573205,1.0646300246857852
238.1240529001888,0.9288185505111781
238.12798844464555,0.6062761254131479
238.1319239891023,0.1908132632883894
238.13585953355903,0.24747745646534075
238.1397950780158,0.4328833073086733
238.14373062247256,0.42116765256156585
238.1476661669293,0.38430164056687305
238.15160171138604,0.713324541936187
238.1555372558428,1.5848641352018755
238.15947280029957,2.348925559533234
238.1634083447563,1.5904108378519637
238.16734388921304,0.14013105269361575
238.1712794336698,0.9967301593544096
238.17521497812652,3.0645239564298077
238.1791505225833,2.779465720265505
238.18308606704005,1.1677566917499533
238.1870216114968,0.49911836955523675
238.1909571559536,0.447870387319208
238.19489270041032,0.4148368447730606
238.19882824486703,0.1676499082242821
238.20276378932385,0.917983867456695
238.20669933378056,2.2035887049993494
238.21063487823733,1.3562550002684743
238.21457042269407,0.12701931187146975
238.21850596715083,0.10507919890978679
238.2224415116076,0.5119012561673252
238.22637705606436,1.0868842110637815
238.23031260052107,1.2236673313290491
238.2342481449778,0.9359178967296553
238.23818368943455,0.3076494553399006
238.2421192338913,0.04366915212391054
238.24605477834808,0.004491100481477631
238.2499903228048,0.6100414039669102
238.2539258672616,1.6879391315834154
238.25786141171832,0.6635016871659649
238.2617969561751,0.8940462233880081
238.26573250063183,1.1581063048691775
238.2696680450886,0.2808452044385076
238.27360358954533,1.850385777016573
238.2775391340021,0.6607606241894277
238.28147467845884,0.8974548048084238
238.2854102229156,1.331311477991111
238.28934576737237,0.6319667948037946
238.2932813118291,0.31720837096400034
238.29721685628584,0.07919885487870526
238.3011524007426,0.32096090216332324
238.30508794519932,0.13539050370696762
238.30902348965608,1.0932321128364229
238.31295903411285,0.637529875410443
238.3168945785696,0.2917342889784528
238.32083012302635,2.3719976804991942
238.3247656674831,2.137843232876995
238.32870121193983,1.7798225383823103
238.3326367563966,2.661628611300472
238.33657230085336,0.5674017302810741
238.3405078453101,0.40599355737481174
238.34444338976687,0.6954178598431097
238.3483789342236,0.18301896734780707
238.3523144786804,0.4765813178341674
238.3562500231371,1.1374799420233073
238.36018556759387,0.3690473692525788
238.3641211120506,2.0669230434405725
238.36805665650735,4.320114258640753
238.3719922009641,1.8131308769456314
238.37592774542088,0.6125876457643971
238.3798632898776,0.9388783114492281
238.3837988343344,0.22718574187765062
238.38773437879112,0.166913428757849
238.39166992324783,0.38202022189250157
238.39560546770463,1.4170440627850382
238.39954101216136,1.2630554474562294
238.40347655661813,0.08999608481912673
238.40741210107487,2.6856809212141233
238.41134764553163,2.5794330153914986
238.4152831899884,0.38391129797051965
238.41921873444517,0.9389742544484136
238.42315427890188,0.6080813630175985
238.42708982335864,0.012477646694551658
238.43102536781535,1.8125007004078977
238.43496091227212,2.7707088415565724
238.43889645672888,1.3441772730869321
238.44283200118565,3.2430071913190472
238.4467675456424,1.306796746025479
238.45070309009915,0.32114819093902336
238.4546386345559,1.533412034461128
238.45857417901263,1.2224827243945713
238.4625097234694,0.6417581048561202
238.46644526792613,0.21016239140567228
238.4703808123829,0.0005296399347235658
238.47431635683964,0.3846592116186459
238.4782519012964,0.09530286940914855
238.48218744575317,0.870500653580286
238.4861229902099,3.9171333891504876
238.49005853466664,5.115458832135639
238.4939940791234,2.162438453236516
238.49792962358012,0.3093545364746135
238.5018651680369,3.814981909560255
238.50580071249365,3.6040298530356725
238.5097362569504,0.34596360933297
238.5136718014072,0.41325684486062425
238.51760734586392,0.4717028137001438
238.52154289032063,0.05387711206684065
238.52547843477743,1.3731007113970846
238.52941397923416,2.6288745307693704
238.53334952369093,1.4230467907884385
238.53728506814767,0.1996006316191571
238.5412206126044,0.19730678050408304
238.5451561570612,0.003832752347098495
238.5490917015179,0.10858664304800174
238.55302724597468,2.110105075046882
238.5569627904314,3.4523837693861585
238.56089833488815,0.42465791987085144
238.5648338793449,3.7457372731010317
238.56876942380168,4.230872421743012
238.5727049682584,0.6612306088762585
238.5766405127152,1.0635682703034335
238.58057605717192,2.9867604058814834
238.5845116016287,2.7173974852679073
238.58844714608543,0.5445234377499963
238.5923826905422,0.050287876052189144
238.59631823499893,0.34946259423158094
238.6002537794557,0.2244109225969782
238.60418932391244,0.17201954173689157
238.6081248683692,0.5899690418480461
238.61206041282597,0.2155826470280952
238.6159959572827,0.14706826140934864
238.61993150173944,1.1231476266859675
238.62386704619615,0.8641792266763785
238.62780259065292,0.18301780340716203
238.63173813510969,0.6167740885190587
238.63567367956645,0.011475274706873248
238.6396092240232,0.6503442134646616
238.64354476848,0.31418281723331576
238.6474803129367,0.5462361923898741
238.65141585739343,0.14755643499486926
238.6553514018502,0.36435295571381393
238.65928694630696,0.29484840656569394
238.6632224907637,0.43234769939352397
238.66715803522047,1.424056024173562
238.6710935796772,0.18222892567944532
238.675029124134,0.19665002264389325
238.6789646685907,0.14114601344287184
238.68290021304747,0.8679962457299987
238.6868357575042,0.2342753050330151
238.69077130196095,0.11179900791948005
238.6947068464177,0.11938057816631636
238.69864239087445,0.7102032375877448
238.7025779353312,0.22121424368072115
238.706513479788,0.5013531797914831
238.71044902424472,0.650098189898092
238.71438456870143,0.20117062832416638
238.71832011315823,1.2895429254088944
238.72225565761497,0.014861778800767797
238.72619120207173,2.4328574772965927
238.73012674652847,2.719380173552953
238.73406229098524,0.3351582873220517
238.737997835442,2.3861397986238004
238.74193337989877,0.7474442197894449
238.74586892435548,1.1320406139947201
238.74980446881224,2.2821895006893547
238.75374001326895,0.059002968441486295
238.75767555772572,2.8689328448676243
238.76161110218248,0.9626644967682386
238.76554664663925,1.1797338401816553
238.769482191096,4.224778192364546
238.77341773555275,2.4982229404972656
238.7773532800095,0.08509115958325493
238.78128882446623,1.4931820584131452
238.785224368923,0.8904578912347646
238.7891599133797,0.4721254312677198
238.7930954578365,2.997545931882016
238.79703100229324,3.5225491928103008
238.80096654675,2.8471970125559283
238.80490209120677,2.553686434383102
238.8088376356635,1.594396441284904
238.81277318012025,0.9535895398820773
238.816708724577,0.9353190524402593
238.82064426903372,0.3710519505301978
238.8245798134905,0.8053298522766075
238.82851535794725,0.709796593861282
238.832450902404,0.17878183904621406
238.8363864468608,2.2166818907125854
238.84032199131752,1.8607525825488997
238.84425753577423,0.8033891382267743
238.84819308023103,1.0618206019836114
238.85212862468777,0.6336526003632788
238.8560641691445,0.3696282551518712
238.85999971360127,0.054379233107635754
238.863935258058,0.6571354620920387
238.8678708025148,0.30716056411292375
238.8718063469715,0.5776962476509419
238.87574189142828,0.998171674805042
238.879677435885,0.054763512029940425
238.88361298034175,1.0948480351078598
238.8875485247985,1.9303783265417416
238.89148406925528,0.17102227065251066
238.895419613712,0.6182648198275352
238.8993551581688,0.7976750787439313
238.90329070262555,0.3284882002213993
238.9072262470823,0.1747608913349811
238.91116179153903,0.370362321287249
238.9150973359958,0.2718214115858606
238.91903288045253,0.19160038020888065
238.9229684249093,0.6516816989162912
238.92690396936604,0.8788165116105292
238.9308395138228,0.5062376985116253
238.93477505827957,1.0782865753472615
238.93871060273628,2.731337642009573
238.94264614719305,1.6689457161287622
238.94658169164975,0.19907489355200464
238.95051723610652,1.3539449798164547
238.9544527805633,1.1622637465483536
238.95838832502005,0.11818660685114621
238.9623238694768,2.51983948236855
238.9662594139336,5.176825423068508
238.9701949583903,2.035945724424367
238.97413050284703,1.3330970758040246
238.9780660473038,2.662653064861165
238.98200159176056,1.646178232132324
238.9859371362173,0.5714637874359725
238.98987268067407,0.18868862867534436
238.9938082251308,0.06691386170796666
238.9977437695876,0.019724678170845073
239.0016793140443,0.5075756266944855
239.00561485850108,0.6479466776537373
239.0095504029578,0.3386866813128505
239.01348594741452,0.6188816356078846
239.0174214918713,4.924294146871202
239.02135703632808,8.09441633489967
239.0252925807848,1.841731092396848
239.0292281252416,2.0301806212400217
239.03316366969835,2.537313414678384
239.03709921415503,0.9882769312571853
239.04103475861183,6.2820372713392185
239.04497030306857,6.61301997457831
239.04890584752533,2.2317627558465825
239.05284139198207,1.0794922072683903
239.05677693643884,1.2969899352885925
239.0607124808956,1.1101631163552712
239.06464802535237,1.5159057873958215
239.06858356980908,0.6506352690559711
239.07251911426584,0.3280267103745694
239.07645465872255,1.0682139080568005
239.08039020317932,1.1052121145891896
239.0843257476361,1.4039829582735603
239.0882612920928,1.509008073223662
239.0921968365496,0.6062593751395233
239.09613238100636,0.7490981025088617
239.1000679254631,0.9516871166557463
239.10400346991983,0.3076772526301346
239.1079390143766,0.8660060743975438
239.1118745588333,1.652946105385557
239.1158101032901,1.443753976277465
239.11974564774684,0.7269849428350497
239.1236811922036,0.1010976123212423
239.12761673666037,0.2592161003376806
239.1315522811171,1.133272610224374
239.13548782557385,1.4375269117278109
239.1394233700306,1.3361598169529727
239.14335891448732,0.962277454300354
239.1472944589441,0.5846342035495332
239.15123000340083,0.4062991622527907
239.1551655478576,0.5152964090513593
239.1591010923144,1.4274844583398154
239.16303663677112,0.9030224582266356
239.16697218122783,0.9975244571332215
239.1709077256846,1.2029011810813213
239.17484327014137,0.047037520253595956
239.1787788145981,1.404034520041297
239.18271435905487,2.874799571786765
239.1866499035116,3.0142615233200676
239.1905854479684,0.533481830977966
239.1945209924251,1.446246025667613
239.19845653688188,4.207110593380127
239.20239208133864,2.9174919940926
239.20632762579535,3.0360851882216195
239.2102631702521,1.9898431127967071
239.21419871470889,0.269121109012419
239.2181342591656,2.747684005939945
239.2220698036224,2.6283177999053797
239.22600534807916,0.40721578554914284
239.2299408925359,0.05236116325706213
239.23387643699263,0.004549639594989646
239.2378119814494,0.006193948914968152
239.2417475259061,0.04749980678151751
239.24568307036287,0.14601812085559623
239.24961861481964,0.004658044415385085
239.2535541592764,0.28944393780391064
239.25748970373317,0.785095906661016
239.26142524818988,0.7874914420206112
239.26536079264665,0.7462622569981623
239.26929633710336,2.04569273253057
239.27323188156012,2.2727126066871284
239.2771674260169,0.7653742046664114
239.28110297047365,0.1595020486519642
239.2850385149304,0.11559260928483008
239.2889740593872,0.011301380967037766
239.2929096038439,0.35080763119779257
239.29684514830063,0.6554057594394972
239.3007806927574,0.40422988423453343
239.30471623721417,0.5973380045671899
239.3086517816709,0.05181213191101521
239.31258732612767,0.7383379629168202
239.3165228705844,0.6864099223427822
239.3204584150412,0.12436043594665563
239.3243939594979,0.39695498852605765
239.32832950395465,0.23647168422955672
239.3322650484114,0.15924085154918954
239.33620059286812,0.7211235671062873
239.3401361373249,1.3115965331744577
239.34407168178168,0.7595494487680174
239.3480072262384,0.007764283052587658
239.3519427706952,0.7855218073944576
239.35587831515195,2.2349370908288857
239.35981385960864,2.258670692722656
239.36374940406543,0.6583452972855711
239.36768494852217,1.205346895998929
239.37162049297893,0.21855617695437854
239.37555603743567,0.9731838149300212
239.37949158189244,2.710391299342935
239.3834271263492,2.277492500244301
239.38736267080597,0.4818988876669253
239.39129821526268,0.7227920970156231
239.39523375971945,2.4719422546949907
239.39916930417616,1.543431896106341
239.4031048486329,0.28981803391111455
239.4070403930897,0.5764142512037006
239.41097593754645,0.5744445722001115
239.4149114820032,0.665921350326258
239.41884702645996,4.169818528919966
239.4227825709167,3.1941929535935216
239.42671811537343,0.40881961266157235
239.4306536598302,0.173361575609289
239.4345892042869,0.31630638834587427
239.4385247487437,0.3402734552679623
239.44246029320044,0.15266953570880706
239.4463958376572,0.520618071405537
239.45033138211397,0.9230606303493276
239.4542669265707,0.10182493732459391
239.45820247102745,1.0912432315237575
239.4621380154842,1.6820752650320814
239.46607355994092,0.3141994440748081
239.4700091043977,0.1209076539570697
239.47394464885448,0.013996231644518525
239.4778801933112,0.3410182374162628
239.481815737768,0.7894770008339116
239.4857512822247,0.37525702676811684
239.48968682668144,0.06449933996013762
239.4936223711382,0.16780830045609185
239.49755791559497,0.32259152929784
239.5014934600517,0.18326451709558655
239.50542900450847,0.9919992321708733
239.5093645489652,0.758197135544519
239.513300093422,0.11117865069514213
239.5172356378787,0.35403985050144043
239.52117118233548,0.13361461165409308
239.52510672679225,0.38833635756165413
239.52904227124895,0.11784503806426244
239.5329778157057,1.2913769545240428
239.5369133601625,6.040154230296142
239.5408489046192,5.905502231957478
239.544784449076,0.2557627078117891
239.54871999353276,4.336925246723404
239.5526555379895,8.822670679678573
239.55659108244623,2.858299890521042
239.56052662690297,3.790383037290778
239.5644621713597,8.067485523127742
239.56839771581647,1.8272634792506735
239.57233326027324,0.7140706149038071
239.57626880473,1.4731998723762803
239.58020434918677,1.1115552755759508
239.58413989364348,0.28338864234057715
239.58807543810025,2.4429792140932696
239.59201098255696,2.1107881498337138
239.59594652701372,0.050029255142373934
239.5998820714705,0.6810596311931835
239.60381761592728,1.071135614255334
239.607753160384,3.8317477721196984
239.6116887048408,1.000261512951633
239.6156242492975,1.1732672762568317
239.61955979375423,0.7485604703595002
239.623495338211,0.5936263143051671
239.62743088266777,2.3271731188818627
239.6313664271245,0.34033170791270156
239.63530197158124,1.106422467535381
239.639237516038,3.627458913351512
239.64317306049475,1.996515770741907
239.6471086049515,0.6278848276242278
239.65104414940825,1.2179218339053106
239.65497969386504,0.826690106683498
239.65891523832173,0.9963463947406482
239.6628507827785,0.5566165911615222
239.6667863272353,1.3475366508207456
239.670721871692,0.7316412472216766
239.6746574161488,0.006036891020841729
239.67859296060556,0.305017053793636
239.6825285050623,2.8879973126876433
239.68646404951903,3.9158396255573154
239.69039959397577,0.7597155897725071
239.6943351384325,0.24849567263342415
239.69827068288927,0.47636840867978386
239.70220622734604,0.10362487875166239
239.7061417718028,0.012108071335908549
239.71007731625957,0.5201632868673839
239.71401286071628,1.7132581837168288
239.71794840517305,1.4386289312148368
239.72188394962976,0.1515868249778745
239.7258194940865,0.8201459858439555
239.7297550385433,0.9616818018510433
239.73369058300003,0.7023616132285277
239.7376261274568,1.2986868076670959
239.74156167191356,2.0270337544747017
239.7454972163703,4.367091438300447
239.74943276082703,3.312396637598787
239.7533683052838,8.290959884452521
239.7573038497405,6.4541065762171685
239.7612393941973,1.2501008107872562
239.76517493865404,3.750388603732661
239.7691104831108,4.03273562815368
239.77304602756757,0.7141767277414833
239.7769815720243,3.2634354982378486
239.78091711648105,4.275380317917264
239.78485266093784,3.6344700278485362
239.78878820539452,2.1555039804021003
239.7927237498513,0.9421164765822404
239.79665929430809,2.6692508453835346
239.8005948387648,12.713854921367137
239.8045303832216,4.884829746806644
239.8084659276783,13.240093962247974
239.81240147213504,22.842666160829744
239.8163370165918,3.213509945586626
239.82027256104857,0.7664829992166823
239.8242081055053,4.834429029397804
239.82814364996207,14.90994551270041
239.8320791944188,1.3624057240741327
239.8360147388756,2.3336901548148874
239.8399502833323,12.476166789528126
239.84388582778908,62.945336552181026
239.84782137224585,40.038941997673355
239.85175691670256,6.868502952070197
239.8556924611593,10.562960035454362
239.8596280056161,0.13237179053033293
239.86356355007285,4.323954551086717
239.8674990945296,0.5855224508694066
239.87143463898636,11.890385146989518
239.87537018344307,14.11315121611688
239.87930572789983,4.5548688565655455
239.88324127235657,2.360513150907369
239.8871768168133,3.275749814766477
239.89111236127007,2.167734696381672
239.89504790572684,12.08443611828475
239.8989834501836,12.904574462940372
239.90291899464037,5.243268236255869
239.90685453909708,0.43821515647208387
239.91079008355385,2.8275578477586136
239.9147256280106,13.625116805818733
239.91866117246732,12.00531088366725
239.9225967169241,0.40582969172429034
239.92653226138088,2.771107367345041
239.9304678058376,0.6601773499762554
239.9344033502944,1.448252708259512
239.9383388947511,4.28739622907809
239.94227443920784,6.359653287310461
239.9462099836646,6.363885911948627
239.9501455281213,3.309451580332454
239.9540810725781,4.484143168132844
239.95801661703484,3.8659938805014367
239.9619521614916,0.8208528705398573
239.96588770594835,3.8534773191478386
239.9698232504051,2.028970346183638
239.97375879486185,0.307715060304607
239.97769433931865,0.7836598435585217
239.98162988377533,2.6600096924168803
239.9855654282321,0.03748502220678845
239.9895009726889,5.578664493733641
239.9934365171456,9.247285472727434
239.9973720616024,4.602062958533847
240.00130760605916,4.0008478950805575
240.00524315051587,1.9809148230227784
240.00917869497263,0.3847530813592988
240.01311423942937,0.2928195177427124
240.0170497838861,1.4793057245501056
240.02098532834287,1.2609662225213032
240.02492087279964,1.7631791979257792
240.0288564172564,0.9973765410660871
240.03279196171312,0.5237397716501532
240.03672750616988,0.2212601246142939
240.04066305062665,0.21744937473559875
240.0445985950834,2.971016559051985
240.04853413954007,5.158607748100834
240.0524696839969,1.0385641116905313
240.05640522845363,0.92989631715615
240.0603407729104,2.8336948473649377
240.06427631736716,1.3918254125699803
240.0682118618239,1.6168868161072119
240.07214740628064,0.9155126188997963
240.0760829507374,0.19317089146651736
240.0800184951941,0.7791044240981205
240.0839540396509,2.457032006712293
240.08788958410764,3.4437627444570627
240.0918251285644,0.06962747873039767
240.09576067302115,9.841207318813325
240.0996962174779,12.88246644447321
240.10363176193465,0.617141584474829
240.1075673063914,6.32736285946686
240.11150285084813,7.863706936979469
240.1154383953049,0.698170778556531
240.1193739397617,3.8015247911855523
240.1233094842184,3.015712373053943
240.1272450286752,0.0055778678705745936
240.1311805731319,3.5458938599439915
240.13511611758867,8.54017776214446
240.1390516620454,2.8788184363120504
240.14298720650217,0.7077865394696051
240.1469227509589,3.9290140037027736
240.15085829541567,1.0268639279288914
240.1547938398724,3.409199276992235
240.1587293843292,7.978148945322465
240.16266492878592,3.7855589431432777
240.16660047324268,1.0310292791101219
240.17053601769945,4.271928836548901
240.17447156215616,11.571716479149957
240.17840710661287,3.702275370133703
240.1823426510697,1.6427698486204418
240.18627819552643,5.001947277810442
240.1902137399832,1.148118017247548
240.19414928443996,2.5037996667312887
240.19808482889667,0.30121904059937216
240.20202037335343,1.1692781593400183
240.20595591781017,0.5628560445312427
240.2098914622669,2.117424197483683
240.21382700672368,1.0896683880792484
240.21776255118044,0.12734992139633247
240.2216980956372,1.3051370590567506
240.22563364009395,0.3727339589567549
240.22956918455068,0.4080978178936453
240.23350472900745,1.6713760366491044
240.2374402734642,1.8975220938678963
240.24137581792093,0.753201741532668
240.2453113623777,6.513834334190462
240.2492469068345,6.767990344915908
240.2531824512912,3.6158777282475647
240.257117995748,9.700887522533462
240.2610535402047,2.1457472603226897
240.26498908466144,1.7786796292931972
240.2689246291182,0.9995528530673532
240.2728601735749,7.183094755625671
240.2767957180317,8.012527093672613
240.28073126248844,1.4184635117654611
240.2846668069452,0.8764039525391263
240.28860235140195,0.9784811885808744
240.29253789585871,1.354601765032771
240.29647344031545,2.020013866999844
240.30040898477225,2.0383540128714674
240.30434452922896,0.7113132310955806
240.3082800736857,1.945156710103591
240.3122156181425,2.812054018333515
240.31615116259923,2.697593769485537
240.320086707056,1.4749189328385455
240.32402225151276,0.8890915496987994
240.32795779596947,0.19006592662563657
240.33189334042623,0.8603946153157189
240.33582888488297,1.2491809020277316
240.3397644293397,1.2343748758223738
240.34369997379648,5.050279039828136
240.3476355182532,5.740291553215599
240.35157106271,0.4079977289212791
240.35550660716672,5.962910393552358
240.35944215162348,8.388228383040214
240.36337769608025,1.318265416276736
240.367313240537,0.7445172109745047
240.37124878499367,2.7420261416422016
240.3751843294505,16.727976596259552
240.37911987390723,15.43177828286255
240.383055418364,1.357944918419987
240.38699096282076,12.073832225062256
240.3909265072775,23.921210810853136
240.39486205173424,7.199155427296338
240.398797596191,14.020213297794452
240.4027331406477,5.1102447170398735
240.4066686851045,2.4946046438003777
240.41060422956124,3.703250264974007
240.414539774018,18.3278453266661
240.41847531847475,37.79436518235898
240.42241086293149,48.43583913640013
240.42634640738825,35.14118937397316
240.430281951845,3.7827958291386814
240.43421749630176,9.289178812834951
240.4381530407585,7.980086859068322
240.4420885852153,9.984080528392534
240.446024129672,63.506075026788956
240.4499596741288,36.01452968135488
240.4538952185855,0.9191917642378472
240.45783076304227,11.365712344464766
240.461766307499,2.5185622022309047
240.46570185195577,15.544506466407025
240.4696373964125,2.06091580548721
240.47357294086927,4.484173819344015
240.477508485326,5.587347088534961
240.4814440297828,8.340770837694816
240.48537957423952,0.1515757508405748
240.48931511869628,9.584134023813219
240.49325066315305,5.101586745244597
240.49718620760976,3.6228274792457067
240.50112175206647,17.87348277260246
240.5050572965233,9.698673812014066
240.50899284098003,0.889940034892635
240.5129283854368,2.2147410118198674
240.51686392989356,2.658865677778832
240.52079947435027,2.0136276826781265
240.52473501880704,3.3022695211918904
240.52867056326377,2.5824282684206716
240.5326061077205,6.784956088067924
240.53654165217728,18.452567955313288
240.54047719663404,7.668424297769934
240.5444127410908,2.7068912261912033
240.54834828554755,3.6182073322230957
240.55228383000428,2.101027269389814
240.55621937446105,0.7930474767359372
240.5601549189178,5.19421267168334
240.56409046337453,6.406996496374316
240.5680260078313,1.9013044585647252
240.5719615522881,0.7504144276610452
240.5758970967448,0.4507087716665494
240.57983264120156,2.767974275465682
240.5837681856583,4.1533267688028115
240.58770373011504,1.4999719997484837
240.5916392745718,3.8631173342841567
240.5955748190285,6.612095946470398
240.5995103634853,0.6488055610781251
240.60344590794205,2.282478402021444
240.6073814523988,1.5676331326751125
240.61131699685555,1.550256471130373
240.61525254131232,0.45187866240803765
240.61918808576905,5.493073001846117
240.62312363022585,4.551891952771287
240.62705917468256,1.5071715005604196
240.63099471913927,0.18264046808851872
240.6349302635961,1.7300149722728784
240.63886580805283,1.0668243831101114
240.6428013525096,1.876916695646904
240.64673689696636,1.2572200881100128
240.65067244142307,0.9018586259263977
240.6546079858798,1.2978320113521635
240.65854353033657,0.69432862710506
240.6624790747933,2.699302899506484
240.66641461925008,0.5720439840346776
240.6703501637068,1.2139508941791894
240.6742857081636,3.0488840658330636
240.67822125262032,2.319776739624091
240.68215679707708,0.2913405147677583
240.68609234153385,1.8937163345382197
240.6900278859906,0.6529044532021021
240.69396343044733,0.8191701900633491
240.6978989749041,1.994164257083735
240.70183451936083,0.38235365079618977
240.7057700638176,0.5282370529299326
240.70970560827436,0.7815911639586914
240.7136411527311,0.43862778229396027
240.71757669718784,0.08287797548274331
240.7215122416446,1.1699315334701954
240.7254477861013,2.150799760529854
240.72938333055808,0.6123950776329857
240.73331887501485,0.07700653375921254
240.7372544194716,0.6286507866140105
240.74118996392835,0.49790164141673415
240.7451255083851,0.15608750825554404
240.74906105284185,1.0182285319469973
240.7529965972986,0.24346146888755263
240.75693214175536,1.8478212315861324
240.7608676862121,1.5414481393360104
240.7648032306689,1.2012491933904426
240.7687387751256,1.9354849408468644
240.7726743195824,0.15957383558009
240.7766098640391,0.8176795101902994
240.78054540849587,1.89901380251984
240.7844809529526,0.9006815044780231
240.78841649740937,0.3937980641873771
240.7923520418661,0.1928945009176104
240.79628758632288,0.38582409642504933
240.8002231307796,0.3121635765194352
240.8041586752364,0.3215248366356869
240.80809421969312,1.108433476633013
240.81202976414983,0.273035339639039
240.81596530860665,1.0323113085949793
240.81990085306336,1.4645229942977527
240.82383639752013,2.8045242707203224
240.8277719419769,2.9895612182382796
240.83170748643363,1.096360943386993
240.8356430308904,3.655194703387551
240.83957857534716,4.7694127510912105
240.84351411980387,1.4977318037812266
240.84744966426064,0.09909748050316207
240.85138520871735,0.7968069528214878
240.8553207531741,0.15020655575645941
240.85925629763088,1.4501175391658156
240.86319184208764,2.98595783049291
240.8671273865444,0.5066714456362743
240.87106293100115,1.0350825531108272
240.8749984754579,3.4365459903760835
240.87893401991465,2.270822864271163
240.8828695643714,0.10037668805729061
240.88680510882813,0.8346285327355152
240.8907406532849,1.2974719848018423
240.89467619774163,0.40994259011173984
240.8986117421984,0.37788621774910386
240.90254728665516,1.9215693413391035
240.9064828311119,1.125752918406484
240.91041837556864,0.3664048167984301
240.9143539200254,3.1969550051786046
240.91828946448211,2.1756098354249387
240.9222250089389,1.0216847182847468
240.92616055339565,2.722010923788594
240.9300960978524,1.521299698287635
240.93403164230915,0.9594965990117378
240.93796718676592,0.771753668928256
240.94190273122263,0.1682774327892344
240.94583827567945,2.0436322137295693
240.94977382013616,2.3520406289242186
240.95370936459287,0.9589249008444395
240.9576449090497,1.8805997928111835
240.96158045350643,1.9599831535925074
240.9655159979632,0.10149439939883244
240.9694515424199,0.3222424933229744
240.97338708687667,0.06821095232246419
240.9773226313334,0.16019498512843716
240.98125817579017,0.3813198995045505
240.9851937202469,0.5818229623238568
240.98912926470368,0.24392046297661574
240.9930648091604,0.3156759679280731
240.9970003536172,0.4796096366162705
241.00093589807392,3.2065189846831137
241.00487144253069,2.000597931489088
241.00880698698745,0.2668190563890859
241.0127425314442,0.31564412431566424
241.01667807590093,1.9309624519629258
241.0206136203577,1.6522144671571517
241.02454916481443,0.26936067628118276
241.0284847092712,1.8359372211903513
241.03242025372796,1.3373090034093875
241.0363557981847,0.9574359215522826
241.04029134264144,3.1673647794434956
241.04422688709815,5.273670096595398
241.0481624315549,0.3159746930698684
241.05209797601168,1.6665540694386627
241.05603352046845,0.6759973970119657
241.0599690649252,2.921594847340305
241.06390460938195,4.212384965422919
241.0678401538387,0.4395538015875757
241.07177569829545,0.1331285820282264
241.0757112427522,0.16420121399266333
241.07964678720896,0.43609277817423464
241.0835823316657,0.6180106879920192
241.0875178761225,1.5026085300373362
241.0914534205792,1.0785315566984373
241.095388965036,0.4460355349482052
241.0993245094927,0.08721962306208228
241.10326005394947,0.19198999261558386
241.1071955984062,0.016842694894014548
241.11113114286297,0.2472020530916968
241.1150666873197,0.18561105544053066
241.11900223177648,0.15286942677519216
241.1229377762332,0.1715184864903288
241.12687332068995,0.03845700270222184
241.13080886514672,0.4505381805821862
241.13474440960343,0.9810956577583342
241.13867995406025,1.6615283653243005
241.14261549851696,2.111593698281481
241.14655104297373,0.6066762255256002
241.1504865874305,0.721989624015087
241.15442213188723,0.5176077491256671
241.158357676344,0.2539373882898156
241.16229322080076,0.7365188119328226
241.16622876525747,0.12090305185816454
241.17016430971424,1.2909403663908399
241.17409985417095,0.7985006804255247
241.1780353986277,0.5925604042241451
241.18197094308448,1.399857989261424
241.18590648754125,1.7527896087456878
241.189842031998,1.1878392379084495
241.19377757645475,3.9589491006547006
241.1977131209115,5.37863409780068
241.20164866536825,1.7431543203760052
241.205584209825,0.44588624622161477
241.20951975428173,0.9548538466611071
241.2134552987385,2.2328702068281654
241.21739084319523,4.173648955271058
241.221326387652,2.7486782017134743
241.22526193210876,0.18987612866725692
241.2291974765655,1.8175496962886464
241.23313302102224,0.9592440282211014
241.237068565479,0.10790412575981748
241.24100410993572,0.520246623265515
241.2449396543925,0.08467599122833933
241.24887519884925,0.1757257922668644
241.252810743306,0.35285561757028444
241.25674628776275,1.4296789711467783
241.26068183221952,0.9180913163795301
241.26461737667623,0.0418500025029131
241.26855292113305,1.3575896431589811
241.27248846558976,0.9710823304529828
241.2764240100465,0.2141815094352364
241.2803595545033,1.199224570855293
241.28429509896,0.2720465883309542
241.2882306434168,0.4507879201316607
241.2921661878735,0.8882968843220097
241.29610173233027,0.05229051096635069
241.300037276787,0.2936114363208838
241.30397282124375,0.25055412798742915
241.3079083657005,0.0004989628908113854
241.31184391015728,0.04669214748459068
241.315779454614,0.0012900860122376707
241.3197149990708,0.019318739795857333
241.32365054352752,0.05254110388154454
241.3275860879843,0.22478828727698086
241.33152163244105,0.011463058134851883
241.3354571768978,0.24483095855484543
241.33939272135453,0.3070436841628949
241.3433282658113,0.3747276470044701
241.34726381026803,0.8215580894093326
241.3511993547248,0.840802343238187
241.35513489918156,0.9814770969383306
241.35907044363827,1.588155953133764
241.36300598809504,1.475021097713617
241.36694153255175,0.3094827447964896
241.37087707700852,0.06807314561009362
241.37481262146528,0.41813059561245686
241.37874816592205,0.6153766230293778
241.3826837103788,0.4590449968334906
241.38661925483555,0.381519811536897
241.3905547992923,0.2742607741205551
241.39449034374903,1.3973928763205592
241.3984258882058,0.9035434482344714
241.40236143266256,0.24480826189411517
241.4062969771193,0.4919594853775404
241.4102325215761,0.020982631904379608
241.4141680660328,0.12445654905233285
241.4181036104896,0.19873306357714596
241.4220391549463,0.6379305384420308
241.42597469940307,0.4919756899291621
241.4299102438598,0.10080854166801939
241.43384578831652,0.00785563380925393
241.4377813327733,0.05765747748661153
241.44171687723005,0.1764445743467787
241.4456524216868,1.5875981674286452
241.44958796614355,1.3977086957981963
241.45352351060032,0.8895350371803701
241.45745905505703,0.9509347078414515
241.46139459951385,0.0370055613922614
241.46533014397056,0.8542528813044722
241.46926568842733,1.5420319881474702
241.4732012328841,1.5466124023979295
241.47713677734083,0.7028368589890533
241.4810723217976,0.043434742404468644
241.48500786625436,1.518691396407942
241.48894341071107,1.2391266382837411
241.49287895516784,0.7917249803361743
241.49681449962455,1.4222533421715093
241.50075004408131,0.4165599163757413
241.50468558853808,0.7567586886911672
241.50862113299485,0.31425465907756306
241.5125566774516,0.852792674638851
241.51649222190832,0.9678009451667443
241.5204277663651,3.131379704757348
241.52436331082183,2.102785199711474
241.5282988552786,0.3676576256642389
241.53223439973533,0.014893018038611847
241.5361699441921,0.7195945965821965
241.54010548864883,0.13381794311464218
241.5440410331056,0.6114120926475826
241.54797657756237,1.4079751227628534
241.5519121220191,2.790951866105004
241.55584766647584,1.1953992832670213
241.5597832109326,2.0362870565536024
241.56371875538932,6.103797552702654
241.5676542998461,2.1686220359774477
241.57158984430285,0.16863521275556048
241.5755253887596,0.034006234132271364
241.57946093321635,0.42815561326046075
241.58339647767312,0.25283899065029797
241.58733202212983,0.017925429613380953
241.5912675665866,0.3175800921396785
241.59520311104336,0.7378865377326961
241.5991386555001,1.3855228325575075
241.6030741999569,1.5679755139786575
241.6070097444136,0.7338767949007218
241.6109452888704,0.14932746728681937
241.6148808333271,1.3167202134741773
241.61881637778387,0.826524620957771
241.6227519222406,0.41255791417957527
241.62668746669735,1.6247814008465638
241.6306230111541,1.390996990232522
241.63455855561088,2.424673542663384
241.6384941000676,0.7786183792307622
241.6424296445244,0.8057154382074556
241.64636518898112,1.2823532060685061
241.6503007334379,3.7822073725314374
241.65423627789465,3.0915371529202735
241.6581718223514,0.5986433883825457
241.66210736680813,0.04472495174046242
241.6660429112649,2.291681146587564
241.66997845572163,4.311682044049488
241.6739140001784,0.5753903158112311
241.67784954463517,5.134138884700461
241.68178508909187,4.943031922933517
241.68572063354864,1.2082470747684075
241.68965617800535,0.8800506216570816
241.69359172246212,4.7128303025642095
241.69752726691888,8.355445503306912
241.70146281137565,1.057636763509909
241.7053983558324,8.770568180529708
241.70933390028915,9.625119557154411
241.7132694447459,2.993196758092439
241.71720498920263,1.3925675430571236
241.7211405336594,1.6950177810661289
241.72507607811616,3.558678415551237
241.7290116225729,0.7926136299472748
241.7329471670297,13.443446609116213
241.7368827114864,10.387749443146873
241.7408182559432,1.7432376711877526
241.7447538003999,2.9073346900001478
241.74868934485664,1.2176912655425114
241.7526248893134,0.5229133336287674
241.75656043377012,0.9560587450585081
241.7604959782269,3.940827142997365
241.76443152268365,4.882634420978989
241.7683670671404,1.291057884186547
241.77230261159715,0.319751276637673
241.77623815605392,0.9069535705883418
241.78017370051063,0.13266945077629919
241.78410924496745,0.1734919290374705
241.78804478942416,1.6061960316613526
241.79198033388093,2.5530535734986284
241.79591587833767,1.4950980792406041
241.79985142279443,2.0589127005337904
241.8037869672512,0.4028396375911948
241.80772251170796,0.8965400514045653
241.81165805616467,0.2608098734809971
241.81559360062144,2.9438347638003965
241.81952914507815,1.3784729844879953
241.8234646895349,2.904009924382844
241.82740023399168,8.534093736814139
241.8313357784484,8.175164836027458
241.8352713229052,5.3453271250591365
241.83920686736192,1.1601358674366578
241.8431424118187,0.045958748946818305
241.84707795627543,0.5941805716298312
241.8510135007322,1.6912522286473923
241.85494904518893,2.2703736867757556
241.8588845896457,0.6271629213673445
241.86282013410244,0.4161443705545844
241.8667556785592,2.491631218480842
241.87069122301597,2.661501469382239
241.8746267674727,1.212949054717722
241.87856231192944,0.657019154039509
241.8824978563862,1.6677753034126548
241.88643340084292,1.582030113489343
241.8903689452997,0.1738503250476677
241.89430448975645,0.31306889397027765
241.8982400342132,0.27616965207327154
241.90217557866995,0.20217624997805694
241.9061111231267,0.8563340520051146
241.91004666758343,3.074928140340323
241.9139822120402,1.168223952106445
241.91791775649696,0.2754902626240459
241.9218533009537,0.6769139596742973
241.92578884541047,0.11060979142168244
241.9297243898672,0.3501166135287588
241.933659934324,0.6301017374887327
241.9375954787807,3.1506491993909824
241.94153102323747,1.2475377437529642
241.9454665676942,1.3450812296339874
241.94940211215095,0.4475908226426878
241.9533376566077,0.9193234528947567
241.95727320106448,2.1369414478133275
241.9612087455212,0.7173648468416262
241.965144289978,0.035294802882500094
241.96907983443472,1.2230313612333215
241.9730153788915,1.8465051311469907
241.97695092334823,1.8291376357110938
241.98088646780496,2.6467789070527723
241.98482201226173,0.8353456215411587
241.98875755671847,2.1137510893674487
241.99269310117523,4.036446569371853
241.996628645632,1.803269232483607
242.00056419008877,10.483884549331734
242.00449973454548,12.002892683140807
242.00843527900224,5.387835623104486
242.01237082345895,0.9668417664295004
242.01630636791572,1.9644294441255372
242.02024191237248,2.3253989051958612
242.02417745682925,0.2700279287845683
242.028113001286,0.6469852580980364
242.03204854574275,0.19374700798396982
242.0359840901995,0.07113945720711343
242.03991963465623,1.1586627487396015
242.043855179113,7.472544520389338
242.04779072356976,10.41131257916682
242.0517262680265,3.9422310970721597
242.0556618124833,0.6178102719281341
242.05959735694,1.2731889357138435
242.06353290139677,5.663953454595808
242.0674684458535,7.358663912922969
242.07140399031024,1.8981888086644854
242.075339534767,0.5497208155095952
242.07927507922372,1.9320039269078995
242.0832106236805,2.0775339078148938
242.08714616813725,5.717796375144117
242.091081712594,12.530447235629186
242.0950172570508,4.500380409269155
242.09895280150752,0.9589769719580169
242.10288834596423,6.135031238890756
242.10682389042103,1.4932922517334348
242.11075943487776,3.2884921399440894
242.11469497933453,8.097311207669245
242.11863052379127,2.2891781991371407
242.12256606824803,15.089276001965098
242.1265016127048,16.399905679306073
242.13043715716157,9.805779826640705
242.13437270161828,1.4591627900004247
242.138308246075,5.905744631330219
242.14224379053175,5.635671987667373
242.1461793349885,14.834966809987161
242.15011487944528,53.90004823310584
242.154050423902,36.085548478952845
242.1579859683588,7.937280172121411
242.16192151281552,3.087204781885957
242.1658570572723,19.008451199068578
242.16979260172903,22.22784814494172
242.1737281461858,4.638584376634395
242.17766369064253,12.164640916534971
242.1815992350993,9.602899523983316
242.18553477955604,6.381516065602444
242.1894703240128,6.200879287063416
242.19340586846957,5.529646914596991
242.1973414129263,10.230678216948558
242.20127695738304,22.348240865080225
242.2052125018398,6.21174210815698
242.20914804629652,3.5131103408981867
242.2130835907533,5.934402792533354
242.21701913521005,7.9362062135437625
242.2209546796668,26.913884597680777
242.2248902241236,21.198853025021634
242.2288257685803,4.2265827568481855
242.23276131303703,5.128753063692943
242.2366968574938,4.379183807868881
242.24063240195056,3.8835033263253194
242.2445679464073,9.524109734563277
242.24850349086407,1.0605438016605266
242.2524390353208,1.654155425334629
242.2563745797776,4.909174482750117
242.2603101242343,12.970482232454097
242.26424566869107,2.022294050061437
242.2681812131478,7.970100769860662
242.27211675760455,10.023137508618902
242.2760523020613,4.752831505729712
242.27998784651808,5.167474221779848
242.2839233909748,3.4222659417764993
242.2878589354316,1.8465391973091043
242.29179447988832,1.5043412020613267
242.29573002434503,3.124704999371441
242.29966556880183,1.1555908839215165
242.30360111325857,2.911348407604702
242.30753665771533,0.32948000435457153
242.31147220217207,4.66755519396359
242.31540774662884,2.6572635557186737
242.3193432910856,5.656892635227461
242.32327883554237,6.6258296639196335
242.32721437999908,0.9410672790602005
242.33114992445584,0.8037436346806959
242.33508546891255,1.9253510586856162
242.33902101336932,1.1597832667709713
242.34295655782608,4.849949632635291
242.34689210228285,9.219894200618763
242.3508276467396,1.2329117736339168
242.35476319119635,2.1592884728055166
242.3586987356531,3.8072938955412434
242.36263428010983,3.012888096822342
242.3665698245666,1.3270154884192997
242.37050536902333,0.7912994459580637
242.3744409134801,3.1011213657556667
242.37837645793684,3.31831850471423
242.3823120023936,0.19131133389338142
242.38624754685037,4.251547530078409
242.3901830913071,8.147026088581379
242.39411863576385,0.6917900654590539
242.3980541802206,2.9106572313249868
242.40198972467732,3.688536036025631
242.4059252691341,1.8561842149501846
242.40986081359085,1.4690502613414176
242.4137963580476,0.6572034612977359
242.4177319025044,0.2558442674560819
242.42166744696112,0.1846361573308115
242.42560299141783,0.4417539489728599
242.42953853587463,0.21934441312018496
242.43347408033137,3.540177910443278
242.43740962478813,7.003828476230696
242.44134516924487,5.735491331844075
242.44528071370164,2.2149206026690824
242.4492162581584,0.6311355191014553
242.4531518026151,0.5638686792711983
242.45708734707188,1.1191366359237453
242.4610228915286,0.5626775375556101
242.46495843598535,0.6882848133996897
242.4688939804421,3.3831483828504583
242.47282952489888,5.078756073736196
242.4767650693556,1.6596685280326726
242.4807006138124,1.491475013907074
242.48463615826915,0.7878177049466382
242.4885717027259,0.8802352442482239
242.49250724718263,3.9060856220782556
242.4964427916394,2.3418774015173316
242.50037833609613,0.30816132271020047
242.5043138805529,0.04480375033313197
242.50824942500964,0.07944160556382247
242.5121849694664,0.5125736014624696
242.51612051392317,0.7154190008824716
242.5200560583799,1.3260284723568947
242.52399160283665,6.0660271186913395
242.52792714729335,7.215630625814235
242.53186269175012,1.6693614700033783
242.5357982362069,3.7739648871611196
242.53973378066365,3.4177534790658095
242.5436693251204,0.9044816971923452
242.5476048695772,1.6228235355414273
242.5515404140339,1.6053040020781302
242.55547595849063,1.689713921869439
242.5594115029474,0.9943924821289899
242.56334704740416,0.0886198068667853
242.5672825918609,1.9765099222098927
242.57121813631767,3.0775282429483957
242.5751536807744,4.659483334463507
242.5790892252312,2.1688877359299665
242.5830247696879,2.4588968043977237
242.58696031414468,3.0409143350857564
242.5908958586014,6.052065682042538
242.59483140305815,9.896658635382327
242.5987669475149,2.2437054931214195
242.60270249197168,1.9598307641148132
242.6066380364284,7.5725257360032865
242.6105735808852,1.548193763471076
242.61450912534195,3.5223744131463257
242.61844466979863,8.554299255644429
242.62238021425543,12.259832650522492
242.62631575871217,3.974876883224204
242.63025130316893,8.062126027029484
242.63418684762567,14.641816788972562
242.63812239208244,2.8257148760768147
242.6420579365392,4.354806985791685
242.64599348099597,5.108848382362787
242.64992902545268,5.15503316229743
242.65386456990944,5.643104001410308
242.65780011436615,5.846678391847234
242.66173565882292,1.5750732083616772
242.6656712032797,5.808620599969903
242.66960674773645,4.969522257897243
242.6735422921932,8.168696314006423
242.67747783665,9.80689542336393
242.6814133811067,10.840691617636113
242.68534892556343,4.1684952771565715
242.6892844700202,5.218447882843795
242.6932200144769,4.628434604373434
242.6971555589337,1.6373894046589645
242.70109110339044,3.563420046712861
242.7050266478472,5.165907673074271
242.70896219230397,0.2014388712835587
242.7128977367607,3.6607358796619978
242.71683328121745,2.06320609509648
242.7207688256742,0.25533369923289356
242.72470437013092,0.3044751028301469
242.7286399145877,6.723975842093359
242.73257545904443,7.951308085711897
242.7365110035012,23.33360933814106
242.740446547958,59.79668257592244
242.74438209241472,69.40726298025521
242.74831763687143,79.86257799305437
242.75225318132823,87.7497867857115
242.75618872578497,96.31065718755006
242.76012427024173,119.67091515584232
242.76405981469847,81.80679531789644
242.7679953591552,51.0217872488343
242.771930903612,54.51338949350975
242.7758664480687,47.041493757290986
242.77980199252548,30.685300580071733
242.78373753698224,7.685002209858488
242.78767308143895,2.1276857983740873
242.7916086258957,9.912385733272272
242.79554417035249,22.39169632799596
242.7994797148092,18.587900685313212
242.803415259266,8.096016357481075
242.80735080372276,3.3749495987799367
242.8112863481795,1.3176231278735266
242.81522189263623,5.9439066767446
242.819157437093,7.641918059069571
242.8230929815497,7.549340790450375
242.8270285260065,3.2523528794112533
242.83096407046324,2.7330964820471206
242.83489961492,12.702215634602414
242.83883515937677,1.269101759342216
242.84277070383348,6.609427089338237
242.84670624829025,9.747129778780856
242.85064179274696,3.2424698113264374
242.85457733720372,2.458365364148954
242.8585128816605,1.1008630455674473
242.86244842611725,7.3330277591847945
242.866383970574,1.7527576723306755
242.8703195150308,2.955188101860267
242.8742550594875,0.8315232179861916
242.87819060394423,5.4145156847111
242.882126148401,7.478142848368349
242.88606169285777,0.6627171859031237
242.8899972373145,11.640249209404912
242.89393278177127,5.939790771053187
242.897868326228,1.6730118500597473
242.9018038706848,1.100007311590172
242.9057394151415,6.261326924439724
242.90967495959828,2.428264024430495
242.913610504055,1.8346827260138128
242.91754604851172,2.906353851780048
242.9214815929685,0.4827216647073633
242.92541713742528,0.11749355793917599
242.929352681882,1.1156795071889634
242.9332882263388,0.6900915456681844
242.93722377079555,4.368602881312111
242.94115931525224,2.347100073159381
242.94509485970903,3.408904539149924
242.94903040416577,3.6227723851745557
242.95296594862253,1.1584285185155103
242.95690149307927,5.516042153255477
242.96083703753604,0.48986871735074783
242.9647725819928,4.093727542600036
242.96870812644957,2.5498312361022397
242.97264367090628,2.160778924652385
242.97657921536305,4.060145609402833
242.98051475981975,1.4956934198228637
242.98445030427652,2.0719122065864775
242.9883858487333,0.06123086822136604
242.99232139319005,0.4997886217026695
242.9962569376468,0.2619356032626848
243.00019248210356,3.0542443883599204
243.0041280265603,0.4365659203692762
243.00806357101703,1.6737947159233169
243.0119991154738,1.5469757280537486
243.0159346599305,0.17733022893496656
243.0198702043873,0.952867057810984
243.02380574884404,0.9767775919876177
243.0277412933008,0.9963043831228131
243.03167683775757,0.053376075383449385
243.0356123822143,0.8138037893094329
243.03954792667105,1.6944025117442505
243.0434834711278,4.038493720319282
243.04741901558452,1.470325166784034
243.0513545600413,0.49884758595880363
243.05529010449808,1.0432832122887006
243.0592256489548,0.0694587209324002
243.0631611934116,0.5396994728278112
243.06709673786835,0.47493298473311196
243.07103228232504,0.08143532680214237
243.0749678267818,1.3224376672974525
243.07890337123857,1.9608800470860313
243.0828389156953,2.240094708455212
243.08677446015207,1.9216381618165221
243.0907100046088,0.4852718138464636
243.0946455490656,0.9976910222232415
243.0985810935223,2.165286094835293
243.10251663797908,2.5634642875290323
243.10645218243585,0.2946591598231256
243.11038772689255,2.292159076408989
243.1143232713493,4.206575336559332
243.1182588158061,0.4539289200784636
243.1221943602628,0.24165936890839426
243.1261299047196,1.175687448293547
243.13006544917636,3.8130199108460037
243.1340009936331,1.2500187779879075
243.13793653808983,0.6452757508180914
243.1418720825466,2.123265808559923
243.1458076270033,0.8019237121931337
243.1497431714601,0.23347922173535088
243.15367871591684,0.31508726421373107
243.1576142603736,0.8016643601175238
243.16154980483037,2.524657516721445
243.16548534928708,1.559308693352395
243.16942089374385,3.0025330255982783
243.17335643820056,3.2959012986111795
243.17729198265732,0.6208851062571206
243.1812275271141,0.10430372758540912
243.18516307157088,0.9465228492782021
243.1890986160276,0.6372414087796652
243.1930341604844,0.6285406850201781
243.1969697049411,0.03287448622225274
243.20090524939783,3.3006276924662212
243.2048407938546,3.131635411356942
243.20877633831137,0.22196462562224306
243.2127118827681,3.750484171768375
243.21664742722487,1.4776165742817968
243.2205829716816,0.9886128112497309
243.2245185161384,0.5562444956169142
243.2284540605951,1.901976755868857
243.23238960505185,0.7113886022209622
243.23632514950864,0.10130966844263145
243.24026069396533,0.08667047481866527
243.2441962384221,0.0838997234352483
243.2481317828789,0.14437268968774264
243.2520673273356,0.05430772709194528
243.2560028717924,1.0134539825594135
243.25993841624916,5.393331370008376
243.2638739607059,4.706669010152399
243.26780950516263,1.4498839066583173
243.27174504961937,0.9977722156446819
243.2756805940761,4.423501180248746
243.27961613853287,2.7074001981738687
243.28355168298964,1.3798452200283486
243.2874872274464,1.6594330495999943
243.29142277190317,1.0451565747708713
243.29535831635988,2.027581393204723
243.29929386081665,0.822330765612095
243.30322940527336,0.46861387236504615
243.30716494973012,0.12082861645028667
243.3111004941869,0.10114673358128645
243.31503603864363,0.8784262929150745
243.3189715831004,4.469601069723327
243.32290712755716,3.5845441636646163
243.3268426720139,0.33810687484172397
243.33077821647063,0.3950950215640275
243.3347137609274,0.8070346662777172
243.3386493053841,1.7575220374995153
243.3425848498409,2.299145980578302
243.34652039429764,0.16340177008899445
243.3504559387544,0.6770505794032523
243.35439148321117,1.4599515095958526
243.3583270276679,2.3804979506344286
243.36226257212465,1.7562884315092482
243.36619811658144,0.3908003785689295
243.37013366103812,0.06696392720634387
243.3740692054949,0.2476045851387157
243.37800474995169,1.0178822285135363
243.3819402944084,0.8442086852848014
243.3858758388652,1.0735382872738537
243.3898113833219,3.0845772700091367
243.39374692777864,1.1013870764441853
243.3976824722354,0.8465930978554163
243.40161801669217,3.4398758369423876
243.4055535611489,5.286112970472025
243.40948910560567,2.9551987463064315
243.4134246500624,1.1686387366844297
243.4173601945192,0.8683736449685634
243.4212957389759,0.22348686459672518
243.42523128343268,1.9202866282497573
243.42916682788945,1.3801874223921307
243.43310237234616,1.6777666487831944
243.4370379168029,1.1618247291311945
243.4409734612597,0.6687358718530632
243.44490900571645,1.1162591421245593
243.4488445501732,0.6528661879889643
243.45278009462996,0.1188208889774621
243.4567156390867,0.7271956684770201
243.46065118354343,0.5013453632220606
243.4645867280002,1.5714019213944
243.4685222724569,1.8867167291484859
243.47245781691367,0.04096388229358106
243.47639336137044,0.6489765339206142
243.4803289058272,2.3457461591592343
243.48426445028397,3.6451142179117384
243.48819999474068,0.5307762049748336
243.49213553919745,3.0278065616352654
243.4960710836542,1.0900401976003589
243.50000662811092,0.5184501752083629
243.5039421725677,1.0362234528694618
243.50787771702448,0.5959462783565737
243.5118132614812,0.041977817799904234
243.515748805938,1.1339224016166414
243.5196843503947,0.9535174153398409
243.52361989485144,0.4068425083269105
243.5275554393082,0.5423131691748803
243.53149098376497,1.3120779753391032
243.5354265282217,1.6342844266891903
243.53936207267847,0.730189363892172
243.5432976171352,0.06698567793131703
243.54723316159195,2.4021366327439604
243.5511687060487,2.499559231536857
243.55510425050545,0.4749527786901375
243.55903979496225,4.202950094458941
243.56297533941893,0.6442911600682596
243.5669108838757,0.8571234374641149
243.5708464283325,0.1918126103292114
243.5747819727892,0.23823609629319642
243.578717517246,0.23188755715867745
243.58265306170276,0.8289975379711334
243.58658860615947,0.12321022813932371
243.59052415061623,1.8123787722871254
243.59445969507297,0.6538124964448527
243.5983952395297,1.8214809089554023
243.60233078398647,0.9423580074465168
243.60626632844324,2.8570497001481656
243.6102018729,2.816559767519162
243.61413741735677,0.718305278643473
243.61807296181348,1.617568441227543
243.62200850627025,0.232922056732688
243.62594405072696,1.1522973731189654
243.62987959518367,0.7333123008535689
243.6338151396405,0.2274924026796701
243.63775068409723,0.13016440236627663
243.641686228554,0.10706626391547834
243.64562177301076,0.5038637461967694
243.6495573174675,1.2486168447882389
243.65349286192424,1.1324920286853628
243.657428406381,0.8887553435744313
243.6613639508377,2.2516674474006786
243.6652994952945,3.0358889770247854
243.66923503975124,1.5572270101167505
243.673170584208,0.2616759692300192
243.67710612866475,0.4768331365573402
243.6810416731215,0.5873567450444745
243.68497721757825,0.9258815773490909
243.68891276203505,1.2749090222060397
243.69284830649173,1.4592579945912028
243.6967838509485,1.4958887797886087
243.7007193954053,0.7160869961641225
243.704654939862,0.16261961605104738
243.7085904843188,0.9901798873454472
243.7125260287755,0.9132196018956503
243.71646157323227,1.3076183247827569
243.720397117689,1.798454946590423
243.72433266214577,1.0046186156701948
243.7282682066025,0.3296649889226605
243.73220375105927,0.37535484717742956
243.736139295516,2.1070138465494797
243.7400748399728,3.646444326441088
243.74401038442952,1.837767882299007
243.74794592888628,0.6501442001109445
243.75188147334305,0.16771897598304436
243.75581701779976,0.5204249689298163
243.75975256225647,0.253656638465466
243.7636881067133,3.0039513769494555
243.76762365117003,3.806920306867982
243.7715591956268,1.1357642137609636
243.77549474008356,0.422440964871245
243.77943028454027,2.44677546635381
243.78336582899703,3.5386065693732016
243.78730137345377,1.3416787376591017
243.7912369179105,0.7639059483801863
243.79517246236728,3.537021414519646
243.79910800682404,2.79265656581368
243.8030435512808,0.2750518621742908
243.80697909573755,0.7437749936358757
243.81091464019428,1.505376126255874
243.81485018465105,0.28940635729693054
243.8187857291078,2.355127150011754
243.82272127356453,2.991054482843108
243.8266568180213,0.40529172406816766
243.8305923624781,0.4325379574014043
243.8345279069348,0.2231627090333014
243.8384634513916,0.5887933587815027
243.8423989958483,0.540727003454309
243.8463345403051,0.1521090778221092
243.8502700847618,1.3710968789174371
243.85420562921857,0.4799220631705315
243.8581411736753,1.3203094765037444
243.86207671813204,1.3878283856977107
243.8660122625888,0.44154373274498654
243.86994780704555,0.45708095818227856
243.87388335150231,0.30083143793035394
243.87781889595905,1.2282177477298517
243.88175444041585,0.9146668636686578
243.88568998487256,0.41123729563317263
243.8896255293293,0.21616897116069012
243.8935610737861,0.5711613727952572
243.89749661824283,0.6772442689642579
243.9014321626996,0.18805282894884384
243.90536770715636,0.06336129080265467
243.90930325161307,0.8044530258903515
243.91323879606983,0.9116177458870347
243.91717434052657,1.583124099613603
243.9211098849833,4.4831440681245525
243.92504542944008,1.4886113299940533
243.92898097389684,0.7825724060838138
243.9329165183536,1.2253967995682393
243.93685206281032,0.2045900207498879
243.94078760726708,2.070715171306515
243.94472315172385,1.3078904928421038
243.9486586961806,0.8551969541135632
243.95259424063727,0.14840370777478187
243.9565297850941,0.04992699256230631
243.96046532955083,0.4659428901130903
243.9644008740076,1.1642176698888076
243.96833641846436,0.08151973856269133
243.9722719629211,1.353775699999781
243.97620750737784,0.27226610437972093
243.9801430518346,1.2556116974160147
243.9840785962913,0.00227356306768807
243.9880141407481,5.572090952792325
243.99194968520484,6.790374291011408
243.9958852296616,0.45223921151106516
243.99982077411835,6.105555611184008
244.0037563185751,1.5905636520013826
244.00769186303185,2.3882103120374185
244.01162740748865,3.1511785774547634
244.01556295194536,0.5801167223894291
244.0194984964021,1.6554975495779378
244.0234340408589,0.36612235383514136
244.0273695853156,4.200214329731356
244.0313051297724,0.9737422708825806
244.0352406742291,2.116562114753337
244.03917621868587,3.322161585911025
244.0431117631426,1.774604010918913
244.04704730759937,0.5679007759677672
244.0509828520561,2.0580708373374836
244.05491839651287,2.303568652795554
244.0588539409696,0.22032740951266228
244.0627894854264,0.1157903379844194
244.06672502988312,0.21169222456743453
244.07066057433988,0.49007293562795096
244.07459611879665,2.4536467459882116
244.0785316632534,1.1404774387433256
244.08246720771007,0.30313179538734547
244.0864027521669,1.6266955219175565
244.09033829662363,0.46780958534049133
244.0942738410804,0.3329520090075659
244.09820938553716,0.9143105189575258
244.10214492999387,1.1569574064872996
244.10608047445064,0.06440159621514173
244.11001601890737,2.6763208620209835
244.1139515633641,3.9493502404995344
244.11788710782088,1.3905582668275938
244.12182265227764,0.07836523374783218
244.1257581967344,0.3919931626593943
244.12969374119115,0.5477967207789735
244.13362928564788,0.9997468073693444
244.13756483010465,1.1112993032651093
244.1415003745614,0.23320771011584296
244.14543591901813,0.2580335544129473
244.1493714634749,0.579755147174462
244.1533070079317,0.06814167761028474
244.1572425523884,0.4971766173816817
244.1611780968452,0.5964125721884732
244.1651136413019,0.5927883815380721
244.16904918575864,0.8516491512781065
244.1729847302154,1.7160827668188041
244.1769202746721,2.886550850387043
244.1808558191289,1.39193090306336
244.18479136358565,0.0703954823021489
244.1887269080424,0.23232882525701257
244.19266245249915,0.4728332136247742
244.19659799695592,2.2489972139808283
244.20053354141265,0.675620731325017
244.20446908586945,0.2895749398226545
244.20840463032616,0.41119956908647276
244.21234017478287,1.0406532819710164
244.2162757192397,1.3039957682102665
244.22021126369643,0.6373224326155256
244.2241468081532,1.702724126248136
244.22808235260996,0.028724723415547673
244.23201789706667,3.8787451008991503
244.23595344152344,4.727053085954556
244.23988898598017,1.1881455044779472
244.2438245304369,0.45171041946116597
244.24776007489368,0.05922560167222091
244.2516956193504,0.3157114470704384
244.2556311638072,0.09735980097733334
244.25956670826392,0.48006874591269444
244.26350225272068,0.16921116147933093
244.26743779717745,0.7241643747669247
244.2713733416342,1.2233810551819166
244.27530888609093,0.02924841263134412
244.2792444305477,1.1424157224666365
244.28317997500443,2.0635654300589605
244.2871155194612,0.5199574993644922
244.29105106391796,0.10946337592283102
244.2949866083747,0.4259537840219088
244.29892215283144,0.11191438393394205
244.3028576972882,1.8515620275859368
244.3067932417449,2.4223114756076223
244.3107287862017,0.4947122543984166
244.31466433065845,0.18148622982669482
244.3185998751152,0.38733376656561813
244.32253541957195,0.20886978011331522
244.3264709640287,0.7981022855867819
244.33040650848545,0.5115734317452285
244.3343420529422,0.925286982375553
244.33827759739896,2.0162167596961797
244.3422131418557,0.22826563817946977
244.3461486863125,1.2582503549195636
244.3500842307692,1.9974776576072788
244.354019775226,0.18388597432411857
244.3579553196827,1.4575834637424854
244.36189086413947,5.077323966583447
244.3658264085962,2.320382287758616
244.36976195305297,0.2373282795940685
244.3736974975097,2.776585823504726
244.37763304196648,1.1632387073005146
244.3815685864232,0.2925445933998665
244.38550413088,2.946609030680904
244.38943967533672,2.141107118222065
244.39337521979348,0.43058849200904675
244.39731076425025,1.2769224836657505
244.401246308707,0.5344030509969444
244.40518185316373,0.9860594299490257
244.4091173976205,0.6484358748096918
244.41305294207723,1.0689031061097387
244.416988486534,1.818053652309115
244.42092403099076,1.1030321569036985
244.42485957544747,1.8702458224416034
244.42879511990424,1.4750892005254588
244.43273066436095,0.03348425025231848
244.4366662088177,0.6638118516736281
244.44060175327448,0.5230483367722372
244.44453729773124,0.4532180407415584
244.448472842188,0.5243178713468089
244.45240838664475,0.0840950087691201
244.4563439311015,0.6430521569418616
244.46027947555825,2.754108237036752
244.464215020015,1.9278193002985162
244.46815056447176,0.3013993752902214
244.4720861089285,0.28563581098443586
244.4760216533853,0.6412867417136884
244.479957197842,0.2437401588129372
244.48389274229876,2.033234702626118
244.4878282867555,0.7208565912736892
244.49176383121224,1.0807843454236128
244.495699375669,3.9059815422110367
244.49963492012571,2.71757482905343
244.5035704645825,2.8001346774565805
244.50750600903925,2.685551685916579
244.511441553496,2.33802219759884
244.51537709795275,0.5323405447343479
244.51931264240952,0.785117536504766
244.52324818686623,2.337098714880239
244.52718373132305,1.1455906941808411
244.53111927577976,0.34981822171908356
244.53505482023647,0.11790139887641946
244.5389903646933,0.3077697569896186
244.54292590915003,1.3250615981416543
244.5468614536068,1.4814522415693845
244.55079699806356,1.8414421671395342
244.55473254252027,1.9037118581191013
244.55866808697704,1.1685900010630323
244.56260363143377,0.4628401961090046
244.5665391758905,0.22068889894362764
244.57047472034728,0.41283380607170633
244.574410264804,0.7684883798622708
244.5783458092608,0.47004899981038906
244.58228135371752,0.11097058663452421
244.58621689817429,0.0546625411657663
244.59015244263105,0.4520641350283135
244.5940879870878,0.6454729526532959
244.59802353154453,0.03675255296957363
244.6019590760013,2.172968356376698
244.60589462045803,3.540988874674824
244.6098301649148,0.6814713048307409
244.61376570937156,0.2605977454291376
244.6177012538283,1.0531020182261064
244.62163679828504,0.8940507864419152
244.6255723427418,0.3933681841306169
244.6295078871985,0.07741315561025917
244.6334434316553,0.6318106560627194
244.63737897611205,0.9106635324392658
244.6413145205688,0.18251193377622782
244.64525006502555,0.04345916700023918
244.6491856094823,0.06771009143665112
244.65312115393905,0.05676825029031744
244.6570566983958,0.3366357842343235
244.66099224285256,0.7662622666787291
244.6649277873093,0.5486475708573897
244.6688633317661,0.12029697578019743
244.6727988762228,0.5637641546310476
244.6767344206796,2.2379819858311367
244.6806699651363,1.0102510512774145
244.68460550959307,0.8655736567656757
244.6885410540498,2.861068058296709
244.69247659850657,3.4159614543333228
244.6964121429633,0.9766568369177974
244.70034768742008,1.7431647794644194
244.7042832318768,3.587021785316305
244.7082187763336,2.219977599103498
244.71215432079032,0.10070031162827286
244.71608986524703,1.9998179231980886
244.72002540970385,4.422190203447543
244.72396095416056,1.1157749303326014
244.72789649861733,0.6293208864629021
244.7318320430741,0.7724307309072741
244.73576758753083,0.13283390135725565
244.7397031319876,3.135370222825625
244.74363867644436,4.955170489394218
244.74757422090107,3.3824474467661068
244.75150976535784,3.285233743027442
244.75544530981455,3.2133503635438156
244.7593808542713,2.095341352410646
244.76331639872808,2.1337960548125423
244.76725194318485,2.7592462224115795
244.7711874876416,1.701872227838189
244.77512303209835,0.15120207716786244
244.7790585765551,0.06092509376314006
244.78299412101185,1.1633093547823758
244.7869296654686,3.5540624406144556
244.79086520992536,2.27656927582696
244.7948007543821,0.999185711519887
244.79873629883883,0.2183070087409429
244.8026718432956,0.22752681840239855
244.80660738775236,0.21777930556985794
244.8105429322091,1.956083703354947
244.81447847666584,1.4529605343786973
244.8184140211226,0.1503804846340656
244.82234956557932,0.6485717176253015
244.8262851100361,2.5832365063077622
244.83022065449285,7.67780128386628
244.8341561989496,4.58034086801332
244.83809174340635,0.8740280847497055
244.84202728786312,0.05590952782029631
244.84596283231983,0.21171518315068746
244.84989837677665,1.2290449386951985
244.85383392123336,2.107682504692206
244.85776946569013,3.4260088594770712
244.8617050101469,5.27423555406382
244.86564055460363,2.091879514346511
244.8695760990604,6.441560153898537
244.8735116435171,7.4249704797238545
244.87744718797387,0.8785308211631286
244.8813827324306,0.3836200240506374
244.88531827688735,0.9878261896285553
244.8892538213441,2.150072141395856
244.89318936580088,3.079009978034409
244.8971249102576,1.5202880324660126
244.9010604547144,0.1209030721186061
244.90499599917112,0.6223963769274408
244.9089315436279,1.0052551036909017
244.91286708808465,1.504293286584827
244.9168026325414,0.2016819274969946
244.92073817699813,1.5309521346764963
244.9246737214549,1.6568561873585301
244.92860926591163,0.11122851450003587
244.9325448103684,1.5159878990834283
244.93648035482516,0.9985827267029214
244.9404158992819,0.8065130300819642
244.94435144373864,0.6618302023441628
244.9482869881954,2.769038630069617
244.95222253265212,4.477979236806209
244.95615807710888,3.4728850238307256
244.96009362156565,1.0081813660060386
244.9640291660224,0.9377328219062887
244.96796471047915,2.1086131069746474
244.9719002549359,2.2255408643082077
244.97583579939263,0.34115094481942937
244.9797713438494,0.670169682912096
244.98370688830616,0.8077455657104499
244.9876424327629,3.214518049864096
244.9915779772197,2.0343272607983813
244.9955135216764,0.08531521888028004
244.9994490661332,0.7030033961345188
245.0033846105899,0.3420447847176866
245.00732015504667,2.696822347406261
245.0112556995034,2.505102233240626
245.01519124396015,0.6371698508385835
245.0191267884169,2.0702540426043066
245.02306233287368,1.7210701231621561
245.0269978773304,0.04884458015778665
245.03093342178715,1.2289497508930418
245.03486896624392,1.1555521923027803
245.03880451070063,0.6716197597928546
245.04274005515745,0.4455464147922989
245.04667559961416,0.3166351013019558
245.05061114407093,1.310524894234406
245.0545466885277,0.784087653474276
245.05848223298443,0.014270822192885533
245.0624177774412,0.25366273205669204
245.06635332189796,1.0121668040852478
245.07028886635467,1.2487900141090562
245.07422441081144,0.7184408822612549
245.07815995526815,0.09497582028897922
245.08209549972491,0.6887928026967403
245.08603104418168,0.7598066822699727
245.08996658863845,0.09107920470023653
245.0939021330952,1.0974678841208736
245.09783767755195,1.5026073289255881
245.1017732220087,2.228155917131633
245.10570876646543,2.054537070487223
245.1096443109222,2.6904941689797908
245.11357985537893,1.5876983853750968
245.1175153998357,7.519904833782666
245.12145094429243,10.384361517348477
245.1253864887492,4.450043179724343
245.12932203320597,0.3420898079436467
245.1332575776627,0.31698482055246
245.13719312211944,0.3395816286213277
245.1411286665762,0.042030044336653694
245.14506421103292,0.21085646365145358
245.1489997554897,0.042064300696309696
245.15293529994645,0.8275501262932529
245.1568708444032,1.4590265171667565
245.16080638885995,1.4616009802362075
245.16474193331672,0.9668007927923539
245.16867747777343,0.49545411722843724
245.17261302223025,0.28837531761339175
245.17654856668696,1.0396193666667026
245.18048411114373,1.4828553849806092
245.1844196556005,0.4825595615988599
245.1883552000572,0.3674131045138801
245.192290744514,0.1693660782186953
245.1962262889707,1.4021134825380863
245.20016183342747,2.415097200879771
245.2040973778842,2.6835427702477284
245.20803292234095,1.2885742003527283
245.2119684667977,0.7423015961863004
245.21590401125448,0.5706590553522352
245.2198395557112,0.8616425425424411
245.223775100168,3.1969922864414713
245.22771064462472,1.810045660204724
245.2316461890815,0.9581238540376144
245.23558173353825,1.5075994714521357
245.239517277995,2.718325030178758
245.24345282245173,4.8406556024670495
245.2473883669085,4.611127073979906
245.25132391136523,1.9492101891906433
245.255259455822,0.32103983109622264
245.25919500027877,1.4667939512047945
245.26313054473547,1.5966646747126416
245.26706608919224,0.10267337910570798
245.27100163364895,1.6291496440265778
245.27493717810572,0.6882877889284319
245.27887272256248,3.0259082330843325
245.28280826701925,1.5023070525180928
245.286743811476,0.833625891608071
245.29067935593275,4.186603155656314
245.2946149003895,2.538111532479552
245.29855044484623,0.6914690033890694
245.302485989303,2.9364621355901956
245.30642153375976,3.7142616682574667
245.3103570782165,1.9524713076133546
245.3142926226733,0.24385367151621093
245.31822816713,1.5776287665012159
245.3221637115868,2.0133921278525966
245.3260992560435,0.9782722837149487
245.33003480050027,0.8599223233068929
245.333970344957,0.33027430305902367
245.33790588941375,0.7042177628228472
245.3418414338705,0.09078048272524492
245.34577697832725,0.12669439339615343
245.349712522784,0.3520087663116504
245.35364806724075,0.7724876526199508
245.35758361169752,0.8252376686193974
245.36151915615423,0.8658533952177923
245.36545470061105,0.9230714977988251
245.36939024506776,0.5543622802958669
245.37332578952453,0.8517425002512564
245.37726133398127,0.29877578497332813
245.38119687843803,0.42557086990984655
245.3851324228948,1.9438772714552932
245.38906796735156,3.009655082172468
245.39300351180827,1.9452202833911347
245.39693905626504,0.2382817840228495
245.40087460072175,2.0863185897949212
245.40481014517852,1.1325798018705326
245.40874568963528,0.19846200736478675
245.41268123409205,1.1804501789194293
245.4166167785488,0.7677411598221265
245.42055232300552,0.04626015973662214
245.4244878674623,0.8921750608927809
245.42842341191903,1.720839549123374
245.4323589563758,1.666016376320947
245.43629450083253,0.07047093398423032
245.4402300452893,1.2516899262251173
245.44416558974604,1.0067529519650964
245.4481011342028,0.173986299509141
245.45203667865957,0.5616034172808854
245.4559722231163,0.7427493036240428
245.45990776757304,1.3548150216751842
245.4638433120298,1.2775038079891103
245.46777885648652,0.01905650687235788
245.4717144009433,1.2835825508255256
245.47564994540005,0.9687965645836804
245.4795854898568,0.19546585075830902
245.48352103431355,0.3653490505262543
245.48745657877032,0.6348479774204256
245.49139212322703,1.3999171880055252
245.49532766768385,0.14053294199348956
245.49926321214056,0.447792404228597
245.5031987565973,0.3810083068953986
245.50713430105407,1.3290540282361816
245.5110698455108,3.0589322304064086
245.5150053899676,0.8024488368767518
245.5189409344243,0.986500097620178
245.52287647888107,2.7620912488643423
245.5268120233378,1.245153398516645
245.53074756779455,0.1218170486536259
245.5346831122513,0.06422184753395814
245.53861865670808,0.5069405983324082
245.5425542011648,0.7054344637820854
245.5464897456216,0.6410542793321685
245.55042529007832,0.6256252109118202
245.5543608345351,0.4072702951700745
245.55829637899183,0.4588708334598599
245.5622319234486,0.2538633869782671
245.56616746790533,1.089776616465845
245.5701030123621,4.150930148569758
245.57403855681883,2.1424814989599374
245.5779741012756,0.5630235224374458
245.58190964573237,2.1902594361684287
245.58584519018908,1.9908784801269235
245.58978073464584,1.176821984207177
245.59371627910255,0.6913760844685867
245.59765182355932,0.23265807258622023
245.60158736801608,0.04699529702646825
245.60552291247285,0.2264161835103365
245.6094584569296,0.6276434761794641
245.61339400138635,1.6335683347639445
245.6173295458431,1.9585983137130711
245.62126509029983,1.253163554529514
245.6252006347566,0.17767123067891685
245.62913617921336,0.1328820878876076
245.6330717236701,0.6740375722667279
245.6370072681269,3.524475379848574
245.6409428125836,3.004050145490843
245.6448783570404,0.3956655845874987
245.6488139014971,0.27324382033605865
245.65274944595387,0.08180017625026052
245.6566849904106,0.013584429283221233
245.66062053486732,0.9895145969195198
245.6645560793241,2.401073825388561
245.66849162378085,0.3245133133043378
245.6724271682376,4.11364625276389
245.6763627126944,7.196059817921161
245.68029825715112,0.9758299392068275
245.68423380160783,1.182297168006325
245.68816934606463,1.5528797389649136
245.69210489052136,0.21332705009026465
245.69604043497813,0.288345633017949
245.69997597943487,0.9183437915252475
245.70391152389163,2.6319269078216476
245.7078470683484,0.46540540159914207
245.71178261280517,1.896032008973756
245.71571815726188,3.855781580106392
245.71965370171864,1.2134615620833569
245.72358924617535,0.0369962847665988
245.72752479063212,0.09934170655647703
245.73146033508888,1.4338792763069208
245.7353958795456,2.104650871725458
245.7393314240024,1.0292946475356244
245.74326696845912,0.5550059869711738
245.7472025129159,0.29969484004889974
245.75113805737263,0.39220129281855576
245.7550736018294,0.11829889505651135
245.75900914628613,1.3940129048286514
245.7629446907429,0.7831898966657245
245.76688023519964,0.4960325228769348
245.7708157796564,0.13494143474838646
245.77475132411317,1.4190629094216838
245.7786868685699,3.4082682236125437
245.78262241302664,1.0384324689135083
245.7865579574834,0.21613963986770915
245.79049350194012,1.4421059912377014
245.7944290463969,0.962938120546291
245.79836459085365,1.232592612755105
245.8023001353104,4.299000244372159
245.8062356797672,1.9292569147574559
245.8101712242239,0.1008043134413515
245.81410676868063,1.1926236100502874
245.8180423131374,0.35210793035581417
245.82197785759416,0.19917358336604848
245.8259134020509,1.173199181967721
245.82984894650767,1.6602717827134232
245.8337844909644,0.8362532661842583
245.8377200354212,2.312447071675245
245.8416555798779,2.6888689022556145
245.84559112433467,1.0265499230537554
245.8495266687914,3.4219837206390706
245.85346221324815,1.9074272773099137
245.8573977577049,0.36629779742613805
245.86133330216168,2.592391814886847
245.8652688466184,0.5784713296503923
245.8692043910752,1.011359212360805
245.87313993553192,2.9945951552965493
245.8770754799887,0.9972261467937896
245.88101102444543,0.18654889216407916
245.8849465689022,1.4499049573345208
245.88888211335893,0.5030311643499364
245.89281765781567,0.11577464526918235
245.89675320227244,0.4179834396855776
245.9006887467292,0.9570407666216489
245.90462429118597,1.2220286308239605
245.90855983564268,0.4576627284851824
245.91249538009944,0.35983292878049833
245.91643092455615,0.5837567856731016
245.92036646901292,0.5749287277226701
245.92430201346968,0.28206222262157427
245.92823755792645,0.09931007926734985
245.9321731023832,0.31524448476442696
245.93610864683995,0.8434157870634779
245.9400441912967,1.3127233666767066
245.94397973575343,1.7136538426742511
245.9479152802102,1.101250071439052
245.95185082466696,1.0464374837775499
245.9557863691237,1.6502453291622696
245.95972191358047,0.23989995388447447
245.9636574580372,0.4200628066205788
245.96759300249397,0.3829318187928709
245.9715285469507,0.0326674852641558
245.97546409140745,0.33310905694523063
245.9793996358642,2.4574266425612628
245.98333518032092,3.743527407049849
245.9872707247777,2.6231168924663266
245.99120626923445,1.5002898026264075
245.9951418136912,2.476123820349895
245.999077358148,1.4879844766778128
246.00301290260472,0.5499165409789684
246.00694844706143,0.8072360762732091
246.01088399151823,0.17976981005897116
246.01481953597496,0.36950932440965595
246.01875508043173,2.31413885844712
246.02269062488847,2.3567165019348573
246.02662616934523,0.4328475599000056
246.030561713802,1.031122460138127
246.03449725825877,0.976675115025596
246.03843280271548,2.6796876347248486
246.04236834717224,1.1969766149354197
246.04630389162895,0.07068669461918878
246.0502394360857,0.5549582722654218
246.05417498054248,0.08658133286085987
246.0581105249992,0.28338276892995506
246.062046069456,0.6694885490615267
246.06598161391275,0.06278000109197146
246.0699171583695,1.052372345083444
246.07385270282623,0.8393271588486743
246.077788247283,0.27502614559334376
246.08172379173973,0.17035010639849155
246.0856593361965,0.14473275529813087
246.08959488065324,0.14548669448859633
246.09353042511,0.4338722889189659
246.09746596956677,1.4605278620923072
246.1014015140235,0.8164033298528142
246.10533705848025,0.35072595819408936
246.109272602937,2.042306819751559
246.11320814739372,3.15173632220398
246.1171436918505,0.7716300447945558
246.12107923630725,0.3362791661858498
246.125014780764,0.1795073146728266
246.1289503252208,0.4318595220777156
246.1328858696775,0.3662088850288142
246.13682141413423,0.2874187910162784
246.140756958591,1.4896047282445284
246.14469250304776,0.738011791431024
246.1486280475045,0.23448858972454964
246.15256359196127,0.7925306022894121
246.156499136418,1.9881885963005501
246.1604346808748,1.5691791484812623
246.1643702253315,0.7419839151551525
246.16830576978828,1.3835029631378397
246.172241314245,3.4903143229030325
246.17617685870175,3.065761334238542
246.1801124031585,0.5997858802893042
246.18404794761528,0.5496418100422023
246.187983492072,0.32876432471140277
246.1919190365288,0.1425606577862347
246.19585458098555,0.39646275180035856
246.1997901254423,1.3351161562582123
246.20372566989903,0.3448477302145297
246.20766121435577,2.7181461759256975
246.21159675881253,3.3274307732908097
246.21553230326927,0.22528847309176606
246.21946784772604,0.7639659228518247
246.2234033921828,0.2234653119073952
246.22733893663957,2.0592034268218735
246.23127448109628,1.4579965716857286
246.23521002555304,0.544767661782994
246.23914557000975,1.8067696727250069
246.24308111446652,0.4638995908708728
246.2470166589233,0.49627264077157607
246.25095220338005,0.7862704648255411
246.2548877478368,0.002619272146254466
246.2588232922936,0.3475249849868435
246.2627588367503,1.4197556627514212
246.26669438120703,1.2148127886967615
246.2706299256638,0.2297190717186817
246.27456547012056,1.0907485003175321
246.2785010145773,0.13394573945847932
246.28243655903404,1.2213467003362415
246.2863721034908,0.6057235778237227
246.29030764794757,5.506435770764694
246.2942431924043,3.2938996976236705
246.29817873686105,0.38509113253295524
246.3021142813178,1.0929442457798157
246.30604982577452,2.4314111378619083
246.3099853702313,4.72762267547855
246.31392091468803,4.502584517091701
246.3178564591448,4.46586041588951
246.3217920036016,2.9350236406881587
246.32572754805832,0.13160990158579564
246.32966309251503,2.0868159133697035
246.33359863697183,3.3274385661967405
246.33753418142857,0.26778173540959677
246.34146972588533,0.4384447718047874
246.34540527034207,0.649534756846362
246.34934081479884,2.421311227057607
246.3532763592556,2.31157880018778
246.3572119037123,0.4360578739673087
246.36114744816908,0.8113823737007734
246.36508299262584,0.7658489323496915
246.36901853708255,0.0329036812969652
246.3729540815393,0.7693344537194041
246.37688962599609,0.7443162393616384
246.3808251704528,1.0018384848344095
246.3847607149096,0.3346155856865162
246.38869625936636,1.6173886588065722
246.3926318038231,2.442244487758557
246.39656734827983,0.052308309197603556
246.4005028927366,0.692275617178562
246.4044384371933,0.4058192524912431
246.4083739816501,2.007848195979536
246.41230952610684,1.7928286724205458
246.4162450705636,3.4614785600147173
246.42018061502037,2.151948010889222
246.4241161594771,0.09728727720314778
246.42805170393385,0.3552197130699065
246.4319872483906,1.9665859323242352
246.43592279284732,0.8336700108254578
246.4398583373041,2.046975067771077
246.44379388176085,2.5174578673088592
246.4477294262176,0.677205525242353
246.4516649706744,0.8045095917947264
246.4556005151311,0.027626141070862715
246.45953605958783,0.8348984822154633
246.4634716040446,0.6429227619600127
246.46740714850137,0.14584097780269534
246.4713426929581,2.744948112440678
246.47527823741487,2.3083841417255697
246.4792137818716,0.345169468842847
246.4831493263284,2.7472381391557774
246.4870848707851,1.919161229446247
246.49102041524188,1.9797655511635133
246.4949559596986,0.569778959090352
246.49889150415535,0.34951995135933916
246.5028270486121,0.3605373763978338
246.50676259306888,0.6254165323909657
246.5106981375256,0.45037360856162967
246.5146336819824,0.736757133576268
246.51856922643915,0.41972862853436693
246.52250477089584,0.14588704577541486
246.52644031535263,0.9848049720858518
246.53037585980937,1.6364897537339163
246.53431140426613,1.5479188936209096
246.53824694872287,0.7769118662165055
246.54218249317964,1.373407725324086
246.5461180376364,0.8611190307759384
246.55005358209317,1.1402613272681352
246.55398912654988,2.362912365698462
246.55792467100665,2.554507039160937
246.56186021546335,2.722880290039001
246.56579575992012,0.1427626186522657
246.5697313043769,1.0851777094932993
246.57366684883365,0.5568515877492143
246.5776023932904,0.8044175303173684
246.5815379377472,1.5783648553539902
246.5854734822039,2.0986542616687274
246.58940902666063,0.17701325503170245
246.5933445711174,1.5040775253803889
246.5972801155741,1.1517181573743707
246.6012156600309,0.6252267561286111
246.60515120448764,0.7729666907189083
246.6090867489444,0.9071343610037962
246.61302229340117,5.139796400252228
246.6169578378579,2.97752745866256
246.62089338231465,1.064597381745143
246.6248289267714,1.2743021103682701
246.62876447122812,0.4933711683238078
246.6327000156849,1.3992072881333772
246.63663556014168,5.288801592445374
246.6405711045984,3.027051495593532
246.6445066490552,1.5416753689201463
246.64844219351195,3.7995081522492797
246.65237773796864,3.6433596413401457
246.65631328242543,0.9031686870138682
246.66024882688217,2.037381558211236
246.66418437133893,1.1574912931028212
246.66811991579567,0.09083115114642092
246.6720554602524,0.28299441293811145
246.6759910047092,1.5300489162951776
246.6799265491659,1.1813363590428871
246.68386209362268,3.515774370140439
246.68779763807945,4.672194225570491
246.69173318253615,1.3623135594723326
246.6956687269929,6.943830619380798
246.6996042714497,5.0156293079958925
246.7035398159064,0.7022539907615911
246.7074753603632,0.04451276406428343
246.71141090481996,0.5842158249768816
246.7153464492767,0.05558951587708937
246.71928199373343,2.251750908772531
246.7232175381902,2.8846190651216053
246.7271530826469,1.3664568359702893
246.7310886271037,1.4337478489326367
246.73502417156044,1.4636929150665234
246.7389597160172,1.5716388435458153
246.74289526047397,3.79355955243086
246.7468308049307,1.456235653762019
246.75076634938745,5.517228284131892
246.75470189384416,12.445945599163826
246.75863743830092,5.534161214783207
246.7625729827577,0.29932769864395464
246.76650852721448,2.4585986090878817
246.7704440716712,4.341802369441022
246.774379616128,3.6143692186060723
246.7783151605847,1.1951282594795707
246.78225070504143,0.024011975308853697
246.7861862494982,0.32362473195781544
246.79012179395497,0.02423495611153125
246.7940573384117,0.6730721780102297
246.79799288286847,0.5811578660998437
246.8019284273252,4.147313760249587
246.805863971782,8.774079904451993
246.8097995162387,5.23975843236446
246.81373506069548,1.8976629545770483
246.81767060515224,4.509740714260557
246.82160614960895,4.367572028524769
246.8255416940657,2.719419623441399
246.8294772385225,2.082282393854574
246.8334127829792,0.6444395368544548
246.837348327436,0.10279476551218258
246.84128387189276,0.9026804379339489
246.8452194163495,1.555681575942608
246.84915496080623,0.4138608485822912
246.85309050526297,0.5277640783422708
246.8570260497197,2.993090007910972
246.86096159417647,2.437807959413763
246.86489713863324,0.4374867883716604
246.86883268309,0.008057955922401478
246.87276822754677,0.40206614048980177
246.87670377200348,0.6786169392997586
246.88063931646025,0.4698167308905533
246.88457486091696,1.2091045757724608
246.88851040537372,1.3073399680216886
246.8924459498305,1.0271344538513647
246.89638149428723,1.2976294775673154
246.900317038744,1.0805000255949286
246.90425258320076,0.14146435804804072
246.9081881276575,1.0143901050345538
246.91212367211423,1.6740853004205767
246.916059216571,0.5597953515170656
246.9199947610277,0.25296911030349833
246.9239303054845,0.2692041651578983
246.92786584994124,3.3007265421121077
246.931801394398,3.9587268845888977
246.93573693885477,3.2027226853538298
246.9396724833115,6.132174170158025
246.94360802776825,3.370991558986469
246.94754357222504,0.10076039737596915
246.95147911668172,1.247122714833413
246.9554146611385,1.7227554942997871
246.95935020559529,2.049280041089721
246.963285750052,2.3271957705447015
246.9672212945088,0.23820290162365745
246.97115683896556,1.0055498189330636
246.97509238342224,1.361382486867415
246.97902792787903,2.2090800925073304
246.98296347233577,1.8410224006803209
246.9868990167925,0.7333985212255542
246.99083456124927,0.8419450498077746
246.994770105706,0.8563825732622419
246.9987056501628,2.608403709862226
247.0026411946195,10.3882071089636
247.00657673907628,4.476608748791322
247.01051228353305,0.3790838628635431
247.01444782798976,0.9532388341499844
247.0183833724465,0.7781303377477311
247.0223189169033,0.3967018319762719
247.02625446136005,1.4884015823045007
247.0301900058168,1.8301701301089879
247.03412555027356,0.22988244608993774
247.0380610947303,2.76733745877101
247.04199663918703,1.2846180683401573
247.0459321836438,0.7343096094416153
247.0498677281005,0.8367228583888667
247.0538032725573,1.2669901486477029
247.05773881701404,0.6529018455856962
247.0616743614708,1.2300046506498339
247.06560990592757,0.37022077642300577
247.06954545038428,0.5230157846780693
247.07348099484105,1.0560464746352292
247.0774165392978,0.02536055058871612
247.08135208375452,1.2256775170118324
247.0852876282113,1.4658208717239973
247.08922317266808,0.5358494565697686
247.0931587171248,2.319670537110638
247.0970942615816,1.3078298913784798
247.1010298060383,0.6019270201883871
247.10496535049504,0.6472426426388362
247.1089008949518,0.301983644667353
247.11283643940857,0.19073865819847124
247.1167719838653,0.22980894762432583
247.12070752832207,0.28821876595002494
247.1246430727788,1.8889616222084151
247.1285786172356,5.2225574913741815
247.1325141616923,2.1631252859902848
247.13644970614908,1.0486734114183374
247.14038525060585,6.985435010098607
247.14432079506253,6.087576644922269
247.1482563395193,2.425048800268044
247.1521918839761,0.8430883708022422
247.1561274284328,0.34609565409154125
247.1600629728896,1.6378886879605947
247.16399851734636,5.248539696990264
247.16793406180307,6.174728391437224
247.17186960625983,3.045998207209155
247.17580515071657,1.0937486620274313
247.1797406951733,0.07103283908042735
247.18367623963007,1.9376871257184085
247.18761178408684,7.573789378469717
247.1915473285436,9.936170229091752
247.19548287300037,5.302260451138208
247.19941841745708,0.2279973670111987
247.20335396191385,1.2776908068785333
247.20728950637056,2.1797744815293694
247.21122505082732,3.495847873068176
247.2151605952841,0.6916882968686787
247.21909613974083,7.203195793201004
247.2230316841976,9.352711671185766
247.22696722865436,0.5198652182151444
247.2309027731111,2.6135651880487054
247.23483831756784,1.876690646259275
247.2387738620246,0.5855203324065464
247.2427094064813,3.213257233196683
247.2466449509381,1.4490108963923773
247.25058049539484,0.2699286704118542
247.2545160398516,0.3548223578194706
247.25845158430835,1.5948808539900532
247.2623871287651,2.9405660887390606
247.26632267322185,0.04987414863118899
247.27025821767864,3.812999214399632
247.27419376213533,2.972146771828978
247.2781293065921,1.163209399718431
247.2820648510489,7.222225098509896
247.2860003955056,1.8680386656616474
247.2899359399624,1.7155912002258922
247.29387148441916,3.039558309830571
247.29780702887587,0.47066942045903265
247.3017425733326,0.15113893955779292
247.30567811778937,1.1794198731693275
247.3096136622461,3.16919574666998
247.31354920670287,2.2286142444469363
247.3174847511596,6.832138474398275
247.3214202956164,12.701060082436774
247.32535584007312,2.853171562647511
247.32929138452988,0.4924741411064207
247.33322692898665,0.6901305052620403
247.33716247344336,0.43048355698336627
247.34109801790007,0.26075415798734514
247.3450335623569,1.1847907839344298
247.34896910681363,1.4112260079106453
247.3529046512704,0.006792875686677961
247.35684019572716,1.0406826151845405
247.3607757401839,1.22097648538008
247.36471128464063,1.3749214957687723
247.3686468290974,1.998757530535942
247.3725823735541,2.094438759400962
247.37651791801088,2.266804532771227
247.38045346246764,3.6652906962006107
247.3843890069244,6.60948881512269
247.38832455138115,3.1928099179749507
247.39226009583788,0.4912851272605011
247.39619564029465,0.10848746854908295
247.4001311847514,0.40763832920448884
247.40406672920813,0.1851635089288298
247.4080022736649,1.4563607112664887
247.4119378181217,0.6069514329204292
247.4158733625784,9.350417720167147
247.4198089070352,19.483261601923683
247.4237444514919,4.442395355285103
247.4276799959487,2.7101510232040025
247.4316155404054,4.455587142269045
247.43555108486217,0.9735887665239087
247.4394866293189,10.638174761387175
247.44342217377567,11.425940000343692
247.4473577182324,0.9908427322256679
247.45129326268915,4.561250647352692
247.45522880714591,8.541575550536436
247.45916435160265,1.1692712345286973
247.46309989605945,7.208425357960423
247.46703544051616,30.62382574505835
247.4709709849729,27.29615400888328
247.4749065294297,14.29855442887071
247.47884207388643,23.216958059650224
247.4827776183432,7.403058969788169
247.48671316279996,9.947362857557406
247.49064870725667,23.2670443290902
247.49458425171343,4.463522078086565
247.49851979617017,21.729005673696292
247.5024553406269,34.841339809140216
247.50639088508368,12.69767128692229
247.51032642954044,1.2815514777333317
247.5142619739972,3.2656163305521626
247.51819751845397,4.789942197405672
247.52213306291068,5.701418757572801
247.52606860736745,7.38528634800422
247.5300041518242,4.7391632892322155
247.53393969628087,4.533750567292
247.5378752407377,4.396874978319867
247.54181078519443,0.23980535385728016
247.5457463296512,2.77333440175712
247.54968187410796,7.190531672649875
247.5536174185647,9.160268019337021
247.55755296302144,12.235253315006844
247.5614885074782,12.53717094369292
247.5654240519349,5.969117741325416
247.5693595963917,2.3647637269298367
247.57329514084844,5.562481854987993
247.5772306853052,0.7685611842129587
247.58116622976195,2.861545569601251
247.5851017742187,8.947937096680185
247.58903731867545,20.9454667091611
247.59297286313225,19.290310008457734
247.59690840758896,5.266564532568356
247.6008439520457,11.028177953354698
247.6047794965025,3.2945012828843265
247.6087150409592,1.294179447205759
247.612650585416,3.1092992342371817
247.6165861298727,1.4327320823451195
247.62052167432947,0.6782560644971487
247.6244572187862,10.273259614081567
247.62839276324297,12.146835149279143
247.6323283076997,1.370542071586443
247.63626385215647,8.257129907642629
247.6401993966132,16.730589388834122
247.64413494107,21.1169289875927
247.64807048552672,4.755960437035736
247.65200602998348,3.496730512185877
247.65594157444025,11.716786630231192
247.659877118897,1.397001735557889
247.66381266335367,7.23576774823577
247.6677482078105,20.36080548323593
247.67168375226723,13.158192515331633
247.675619296724,1.013429087382822
247.67955484118076,2.1854309216566215
247.6834903856375,1.3302672459772982
247.68742593009424,5.647719272700008
247.69136147455097,6.225995981109002
247.6952970190077,0.9935393125653931
247.69923256346448,7.912106176456898
247.70316810792124,2.185518184493742
247.707103652378,8.694014578119276
247.71103919683475,6.694431767722332
247.71497474129148,2.3399927335361723
247.71891028574825,2.620519514840818
247.722845830205,0.29651916873097095
247.72678137466173,1.8055881669821883
247.7307169191185,1.772506648212178
247.7346524635753,0.23431265891336203
247.738588008032,2.2230433006974706
247.7425235524888,5.9811083073028195
247.7464590969455,3.0207523651613335
247.75039464140227,1.518129140189979
247.754330185859,0.4700613871600263
247.75826573031577,1.0608235821141336
247.7622012747725,0.5868330534453747
247.76613681922925,1.0774862164237407
247.770072363686,6.9832355183589945
247.77400790814275,12.622998057555543
247.77794345259952,6.85015065353126
247.78187899705625,3.310126109324054
247.78581454151305,1.3669582076500295
247.78975008596976,0.2347136095020181
247.79368563042647,0.9581364392657069
247.7976211748833,0.21272112491323
247.80155671934003,0.2723942142970805
247.8054922637968,1.9724712959687076
247.80942780825356,11.655687909132773
247.81336335271027,9.963175901327938
247.81729889716703,1.5276523556455073
247.82123444162377,3.3993175811025886
247.8251699860805,1.4964931636537098
247.82910553053728,2.706071361902252
247.83304107499404,10.13693638062891
247.8369766194508,6.646238833310213
247.84091216390755,8.541150348739961
247.84484770836428,4.439624152885763
247.84878325282105,0.5959608737942921
247.8527187972778,3.831195161871271
247.85665434173453,2.4681270913788573
247.8605898861913,0.13714983308682663
247.86452543064803,1.6821253900102655
247.8684609751048,2.0698448178551985
247.87239651956156,1.0200120955911303
247.8763320640183,0.5399217110823828
247.88026760847504,0.051570069424847986
247.8842031529318,1.1414232689204233
247.8881386973885,3.420660477486661
247.8920742418453,0.30035478630211604
247.89600978630205,2.4760935604436862
247.8999453307588,3.3576898281621457
247.90388087521555,0.471570044475407
247.90781641967232,0.4724302040473218
247.91175196412905,5.711783311383886
247.91568750858585,4.743116574488
247.91962305304256,0.10630558855020994
247.9235585974993,3.8178501049205167
247.9274941419561,1.7943623519985286
247.9314296864128,1.2578177589958253
247.9353652308696,2.1879203088226924
247.9393007753263,1.6338763438243078
247.94323631978307,0.1879655967920995
247.9471718642398,2.3684275143536175
247.95110740869657,1.9040673817395215
247.9550429531533,0.4302962847763559
247.95897849761008,1.8533246621243329
247.9629140420668,1.7599933729907837
247.9668495865236,1.780081169400204
247.97078513098032,2.082908040520935
247.97472067543708,0.5681689073995809
247.97865621989385,4.624395243703164
247.9825917643506,6.117239699777863
247.98652730880733,4.183167300792037
247.9904628532641,1.541869829012514
247.99439839772083,12.099164734802574
247.9983339421776,9.15347411137708
248.00226948663436,12.787047002191533
248.00620503109107,20.247814012209123
248.01014057554784,2.9829427209307178
248.01407612000455,2.3578220029286876
248.0180116644613,7.283923875634202
248.02194720891808,8.471037486133133
248.02588275337484,4.3933289264456565
248.0298182978316,0.667732852383517
248.03375384228835,7.867304306075974
248.0376893867451,33.53467138425717
248.04162493120185,20.268995536655606
248.0455604756586,3.7577250900732557
248.04949602011536,0.9430017219963204
248.0534315645721,22.4044455100062
248.0573671090289,32.99755637059169
248.0613026534856,11.142192985249306
248.0652381979424,2.108999622628344
248.0691737423991,2.280617504412279
248.07310928685587,18.627576553683408
248.0770448313126,20.38931815713866
248.08098037576931,10.012270377076161
248.0849159202261,2.953755933638459
248.08885146468285,1.1650731612011753
248.0927870091396,2.7487172014568846
248.09672255359635,3.9303909951225346
248.10065809805312,1.0080653986970356
248.10459364250983,0.04518851705302404
248.10852918696665,0.8946125055527524
248.11246473142336,4.495109347984616
248.11640027588007,2.900588325878819
248.1203358203369,2.10730676792338
248.12427136479363,1.854117911291604
248.1282069092504,3.3402057238821747
248.13214245370716,32.11036680292306
248.13607799816387,43.02191102942398
248.14001354262064,19.494430272467174
248.14394908707737,6.121299950270548
248.1478846315341,5.214395167741488
248.15182017599088,2.904446399814599
248.1557557204476,0.4642090878483236
248.1596912649044,5.3743397181438635
248.16362680936112,21.815512568482802
248.16756235381789,8.709809387985432
248.17149789827465,10.237641024870006
248.1754334427314,23.063594050580793
248.17936898718813,3.128280497328025
248.1833045316449,29.516267540437752
248.18724007610163,25.26877012234064
248.1911756205584,3.49462476074851
248.19511116501516,5.673714999872348
248.1990467094719,0.2818660977897495
248.20298225392864,7.438653890815654
248.2069177983854,2.785069516817399
248.2108533428421,0.030721718290631687
248.2147888872989,2.939863218187562
248.21872443175565,21.206126351032708
248.2226599762124,13.688394940033463
248.22659552066915,3.0655924753626045
248.23053106512592,22.544205915455326
248.23446660958265,21.92590717840142
248.2384021540394,14.977833187622457
248.24233769849616,20.23880036213296
248.2462732429529,18.006980214563722
248.2502087874097,1.517717402528243
248.2541443318664,8.894320935236335
248.2580798763232,31.58195829257201
248.2620154207799,23.120110898437005
248.26595096523667,16.40038959751149
248.2698865096934,32.86951626687596
248.27382205415017,5.83265671309782
248.2777575986069,10.10652972203734
248.28169314306368,37.330707073492405
248.2856286875204,35.431798767692825
248.2895642319772,13.08538093980344
248.29349977643392,3.190780355695623
248.29743532089068,11.098111851281807
248.30137086534745,24.7012392690969
248.3053064098042,2.793946056845324
248.30924195426093,40.744070512437496
248.3131774987177,52.34301215343246
248.31711304317443,11.273196598626615
248.3210485876312,80.81981222791579
248.32498413208796,71.01546231502168
248.32891967654467,12.771994158245876
248.33285522100144,7.1931001955739475
248.33679076545815,4.2546118248320255
248.3407263099149,3.9816592862544247
248.34466185437168,14.881531425137407
248.34859739882845,15.422588417627136
248.3525329432852,31.608959700443233
248.35646848774195,43.95570754416383
248.3604040321987,21.744774538042986
248.36433957665545,11.916445967578783
248.3682751211122,5.001892315153124
248.37221066556896,6.5282723069550475
248.3761462100257,13.165508166990847
248.3800817544825,13.007444551430345
248.3840172989392,9.791336016615652
248.387952843396,3.7471428680836922
248.3918883878527,8.497246091232823
248.39582393230944,8.495492108810529
248.3997594767662,1.3085560298722758
248.40369502122292,6.354558853495051
248.4076305656797,5.6575119215762015
248.41156611013645,11.90979726348361
248.4155016545932,10.62747636439388
248.41943719904995,2.68324739017837
248.42337274350672,14.876290006001575
248.42730828796343,8.981640203849416
248.43124383242025,0.20054799492594536
248.43517937687696,1.5960488139796183
248.43911492133373,11.229770649207644
248.4430504657905,14.759322439150214
248.44698601024723,1.4423593814155073
248.450921554704,3.6059332078444277
248.45485709916076,3.855305546916158
248.45879264361747,0.2059243249428339
248.46272818807424,4.009627531475425
248.46666373253095,0.7639969667469592
248.4705992769877,1.4770352923843018
248.47453482144448,2.339687759367581
248.4784703659012,0.4492903883701489
248.482405910358,4.180759703502118
248.48634145481472,3.4663085540250265
248.4902769992715,2.8618620592002726
248.49421254372825,4.56211008603841
248.498148088185,2.2763555099073236
248.50208363264173,0.05492011992649245
248.5060191770985,0.41548137921965633
248.50995472155523,0.7304855832032073
248.513890266012,0.5458280592500333
248.51782581046876,0.777129377607436
248.5217613549255,7.996765657836025
248.52569689938224,7.5575674823658945
248.529632443839,0.5397685521045045
248.53356798829572,5.467257475204952
248.5375035327525,4.043885355055381
248.54143907720925,0.027248708513484373
248.545374621666,2.667515673406099
248.54931016612275,2.9580610068137503
248.5532457105795,0.7518578802882675
248.55718125503623,0.2092686018193225
248.561116799493,0.3650035818629301
248.56505234394976,0.10241955032089886
248.5689878884065,2.05767232808369
248.5729234328633,3.6888364454562965
248.57685897732,1.4412531348175026
248.5807945217768,0.5264077339290253
248.5847300662335,0.3490863009834869
248.58866561069027,3.4509597943460832
248.592601155147,2.4599626754326693
248.59653669960375,0.4279737674264866
248.6004722440605,0.9792326467965049
248.60440778851728,0.4362452164530707
248.608343332974,0.7703693544991395
248.6122788774308,0.33652140028220917
248.61621442188752,1.574414770513797
248.6201499663443,0.5493261286770506
248.62408551080105,4.302841932705617
248.62802105525776,5.449075767211681
248.63195659971453,0.9571997913868904
248.6358921441713,0.905256290755933
248.63982768862803,1.2921209213644844
248.6437632330848,3.2775803226639306
248.64769877754156,2.6989282145254165
248.65163432199827,0.4726909704584642
248.65556986645504,0.2084083836265854
248.65950541091175,0.057333724290649715
248.66344095536851,0.7356067761570739
248.66737649982528,2.5003569438802797
248.67131204428205,0.39351091879342487
248.6752475887388,4.067373404125889
248.67918313319555,6.331252439926859
248.6831186776523,0.5140327263209067
248.68705422210903,3.4207191021470966
248.6909897665658,3.485662573382146
248.69492531102256,0.8258373996570457
248.6988608554793,1.3432575396551731
248.70279639993603,0.2080999651914654
248.7067319443928,1.2716743591930137
248.71066748884957,0.6280853635962103
248.7146030333063,0.020072353253607306
248.71853857776304,0.5602659552449758
248.7224741222198,4.512916539211955
248.72640966667652,3.4431950698786715
248.7303452111333,1.015603303090174
248.73428075559005,3.139955881548033
248.7382163000468,0.21899626012185153
248.74215184450355,2.9582278471226533
248.74608738896032,2.3871225135075367
248.75002293341703,2.4092858617638777
248.75395847787385,3.749342428112556
248.75789402233056,0.30494507375545205
248.76182956678733,0.7596125541491194
248.7657651112441,0.11217601538401382
248.76970065570083,1.9156722781733537
248.7736362001576,4.52316827016079
248.77757174461436,0.8008448603597269
248.78150728907107,0.8900603353411862
248.7854428335278,1.9221608961829495
248.78937837798455,0.17271942461281178
248.7933139224413,0.43386876272826685
248.79724946689808,0.5687925025870314
248.8011850113548,0.5347652169131626
248.8051205558116,0.26865964495897093
248.80905610026832,1.332407928998689
248.8129916447251,4.480308499457658
248.81692718918185,5.4194235729538205
248.8208627336386,2.187246760390203
248.82479827809533,0.2872695099553676
248.8287338225521,0.22046070138433985
248.83266936700883,0.7099531615399195
248.8366049114656,1.2505363730108168
248.84054045592237,2.311938357903348
248.8444760003791,4.253018068126393
248.84841154483584,3.3615961355299775
248.8523470892926,0.21874692618103372
248.85628263374932,0.3951065180184881
248.86021817820608,0.1385009721934655
248.86415372266285,2.5372225768628334
248.8680892671196,3.0804610737194227
248.87202481157635,1.2356472593244976
248.8759603560331,0.8433829746612737
248.87989590048983,0.052485202223359534
248.8838314449466,0.4198259963825344
248.88776698940336,0.1084136991733947
248.8917025338601,1.57492229266074
248.8956380783169,1.1687737916416814
248.8995736227736,0.6999274459117484
248.9035091672304,1.6457974835649214
248.9074447116871,3.0725313970245147
248.91138025614387,1.8744247021936298
248.9153158006006,0.12806153398069337
248.91925134505735,3.56795500969181
248.9231868895141,5.885287562792807
248.92712243397088,1.4922704766706612
248.9310579784276,1.1831123238603523
248.9349935228844,3.9967229224431158
248.93892906734112,0.6505425292430795
248.94286461179783,1.2126135464229408
248.94680015625465,0.44560481426818177
248.95073570071136,2.715891857920114
248.95467124516813,4.981801592708154
248.95860678962487,1.0212261607773059
248.96254233408163,0.10983490264753804
248.9664778785384,0.7482877107120945
248.97041342299516,3.289524795949036
248.97434896745187,3.124668796686235
248.97828451190864,0.8898326705611311
248.98222005636535,0.7426185395948491
248.98615560082212,2.059646697763399
248.99009114527888,3.2720367221585254
248.99402668973565,2.7074789706325535
248.9979622341924,1.3408380601211347
249.00189777864915,1.0224775675832078
249.0058333231059,0.8818281753399648
249.00976886756263,0.03700377886782628
249.0137044120194,1.3201671067955787
249.01763995647613,3.2294658401890723
249.0215755009329,1.5801138146350169
249.02551104538964,0.8733247940329361
249.0294465898464,0.45262235227126724
249.03338213430317,1.0086368009910012
249.0373176787599,1.7263338806022568
249.04125322321664,0.9018677781038014
249.0451887676734,0.4321932602932528
249.04912431213012,0.38820540100887185
249.0530598565869,0.41724759913483594
249.05699540104365,0.6064900201287412
249.0609309455004,1.6734111780224659
249.06486648995715,1.3011171129131593
249.06880203441392,0.14475027381550865
249.07273757887063,3.0195848245462225
249.07667312332745,1.188927194278094
249.08060866778416,2.0891600773709724
249.08454421224093,4.270464261486916
249.08847975669767,1.8386419599314774
249.0924153011544,3.6584439073426966
249.0963508456112,0.7226535319228442
249.1002863900679,1.5580561684339473
249.10422193452467,3.9425472695250057
249.1081574789814,1.5616390876948774
249.11209302343815,0.4244328459306233
249.1160285678949,1.4490331252539106
249.11996411235168,5.308066102503234
249.1238996568084,7.764760954492101
249.1278352012652,3.799273633281094
249.13177074572192,1.198819557116665
249.1357062901787,1.1978893137952749
249.13964183463543,3.509237708823019
249.1435773790922,4.211682559040959
249.14751292354893,1.5756080954441325
249.1514484680057,2.913610817899553
249.15538401246243,0.33325059132858414
249.1593195569192,1.5477402365986672
249.16325510137597,1.1458246914002324
249.1671906458327,2.4699069368062667
249.17112619028944,2.608846116423935
249.17506173474615,0.2941795881630286
249.17899727920292,1.4843970760821976
249.18293282365968,2.881917698019785
249.18686836811645,4.377191097556302
249.1908039125732,0.7470857605785789
249.19473945702995,6.541754505022627
249.1986750014867,4.61112244431471
249.20261054594343,0.1858447414129377
249.2065460904002,0.6864962927328351
249.21048163485696,1.3450388332168617
249.2144171793137,0.8337904866319878
249.2183527237705,1.4327035048184005
249.2222882682272,6.749539627877648
249.226223812684,3.2304004759207063
249.2301593571407,0.5032603568940228
249.23409490159747,2.0880403311948847
249.2380304460542,0.8520286675535601
249.24196599051095,0.2248219566641171
249.2459015349677,0.0026281595586342323
249.24983707942445,1.131003644563049
249.2537726238812,1.8551483263165844
249.257708168338,1.4240201481521453
249.26164371279472,3.4010221642597998
249.26557925725143,2.221555187427393
249.26951480170823,0.037282899072063766
249.27345034616496,0.4613235109373616
249.27738589062173,0.9931946368893122
249.28132143507847,0.9036818275827221
249.28525697953523,3.791384514533289
249.289192523992,4.983081039672779
249.29312806844877,0.08951441118686865
249.29706361290548,3.775834458122974
249.30099915736224,1.970422332205854
249.30493470181895,0.5478932206852188
249.30887024627572,1.3658330449396052
249.31280579073248,1.442422039058906
249.31674133518925,6.848380557436437
249.320676879646,2.6077050395807766
249.32461242410275,2.830688054896794
249.3285479685595,6.669135169136537
249.33248351301623,2.372094078847017
249.336419057473,0.02270230917339097
249.34035460192973,0.4079165342563005
249.3442901463865,0.7870986603652466
249.34822569084324,1.9088492714242937
249.3521612353,1.6198275792402617
249.35609677975677,0.5407943193934258
249.3600323242135,0.10919299831202138
249.36396786867024,0.01882886548570693
249.367903413127,0.07477494239550034
249.37183895758372,0.010525522149761503
249.3757745020405,0.36930551761354397
249.37971004649725,0.8368733599018409
249.383645590954,0.21644662699751865
249.3875811354108,0.16686752037910724
249.39151667986752,0.6058787642551927
249.39545222432423,0.23333608745094736
249.39938776878105,0.5729420167171657
249.40332331323776,0.10716485800916722
249.4072588576945,0.7243528945259631
249.41119440215127,1.6179504397636006
249.415129946608,0.2431345556570691
249.4190654910648,0.2333069911839054
249.4230010355215,0.2500545022749253
249.42693657997827,0.48690306702461245
249.430872124435,1.3050880811248202
249.43480766889175,0.3805392646006846
249.4387432133485,0.3741434337128634
249.44267875780528,2.076146065485824
249.446614302262,2.3611037425273356
249.4505498467188,3.9058127332351935
249.45448539117552,4.602980764781603
249.4584209356323,2.4470755620503533
249.46235648008903,3.2676307635481687
249.4662920245458,3.5619030498133046
249.47022756900253,2.846532193330778
249.4741631134593,2.3294020238701996
249.47809865791604,0.9954708560680304
249.4820342023728,0.07035540067799598
249.48596974682957,0.3729912319945304
249.48990529128628,0.19152279130565594
249.49384083574304,0.07150865597937678
249.49777638019975,0.3928314411525388
249.50171192465652,1.2097132614833588
249.50564746911328,0.24121272673217647
249.50958301357005,1.2070142331897542
249.5135185580268,0.34721149897027925
249.51745410248355,1.5332434939503072
249.5213896469403,3.8442423773859997
249.52532519139703,1.7726719750007551
249.5292607358538,1.7581375067939398
249.53319628031056,0.22975103898823804
249.5371318247673,2.4954387228929815
249.54106736922407,6.31334377679273
249.5450029136808,4.18164956369265
249.5489384581376,2.070770992158733
249.5528740025943,3.756908883149543
249.55680954705107,9.341235628005393
249.5607450915078,9.745082044318208
249.56468063596452,1.949700207354405
249.5686161804213,0.521888001341217
249.57255172487805,0.23242623559111128
249.5764872693348,3.440321163394704
249.5804228137916,11.206523091663472
249.58435835824832,4.111194862583462
249.58829390270503,0.7777365653917339
249.59222944716183,6.244356723783559
249.59616499161856,5.100978022557564
249.60010053607533,4.990268462858282
249.60403608053207,8.700559548515134
249.60797162498883,8.713369209032285
249.6119071694456,3.551884499062294
249.61584271390237,0.2437522807883786
249.61977825835908,0.346994597871177
249.62371380281584,1.8280619118688006
249.62764934727255,4.334584248772231
249.63158489172932,2.9206139352793947
249.63552043618608,0.3253813847327694
249.6394559806428,0.35033569589950414
249.6433915250996,0.6614362362900479
249.64732706955635,0.006220072227778196
249.6512626140131,0.9512180421774521
249.65519815846983,0.9334869402561574
249.6591337029266,3.7265619393780964
249.66306924738333,13.859794125800436
249.6670047918401,14.47308560402528
249.67094033629684,5.020621484663131
249.6748758807536,1.3096835860614966
249.67881142521037,0.7669051550543885
249.6827469696671,0.5759965141943006
249.68668251412385,0.3065883984067753
249.6906180585806,0.4173727146784079
249.69455360303732,0.5943567196291798
249.6984891474941,3.0032757795652976
249.70242469195085,11.58475552837514
249.7063602364076,13.141281181222961
249.7102957808644,6.653393455441922
249.71423132532112,5.551031156581074
249.71816686977783,2.1083513861026306
249.7221024142346,1.7240052777690686
249.72603795869136,7.049138444948364
249.7299735031481,5.1158805250339
249.73390904760487,2.5898895200691228
249.7378445920616,3.6678757626607004
249.7417801365184,5.377513050190234
249.7457156809751,3.777624931968786
249.74965122543188,1.7249665406338524
249.7535867698886,4.889224866237806
249.75752231434535,3.768192305406772
249.7614578588021,7.451707779225225
249.76539340325888,6.874021227247017
249.7693289477156,6.367377121475443
249.7732644921724,4.187390675642772
249.77720003662915,1.9252556943457555
249.7811355810859,7.2325157705191465
249.78507112554263,13.897414711451368
249.7890066699994,9.622154284852366
249.79294221445613,2.501421338495557
249.79687775891287,3.885135366861421
249.80081330336964,1.4403850123638546
249.8047488478264,0.0483794694276924
249.80868439228317,1.3041283607923857
249.81261993673988,13.527581227818771
249.81655548119664,13.947066539878364
249.82049102565335,0.839000007071896
249.82442657011012,3.1481530956632993
249.8283621145669,1.588404419843058
249.83229765902365,19.950308441534727
249.8362332034804,18.23703423170501
249.8401687479372,11.21949189383151
249.8441042923939,7.666384259838233
249.84803983685063,2.1509820582450434
249.8519753813074,2.1248779705404175
249.85591092576416,2.6502451820861883
249.8598464702209,34.243160924622494
249.86378201467767,49.52818323952191
249.8677175591344,11.730175193718216
249.8716531035912,8.149186048707024
249.8755886480479,9.209373521858172
249.87952419250465,1.8145289400941809
249.8834597369614,2.4270255630064637
249.88739528141812,2.8387868029878405
249.8913308258749,9.26668537273819
249.89526637033163,8.81527765198107
249.8992019147884,17.815334839374465
249.9031374592452,6.6126389242573556
249.90707300370192,8.805408479009323
249.91100854815863,13.453657882350004
249.91494409261543,7.740391514958557
249.91887963707217,12.350457794837261
249.92281518152893,36.98509433051569
249.92675072598567,37.285995488074285
249.93068627044244,2.645220503567897
249.9346218148992,14.01399966687735
249.93855735935597,14.221387683496877
249.94249290381268,12.612858914977144
249.94642844826944,25.904926152588757
249.95036399272615,63.26185783900323
249.9542995371829,107.4888912278605
249.95823508163969,71.83551874507225
249.9621706260964,26.332326270792453
249.9661061705532,20.478513194324893
249.97004171500996,8.34213330946495
249.9739772594667,155.40821615641113
249.97791280392343,226.171982508923
249.9818483483802,138.8072798977389
249.9857838928369,127.59370948062747
249.9897194372937,52.7637267911236
249.99365498175044,63.917464327005014
249.9975905262072,51.266108849300416
250.00152607066397,6.309564761074952
250.0054616151207,4.6247420039455385
250.00939715957745,47.417992437999075
250.0133327040342,66.9867849955877
250.01726824849092,8.652710315710886
250.0212037929477,9.040811697937261
250.02513933740445,15.116937033271611
250.0290748818612,15.270771113895414
250.033010426318,6.235137432787163
250.0369459707747,32.89231774960497
250.04088151523143,34.5040490580581
250.0448170596882,8.066914243770155
250.04875260414497,58.9362963523127
250.0526881486017,22.757699693883627
250.05662369305847,47.65349868741254
250.0605592375152,136.5248365154854
250.064494781972,46.390444697084064
250.0684303264287,6.552133574642074
250.07236587088548,20.002440240728863
250.0763014153422,18.531339315686036
250.08023695979895,1.6664944371601929
250.0841725042557,13.501365042894175
250.08810804871248,6.931072505964294
250.0920435931692,14.518926586217969
250.095979137626,27.801284084097183
250.09991468208275,1.6732201593434537
250.1038502265395,29.793360321380145
250.10778577099623,6.043977578752511
250.11172131545297,64.22392211187871
250.11565685990973,30.072770212224658
250.11959240436647,8.334301553955342
250.12352794882324,34.06020231103708
250.12746349328,5.537346522517789
250.13139903773677,8.147902085527155
250.13533458219348,3.263046742288618
250.13927012665025,1.24728535970999
250.14320567110695,8.212056474068447
250.14714121556372,13.558336150449978
250.1510767600205,2.395907258812435
250.15501230447725,7.597978134836518
250.158947848934,17.463855363695686
250.1628833933908,5.69343662713004
250.1668189378475,1.45640734660053
250.17075448230423,6.743167588075864
250.174690026761,0.644350791451381
250.17862557121776,2.091520516131879
250.1825611156745,10.65556183924551
250.18649666013124,17.35608948158499
250.190432204588,5.071073861201312
250.19436774904477,2.265416489236351
250.1983032935015,4.372586544006179
250.20223883795825,0.41626329786038396
250.206174382415,0.45526813458042303
250.21010992687172,0.8655026651914532
250.2140454713285,0.9949541761251502
250.21798101578528,4.880949540005299
250.221916560242,11.626658969301676
250.2258521046988,4.371794425162759
250.22978764915555,4.441766056666374
250.23372319361224,12.891849875580498
250.23765873806903,11.474127012701388
250.24159428252577,4.072966684504203
250.24552982698253,1.3123584093339602
250.24946537143927,3.413403601779937
250.25340091589604,0.1178289007976973
250.2573364603528,3.8019196524719017
250.26127200480957,0.6916660487151984
250.26520754926628,1.8769727932635663
250.26914309372305,0.2274040309044105
250.27307863817975,4.815885697265819
250.2770141826365,8.219909739660634
250.2809497270933,4.508351903651258
250.28488527155,5.446184406084765
250.2888208160068,0.2995646569700627
250.29275636046356,2.1209816845487284
250.2966919049203,0.6984604963751495
250.30062744937703,1.803750312747355
250.3045629938338,5.350423332607898
250.3084985382905,4.273628213944502
250.3124340827473,2.5672454189635747
250.31636962720404,1.0666101693702472
250.3203051716608,1.8116586890111779
250.32424071611757,0.04144786989140229
250.3281762605743,3.381011698895174
250.33211180503105,7.132338298628259
250.3360473494878,3.191804637660725
250.33998289394452,1.0576217800441137
250.3439184384013,0.510494031697379
250.34785398285808,0.15720341092210988
250.3517895273148,0.3579052847009034
250.3557250717716,0.21971245820909785
250.3596606162283,2.593897828607259
250.36359616068503,8.536408190259763
250.3675317051418,7.894490621523884
250.37146724959857,2.32838856883044
250.3754027940553,0.027678013554747673
250.37933833851207,2.395573261566394
250.3832738829688,3.536946322321549
250.3872094274256,1.5190454630590815
250.3911449718823,1.7235421678802978
250.39508051633908,3.015036922197391
250.39901606079584,2.0144093704428463
250.40295160525255,2.5571912490750512
250.4068871497093,1.9759618626515607
250.4108226941661,2.307558600864906
250.4147582386228,3.4269015328567294
250.4186937830796,1.9320584813891037
250.42262932753636,3.4188845202145712
250.4265648719931,3.479319898744779
250.43050041644983,2.0834311237796213
250.43443596090657,0.59979612871693
250.4383715053633,0.330591432922286
250.44230704982007,1.3486973351632987
250.44624259427684,0.6588983037405606
250.4501781387336,1.953805656546217
250.45411368319037,0.44531583337141467
250.45804922764708,1.1334074773971907
250.46198477210385,1.2796770558262682
250.46592031656056,0.05646663662579818
250.46985586101732,0.30838606599254886
250.4737914054741,2.514448365826234
250.47772694993083,3.1044955467683777
250.4816624943876,1.1670235519057086
250.4855980388444,0.701293830553943
250.4895335833011,0.9038607853802566
250.49346912775783,0.8790788969485893
250.4974046722146,0.2935603339352596
250.5013402166713,1.596973225764405
250.5052757611281,10.166788142174783
250.50921130558484,9.302729982496157
250.5131468500416,2.627720224783056
250.51708239449837,9.824395274087045
250.5210179389551,6.920574114973515
250.52495348341185,0.4774448225747569
250.52888902786864,0.1124137349684108
250.53282457232532,0.5434801372426173
250.5367601167821,1.6791779153152262
250.54069566123889,0.48271447283958635
250.5446312056956,2.239848226454455
250.5485667501524,0.954282851609615
250.55250229460916,4.5450164026119
250.55643783906584,9.822878451375079
250.56037338352263,5.5040207730377055
250.56430892797937,1.9313513644433316
250.5682444724361,2.6355991011399373
250.57218001689287,4.906778827344774
250.57611556134964,3.688707465786346
250.5800511058064,0.39874707097056816
250.5839866502631,0.24158389076253983
250.58792219471988,0.3024167526945913
250.59185773917665,1.7098727251883636
250.59579328363336,4.0120320602117445
250.5997288280901,1.6908462107878528
250.6036643725469,0.32386091778652437
250.60759991700365,5.29209822759426
250.6115354614604,7.004553526307745
250.61547100591716,1.3661741372512493
250.6194065503739,1.4704182734647246
250.62334209483063,5.805399456356116
250.6272776392874,2.0385381748821247
250.6312131837441,0.2481966103155847
250.6351487282009,2.9934624196892727
250.63908427265764,4.126956613429738
250.6430198171144,1.0240112962574328
250.64695536157117,0.6053879867733987
250.6508909060279,2.590389753099865
250.65482645048465,2.342046016808681
250.6587619949414,1.1711366086595996
250.66269753939812,0.9131751248953978
250.6666330838549,2.2918023785663633
250.67056862831168,4.27139094678957
250.6745041727684,1.0821982433953008
250.6784397172252,2.8029032475922713
250.6823752616819,8.269377349528073
250.68631080613864,3.1398997126676473
250.6902463505954,0.36605570037568663
250.69418189505217,0.24404548909736737
250.6981174395089,0.7372874685026827
250.70205298396567,2.5091989763244382
250.7059885284224,5.21955337387823
250.7099240728792,8.056280436839902
250.7138596173359,1.3658227296143577
250.71779516179268,1.2616357671450005
250.72173070624945,0.23324416926395342
250.72566625070615,1.9312501038356351
250.7296017951629,1.5664920915960603
250.7335373396197,0.4503570792102124
250.7374728840764,1.4358263160953255
250.7414084285332,0.15992130424605777
250.74534397298996,1.2035675449163814
250.74927951744667,3.22852102043811
250.75321506190343,3.055967518254822
250.75715060636017,0.16249349639180768
250.7610861508169,1.208955018014943
250.76502169527367,5.228888081303532
250.76895723973044,4.60567032530616
250.7728927841872,0.15179974543034888
250.77682832864397,1.8814653450361376
250.78076387310068,0.48259684267953085
250.78469941755745,3.85241455974318
250.78863496201416,1.2657881146223309
250.79257050647092,0.7816954141659169
250.7965060509277,2.0525493605604326
250.80044159538448,0.6517055863628586
250.8043771398412,0.7058480777525655
250.808312684298,0.7078515125931358
250.8122482287547,1.0873447870155635
250.81618377321143,2.873759393306117
250.8201193176682,5.126003642057498
250.8240548621249,6.373220060792353
250.8279904065817,3.2644895738009674
250.83192595103844,1.3214082982125086
250.8358614954952,0.36623685366008457
250.83979703995195,0.035926044907833965
250.8437325844087,0.4714148148944797
250.84766812886545,3.069097597039946
250.85160367332224,4.373996792490228
250.85553921777893,5.151481546400034
250.8594747622357,4.621090287346285
250.8634103066925,1.427527609193483
250.8673458511492,1.0510949472140696
250.871281395606,1.5981645066779036
250.87521694006276,0.33045227024768176
250.87915248451947,0.5506566106593358
250.88308802897623,1.1903995873133155
250.88702357343297,1.4470860727339387
250.8909591178897,0.24246446424466825
250.89489466234647,1.815385133360748
250.8988302068032,3.4412656693290256
250.90276575126,0.547992398148132
250.90670129571672,0.322449242393916
250.91063684017348,0.6882930735322422
250.91457238463025,3.772482219780066
250.91850792908696,2.645088210814572
250.92244347354367,1.2883739087894115
250.9263790180005,1.2320188355206514
250.93031456245723,1.5355546523730885
250.934250106914,1.3914477906669716
250.93818565137076,0.8571530213468566
250.9421211958275,0.14018348488917928
250.94605674028423,0.6309752165178741
250.949992284741,1.283661247434182
250.9539278291977,3.318206778974191
250.9578633736545,1.603934517250281
250.96179891811124,0.1750120599513069
250.965734462568,0.7118252550743468
250.96967000702475,0.35324693654022576
250.97360555148148,0.15673801899959064
250.97754109593825,0.5386934728445268
250.981476640395,1.030541081200997
250.98541218485173,1.2236398746800479
250.9893477293085,0.6077595652378163
250.9932832737653,0.03631436723407458
250.997218818222,0.12418613347655026
251.0011543626788,1.0861646643913936
251.0050899071355,0.5031028605060373
251.0090254515923,0.510978847717242
251.012960996049,1.5660375060298803
251.01689654050577,0.12067844392230097
251.0208320849625,0.10381835193406341
251.02476762941927,0.2911582173400645
251.028703173876,2.143096175741399
251.0326387183328,0.9374018831896952
251.03657426278951,0.56785936052784
251.04050980724628,1.3334777310615022
251.04444535170305,1.7781279840289956
251.04838089615976,3.905630347925543
251.0523164406165,1.0547425601488754
251.0562519850733,1.0235538304537617
251.06018752953003,2.626416150385461
251.0641230739868,1.301061740538649
251.06805861844356,0.32790859248836957
251.07199416290027,2.289388978686544
251.07592970735703,1.8159495608945837
251.07986525181377,0.7197113745535156
251.0838007962705,3.529788311583559
251.08773634072728,1.1681405025219709
251.09167188518404,0.7683639944022167
251.0956074296408,1.2797049967596197
251.09954297409757,0.2626715123284965
251.10347851855428,0.2868123698171229
251.10741406301105,2.4403613045189028
251.1113496074678,4.278270881426609
251.11528515192452,3.295404140748713
251.1192206963813,3.5459180633862313
251.12315624083809,2.4519233388072053
251.1270917852948,0.06675702862385362
251.13102732975156,1.7966344148148188
251.1349628742083,2.8224913882159233
251.13889841866504,1.402688010590282
251.1428339631218,0.5078609513518972
251.1467695075785,0.2892254502409562
251.1507050520353,0.03495064234613618
251.15464059649204,1.257894604081401
251.1585761409488,3.051113040655808
251.16251168540555,0.6175710483886073
251.1664472298623,1.0442949173216964
251.17038277431905,2.4736367231967757
251.17431831877585,0.056418493283228975
251.17825386323256,1.672574863269301
251.1821894076893,1.7374648977635787
251.1861249521461,0.8335255797567258
251.19006049660285,0.7485694175392582
251.1939960410596,0.47584078278020675
251.19793158551636,1.1669880491833975
251.20186712997307,0.16123417422369846
251.2058026744298,0.5418148515211094
251.20973821888657,0.7756233024381273
251.2136737633433,0.0033559607398545217
251.21760930780007,0.8806995267068485
251.2215448522568,1.0838516767682322
251.2254803967136,0.7630200974395372
251.22941594117032,1.6010139481351233
251.23335148562708,1.0532252302686873
251.23728703008385,0.05169319911561135
251.2412225745406,0.5939443313687339
251.24515811899727,0.09504661522395674
251.2490936634541,3.999108953396523
251.25302920791083,3.6222030941367818
251.2569647523676,0.11963230544703492
251.26090029682436,4.519961381991365
251.2648358412811,2.3412559256550884
251.26877138573784,1.659818447870242
251.2727069301946,2.2714148066124142
251.2766424746513,0.09475803647647045
251.28057801910808,1.6849009727195623
251.28451356356484,3.3935965091031637
251.2884491080216,2.063869823561186
251.29238465247835,0.6983532646714268
251.29632019693508,0.7459864645685346
251.30025574139185,1.8981237487247067
251.3041912858486,1.0716484221545073
251.30812683030533,0.10486788903679384
251.3120623747621,0.22682645028216636
251.3159979192189,0.010703621418467814
251.3199334636756,0.8951771541709087
251.3238690081324,4.48102627061418
251.3278045525891,2.796751282093018
251.33174009704587,2.7261857204508178
251.3356756415026,3.6440993628878626
251.33961118595937,0.5859103013893737
251.3435467304161,0.4491140998230285
251.34748227487287,3.4892870645401755
251.3514178193296,7.495144208038864
251.3553533637864,1.5429970253968686
251.35928890824312,0.4662114988261941
251.36322445269985,0.079044438150699
251.36715999715665,2.7747030637702776
251.37109554161336,1.0675489321193568
251.37503108607007,0.3546383047277416
251.3789666305269,0.4271249798480046
251.38290217498363,1.5585116607732703
251.3868377194404,1.8655227534396481
251.39077326389716,0.015028487893584894
251.39470880835387,0.4047677847291113
251.39864435281063,0.8432070950304481
251.40257989726737,0.5656231315137763
251.4065154417241,0.9954951439020344
251.41045098618088,2.0023166399397776
251.41438653063764,0.6846532131101856
251.4183220750944,1.567983156612169
251.42225761955115,1.8236366673265136
251.42619316400788,0.6563981576517333
251.43012870846465,0.12235804585298732
251.4340642529214,0.11819891029762082
251.43799979737813,2.8976076020692414
251.4419353418349,5.830524217946189
251.44587088629163,2.348694370568476
251.4498064307484,0.12665335800353847
251.45374197520516,1.3494273693681993
251.4576775196619,2.4818331814304337
251.46161306411864,2.577298032808421
251.4655486085754,3.182583921516445
251.4694841530321,4.684138503754335
251.4734196974889,4.927854537118552
251.47735524194565,1.6113846080005871
251.4812907864024,0.006926371931394238
251.48522633085915,0.0888176390018756
251.48916187531592,1.5926408137318928
251.49309741977265,3.616166092298265
251.49703296422945,1.4198245683518387
251.50096850868616,0.06204368054704708
251.50490405314287,0.4731925676318966
251.5088395975997,0.46562738183326385
251.51277514205643,0.28580333626433935
251.5167106865132,0.03616875703729227
251.5206462309699,0.22141168029511615
251.52458177542667,0.8124254892365658
251.5285173198834,0.13021334131677262
251.53245286434017,0.4557014284817962
251.5363884087969,0.561599301119969
251.54032395325368,1.3316194465294695
251.5442594977104,6.697176147542236
251.5481950421672,6.1964874738992215
251.55213058662392,1.1115395846344411
251.55606613108068,2.289996393370887
251.56000167553745,4.745833955927518
251.5639372199942,1.572713282777612
251.56787276445093,0.4995088014992351
251.5718083089077,1.3221243994688396
251.57574385336443,0.3356464138299641
251.5796793978212,0.9312686943383234
251.58361494227796,2.3393462042251683
251.5875504867347,2.064177636185801
251.59148603119144,0.225094990275025
251.59542157564815,1.9119758162073672
251.5993571201049,4.012652537257583
251.60329266456168,3.593832717153886
251.60722820901844,6.404332338439828
251.6111637534752,7.288257363487882
251.61509929793195,3.4215917909351337
251.6190348423887,0.11902459890284127
251.62297038684545,0.8089189095147662
251.6269059313022,0.5028500542443112
251.63084147575896,1.9998227112410953
251.6347770202157,3.9800148615056803
251.6387125646725,4.035460935203099
251.6426481091292,6.252613456816429
251.646583653586,3.333998900472339
251.6505191980427,0.547087086039874
251.65445474249947,0.3895908905317069
251.6583902869562,0.2937064247699874
251.66232583141297,0.6884623833223967
251.6662613758697,0.49232782323817476
251.67019692032648,0.3039963983325886
251.6741324647832,1.572930940534472
251.67806800923995,5.150745851202914
251.68200355369672,4.5323218620682315
251.68593909815343,0.2501444741368695
251.68987464261025,2.724626638792393
251.69381018706696,4.757903180723287
251.69774573152367,2.158716386293107
251.7016812759805,1.5177245432277588
251.70561682043723,2.097951386080487
251.709552364894,0.5971051781856044
251.71348790935076,0.5534102484292042
251.71742345380747,2.038679800350018
251.72135899826424,1.1991214376901191
251.72529454272097,0.05604461422679343
251.7292300871777,0.9967717746513897
251.73316563163448,1.4063247103180403
251.73710117609124,1.8340991048471256
251.741036720548,0.7772603842522751
251.74497226500475,0.2457040562571291
251.74890780946149,1.5018169834792807
251.75284335391825,1.8214916993074792
251.756778898375,2.2641974305892254
251.76071444283173,0.5493988041435278
251.7646499872885,0.9276346266080608
251.76858553174523,3.7093114273671803
251.772521076202,2.162371765814782
251.77645662065876,0.9374334583849419
251.7803921651155,0.6951126701127078
251.78432770957224,0.8149058954774857
251.788263254029,2.597240947032276
251.7921987984857,1.3936144732483873
251.7961343429425,0.3466975197175776
251.80006988739925,2.791935061199143
251.804005431856,1.2331800465070806
251.80794097631275,2.2410256003760933
251.81187652076952,1.2089438293873298
251.81581206522625,0.9056062179013626
251.81974760968305,3.3940971072458304
251.82368315413976,0.9567761808418606
251.8276186985965,0.42009318953556
251.8315542430533,0.9615094231556266
251.83548978751,0.48395528652667097
251.8394253319668,2.881309127874637
251.8433608764235,1.3664128140573706
251.84729642088027,0.40154052805010254
251.851231965337,0.7597657893853037
251.85516750979377,0.02346365727636093
251.8591030542505,0.8565961762743535
251.86303859870728,1.0938405029660263
251.866974143164,0.3731909058507734
251.8709096876208,0.6652749106453926
251.87484523207752,2.7375729054093387
251.87878077653428,1.0228463340163099
251.88271632099105,0.06572453685825469
251.8866518654478,0.5128833408119506
251.89058740990453,0.34984079395208556
251.8945229543613,0.7031057783603984
251.89845849881803,0.8143929857676635
251.9023940432748,0.6635038093201147
251.90632958773156,0.387488850623244
251.91026513218827,0.07640087745108232
251.91420067664504,0.28894033707266553
251.91813622110175,0.49300976394347346
251.9220717655585,0.27370712377702183
251.92600731001528,0.49861347485666824
251.92994285447205,0.3919662169255552
251.9338783989288,0.051609845253659296
251.93781394338555,0.23598021140806086
251.9417494878423,0.1833823376105411
251.94568503229905,0.02174860647961346
251.9496205767558,0.25152727826611315
251.95355612121256,0.563993698818607
251.9574916656693,1.4189589326426497
251.9614272101261,1.5479084854151706
251.9653627545828,0.32594134156906557
251.9692982990396,0.736451079974026
251.9732338434963,1.1930222708181346
251.97716938795307,0.7291596879821527
251.9811049324098,2.204511970072703
251.98504047686652,2.9440262273713764
251.9889760213233,1.7979536292979148
251.99291156578005,1.3931610626465938
251.9968471102368,1.579915363760713
252.00078265469355,1.7778264242848147
252.00471819915032,1.7542312920155216
252.00865374360703,0.8196754085155925
252.01258928806385,0.03028744945232436
252.01652483252056,1.5801405035324738
252.02046037697733,2.089428973108954
252.0243959214341,0.5045152793276835
252.02833146589083,0.0843880276718207
252.0322670103476,0.9577112376971946
252.03620255480436,1.3410946804828172
252.04013809926107,0.6692008334437142
252.04407364371784,0.17581246699235703
252.04800918817455,0.8149779294586781
252.0519447326313,1.1164395041453083
252.05588027708808,0.44476420535563377
252.05981582154484,0.17943692607399833
252.0637513660016,2.0258540473512494
252.06768691045832,1.6083618608089636
252.0716224549151,1.3248947976176806
252.07555799937185,1.9210765130969778
252.0794935438286,1.1347257878823809
252.08342908828533,1.036454776628827
252.0873646327421,1.5834953622960093
252.09130017719883,1.8724863268496779
252.0952357216556,0.7413854387687893
252.09917126611236,0.46195032777039474
252.1031068105691,0.21136536417217006
252.10704235502584,1.0145553389886985
252.1109778994826,2.3793430780288816
252.11491344393932,2.067498991875257
252.1188489883961,0.032019044264965824
252.12278453285285,1.519242412468025
252.1267200773096,1.4132836425298811
252.13065562176635,0.6190532449054108
252.13459116622312,0.6498124468875155
252.13852671067983,0.14562077303909596
252.1424622551366,0.14552173262619994
252.14639779959336,1.0187458427367313
252.1503333440501,1.5696120270077514
252.1542688885069,0.6930462192273755
252.1582044329636,0.26119241600389365
252.1621399774204,0.32908801404313154
252.1660755218771,1.28038498006507
252.17001106633387,0.6546666742746461
252.1739466107906,0.3433771233010277
252.17788215524735,1.868457679101819
252.1818176997041,0.6192080128975342
252.18575324416088,3.65190259741986
252.1896887886176,4.063852156051917
252.1936243330744,1.4127369412519737
252.19755987753112,2.201763608414172
252.2014954219879,0.37130658995140475
252.20543096644465,1.1018626468291852
252.2093665109014,2.0654786568838017
252.21330205535813,0.6414226851037736
252.2172375998149,1.0745426970132657
252.22117314427163,0.20470254707465108
252.2251086887284,3.049034122177609
252.22904423318516,3.1713637918986275
252.23297977764187,0.16005111094583305
252.23691532209864,0.32771689653244823
252.24085086655535,0.8725093925688437
252.24478641101211,1.3205466459172537
252.24872195546888,0.20727270034719356
252.25265749992565,0.9747125325950622
252.2565930443824,0.543479278151316
252.26052858883915,0.06355727519259902
252.2644641332959,0.3104666922620041
252.26839967775263,0.12309594616014041
252.2723352222094,0.9963233136163239
252.27627076666616,1.6708086785590222
252.2802063111229,1.049886292890771
252.2841418555797,0.3497449144809287
252.2880774000364,0.15594350279144842
252.2920129444932,0.1769575003575124
252.2959484889499,0.22778486006899062
252.29988403340664,0.6020910481199115
252.3038195778634,0.6283242352837696
252.30775512232012,0.04181938523266462
252.3116906667769,0.19683341978751878
252.31562621123365,0.41380608649525263
252.3195617556904,0.713770808681065
252.32349730014715,0.8921922961348104
252.32743284460392,0.36723830819153436
252.33136838906063,0.9814704066192437
252.33530393351745,2.318304426030438
252.33923947797416,1.5840056250415193
252.34317502243093,0.31053065505641975
252.3471105668877,0.02440060645893304
252.35104611134443,0.3022476619494416
252.3549816558012,1.0770128572740767
252.35891720025796,1.368198899122676
252.36285274471467,0.8000293750008579
252.36678828917144,0.4197071279616872
252.37072383362815,0.1271740335038228
252.3746593780849,0.02292173609334158
252.37859492254168,0.14083545954873744
252.3825304669984,0.7760325534905158
252.3864660114552,1.4281248221670073
252.39040155591192,2.3784917382355206
252.3943371003687,0.876664105695579
252.39827264482545,0.6044518890032312
252.4022081892822,2.659139169418894
252.40614373373893,1.6204874100427331
252.4100792781957,4.379166113178897
252.41401482265243,3.2104973410422124
252.4179503671092,0.6826507389566863
252.42188591156597,3.1397059235287426
252.4258214560227,0.7129969153257525
252.42975700047944,0.3946955696398395
252.4336925449362,2.7300392274032608
252.43762808939292,19.715109172875476
252.4415636338497,30.025721880204376
252.44549917830645,17.766752250297245
252.4494347227632,8.98856434048208
252.45337026721995,1.1132386577681173
252.4573058116767,1.2924683881540924
252.46124135613343,1.89974895797252
252.4651769005902,1.2449523504025122
252.46911244504696,1.3086420459841057
252.4730479895037,0.2101622918978422
252.4769835339605,0.6094581127999245
252.4809190784172,0.733885294475082
252.484854622874,2.992054984399752
252.4887901673307,0.9355181078952249
252.49272571178747,3.427071305279434
252.4966612562442,5.75108429267147
252.50059680070095,0.525598725721827
252.5045323451577,2.0422258825949484
252.50846788961448,2.6813768380869516
252.5124034340712,0.6238901695268991
252.516338978528,1.2386970851581516
252.52027452298472,0.11288958113260117
252.5242100674415,2.589208403120788
252.52814561189825,0.6555899537421203
252.53208115635496,0.7848564144105052
252.53601670081173,0.4678893155713024
252.53995224526847,0.9147872072762164
252.54388778972523,1.1675884776968262
252.547823334182,0.18765585789830488
252.55175887863876,1.72663519927642
252.55569442309547,2.3244366800240552
252.55962996755224,2.5825817852717625
252.56356551200895,0.4421262292648234
252.56750105646572,2.5867728835267063
252.57143660092248,3.8810927644059983
252.57537214537925,0.9970943257846617
252.579307689836,0.28211703394944787
252.58324323429275,1.2512054348950874
252.5871787787495,2.4042853469161316
252.59111432320623,5.2639268571776165
252.595049867663,2.780958268136547
252.59898541211976,0.4694242778095932
252.6029209565765,1.339444999639633
252.6068565010333,0.5851327907912628
252.61079204549,0.5855988463166022
252.61472758994677,2.7997505193622594
252.6186631344035,3.7834395568040575
252.62259867886024,1.3688272094048899
252.626534223317,0.2617089001966961
252.63046976777372,1.8205204294883897
252.6344053122305,4.7587496372270195
252.63834085668725,3.1591211226096734
252.642276401144,0.6588245193239473
252.64621194560075,4.584877689624848
252.65014749005752,1.4768470191204408
252.65408303451423,1.7185232050401675
252.65801857897105,6.302630687130979
252.66195412342776,1.9379984882781958
252.66588966788453,0.20058128073025458
252.66982521234127,1.0246697791836406
252.67376075679803,0.10955683536351263
252.6776963012548,0.33179768659572934
252.68163184571156,0.08022173347174932
252.68556739016827,0.3627861384176692
252.689502934625,1.1614808019046619
252.69343847908175,0.8819221304655679
252.6973740235385,0.4122828417970047
252.70130956799528,0.36428092632278686
252.705245112452,1.0383914186883891
252.7091806569088,3.043903044704709
252.71311620136552,4.214150023113556
252.7170517458223,2.1590706079053015
252.72098729027903,2.1118854224729544
252.7249228347358,2.9287844785350883
252.72885837919253,0.7612607438956958
252.7327939236493,1.422211698784388
252.73672946810603,1.373048053924061
252.7406650125628,0.809461574178797
252.74460055701957,1.0478427623199773
252.7485361014763,0.34659975732499443
252.75247164593304,0.9888079846380907
252.7564071903898,0.6484630387715897
252.76034273484652,0.10128014314478999
252.7642782793033,0.45215372312213337
252.76821382376005,0.44127518987518405
252.7721493682168,0.05115566094497875
252.77608491267355,0.8432541521003776
252.7800204571303,0.755393862362993
252.78395600158703,0.43981840386789683
252.7878915460438,0.1241915361841597
252.79182709050056,0.9975745204985805
252.7957626349573,1.5346806464699194
252.7996981794141,1.2559983078434462
252.8036337238708,0.05072138198251642
252.8075692683276,3.806875956224891
252.8115048127843,3.623791486859655
252.81544035724107,0.3974421885759796
252.8193759016978,2.4703456187803736
252.82331144615455,2.2785822466236922
252.8272469906113,1.477671420942308
252.83118253506808,1.5288803533019009
252.8351180795248,1.070135758139553
252.8390536239816,0.050968488831365046
252.84298916843832,0.396473177718411
252.84692471289503,0.13636753391310777
252.85086025735183,0.9046370084993669
252.85479580180856,0.16517517321685904
252.85873134626533,2.458903649019352
252.86266689072207,2.326447348217666
252.86660243517883,0.49425164306908476
252.8705379796356,0.7115127993022787
252.87447352409237,4.097293730302371
252.87840906854908,3.0206704104397466
252.88234461300584,0.1480661188122706
252.88628015746255,4.80813480420326
252.89021570191932,6.284963882883801
252.89415124637608,3.790244610424734
252.89808679083285,4.744953579462191
252.9020223352896,3.128434512379486
252.90595787974635,0.3249130355933162
252.9098934242031,0.13684826721135615
252.91382896865983,1.7764204693783383
252.9177645131166,1.360938816429575
252.92170005757333,0.11988206066050676
252.9256356020301,1.4136802105080326
252.92957114648684,1.2998404464624393
252.9335066909436,3.095380977644245
252.93744223540037,1.541885571409215
252.9413777798571,0.3405161261516385
252.94531332431384,0.2960542751669681
252.9492488687706,0.6517198942958911
252.95318441322732,1.7313117151647048
252.9571199576841,2.0213792412924065
252.96105550214085,0.7356370458176498
252.9649910465976,3.4632212337844477
252.9689265910544,1.306612607313115
252.97286213551112,0.6540735626709991
252.97679767996783,2.578719554619117
252.98073322442465,1.590868754026972
252.98466876888136,1.404499649940287
252.98860431333813,2.4051112537317203
252.99253985779487,2.13095219747972
252.99647540225163,0.09744929548244051
253.0004109467084,0.47034257082025555
253.0043464911651,0.11944822075860345
253.00828203562187,0.7682872527362165
253.0122175800786,0.6087166571266356
253.01615312453535,0.12464609411653485
253.0200886689921,0.12216113860183449
253.02402421344888,0.14564321568601973
253.0279597579056,0.011411373031575628
253.0318953023624,0.4580092459565721
253.03583084681912,2.5661936946153507
253.0397663912759,3.7718199809276585
253.04370193573263,1.3182740203312557
253.0476374801894,0.21523346434044036
253.05157302464613,1.1809687296968916
253.0555085691029,3.9562755898831323
253.05944411355964,5.9126406917657315
253.0633796580164,9.396114409452268
253.06731520247317,7.769181968988727
253.0712507469299,1.640495199296423
253.07518629138664,0.921734873015669
253.07912183584335,1.6251979087964876
253.08305738030012,2.4535476350180714
253.08699292475688,4.248810056266429
253.09092846921365,1.789343275805094
253.0948640136704,0.6142901687699044
253.09879955812715,5.991349315966435
253.1027351025839,5.526452437386176
253.10667064704063,1.1559052505741292
253.1106061914974,0.628621478665026
253.11454173595416,0.2212400463778923
253.1184772804109,0.7293073401912387
253.12241282486767,2.1666982398613155
253.1263483693244,0.6195474895830958
253.1302839137812,0.4433852988256705
253.1342194582379,1.1398742672711435
253.13815500269467,0.3594342691906094
253.1420905471514,0.11439922524084997
253.14602609160815,0.17960258891847924
253.1499616360649,1.5900073616890824
253.15389718052168,2.2710425553847204
253.1578327249784,2.1532190024169684
253.1617682694352,1.7260031252600845
253.16570381389192,0.4130339335336924
253.16963935834863,0.14409675852464326
253.17357490280543,0.8268392613530587
253.17751044726216,1.13654375466578
253.18144599171893,0.27956421628250727
253.18538153617567,0.02278207646752922
253.18931708063243,0.4940797602882105
253.1932526250892,2.3151182334738314
253.19718816954597,2.6778810937354014
253.20112371400268,2.209958007031818
253.20505925845944,3.008140663583486
253.20899480291615,2.08929174878615
253.21293034737292,0.8542196463513031
253.21686589182968,0.4225804336102826
253.22080143628645,1.439213505335294
253.2247369807432,2.3324272613923274
253.22867252519995,1.7482282631349606
253.2326080696567,0.6764624039126009
253.23654361411343,0.3297485074189252
253.2404791585702,1.1025077394396317
253.24441470302693,0.7100561182480745
253.2483502474837,0.2072792695471835
253.25228579194044,0.9290959830578879
253.2562213363972,0.40109903513255674
253.26015688085397,1.0586629790551876
253.2640924253107,1.4270534492148983
253.26802796976745,0.6546367751414051
253.2719635142242,0.6057174902217387
253.27589905868092,1.7034720466060207
253.2798346031377,1.6531316511981684
253.28377014759445,0.11452338966515013
253.2877056920512,1.2388676026976124
253.291641236508,0.6801048077124452
253.29557678096472,0.8888001945313072
253.29951232542143,2.995322816491872
253.30344786987823,0.78337278884072
253.30738341433496,0.45021514472817614
253.31131895879173,1.4067777671567931
253.31525450324847,0.6142927919416146
253.3191900477052,0.015313122244004508
253.323125592162,1.5016996858470661
253.3270611366187,3.182191183470042
253.33099668107548,0.9323961482391786
253.3349322255322,1.38283785409297
253.33886776998895,0.32563714493414925
253.3428033144457,4.370963763724837
253.34673885890248,7.13048697382994
253.3506744033592,2.2138557023500893
253.354609947816,9.494245865388672
253.35854549227275,15.931054775683338
253.3624810367295,7.167033310501732
253.36641658118623,0.3473651949461589
253.370352125643,0.441126303738275
253.37428767009973,0.7479854155595581
253.3782232145565,4.435398864625733
253.38215875901324,2.3127628854245654
253.38609430347,0.08539094213145064
253.39002984792677,0.7900927575547663
253.39396539238348,1.7784285029414761
253.39790093684024,2.3020794844485812
253.40183648129695,0.282562196048567
253.40577202575372,0.8172434363415914
253.4097075702105,1.5106197673442596
253.41364311466725,0.11759309558206067
253.417578659124,2.166066926316737
253.4215142035808,1.4280530361953117
253.4254497480375,0.30903129082566444
253.42938529249423,2.9246215035780407
253.433320836951,1.7237912892011578
253.43725638140776,0.5673835438526337
253.4411919258645,1.3738936107891766
253.44512747032127,2.037872097144699
253.449063014778,0.7658339536692402
253.4529985592348,0.02575841921385135
253.4569341036915,0.3357379804275526
253.46086964814828,0.5901012066761634
253.464805192605,0.6419181985197981
253.46874073706175,0.42632724750795925
253.4726762815185,0.29826457808713613
253.47661182597523,0.08277627461937684
253.480547370432,0.4139938713297292
253.4844829148888,0.8445870128983477
253.48841845934552,0.21669984590789595
253.49235400380223,2.3092393597995926
253.49628954825903,2.011872804770796
253.50022509271577,0.2568808711157018
253.50416063717253,0.03193233373249851
253.50809618162927,0.8862412420227971
253.51203172608604,3.408552483085715
253.5159672705428,3.5914471641947436
253.51990281499957,1.5925474590837776
253.52383835945628,0.5067420862497592
253.52777390391304,0.5349990951903411
253.53170944836975,1.3245308714111155
253.53564499282652,1.1386833021049987
253.53958053728329,0.2567471691345531
253.54351608174005,1.7893145800798076
253.5474516261968,1.124496270270853
253.55138717065356,0.14516637540456373
253.5553227151103,0.5802348111581315
253.55925825956703,0.5738817595453062
253.5631938040238,0.46021995092680573
253.5671293484805,0.9984560086668943
253.5710648929373,2.157559425797316
253.57500043739404,2.506234304730863
253.5789359818508,2.2769356958030964
253.58287152630757,1.9845331870875538
253.5868070707643,1.3436189349871206
253.59074261522105,1.0479557397283261
253.5946781596778,0.6051265728892146
253.59861370413452,0.07389736013419652
253.6025492485913,0.02660762236846414
253.60648479304805,0.046600870597680484
253.6104203375048,0.04860717376732867
253.6143558819616,0.5152494607189745
253.61829142641832,0.05090968093191974
253.62222697087503,1.0865335002947138
253.6261625153318,2.23578694365538
253.63009805978857,0.4824569354704037
253.6340336042453,0.03019951426909234
253.63796914870207,0.061964276356347374
253.6419046931588,0.007359350273390654
253.6458402376156,1.2809791337104683
253.6497757820723,3.40989044339349
253.65371132652908,0.9682057423526437
253.6576468709858,0.3756646950720802
253.66158241544255,2.2514131015303147
253.6655179598993,1.9317452542610334
253.66945350435608,0.6850435879595173
253.6733890488128,1.4768167401147811
253.6773245932696,1.5445177928920817
253.68126013772635,2.257530927002617
253.6851956821831,2.259240348163878
253.68913122663983,1.1409984525527197
253.6930667710966,2.966692984616943
253.69700231555333,3.6373884371520457
253.7009378600101,0.7936753452353458
253.70487340446684,0.8554031853903603
253.7088089489236,1.1132132265638401
253.71274449338037,0.1878191782959984
253.71668003783708,0.5652487999989502
253.72061558229385,0.33892229201586715
253.72455112675055,0.84891725260051
253.72848667120732,1.0435888192196534
253.7324222156641,0.12403432784546006
253.73635776012085,0.5818922160542449
253.7402933045776,1.497441553398421
253.7442288490344,1.6545557268908344
253.7481643934911,1.273432789093753
253.75209993794783,0.0457338786406754
253.7560354824046,1.940684539651702
253.75997102686136,2.720288154890712
253.7639065713181,1.9395848043385349
253.76784211577487,0.48697187832698097
253.7717776602316,0.09807666223859372
253.7757132046884,0.4321930946741548
253.7796487491451,0.8347375365128731
253.78358429360185,1.3578325316782784
253.7875198380586,1.052665106240743
253.79145538251532,0.49966366955797054
253.7953909269721,0.604436768584353
253.79932647142888,1.123736345710921
253.8032620158856,0.3168506749924939
253.8071975603424,0.232407270416859
253.81113310479915,1.4357339159002098
253.81506864925583,2.390277285911702
253.81900419371263,2.930559038524149
253.82293973816937,2.436926785828808
253.82687528262613,1.6857337822735217
253.83081082708287,1.113174120063406
253.83474637153964,0.3475829827322494
253.8386819159964,0.1885736534591118
253.84261746045317,0.1372317829058141
253.84655300490988,0.1029347144423145
253.85048854936664,0.8162720544751412
253.85442409382335,3.2282657616751207
253.85835963828012,3.63225282022153
253.8622951827369,1.3985251211860033
253.8662307271936,0.36162298218574834
253.8701662716504,1.3629289562569604
253.87410181610716,1.9209036670598518
253.8780373605639,0.20728453541289493
253.88197290502063,1.053960437226646
253.8859084494774,2.004361183568685
253.8898439939341,0.533331750621292
253.8937795383909,0.6050157753997046
253.89771508284764,0.9832353258002862
253.9016506273044,0.4071560342619809
253.90558617176117,0.0932894801512042
253.9095217162179,1.584332419070667
253.91345726067465,2.8755189478115715
253.9173928051314,1.6282894379965043
253.92132834958812,1.036224724165489
253.9252638940449,4.0272554803661915
253.92919943850168,5.718734684915158
253.9331349829584,0.9279174289645785
253.9370705274152,2.6353352488662636
253.9410060718719,5.023456290502817
253.94494161632863,0.9323245881563639
253.9488771607854,0.650876740951303
253.95281270524217,2.0661521409134695
253.9567482496989,0.9775500958996918
253.96068379415567,0.6290602300959413
253.9646193386124,1.149077878121152
253.9685548830692,1.7960054603589957
253.9724904275259,1.3028312672552367
253.97642597198268,0.2534228526920641
253.98036151643944,0.8734162714510257
253.98429706089615,0.5694012385189235
253.9882326053529,0.09267375932360271
253.9921681498097,0.5293393886031581
253.9961036942664,0.05178625813406282
254.0000392387232,1.3586956395269412
254.00397478317996,0.36905879318551343
254.0079103276367,0.43489746991586314
254.01184587209343,0.8989669602559969
254.0157814165502,0.9378833957720513
254.0197169610069,0.8073738578131987
254.02365250546367,0.33342657459442787
254.02758804992044,1.9426751635005957
254.0315235943772,2.2739355397708323
254.03545913883397,1.7296338889735456
254.03939468329068,0.4702550405765
254.04333022774745,0.20354348067371797
254.04726577220416,0.1519418203812978
254.05120131666092,0.2417335917700382
254.0551368611177,0.9575200332346026
254.05907240557443,1.9296075447916914
254.0630079500312,2.768500554806645
254.066943494488,2.0162495369761406
254.0708790389447,1.3008272437387551
254.07481458340143,0.021172842389889177
254.0787501278582,1.3187984455386168
254.08268567231497,2.7086134203490353
254.0866212167717,3.3303220920918855
254.09055676122847,1.5252876439295082
254.0944923056852,0.42447412732737316
254.09842785014197,1.3438857203763859
254.1023633945987,3.000421883182168
254.10629893905545,1.1576602662489441
254.11023448351224,1.7669061373726207
254.11417002796892,4.949230688157681
254.1181055724257,0.4817616106584877
254.12204111688249,2.7683589693090638
254.1259766613392,3.289365869254312
254.129912205796,3.2495782211595063
254.13384775025276,0.969258010073176
254.13778329470944,0.4898114665910737
254.14171883916623,1.0868964542564095
254.14565438362297,0.18321160050465737
254.1495899280797,1.4515817333987806
254.15352547253647,1.9156461898074997
254.15746101699324,0.33251448189890026
254.16139656145,0.525158573663229
254.16533210590677,0.1717826765070973
254.16926765036348,0.957803429856134
254.17320319482025,0.587649719394436
254.17713873927696,1.7138509783426836
254.1810742837337,3.60525707318667
254.1850098281905,1.0235907895084002
254.18894537264725,2.994493723795712
254.192880917104,0.26455561075242057
254.19681646156076,3.375675971049087
254.2007520060175,0.9297378502077529
254.20468755047423,3.8692751927153917
254.208623094931,5.395692100567827
254.2125586393877,0.21111083945822548
254.2164941838445,2.5700499194678827
254.22042972830124,2.9785176923631154
254.224365272758,0.9555046348385159
254.22830081721477,3.404386087490669
254.2322363616715,1.557229149365161
254.23617190612825,1.1639898170970262
254.240107450585,1.5114200091084715
254.24404299504172,1.1464137008907087
254.2479785394985,6.933636112955641
254.25191408395528,5.196682725596047
254.255849628412,2.2322247078645705
254.2597851728688,2.562815481443149
254.2637207173255,7.611501576407716
254.26765626178224,4.551800123919859
254.271591806239,1.7583782258216962
254.27552735069577,0.7311125956010371
254.2794628951525,0.16392169337014142
254.28339843960927,0.9308636537137192
254.287333984066,6.03569443470752
254.2912695285228,2.924207034177478
254.2952050729795,2.940214743249737
254.29914061743628,7.299399779456179
254.30307616189305,1.5198858984373758
254.30701170634975,0.688254288993226
254.3109472508065,1.956844076553986
254.3148827952633,0.4554955031147224
254.31881833972,0.21421973676340006
254.3227538841768,3.4278836565969613
254.32668942863356,6.335730597529669
254.33062497309027,0.6636576937551955
254.33456051754703,3.5123594288651447
254.33849606200377,1.9699523166885209
254.3424316064605,1.2384494194838174
254.34636715091727,2.631386456204276
254.35030269537404,0.5579598077042398
254.3542382398308,5.78450091009561
254.35817378428757,1.2011709952031582
254.36210932874428,1.0126810417153462
254.36604487320105,1.426537608002935
254.36998041765776,3.434373767721917
254.37391596211452,6.646207211745239
254.3778515065713,3.9397967432336647
254.38178705102808,0.9954167399029098
254.3857225954848,0.4229484686120463
254.3896581399416,2.0927637252962024
254.3935936843983,3.3739701275791063
254.39752922885503,1.8358714243090952
254.4014647733118,1.1682420691566417
254.40540031776857,0.665908690286722
254.4093358622253,0.8346058902186495
254.41327140668204,4.074890715569953
254.4172069511388,3.6658848719891717
254.42114249559555,0.2604858382698055
254.4250780400523,1.692796423227058
254.42901358450905,0.18270667404929122
254.43294912896584,1.252985560928434
254.43688467342253,1.106708734467308
254.4408202178793,0.5480734438962865
254.4447557623361,0.8231828068915129
254.4486913067928,0.806592299845986
254.4526268512496,0.2859977433743735
254.45656239570636,1.0807070033071715
254.4604979401631,2.098205916633124
254.46443348461983,1.1585566441767596
254.46836902907657,7.316716045379383
254.4723045735333,3.7934212884370395
254.47624011799007,0.37750542996856484
254.48017566244684,1.7996949113989877
254.4841112069036,0.5555144903706076
254.48804675136032,2.2024463076471474
254.49198229581708,1.5712878547720703
254.49591784027385,1.6753964305291962
254.49985338473056,2.3246656285572262
254.50378892918727,3.9119273620440005
254.5077244736441,2.946637280443128
254.51166001810083,2.45898356577215
254.5155955625576,4.890304667259134
254.51953110701436,2.943123450430413
254.5234666514711,1.2384694378339276
254.52740219592783,0.35977693489486023
254.5313377403846,1.9676260928627094
254.5352732848413,0.6611670972561448
254.5392088292981,1.3683184626255247
254.54314437375484,1.465330305495283
254.5470799182116,0.08683134926054305
254.55101546266835,0.06562969386851303
254.5549510071251,1.078675446352517
254.55888655158185,1.5725108967835684
254.56282209603864,0.1640824233719878
254.56675764049533,1.2014242279428438
254.5706931849521,0.04357715071690902
254.5746287294089,0.9092880776747305
254.5785642738656,0.08294681207226365
254.5824998183224,4.739002337965765
254.5864353627791,5.525213880333682
254.5903709072359,2.692792842601241
254.5943064516926,5.247633987087672
254.59824199614937,4.339589391275154
254.6021775406061,3.747197421293963
254.60611308506287,2.9352052266850683
254.6100486295196,0.656152150549362
254.6139841739764,1.86104951370647
254.61791971843311,1.2649341295801235
254.62185526288988,0.10738465899265072
254.62579080734665,1.4928283396749795
254.62972635180336,1.0078566125438508
254.6336618962601,0.18775467017026717
254.6375974407169,0.027612633018120863
254.64153298517363,0.09874229224961448
254.6454685296304,0.903755975982243
254.64940407408716,3.0556603627722847
254.65333961854387,3.454384357943679
254.65727516300063,2.5007651765811527
254.66121070745737,2.00787590504154
254.6651462519141,1.06400287883687
254.66908179637088,0.11489975359300222
254.67301734082764,2.7304098556953673
254.6769528852844,3.957985422627088
254.68088842974117,2.364738556811893
254.68482397419788,3.5841868412557463
254.68875951865465,3.042396495520154
254.6926950631114,1.6773253664892853
254.69663060756812,1.300691739765609
254.7005661520249,0.8972735369477689
254.70450169648169,1.340210998748575
254.7084372409384,2.2177005786813706
254.7123727853952,2.2120002262479477
254.7163083298519,1.4991061158007348
254.72024387430864,2.6846251393085643
254.7241794187654,5.1539200087193615
254.7281149632221,3.3555443271773355
254.7320505076789,0.16466038921495876
254.73598605213564,0.810958695256429
254.7399215965924,2.4176221430497464
254.74385714104915,3.4028534918468876
254.7477926855059,0.4076325278160605
254.75172822996265,1.2666122496434589
254.75566377441945,1.5464036845707239
254.75959931887616,1.4408911511415419
254.7635348633329,3.127680889751054
254.7674704077897,0.40968274457347503
254.77140595224645,0.42145919341615923
254.7753414967032,0.06436154756485582
254.77927704115996,4.466651291340798
254.78321258561667,6.573899344398041
254.78714813007343,1.5053089151004242
254.79108367453017,0.6555852407393469
254.7950192189869,0.8754153701853596
254.79895476344367,0.47409489830822993
254.8028903079004,0.6494977243750689
254.8068258523572,1.3227247398154414
254.81076139681392,0.7161207701205005
254.81469694127068,4.584775394274961
254.81863248572745,8.52862337783309
254.8225680301842,5.459070943211102
254.82650357464087,6.7846183012894
254.8304391190977,3.655077569426803
254.83437466355443,0.3881582103472075
254.8383102080112,0.41852363232566375
254.84224575246796,0.7489434850957803
254.8461812969247,2.4847165648166736
254.85011684138144,0.00769366980336794
254.8540523858382,4.325010745838732
254.8579879302949,4.351974696301974
254.8619234747517,1.2525578624405842
254.86585901920844,1.5188171394951053
254.8697945636652,3.508708663198732
254.87373010812195,3.3661836095639828
254.87766565257868,0.05312938356748058
254.88160119703545,1.010464556833739
254.8855367414922,0.26337195280856596
254.88947228594893,0.6400026348670202
254.8934078304057,0.24077629818580026
254.8973433748625,1.2829273453793149
254.9012789193192,3.591770246310428
254.905214463776,1.3816528704510351
254.9091500082327,0.21975538644368112
254.91308555268947,0.7803800227128035
254.9170210971462,0.1468286397813313
254.92095664160297,1.6582419630252767
254.9248921860597,1.3306829375860254
254.92882773051647,4.626984653506127
254.9327632749732,5.780832760749452
254.93669881943,1.4021123203064159
254.94063436388672,0.8570616475607298
254.94456990834348,0.295895228251446
254.94850545280025,2.4069739000905153
254.95244099725696,3.373406447122131
254.95637654171367,1.7249319220998927
254.9603120861705,1.225553733503248
254.96424763062723,2.131801124900872
254.968183175084,1.0238342633634387
254.97211871954076,0.6128249147409749
254.97605426399747,5.02734894169738
254.97998980845423,4.448152643496213
254.98392535291097,1.0853178521849294
254.9878608973677,2.2033496214440005
254.99179644182448,3.0914490160369
254.99573198628124,1.4301797209736369
254.999667530738,3.6244338072245466
255.00360307519475,2.9125477956747408
255.00753861965148,0.8368435213250877
255.01147416410825,0.4536875319286275
255.015409708565,2.8953447883501178
255.01934525302173,2.34617437674919
255.0232807974785,0.007490589720560375
255.0272163419353,1.140287001165996
255.031151886392,1.3264813223998517
255.03508743084876,0.43090795772780904
255.0390229753055,0.10670968038464862
255.04295851976224,0.43883768781899285
255.046894064219,0.02453115989946734
255.0508296086757,0.9525437888417193
255.0547651531325,1.356238454546283
255.05870069758925,0.8320656094200748
255.062636242046,0.5209984315722055
255.06657178650275,1.0064496020229248
255.07050733095952,0.48798703335213467
255.07444287541625,0.1899039187497596
255.07837841987305,2.1066744968800726
255.08231396432976,2.6375173913108485
255.08624950878647,0.7713335895851244
255.0901850532433,2.761378648166748
255.09412059770003,1.7303136493248261
255.0980561421568,0.025590378121997614
255.10199168661356,0.07675476226598475
255.10592723107027,0.19408999564187213
255.10986277552703,0.2731934919516715
255.11379831998377,0.019584606854721562
255.1177338644405,0.2743478261504073
255.12166940889728,0.594264037705923
255.125604953354,0.006401839714725225
255.1295404978108,2.88575304226722
255.13347604226752,7.153374043284849
255.13741158672428,2.9426683784985226
255.14134713118105,0.08514186895922884
255.1452826756378,1.0645120431447554
255.14921822009453,0.33757657451041134
255.1531537645513,0.007748770770665506
255.15708930900803,0.30978166190389467
255.1610248534648,0.4897060048484538
255.16496039792156,0.3315908465719486
255.1688959423783,3.179008538503325
255.17283148683504,4.1992080064810775
255.1767670312918,1.2958130345772243
255.1807025757485,0.09672778834667027
255.1846381202053,0.2773025102034953
255.18857366466204,0.9760328091961938
255.1925092091188,2.6128125545245413
255.19644475357555,3.9335398427149584
255.2003802980323,2.6850969159495897
255.20431584248905,2.776563026760641
255.2082513869458,2.626438068594034
255.21218693140256,0.5471836638301624
255.2161224758593,0.1367820755223611
255.2200580203161,0.30013150434732827
255.2239935647728,0.19466644795244387
255.2279291092296,0.3203592841176123
255.2318646536863,0.6195651191304274
255.23580019814307,1.8827972403824904
255.2397357425998,1.3809443087745745
255.24367128705657,0.19649469874285413
255.2476068315133,0.43056532868399905
255.25154237597008,1.4951896849500692
255.2554779204268,1.8730014649492728
255.2594134648836,0.002502485966050615
255.26334900934032,2.291271105676144
255.26728455379703,2.692572224074815
255.27122009825385,0.8591070581642712
255.27515564271056,1.7903116317513064
255.27909118716727,2.542926711615052
255.2830267316241,1.311271554091427
255.28696227608083,0.12323257028870732
255.2908978205376,3.318273466116805
255.29483336499436,4.754417657777128
255.29876890945107,1.2848859832041246
255.30270445390784,2.051764115266751
255.30663999836457,0.20701317607931086
255.3105755428213,4.665118830714235
255.31451108727808,11.128844702670255
255.31844663173484,2.2768477679582726
255.3223821761916,2.7237646986715194
255.32631772064835,5.483520216031613
255.33025326510509,0.7246216645454986
255.33418880956185,0.18745738351152086
255.3381243540186,0.0697809480282364
255.34205989847536,0.9547642599009184
255.3459954429321,0.5403252724437241
255.34993098738883,0.11428286741153955
255.3538665318456,1.0762702596258342
255.35780207630236,0.8278025132919492
255.3617376207591,0.9145194580128809
255.36567316521584,2.716838945769878
255.3696087096726,1.982970639286698
255.3735442541293,0.7473017279912428
255.3774797985861,1.0716762210673278
255.38141534304285,0.027579604357722436
255.3853508874996,1.8132066812703562
255.38928643195635,3.0955556621279454
255.39322197641312,0.6631599030323324
255.39715752086985,1.8026366166440788
255.40109306532665,1.2229780822083
255.40502860978336,0.39776022078896883
255.40896415424007,1.6889114897795
255.4128996986969,0.5529717239787694
255.41683524315363,0.32111979022432413
255.4207707876104,2.599671716513062
255.4247063320671,2.454605060440544
255.42864187652387,0.6274856943365865
255.4325774209806,2.916913418478183
255.43651296543737,2.6677653931775915
255.4404485098941,1.856195653027627
255.44438405435088,4.007669964783575
255.4483195988076,1.8682849362987022
255.4522551432644,0.5755162561665733
255.45619068772112,0.2355953515171754
255.46012623217788,1.4206451095408943
255.46406177663465,0.2750990291168605
255.4679973210914,1.0925029234217976
255.47193286554813,1.0079549259658445
255.4758684100049,0.9039439021088171
255.47980395446163,2.01713952400189
255.4837394989184,0.5169393458535592
255.48767504337516,0.18721751122984967
255.4916105878319,1.66527954049941
255.49554613228864,3.599331476611446
255.4994816767454,0.7051277762176756
255.5034172212021,1.29014240048218
255.50735276565888,2.264667822611058
255.51128831011565,0.13493384243898326
255.5152238545724,0.8334447077106234
255.51915939902915,0.6585094963186889
255.5230949434859,0.6381685561492979
255.52703048794265,1.4807561131796068
255.5309660323994,0.7151667280764762
255.53490157685616,0.840306679003546
255.5388371213129,3.8288408761378543
255.5427726657697,6.262009524181021
255.5467082102264,2.2950422306353677
255.5506437546832,0.7307540606714596
255.5545792991399,0.32688316589213035
255.55851484359667,4.702809310857422
255.5624503880534,6.11508593929648
255.56638593251017,1.0298409389500571
255.5703214769669,7.320756944764704
255.57425702142368,7.713713108325096
255.5781925658804,1.5240202430186458
255.58212811033715,0.8703849782165779
255.58606365479392,3.3907209136594045
255.58999919925063,5.261124390262186
255.59393474370745,2.8191444660804184
255.59787028816416,1.8492991444135598
255.60180583262093,2.5407157756237693
255.6057413770777,0.4056615978703495
255.60967692153443,0.9023619158146379
255.6136124659912,2.422355158541259
255.61754801044796,0.9390650391934906
255.62148355490467,0.7132666983072126
255.62541909936144,2.115891949792374
255.62935464381815,3.6443017980068566
255.6332901882749,1.6905473841553273
255.63722573273168,0.41454735093817546
255.64116127718844,1.388009095886788
255.6450968216452,0.8440247951216518
255.64903236610195,0.3605190332843293
255.6529679105587,0.8668632962089605
255.65690345501545,0.6369582717429194
255.6608389994722,0.010513846806573423
255.66477454392893,0.5795374703652992
255.6687100883857,0.8016073488578291
255.67264563284243,0.5801372788431232
255.6765811772992,1.1364679882862767
255.68051672175596,1.6485798754811454
255.6844522662127,1.8346084928497384
255.68838781066944,1.3647882036513326
255.6923233551262,0.5568790818436323
255.69625889958292,0.3458613642025365
255.7001944440397,1.0207130886754625
255.70412998849645,1.3361699633868314
255.7080655329532,0.660844884225869
255.71200107740995,0.27647784082096605
255.71593662186672,0.3644914770496017
255.71987216632343,0.8087937339498209
255.72380771078025,1.4801816690021141
255.72774325523696,1.948868978182398
255.73167879969373,1.6094124234384504
255.7356143441505,1.0112138289116166
255.7395498886072,1.916704505093458
255.743485433064,4.115448528478315
255.7474209775207,3.2635495456633525
255.75135652197747,0.762931165926931
255.7552920664342,0.10403046831581618
255.75922761089095,0.6063320325475794
255.7631631553477,0.3012662474182393
255.76709869980448,0.13851411892259405
255.7710342442612,0.3914077516183096
255.774969788718,0.23781799005583076
255.77890533317472,0.3947737699203739
255.7828408776315,0.8051974490625449
255.78677642208825,0.9019322962304686
255.790711966545,0.23746539896620408
255.79464751100173,0.6007862095475734
255.7985830554585,1.6836152791633987
255.80251859991523,2.4897164774355134
255.806454144372,2.4031939404081575
255.81038968882876,0.8500287488552359
255.81432523328547,0.641308064272252
255.81826077774224,3.0153084479392684
255.82219632219895,2.8554952166201213
255.82613186665571,0.4119709080111719
255.83006741111248,1.2021061659071843
255.83400295556925,1.8894752297461483
255.837938500026,0.5182646543101828
255.84187404448275,2.8700814602788842
255.8458095889395,4.140930144811035
255.84974513339623,1.785521110009117
255.853680677853,0.7493470522952269
255.85761622230976,0.746656905046474
255.8615517667665,0.33000940253268624
255.8654873112233,1.7238577095343073
255.86942285568,1.7627346502231496
255.8733584001368,1.1908810675053998
255.8772939445935,5.375317565555916
255.88122948905027,4.885032531666988
255.885165033507,1.449218354263831
255.88910057796377,0.14516680655201003
255.8930361224205,0.09733832197855195
255.89697166687725,0.09234854313842092
255.900907211334,1.242738675700652
255.90484275579075,1.644059372422079
255.90877830024752,0.3190483657722867
255.91271384470423,0.8337308822025566
255.91664938916105,0.5577822372344405
255.92058493361776,0.4543861444238923
255.92452047807453,0.9488819563536715
255.9284560225313,2.08561333083723
255.93239156698803,0.5899607653466491
255.9363271114448,1.0670742219798237
255.94026265590156,2.3335143633287596
255.94419820035827,0.43968343263549736
255.94813374481504,0.36916673974518716
255.95206928927175,1.1143101716992152
255.9560048337285,0.2512124506759679
255.95994037818528,0.2013023924568487
255.96387592264205,0.4414664074925403
255.9678114670988,0.11652307218598339
255.97174701155552,0.21693231600040114
255.9756825560123,1.4940225670935798
255.97961810046905,3.2534699754711878
255.9835536449258,2.4058187093513417
255.98748918938253,0.11891459354801658
255.9914247338393,2.956925265887845
255.99536027829603,6.46509651677737
255.9992958227528,1.4943477661335791
256.00323136720954,1.6787480549046783
256.0071669116663,6.379207117479118
256.01110245612307,1.8191671658992536
256.0150380005798,0.777616936440013
256.01897354503654,4.480782581179869
256.0229090894933,2.4918242106178052
256.0268446339501,0.11660251750119074
256.0307801784068,1.3080977278712111
256.03471572286355,1.0414533050896806
256.0386512673203,1.1103663024179975
256.0425868117771,0.39927052701638777
256.0465223562338,0.13233102043353376
256.05045790069056,0.17851868253951683
256.0543934451473,0.06004867147774141
256.05832898960404,0.11876326771268687
256.06226453406083,0.31874716009947707
256.0662000785176,0.142732646098171
256.0701356229743,1.0127968530307596
256.07407116743104,1.5954463871869633
256.07800671188784,2.870349670498031
256.0819422563446,2.099342551972831
256.0858778008013,0.17792867721577543
256.08981334525805,1.6700431353831213
256.09374888971485,0.5953337725225102
256.0976844341716,0.16063219995146763
256.1016199786283,0.323677442364952
256.10555552308506,0.2932903752436044
256.10949106754185,0.1781491352374056
256.1134266119986,0.5729279597691377
256.11736215645533,2.28527874590327
256.12129770091207,1.9352995805930469
256.12523324536886,0.027545557344057642
256.1291687898256,0.8400611418215224
256.13310433428234,0.2171756403102425
256.1370398787391,3.5028578673215343
256.1409754231958,4.984088308688943
256.1449109676526,2.725911235604215
256.14884651210934,0.34441351297594885
256.1527820565661,0.43694008982375643
256.1567176010228,0.38277119124808845
256.1606531454796,0.11066416361789735
256.16458868993635,0.18260602571139714
256.1685242343931,0.17600937746059417
256.1724597788498,0.5966404878470356
256.1763953233066,0.10862470170757499
256.18033086776336,0.37826410451228276
256.1842664122201,1.8350333942702168
256.18820195667683,1.6167206273276395
256.19213750113363,0.231496009662397
256.1960730455904,1.0303698030181505
256.2000085900471,1.8678862849147781
256.20394413450384,1.7968552850523132
256.2078796789606,0.29053426730443505
256.2118152234174,1.4567040371236162
256.2157507678741,1.1744677822567138
256.21968631233085,0.5013194013767759
256.2236218567876,0.02699680783460446
256.2275574012444,1.809849436196458
256.2314929457011,1.1924882285580782
256.23542849015786,0.3612590022901126
256.2393640346146,2.09635552370832
256.2432995790714,0.8552086987659164
256.2472351235281,0.1763225623431217
256.25117066798487,0.8431251080805657
256.2551062124416,0.6456097984087648
256.2590417568984,0.3718785907020546
256.26297730135514,3.410477006303821
256.2669128458119,2.793521564384869
256.2708483902686,0.9602148004095088
256.2747839347254,0.015547145314025708
256.27871947918214,1.020045024107537
256.2826550236389,0.5645645256164701
256.2865905680956,0.12391912078340914
256.2905261125524,0.0534684021603217
256.29446165700915,1.4155409449280514
256.2983972014659,2.5608908424580843
256.3023327459226,0.6665172234512554
256.30626829037936,1.8233785556502562
256.31020383483616,0.5260123794001761
256.3141393792929,0.5572234434979992
256.31807492374963,1.0939939116783606
256.3220104682064,0.13030320498913248
256.3259460126632,1.5177100106085537
256.3298815571199,0.45710232994183847
256.33381710157664,0.9620922578598532
256.3377526460334,3.2939039511148454
256.3416881904902,2.7572259261074357
256.3456237349469,1.654236178487554
256.34955927940365,2.0711176952548285
256.3534948238604,3.8654529563121685
256.3574303683172,3.2779112751966664
256.3613659127739,2.284476512358261
256.36530145723066,4.153903052870247
256.3692370016874,2.863960016446241
256.37317254614413,0.3535176508728633
256.3771080906009,0.19303114581573558
256.38104363505767,0.724900974570524
256.3849791795144,0.6560263967767533
256.38891472397114,0.40996333380658595
256.39285026842794,0.6313666475599964
256.3967858128847,0.6682380376098146
256.4007213573414,1.2331831106534148
256.40465690179815,2.209670194345308
256.40859244625494,3.24893981277504
256.4125279907117,3.11214002219007
256.4164635351684,1.2751193558665923
256.4203990796252,0.3388719764536957
256.42433462408195,1.6477065201301304
256.4282701685387,2.220317325385033
256.4322057129954,1.0044701086963899
256.43614125745216,0.14588786952462854
256.4400768019089,0.455805024044715
256.4440123463657,0.30589468136455417
256.44794789082243,0.005028977931347906
256.4518834352792,0.8774665953303232
256.4558189797359,3.8306269235579955
256.4597545241927,5.326900541642799
256.46369006864944,1.5165522671265785
256.4676256131062,1.7571629139431575
256.4715611575629,3.8283211173423743
256.4754967020197,1.329707995955479
256.47943224647645,0.7342079337327554
256.4833677909332,0.5549444271948217
256.4873033353899,0.42276502414804806
256.4912388798467,0.04443297234520158
256.49517442430346,0.3946808181921994
256.4991099687602,0.03123593627555746
256.50304551321693,1.0793045846792457
256.5069810576737,1.7780626772204877
256.51091660213046,1.05293096570876
256.5148521465872,2.7755750697735313
256.51878769104394,2.643345655974602
256.5227232355007,1.6851304710947461
256.5266587799575,0.615425791124836
256.5305943244142,0.599642005082815
256.53452986887095,4.203854646087617
256.5384654133277,2.6053861818426505
256.5424009577845,0.014105517809506916
256.5463365022412,0.4892191269773546
256.550272046698,0.5415214048558665
256.5542075911547,1.8957467988542445
256.5581431356115,0.6681482894808032
256.5620786800682,0.6165316459253637
256.56601422452496,3.250039992882157
256.5699497689817,2.8071997770053
256.5738853134385,0.9497518084937647
256.57782085789523,0.2904868455121758
256.581756402352,0.36057077642261753
256.5856919468087,0.316652412023131
256.5896274912655,0.08759023818933687
256.59356303572224,1.930956748689004
256.597498580179,3.0020084815475183
256.6014341246357,1.8662178039078752
256.60536966909245,0.9448038757341538
256.60930521354925,0.5121615058526614
256.613240758006,0.6321058861031565
256.6171763024627,0.30861089139282505
256.62111184691946,0.7270479155067733
256.62504739137626,1.1491751649691708
256.628982935833,0.32803247047461626
256.63291848028973,0.17378920268893833
256.63685402474647,0.24487945277212678
256.64078956920326,0.07691402410109226
256.64472511366,0.6584276768942253
256.64866065811674,0.41482800779376006
256.6525962025735,0.5964085285452984
256.6565317470303,2.7710803326315796
256.660467291487,3.363476823629298
256.66440283594375,0.7794951434929398
256.6683383804005,1.2921531582414478
256.6722739248573,1.2484597321336992
256.676209469314,1.211954296042694
256.68014501377075,0.45062088045191295
256.6840805582275,0.14038642206858679
256.68801610268423,0.501419807654078
256.691951647141,0.5539999456873616
256.69588719159776,0.21923339669661313
256.6998227360545,0.7593319006872229
256.70375828051124,1.3285260250951558
256.70769382496803,0.17139583601147845
256.7116293694248,0.047104727371824806
256.7155649138815,0.4910038887648809
256.71950045833825,2.329551205251923
256.72343600279504,1.4253113237622215
256.7273715472518,0.23059543328795426
256.7313070917085,0.6703365062802877
256.73524263616525,0.007923322795739308
256.73917818062205,1.3659059543087544
256.7431137250788,1.9628761315779797
256.7470492695355,0.2780967300234506
256.75098481399226,0.2029318773719189
256.754920358449,0.49734689285053124
256.7588559029058,0.7213879162574498
256.76279144736253,0.9894103597621787
256.76672699181927,1.582662099419411
256.770662536276,1.404124984565928
256.7745980807328,0.872957603401603
256.77853362518954,1.69328141638593
256.7824691696463,1.2559709673744268
256.786404714103,0.7812297121008521
256.7903402585598,1.6120969562679595
256.79427580301655,1.046123855028951
256.7982113474733,0.030892772382979838
256.80214689193,0.4402062984833092
256.8060824363868,0.4573711972565937
256.81001798084355,1.671507961603911
256.8139535253003,3.492295826644495
256.81788906975703,1.3154685798495844
256.8218246142138,2.234257189549365
256.82576015867056,5.604054698440085
256.8296957031273,3.3309920466465592
256.83363124758404,1.5762336197713727
256.8375667920408,3.4758909978451724
256.8415023364976,3.044002682120815
256.8454378809543,0.5665690704829763
256.84937342541104,0.24095720220319872
256.8533089698678,0.7505562191019813
256.8572445143246,0.17609880984078957
256.8611800587813,0.4113977625512707
256.86511560323805,2.304820025961232
256.8690511476948,3.331249104493724
256.8729866921516,3.4756602706368835
256.8769222366083,3.5697354636990752
256.88085778106506,1.6711708963197034
256.8847933255218,0.19644263109355142
256.8887288699786,0.41121995990231947
256.89266441443533,0.4571428682415933
256.89659995889207,3.107940037256097
256.9005355033488,1.7373205947872183
256.9044710478056,2.4864797198735937
256.90840659226234,2.739795945476865
256.9123421367191,0.41741780704031517
256.9162776811758,0.225135799349089
256.9202132256325,0.8673856161781138
256.92414877008935,2.266992045719194
256.9280843145461,0.9525794552613942
256.9320198590028,0.09052549872973603
256.9359554034596,0.5083415058509216
256.93989094791635,0.478278874877221
256.9438264923731,0.11806864073924496
256.94776203682983,1.5476494976154986
256.95169758128657,0.5077546366930241
256.95563312574336,1.5783264534197337
256.9595686702001,3.7792061152262924
256.96350421465684,1.4156006639858874
256.9674397591136,0.43874656732888323
256.9713753035704,0.48871272979884367
256.9753108480271,2.222998999611636
256.97924639248384,1.9412266265309974
256.9831819369406,0.960081417787749
256.9871174813973,0.8128319166709924
256.9910530258541,1.4665742279534753
256.99498857031085,2.3529584942584068
256.9989241147676,0.7956022860878056
257.0028596592243,0.29367793394819874
257.0067952036811,0.697613000266278
257.01073074813786,0.5273797178713403
257.0146662925946,0.05695455513968278
257.01860183705134,1.0140571953116284
257.02253738150813,1.117304268894502
257.02647292596487,1.8027177244929646
257.0304084704216,4.226929037613232
257.03434401487834,3.705235946440407
257.03827955933514,0.372540135537428
257.0422151037919,0.9539710455562772
257.0461506482486,1.4165118131149879
257.0500861927053,0.04814405904548879
257.05402173716215,1.4226639295858803
257.0579572816189,2.4611622737787084
257.0618928260756,1.2007843230232702
257.0658283705324,0.19421320962490832
257.0697639149891,0.0443139144184867
257.0736994594459,0.17837666514568365
257.0776350039026,0.4531597088553893
257.08157054835937,0.5806165608790742
257.0855060928161,0.8784329437125248
257.0894416372729,1.1723791950457707
257.09337718172964,0.8273052794721756
257.0973127261864,0.7860918054380477
257.1012482706431,1.9579870860124202
257.1051838150999,2.588966373114277
257.10911935955664,1.8692324055384668
257.1130549040134,1.6061292531456346
257.1169904484701,2.2552695223542765
257.1209259929269,2.3721653424451477
257.12486153738365,0.03452240869019653
257.1287970818404,3.381558035130818
257.1327326262971,4.004557638771858
257.1366681707539,1.2465517324154118
257.14060371521066,5.053208761986445
257.1445392596674,3.32152893601697
257.14847480412413,2.7410221422164263
257.1524103485809,1.1526944732779267
257.15634589303767,0.5503406847575822
257.1602814374944,2.200699825568978
257.16421698195114,0.24672734070726776
257.1681525264079,0.4595111414536061
257.1720880708647,0.9679480095897509
257.1760236153214,2.1529780710253137
257.1799591597781,1.7792509009908273
257.1838947042349,0.3544637812351534
257.1878302486917,1.1925805387347082
257.1917657931484,2.3073568752082037
257.1957013376052,4.134253925648366
257.1996368820619,2.85588193297733
257.2035724265187,2.6340821940115116
257.2075079709754,1.430201451919756
257.21144351543217,0.2966757280763072
257.2153790598889,0.2064830315514628
257.2193146043457,3.7654358624412896
257.22325014880244,8.905718484211036
257.2271856932592,5.695469786054825
257.2311212377159,2.1922979032537326
257.23505678217265,0.4248325432677612
257.23899232662944,0.4043904336705541
257.2429278710862,0.49309155408937644
257.2468634155429,0.1418047390718928
257.25079895999966,2.4030962251063293
257.25473450445645,3.97056862854782
257.2586700489132,3.6147989845853226
257.2626055933699,1.3749577637530332
257.26654113782666,0.7083329576326225
257.27047668228346,1.429372141003767
257.2744122267402,3.435951777162808
257.27834777119693,4.50866639061147
257.2822833156537,0.4621561514182127
257.28621886011047,1.322728814400134
257.2901544045672,2.1254674927322488
257.29408994902394,1.5911047535468832
257.2980254934807,4.193111813181783
257.3019610379374,2.9416604244764772
257.3058965823942,1.85236522168797
257.3098321268509,2.223965559228714
257.3137676713077,0.8179161887003311
257.3177032157644,0.9715767756864366
257.3216387602212,0.1589725854014439
257.325574304678,0.11384603254373503
257.3295098491347,0.11547762079462585
257.33344539359143,0.3907899650361029
257.3373809380482,0.9519590837300859
257.34131648250496,1.235086340282962
257.3452520269617,0.4991911268498046
257.34918757141844,8.094533800567099
257.35312311587523,7.516097847554656
257.357058660332,0.5436083332724455
257.3609942047887,0.04130297047428311
257.36492974924545,1.2327874411974955
257.36886529370224,4.118609259156316
257.372800838159,0.5451504032399461
257.3767363826157,3.7444279509334883
257.38067192707246,7.5915095065279345
257.3846074715292,4.721910882898513
257.388543015986,1.2822008221752974
257.3924785604427,0.28798155263596725
257.39641410489946,1.9266833145319966
257.4003496493562,3.0874397367313464
257.404285193813,7.374376722664528
257.40822073826973,3.547405908959275
257.41215628272647,0.6689847971447892
257.4160918271832,0.3536304765014232
257.42002737164,7.627039627688332
257.42396291609674,14.791788674907089
257.4278984605535,4.9982102932838846
257.4318340050102,6.536451170361912
257.435769549467,12.16160931303845
257.4397050939237,5.793060530509661
257.4436406383805,0.07720738270309761
257.4475761828372,4.821322170631146
257.451511727294,6.772132093046335
257.4554472717508,6.266082950364149
257.4593828162075,2.19610154782975
257.46331836066423,3.4764367345111955
257.46725390512097,4.130632858604534
257.47118944957776,6.895228234691245
257.4751249940345,1.6381570874000466
257.47906053849124,6.964347809356019
257.482996082948,17.822089060953545
257.4869316274048,5.166025093713921
257.4908671718615,1.3980064337899234
257.49480271631825,6.692905630088476
257.498738260775,4.749676897568941
257.5026738052318,6.82898917188463
257.5066093496885,5.083695148372008
257.51054489414526,2.5103792995323686
257.514480438602,7.157827375357247
257.5184159830588,0.38651868003589257
257.5223515275155,7.503409315522525
257.52628707197226,8.826021710782602
257.530222616429,5.636974981210539
257.53415816088574,0.8503151120365031
257.53809370534253,9.299944892001651
257.54202924979927,6.49246055740871
257.545964794256,5.6800129986694
257.54990033871275,37.89742029415994
257.55383588316954,17.072021087821113
257.5577714276263,1.7862905339145125
257.561706972083,7.12981570273253
257.5656425165397,1.5169981017575755
257.56957806099655,2.8856238111764654
257.5735136054533,24.224274051393444
257.57744914991,86.40377965508729
257.5813846943668,77.75555187585584
257.5853202388236,56.912761934142715
257.5892557832803,17.558291978370974
257.59319132773703,7.2666766017632485
257.59712687219377,18.865260549959764
257.60106241665056,1.7373439741693286
257.6049979611073,10.86832349851182
257.60893350556404,12.046017963321448
257.6128690500208,21.750325451481988
257.6168045944775,10.711436401871756
257.6207401389343,13.161972212120995
257.62467568339105,2.986371312168411
257.6286112278478,9.962138008667923
257.6325467723045,8.223570631949698
257.6364823167613,1.0316096496845477
257.64041786121805,8.684947162890522
257.6443534056748,1.826887917460293
257.6482889501316,1.1068633402053598
257.6522244945883,2.134421453465259
257.65616003904506,1.8799472498751406
257.6600955835018,3.7262969658548415
257.66403112795854,0.4196172474687792
257.66796667241533,3.3590054697093388
257.67190221687207,2.5506027039607218
257.6758377613288,0.9047963705740785
257.67977330578555,6.450692357067468
257.68370885024234,3.848144330894475
257.6876443946991,1.4756420623011341
257.6915799391558,0.8138964313213789
257.6955154836125,1.0847270552598298
257.6994510280693,2.4283636411726586
257.7033865725261,3.2864534146600697
257.7073221169828,1.9876127857093455
257.7112576614396,0.8314312483095315
257.7151932058963,5.021828496152974
257.7191287503531,1.8557344762423953
257.72306429480983,3.5386186990751036
257.72699983926657,1.8060557769144727
257.7309353837233,0.6894915856039968
257.7348709281801,1.3900199811712686
257.73880647263684,1.028232124007446
257.7427420170936,1.3900614854681306
257.7466775615503,0.6267425774140639
257.7506131060071,3.28690938545213
257.75454865046385,1.2353968843974583
257.7584841949206,0.32990398742037746
257.7624197393773,3.476489761927004
257.7663552838341,6.970095720699683
257.77029082829085,1.4559692027398057
257.7742263727476,1.9960093071219378
257.7781619172044,1.7106518567494573
257.78209746166107,1.1050206475845255
257.78603300611786,0.4160133175561662
257.7899685505746,0.39007732748073315
257.79390409503134,5.003240375471989
257.7978396394881,5.38942960038353
257.80177518394487,0.36799469098040555
257.8057107284016,4.004969551553758
257.80964627285834,1.0767173138113595
257.8135818173151,1.984940619340377
257.8175173617719,4.46442620952598
257.8214529062286,1.07622492767999
257.8253884506853,1.3343092979391518
257.8293239951421,0.3225566771846775
257.8332595395989,1.0986436756108242
257.8371950840556,2.9087714263468887
257.8411306285124,12.660438976644908
257.8450661729691,2.5268088606176695
257.84900171742584,6.736362708055296
257.85293726188263,10.118344719140467
257.85687280633937,0.08888710083283029
257.8608083507961,3.9706275302181786
257.86474389525284,0.560192139578818
257.86867943970964,2.9529949121734114
257.8726149841664,3.926392148021021
257.8765505286231,9.222505569306042
257.88048607307985,8.157764512671696
257.88442161753665,34.66790461584974
257.8883571619934,14.268472195714752
257.8922927064501,2.2995768150066462
257.89622825090686,2.9476234281715645
257.90016379536365,1.4872549288552253
257.9040993398204,1.7900523086713211
257.9080348842772,6.559322881021653
257.91197042873387,3.760306242028328
257.91590597319066,2.233196833904819
257.9198415176474,11.941124391591993
257.92377706210414,6.019597374827776
257.9277126065609,0.8774119830154065
257.9316481510176,16.190614601754987
257.9355836954744,13.168465825275009
257.93951923993114,0.9781345175530949
257.9434547843879,2.2509956361215644
257.9473903288446,16.771529234140854
257.9513258733014,26.598318820367293
257.9552614177581,32.97790387563527
257.9591969622149,31.812064878914665
257.9631325066716,5.871362895086384
257.9670680511284,1.5014348864424487
257.9710035955852,4.572500236419917
257.9749391400419,20.856306835170518
257.97887468449863,8.16054848683151
257.98281022895543,4.273532684394502
257.98674577341217,18.80918754582612
257.9906813178689,3.6803571263683703
257.99461686232564,7.060525256167786
257.99855240678244,20.477955654511966
258.0024879512392,6.871500321344431
258.0064234956959,7.001436498426538
258.01035904015265,32.80426256137976
258.0142945846094,18.392069880996576
258.0182301290662,1.9007852524645397
258.0221656735229,5.963555106380899
258.02610121797966,10.190298292613003
258.0300367624364,12.468765035409717
258.0339723068932,8.162404118125563
258.0379078513499,33.296270761123566
258.04184339580667,151.02499763750208
258.0457789402634,146.15291090356618
258.0497144847202,5.188349123427148
258.05365002917694,48.27336402535247
258.0575855736337,26.287187877442896
258.0615211180904,7.011011430483374
258.0654566625472,14.487237511157716
258.06939220700394,1.2355293985589018
258.0733277514607,10.99572640918472
258.0772632959174,3.767220581971045
258.08119884037416,0.664390676170057
258.0851343848309,16.232591327311663
258.0890699292877,46.3797238526663
258.0930054737444,40.694400752953555
258.0969410182012,9.703147620412201
258.100876562658,4.550612565690566
258.1048121071147,8.831588100032727
258.10874765157143,10.653642117872828
258.1126831960282,7.324691867140904
258.11661874048497,0.08402678896032363
258.1205542849417,5.153187292076365
258.12448982939844,5.284364815121274
258.1284253738552,8.481475699551464
258.132360918312,23.673594562649782
258.1362964627687,7.754862053092201
258.14023200722545,8.171030777466546
258.1441675516822,25.86438956186407
258.148103096139,1.4426116541236391
258.1520386405957,8.881958119301602
258.15597418505246,3.6140571140922995
258.1599097295092,7.102257236675854
258.16384527396593,12.122427613014299
258.1677808184227,2.98352032845049
258.17171636287947,4.757718356961636
258.1756519073362,16.975822875510918
258.17958745179294,12.507242194856888
258.18352299624974,0.11052170043704662
258.1874585407065,10.54104619948831
258.1913940851632,9.98621891067967
258.19532962961995,1.528898194387256
258.19926517407674,0.6872585812872921
258.2032007185335,2.11862672379586
258.2071362629902,2.763777828883752
258.21107180744696,0.8092737932144518
258.2150073519037,0.588409738409626
258.2189428963605,1.4461823491554788
258.2228784408172,0.8770042725411213
258.226813985274,3.7172033926414207
258.2307495297308,4.608817628514215
258.2346850741875,1.4445513885906667
258.23862061864423,0.7458347621854758
258.24255616310097,0.5104919663007138
258.2464917075577,1.4535918981417542
258.2504272520145,1.4096855243843833
258.25436279647124,0.24765287006327896
258.258298340928,0.48986160431288356
258.2622338853847,0.2785827084554121
258.2661694298415,0.2954792284278348
258.27010497429825,0.7254993047083685
258.274040518755,0.38710355352106446
258.2779760632117,0.03799537253408757
258.2819116076685,1.3408100283600308
258.28584715212526,1.4333446607426232
258.289782696582,0.5737352374400688
258.29371824103873,0.47944695784300156
258.2976537854955,2.471289097919137
258.30158932995226,3.675702280151017
258.305524874409,0.941494677900139
258.30946041886574,2.662735952902634
258.31339596332253,4.463376903969267
258.3173315077793,1.95341306905809
258.321267052236,0.4151150601363215
258.32520259669275,0.8708823078896489
258.3291381411495,0.21180513677857415
258.3330736856063,0.39072290337748955
258.337009230063,1.4614516568207854
258.34094477451976,0.5374138836761274
258.3448803189765,2.0062635971069533
258.3488158634333,6.491517930810167
258.35275140789,0.732810647691385
258.3566869523468,2.5792881634177296
258.3606224968035,2.063519863168862
258.3645580412603,0.5730608087969288
258.36849358571703,0.930486507795285
258.37242913017377,0.5263994033432038
258.3763646746305,0.2947271557334518
258.3803002190873,1.7604238667603513
258.38423576354404,4.938285455180214
258.3881713080008,0.7894646857805188
258.3921068524575,1.9074068739642882
258.39604239691425,4.475695523013353
258.39997794137105,1.5077732697002024
258.4039134858278,0.03966906028818302
258.4078490302845,0.9131060603369715
258.41178457474126,1.032982962698612
258.41572011919806,0.4338757611517779
258.4196556636548,1.066828243939683
258.42359120811153,4.5326667410873736
258.42752675256827,3.025475479696215
258.43146229702506,0.30195745102709426
258.4353978414818,3.7559643312023563
258.43933338593854,2.3930040567997346
258.4432689303953,0.040076932709409784
258.4472044748521,1.6332511545269
258.4511400193088,0.8127424768489592
258.45507556376555,0.6424920071203426
258.4590111082223,2.191370012135655
258.4629466526791,0.9631968628576931
258.4668821971358,0.2528753431170904
258.4708177415925,1.2060325589837864
258.4747532860493,0.7262110144745985
258.47868883050603,0.1933346595398699
258.4826243749628,2.1453064847279593
258.4865599194196,4.944259484841078
258.4904954638763,2.6736159090482796
258.49443100833304,0.3399704812932542
258.49836655278983,0.24773112096343364
258.50230209724657,1.1088299725740942
258.5062376417033,1.112870287817088
258.51017318616005,0.6333180572745336
258.51410873061684,0.8094471402919898
258.5180442750736,3.165608423538104
258.5219798195303,1.9520286949994736
258.52591536398705,1.3053963507704298
258.52985090844385,1.1973149078670928
258.5337864529006,0.010932101706582768
258.5377219973573,1.6208931491270158
258.54165754181406,3.18295153748317
258.54559308627086,1.5283766941432384
258.5495286307276,1.3002920470920782
258.5534641751844,4.298105890096253
258.55739971964107,2.408378891448111
258.5613352640978,0.5603614068522956
258.5652708085546,1.421038646892937
258.56920635301134,1.7730606988821473
258.5731418974681,0.6786850113906269
258.5770774419248,0.45628887876033586
258.5810129863816,1.401839978946489
258.58494853083835,0.8087167738016806
258.5888840752951,0.4639041566623508
258.5928196197518,2.7563557038483717
258.5967551642086,0.5355200789609282
258.6006907086653,1.4331252045789904
258.6046262531221,2.670273222622922
258.60856179757883,0.6275440914935064
258.6124973420356,1.2728689385367573
258.6164328864924,3.93354545961513
258.6203684309491,2.533212583071781
258.62430397540584,0.3430086569988904
258.6282395198626,0.4525867533193473
258.63217506431937,2.8729818239837535
258.6361106087761,3.6703214047874946
258.64004615323284,0.459376694818521
258.6439816976896,1.2731132415241155
258.6479172421464,1.9895858779753324
258.6518527866031,0.7775461236746884
258.65578833105985,0.4760994668095804
258.6597238755166,1.5815021250815628
258.6636594199734,1.1265105667320476
258.6675949644301,0.6434416418837586
258.67153050888686,0.21183355577366783
258.6754660533436,0.02041243394625934
258.6794015978004,0.20553709532370645
258.6833371422572,0.5661720948311035
258.68727268671387,1.4288822013797655
258.6912082311706,1.7453276792941135
258.6951437756274,0.7448428474433987
258.69907932008414,0.6645086422921351
258.7030148645409,0.5108043708491206
258.7069504089976,0.17984886969725628
258.71088595345435,0.08159471781645132
258.71482149791115,0.6799426371515099
258.7187570423679,0.6522112424503564
258.7226925868246,0.9778453038180851
258.72662813128136,0.7276772110545274
258.7305636757381,0.23004496174980968
258.7344992201949,2.4149398854156447
258.73843476465163,5.7143614203195385
258.7423703091084,3.6559470346425837
258.7463058535652,0.00010316893424487201
258.7502413980219,2.743341025686385
258.75417694247864,3.552007219147125
258.7581124869354,1.4762621713317148
258.76204803139217,0.01772789062886605
258.7659835758489,0.7213308057538464
258.76991912030564,0.6869104677715868
258.7738546647624,0.5131858824295603
258.7777902092192,1.5818758820233039
258.7817257536759,1.3900803954173135
258.78566129813265,0.6855859289884106
258.7895968425894,0.6307001086418589
258.7935323870461,1.4286911536591107
258.7974679315029,1.480246882900856
258.80140347595966,0.12771760606029406
258.8053390204164,1.6351431341803493
258.80927456487314,2.800103010669806
258.81321010933,1.2130613796436422
258.81714565378667,0.9851828321234254
258.8210811982434,1.2559999272234983
258.82501674270014,1.1306010275710636
258.82895228715694,0.8829976864530985
258.8328878316137,0.5680242665138112
258.8368233760704,1.0720020786081672
258.84075892052715,1.9134528445780474
258.84469446498395,1.895952340687995
258.8486300094407,1.5314162546827597
258.8525655538974,2.0067136633905953
258.85650109835416,0.9823025506199186
258.8604366428109,0.164789677182103
258.8643721872677,1.0632848802897268
258.8683077317244,0.34784846164142524
258.8722432761812,0.6972931615859442
258.8761788206379,1.785421948614926
258.8801143650947,3.927255962641405
258.88404990955144,2.2172198231923983
258.8879854540082,0.08091405958555037
258.8919209984649,1.465924304627046
258.8958565429217,1.1873856497401845
258.89979208737844,0.16718844296695987
258.9037276318352,0.06999680254423582
258.9076631762919,0.26409829056785644
258.9115987207487,0.03361158340284671
258.91553426520545,0.15560519580492713
258.9194698096622,0.18611455523722686
258.9234053541189,0.0003130833987976383
258.9273408985757,0.5523486715796603
258.93127644303246,1.6477698873087236
258.9352119874892,0.8480054646238779
258.93914753194593,0.5963595623248079
258.9430830764027,1.2324034884248474
258.94701862085947,0.43618518127163197
258.9509541653162,1.8797826137803249
258.95488970977294,1.3891517423677995
258.9588252542297,0.14507538228901745
258.9627607986865,1.0689257696080043
258.9666963431432,1.1360252296527675
258.97063188759995,0.2830090212927432
258.9745674320567,0.3997506254335053
258.9785029765135,0.5972403929592071
258.9824385209702,0.10423146417946327
258.98637406542696,0.6950110455985979
258.9903096098837,0.018898977621094087
258.9942451543405,1.2653889406711356
258.9981806987972,1.0883905935548732
259.002116243254,0.9049749459331303
259.0060517877107,1.3918990372398405
259.0099873321675,0.3490355514403976
259.01392287662424,0.5739328622200963
259.017858421081,0.5663967986778451
259.0217939655377,2.110041119654634
259.02572950999445,2.2944662715150685
259.02966505445124,0.7762162233134039
259.033600598908,0.02363288942490383
259.0375361433647,0.28598257381387193
259.04147168782146,0.3854362909176309
259.04540723227825,0.18277322955791991
259.049342776735,0.4763005521278088
259.0532783211917,0.10921206736316695
259.05721386564846,0.21578062408717896
259.06114941010526,1.1604709263743391
259.065084954562,1.8256939982768292
259.06902049901873,1.1298823520576247
259.0729560434755,0.1527478125876023
259.07689158793227,0.7564422206988163
259.080827132389,0.8436237635630889
259.08476267684574,0.37664422033897993
259.0886982213025,0.7571311360103774
259.0926337657593,0.9176279148432616
259.096569310216,1.5454755976554666
259.10050485467275,1.2721658985698452
259.1044403991295,0.1251860000353192
259.1083759435862,0.2831838424845585
259.112311488043,0.6920248138655517
259.11624703249976,0.512310550219429
259.1201825769565,1.2747752395024678
259.12411812141323,1.3743211069790116
259.12805366587,0.17010073591180833
259.1319892103268,0.5787426706325265
259.1359247547835,2.401047483331603
259.13986029924024,2.8653361317545962
259.14379584369703,1.3322318575770216
259.1477313881538,0.20070672597637398
259.1516669326105,0.5699961084365716
259.15560247706725,1.8405364155005304
259.15953802152404,2.612194267129055
259.1634735659808,1.729208988376227
259.1674091104375,0.05927723932223623
259.17134465489426,1.6354160401759172
259.175280199351,4.873691237020531
259.1792157438078,3.193488426319695
259.1831512882645,0.16621017827675386
259.18708683272126,0.8808352842790883
259.191022377178,1.4932063907289377
259.1949579216348,0.6689002617169314
259.19889346609153,0.4364340247460344
259.20282901054827,1.5261001837389934
259.206764555005,1.1869747216994697
259.2107000994618,0.7426744518976598
259.21463564391854,7.039216820321774
259.2185711883753,5.533835504743695
259.222506732832,0.026687612650184146
259.2264422772888,1.9628877559387665
259.23037782174555,0.6671721494264411
259.2343133662023,3.4623102890152495
259.238248910659,3.833353086752801
259.2421844551158,0.574524781243395
259.24611999957256,0.22089174289452387
259.2500555440293,0.09222464093660473
259.25399108848603,0.5502183161444831
259.2579266329428,0.06437313374250674
259.2618621773996,0.7694810518465635
259.2657977218563,2.490017639974442
259.26973326631304,1.7355797488256648
259.2736688107698,1.49940030793994
259.2776043552266,1.3669444507802446
259.2815398996833,0.03888956922504013
259.28547544414005,0.6034532469934665
259.2894109885968,0.7911279985098192
259.2933465330536,0.6113152154204282
259.2972820775103,0.848728766002627
259.30121762196706,1.1746483299306323
259.3051531664238,0.3538227175154798
259.3090887108806,0.3397187832214245
259.3130242553373,0.05742822817707559
259.31695979979406,1.7473879958972187
259.3208953442508,2.946461690051303
259.3248308887076,6.220117806674131
259.32876643316433,8.986192210623475
259.33270197762107,3.697387606498929
259.3366375220778,4.565246620205352
259.34057306653455,3.9199861244652943
259.34450861099134,0.4597943831763707
259.3484441554481,0.19559475508974952
259.3523796999048,0.36517103913135907
259.35631524436155,0.4133140711958894
259.36025078881835,6.040724404816531
259.3641863332751,7.493613372754605
259.3681218777318,2.1893401170946043
259.37205742218856,3.651430956668406
259.37599296664536,3.781878049621038
259.3799285111021,2.331169210814283
259.38386405555883,1.6701663011828909
259.3877996000156,0.5669914698942891
259.3917351444724,0.22685915528779643
259.3956706889291,0.05342340759506932
259.39960623338584,0.49495382963205375
259.4035417778426,4.233598288223405
259.40747732229937,11.867419704043078
259.4114128667561,11.237555262435517
259.41534841121285,1.8680487514313908
259.4192839556696,2.92357741056604
259.4232195001263,1.6641822984168422
259.4271550445831,1.1189040514778026
259.43109058903985,3.126633451649833
259.4350261334966,0.07190447123712626
259.43896167795333,2.14565309366653
259.4428972224101,3.246687845676906
259.44683276686686,1.902876241611843
259.4507683113236,0.47415121055608267
259.45470385578034,2.2084655103217443
259.45863940023713,3.7464792850247917
259.46257494469387,0.4270348987922713
259.4665104891506,1.1172084195959682
259.47044603360735,1.6322361331166213
259.47438157806414,1.396848343055052
259.4783171225209,3.5346655741637103
259.4822526669776,4.341846913430905
259.48618821143435,5.378809182636263
259.4901237558911,0.8402709373869335
259.4940593003479,0.9083510975482318
259.4979948448046,0.771527660199367
259.50193038926136,1.2737016146689937
259.5058659337181,3.609790622724469
259.5098014781749,4.787975853289607
259.51373702263163,3.790684069242504
259.5176725670884,0.39876877773239566
259.5216081115451,2.0072389314392596
259.5255436560019,1.0107430403312843
259.52947920045864,0.09149192326917406
259.5334147449154,3.113685983331616
259.5373502893721,5.86502248601179
259.5412858338289,1.8589156529749988
259.54522137828565,0.09347536373891328
259.5491569227424,0.21847243817339526
259.5530924671991,2.5976645578066395
259.5570280116559,2.9522462096120026
259.56096355611265,0.816897425038054
259.5648991005694,1.285792105969306
259.56883464502613,1.24392102270604
259.57277018948287,0.30185214375545505
259.57670573393966,0.18636333900457083
259.5806412783964,0.1847473053073418
259.58457682285314,0.4621717063410582
259.5885123673099,1.2232044026114788
259.59244791176667,0.18568633507798016
259.5963834562234,0.6612339147994548
259.60031900068014,0.0794052296952727
259.6042545451369,1.9966123848591266
259.6081900895937,4.405981329626828
259.6121256340504,1.407935797230897
259.61606117850715,2.7019810898369268
259.6199967229639,2.5025203969711023
259.6239322674207,1.739568798766752
259.6278678118774,0.7783312616322836
259.63180335633416,0.8278341096737744
259.6357389007909,3.3623508860456877
259.6396744452477,2.1315167859934108
259.64360998970443,2.612549771405397
259.6475455341612,1.7991983272383107
259.6514810786179,0.8341564560013656
259.65541662307464,1.9822763822436504
259.65935216753144,1.5831099614242934
259.6632877119882,0.5541958435567005
259.6672232564449,0.5124698341292298
259.67115880090165,0.22382454474523777
259.67509434535845,1.2504442210345381
259.6790298898152,1.1901482476755818
259.6829654342719,1.0577622432726312
259.68690097872866,3.262767405983931
259.69083652318545,2.2708118355832383
259.6947720676422,1.6632682066121403
259.69870761209893,3.2056138080206416
259.70264315655567,2.6634387048887502
259.70657870101246,0.530846835981829
259.7105142454692,0.14875558778415732
259.71444978992594,0.3089013423449341
259.7183853343827,1.2576629263724601
259.7223208788394,2.1192665560140487
259.7262564232962,2.9239672922344986
259.73019196775294,5.310591288622852
259.7341275122097,4.01741070435413
259.7380630566664,1.3095151001876988
259.7419986011232,2.008115625073163
259.74593414557995,0.8304866966448485
259.7498696900367,1.982629232858781
259.7538052344934,4.568249059351026
259.7577407789502,4.239998948911107
259.76167632340696,1.5647441662173236
259.7656118678637,0.04947971148062682
259.76954741232043,1.3698697289326582
259.77348295677723,2.8967065185055136
259.777418501234,3.1209202938113014
259.7813540456907,1.804984471092428
259.78528959014744,0.9427515090910105
259.78922513460424,0.9753697263517375
259.793160679061,0.16529978804635526
259.7970962235177,2.303693703416384
259.80103176797445,5.048504613272508
259.8049673124312,2.5019595438364637
259.808902856888,0.9256050459648457
259.8128384013447,0.4290207532332199
259.81677394580146,0.5272894109790237
259.8207094902582,1.5516221231246066
259.824645034715,0.463319856622244
259.8285805791717,1.5931521346839423
259.83251612362847,0.8921738017301085
259.8364516680852,0.3101032165142686
259.840387212542,1.2124076214746058
259.84432275699874,2.449907740869023
259.8482583014555,3.809442215384895
259.8521938459122,1.8243567273570993
259.856129390369,6.319271195525334
259.86006493482574,6.616005619344083
259.8640004792825,1.3261568780254815
259.8679360237392,0.14136266146237453
259.871871568196,0.7684644171310627
259.87580711265275,2.064965248546784
259.8797426571095,7.09915956734598
259.8836782015662,8.421176916568854
259.88761374602296,2.7462176949798076
259.89154929047976,2.498046520253548
259.8954848349365,4.139964836282786
259.89942037939323,0.49584622459993055
259.90335592385,0.8989651659031539
259.9072914683068,0.7048289381485578
259.9112270127635,0.24503727979223647
259.91516255722024,1.6137533307772833
259.919098101677,1.260664071143612
259.9230336461338,0.32704505866661787
259.9269691905905,0.9810763045926588
259.93090473504725,1.4575322894097689
259.934840279504,2.1245505208390902
259.9387758239608,2.758665678473433
259.9427113684175,1.0558654081682946
259.94664691287426,0.03245191333028924
259.950582457331,0.3490987968635089
259.9545180017878,1.1672180856606793
259.9584535462445,0.5942415161589937
259.96238909070127,0.07382687683288226
259.966324635158,0.24260435854126178
259.97026017961474,0.710661568704238
259.97419572407154,2.1930886762483874
259.9781312685283,2.675029745760325
259.982066812985,1.9393161608125433
259.98600235744175,0.20655460330968675
259.98993790189854,1.8857207789087476
259.9938734463553,3.0862966239264282
259.997808990812,0.6261365836014718
260.0017445352688,1.2343913105604665
260.00568007972555,5.933321019942216
260.0096156241823,5.17450896237222
260.013551168639,0.22839788451701998
260.01748671309576,8.823558240715002
260.02142225755256,6.43455216831139
260.0253578020093,1.0059479925168326
260.02929334646603,0.9525748274812158
260.0332288909228,3.39959020982375
260.0371644353795,2.8770072111712213
260.0410999798363,2.3354583937663174
260.04503552429304,0.16872853719233907
260.0489710687498,7.748688514221796
260.0529066132065,14.76129663703258
260.0568421576633,55.97508773913554
260.06077770212005,57.38923716013077
260.0647132465768,9.887229256247283
260.0686487910335,48.71374569861413
260.0725843354903,46.89469471711406
260.07651987994706,8.005733497333969
260.0804554244038,2.019662593067992
260.08439096886053,2.1783882397822563
260.0883265133173,11.952831485012293
260.09226205777406,25.249159959155854
260.0961976022308,60.33432022659325
260.10013314668754,62.254802928428475
260.10406869114433,78.69242511168778
260.1080042356011,146.92816765026657
260.1119397800578,66.56298140197778
260.11587532451455,11.008246362519312
260.1198108689713,30.61291008440008
260.1237464134281,11.064989794565685
260.1276819578848,2.4220953138582977
260.1316175023416,15.227561290966642
260.1355530467983,17.516389799788666
260.1394885912551,15.723527326491602
260.1434241357118,7.70710644149925
260.14735968016856,10.305766351198823
260.1512952246253,10.635207017070114
260.1552307690821,0.689450499883334
260.15916631353883,6.568647372397778
260.1631018579956,3.0270191105141535
260.1670374024523,0.8232959397168548
260.1709729469091,7.057665139342128
260.17490849136584,24.64427590462383
260.1788440358226,15.256466031175988
260.1827795802793,4.800438419745808
260.1867151247361,7.768614464703795
260.19065066919285,6.909232991239741
260.1945862136496,1.472468657756667
260.1985217581063,9.190320486750133
260.20245730256306,6.998756496673022
260.20639284701986,0.31169480111413234
260.2103283914766,3.4944729955568796
260.21426393593333,4.6365160764428754
260.21819948039007,1.5515243240632215
260.22213502484686,0.5177906780270807
260.2260705693036,4.191754999056872
260.23000611376034,1.508274242239912
260.2339416582171,0.7939927682182178
260.2378772026739,2.286164500445464
260.2418127471306,0.15962186034455722
260.24574829158735,1.6482621339345074
260.2496838360441,0.727958042848149
260.2536193805009,0.07434700153476977
260.2575549249576,1.983567392056615
260.26149046941435,5.65948916509732
260.2654260138711,1.6534968543508752
260.26936155832783,3.7881732986106065
260.2732971027846,3.374242356752451
260.27723264724136,1.3146564039279836
260.2811681916981,3.306540387310755
260.28510373615484,1.0754677679105284
260.28903928061163,0.7215777400718659
260.2929748250684,0.2478845148310422
260.2969103695251,0.8320434454555691
260.30084591398185,1.9562801164196775
260.30478145843864,0.9983879465719931
260.3087170028954,0.02304617252983489
260.3126525473521,0.7358136881528294
260.31658809180885,0.5802510941873579
260.32052363626565,3.1237933979592416
260.3244591807224,3.1867874048609326
260.3283947251791,0.7244601367486336
260.33233026963586,1.1153713390753224
260.33626581409266,0.622142224696252
260.3402013585494,1.9254145020389246
260.34413690300613,1.1276848868916907
260.34807244746287,0.8576055199713198
260.3520079919196,1.17002166740199
260.3559435363764,1.19612614794932
260.35987908083314,6.4051668554269545
260.3638146252899,5.4165242168547625
260.3677501697466,0.7651853201981655
260.3716857142034,4.8747038782862555
260.37562125866015,5.668820000271091
260.3795568031169,1.689025158314979
260.3834923475736,0.9547798835778877
260.3874278920304,0.4022169512571575
260.39136343648715,0.1722224621361312
260.3952989809439,0.1812036011903305
260.39923452540063,0.6283313182996054
260.4031700698574,0.2745640927741099
260.40710561431416,0.2149858498431008
260.4110411587709,0.12527913433041696
260.41497670322764,3.383496474798927
260.41891224768443,4.4640448594442415
260.4228477921412,3.9119472142522964
260.4267833365979,6.112421528518836
260.43071888105464,4.672139959529868
260.4346544255114,2.8461332220527065
260.4385899699682,0.4050684536156157
260.4425255144249,1.4506009208529302
260.44646105888165,1.1862139182818539
260.4503966033384,0.9859440323659113
260.4543321477952,3.3462042032155876
260.4582676922519,2.6182216813654673
260.46220323670866,1.271867044136559
260.4661387811654,5.004519449677433
260.4700743256222,1.1680150586874194
260.47400987007893,1.2541385476122426
260.47794541453567,0.7082391074483904
260.4818809589924,0.1375538553226773
260.4858165034492,2.7199217168918937
260.48975204790594,6.065135595445382
260.4936875923627,0.4739714726444345
260.4976231368194,3.0614157232085466
260.5015586812762,1.6846040426212046
260.50549422573295,2.751910409823501
260.5094297701897,4.323083997770096
260.5133653146464,0.5253207295340999
260.5173008591032,1.7308512129162812
260.52123640355995,0.1939488594008845
260.5251719480167,3.832747727255184
260.52910749247343,2.452219745711548
260.53304303693017,0.10740313506624279
260.53697858138696,0.24251656680620376
260.5409141258437,0.5941626066781914
260.54484967030044,0.5394564320099957
260.5487852147572,0.3797311068992666
260.552720759214,0.14404953197557807
260.5566563036707,0.09655684064548492
260.56059184812744,0.46635664008363675
260.5645273925842,0.8034995071564678
260.568462937041,1.666532050700301
260.5723984814977,2.974218463229952
260.57633402595445,2.797229794696665
260.5802695704112,0.49218109550019395
260.5842051148679,0.5549891555066886
260.5881406593247,1.3886299085329563
260.59207620378146,1.6180268645019704
260.5960117482382,0.7029236513589397
260.59994729269494,2.5426409541933745
260.60388283715173,11.594792449760766
260.60781838160847,8.2603676521567
260.6117539260652,0.9786492766462567
260.61568947052194,0.449941079455001
260.61962501497874,3.041614976845034
260.6235605594355,5.0272491187059805
260.6274961038922,2.8684519863822073
260.6314316483489,2.866400667203676
260.63536719280575,7.675884443489206
260.6393027372625,10.03924738388163
260.6432382817192,6.054072235665242
260.647173826176,3.03434335529391
260.65110937063275,0.13214792654802235
260.6550449150895,0.1110797792483244
260.6589804595462,2.4881419930061703
260.66291600400297,10.099259603476144
260.6668515484597,4.619885286375053
260.6707870929165,0.5782281174769631
260.67472263737324,3.6358909496149496
260.67865818183,4.607522028154887
260.6825937262867,0.1190092368972999
260.6865292707435,9.232867032776225
260.69046481520024,5.671266672452495
260.694400359657,1.5986892682361904
260.6983359041137,2.1777580996710197
260.7022714485705,0.8299837016378663
260.70620699302725,4.19896453780506
260.710142537484,2.602148413704885
260.7140780819407,0.04097015896617954
260.7180136263975,11.346351972971197
260.72194917085426,13.46126957131208
260.725884715311,2.895974255055509
260.72982025976773,14.560235523707973
260.73375580422453,11.78551679093329
260.73769134868127,9.362196524738318
260.741626893138,13.881516363137722
260.74556243759474,42.3230823528638
260.7494979820515,38.355045202501394
260.7534335265083,24.2752123553647
260.757369070965,6.990423672774235
260.7613046154217,4.494731240827516
260.7652401598785,0.6623932516395483
260.7691757043353,5.3768490833350855
260.773111248792,5.243498166541906
260.7770467932488,42.02202841666063
260.7809823377055,79.51867264334048
260.7849178821623,35.898336382417256
260.788853426619,7.185004502061156
260.79278897107577,9.149637318450258
260.7967245155325,6.776974320318649
260.8006600599893,4.611964646585321
260.80459560444604,0.12593935302419482
260.8085311489028,17.774487414938317
260.8124666933595,40.1054884805692
260.81640223781625,11.539897906185177
260.82033778227304,0.07051637045193827
260.8242733267298,2.2435832068593875
260.8282088711865,4.304901795473733
260.83214441564326,0.39415069528912405
260.83607996010005,8.846634268342505
260.8400155045568,5.8069695672073225
260.8439510490135,1.9335546141051394
260.84788659347026,1.7351866874572885
260.85182213792706,3.5131149313220242
260.8557576823838,5.05543731272881
260.85969322684053,0.5666564454477071
260.8636287712973,1.0549696899731116
260.86756431575407,0.7380760369620964
260.8714998602108,0.39127016622371863
260.87543540466754,2.360513279303463
260.8793709491243,2.2054276201067142
260.8833064935811,3.819306121112378
260.8872420380378,4.4749920540053765
260.8911775824945,1.1730070492294016
260.8951131269513,6.59991211891648
260.899048671408,2.9181805660693922
260.9029842158648,2.757883773895054
260.9069197603216,4.610445205930322
260.9108553047783,1.2163036450307196
260.91479084923503,0.03444194004283752
260.9187263936918,0.5870189518717963
260.92266193814856,1.9488667650315956
260.9265974826053,1.3036400669893111
260.93053302706204,0.22024094147901227
260.93446857151883,0.49814995764288367
260.9384041159756,1.2056547932709485
260.9423396604323,1.1213965318497374
260.94627520488905,1.144800992082726
260.95021074934584,3.273826805919935
260.9541462938026,5.749914421355082
260.9580818382593,4.5720376323122665
260.96201738271606,1.2117227845077692
260.96595292717285,0.24312987067993708
260.9698884716296,0.48781046770785114
260.9738240160863,0.7794041484524644
260.97775956054306,1.4739871928516626
260.9816951049998,1.5638784113711224
260.9856306494566,1.2242552449969677
260.98956619391333,0.9933659524832757
260.99350173837007,1.204648991424741
260.9974372828268,1.1671010823431573
261.0013728272836,0.10920764410059754
261.00530837174034,0.555419218694387
261.0092439161971,1.33834415363677
261.0131794606538,0.9732864655076191
261.0171150051106,2.061869175618427
261.0210505495673,4.013509992045956
261.0249860940241,2.614525176515628
261.0289216384808,3.0651680488934736
261.0328571829376,4.605969265526082
261.0367927273944,0.9652694921469396
261.0407282718511,1.939185955353616
261.04466381630783,3.7334350414040407
261.0485993607646,1.8412478045519283
261.05253490522136,0.5073597031690844
261.0564704496781,0.12652574539628658
261.06040599413484,0.08099373737837576
261.0643415385916,0.4513100838245287
261.0682770830484,3.4263999653441863
261.0722126275051,5.273394645718614
261.07614817196185,1.424051491338809
261.0800837164186,1.8036382462826597
261.0840192608754,1.6663309169150473
261.0879548053321,1.1596071532612642
261.09189034978886,1.7019568782110666
261.0958258942456,1.4723826328743195
261.0997614387024,2.725476794505946
261.1036969831591,0.8710088552690867
261.10763252761586,3.7827822483554407
261.1115680720726,7.852923380521259
261.1155036165294,4.758669401402113
261.11943916098613,1.0332397598296612
261.12337470544287,0.7647329622294982
261.1273102498996,2.68579615516865
261.13124579435635,4.019294966231576
261.13518133881314,1.5349732806497645
261.1391168832699,0.3733604534735726
261.1430524277266,2.633048719037376
261.1469879721833,1.3956225068365582
261.15092351664015,0.727960803618751
261.1548590610969,0.40987609869192426
261.1587946055536,2.165446198932718
261.1627301500104,4.911774062045699
261.1666656944672,1.3967629412373996
261.1706012389239,0.2657457961133173
261.17453678338063,1.056191289531937
261.17847232783737,0.3877833104920107
261.18240787229416,0.5554426565278349
261.1863434167509,0.8758968333402674
261.19027896120764,1.3861917683326592
261.1942145056644,0.6284281971481165
261.1981500501212,1.502747345631383
261.2020855945779,1.2705192280954274
261.20602113903465,1.2399463718146249
261.2099566834914,1.5809180015555715
261.2138922279481,1.3492769739094623
261.2178277724049,1.7883876900998985
261.22176331686165,2.270359066398999
261.2256988613184,2.527190308891176
261.2296344057752,0.8801093582634785
261.2335699502319,0.8687433274972403
261.23750549468866,0.9441968578750786
261.2414410391454,0.40166412099876214
261.24537658360214,3.8995570472931265
261.24931212805893,2.041391443985281
261.25324767251567,0.2559934371661239
261.2571832169724,0.789702959306418
261.26111876142915,0.13790470055243795
261.26505430588594,0.812360055338796
261.2689898503427,0.5306811220843453
261.2729253947994,0.43169862434827555
261.2768609392561,0.23321009202534823
261.28079648371295,0.18716507532390694
261.2847320281697,0.3120257204006178
261.2886675726264,0.9974586691988933
261.2926031170832,0.28632021209083436
261.2965386615399,0.9749084822618166
261.3004742059967,1.6750217164539056
261.30440975045343,1.2508340781758074
261.30834529491017,0.31406086023224405
261.3122808393669,1.1839565288516194
261.3162163838237,0.8311057392450147
261.32015192828044,0.4414705643723061
261.3240874727372,2.040742701026237
261.3280230171939,1.4936056376069093
261.3319585616507,1.3153773480516882
261.33589410610745,2.4938066599724746
261.3398296505642,0.8439383051739998
261.3437651950209,0.4265111011206518
261.3477007394777,0.5474768271083433
261.35163628393445,0.06580692773983275
261.3555718283912,0.6908722452731029
261.359507372848,0.42992959036313205
261.36344291730467,0.3504391172179213
261.36737846176146,2.137854475954135
261.3713140062182,0.7090380791051513
261.37524955067494,0.08503570230415569
261.3791850951317,0.6478788706443552
261.38312063958847,1.3235005363420373
261.3870561840452,0.1984472634247627
261.39099172850194,0.8535652982401426
261.3949272729587,1.7912482574819413
261.3988628174155,2.3124867092881436
261.4027983618722,1.730500661737039
261.4067339063289,0.27877135649880097
261.4106694507857,1.8025083706647929
261.4146049952425,0.7864936144767275
261.4185405396992,0.7110419453049482
261.422476084156,0.1440757495632887
261.4264116286127,0.09484810395771275
261.4303471730695,0.9779684981549415
261.43428271752623,1.490119446771365
261.43821826198297,0.037299012568965235
261.4421538064397,2.695046945517745
261.44608935089644,2.9821046111289964
261.45002489535324,3.819038096935748
261.45396043981,0.45817940137106883
261.4578959842667,5.245175619957487
261.46183152872345,9.110210403949075
261.46576707318025,0.4958506890398496
261.469702617637,2.742784567434382
261.4736381620937,1.0011649662482014
261.47757370655046,2.099534340689464
261.48150925100725,4.121762280972392
261.485444795464,1.2154789192946698
261.4893803399208,0.6255863205207811
261.49331588437747,1.9112691060636657
261.49725142883426,0.8509860381553289
261.501186973291,0.05297033954898017
261.50512251774774,0.8714585215567933
261.5090580622045,1.3877475337581493
261.51299360666127,0.5004776581096392
261.516929151118,0.3248702099548326
261.52086469557474,0.8087792798026602
261.5248002400315,0.19306492229046693
261.5287357844882,0.10147160266076727
261.532671328945,0.18566389164581068
261.5366068734017,0.0006662365900773691
261.5405424178585,0.30124622812604496
261.5444779623152,0.3660060525997551
261.548413506772,0.041884319194368164
261.5523490512288,0.35674961997567667
261.5562845956855,0.9448224920992209
261.56022014014223,0.3311965971898942
261.56415568459903,0.14373633179153622
261.56809122905577,1.0157063645795938
261.5720267735125,1.4949055773660302
261.57596231796924,0.5970373123622136
261.57989786242604,0.265229653160043
261.5838334068828,0.9424017393183638
261.5877689513395,0.5230725862438682
261.59170449579625,1.6522024612381079
261.59564004025304,3.517621754774996
261.5995755847098,1.7566059746421698
261.6035111291665,0.30300182403502846
261.60744667362326,0.44355194382378216
261.61138221808,2.5692114822610974
261.6153177625368,4.03231060268206
261.6192533069935,2.16282789442322
261.62318885145027,0.6457076364958514
261.627124395907,0.1613311787479505
261.6310599403638,0.04385036883697945
261.63499548482054,0.4689034289267753
261.6389310292773,0.8370253556425543
261.642866573734,1.5915373413208296
261.6468021181908,1.1570554666610129
261.65073766264754,0.21731863568877458
261.6546732071043,0.3225440160205807
261.658608751561,1.3458932207397836
261.6625442960178,0.7479431930425241
261.6664798404745,0.05904502393467457
261.6704153849313,0.1256858244960616
261.674350929388,0.8751612106249721
261.6782864738448,2.799612646476717
261.6822220183016,0.4710867854909734
261.6861575627583,1.8731063258129905
261.69009310721503,3.7415011905231506
261.6940286516718,0.5720353802294854
261.69796419612857,0.8073281635042435
261.7018997405853,1.747032550364003
261.70583528504204,0.35758536473835156
261.7097708294988,0.5469689971466674
261.7137063739556,0.20714972244734525
261.7176419184123,0.7758773368174885
261.72157746286905,0.2299369000557131
261.7255130073258,0.3379857837339363
261.7294485517826,1.498073927214824
261.7333840962393,3.0531482760570223
261.73731964069606,4.268741529365003
261.7412551851528,2.6958856233540858
261.7451907296096,0.7328995162195069
261.7491262740663,0.6673424228141152
261.75306181852307,2.46394915844226
261.7569973629798,2.8368462355364934
261.76093290743654,2.029194884830488
261.76486845189334,1.2131412991252761
261.7688039963501,0.3960465321436148
261.7727395408068,0.7173777527394398
261.77667508526355,0.404099982817358
261.78061062972034,0.8586396818567499
261.7845461741771,1.0764572340004297
261.7884817186338,5.630462215823096
261.79241726309056,4.529095959365923
261.7963528075473,0.23986619801981973
261.8002883520041,0.38409768176398895
261.8042238964608,0.9490278230057575
261.8081594409176,1.4714098647351035
261.8120949853744,1.2997026279364825
261.8160305298311,1.538894579723748
261.81996607428783,1.3117267174378648
261.82390161874457,0.3448926996742277
261.82783716320137,0.2636612997665974
261.8317727076581,1.104367581372174
261.83570825211484,1.1339812931362923
261.8396437965716,1.742228842040548
261.8435793410283,0.41024356226369296
261.8475148854851,0.5380190682521113
261.85145042994185,1.5981687433659262
261.8553859743986,0.3445744396800484
261.8593215188553,0.15243222572235368
261.8632570633121,0.5748306506423342
261.86719260776886,0.6456763942697112
261.8711281522256,0.1463608377961805
261.87506369668233,1.9325237852535966
261.8789992411391,0.8830264677056959
261.88293478559586,0.961595009531957
261.8868703300526,2.7606997747987445
261.89080587450934,1.1232427281209134
261.89474141896613,0.26683391986558136
261.8986769634229,0.09764547036770962
261.9026125078796,0.5045327821762072
261.90654805233635,0.12874035194646885
261.9104835967931,0.651969245698886
261.9144191412499,1.5172337426216889
261.9183546857066,1.1985929903366968
261.92229023016336,0.6911833204333091
261.9262257746201,2.3951461555568754
261.9301613190769,0.8894154635104814
261.9340968635336,0.21076413142257328
261.9380324079904,0.03030601673391908
261.9419679524471,1.5525807673234082
261.9459034969039,0.7853529737829594
261.94983904136063,0.9318539494604696
261.95377458581737,1.7340653103335317
261.9577101302741,0.4509729232621614
261.9616456747309,2.129630904653511
261.96558121918764,1.1803330658384321
261.9695167636444,0.03896757872058394
261.9734523081011,0.9528927049082905
261.9773878525579,3.154081220709622
261.98132339701465,1.4517535732194793
261.9852589414714,0.24200131930751437
261.9891944859281,0.648722641208182
261.99313003038486,0.4124717719529906
261.99706557484166,1.1120337148521202
262.0010011192984,0.14964083889312882
262.0049366637552,2.6793889164998252
262.00887220821187,4.191628181254529
262.01280775266866,1.2547571778081916
262.0167432971254,0.4014690492334346
262.02067884158214,0.4553460912563558
262.0246143860389,0.8255330458473418
262.02854993049567,0.5177456641251514
262.0324854749524,0.5082939767332063
262.03642101940915,3.365292711604135
262.0403565638659,2.2298625120184488
262.0442921083227,0.4532549231738605
262.0482276527794,0.04793553141732159
262.0521631972361,1.9153536064609034
262.0560987416929,1.7748829203328964
262.0600342861497,0.1291213546090777
262.0639698306064,0.16584658360374696
262.0679053750632,0.5669697192797272
262.0718409195199,1.3224248948995942
262.07577646397664,0.24633956598364526
262.07971200843343,0.7030906811656865
262.08364755289017,0.5264941681357816
262.0875830973469,0.0455081691046096
262.09151864180365,0.7680877230055984
262.09545418626044,0.8183561861513265
262.0993897307172,0.33457401068821313
262.1033252751739,2.465828936150984
262.10726081963065,0.7274904464999005
262.11119636408745,0.19472539608619624
262.1151319085442,0.322041937469216
262.1190674530009,2.852096489932144
262.12300299745766,4.142179874337076
262.12693854191446,0.701351099266445
262.1308740863712,2.2211689152286462
262.134809630828,1.9987323354373945
262.13874517528467,0.07411039124023375
262.14268071974146,1.23074225972153
262.1466162641982,0.11725458944754519
262.15055180865494,0.43758583431702913
262.1544873531117,0.12031793003659007
262.1584228975684,2.4332284862132174
262.1623584420252,2.1539376884168755
262.16629398648195,0.10553016989688796
262.1702295309387,0.7392637520150965
262.1741650753954,0.4461183032875731
262.1781006198522,0.04226021585728862
262.1820361643089,0.5247572756525205
262.1859717087657,1.7916339967110597
262.18990725322243,0.8290251616379158
262.1938427976792,1.4829043346935036
262.197778342136,2.45560790646477
262.2017138865927,0.07457052518759476
262.20564943104944,1.8133524779413124
262.20958497550623,2.470296257427154
262.21352051996297,0.9146345876197509
262.2174560644197,0.2951644904127981
262.22139160887644,0.1482351211469566
262.2253271533332,0.62716447777191
262.22926269779,0.3733248390994599
262.2331982422467,0.2711659376175857
262.23713378670345,1.396710835023925
262.2410693311602,0.6485654658971364
262.245004875617,1.1597128994682546
262.2489404200737,0.0725036478134706
262.25287596453046,1.4895834234040197
262.2568115089872,0.5735821684883723
262.260747053444,0.523530004785995
262.2646825979008,1.1566448952903496
262.26861814235747,1.487919075528574
262.2725536868142,0.6851886595009467
262.276489231271,0.677092712203378
262.28042477572774,2.862963594735488
262.2843603201845,2.4155866541604936
262.2882958646412,2.1032421215371406
262.292231409098,0.6065390571308241
262.29616695355475,0.7699200974913479
262.3001024980115,1.8071454424241107
262.3040380424682,2.1821716234866337
262.30797358692496,0.49215393539579805
262.3119091313817,1.871874930887776
262.3158446758385,0.3258387359757656
262.31978022029523,1.1107158518785567
262.323715764752,1.315062442897526
262.3276513092088,0.16312149867122025
262.3315868536655,2.412312000929454
262.33552239812224,2.447829536590818
262.339457942579,1.2595376933875926
262.34339348703577,0.8010850110216503
262.3473290314925,1.6125242898639607
262.35126457594924,2.9554290352921178
262.355200120406,1.9945666377672864
262.3591356648628,1.0544301740066682
262.3630712093195,1.2570242610556193
262.36700675377625,2.273658944636685
262.370942298233,3.0481502468514488
262.3748778426898,0.6276167522114305
262.3788133871465,0.12305659905428422
262.38274893160326,0.16575627694748638
262.38668447606,1.099125345236096
262.39062002051674,0.8680340314271684
262.3945555649736,0.574027764887228
262.39849110943027,1.0180738400182763
262.402426653887,0.24818216272871277
262.40636219834374,1.6012890146586882
262.41029774280054,1.008957096921387
262.4142332872573,0.1937268702231133
262.418168831714,1.4096417613720713
262.42210437617075,2.458466211684282
262.42603992062755,0.9368462764782437
262.4299754650843,0.6085037935787551
262.433911009541,0.5460974529660219
262.43784655399776,0.23324619188900617
262.4417820984545,0.1401657381652725
262.4457176429113,1.3388129990396525
262.449653187368,1.9486808704901257
262.4535887318248,1.0198103861907166
262.4575242762815,0.3387231266235838
262.4614598207383,0.11998374564679955
262.46539536519504,0.01417128515116733
262.4693309096518,0.5616528834200635
262.4732664541085,1.2929711457462734
262.4772019985653,0.7855688738066047
262.48113754302204,0.6516637172161072
262.4850730874788,0.2854071217372292
262.4890086319355,0.5142074988803562
262.4929441763923,0.12316895161369117
262.49687972084905,0.7196758249269245
262.5008152653058,1.4851917826510501
262.5047508097625,1.29046366342403
262.5086863542193,1.0405910506225369
262.51262189867606,0.1802104595058394
262.5165574431328,2.370624950736824
262.52049298758953,0.923766840653955
262.5244285320464,0.17064122093391432
262.52836407650307,0.042992627664726085
262.5322996209598,0.21989103028064458
262.53623516541654,0.07933262332993113
262.5401707098733,0.09643802696750557
262.5441062543301,0.2937321215205324
262.5480417987868,2.5592136130521177
262.55197734324355,1.4226395069230702
262.5559128877003,0.3992406290495429
262.5598484321571,3.038161699975722
262.5637839766138,2.018713289718224
262.56771952107056,1.5427999834146133
262.5716550655273,0.8311906657437171
262.5755906099841,0.3187715160509754
262.5795261544408,1.4471332489779853
262.5834616988976,5.106265100693883
262.5873972433543,5.084606543435797
262.5913327878111,1.0044993460494556
262.59526833226784,0.7955342678210052
262.5992038767246,1.4060259899556673
262.6031394211813,0.8862188754817676
262.6070749656381,0.8885641348090468
262.61101051009484,0.28708742155115163
262.6149460545516,0.21951277180282147
262.6188815990083,1.1230578334745727
262.62281714346506,1.3620758411863898
262.62675268792185,0.18984674184318298
262.6306882323786,0.3784722743845713
262.6346237768353,0.2681037177142256
262.63855932129206,0.9826671731142321
262.64249486574886,2.0575510589046284
262.6464304102056,0.5517415841160977
262.65036595466233,0.06527567470795917
262.6543014991191,0.7529972689222424
262.65823704357587,1.7922094284250336
262.6621725880326,0.24302086191607522
262.66610813248934,0.3281033170002738
262.6700436769461,0.6693593771092465
262.6739792214029,2.1857115636527285
262.6779147658596,1.2670942080074576
262.68185031031635,0.06653621924844123
262.6857858547731,1.5736730959523932
262.6897213992299,2.9139418944891835
262.6936569436866,1.0521791779179983
262.69759248814336,0.9872972604488802
262.7015280326001,1.1781339876580141
262.70546357705683,0.4660431791067226
262.7093991215136,1.422403265697226
262.7133346659704,0.5763300638638433
262.7172702104271,1.217275205737503
262.72120575488384,0.5094476341168497
262.72514129934063,0.15732664954838746
262.7290768437974,0.9148492673763765
262.7330123882541,1.942438557203078
262.73694793271085,1.2227788368572057
262.74088347716764,0.009701290532706266
262.7448190216244,0.22723799337799985
262.7487545660811,0.2862601055016491
262.75269011053786,2.4069658567482968
262.75662565499465,2.2428760450118745
262.7605611994514,0.18812268457866782
262.7644967439081,0.91583811144866
262.76843228836486,0.669013861732047
262.7723678328216,0.8718940012740121
262.7763033772784,0.8181629093019458
262.78023892173513,0.06580946834359515
262.78417446619187,0.14236052090903686
262.7881100106486,0.5101138175660377
262.7920455551054,0.5290078869331598
262.79598109956214,0.2795848142566573
262.7999166440189,1.30454320997791
262.8038521884756,3.613092418568641
262.8077877329324,3.8622011835741654
262.81172327738915,0.7980992272723401
262.8156588218459,1.4371900075759272
262.8195943663026,2.6479997838741527
262.8235299107594,0.28215202608863527
262.82746545521616,1.6703754169447294
262.8314009996729,3.31992967431623
262.83533654412963,1.0351149449708732
262.8392720885864,0.6280530564724391
262.8432076330432,0.2206087041748981
262.8471431774999,0.9213801421095164
262.85107872195664,0.4613418875795917
262.8550142664134,3.2147956975452
262.8589498108702,4.98672245764002
262.8628853553269,0.2899875601056116
262.86682089978365,1.8729678836644568
262.8707564442404,0.7042650901735541
262.8746919886972,2.385132515968478
262.8786275331539,3.8347532152181403
262.88256307761066,1.3230162110499442
262.8864986220674,0.238648641562949
262.8904341665242,1.3730644165269215
262.8943697109809,1.3568127504919885
262.89830525543766,1.5318973224894337
262.9022407998944,0.9894946702831459
262.9061763443512,0.001089552070289733
262.91011188880793,0.20921303257520796
262.91404743326467,0.000966868752373063
262.9179829777214,0.03775600419308257
262.9219185221782,0.05974622618164705
262.92585406663494,0.4337719550639294
262.9297896110917,1.781123592132991
262.9337251555484,2.625892243822957
262.93766070000515,0.7554599546169071
262.94159624446195,0.8569210013829532
262.9455317889187,1.7594179099450202
262.9494673333754,1.401119235882748
262.95340287783216,1.707761056526643
262.95733842228896,2.5102535144679075
262.9612739667457,3.3620004138431594
262.96520951120243,4.225576442321464
262.9691450556592,2.804856784794135
262.973080600116,0.5455298512686663
262.9770161445727,0.03795327918337094
262.98095168902944,0.23139221504536459
262.9848872334862,0.6919873414151977
262.98882277794297,0.5022509786628283
262.9927583223997,0.6046469940120756
262.99669386685645,0.08742760367261797
263.0006294113132,0.6212991876162194
263.0045649557699,1.1149014975307099
263.0085005002267,0.3079044898936466
263.01243604468345,0.05645532904738418
263.0163715891402,0.17370358012949333
263.02030713359693,0.6047851711330884
263.0242426780537,0.7862956797151289
263.02817822251046,1.02674197499442
263.0321137669672,0.7008649288832367
263.03604931142394,0.108043640695232
263.03998485588073,0.006125592076478789
263.04392040033747,0.12379542846870678
263.0478559447942,0.946060864984518
263.05179148925095,1.3773103135546065
263.05572703370774,0.7130720468740812
263.0596625781645,1.5031963353343534
263.0635981226212,2.737140527847113
263.06753366707795,0.7836034907472834
263.07146921153475,1.0483823310164504
263.0754047559915,1.6233286663090967
263.0793403004482,0.1728407493895319
263.08327584490496,0.49998179354939964
263.0872113893617,2.2674535130088245
263.0911469338185,1.8099375948240246
263.09508247827523,0.3175286147889739
263.099018022732,0.43949773903014633
263.1029535671887,0.07664546764144521
263.1068891116455,0.20733706412912115
263.11082465610224,0.6380668501648821
263.114760200559,1.7051148471925601
263.1186957450157,0.5803983979356032
263.1226312894725,1.7229871799276917
263.12656683392925,1.7094548783446588
263.130502378386,1.8288704973157326
263.1344379228427,2.7293211381555857
263.1383734672995,1.8861441846231057
263.14230901175625,1.598546738524441
263.146244556213,1.496793764255429
263.15018010066973,1.545713905710888
263.1541156451265,2.618837656696858
263.15805118958326,2.59481179202221
263.16198673404,0.33935644031108203
263.16592227849674,0.46609537320052763
263.1698578229535,1.417497742646265
263.17379336741027,2.624849927254576
263.177728911867,1.6780025343917404
263.18166445632374,0.13177560606833522
263.1856000007805,1.756597643406234
263.1895355452373,0.5317022106752622
263.193471089694,1.1896213014828647
263.19740663415075,1.7816057327079624
263.2013421786075,0.30715934266266054
263.2052777230643,0.19640847895800764
263.209213267521,0.1862386131800482
263.21314881197776,0.4669381787534963
263.2170843564345,0.5552171303070546
263.2210199008913,1.6568814254050737
263.22495544534803,2.589810293232383
263.2288909898048,0.3382919964915812
263.2328265342615,1.9826981772131829
263.2367620787183,3.9024077732309164
263.24069762317504,2.218039525531196
263.2446331676318,1.3052277281262101
263.2485687120885,0.5522654297964879
263.25250425654525,0.8622189645386401
263.25643980100205,3.234419812051088
263.2603753454588,3.009208491739998
263.2643108899155,2.524853817665113
263.26824643437226,0.5117127445719722
263.27218197882905,0.2570670967816022
263.2761175232858,0.6129416709670429
263.28005306774253,1.4049674703022295
263.28398861219927,1.0539912387343404
263.28792415665606,0.4146429937230881
263.2918597011128,2.0484030557896276
263.29579524556954,0.364657831571569
263.2997307900263,8.063549124388237
263.30366633448307,13.751850082791705
263.3076018789398,2.7014974241151206
263.31153742339654,1.6688879195049113
263.3154729678533,2.5422386370865295
263.31940851231,4.622460708791074
263.3233440567668,2.6742936796418335
263.32727960122355,0.7695190239008596
263.3312151456803,2.41570116497654
263.335150690137,0.13510609349746394
263.3390862345938,1.3344659339616898
263.34302177905056,3.4389188463559996
263.3469573235073,2.5575089661105554
263.35089286796403,0.002194722007131601
263.35482841242083,0.5511702929436498
263.3587639568776,1.5564353570552658
263.3626995013343,7.909489914158934
263.36663504579104,6.551602195448254
263.37057059024784,3.379997044497015
263.3745061347046,0.8700985070142289
263.3784416791613,0.10574278024262007
263.38237722361805,1.0688148772728234
263.38631276807484,6.6599169232468425
263.3902483125316,5.297422898967919
263.3941838569883,0.4168989260852517
263.39811940144506,2.1044656578679435
263.4020549459018,3.4753553012885603
263.4059904903586,2.5135648361939653
263.4099260348153,2.0401558806952753
263.41386157927207,1.9071154540839708
263.4177971237288,0.6422720225207823
263.4217326681856,0.87175472180238
263.42566821264234,3.104399492884529
263.4296037570991,4.3131437819920615
263.4335393015558,1.7429626034074266
263.4374748460126,0.1438371195103206
263.44141039046934,0.10835015384628814
263.4453459349261,1.1845194104327335
263.4492814793828,1.85656657449603
263.4532170238396,1.1571248309146756
263.45715256829635,1.326146375886793
263.4610881127531,1.3615615717947416
263.4650236572098,1.2431367467288317
263.4689592016666,0.3443328494873284
263.47289474612336,0.45275436885297915
263.4768302905801,1.1272132323712332
263.48076583503683,0.21247605087521437
263.4847013794936,0.3180738067204082
263.4886369239504,1.8197353186644372
263.4925724684071,2.5402841875776967
263.49650801286384,1.585399119936266
263.5004435573206,0.21035367247734305
263.5043791017774,0.5442427699311558
263.5083146462341,2.652159861328742
263.51225019069085,2.9666772356596645
263.5161857351476,0.899802053444114
263.5201212796044,0.03517445749053898
263.5240568240611,0.8286727385140321
263.52799236851786,1.0343811336239346
263.5319279129746,0.27179880640071413
263.5358634574314,2.4134784319842937
263.5397990018881,3.1945792402926556
263.54373454634487,0.8066062520910039
263.5476700908016,0.0399843839591585
263.55160563525834,0.2052833610885826
263.55554117971514,4.175072258643912
263.5594767241719,13.340955770822339
263.5634122686286,11.829237750689698
263.56734781308535,1.4469926983513444
263.57128335754214,1.1027114657390205
263.5752189019989,0.5400157744924998
263.5791544464556,1.2165206437092682
263.5830899909124,4.839018275073697
263.58702553536915,4.139713784022592
263.5909610798259,5.322639650387119
263.5948966242826,7.7197837459745315
263.59883216873936,5.673905999540934
263.60276771319616,1.7766160420456898
263.6067032576529,0.2613747885585541
263.61063880210963,0.16012789698596727
263.6145743465664,0.8212715572545445
263.6185098910232,1.8345278149515074
263.6224454354799,1.298807597845243
263.62638097993664,1.5954864257414845
263.6303165243934,2.4255911397777794
263.6342520688501,1.2532122897109719
263.6381876133069,0.2113522323483551
263.64212315776365,0.5163905821921061
263.6460587022204,1.4210976222671718
263.6499942466771,1.1675839271900266
263.6539297911339,0.6953614885961544
263.65786533559066,0.6124761366192208
263.6618008800474,1.274455810866557
263.66573642450413,2.1660504989749816
263.6696719689609,0.3545647935370286
263.67360751341766,1.164161794549796
263.6775430578744,3.2866249181213205
263.68147860233114,1.66318724222037
263.68541414678793,2.1418875405144377
263.6893496912447,3.4431577913365423
263.6932852357014,1.9980621487929582
263.69722078015815,0.8386686663121161
263.70115632461494,0.32333732681170724
263.7050918690717,1.069848275159389
263.7090274135284,4.341564151526284
263.7129629579852,3.1467134511296044
263.7168985024419,0.20271039100218463
263.7208340468987,2.7743856244499265
263.7247695913554,2.7238777937930485
263.72870513581216,0.31344737216055674
263.7326406802689,0.024585983036712382
263.7365762247257,0.9087680591195089
263.74051176918243,2.549496339102351
263.7444473136392,0.27832193136876243
263.7483828580959,6.751403760047449
263.7523184025527,9.350496879646222
263.75625394700944,3.175286207958508
263.7601894914662,1.261455062174039
263.7641250359229,1.5098591506389134
263.7680605803797,5.743307871209083
263.77199612483645,4.429575437576498
263.7759316692932,1.321882417643941
263.7798672137499,0.04817206309066901
263.7838027582067,1.0331324141496765
263.78773830266346,0.45918175454548443
263.7916738471202,0.2861079566822637
263.79560939157693,1.05576471638531
263.79954493603367,1.015236827229115
263.80348048049046,0.20826289699538356
263.8074160249472,1.915917849549996
263.81135156940394,2.938215985341955
263.8152871138607,4.949003240217225
263.81922265831747,2.529468088832783
263.8231582027742,1.4696994313328615
263.82709374723095,6.563342134838096
263.8310292916877,3.506926029789153
263.8349648361445,0.422579737628534
263.8389003806012,0.0386663407654722
263.84283592505795,0.6527543866656451
263.8467714695147,0.458388091191703
263.8507070139715,0.5169877454836358
263.8546425584282,0.1375294117889224
263.85857810288496,1.7178256167905745
263.8625136473417,2.932475185529919
263.86644919179844,3.301553359712374
263.87038473625523,3.6971281845689083
263.874320280712,1.4354874751746836
263.8782558251687,0.6774288041460779
263.88219136962545,2.1244539682800205
263.88612691408224,2.7311295157058715
263.890062458539,2.6341402620055128
263.8939980029957,3.1741908595532866
263.89793354745245,1.871081504060636
263.90186909190925,0.07517620878592086
263.905804636366,0.23421011311281945
263.9097401808227,0.04774822543911131
263.91367572527946,0.8682536557126195
263.91761126973626,0.1811405667455228
263.921546814193,0.6844677441352112
263.92548235864973,1.404074121663265
263.92941790310647,2.849059765613186
263.93335344756326,5.592178432659546
263.93728899202,2.728653683617519
263.94122453647674,0.22532318152682362
263.9451600809335,0.45061043589101374
263.9490956253902,3.0158263277687434
263.953031169847,3.722075506325346
263.95696671430375,1.3686422517718833
263.9609022587605,0.009439323585064458
263.9648378032172,2.1979255021492716
263.968773347674,3.3638561420823367
263.97270889213075,0.3508864468842121
263.9766444365875,1.2460946256391026
263.98057998104423,2.987494099851751
263.984515525501,1.5162826130362825
263.98845106995776,0.8794464154679933
263.9923866144145,0.2987038984571635
263.99632215887124,1.2270110143030462
264.00025770332803,4.0924671650904365
264.0041932477848,3.4871634972728356
264.0081287922415,0.18174005361436316
264.01206433669824,3.0864317635810368
264.01599988115504,7.458163300326689
264.0199354256118,3.292337675874202
264.0238709700685,0.963797557283868
264.02780651452525,1.412637830591852
264.031742058982,1.0880338798169074
264.0356776034388,0.08822802091816917
264.0396131478955,3.899965553102503
264.04354869235226,5.214250199792673
264.047484236809,0.4361278267021811
264.0514197812658,1.759901642201056
264.05535532572253,1.495524286363376
264.05929087017927,0.0772891039988413
264.063226414636,0.2128707465985685
264.0671619590928,0.9731441224661462
264.07109750354954,0.7738030293688885
264.0750330480063,0.8327084948398925
264.078968592463,0.3307019595372891
264.0829041369198,0.2654959743702714
264.08683968137655,1.703663840312049
264.0907752258333,1.9593924591686593
264.09471077029,0.7747010722382806
264.0986463147468,2.0426910636614406
264.10258185920355,2.2826740604515052
264.1065174036603,0.11916237470226329
264.11045294811703,0.6164061373165548
264.11438849257377,0.08859129012611643
264.11832403703056,2.0263643139336525
264.1222595814873,0.6844240303023911
264.12619512594404,1.5821077144256002
264.1301306704008,2.6113323082447053
264.1340662148576,0.2749822452650104
264.1380017593143,0.19752593431284446
264.14193730377104,1.643045650859657
264.1458728482278,0.886349948483875
264.1498083926846,2.3250164994391294
264.1537439371413,11.697328828751758
264.15767948159805,4.752581016121472
264.1616150260548,1.8259897905210687
264.1655505705116,3.318627303171397
264.1694861149683,0.032894255021863765
264.17342165942506,1.3983595567417348
264.1773572038818,0.36968999601079694
264.18129274833854,3.983900835443325
264.18522829279533,9.609103284367736
264.18916383725207,12.319784039978654
264.1930993817088,1.9285491689694152
264.19703492616554,4.8605933355763
264.20097047062234,8.083832821867388
264.2049060150791,0.9711251124331111
264.2088415595358,2.2706270146468195
264.2127771039925,3.689204908094838
264.21671264844935,2.1067585592293536
264.2206481929061,0.4038254833866406
264.2245837373628,3.4372731385107955
264.2285192818196,1.6567676181270856
264.23245482627635,3.9883070875320286
264.2363903707331,4.401825048482662
264.2403259151898,2.8991686420164866
264.24426145964657,2.6496459250048594
264.24819700410336,0.7940887819867786
264.2521325485601,1.212704609317326
264.25606809301684,0.27385225844292344
264.2600036374736,0.1280959033467281
264.2639391819303,1.7112477111159763
264.2678747263871,3.7666600952710345
264.27181027084384,1.1934404418935567
264.2757458153006,0.040811172517220586
264.2796813597573,0.05299453913918757
264.2836169042141,0.6477688551091078
264.28755244867085,0.6200190572522523
264.2914879931276,0.12246646838033232
264.2954235375843,0.10873223861468143
264.2993590820411,2.2442236673915064
264.30329462649786,2.992887570803331
264.3072301709546,0.895252162380359
264.31116571541133,2.8599343523990064
264.31510125986813,1.2825651260344575
264.31903680432487,0.9768040697023934
264.3229723487816,1.1522134313288128
264.32690789323834,2.2703028456102077
264.33084343769514,3.7330757522929456
264.3347789821519,1.8522360991886975
264.3387145266086,0.2763515820599961
264.3426500710653,2.443538190865511
264.3465856155221,4.132433913081427
264.3505211599789,2.960902263453928
264.3544567044356,1.204703283316094
264.3583922488924,0.1053828735261054
264.3623277933491,0.2969532033024776
264.3662633378059,0.541608389798146
264.3701988822626,0.9425602822620683
264.37413442671937,1.9759435026193986
264.3780699711761,2.881521638030043
264.3820055156329,4.167986245861838
264.38594106008964,0.8384320972195819
264.3898766045464,1.3227133884688036
264.3938121490031,0.23222625981442957
264.3977476934599,4.570271728823899
264.40168323791664,8.45681977083567
264.4056187823734,4.207957864643938
264.4095543268301,3.653846101342154
264.41348987128686,0.16358541992252323
264.41742541574365,3.012094059212495
264.4213609602004,3.779253182581356
264.4252965046571,1.0367110131380757
264.42923204911386,0.9137576861350328
264.43316759357066,8.130574597156786
264.4371031380274,8.44723924461562
264.44103868248413,1.8444845696045895
264.4449742269409,4.632407597695844
264.44890977139767,6.1274140867535385
264.4528453158544,1.3203736196401155
264.45678086031114,3.834437935637382
264.4607164047679,2.3710513918061444
264.4646519492247,0.5223449568016264
264.4685874936814,3.612222473918711
264.4725230381381,4.951901782556427
264.4764585825949,8.691649265435876
264.4803941270517,3.5353134166547346
264.4843296715084,2.703273745750691
264.4882652159652,3.1645624062980375
264.4922007604219,0.21613545084512248
264.49613630487863,0.7272200895887586
264.5000718493354,0.24571865503228185
264.50400739379216,0.23983624281324584
264.5079429382489,2.0002947089432648
264.51187848270564,2.302909775168969
264.51581402716243,1.0658508516698195
264.5197495716192,5.453052829976316
264.5236851160759,2.6635190784625964
264.52762066053265,0.1491594219993103
264.53155620498944,1.2111655244565325
264.5354917494462,0.14852280753682737
264.5394272939029,0.1174565162999657
264.54336283835966,0.0420150875103575
264.54729838281645,0.3947325856690985
264.5512339272732,0.5116992260235693
264.5551694717299,1.7715009727118174
264.55910501618666,1.445606690067181
264.56304056064346,1.564588421584569
264.5669761051002,2.648923236238677
264.57091164955693,0.6031536599023704
264.57484719401367,0.10240834947373137
264.5787827384704,0.17152692805164307
264.5827182829272,1.3617899182112128
264.58665382738394,1.5018572846874116
264.5905893718407,1.199918866396059
264.5945249162974,0.7249322895094702
264.5984604607542,0.5528052033297713
264.6023960052109,0.3308275145351451
264.6063315496677,0.02968070972242938
264.6102670941244,1.1336732582666842
264.6142026385812,2.0710077391281647
264.618138183038,0.8801663139369027
264.6220737274947,0.5881945697195139
264.62600927195143,0.48809843457004326
264.6299448164082,0.3817219111312297
264.63388036086496,3.3309569597692223
264.6378159053217,6.6429742162890735
264.64175144977844,2.3798072549283504
264.6456869942352,0.2475172941971571
264.649622538692,0.5507601899417125
264.6535580831487,2.075782285173513
264.65749362760545,1.5986327102479145
264.6614291720622,0.16816572776426522
264.665364716519,2.7852863002006565
264.6693002609757,2.8703168920243156
264.67323580543245,1.419184980787024
264.6771713498892,3.3783850001101983
264.681106894346,7.886417269925472
264.6850424388027,6.3360993580118015
264.68897798325946,0.4202022973008166
264.6929135277162,5.243901990617959
264.696849072173,9.358454322454614
264.70078461662973,3.198103334769217
264.70472016108647,1.4060131687042332
264.7086557055432,6.219615263218447
264.71259125,3.6527919121011863
264.71652679445674,0.7175611228901337
264.7204623389135,7.244209567137537
264.7243978833702,5.049569282071904
264.7283334278269,2.4735463714703174
264.73226897228375,0.8476698860758908
264.7362045167405,6.862787872969386
264.7401400611972,8.21309451613082
264.744075605654,0.9022861824083179
264.7480111501108,8.97770872126791
264.7519466945675,8.534635845879457
264.75588223902423,0.3722521781354839
264.75981778348097,3.298417820664032
264.76375332793776,2.6182059802131947
264.7676888723945,0.26352857936987756
264.77162441685124,1.7354022747101001
264.775559961308,3.1714614240012122
264.7794955057648,1.6834744543251619
264.7834310502215,0.4005599721141176
264.78736659467825,5.280949123579283
264.791302139135,4.26532034646689
264.7952376835918,0.9260036782089527
264.7991732280485,6.391823222607095
264.80310877250525,3.909847501541363
264.807044316962,4.51898588549387
264.8109798614188,7.437859547876452
264.8149154058755,1.9937225352514525
264.81885095033226,0.700350326543362
264.822786494789,4.857612970297836
264.82672203924574,9.58377645687105
264.83065758370253,11.807321423850857
264.83459312815927,6.068775787723572
264.838528672616,0.059262982819427615
264.84246421707275,2.7452200944255263
264.84639976152954,4.71136600525097
264.8503353059863,5.4088121640133195
264.854270850443,2.947275906842057
264.8582063948997,0.23800042012709133
264.86214193935655,0.33409216610625325
264.8660774838133,0.9959766463899142
264.87001302827,0.03403080054138732
264.8739485727268,4.2172221569368284
264.8778841171836,6.566263945294453
264.8818196616403,2.0012167169811645
264.88575520609703,0.9286315715429984
264.88969075055377,4.597820088504476
264.8936262950105,7.082269826433943
264.8975618394673,1.5878358965706045
264.90149738392404,0.39874083061003945
264.9054329283808,0.9083407889635178
264.9093684728375,0.7272804653064322
264.9133040172943,0.5074619921795648
264.91723956175105,1.4971416021724657
264.9211751062078,1.5223118601326147
264.9251106506645,0.40817530679793823
264.9290461951213,0.3555539738503151
264.93298173957805,2.198228966189854
264.9369172840348,2.33440498800028
264.9408528284916,1.3593198496653707
264.9447883729483,0.015789047249287282
264.94872391740506,1.5220863899356385
264.9526594618618,2.0994405186981493
264.95659500631854,0.9367583698989062
264.9605305507753,0.4127395758579098
264.96446609523207,4.432865983358893
264.9684016396888,5.4504687202686934
264.97233718414554,0.13931754290092913
264.9762727286023,3.153191757390014
264.9802082730591,4.298381082608535
264.9841438175158,2.8249475872656684
264.9880793619725,2.271114084307738
264.9920149064293,1.1512652746879277
264.9959504508861,0.028440523230272494
264.9998859953428,2.3647888793649514
265.0038215397996,4.125836789704387
265.0077570842563,4.185377508423756
265.0116926287131,3.9211685943213377
265.01562817316983,2.530653581953499
265.01956371762657,3.9638805440975444
265.0234992620833,2.339623434619227
265.0274348065401,4.006217065365698
265.03137035099684,1.5748116602651059
265.0353058954536,0.909424429315223
265.0392414399103,0.47675121392046393
265.04317698436705,0.006706245497819199
265.04711252882385,1.1270139012345692
265.0510480732806,2.6073568274061487
265.0549836177373,0.2466121318941338
265.05891916219406,3.281202564919612
265.06285470665085,1.1605951391238947
265.0667902511076,2.460070780489858
265.0707257955644,11.024210523550131
265.07466134002107,8.538203289545974
265.07859688447786,2.1195244225430936
265.0825324289346,5.55503664623277
265.08646797339134,8.81341935052949
265.0904035178481,4.524190204457158
265.09433906230487,1.1580645940804128
265.0982746067616,3.2395733997034752
265.10221015121834,2.497050194914026
265.1061456956751,0.6138264791038648
265.1100812401319,2.452813920152427
265.1140167845886,1.7877639909493979
265.1179523290453,0.03054213494653225
265.1218878735021,0.5855768726236937
265.1258234179588,0.28389255186108214
265.1297589624156,2.3376561704610612
265.1336945068724,1.902336443453473
265.1376300513291,5.27534630969216
265.14156559578583,0.8781091274877986
265.14550114024263,13.272571951631212
265.14943668469937,14.60794105268761
265.1533722291561,0.6676558225540725
265.15730777361284,11.368249016154413
265.16124331806964,7.172636501572558
265.1651788625264,0.22791578429763332
265.1691144069831,1.6613546455489745
265.17304995143985,10.19086745040375
265.17698549589664,11.01214900133809
265.1809210403534,2.2569373947485603
265.1848565848101,6.5520290697943615
265.18879212926686,10.241921992043537
265.1927276737236,4.443581975358557
265.1966632181804,2.9624783374222536
265.2005987626371,10.845940951945387
265.20453430709387,30.102705560009447
265.2084698515506,36.66656603742157
265.2124053960074,14.891586120334768
265.21634094046414,1.3027608103547823
265.2202764849209,1.6620508518784736
265.2242120293776,5.749837216097465
265.2281475738344,10.208727667953063
265.23208311829114,10.080380785947447
265.2360186627479,5.2668275125467225
265.2399542072046,1.0909806164905775
265.2438897516614,0.2919669249046845
265.2478252961181,3.472839430734207
265.2517608405749,4.433052655617173
265.2556963850316,0.464710972267479
265.2596319294884,3.538487077268104
265.2635674739452,11.406295486340513
265.2675030184019,11.67837783099666
265.27143856285863,5.778345488250206
265.2753741073154,0.9843472420448414
265.27930965177217,9.032269813133126
265.2832451962289,7.27791921191941
265.28718074068564,3.3051288334191256
265.2911162851424,33.695095580543644
265.2950518295992,37.33229308594116
265.2989873740559,9.366084538615588
265.30292291851265,1.5175163611807045
265.3068584629694,27.380562852700702
265.3107940074262,41.674211756332596
265.3147295518829,15.19169095612048
265.31866509633966,2.1048528844541194
265.3226006407964,2.45593855915429
265.3265361852532,11.910943988151164
265.3304717297099,31.870544568724842
265.33440727416667,28.14367714342903
265.3383428186234,13.85829272092197
265.3422783630802,8.45264557049416
265.34621390753694,6.851939838174982
265.3501494519937,3.5987071740304626
265.3540849964504,4.4736359398824685
265.35802054090715,5.258354024710738
265.36195608536394,1.3430812760211406
265.3658916298207,0.2937532029719711
265.3698271742774,0.022345957940164852
265.37376271873416,2.5889527133785135
265.3776982631909,5.276266279685811
265.3816338076477,11.271553403345228
265.3855693521044,25.717871850062373
265.3895048965612,16.917665259772573
265.393440441018,0.47588663520368674
265.3973759854747,4.523740961553058
265.40131152993143,5.831234514374569
265.40524707438817,5.844864639653686
265.40918261884497,3.0013081336205927
265.4131181633017,1.1181398251593149
265.41705370775844,8.040886219587843
265.4209892522152,4.82898187359212
265.424924796672,11.418832415103351
265.4288603411287,18.920275047249042
265.43279588558545,15.496798527517772
265.4367314300422,12.08917307000068
265.4406669744989,14.700858077154331
265.4446025189557,9.609268545222587
265.44853806341246,0.27002651540379585
265.4524736078692,2.470211134131168
265.45640915232593,8.117585062322755
265.4603446967827,24.860521007196514
265.46428024123946,5.120651634462258
265.4682157856962,7.215117269237782
265.47215133015294,8.083535876628378
265.47608687460973,5.714739475342317
265.4800224190665,10.253813283447526
265.4839579635232,11.728861029370274
265.48789350797995,19.38653765383136
265.49182905243674,5.39879102466992
265.4957645968935,8.337571852992287
265.4997001413502,10.03702118692033
265.50363568580696,0.6755473795384543
265.5075712302637,14.592580033576366
265.5115067747205,14.710357154862361
265.5154423191772,0.08348823698532001
265.519377863634,4.071178145682395
265.5233134080907,9.266901013685072
265.5272489525475,19.52497477856156
265.53118449700423,10.861673797136586
265.53512004146097,14.638155647426194
265.5390555859177,4.19378137732627
265.5429911303745,2.247697000051348
265.54692667483124,7.065699761005417
265.550862219288,11.742362494777531
265.5547977637447,15.553965370549852
265.5587333082015,8.103735356790708
265.56266885265825,0.5089564865255104
265.566604397115,1.8609430255452348
265.5705399415717,2.5478813978916315
265.5744754860285,4.57024375387145
265.57841103048526,3.0242944714916864
265.582346574942,0.8885840161359119
265.5862821193988,3.6265628313728215
265.59021766385547,1.4375580310084553
265.59415320831226,3.1870587703135724
265.598088752769,6.055563726905651
265.60202429722574,1.4368785342609256
265.6059598416825,2.4053494935398843
265.60989538613927,2.792694237849362
265.613830930596,0.5952210287305282
265.61776647505275,0.43356852278673663
265.6217020195095,2.1008517386432914
265.6256375639663,4.734579107838996
265.629573108423,3.539768295305568
265.6335086528797,2.934059172828567
265.6374441973365,3.4717317820188667
265.6413797417933,0.9494049273813413
265.64531528625,5.2241747264774405
265.6492508307068,9.576370743545056
265.6531863751635,5.05965811052019
265.6571219196203,8.076371017749192
265.66105746407703,4.2106979919907666
265.66499300853377,0.05874185690441913
265.6689285529905,1.914703813733299
265.67286409744725,7.4388885097380815
265.67679964190404,3.5171440159574887
265.6807351863608,1.7946645941578532
265.6846707308175,5.730109597314637
265.68860627527425,3.559064027186399
265.69254181973105,9.836503603391874
265.6964773641878,5.105722659649368
265.7004129086445,1.5531638692738334
265.70434845310126,2.3706433564978515
265.70828399755806,8.182751076386879
265.7122195420148,15.912242163069546
265.7161550864716,6.637768888415385
265.72009063092827,3.936054635742448
265.72402617538506,1.2193721723509714
265.7279617198418,4.702930585352952
265.73189726429854,10.621613682613013
265.7358328087553,3.06392179428367
265.739768353212,0.9082978012978772
265.7437038976688,0.8536362687413821
265.74763944212555,3.465617870690552
265.7515749865823,2.3326663083040833
265.755510531039,1.6724381189502424
265.7594460754958,10.429631627174084
265.7633816199525,9.556900895252733
265.7673171644093,16.067516389778717
265.77125270886603,10.716258714233584
265.7751882533228,9.354655104014356
265.7791237977796,13.513102927317261
265.7830593422363,1.700688432870051
265.78699488669304,1.2536357306129906
265.79093043114983,2.6310035911128495
265.79486597560657,2.6555225964062092
265.7988015200633,2.1812925992557375
265.80273706452004,14.289673842438328
265.80667260897684,12.662424427696426
265.8106081534336,7.02059734288098
265.8145436978903,8.143589937919016
265.81847924234705,1.9830298550793397
265.8224147868038,0.6678798137179532
265.8263503312606,2.4147036614695407
265.8302858757173,1.8455640792828931
265.83422142017406,0.7137187275030967
265.8381569646308,2.2665719912527424
265.8420925090876,2.907863889202256
265.8460280535444,0.12136180300771082
265.84996359800107,1.608166502636746
265.8538991424578,1.9613232120283142
265.8578346869146,0.44838927600563616
265.86177023137134,1.6809342910530494
265.8657057758281,3.9599183273822116
265.8696413202848,2.500008244539649
265.8735768647416,1.303160507763799
265.87751240919835,5.9710966292096135
265.8814479536551,5.212609288858245
265.8853834981118,0.9396745512783186
265.8893190425686,1.5276185097448964
265.8932545870253,2.805028028350749
265.8971901314821,2.939773966760931
265.90112567593883,4.400255940671248
265.9050612203956,1.0915728123720645
265.9089967648524,4.208791626536942
265.9129323093091,7.651169042906487
265.91686785376584,0.4118155146692438
265.9208033982226,6.926259463143703
265.92473894267937,3.5815223467320867
265.9286744871361,0.1871717499515362
265.93261003159284,0.43174971634878007
265.9365455760496,0.6296433809808467
265.9404811205064,0.9153315849098567
265.9444166649631,0.6563072816019604
265.94835220941985,2.9641253189413743
265.9522877538766,1.9534368211172497
265.9562232983334,0.217703702473335
265.9601588427901,5.720063248852197
265.96409438724686,3.180054828535735
265.9680299317036,0.33701098958991055
265.9719654761604,0.8482003610107022
265.9759010206172,0.5392652842964316
265.97983656507387,0.6366911851524
265.9837721095306,3.4059381058877105
265.98770765398734,6.487162923444994
265.99164319844414,0.017369391472705026
265.9955787429009,4.755548015205546
265.9995142873576,2.3222942733770204
266.00344983181435,0.2496976221119597
266.00738537627115,0.20455972923683965
266.0113209207279,4.373309090215027
266.0152564651846,3.370342574417296
266.01919200964136,1.3167618463144608
266.0231275540981,6.09035106852113
266.0270630985549,9.167394975265225
266.0309986430116,8.364639578956405
266.0349341874684,2.1544228777592003
266.0388697319252,1.4253082421660253
266.0428052763819,6.816007834161059
266.04674082083864,2.0673184079933518
266.0506763652954,3.2554800254364626
266.0546119097521,5.641980844119889
266.0585474542089,7.966513958128154
266.06248299866564,10.646005765450182
266.0664185431224,2.2669407437878824
266.0703540875791,3.8143709938049444
266.0742896320359,7.7922090794907355
266.07822517649265,2.612141317108242
266.0821607209494,1.15124211738009
266.0860962654061,5.428407710523288
266.0900318098629,9.594617444817523
266.09396735431966,7.486710948095497
266.0979028987764,6.270927289737152
266.10183844323313,6.7078377198863475
266.10577398769,3.3772671150703735
266.10970953214667,1.8441045297308638
266.1136450766034,5.386202271391061
266.11758062106014,2.478048199319125
266.12151616551694,0.22141123713189223
266.1254517099737,2.019746591492121
266.1293872544304,0.3784524709299666
266.13332279888715,0.37950840359850546
266.1372583433439,2.8688990550488023
266.1411938878007,5.448761653544544
266.1451294322574,5.549488131804284
266.14906497671416,4.33089171571084
266.1530005211709,0.533654858026672
266.1569360656277,1.776890729022649
266.1608716100844,3.7046415061089775
266.1648071545412,2.3180200197836647
266.1687426989979,2.2185597959626278
266.1726782434547,2.384071451366973
266.17661378791144,0.08356812071894353
266.1805493323682,6.031357763054834
266.1844848768249,3.350831608209074
266.1884204212817,2.8203002095593663
266.19235596573844,8.646329127136925
266.1962915101952,0.7308211756652043
266.2002270546519,7.241584251181443
266.2041625991087,2.994122756554496
266.20809814356545,1.7529683318651004
266.2120336880222,4.93230861866173
266.2159692324789,1.3386808350140416
266.21990477693566,0.36110875367770096
266.22384032139246,3.4128588187122673
266.2277758658492,2.0386638032945674
266.23171141030593,0.8423320349091664
266.2356469547627,3.50282776812824
266.23958249921947,0.38741362609936564
266.2435180436762,2.4075328254719985
266.24745358813294,0.8347549430867933
266.2513891325897,0.19100673674297827
266.2553246770465,1.9005223117016774
266.2592602215032,3.0009075549287663
266.26319576595995,0.35150490287626734
266.2671313104167,1.1702953863770285
266.2710668548735,0.7558970634825466
266.2750023993302,0.7124269629167828
266.27893794378696,1.0030880330781282
266.2828734882437,1.277164332514627
266.28680903270043,2.4031567919172714
266.2907445771572,1.0723665918746892
266.294680121614,0.15939480521589264
266.2986156660707,1.7980743507274828
266.30255121052744,3.72887212610038
266.30648675498423,5.49549146170528
266.310422299441,3.3663291929481645
266.3143578438977,0.15098762042079625
266.31829338835445,0.37040126282945357
266.32222893281124,0.10786113461873707
266.326164477268,0.8887631069093433
266.3301000217247,1.0046932726252076
266.33403556618146,0.06700274424285103
266.33797111063825,1.1761510092823009
266.341906655095,0.4168848129405521
266.3458421995517,0.3141351941045996
266.34977774400846,1.018840505622348
266.35371328846526,0.8485838021161396
266.357648832922,0.019125876850147508
266.36158437737873,0.28750282367759367
266.36551992183547,1.312933846687397
266.3694554662922,4.630085622351428
266.373391010749,0.8553256818085644
266.37732655520574,2.391706139503743
266.3812620996625,1.4510133526591478
266.3851976441192,1.4407677229676659
266.389133188576,1.8892978005415881
266.39306873303275,2.022876663288467
266.3970042774895,2.6162169378979616
266.4009398219462,0.5468928580645683
266.404875366403,8.472288325673867
266.40881091085976,8.618209810920286
266.4127464553165,3.618022903420892
266.41668199977323,1.6626581561130265
266.42061754423,0.7305901283561289
266.4245530886868,0.09418112176987972
266.4284886331435,0.16764040972862987
266.43242417760024,0.37682664626156587
266.43635972205703,0.7720091048522192
266.4402952665138,1.3574900024733254
266.4442308109705,0.9815757893338986
266.44816635542725,0.5476189856281023
266.452101899884,1.8538697272044573
266.4560374443408,3.96564217727787
266.4599729887975,2.72128145268241
266.46390853325425,0.5000916823465782
266.467844077711,1.5036780399922156
266.4717796221678,0.20609993589436404
266.4757151666245,1.1814763943966933
266.47965071108126,1.4095180380602275
266.483586255538,1.2953013158910165
266.4875217999948,2.940942586203992
266.49145734445153,3.911766259040872
266.49539288890827,1.398041056104394
266.499328433365,0.16580049944219802
266.5032639778218,1.4999353041067833
266.50719952227854,0.09341139728141493
266.5111350667353,3.4388730528741323
266.515070611192,5.690085634513769
266.5190061556488,3.1166506692682874
266.52294170010555,5.25330785229175
266.5268772445623,1.042067258579314
266.530812789019,1.6770173707316458
266.53474833347576,0.04650206442299431
266.53868387793256,4.832301364355044
266.5426194223893,5.311265831281591
266.54655496684603,1.3507933471726972
266.5504905113028,4.330108611967364
266.5544260557596,0.6767715765240134
266.5583616002163,2.158738483209534
266.56229714467304,0.6091490776960885
266.5662326891298,4.434175820464519
266.57016823358657,4.540988381065555
266.5741037780433,0.06799384570749331
266.57803932250005,2.6902010041236744
266.5819748669568,4.655054590127484
266.5859104114136,8.750189306641458
266.5898459558703,3.1439742758785725
266.59378150032705,4.063962483197931
266.5977170447838,3.0316484825238983
266.60165258924053,1.321849044129177
266.6055881336973,10.944054780892614
266.60952367815406,4.892619922358724
266.6134592226108,1.642686932632334
266.61739476706754,1.9156417092445235
266.62133031152433,1.1622971626643919
266.62526585598107,6.581460380247081
266.6292014004378,4.742861667425098
266.63313694489455,3.381853383020924
266.63707248935134,3.166508523214227
266.6410080338081,3.932321067189071
266.6449435782648,0.10217177224525383
266.64887912272155,4.373907568626699
266.65281466717835,2.2258893733809764
266.6567502116351,1.112349472126743
266.6606857560918,5.558385807999531
266.66462130054856,14.086443247035357
266.66855684500536,21.724822838897538
266.6724923894621,17.573275039667138
266.67642793391883,2.280318607085861
266.6803634783756,3.610272817692641
266.6842990228323,9.396382271745876
266.6882345672891,13.72491181748464
266.69217011174584,8.491621265790485
266.6961056562026,0.22846686962541138
266.7000412006593,8.142987601417335
266.7039767451161,4.1770300369445685
266.70791228957285,1.0930051647107366
266.7118478340296,2.4157063786465596
266.7157833784863,0.5787669589859719
266.7197189229431,1.0054632525794722
266.72365446739985,2.3962971721997386
266.7275900118566,0.058797742365391946
266.73152555631333,1.5000378716244083
266.7354611007701,6.031972456302056
266.73939664522686,10.849242782015896
266.7433321896836,7.915811045130625
266.74726773414034,11.7453711965626
266.7512032785972,6.906378836323603
266.75513882305387,0.6530498561138003
266.7590743675106,6.542337080284643
266.76300991196734,3.1814359303219266
266.7669454564241,0.014090736537571005
266.7708810008809,0.016171078295602964
266.7748165453376,1.5160844886442206
266.77875208979435,3.224908718108115
266.7826876342511,0.8221282670196568
266.7866231787079,1.8707425681787022
266.7905587231646,1.5480943885350427
266.79449426762136,0.9569223931195591
266.7984298120781,4.037499362733633
266.8023653565349,3.098140777922034
266.80630090099163,5.025838195389569
266.8102364454484,5.615306581306466
266.8141719899051,3.0810530160774277
266.8181075343619,5.478534201973546
266.82204307881864,3.351751695344635
266.8259786232754,1.4289829148316275
266.8299141677321,3.292983614529217
266.83384971218885,1.5295125002682501
266.83778525664565,2.659299075168123
266.8417208011024,1.0701240584970309
266.8456563455591,0.48641245259723664
266.84959189001586,2.2597941466101177
266.85352743447265,1.0759263190657316
266.8574629789294,0.44438373333000064
266.86139852338613,1.1560612080395163
266.86533406784287,1.7981407683764876
266.86926961229966,2.0608038529794737
266.8732051567564,2.2625135874771245
266.87714070121314,1.7932693806653424
266.8810762456699,3.4029826838533737
266.88501179012667,4.140901080571885
266.8889473345834,2.082131739945758
266.89288287904014,2.0379536027592553
266.8968184234969,1.0579863104515241
266.9007539679537,5.057256503245353
266.9046895124104,3.485193741646421
266.90862505686715,2.640553537051751
266.9125606013239,0.4590106475962764
266.9164961457806,4.227269813279142
266.9204316902374,3.846579228568549
266.92436723469416,1.458203588794881
266.9283027791509,2.6524252178542014
266.93223832360763,0.3932293368704371
266.93617386806443,1.4318950720167232
266.9401094125212,1.9850547003048284
266.9440449569779,7.8051395478052035
266.94798050143464,1.3093657581742064
266.95191604589144,13.0268418657529
266.9558515903482,5.87729337081618
266.9597871348049,1.3803519362531511
266.96372267926165,2.7749205529035885
266.96765822371844,1.4513955691331497
266.9715937681752,5.394804755904668
266.9755293126319,2.8204741632506343
266.97946485708866,5.754169482606854
266.98340040154545,2.6025023851675333
266.9873359460022,0.7548393614737098
266.9912714904589,1.0288462836789747
266.99520703491567,0.3782757353595248
266.9991425793724,2.1503633966909583
267.0030781238292,1.6566706707538745
267.00701366828594,0.5533686311656851
267.0109492127427,0.07773226575712876
267.0148847571994,1.3089942337215703
267.0188203016562,2.6253248994058715
267.02275584611294,3.0109032074291595
267.0266913905697,2.4891300858289793
267.0306269350264,0.8932891150513196
267.0345624794832,3.699237599226519
267.03849802393995,3.564884766707876
267.0424335683967,13.842565965487553
267.0463691128534,6.20177141137277
267.0503046573102,7.837983190065396
267.05424020176696,17.013845612595823
267.0581757462237,2.9931467595217143
267.06211129068043,2.5949138350116314
267.06604683513723,0.557735103692769
267.069982379594,3.780217473640547
267.0739179240507,10.143450450649818
267.07785346850744,10.590673629733347
267.0817890129642,4.811313427959039
267.085724557421,0.04831693086811876
267.0896601018777,2.3850422988882944
267.09359564633445,0.968616371705068
267.0975311907912,5.657359749647609
267.101466735248,21.147567625743616
267.1054022797047,19.72625570657838
267.10933782416146,1.7188791234945562
267.1132733686182,5.649808436517484
267.117208913075,10.814618465538002
267.1211444575317,0.7783028420676394
267.12508000198847,5.36423955242026
267.1290155464452,12.32089899677731
267.132951090902,6.229159875416009
267.13688663535874,0.9333843049243431
267.1408221798155,5.248517662089556
267.1447577242722,7.9814620414305875
267.14869326872895,3.7942235032664358
267.15262881318574,10.521332405062147
267.1565643576425,22.89381327955913
267.1604999020992,10.931625621976506
267.164435446556,0.8626795173759381
267.16837099101275,4.738666162219963
267.1723065354695,8.966215650109827
267.1762420799262,12.703761419636402
267.18017762438296,0.8224923475384397
267.18411316883976,14.655572237048535
267.1880487132965,16.62422341555371
267.19198425775323,6.848138690887908
267.19591980221,9.770698980998848
267.1998553466668,8.399851836148592
267.2037908911235,5.833293426967722
267.20772643558024,17.671635248109798
267.211661980037,30.131023997239186
267.2155975244938,21.33726102071595
267.2195330689505,2.503094989678001
267.22346861340725,16.869372916786055
267.227404157864,22.15745258279972
267.2313397023207,17.373747714617057
267.2352752467775,23.570847589256307
267.23921079123426,1.047502949004803
267.243146335691,16.95162012228301
267.24708188014773,30.3349118195051
267.2510174246045,18.766146403385907
267.25495296906126,27.952669185036086
267.258888513518,56.45663347367083
267.26282405797474,30.75933265602447
267.26675960243153,4.258202298939733
267.2706951468883,31.2965740445156
267.274630691345,17.035765605415044
267.27856623580175,3.2744376748428534
267.28250178025854,28.881260029268326
267.2864373247153,29.935237157156386
267.290372869172,19.209131322182593
267.2943084136288,7.069757524134082
267.29824395808555,0.7686223748215767
267.3021795025423,4.5305340027862995
267.306115046999,18.864609910806234
267.31005059145576,5.541538278140199
267.3139861359125,25.97002874923641
267.3179216803693,47.91676650603079
267.32185722482603,6.8103695636071935
267.3257927692828,15.287794588491268
267.3297283137395,3.595302039714762
267.3336638581963,21.65827359887034
267.33759940265304,44.83913210631636
267.3415349471098,41.741622963118175
267.3454704915665,26.342127201217398
267.3494060360233,1.85937590981112
267.35334158048005,47.05854819666111
267.3572771249368,44.5892956234235
267.3612126693935,4.965714007421909
267.3651482138503,0.8833840134049883
267.36908375830706,0.9341947436812225
267.3730193027638,0.40719814639923857
267.37695484722053,8.285789133684434
267.38089039167727,23.828538964893067
267.38482593613406,18.651036534127904
267.3887614805908,3.7437800554959306
267.39269702504754,4.555638712428048
267.3966325695043,15.59264090511225
267.40056811396107,20.990535417966452
267.4045036584178,5.0882064503589675
267.40843920287455,4.752403116717655
267.4123747473313,3.10564924075125
267.4163102917881,13.771110666983251
267.4202458362448,33.36572396256499
267.42418138070155,13.390711608123446
267.4281169251583,5.705862066566843
267.4320524696151,4.344860688386852
267.4359880140718,3.9441927075141865
267.43992355852856,12.444621742287731
267.4438591029853,8.447658384530936
267.4477946474421,4.235159414601855
267.45173019189883,6.42735078673144
267.4556657363556,12.623615742262231
267.4596012808123,10.460244578589974
267.46353682526905,4.479786624050979
267.46747236972584,4.884502987478024
267.4714079141826,2.889251446408649
267.4753434586393,2.95656286061023
267.47927900309605,7.894406081043471
267.48321454755285,6.188617266159493
267.4871500920096,0.18270881239472925
267.4910856364663,6.345881236626808
267.49502118092306,5.554566529130211
267.49895672537986,2.7251321475866352
267.5028922698366,9.705383824083107
267.50682781429333,4.81297935854069
267.51076335875007,0.9399059747840777
267.51469890320686,0.9103482770063931
267.5186344476636,2.1882038126095824
267.52256999212034,8.226431702019289
267.5265055365771,1.9683461207268318
267.53044108103387,9.286596525038334
267.5343766254906,9.458485923182293
267.53831216994735,1.6627083315551425
267.5422477144041,8.0474882226107
267.5461832588608,7.116799798542918
267.5501188033176,1.404974588267384
267.55405434777435,2.0877639053842194
267.5579898922311,3.6313654936534148
267.56192543668783,1.1765419916500481
267.5658609811446,1.8350614491405286
267.56979652560136,7.144444499429114
267.5737320700581,1.789020771260507
267.57766761451484,3.455029207177153
267.58160315897163,9.657761705083411
267.5855387034284,3.693205757304688
267.5894742478851,1.1567891938179298
267.59340979234184,1.1439924148178617
267.59734533679864,4.352336826058127
267.6012808812554,1.4923588561516743
267.6052164257121,0.23174958699673173
267.60915197016885,0.8510002151569381
267.61308751462565,0.9463637820201493
267.6170230590824,0.5546348887837751
267.6209586035391,1.6855604717586476
267.62489414799586,0.8965135927490341
267.6288296924526,3.535295566232187
267.6327652369094,1.5046618892048398
267.63670078136613,1.1847884203338324
267.64063632582287,0.3182016713321552
267.6445718702796,1.2586359202036572
267.6485074147364,2.2948315908221253
267.65244295919314,0.7569197161610024
267.6563785036499,0.48957943695610656
267.6603140481066,2.7531271428144484
267.6642495925634,3.87010434221312
267.66818513702015,1.5185141504544646
267.6721206814769,0.5774232033687882
267.6760562259336,0.8108261323933093
267.6799917703904,0.7910363610739645
267.68392731484715,0.24311310632642322
267.6878628593039,0.41861607100062814
267.69179840376063,1.5799968148070693
267.69573394821737,1.143348376231193
267.69966949267416,3.620612097681265
267.7036050371309,4.313519619550888
267.70754058158764,3.215182807426612
267.7114761260444,2.16025459144377
267.7154116705012,0.8266743709654241
267.7193472149579,2.3122241292627472
267.72328275941464,1.6133096913926244
267.7272183038714,0.81878837967992
267.7311538483282,0.8574694862243883
267.7350893927849,0.8044289159224676
267.73902493724165,0.7242565136856315
267.7429604816984,2.505304908298451
267.7468960261552,2.323655377768178
267.7508315706119,0.3848264948256753
267.75476711506866,1.9762161678251746
267.7587026595254,4.913706957647245
267.7626382039822,1.1832909625375425
267.76657374843893,4.935430578490506
267.77050929289567,2.521433107828805
267.7744448373524,1.278316772502203
267.77838038180914,3.062000159862078
267.78231592626594,0.5117302510679984
267.7862514707227,2.20713646179281
267.7901870151794,0.47478310051650036
267.7941225596361,0.299241729009284
267.79805810409295,0.30096604458123544
267.8019936485497,1.636030631138681
267.8059291930064,2.5133973456600667
267.8098647374632,1.440869961380387
267.81380028191995,1.4024628742950227
267.8177358263767,0.651262823205577
267.8216713708334,0.3465276220417836
267.82560691529017,1.3517206609691805
267.82954245974696,0.02288159751926854
267.8334780042037,1.043566737556758
267.83741354866044,0.05786362963381083
267.8413490931172,1.5037911130461978
267.845284637574,1.5039276893377207
267.8492201820307,1.6946858978964385
267.85315572648744,0.599248943279055
267.8570912709442,0.4086340479889598
267.8610268154009,0.4482429042465843
267.8649623598577,1.4840208596586257
267.86889790431445,1.1878588280660065
267.8728334487712,0.07274927542540073
267.8767689932279,0.5614004237974098
267.8807045376847,0.3944669098542677
267.88464008214146,1.009382032786488
267.8885756265982,0.07269863881141735
267.89251117105493,1.6915218937280636
267.89644671551173,2.1926601343221535
267.90038225996847,0.8133289239315245
267.9043178044252,0.08081605702828587
267.90825334888194,0.03818221763653084
267.91218889333874,0.26433453689935793
267.9161244377955,0.05774971376933313
267.9200599822522,0.24881496591361968
267.9239955267089,1.0648951874359582
267.92793107116574,1.3842164964218902
267.9318666156225,0.6788195055828394
267.9358021600792,0.8270037412120061
267.939737704536,0.0235231642021952
267.9436732489927,2.1791415617240943
267.9476087934495,4.177342055247382
267.9515443379062,1.9742308269160602
267.95547988236297,0.12683031945505338
267.9594154268197,0.6286928194970054
267.9633509712765,0.8842970241734459
267.96728651573324,0.08000944526689319
267.97122206019,0.314579475924164
267.9751576046467,0.23596271110335315
267.9790931491035,0.42207374386594804
267.98302869356024,2.2251980472922845
267.986964238017,1.1482710053744938
267.9908997824737,0.8210666578063277
267.9948353269305,1.4321962465206957
267.99877087138725,0.21999347911606013
268.002706415844,2.448528913958534
268.0066419603007,0.7813463390453353
268.01057750475746,1.096726487407783
268.01451304921426,1.7203419263253252
268.018448593671,2.0976146389972365
268.02238413812773,1.2520066556592195
268.0263196825845,2.4096034222967395
268.03025522704127,2.2623776055420266
268.034190771498,2.3219303943976968
268.03812631595474,3.2004362457507005
268.0420618604115,1.304519699037724
268.0459974048683,0.2983223156404189
268.049932949325,0.24699310062958013
268.0538684937817,0.9354436542031141
268.0578040382385,1.0770812834006132
268.0617395826953,1.2631807919219717
268.065675127152,2.712716417048906
268.0696106716088,0.8323633802919593
268.0735462160655,2.6922047552733455
268.0774817605223,1.368260144777344
268.081417304979,0.18158450786159136
268.08535284943576,0.4187987473493382
268.0892883938925,0.9633789108014958
268.09322393834924,0.13534307769023787
268.09715948280603,0.8445881955169574
268.1010950272628,1.5025718590812833
268.1050305717195,1.0924403812136314
268.10896611617625,0.22264022100738565
268.11290166063304,0.9549210021570824
268.1168372050898,3.6502025821072186
268.1207727495465,2.40085033299815
268.12470829400326,0.13853670086302594
268.12864383846005,0.723705225014831
268.1325793829168,2.1945985672018025
268.1365149273735,1.7881727977763113
268.14045047183026,0.7750769095827295
268.14438601628706,0.14074447356899789
268.1483215607438,0.3541680791867309
268.15225710520053,0.37678688527140103
268.15619264965727,1.3149222800874707
268.16012819411407,2.5103584322399994
268.1640637385708,0.8736763594621676
268.16799928302754,0.4478299972633423
268.1719348274843,0.99208455056906
268.175870371941,2.852024124910544
268.1798059163978,0.26777129629352986
268.1837414608545,3.01107022397072
268.1876770053113,1.3366850887195962
268.191612549768,0.975386207337204
268.1955480942248,2.0754246950676367
268.1994836386816,0.06053164598655993
268.2034191831383,2.2283617581752346
268.20735472759503,1.1573121641746773
268.2112902720518,0.6001444084262837
268.21522581650856,0.7689618409908779
268.2191613609653,0.5560241785342452
268.22309690542204,2.969769217651168
268.22703244987883,0.3269414847565657
268.2309679943356,1.9213725176515724
268.2349035387923,1.6224176566008275
268.23883908324905,0.41893014481546087
268.2427746277058,1.9583804805666862
268.2467101721626,0.51602945257536
268.2506457166193,2.02337319013723
268.25458126107605,0.28621618677550936
268.2585168055328,2.8092057681128995
268.2624523499896,4.18531777791806
268.2663878944463,0.3708567984674057
268.27032343890306,3.341062433805963
268.2742589833598,3.63462135467974
268.2781945278166,0.3160437348498301
268.28213007227333,0.356865699663864
268.28606561673007,0.07339405533524003
268.2900011611868,0.7999284185690962
268.2939367056436,1.6506106978347588
268.29787225010034,1.7427636603215022
268.3018077945571,1.9130595355623532
268.3057433390138,2.166389593769915
268.3096788834706,3.7112659342240377
268.31361442792735,3.4771512834244844
268.3175499723841,1.2875839683636559
268.3214855168408,7.02047595759826
268.3254210612976,2.712628781241218
268.3293566057544,1.1914182702872067
268.3332921502111,1.7360878191856774
268.33722769466783,0.025916468792088254
268.34116323912457,1.6154405425607794
268.34509878358136,2.2329873952392276
268.3490343280381,2.250359009354658
268.35296987249484,2.852901165269756
268.3569054169516,1.091230443606
268.3608409614084,0.6524870328495336
268.3647765058651,1.3342522365420126
268.36871205032185,0.08164791928716694
268.3726475947786,3.159344403971775
268.3765831392354,3.4686975074988053
268.3805186836921,1.2187079568400094
268.38445422814885,0.6789434140535976
268.3883897726056,0.2659799344226436
268.3923253170624,0.30167126648361126
268.3962608615191,2.033584624406756
268.40019640597586,2.5884520104279494
268.4041319504326,3.2778777754488875
268.40806749488934,4.54230032647324
268.41200303934613,3.1857370700893535
268.41593858380287,2.32913620691442
268.4198741282596,0.9587464843833496
268.42380967271635,0.5373403699810744
268.42774521717314,1.996959542155013
268.4316807616299,2.1266831600999856
268.4356163060866,2.2464113315517724
268.4395518505433,3.110285211495835
268.44348739500015,2.688166226405587
268.4474229394569,0.909955041417731
268.4513584839136,0.11406550807343159
268.4552940283704,0.010600957669965095
268.4592295728272,1.077610826633358
268.4631651172839,4.845618922706897
268.46710066174063,5.184867944450765
268.47103620619737,2.2983432285136227
268.47497175065416,0.9269274909024275
268.4789072951109,0.08242749083257667
268.48284283956764,0.5842975799260101
268.4867783840244,0.46994714577647895
268.4907139284811,0.9979102551613565
268.4946494729379,2.769919781139792
268.49858501739465,5.691514783138667
268.5025205618514,2.0298664915129776
268.5064561063081,0.3773423614654229
268.5103916507649,2.522831601164855
268.51432719522165,1.2216673732598138
268.5182627396784,0.2577328271709892
268.5221982841352,0.15891744865436339
268.5261338285919,1.0407988005356927
268.53006937304866,1.1817962819589853
268.5340049175054,0.36217140108986495
268.53794046196214,0.5196438051296048
268.54187600641893,4.552071363731157
268.54581155087567,3.70170367833572
268.5497470953324,0.004096837451490886
268.55368263978914,2.1692269605724026
268.5576181842459,1.848830418379677
268.5615537287027,2.563829740597699
268.5654892731594,2.3639346504913124
268.5694248176161,2.037623451449139
268.5733603620729,3.3791715311788795
268.5772959065297,4.160276781634784
268.5812314509864,3.8984530729485054
268.5851669954432,0.7871298860412529
268.5891025398999,1.4994129521803032
268.5930380843567,0.5324080476771398
268.59697362881343,2.0324147013426748
268.60090917327017,5.043670146665765
268.6048447177269,0.19273929437164483
268.6087802621837,2.5966255575085517
268.61271580664044,1.3735772781916913
268.6166513510972,1.351836671039365
268.6205868955539,2.642040197007366
268.6245224400107,0.8131858489539183
268.62845798446745,0.0900071272691222
268.6323935289242,1.4700216774248613
268.6363290733809,4.280805750229236
268.64026461783766,3.8011634654281163
268.64420016229445,2.627775613849038
268.6481357067512,3.6847725413765646
268.652071251208,9.611953166106451
268.65600679566467,5.5338915127364245
268.65994234012146,1.2827168868954502
268.6638778845782,1.8855401563935013
268.66781342903494,1.9268115644329291
268.6717489734917,1.3596529511068787
268.67568451794847,0.7537431033270904
268.6796200624052,0.4896937230212126
268.68355560686194,0.03383992689810233
268.6874911513187,0.29679565967144395
268.6914266957755,0.32583494086408715
268.6953622402322,2.069506813633672
268.6992977846889,2.210126893887748
268.7032333291457,2.7047329664903215
268.7071688736025,3.112117226690041
268.7111044180592,0.09920762832790125
268.715039962516,1.2127393912025777
268.7189755069727,0.39160983351962836
268.72291105142943,1.9363239937442507
268.72684659588623,2.033640063287081
268.73078214034297,1.9949974878127892
268.7347176847997,3.2066422641011387
268.73865322925644,0.9201236498996396
268.74258877371324,0.04024628406647507
268.74652431817,0.200038105335211
268.7504598626267,0.7413644946596651
268.75439540708345,0.4068923631874118
268.75833095154024,0.08178282625908408
268.762266495997,0.25421831122373795
268.7662020404537,0.42644367849512366
268.77013758491046,1.2851672325468297
268.77407312936725,0.2016836133959369
268.778008673824,0.53218980628488
268.7819442182807,1.0633134883458228
268.78587976273747,0.4133605988916295
268.7898153071942,0.3542835777440218
268.793750851651,1.1213299811413941
268.79768639610774,1.438913690295997
268.8016219405645,1.7600239577680643
268.8055574850212,2.9012882266029885
268.809493029478,3.6594270014200574
268.81342857393474,4.391700266102416
268.8173641183915,4.030226878293299
268.8212996628482,5.002785585115824
268.825235207305,5.398921866051216
268.8291707517617,3.511854154523079
268.8331062962185,2.0578515234207875
268.8370418406752,1.018284184634733
268.840977385132,0.1137089580700721
268.8449129295888,1.5574843962380118
268.8488484740455,3.0250486333535784
268.85278401850223,2.3896071886361736
268.85671956295903,2.103321274544978
268.86065510741577,0.4203492029440149
268.8645906518725,1.1632092377367012
268.86852619632924,3.713608700194724
268.872461740786,2.375194275542587
268.8763972852428,2.3866627273226
268.8803328296995,0.7320603012761832
268.88426837415625,0.757893017194206
268.888203918613,2.9668652037908716
268.8921394630698,1.084344810212845
268.8960750075265,0.07268841150993
268.90001055198326,0.08565025480457202
268.90394609644,0.0652103451387868
268.9078816408968,0.11380102103818401
268.9118171853535,0.551621055488456
268.91575272981027,0.800126319437116
268.919688274267,0.3277637248327489
268.9236238187238,0.2489763813255321
268.92755936318054,0.82348935713978
268.9314949076373,3.3610795519225896
268.935430452094,3.0143074931598766
268.9393659965508,1.8727031795720213
268.94330154100754,6.091395676429642
268.9472370854643,2.6898481575336244
268.951172629921,0.43184011325700145
268.95510817437776,1.8299036560873563
268.9590437188345,1.8885612824747402
268.9629792632913,4.655854729766734
268.966914807748,4.8100519272648
268.9708503522048,3.4558103032861847
268.9747858966616,0.1198154877731562
268.9787214411183,2.0522984977511443
268.98265698557503,0.764481632621583
268.98659253003177,1.3010378335182595
268.99052807448857,2.387923026633143
268.9944636189453,0.3530631440835444
268.99839916340204,0.6815691892713294
269.0023347078588,0.5413486825895417
269.0062702523156,0.6230609863339542
269.0102057967723,0.6954445193234632
269.01414134122905,3.341837284180803
269.0180768856858,0.8031032926290503
269.0220124301426,0.41496832499475056
269.0259479745993,0.6440994623699778
269.02988351905606,0.09607178900832541
269.0338190635128,1.0001519182504401
269.03775460796953,3.6715522865721915
269.0416901524263,2.621729440228713
269.04562569688306,2.4490719201414315
269.0495612413398,0.34068668916648936
269.05349678579654,0.597211253294742
269.05743233025333,0.03331838719893403
269.0613678747101,1.9167668652611594
269.0653034191668,1.0977171676474764
269.06923896362355,0.8163183150898201
269.07317450808034,2.15096111543923
269.0771100525371,0.35645307944721916
269.0810455969938,2.6645452703555454
269.08498114145056,1.4752174486048437
269.0889166859073,0.7266550459754517
269.0928522303641,2.6154141332320746
269.0967877748208,1.4344116397576554
269.1007233192776,0.11536048872290311
269.1046588637343,0.21814584989138203
269.1085944081911,2.1782617844838073
269.11252995264783,4.937873211166629
269.11646549710457,0.5598274757348072
269.1204010415613,1.7760538947421645
269.1243365860181,3.0823701195782918
269.12827213047484,0.5062362921154134
269.1322076749316,0.08227699544688774
269.1361432193883,0.08345649104409396
269.1400787638451,0.9492905700013032
269.14401430830185,0.8855779247072341
269.1479498527586,1.7236033802963797
269.1518853972153,2.922664870596452
269.1558209416721,1.8477529902272396
269.15975648612886,3.197623805021243
269.1636920305856,1.1137460358879598
269.1676275750424,6.4853999333794095
269.1715631194991,4.357321529998461
269.17549866395586,1.0817497658014052
269.1794342084126,7.932239899664588
269.18336975286934,4.264686537782444
269.1873052973261,0.36810140010092346
269.19124084178287,1.4815080294429641
269.1951763862396,0.43948019763395624
269.19911193069635,2.7310075224120145
269.2030474751531,4.2528390011674695
269.2069830196099,5.260296305575934
269.2109185640666,1.9628693324001734
269.2148541085233,0.3007212801306138
269.2187896529801,1.094950242347753
269.2227251974369,1.2171702080443447
269.2266607418936,2.0212246761678663
269.2305962863504,4.031256170400499
269.2345318308071,1.2258935189934268
269.2384673752639,0.8096026466722475
269.24240291972063,2.6437780923438408
269.24633846417737,0.8882187933899848
269.2502740086341,1.827999942813643
269.2542095530909,0.7147703590039396
269.25814509754764,0.2167157454537832
269.2620806420044,0.392573708016399
269.2660161864611,0.03104960414441276
269.26995173091785,0.5317682129605911
269.27388727537465,0.13174932886080415
269.2778228198314,0.540824764206521
269.2817583642881,2.294827275261171
269.28569390874486,2.686311746107644
269.28962945320166,2.532820150169631
269.2935649976584,2.4957232914914136
269.2975005421152,2.690788265330069
269.30143608657187,6.422014025718722
269.30537163102866,5.777645715972892
269.3093071754854,0.4514866310237617
269.31324271994214,4.078212209596872
269.3171782643989,4.8640807044742935
269.32111380885567,0.5987532629824479
269.3250493533124,0.28539781720353724
269.32898489776915,0.29989118724131253
269.3329204422259,0.49992526717544694
269.3368559866826,1.9257054034398908
269.3407915311394,1.9849298276810383
269.3447270755961,0.056796445454768196
269.3486626200529,2.2412315446574818
269.35259816450963,1.7839698538936346
269.3565337089664,0.04652985233149234
269.3604692534232,1.3838944693615725
269.3644047978799,3.1185804103277466
269.36834034233664,2.2412067662796846
269.37227588679343,0.486037349440968
269.37621143125017,3.2876104367409513
269.3801469757069,3.921757775241612
269.38408252016364,1.693606469938342
269.38801806462044,1.3636026785629982
269.3919536090772,2.295787049406572
269.3958891535339,0.21231852468675735
269.39982469799065,0.37850871111028456
269.40376024244745,0.003324411271849734
269.4076957869042,0.9519457895903861
269.4116313313609,0.34722902638644304
269.41556687581766,4.171919774238243
269.4195024202744,4.5324809880830985
269.4234379647312,1.5233338512532837
269.427373509188,3.055167051626972
269.43130905364467,1.688656057957451
269.4352445981014,3.4527105516749956
269.4391801425582,0.1612342614659453
269.44311568701494,7.1784267062912095
269.4470512314717,1.6653874915016058
269.4509867759284,6.458726877945824
269.4549223203852,12.32541463939989
269.45885786484195,1.6946757850243304
269.4627934092987,9.218273135545257
269.4667289537554,3.0246080845827588
269.4706644982122,2.7424828095795064
269.4746000426689,3.7404462341674636
269.4785355871257,0.18166955160874676
269.48247113158243,3.93645921998619
269.4864066760392,1.9626165805653588
269.490342220496,1.598602818788518
269.4942777649527,2.662374995211035
269.49821330940944,2.461492332533214
269.5021488538662,3.5253221901942093
269.50608439832297,1.2869903810923484
269.5100199427797,0.5678294019413976
269.51395548723644,3.43472058162977
269.5178910316932,1.3134289377312582
269.52182657615,0.9039577672648895
269.5257621206067,1.4449902386020437
269.52969766506345,0.34244451298272083
269.5336332095202,2.334311703599414
269.537568753977,2.699573057442892
269.5415042984337,2.7392201555529248
269.54543984289046,1.406166336759095
269.5493753873472,0.764017573297765
269.553310931804,0.574492004714609
269.5572464762608,0.03244824223626148
269.56118202071747,0.37582283835506525
269.5651175651742,0.6996785706317092
269.569053109631,0.994775686577638
269.57298865408774,1.875631638700302
269.5769241985445,1.3998636278405474
269.5808597430012,0.17274881834604283
269.58479528745795,0.16670438449293123
269.58873083191475,0.30308216176805275
269.5926663763715,0.30134530359330186
269.5966019208282,0.25732755831980014
269.60053746528496,0.7179879299801665
269.6044730097417,1.0419996865091654
269.6084085541985,0.832112701841794
269.6123440986552,0.7070669268794734
269.616279643112,0.29603174700870033
269.6202151875688,0.3750214247714282
269.6241507320255,1.2329300825126754
269.62808627648224,0.5276689109520546
269.632021820939,0.39669239855652655
269.63595736539577,0.3178369649204465
269.6398929098525,0.13303133113919519
269.64382845430924,0.8701457538502575
269.647763998766,3.7580206849927413
269.6516995432227,3.904556794043454
269.6556350876795,2.7876911171684373
269.65957063213625,4.7065169518427945
269.663506176593,2.0536449868511175
269.6674417210497,0.08801093798221533
269.6713772655065,1.0230555766070513
269.67531280996326,2.6443697509388433
269.67924835442,1.226051440888082
269.68318389887673,0.13810232681683624
269.6871194433336,0.32667379335158825
269.69105498779027,0.16818040661593284
269.694990532247,0.043659935328549095
269.69892607670374,0.6103299338948852
269.70286162116054,1.0153786250424541
269.7067971656173,0.795944975743708
269.710732710074,0.03918346663119902
269.71466825453075,0.6128276666012161
269.71860379898754,0.6135249481876682
269.7225393434443,0.8087066468854388
269.726474887901,0.6875244758833323
269.73041043235776,0.1994288108008569
269.7343459768145,1.6915515952774143
269.7382815212713,0.5570962960625673
269.742217065728,0.01359833241773359
269.7461526101848,0.0004307720691523558
269.7500881546415,0.42858150607045714
269.7540236990983,0.8580055786894888
269.75795924355504,0.41484212744734045
269.7618947880118,0.2771781777938695
269.7658303324685,0.4882284840313696
269.7697658769253,0.20962938635059825
269.77370142138204,0.5438450118187682
269.7776369658388,0.9766874210680564
269.7815725102955,0.3892453609991353
269.7855080547523,0.24582123642541445
269.78944359920905,0.09618150883481362
269.7933791436658,0.16220170404708245
269.7973146881225,0.16122610393747924
269.8012502325793,1.1865787022503782
269.80518577703606,2.2815023804582775
269.8091213214928,0.056290508823448965
269.81305686594953,1.8234826232204222
269.81699241040627,2.224238887764671
269.82092795486307,2.6349201945702982
269.8248634993198,2.388065865453867
269.82879904377654,0.08027454181660283
269.8327345882333,0.5689470890255014
269.8366701326901,0.6670187256299629
269.8406056771468,0.4919407523624663
269.84454122160355,0.3111472932676755
269.8484767660603,2.6817380485441347
269.8524123105171,1.3393751511268288
269.8563478549738,0.10185333122609538
269.86028339943056,0.5548640845607413
269.8642189438873,0.676276298701205
269.8681544883441,0.8942966513189642
269.8720900328008,0.6581057725346838
269.8760255772576,3.4067412560658448
269.8799611217143,1.0665300049895783
269.88389666617104,1.9925823248419594
269.88783221062783,2.3330828554326932
269.8917677550846,3.0845361445921395
269.8957032995413,2.5162319728264686
269.89963884399805,0.12399101078581978
269.90357438845484,1.6184515218839248
269.9075099329116,0.4541932217673505
269.9114454773683,2.361568249641395
269.91538102182506,2.4725476241848114
269.91931656628185,1.0160737815422887
269.9232521107386,0.10903964689644097
269.9271876551953,1.4288823436778917
269.93112319965206,1.220964922184373
269.93505874410886,0.16038229052828432
269.9389942885656,0.4283099579160044
269.94292983302233,0.5450938885466605
269.94686537747907,0.41491049415562437
269.95080092193587,0.9104158087488184
269.9547364663926,3.086985730436831
269.95867201084934,2.4079696076986017
269.9626075553061,1.2595927236119322
269.9665430997628,2.5003415935706825
269.9704786442196,0.002208063437329647
269.97441418867635,3.065512197720657
269.9783497331331,2.35266329881546
269.9822852775898,4.1780829538803435
269.9862208220466,5.0330512057458225
269.99015636650336,2.247579093737923
269.9940919109601,1.730783766709767
269.99802745541683,0.08219724421215974
270.0019629998736,1.7574031150875586
270.0058985443304,1.4054962500150134
270.0098340887871,3.3573751583878217
270.01376963324384,1.557253365408615
270.01770517770063,0.5517032030817927
270.0216407221574,0.7360586188895072
270.0255762666141,0.5312440390042087
270.02951181107085,1.6651209082250518
270.03344735552764,2.7436962113428347
270.0373828999844,3.3545070013696563
270.0413184444411,3.230673261853811
270.04525398889785,1.7522896771329015
270.0491895333546,0.0663796287586454
270.0531250778114,0.6856834552602838
270.0570606222681,1.2273578945585804
270.06099616672486,3.3794050427230617
270.0649317111816,1.3145537642034126
270.0688672556384,2.0581097032034887
270.07280280009513,6.266464427096549
270.07673834455187,1.7461567988600626
270.0806738890086,1.016867597347216
270.0846094334654,1.035850340195764
270.08854497792214,1.1436743629391393
270.0924805223789,2.2520678597155923
270.0964160668356,0.16384818302876725
270.1003516112924,0.8056467478589888
270.10428715574915,1.2390667728560334
270.1082227002059,0.47321164600579096
270.1121582446626,0.2300387133781429
270.1160937891194,0.8486571642308957
270.12002933357616,0.2957950947403997
270.1239648780329,0.8206849846080485
270.12790042248963,3.849613645097104
270.1318359669464,2.59356027799182
270.1357715114032,0.6618089098208465
270.1397070558599,0.408992387678545
270.14364260031664,0.11463275937393726
270.1475781447734,0.16281591857339014
270.15151368923017,0.782966548372935
270.1554492336869,1.5545852057682048
270.15938477814365,0.08460464833382887
270.1633203226004,2.126865192209386
270.1672558670572,3.5052409418593844
270.1711914115139,1.2761930542987174
270.17512695597065,0.08372287594559176
270.1790625004274,0.4893219894813243
270.1829980448842,0.32799210878263074
270.1869335893409,2.710619455950351
270.19086913379766,4.777150331338998
270.1948046782544,2.6527748238437554
270.19874022271114,2.0345605487592797
270.20267576716793,2.378432304790177
270.20661131162467,0.5792608752437958
270.2105468560814,0.65541982667252
270.21448240053815,2.0427375714334186
270.21841794499494,0.2406413628964796
270.2223534894517,0.38508196909703124
270.2262890339084,0.029367777233387682
270.23022457836515,0.6423843243859304
270.23416012282195,1.1465817939132419
270.2380956672787,1.7316531147469156
270.2420312117354,0.7881918421652948
270.24596675619216,2.0279340471890115
270.24990230064896,3.871405372246697
270.2538378451057,0.9695152151332811
270.25777338956243,0.24239415901877867
270.2617089340192,1.7656393888369322
270.265644478476,2.1038776552300944
270.2695800229327,0.8375150950348152
270.27351556738944,0.0623188252866468
270.2774511118462,0.0515044644108626
270.2813866563029,0.19545823563504763
270.2853222007597,0.0990606501489032
270.28925774521645,0.05309963407516286
270.2931932896732,0.00021588352301999886
270.2971288341299,0.0922177261331578
270.3010643785867,0.005607015373317779
270.30499992304345,0.4066913908842314
270.3089354675002,1.1339986429871969
270.31287101195693,0.841019590029099
270.3168065564137,0.7139061997856163
270.32074210087046,1.3625211102213381
270.3246776453272,1.9112813941399054
270.32861318978394,1.1795640168610582
270.3325487342408,1.100196936273821
270.33648427869747,0.4452122277051639
270.3404198231542,0.250944986432803
270.34435536761094,1.2987010309400062
270.34829091206774,0.9990381845925594
270.3522264565245,0.9247959318418771
270.3561620009812,2.3036524528253874
270.36009754543795,3.00056805027633
270.3640330898947,1.5713686780601717
270.3679686343515,1.0834023175004595
270.3719041788082,1.109724497665955
270.37583972326496,0.7288561521729737
270.3797752677217,0.254771164511832
270.3837108121785,0.26614883103211706
270.38764635663523,0.19948241517239074
270.391581901092,0.8195048841609801
270.3955174455487,0.5542073776887271
270.3994529900055,0.18777850607948615
270.40338853446224,0.6192231009733495
270.407324078919,0.09833880713564508
270.4112596233757,0.41744365386795346
270.4151951678325,0.799328549691822
270.41913071228925,0.5165857141048029
270.423066256746,2.2757972859706457
270.4270018012027,2.669006181057927
270.43093734565946,0.37411148830736907
270.43487289011625,1.9459269564136854
270.438808434573,3.7838637857958832
270.44274397902973,1.3155556775820767
270.44667952348647,0.7457614904185148
270.45061506794326,1.1308106458657854
270.4545506124,0.08335606363563856
270.45848615685674,0.3351070001851184
270.4624217013135,0.7399888402697665
270.46635724577027,0.968187401328227
270.470292790227,0.9407908349381122
270.47422833468374,0.7489248092465812
270.4781638791405,0.9760634060595038
270.4820994235973,1.0261113433215
270.486034968054,1.2265321900201596
270.48997051251075,1.0459459752489144
270.4939060569675,0.7599144658013556
270.4978416014243,1.3601518666775885
270.501777145881,2.7684557002910593
270.50571269033776,4.837060825585995
270.5096482347945,2.7519626621844973
270.51358377925123,0.32975671836425147
270.51751932370803,3.7979081421022647
270.5214548681648,2.3954702908743353
270.5253904126215,0.8715901256020729
270.52932595707824,3.3750286312181967
270.53326150153504,1.3028945588973477
270.5371970459918,0.17730636545766223
270.5411325904485,0.3273101315368615
270.54506813490525,0.0474090588120551
270.54900367936204,0.8407483524610081
270.5529392238188,0.8191535532817681
270.5568747682755,0.11728109095852057
270.56081031273226,0.4039299142047252
270.56474585718905,1.5372158190774252
270.5686814016458,0.9654042749569066
270.5726169461025,0.3795553591658939
270.57655249055927,1.1249064408029108
270.58048803501606,1.314652363295906
270.5844235794728,3.759740868282604
270.58835912392954,2.4868686422577344
270.5922946683863,0.038058043743558534
270.596230212843,0.18282985452744674
270.6001657572998,0.7386430623540249
270.60410130175654,3.076107513419491
270.6080368462133,0.9816533792220032
270.61197239067,0.9346709891585188
270.6159079351268,1.4641765894343042
270.61984347958355,1.1995684085965126
270.6237790240403,3.4555471932148345
270.627714568497,1.1471437290834794
270.6316501129538,0.6939153383571413
270.63558565741056,2.2302348553305205
270.6395212018673,0.5879214758643888
270.64345674632403,0.22911518069575917
270.64739229078083,1.6319019351551816
270.6513278352376,2.4596897843411263
270.6552633796943,1.6715815357689718
270.65919892415104,0.7002078731740202
270.66313446860784,0.7521476976157088
270.6670700130646,1.8409235428182769
270.6710055575213,0.8973632564959824
270.67494110197805,0.038048136044530174
270.6788766464348,0.024010495317105328
270.6828121908916,0.25980298620474346
270.6867477353483,0.5664131289668862
270.69068327980506,0.0913549503844197
270.6946188242618,0.1968195844771078
270.6985543687186,0.460040223270678
270.7024899131753,0.2649637970516125
270.70642545763206,2.465536898567311
270.7103610020888,1.8812504303940125
270.7142965465456,0.4313045212973937
270.71823209100233,1.9756304005305352
270.7221676354591,1.2578673212817537
270.7261031799158,1.4673430269068097
270.7300387243726,0.9050003099967817
270.73397426882934,1.769759975559768
270.7379098132861,1.5348674179336
270.7418453577428,0.251633255674
270.7457809021996,0.005135687329636507
270.74971644665635,0.4189850825461419
270.7536519911131,1.0978219303625882
270.7575875355698,1.5023994807592125
270.76152308002656,1.4630596508702054
270.76545862448336,0.5720703590286621
270.7693941689401,0.590456904129869
270.77332971339683,0.48645127427914564
270.7772652578536,0.3596878467025446
270.7812008023104,0.7660454922982746
270.7851363467671,0.5441377197404452
270.78907189122384,0.4371375381226526
270.7930074356806,0.8654080518522403
270.7969429801374,0.4239968630178453
270.8008785245941,0.262341847740555
270.80481406905085,1.3791158609823329
270.8087496135076,0.13688474464123757
270.8126851579644,0.8818932910709103
270.8166207024211,1.1046910856056418
270.82055624687786,0.14042540195535458
270.8244917913346,2.215254300161632
270.82842733579133,3.0232008740983325
270.8323628802481,1.8638696101252998
270.83629842470486,0.5832829638893863
270.8402339691616,0.053734305195255856
270.84416951361834,0.3814062185309383
270.84810505807513,0.50948596382181
270.8520406025319,0.6597986147332928
270.8559761469886,0.318402568535267
270.85991169144535,0.1534148883158457
270.86384723590214,0.7656940528574898
270.8677827803589,1.8262430483178205
270.8717183248156,0.19149422324467053
270.8756538692724,1.6450149656924244
270.87958941372915,0.8790075960523899
270.8835249581859,0.2221931927828145
270.8874605026426,0.13774730825558282
270.89139604709936,0.6874044576786845
270.89533159155616,0.7129138128057887
270.8992671360129,0.7810204682381511
270.90320268046963,2.4988786194485377
270.9071382249264,0.765177040702822
270.9110737693831,0.39041003585740724
270.9150093138399,0.4431897637926903
270.91894485829664,0.32234976330850285
270.9228804027534,2.4819654763826047
270.9268159472101,3.5498718286236257
270.9307514916669,0.35256173420839476
270.93468703612365,2.6618065257340318
270.9386225805804,2.070158219914455
270.9425581250371,0.17565089763733735
270.9464936694939,1.5077768589445908
270.95042921395066,2.0285128575713487
270.9543647584074,0.4583701320622523
270.95830030286413,0.19735487243563787
270.9622358473209,0.5886282886743156
270.96617139177766,0.5198325981478201
270.9701069362344,1.4792750512737274
270.97404248069114,1.4083226091132237
270.9779780251479,0.07889173533349818
270.98191356960467,0.3268984662036316
270.9858491140614,0.20138975002375373
270.98978465851815,0.15629276801583683
270.9937202029749,0.19528756561872182
270.9976557474317,0.17209274202660593
271.0015912918884,0.2996731165592616
271.00552683634515,1.2404802246759616
271.0094623808019,0.30489777555191694
271.0133979252587,0.9050724853803072
271.0173334697154,1.1591124158850186
271.02126901417216,0.0009121974240429924
271.0252045586289,0.3002645403647998
271.0291401030857,0.044590690184710235
271.03307564754243,0.28383636355952097
271.0370111919992,0.11408151732263046
271.0409467364559,0.7655633630570731
271.0448822809127,0.3904401717183005
271.04881782536944,0.2217852246709526
271.0527533698262,0.33480670655003963
271.0566889142829,1.928278827600342
271.06062445873965,0.9919028614544437
271.06456000319645,0.8701075986242685
271.0684955476532,0.4202242638582759
271.0724310921099,0.6117848603351643
271.07636663656666,0.5212273600972659
271.08030218102346,0.05065690999753559
271.0842377254802,0.16312604213266127
271.08817326993693,0.33689553983175163
271.09210881439367,0.5102707606941699
271.09604435885046,0.28722859256682687
271.0999799033072,1.210100291738588
271.10391544776394,0.28812817093028703
271.1078509922207,0.15181039936603496
271.11178653667747,0.09712898152723179
271.1157220811342,0.008416673898335503
271.11965762559095,0.1041155619732669
271.1235931700477,0.3447785750097361
271.1275287145045,0.18169857372297968
271.1314642589612,0.03429867249361203
271.13539980341795,0.5290554369507596
271.1393353478747,1.0744798959963133
271.14327089233143,0.5729436319933834
271.1472064367882,0.5593415800941894
271.15114198124496,0.5068108714480307
271.1550775257017,0.3709680667240132
271.15901307015844,0.19422210410896798
271.16294861461523,0.0009023299220015933
271.166884159072,0.026160154042247457
271.1708197035287,0.2073432638739392
271.17475524798544,1.4727947412158304
271.17869079244224,2.3278924479087277
271.182626336899,0.871502600338459
271.1865618813557,0.10832237339788367
271.19049742581245,0.21675018102952828
271.19443297026925,0.03650220998304206
271.198368514726,0.6984673173313124
271.2023040591827,0.9926815246445082
271.20623960363946,0.4556457989942805
271.21017514809625,0.11214370091519646
271.214110692553,0.02388062499546444
271.21804623700973,0.7050441179516804
271.22198178146647,2.5969317421225893
271.2259173259232,2.754652789451247
271.22985287038,1.035900745286679
271.23378841483674,0.3892172621469144
271.2377239592935,0.589258308236872
271.2416595037502,1.258264746403975
271.245595048207,2.5462732682378424
271.24953059266375,1.167722211623566
271.2534661371205,0.7378434846651163
271.2574016815772,2.1532971894144044
271.261337226034,0.47834537935307425
271.26527277049075,0.23631432850700893
271.2692083149475,0.4879184797224342
271.27314385940423,1.00694922575963
271.277079403861,1.4281894628041385
271.28101494831776,0.081520429561368
271.2849504927745,1.7096658080238798
271.28888603723124,2.6643725947075945
271.292821581688,1.9955697997960162
271.2967571261448,0.12074453779710421
271.3006926706015,3.5316809825284112
271.30462821505824,7.317608927077688
271.308563759515,0.9305018232800718
271.3124993039718,2.201531671739244
271.3164348484285,4.256011682232307
271.32037039288525,1.8830982576596664
271.324305937342,2.3205635083069343
271.3282414817988,1.4052659252882282
271.3321770262555,1.429695574774856
271.33611257071226,2.392236921526299
271.340048115169,5.687218651179351
271.3439836596258,3.9379647506103233
271.34791920408253,2.0432948943464706
271.35185474853927,2.992205705860547
271.355790292996,0.9647098214033089
271.3597258374528,0.002945479810648579
271.36366138190954,1.6457775318361834
271.3675969263663,3.157512330609741
271.371532470823,0.33010179463966177
271.3754680152797,1.4773988560864157
271.37940355973655,2.6261179873804794
271.3833391041933,3.5872194819579146
271.38727464865,1.787591292870142
271.3912101931068,0.3309355908387128
271.39514573756355,0.2361759832508081
271.3990812820203,0.15092037928506305
271.403016826477,0.6451885519745106
271.40695237093377,1.225904962638663
271.41088791539056,0.4402672047494387
271.4148234598473,0.38256776690621314
271.41875900430404,0.07400629343245099
271.4226945487608,1.387653851667566
271.4266300932176,1.4990638554055173
271.4305656376743,0.5581876653414032
271.43450118213104,4.995502391171232
271.4384367265878,2.774842100718531
271.4423722710446,1.0759272510485618
271.4463078155013,1.1841812764690685
271.45024335995805,0.5188264001532076
271.4541789044148,1.8441870477647269
271.4581144488715,3.415195954567285
271.4620499933283,0.2078762456853281
271.46598553778506,3.490022987571509
271.4699210822418,8.069285322891313
271.47385662669853,3.7365149795810706
271.47779217115533,0.6158818179856898
271.48172771561207,0.5909293311119945
271.4856632600688,1.0253657346294085
271.48959880452554,0.7003671844862348
271.49353434898234,0.21878617093083805
271.4974698934391,2.053089248876259
271.5014054378958,2.293923242897288
271.5053409823525,1.734347464699446
271.50927652680934,0.5430937112148146
271.5132120712661,0.10136322544797537
271.5171476157228,1.0365900452998882
271.5210831601796,3.33926830548189
271.5250187046363,3.256963480342162
271.5289542490931,0.9578760683732956
271.5328897935498,0.5287623551410072
271.53682533800657,1.930249661795343
271.5407608824633,1.1247849499264013
271.5446964269201,1.0209989981970498
271.54863197137684,0.17374982497710786
271.5525675158336,4.039992285812389
271.5565030602903,5.565497774543402
271.5604386047471,1.3065295444058014
271.56437414920384,0.9520099826636901
271.5683096936606,1.1237887003808356
271.5722452381173,0.26719845221382327
271.5761807825741,1.1432255493490409
271.58011632703085,1.434959448477401
271.5840518714876,0.48938208624149465
271.5879874159443,0.2546018458061197
271.5919229604011,0.3364868605578281
271.59585850485786,2.8898239825575485
271.5997940493146,3.3995259450386603
271.60372959377133,1.7815712950642115
271.60766513822807,0.971335534821029
271.61160068268487,1.4353110923261458
271.6155362271416,3.9340719946518257
271.61947177159834,4.31981236666683
271.6234073160551,1.1628156073031757
271.6273428605119,0.2515214820241243
271.6312784049686,1.3104293198819463
271.6352139494253,2.641581052302672
271.6391494938821,0.8578318028440258
271.6430850383389,0.29252976065601133
271.6470205827956,1.1998105077861247
271.6509561272524,2.4984598064264065
271.6548916717091,1.2696095650830135
271.6588272161659,0.08290209180021266
271.6627627606226,1.168373264674011
271.66669830507936,0.6113879465482771
271.6706338495361,0.4116331757884301
271.6745693939929,1.0378537244979256
271.67850493844963,0.4580129093478321
271.6824404829064,0.28257039424269237
271.6863760273631,1.1739403716621333
271.69031157181985,1.9270272359880936
271.69424711627664,4.294165487352671
271.6981826607334,1.4519949293164551
271.7021182051901,1.6531320294343816
271.70605374964686,8.96494150995323
271.70998929410365,6.755589230536047
271.7139248385604,2.262307851295556
271.7178603830171,0.7159105183733893
271.72179592747386,1.3124786921270915
271.72573147193066,1.5057507771577028
271.7296670163874,3.2863682682005217
271.73360256084413,7.0201046607118185
271.73753810530087,3.1908019735058404
271.74147364975767,0.019188301663359355
271.7454091942144,2.3495265525486033
271.74934473867114,3.9114003048476467
271.7532802831279,1.168766884212084
271.7572158275847,1.702019196594321
271.7611513720414,4.890982657167413
271.7650869164981,4.367846801507995
271.7690224609549,2.1667270739323787
271.7729580054116,3.747328153505569
271.7768935498684,4.680308106178114
271.7808290943252,1.5932127298029686
271.7847646387819,1.1933433879870579
271.78870018323863,0.9211060113944095
271.7926357276954,0.20522244869447281
271.79657127215216,1.871719749633654
271.8005068166089,2.7278319196600074
271.80444236106564,1.3042238309110512
271.80837790552243,1.5519531759561676
271.8123134499792,2.604885897593931
271.8162489944359,0.910254895977827
271.82018453889265,1.1089453313448288
271.82412008334944,1.360818757011436
271.8280556278062,0.752203807378864
271.8319911722629,0.8654489410626262
271.83592671671965,1.4879683158984518
271.8398622611764,1.3420201105091003
271.8437978056332,1.0222951585551139
271.8477333500899,0.296835425460218
271.85166889454666,2.4493482168737266
271.8556044390034,2.571565968977255
271.8595399834602,0.44362056840293757
271.86347552791693,0.36668373386601144
271.86741107237367,0.4091244267084759
271.8713466168304,0.9131565886439976
271.8752821612872,0.2659892358123703
271.87921770574394,0.8015396519201783
271.8831532502007,0.6949345029828438
271.8870887946574,0.03478095855408426
271.8910243391142,1.0423861335190927
271.89495988357095,0.873273464630235
271.8988954280277,0.26286395578326577
271.9028309724844,1.456922123443019
271.9067665169412,0.993792972454591
271.910702061398,1.1328551625018364
271.9146376058547,5.820857336355022
271.91857315031143,5.408773426529138
271.92250869476817,1.3005681188162732
271.92644423922496,0.26043340995093794
271.9303797836817,1.2209613541624027
271.93431532813844,0.4824805376315498
271.9382508725952,1.5476698874886456
271.942186417052,0.816956373855749
271.9461219615087,2.607374256896706
271.95005750596545,2.18169262703607
271.9539930504222,0.458416857921958
271.957928594879,1.1018479279214937
271.9618641393357,2.4876495200655917
271.96579968379245,1.087296474688883
271.9697352282492,0.45855182516025617
271.973670772706,0.7733997643247019
271.9776063171627,1.7479915403254267
271.98154186161946,4.302552050063729
271.9854774060762,0.37870169717484803
271.989412950533,1.5046670468042131
271.99334849498973,3.4810187844510927
271.99728403944647,3.4157010540191717
272.0012195839032,1.716527053075018
272.00515512835995,1.711480125887467
272.00909067281674,1.8838578056990458
272.0130262172735,1.721901038864294
272.0169617617302,0.35322946135576333
272.0208973061869,0.2847411477382678
272.02483285064375,0.4077464874548961
272.0287683951005,0.44139050378347866
272.0327039395572,0.13806752030985392
272.036639484014,1.1231849460758252
272.0405750284708,0.6905795671642119
272.0445105729275,0.9805037744072465
272.04844611738423,1.3553877731845945
272.05238166184097,0.8145598237006066
272.05631720629776,2.2563841941125458
272.0602527507545,0.10973825326364663
272.06418829521124,5.026261310287142
272.068123839668,5.038552665665156
272.0720593841247,0.27623104343154165
272.0759949285815,1.8408704733056385
272.07993047303825,1.2079392804638236
272.083866017495,3.196959086608163
272.0878015619517,1.8079305744727827
272.0917371064085,0.3957910613744066
272.09567265086525,0.6374280031156969
272.099608195322,1.0514187936012185
272.1035437397788,0.14139690077148676
272.1074792842355,2.099868700650882
272.11141482869226,3.4806620785958926
272.115350373149,1.0041166084640876
272.11928591760574,0.6292040171629187
272.12322146206253,1.4035127085445112
272.12715700651927,2.3778095998201714
272.131092550976,4.288655953107139
272.13502809543274,3.391471743246419
272.13896363988954,0.4439903166196184
272.1428991843463,6.0040791296122595
272.146834728803,6.464724376267462
272.1507702732597,1.7093687155175532
272.1547058177165,1.405355013283547
272.1586413621733,1.1132320287020938
272.16257690663,0.00917477092002568
272.1665124510868,3.6822480016743175
272.1704479955435,7.193248631006371
272.1743835400003,1.1927514309261928
272.17831908445703,1.5032288960229216
272.18225462891377,1.0174857213660629
272.1861901733705,0.8605990032042835
272.1901257178273,2.070925090947224
272.19406126228404,3.2064615089764428
272.1979968067408,3.6957421931251613
272.2019323511975,1.3741749178816292
272.2058678956543,0.6293005094948451
272.20980344011105,1.4194878184719402
272.2137389845678,0.5028971004673612
272.2176745290245,4.2052871194253285
272.2216100734813,1.2283818400690987
272.22554561793805,4.011371397795738
272.2294811623948,12.43609972435229
272.2334167068516,3.401932554386433
272.23735225130827,2.598815228687522
272.24128779576506,0.47367904303622727
272.2452233402218,6.507636351809106
272.24915888467854,16.353501812459054
272.2530944291353,4.784308288900481
272.25702997359207,6.8828021707788976
272.2609655180488,5.885422901484041
272.26490106250554,6.934250174115851
272.2688366069623,15.402543453294506
272.2727721514191,4.531560144101607
272.2767076958758,0.07453197435434124
272.2806432403325,1.346416713232005
272.2845787847893,5.70186391652948
272.2885143292461,4.701120929495806
272.2924498737028,0.4032727198240512
272.2963854181596,1.515457387597187
272.3003209626163,5.153847799887921
272.3042565070731,7.857408213847232
272.30819205152983,2.757755824121329
272.31212759598657,0.1350597247614236
272.3160631404433,1.6819821657089287
272.31999868490004,2.009926118307871
272.32393422935684,1.527067313816022
272.3278697738136,0.2276393807923974
272.3318053182703,4.216325799725668
272.33574086272705,1.7783634237666839
272.33967640718384,0.8684996012694384
272.3436119516406,3.765419956470539
272.3475474960973,2.8881253766138686
272.35148304055406,1.69220827565165
272.35541858501085,1.1070013609757885
272.3593541294676,0.054711419334536375
272.3632896739243,3.70098116308805
272.36722521838107,5.947844996553617
272.37116076283786,0.6543950981609589
272.3750963072946,0.254078404221431
272.37903185175134,0.20135167690930308
272.3829673962081,3.1549589731338123
272.3869029406648,1.7084129379344606
272.3908384851216,0.044381331218456714
272.39477402957834,0.1201361546363751
272.3987095740351,1.989721172104183
272.4026451184918,5.935879518221074
272.4065806629486,5.306244871299592
272.4105162074053,4.111568044426183
272.4144517518621,2.110765400185404
272.4183872963188,0.38198689037932887
272.4223228407756,0.45849207055387853
272.4262583852324,0.41883829135502454
272.4301939296891,0.19836019072589192
272.43412947414583,2.9570345365421145
272.43806501860263,6.958710112506533
272.44200056305937,3.5880638413986725
272.4459361075161,0.11985137072263737
272.44987165197284,2.298408661535441
272.45380719642964,4.202101522772833
272.4577427408864,6.898671405052769
272.4616782853431,5.433330029496774
272.46561382979985,1.6193829724467548
272.4695493742566,0.09717960698576417
272.4734849187134,0.009986578174799468
272.4774204631701,0.6224811032190942
272.48135600762686,2.350171051974542
272.4852915520836,1.4162426360727265
272.4892270965404,0.6432136275020305
272.4931626409971,0.8137686526368072
272.49709818545386,0.916459058208253
272.5010337299106,1.1935064581290118
272.5049692743674,2.278140574284866
272.50890481882413,2.1136328855316346
272.5128403632809,0.9953480310685253
272.5167759077376,0.328892423565612
272.5207114521944,0.08169177952366355
272.52464699665114,0.2696902894556864
272.5285825411079,0.3339938408747453
272.5325180855646,0.30684079406814724
272.5364536300214,1.8731980746158736
272.5403891744781,3.5411233297522307
272.5443247189349,1.6685144588197651
272.5482602633916,0.19754966721025016
272.5521958078484,1.6490189038310499
272.5561313523052,1.7533917619613437
272.5600668967619,0.2103430188525037
272.56400244121863,1.0429170217712833
272.56793798567537,2.3345108110175645
272.57187353013217,1.0789122616411404
272.5758090745889,0.1643887093175119
272.57974461904564,0.8792873271824844
272.5836801635024,0.18168439444372064
272.5876157079592,0.6734432138650511
272.5915512524159,2.249140219490075
272.59548679687265,1.7157505277260936
272.5994223413294,0.19935635448342867
272.6033578857862,0.8366431603727442
272.6072934302429,1.2343484114587147
272.61122897469966,5.53880761227528
272.6151645191564,6.833042737572785
272.61910006361313,3.304411689297166
272.6230356080699,5.365934028910058
272.62697115252666,5.443598449326666
272.6309066969834,1.5080895661484301
272.63484224144014,0.31613975172807723
272.63877778589693,2.5173937492577347
272.6427133303537,5.3602659510125195
272.6466488748104,5.199739948046695
272.65058441926715,3.287061557296861
272.65451996372394,4.23175646557711
272.6584555081807,2.902300829509214
272.6623910526374,2.5054898799235024
272.66632659709416,3.1753065627278816
272.6702621415509,0.7408136129286131
272.6741976860077,0.049882843896809824
272.6781332304644,0.10925019848759344
272.6820687749212,0.29050894609156924
272.686004319378,1.7785904689258523
272.6899398638347,5.546299462749238
272.69387540829143,8.547875000394907
272.69781095274817,4.168146516962298
272.7017464972049,0.09773649913396357
272.7056820416617,0.6962743557982567
272.70961758611844,0.11031768398485947
272.7135531305752,4.069764229713711
272.7174886750319,4.41334195784291
272.7214242194887,0.9650852320997818
272.72535976394545,14.73200789491727
272.7292953084022,23.766933742396873
272.7332308528589,10.501353381578083
272.7371663973157,2.506799529910847
272.74110194177246,10.766963422918137
272.7450374862292,10.168404011778195
272.748973030686,2.905877043941736
272.7529085751427,3.383060428316379
272.75684411959946,3.9873846051076427
272.7607796640562,2.9529868688823377
272.76471520851294,0.31937711957921955
272.76865075296973,5.689534584134716
272.77258629742647,10.064119156963105
272.7765218418832,1.5973418818110856
272.78045738633995,3.249744369765288
272.7843929307967,10.09374225134246
272.7883284752535,5.040109671159049
272.7922640197102,2.6133890510034186
272.7961995641669,2.151266507123543
272.8001351086237,0.3964528899698212
272.8040706530805,1.3938946584225935
272.8080061975372,4.810290947675288
272.811941741994,9.48204267545183
272.8158772864507,9.681273702073529
272.8198128309075,3.673139067401736
272.82374837536423,4.986124166533943
272.82768391982097,8.936364781685622
272.8316194642777,5.536694547735038
272.8355550087345,0.5687556246423864
272.83949055319124,0.9256597217123977
272.843426097648,2.7190612132430245
272.8473616421047,3.2767378347707115
272.8512971865615,9.283182065230179
272.85523273101825,6.906233062160421
272.859168275475,0.9195580522070875
272.8631038199317,4.330648193972984
272.86703936438846,3.0415477710265946
272.87097490884526,1.0949054269548628
272.874910453302,0.8438004685087643
272.8788459977588,4.9262496832693135
272.88278154221547,2.36110051501931
272.88671708667226,0.9352219333935345
272.890652631129,1.6102004431125383
272.89458817558574,1.0745510868900576
272.8985237200425,2.00744406372245
272.90245926449927,5.856346584138122
272.906394808956,9.52855284193133
272.91033035341275,2.5793902658506576
272.9142658978695,0.024430855259993396
272.9182014423263,0.04404210120204491
272.922136986783,0.23031381981464197
272.9260725312397,0.06584454749090068
272.9300080756965,1.9404397869493182
272.93394362015323,2.763626843057003
272.93787916461,0.7160636016512827
272.9418147090668,0.5623546197864744
272.9457502535235,3.3299101398542352
272.94968579798024,7.807856985404545
272.95362134243703,4.718171811686703
272.95755688689377,0.9732455228211461
272.9614924313505,1.2909847724555563
272.96542797580724,2.6087331361481967
272.96936352026404,11.232364020535464
272.9732990647208,16.504420117261102
272.9772346091775,7.937223751736245
272.98117015363425,0.2137586997236453
272.98510569809105,3.03227223009728
272.9890412425478,5.063413479737466
272.9929767870045,3.2879436872602024
272.99691233146126,2.811002826754085
273.00084787591805,3.2710118608024104
273.0047834203748,1.5756724501598727
273.0087189648316,2.6096051836955976
273.01265450928827,3.2816211717199604
273.016590053745,1.4419452123502043
273.0205255982018,1.3785875586655763
273.02446114265854,1.7507442127126729
273.0283966871153,3.471710863960679
273.032332231572,4.8218709995348314
273.0362677760288,1.1264508201032437
273.04020332048555,1.148032315541188
273.0441388649423,7.618916919930429
273.048074409399,16.259071563867842
273.0520099538558,9.567803815578873
273.0559454983125,3.31486921031786
273.0598810427693,16.82001680920921
273.06381658722603,8.047615996885325
273.0677521316828,3.6923665305965447
273.0716876761396,15.602143204242426
273.0756232205963,15.68834660137247
273.07955876505304,6.433415391769392
273.08349430950983,12.77043735528085
273.08742985396657,12.180010636074144
273.0913653984233,1.371652674138384
273.09530094288004,11.276006635459167
273.0992364873368,15.384918371762005
273.1031720317936,28.163869598205114
273.1071075762503,27.772117370342066
273.11104312070705,10.1639633989208
273.1149786651638,3.4667074742043105
273.1189142096206,3.4011722573748644
273.1228497540773,0.670033705694198
273.12678529853406,1.9886149072558457
273.1307208429908,5.221687949212005
273.1346563874476,1.6127031145439643
273.1385919319044,1.2022700191091649
273.14252747636107,7.899580634818858
273.1464630208178,17.172692377620674
273.1503985652746,9.182824018492349
273.15433410973134,1.3198685768268537
273.1582696541881,4.243451074500915
273.1622051986448,7.812769618424414
273.16614074310155,1.8365364807603661
273.17007628755835,0.5443494190687446
273.1740118320151,0.9688910018687549
273.1779473764718,5.04300046809944
273.18188292092856,8.220031273069017
273.1858184653853,1.985974720585645
273.1897540098421,1.88545940513634
273.1936895542988,0.6278022849128471
273.1976250987556,0.1758047603474783
273.2015606432124,0.11727304599403997
273.2054961876691,0.40132066712266856
273.20943173212584,0.30845855553984813
273.2133672765826,0.7809635521664262
273.21730282103937,1.2691215946245331
273.2212383654961,2.0806187222336225
273.22517390995284,1.1981732922056743
273.2291094544096,0.4221268488030643
273.2330449988664,2.482795321418532
273.2369805433231,0.07526301676510663
273.24091608777985,2.6137943180663705
273.2448516322366,3.4426163937754497
273.2487871766933,0.8988452545324687
273.2527227211501,0.8587467818065154
273.25665826560686,1.0720887319018708
273.2605938100636,1.0104171616855702
273.26452935452033,0.13802183523702607
273.2684648989772,1.2374203220252509
273.27240044343387,3.042249914531441
273.2763359878906,0.2643145734973912
273.28027153234734,4.224339946106803
273.28420707680414,7.593773903482422
273.2881426212609,6.140731247431589
273.2920781657176,4.686567404880387
273.29601371017435,0.9138767214553988
273.29994925463114,3.003107381155968
273.3038847990879,12.950966180214426
273.3078203435446,9.08540431432734
273.31175588800136,0.8798058349634609
273.3156914324581,5.021754030728629
273.3196269769149,5.823512585886815
273.3235625213716,2.708293542668837
273.3274980658284,2.2552389435391347
273.3314336102851,1.3463591642361217
273.3353691547419,0.4149509068726704
273.33930469919864,2.996383129018209
273.3432402436554,1.7813574659528522
273.3471757881121,0.059533215384186516
273.3511113325689,1.5337688458994343
273.35504687702564,1.3355499686061185
273.3589824214824,0.2547689990815843
273.3629179659391,0.5762799143785884
273.3668535103959,0.5979025142951717
273.37078905485265,0.15006536902586678
273.3747245993094,1.755514134467547
273.3786601437661,1.0065860924856855
273.3825956882229,0.0016268517070690174
273.38653123267966,0.3946880341998196
273.3904667771364,0.8316674385993758
273.39440232159313,0.3380300354247125
273.3983378660499,1.2056494998198684
273.40227341050667,0.7423324155622927
273.4062089549634,2.614841842991615
273.41014449942014,5.4647653226704485
273.4140800438769,1.0815119783664504
273.4180155883337,0.8353679053826396
273.4219511327904,3.25418562302322
273.42588667724715,1.866928754898469
273.4298222217039,0.09227858401620989
273.4337577661607,2.0105646737075036
273.4376933106174,2.8784804257602605
273.44162885507416,1.5297838061669486
273.4455643995309,4.981990859730559
273.4494999439877,5.882644539940383
273.4534354884444,1.1867804613006447
273.4573710329012,0.21990615573464212
273.4613065773579,0.9270681954912741
273.4652421218147,0.6159775454993239
273.46917766627143,0.44360691322736046
273.4731132107282,1.213390549943556
273.4770487551849,2.018236038317184
273.48098429964165,0.8096479649914716
273.48491984409844,0.17667208937118425
273.4888553885552,0.626802221533615
273.4927909330119,0.9421928018670029
273.49672647746866,1.0921288242698006
273.50066202192545,0.604936632799276
273.5045975663822,1.5635498923291065
273.5085331108389,2.1842867649001683
273.51246865529566,2.720343184943387
273.51640419975246,2.604607576205666
273.5203397442092,2.0246137701526337
273.52427528866593,3.4166297032869064
273.52821083312267,3.247321728481464
273.53214637757947,1.9366775627929347
273.5360819220362,2.270757259543052
273.54001746649294,0.7119438122851516
273.5439530109497,1.6699847952813325
273.5478885554065,2.832702959606595
273.5518240998632,1.9831651263677974
273.55575964431995,1.5340638493561403
273.5596951887767,1.212964918412473
273.5636307332334,0.6962249696594756
273.5675662776902,0.817465613895325
273.57150182214696,1.628176316082069
273.5754373666037,0.7169703722147404
273.57937291106043,0.05209977015267542
273.5833084555172,0.5339814717502501
273.587243999974,0.36887959630022493
273.5911795444307,0.2113551215361951
273.59511508888744,0.7802854110427386
273.59905063334423,0.5938125546233156
273.602986177801,0.12037720108996378
273.6069217222577,1.7776460800750018
273.61085726671445,2.64667328706326
273.61479281117124,1.5160402558735322
273.618728355628,0.25945677357823477
273.6226639000847,0.8535841620102231
273.62659944454145,0.683182039377911
273.63053498899825,0.2897609184321019
273.634470533455,1.2476426232238012
273.6384060779117,1.7937852293582817
273.64234162236846,0.20272024384358475
273.6462771668252,0.29178041914885894
273.650212711282,0.9870696266431362
273.65414825573873,2.4857593666560285
273.65808380019547,2.7131802602636124
273.6620193446522,1.7272750725937853
273.665954889109,0.4625223825113598
273.66989043356574,2.277099500520397
273.6738259780225,4.801562035850896
273.6777615224792,5.2551960255082015
273.681697066936,2.202621925075483
273.68563261139275,1.097691590467929
273.6895681558495,1.9986022559127712
273.6935037003062,0.035796534226579864
273.697439244763,4.447372334782101
273.70137478921976,5.436602011882587
273.7053103336765,0.821513109315295
273.70924587813323,0.746475046297935
273.71318142259,2.368212467460514
273.7171169670468,1.5534538153785764
273.7210525115035,0.4328921216280234
273.72498805596024,1.2200945846840079
273.728923600417,1.575892475495885
273.73285914487377,0.5028458571957468
273.7367946893305,1.2482702645280885
273.74073023378725,9.59268004165826
273.744665778244,9.040391321929242
273.7486013227008,0.24519692401195461
273.7525368671575,6.220717297750548
273.75647241161425,3.5971490063057483
273.760407956071,0.34308810044254345
273.7643435005278,1.468736685037762
273.7682790449845,0.238369862481608
273.77221458944126,2.3740637221364773
273.776150133898,0.3442864002367749
273.7800856783548,0.5730486723631942
273.78402122281153,0.649189344515731
273.78795676726827,0.3526045941138984
273.791892311725,0.9099619826505153
273.79582785618175,2.3679790461565426
273.79976340063854,0.34614383833188006
273.8036989450953,0.9488878970811675
273.807634489552,4.013087300840302
273.81157003400875,4.65041409230143
273.81550557846555,0.6525516835397381
273.8194411229223,1.1675474377187762
273.823376667379,1.6447237962418584
273.82731221183576,1.5423281060789482
273.83124775629256,0.015382294734406967
273.8351833007493,2.3233399494762357
273.83911884520603,1.8077847133483054
273.8430543896628,0.9409986185024921
273.8469899341196,1.7001679825850027
273.8509254785763,0.00010710002895266423
273.85486102303304,1.5210864024214132
273.8587965674898,1.369230327742625
273.86273211194657,0.07380376918582142
273.8666676564033,1.5526658496364192
273.87060320086005,2.8086202015254536
273.8745387453168,0.9032004322985818
273.8784742897735,0.08468738113204252
273.8824098342303,1.390208385687678
273.88634537868705,1.0954325538269052
273.8902809231438,0.4330474489565674
273.89421646760053,0.31060010362149815
273.8981520120573,0.08215402339465729
273.90208755651406,0.003906615656780674
273.9060231009708,0.9086288661409029
273.90995864542754,2.745932060172359
273.9138941898844,2.6066179077656604
273.91782973434107,0.2514295185839606
273.9217652787978,0.8719607639198437
273.92570082325454,1.4796755749094526
273.92963636771134,0.7196407770643843
273.9335719121681,1.321336584622811
273.9375074566248,0.8009952913848781
273.94144300108155,0.9378136198697629
273.94537854553835,2.2164300149577634
273.9493140899951,0.9168512816694001
273.9532496344518,0.0296099487905966
273.95718517890856,0.15119630306442344
273.9611207233653,0.02305212460846961
273.9650562678221,0.47315535914315054
273.96899181227883,3.345748993081119
273.9729273567356,2.8413497095664604
273.9768629011923,0.00612355868461585
273.9807984456491,0.4639175269888852
273.98473399010584,0.523863977937123
273.9886695345626,1.4598221326873253
273.9926050790193,0.10465772396269948
273.9965406234761,4.319936216127235
274.00047616793285,3.0645094190652866
274.0044117123896,0.24522406429244767
274.0083472568463,0.25610688450081526
274.0122828013031,0.13747829364401137
274.01621834575985,0.6114820276917856
274.0201538902166,0.26325693780274656
274.02408943467333,1.0122658406140326
274.02802497913007,2.973791842907434
274.03196052358686,3.1455749587612947
274.0358960680436,0.5983092862096759
274.03983161250034,0.0888661837464365
274.0437671569571,1.2014789969270054
274.04770270141387,4.623498344449491
274.0516382458706,3.9144539408037455
274.05557379032734,0.705475741400952
274.0595093347841,0.3205438937743502
274.0634448792409,0.8697503376983697
274.0673804236976,1.0960110792523587
274.07131596815435,6.283376043758811
274.0752515126111,4.350429449963929
274.0791870570679,2.2310018408318695
274.0831226015246,5.742479531842029
274.08705814598136,4.592553519356836
274.0909936904381,4.675227230656382
274.0949292348949,2.042136287980863
274.09886477935163,5.473759256798397
274.1028003238084,3.6496718714279837
274.1067358682651,0.2407597440880625
274.11067141272184,0.678873038252197
274.11460695717864,0.7427654087405946
274.1185425016354,0.07860529681177458
274.1224780460921,0.7282993617518565
274.12641359054885,0.9661715925002639
274.13034913500564,2.0307599915677823
274.1342846794624,6.560854209015337
274.1382202239191,7.278714899939146
274.14215576837586,4.577275660858201
274.14609131283265,1.4992268017406276
274.1500268572894,1.0305006831072527
274.1539624017461,0.38407622359048105
274.15789794620287,0.12430875035022816
274.16183349065966,0.15556068346300783
274.1657690351164,0.3187158532475558
274.16970457957314,1.2710673141915327
274.1736401240299,0.9296327848005228
274.17757566848667,1.097589601488479
274.1815112129434,1.6954897498429429
274.18544675740014,0.44063315037404277
274.1893823018569,0.4282996444960635
274.1933178463136,0.5524304197471395
274.1972533907704,0.5314057709742085
274.20118893522715,0.20785495511617566
274.2051244796839,0.6143431549067216
274.2090600241406,1.0339530628534812
274.2129955685974,0.0019354978730951476
274.21693111305416,1.6039537095983003
274.2208666575109,2.415919922710348
274.22480220196763,1.0919945960865998
274.22873774642443,0.052569433780400375
274.2326732908812,0.18228870591300272
274.2366088353379,0.02980614137200392
274.24054437979464,0.38742206484683694
274.24447992425144,0.5805005634152104
274.2484154687082,0.06275596976277582
274.2523510131649,0.16616885575183812
274.25628655762165,0.11941566441727847
274.2602221020784,0.07956177952230059
274.2641576465352,0.04401236139749213
274.2680931909919,0.24246622947958466
274.27202873544866,0.19390694856917326
274.2759642799054,1.2442167783627
274.2798998243622,1.7656968203644134
274.2838353688189,1.0796550256314235
274.28777091327566,0.8174214777855265
274.2917064577324,0.685086726944086
274.2956420021892,1.4143575948752927
274.29957754664593,2.4223780424638712
274.3035130911027,3.178300191580662
274.3074486355594,2.8544346222125596
274.3113841800162,0.5356224108684776
274.31531972447294,1.0511094785245467
274.3192552689297,0.9459668483121824
274.3231908133864,1.6363965151765325
274.3271263578432,1.1766053058153971
274.33106190229995,1.4996579577132034
274.3349974467567,2.4151820701604616
274.3389329912134,0.06420323841783138
274.34286853567016,1.367629548601094
274.34680408012696,0.9469482584335861
274.3507396245837,0.1173459282070222
274.35467516904043,0.20543366016364886
274.3586107134972,1.0479902285749796
274.362546257954,1.8637904146332658
274.3664818024107,0.5497486033500492
274.37041734686744,0.27741355579020627
274.3743528913242,2.611002854062163
274.378288435781,2.696971873261332
274.3822239802377,0.12311256027917429
274.38615952469445,1.7336867602467774
274.3900950691512,3.554668429535344
274.394030613608,1.1305532254373567
274.3979661580647,3.181322681411387
274.40190170252146,4.074383995405978
274.4058372469782,1.8230804228209654
274.409772791435,3.457180408578503
274.4137083358917,2.610141744040015
274.41764388034846,4.699815160050304
274.4215794248052,2.3298340134298137
274.42551496926194,0.3367648547528532
274.42945051371873,0.8596800531044024
274.4333860581755,0.5500655762477401
274.4373216026322,3.3435137658287357
274.44125714708895,3.012536331978052
274.44519269154574,1.7211939568903845
274.4491282360025,1.2351775010688446
274.4530637804592,0.2608785877784026
274.456999324916,0.2577125990022204
274.46093486937275,0.3375757617133682
274.4648704138295,0.0752942116918482
274.4688059582862,0.6679736921804412
274.47274150274296,1.217863856438451
274.47667704719976,0.42641975573602814
274.4806125916565,0.4577270736965377
274.48454813611323,0.8862269837767165
274.48848368057,3.2227920953732228
274.4924192250268,4.1379303568283605
274.4963547694835,0.6368106522952023
274.50029031394024,3.9915678708989333
274.504225858397,1.569508866875907
274.5081614028537,0.6879004454076316
274.5120969473105,1.1742696545494313
274.51603249176725,0.018625152766334935
274.519968036224,0.2940833795514495
274.5239035806807,1.1684089603771934
274.5278391251375,1.5180428257538114
274.53177466959426,1.0522311332258858
274.535710214051,0.456735533738206
274.53964575850773,0.0013098878706183337
274.5435813029645,0.15365408795170823
274.54751684742126,0.035460711081089724
274.551452391878,0.5037717631047277
274.55538793633474,0.7664817254787716
274.55932348079153,0.11562874904488447
274.56325902524827,0.20841503808868547
274.567194569705,0.3853841405261415
274.57113011416175,0.07185551291601855
274.5750656586185,0.42283861704206066
274.5790012030753,0.9680852339570342
274.582936747532,1.1426666120366067
274.58687229198875,1.136437022414913
274.5908078364455,0.7865227320043038
274.5947433809023,1.6717952521184427
274.598678925359,1.3203072876987219
274.60261446981576,0.5641992212173536
274.6065500142725,0.23437298776168447
274.6104855587293,0.47494244601877966
274.61442110318603,0.01072882581410217
274.6183566476428,1.1489416370048162
274.6222921920995,2.263993717761005
274.6262277365563,0.761212659824429
274.63016328101304,0.42860161685332393
274.6340988254698,1.4973230010588767
274.6380343699265,2.5903487586723797
274.6419699143833,2.8091054492485656
274.64590545884005,1.5241158836162083
274.6498410032968,0.7985439042462292
274.6537765477535,0.14046387698269333
274.65771209221026,0.8643145691780417
274.66164763666706,1.30936697737458
274.6655831811238,1.117555273018682
274.66951872558053,0.07969780225372855
274.67345427003727,1.4323732245196126
274.67738981449406,0.3699491020479599
274.6813253589508,0.415413644213315
274.68526090340754,0.7814089994580464
274.6891964478643,1.871188552325765
274.69313199232107,1.198605281595923
274.6970675367778,0.05933560756125481
274.70100308123455,0.2154275753360564
274.7049386256913,0.7682916449940217
274.7088741701481,0.35766403523905105
274.7128097146048,0.15529436539377262
274.71674525906155,0.15390844704804027
274.7206808035183,0.2932936991131365
274.7246163479751,1.1975563071376447
274.7285518924318,0.8571841723975846
274.73248743688856,0.7220472682494739
274.7364229813453,0.8242741164719263
274.74035852580204,0.50310050355874
274.74429407025883,1.435031139509521
274.7482296147156,1.9430122562374492
274.7521651591723,1.2111541200010416
274.75610070362904,0.27241025383105133
274.76003624808584,0.7270416691812512
274.7639717925426,1.831364330404348
274.7679073369993,3.9770098548133874
274.77184288145605,2.597854476580362
274.77577842591285,0.8430219536919118
274.7797139703696,2.654261721914799
274.7836495148263,2.5365905014797647
274.78758505928306,1.9901956460801338
274.79152060373985,0.36941145519111085
274.7954561481966,1.5679431666887111
274.79939169265333,1.1252840757948412
274.80332723711007,1.3863755346105213
274.8072627815668,3.4350931495421784
274.8111983260236,3.817016561733538
274.81513387048034,2.9545116116108523
274.8190694149371,2.7188223195526056
274.8230049593938,2.536185223740458
274.8269405038506,0.9350446209610521
274.83087604830735,0.11075424920507031
274.8348115927641,0.6271261516565756
274.8387471372208,2.12080031811827
274.8426826816776,2.30676259633423
274.84661822613435,1.3672034313502466
274.8505537705911,0.7596415685141471
274.85448931504783,1.1836108267973684
274.8584248595046,1.910375261019629
274.86236040396136,0.635061717175849
274.8662959484181,0.9271971610081595
274.87023149287484,1.6258601093855485
274.87416703733163,1.4411310078458952
274.8781025817884,0.4816834286542935
274.8820381262451,0.5756095264455807
274.88597367070184,1.4088318408207965
274.8899092151586,0.9797128795199753
274.8938447596154,0.6082594295737778
274.8977803040721,0.20664446975939954
274.90171584852885,0.5808448101867367
274.9056513929856,0.3541256990339809
274.9095869374424,0.8347606861180995
274.9135224818991,0.5423919320252567
274.91745802635586,0.16634900775083242
274.9213935708126,0.6098146784582823
274.9253291152694,1.8456139472998603
274.92926465972613,1.5940589162534777
274.93320020418287,0.13120308488952961
274.9371357486396,0.07838109832598604
274.9410712930964,0.07721484353215609
274.94500683755314,0.5720887261361283
274.9489423820099,2.488397390684775
274.9528779264666,2.7878635253612067
274.9568134709234,0.3584093769804571
274.96074901538015,0.23032213784336777
274.9646845598369,0.06157725348619779
274.9686201042936,1.1980259116338505
274.9725556487504,2.510195169288689
274.97649119320715,0.6217203107133972
274.9804267376639,0.013657808722834761
274.9843622821206,0.07237717007648697
274.98829782657737,0.644676569216673
274.99223337103416,1.0002774130785157
274.9961689154909,2.479987465346407
275.00010445994764,0.8138172768835104
275.0040400044044,0.8516146082573001
275.0079755488612,2.924007751590325
275.0119110933179,0.3670327980696307
275.01584663777464,2.47349209045135
275.0197821822314,5.23048462247636
275.0237177266882,2.75854692738073
275.0276532711449,2.413411124096824
275.03158881560165,2.6246231699427724
275.0355243600584,1.2090541042019356
275.0394599045152,1.2751401160208655
275.0433954489719,0.4059708077708758
275.04733099342866,0.8822947118109002
275.0512665378854,1.7829547831317594
275.05520208234213,1.3952719309821824
275.05913762679893,0.7755029543162063
275.06307317125567,0.21356036967329367
275.0670087157124,0.2929494268364935
275.07094426016914,0.7492269747211739
275.07487980462594,0.1793841750242861
275.0788153490827,0.7399387367995862
275.0827508935394,1.24369847056315
275.0866864379961,0.7250128332150109
275.09062198245294,0.0026653019243434825
275.0945575269097,0.7535193130058933
275.0984930713664,1.3783566674079168
275.1024286158232,0.9069383275207537
275.10636416027995,0.8724917801433655
275.1102997047367,1.2658083050159536
275.1142352491934,0.7242702583698996
275.11817079365017,0.28779824754489464
275.1221063381069,0.45263905409857075
275.1260418825637,0.018803370340196197
275.12997742702044,1.3204158093741054
275.1339129714772,2.6719939985658763
275.1378485159339,2.107925811811021
275.1417840603907,4.9763119572175505
275.14571960484744,1.705751309066585
275.1496551493042,0.5322054545954994
275.1535906937609,0.6537154137659061
275.1575262382177,0.9816944029422748
275.16146178267445,2.105734616121193
275.1653973271312,0.5761786816124989
275.1693328715879,1.9418890087058396
275.1732684160447,1.0584667857134884
275.17720396050146,1.4410648151359267
275.1811395049582,2.283966030442479
275.18507504941493,1.5736149789379852
275.1890105938717,0.1421818879844067
275.19294613832847,0.2538113664330702
275.1968816827852,0.0013453589031582937
275.20081722724194,0.6685841188407797
275.2047527716987,0.4267829298500173
275.2086883161555,0.11114589699874608
275.2126238606122,1.1380491432384134
275.2165594050689,2.530664646830109
275.2204949495257,2.334161750330708
275.2244304939825,0.4854715751814109
275.2283660384392,0.8815945168390275
275.232301582896,1.0500055300916762
275.2362371273527,0.006483315615691825
275.2401726718095,1.4848101417402333
275.2441082162662,2.045696669104442
275.24804376072296,0.4712538263743894
275.2519793051797,0.4388319586427849
275.2559148496365,1.5866521432397058
275.25985039409323,1.5690746866779945
275.26378593855,0.6793624347701638
275.2677214830067,0.20680966647743224
275.2716570274635,1.9221003373707326
275.27559257192024,3.0119693232103844
275.279528116377,2.474841991856268
275.2834636608337,0.5129698985370641
275.28739920529046,2.2855981890286388
275.29133474974725,3.261972670535898
275.295270294204,1.3455965007072415
275.2992058386607,0.33634221012224597
275.30314138311746,0.20412928790984755
275.30707692757426,0.047058724924734736
275.311012472031,0.2544697426471466
275.31494801648773,0.786527577615695
275.31888356094447,1.4925176397712616
275.32281910540127,1.5634524028338967
275.326754649858,1.1094962679803257
275.33069019431474,0.6970063699118388
275.3346257387715,0.4557500594885891
275.3385612832283,1.2683291654056414
275.342496827685,1.2883894871821733
275.3464323721417,0.08097567456418416
275.3503679165985,0.20353436791911506
275.3543034610552,0.401881316381403
275.358239005512,1.206825998777866
275.3621745499688,1.3547980636618728
275.3661100944255,0.35735466566962
275.37004563888223,0.26324051530274234
275.373981183339,1.106382020182822
275.37791672779576,0.5983398952424518
275.3818522722525,1.8947218312860752
275.38578781670924,0.9259273564254877
275.38972336116603,0.01546913059766575
275.3936589056228,0.05930114272076483
275.3975944500795,0.7141898326322421
275.40152999453625,2.1197323217977946
275.40546553899304,1.4323716309291723
275.4094010834498,1.0292121192984989
275.4133366279065,1.2074948670878938
275.41727217236325,0.5241326540239746
275.42120771682005,0.8411233302393603
275.4251432612768,0.5230483239311203
275.4290788057335,1.319670066409549
275.43301435019026,2.127568546083083
275.436949894647,1.21059972730045
275.4408854391038,0.5880863314603381
275.44482098356053,0.6630753533988402
275.44875652801727,1.668515094208601
275.452692072474,2.7828712206859114
275.4566276169308,2.0584470484074457
275.46056316138754,0.3388286551740416
275.4644987058443,1.2627890076209436
275.468434250301,4.967693575784488
275.4723697947578,3.855695701346771
275.47630533921455,1.0379727877680625
275.4802408836713,0.33357059390736404
275.484176428128,0.9591009429657191
275.4881119725848,1.989503502675921
275.4920475170416,1.5380827259108119
275.4959830614983,1.2586645189067671
275.49991860595503,1.4316157969400019
275.5038541504118,0.6839890653075212
275.50778969486856,0.21592398589273867
275.5117252393253,0.2534940230737568
275.51566078378204,0.06203267200365325
275.5195963282388,1.1318577633516722
275.5235318726956,0.6210904243024594
275.5274674171523,0.7121561645763441
275.53140296160905,5.545195178859169
275.5353385060658,5.2110919671987155
275.5392740505226,0.9861369310107677
275.5432095949793,0.7890593973381133
275.54714513943605,0.5811981487200589
275.5510806838928,0.002040950047728895
275.5550162283496,1.638570646874539
275.5589517728063,5.097684165547504
275.56288731726306,2.655477676274542
275.5668228617198,2.808156843820411
275.5707584061766,5.679806619737501
275.57469395063333,1.1696426332380923
275.57862949509007,0.7962290610274513
275.5825650395468,1.4627033735821942
275.5865005840036,3.015010290132371
275.59043612846034,5.206563012090637
275.5943716729171,2.5066925026144284
275.5983072173738,0.6845708768644632
275.6022427618305,2.2529666950364464
275.60617830628735,1.4646220534867296
275.6101138507441,0.039182867385391104
275.6140493952008,0.1788391765331156
275.6179849396576,2.2337310448829735
275.6219204841144,7.397921877035563
275.6258560285711,6.842376388799265
275.62979157302783,1.4164007259046874
275.63372711748457,0.2848445683631227
275.63766266194136,0.6249619684955048
275.6415982063981,0.20672292330962158
275.64553375085484,1.406629781521547
275.6494692953116,5.27137370826319
275.6534048397684,7.456154562864309
275.6573403842251,2.552396673631535
275.66127592868185,0.7324022407622228
275.6652114731386,0.7190415744704619
275.6691470175953,0.33134316904894545
275.6730825620521,0.1885418253973395
275.67701810650885,0.6240189250465841
275.6809536509656,2.9968896806049705
275.6848891954224,1.8627435165036117
275.6888247398791,0.43910323659542866
275.69276028433586,0.9660508404679021
275.6966958287926,0.17405571524451174
275.70063137324934,0.8337660366186073
275.70456691770613,2.1031303080371204
275.70850246216287,0.5316423629833094
275.7124380066196,0.15879862350537802
275.71637355107634,1.2499413966265258
275.72030909553314,0.892354729126733
275.7242446399899,0.6686504501089703
275.7281801844466,2.1614759364696834
275.7321157289033,1.194434356937706
275.73605127336015,1.9516070400117662
275.7399868178169,2.8935047026634098
275.7439223622736,0.4672187828123933
275.7478579067304,2.4167127964969315
275.7517934511871,5.747287142764904
275.7557289956439,3.535360390945849
275.75966454010063,0.677228900240115
275.76360008455737,0.9378907712092559
275.7675356290141,2.2650046967534037
275.7714711734709,0.09537060875083105
275.77540671792764,2.4512000455733864
275.7793422623844,1.0112398756537526
275.7832778068411,0.2367355506684201
275.7872133512979,0.344284232880186
275.79114889575465,1.3811050408076553
275.7950844402114,3.975239812507981
275.7990199846681,7.496174076919136
275.8029555291249,4.951686480286668
275.80689107358165,5.46520449893048
275.8108266180384,1.9086072565355487
275.8147621624952,2.4144923335105393
275.8186977069519,3.035816134213039
275.82263325140866,0.8628656683399801
275.8265687958654,8.187669972646523
275.83050434032214,4.793242642939711
275.8344398847789,1.3420530816124838
275.83837542923567,0.5466669528284913
275.8423109736924,1.1220603605495971
275.84624651814914,0.3993429436711731
275.8501820626059,0.4475564023722607
275.8541176070627,1.450527743588542
275.8580531515194,1.1994446151307983
275.8619886959761,0.7754741377256156
275.8659242404329,1.840894495799931
275.8698597848897,2.69787546811576
275.8737953293464,3.370228455796415
275.8777308738032,3.321748430320159
275.8816664182599,1.8939622608938222
275.8856019627167,0.8462324308673657
275.88953750717343,1.3837471692102439
275.89347305163017,2.2652023245210238
275.8974085960869,2.2604077478119082
275.90134414054364,2.7644496877981606
275.90527968500044,1.1381554060782382
275.9092152294572,0.23008818587935642
275.9131507739139,1.6978604564102118
275.91708631837065,0.3521539316784214
275.92102186282744,0.14948285640128905
275.9249574072842,1.7387416767761983
275.9288929517409,5.20049204695844
275.93282849619766,3.1903274741126917
275.93676404065445,0.6474662707185846
275.9406995851112,0.5625184568671749
275.9446351295679,0.9476172505607322
275.94857067402467,5.375058270745633
275.95250621848146,7.61669434899558
275.9564417629382,5.5413683660896
275.96037730739494,1.8270865836109478
275.9643128518517,2.2980235943020064
275.96824839630847,6.945279984275111
275.9721839407652,2.8684974313159577
275.97611948522194,0.211657517350612
275.9800550296787,0.8607889762373758
275.9839905741354,1.8209778359686697
275.9879261185922,7.0605429021517345
275.9918616630489,2.9419994237451417
275.9957972075057,0.3459790763847327
275.9997327519624,4.874179620533422
276.0036682964192,12.417188715767109
276.007603840876,5.138340240401693
276.0115393853327,0.11329830622827455
276.01547492978943,1.2034905632192912
276.01941047424623,0.2225406870919795
276.02334601870297,5.220173992995928
276.0272815631597,9.833710060033644
276.03121710761644,5.117564722153507
276.03515265207324,8.137656822315256
276.03908819653,5.236539846281611
276.0430237409867,4.325049910947722
276.04695928544345,12.84015400450026
276.05089482990024,5.115414868052498
276.054830374357,5.289108998402733
276.0587659188137,3.0309767902088502
276.06270146327046,2.327957330427093
276.0666370077272,3.670949978783071
276.070572552184,8.596741245814721
276.0745080966407,8.029691280440645
276.07844364109746,0.4681597305422522
276.0823791855542,0.7703804522130907
276.086314730011,0.22797929022401525
276.09025027446773,8.79842349305885
276.0941858189245,12.749056337372057
276.0981213633812,3.372292955932608
276.102056907838,0.8006324701995555
276.10599245229474,2.1693961632131984
276.1099279967515,5.325578834917188
276.1138635412082,5.409949792534451
276.117799085665,10.35412651165172
276.1217346301217,21.427549732755743
276.1256701745785,15.933483153514281
276.1296057190352,18.908415850648545
276.133541263492,20.31344871512438
276.1374768079488,15.322783133857065
276.1414123524055,22.306915387300055
276.14534789686223,9.817361333665325
276.14928344131897,0.02921001788722724
276.15321898577577,1.0745889746376303
276.1571545302325,3.4328455387374333
276.16109007468924,7.194882175318713
276.165025619146,3.670275141103126
276.1689611636028,0.18377199271584105
276.1728967080595,9.114662365908035
276.17683225251625,32.07809798155746
276.180767796973,46.394440729750336
276.1847033414298,32.216548827330584
276.1886388858865,6.677058946758117
276.19257443034326,5.609735368625984
276.1965099748,27.676641967336185
276.2004455192568,27.683283652990507
276.2043810637135,5.964208934582956
276.20831660817026,9.445239693972898
276.212252152627,6.267564037011543
276.21618769708374,1.65395546094612
276.22012324154053,21.056537764845107
276.2240587859973,17.842037859673496
276.227994330454,0.36842171086302516
276.23192987491075,13.866279107189367
276.23586541936754,9.561274591183897
276.2398009638243,1.0272655129786845
276.243736508281,5.41474947626039
276.24767205273776,0.527258383117814
276.2516075971945,6.937961618672577
276.2555431416513,2.3544339825120266
276.259478686108,1.0533759088664023
276.2634142305648,2.8716630998392048
276.2673497750216,0.4862354918289407
276.2712853194783,1.5147890014358139
276.27522086393503,4.009622890401772
276.27915640839177,0.757703764674297
276.28309195284857,4.414033139268522
276.2870274973053,15.367829960299844
276.29096304176204,13.00592251077046
276.2948985862188,5.967305679756649
276.2988341306755,3.0379979417839604
276.3027696751323,0.7625576545436215
276.30670521958905,2.4489587105232626
276.3106407640458,2.6357351396060342
276.3145763085025,1.1460919051809129
276.3185118529593,3.525121352490523
276.32244739741606,2.5900903944814364
276.3263829418728,1.427679259442353
276.3303184863296,0.15585908275634827
276.3342540307863,3.215424473554181
276.33818957524306,0.482340621488102
276.3421251196998,3.7015597235187543
276.34606066415654,2.349390281213834
276.34999620861333,2.4529494125847555
276.35393175307007,7.165699676100939
276.3578672975268,0.10102513842432569
276.36180284198355,5.881604748385304
276.36573838644034,4.300101205710554
276.3696739308971,0.06753324616642843
276.3736094753538,2.807376020654212
276.3775450198105,4.327481623647766
276.3814805642673,1.4315590245747654
276.3854161087241,6.434972945331815
276.3893516531808,1.2415912377015588
276.3932871976376,6.410227293365059
276.3972227420943,9.233429965944971
276.4011582865511,0.7387824169278662
276.40509383100783,7.045391374255341
276.40902937546457,9.023470361210457
276.4129649199213,3.289596738429853
276.4169004643781,0.3669861684019387
276.42083600883484,2.122847637304226
276.4247715532916,3.7344592964306256
276.4287070977483,4.76421947180855
276.4326426422051,6.972020887207607
276.43657818666185,7.426392545744149
276.4405137311186,3.412692499656593
276.4444492755753,1.2263952996606857
276.44838482003206,3.251758325466308
276.45232036448886,6.78973321613897
276.4562559089456,8.583627126808308
276.4601914534024,0.1118619066674572
276.46412699785907,18.471244882083838
276.46806254231586,16.724099859606845
276.4719980867726,1.8630906042970539
276.47593363122934,6.2523624541345715
276.4798691756861,5.032417095525213
276.48380472014287,4.810858304603888
276.4877402645996,7.432902166884492
276.49167580905635,14.60807798632937
276.4956113535131,15.328743753756742
276.4995468979699,3.703235593214365
276.5034824424266,3.1862067506907423
276.5074179868833,3.2772643185107575
276.5113535313401,20.165690837708787
276.5152890757969,71.69851584664521
276.5192246202536,42.86406954655163
276.5231601647104,5.2143050980656716
276.5270957091671,5.439893786929148
276.53103125362384,6.30822421273701
276.53496679808063,18.657931568333552
276.53890234253737,24.376867221655512
276.5428378869941,9.742829157411606
276.54677343145084,8.079971885164557
276.55070897590764,0.9470684162386689
276.5546445203644,13.440484239218566
276.5585800648211,14.995644437562285
276.56251560927785,2.66092280964947
276.56645115373465,3.110947175868551
276.5703866981914,9.343465095112762
276.5743222426481,8.972571773438258
276.57825778710486,1.4625319202248794
276.58219333156165,0.6758357796647035
276.5861288760184,4.965982708151939
276.5900644204752,7.00452342206739
276.59399996493187,3.5277426795535884
276.59793550938866,6.789337180172376
276.6018710538454,0.7678516741513008
276.60580659830214,20.706624438034215
276.6097421427589,9.87611556646223
276.6136776872156,4.640562445986171
276.6176132316724,17.82712619823807
276.62154877612915,8.164227971401305
276.6254843205859,10.225682184687487
276.6294198650426,9.32754049724989
276.6333554094994,4.916568206082877
276.6372909539561,2.035713939174803
276.6412264984129,1.0375259074487062
276.64516204286963,4.134262546163455
276.6490975873264,3.1696954961815296
276.6530331317832,1.1253146255235986
276.6569686762399,1.5648599865667159
276.66090422069664,1.9263076224877431
276.66483976515343,0.11343305971637718
276.66877530961017,2.9295573839138083
276.6727108540669,5.529370035904381
276.67664639852364,2.5988589637684623
276.68058194298044,2.9066318726689833
276.6845174874372,3.245041689504719
276.6884530318939,1.3416135074597757
276.69238857635065,1.0175848234320153
276.6963241208074,3.405689764979633
276.7002596652642,2.187820585479088
276.7041952097209,0.06432794758805403
276.70813075417766,1.5745842931503613
276.7120662986344,0.19382033923238012
276.7160018430912,1.21562062647432
276.719937387548,1.150617320153453
276.72387293200467,0.7823265998482937
276.7278084764614,2.58583296146338
276.7317440209182,1.0442134077620424
276.73567956537494,2.8476634460663437
276.7396151098317,1.4647885798840643
276.7435506542884,0.009716465263853596
276.7474861987452,0.1520797764519997
276.75142174320194,0.14555064004164606
276.7553572876587,0.1260239686995828
276.7592928321154,0.04761905326979998
276.76322837657216,0.3359895246586153
276.7671639210289,0.6288276536067019
276.7710994654857,0.765800519981791
276.7750350099424,8.420232929645273
276.7789705543992,11.84771945786793
276.782906098856,5.293565717283349
276.7868416433127,2.17831878804068
276.79077718776944,1.8078107094067621
276.7947127322262,0.7694543269166115
276.79864827668297,0.5193025161916212
276.8025838211397,3.9734220406995244
276.80651936559644,5.08462340710296
276.8104549100532,1.2136659275728332
276.81439045451,0.48482912879641404
276.8183259989667,1.716320320092011
276.82226154342345,0.52864123817117
276.8261970878802,1.6875258310724621
276.830132632337,2.718940549383716
276.8340681767937,3.1203750463170725
276.83800372125046,3.654797411407838
276.8419392657072,1.8094237118668555
276.84587481016393,0.7613562409439905
276.8498103546208,1.3776555685275969
276.85374589907747,4.061348007206653
276.8576814435342,2.8554348841572987
276.86161698799094,0.13461855214792415
276.86555253244774,0.7918894983292114
276.8694880769045,2.0011211048841564
276.8734236213612,4.534753258354654
276.87735916581795,3.66509676136328
276.88129471027474,4.347913809541036
276.8852302547315,6.157111529611516
276.8891657991882,3.6891779699360914
276.89310134364496,0.5143847147887779
276.8970368881017,1.8209337981441087
276.9009724325585,2.61215902242897
276.9049079770152,0.7445236473294898
276.908843521472,0.9984888721121848
276.9127790659288,0.34714689970309576
276.9167146103855,1.6156412814274357
276.92065015484224,2.4883298418746667
276.924585699299,2.4482537762719527
276.9285212437557,2.108540551301172
276.9324567882125,3.2329581200506667
276.93639233266924,5.612211045060404
276.940327877126,4.705767564241032
276.9442634215827,0.4354661219533583
276.9481989660395,0.6500981107759095
276.95213451049625,1.3319336322423592
276.956070054953,5.0994615923380815
276.9600055994097,3.6955245420919307
276.9639411438665,0.8068678531014595
276.96787668832326,0.6524644480109791
276.97181223278,2.3500089907111925
276.97574777723673,2.4020213078502883
276.9796833216935,0.02798317663689656
276.98361886615027,0.8419209890058009
276.987554410607,0.9371393299431064
276.99148995506374,0.43112498984017456
276.9954254995205,1.9816608416409058
276.9993610439773,4.566824749733238
277.003296588434,0.38498993859031955
277.00723213289075,2.0901591991167745
277.0111676773475,4.553269257858737
277.0151032218043,4.139945499152495
277.019038766261,2.5621778339730583
277.02297431071776,3.53189282138287
277.0269098551745,4.315926758627369
277.0308453996313,3.645570252572883
277.034780944088,2.610652797075826
277.0387164885448,0.4679016387160046
277.0426520330015,0.09867527219616373
277.0465875774583,0.30796567767853483
277.05052312191503,1.7889407631146372
277.0544586663718,1.3163254898289118
277.0583942108285,0.22810348893270443
277.0623297552853,0.4465295363285182
277.06626529974204,1.382944774618807
277.0702008441988,1.098657249520314
277.0741363886555,0.46744795139057815
277.07807193311226,2.820433519717865
277.08200747756905,1.5011067004074652
277.0859430220258,1.962407597743274
277.0898785664825,1.7186801714778415
277.09381411093926,1.1584751883743514
277.09774965539606,0.7219479988998148
277.1016851998528,0.0016559016343540597
277.10562074430953,1.3837640364039545
277.10955628876627,2.5110325172705643
277.11349183322307,0.28645880335793394
277.1174273776798,0.7991204011386166
277.12136292213654,1.0912947168788947
277.1252984665933,0.4920400048457184
277.1292340110501,0.031114522105372244
277.1331695555068,1.0841641212915252
277.13710509996355,1.6744808228451735
277.1410406444203,1.5550435023440166
277.1449761888771,0.27385245895846405
277.1489117333338,2.9982906717446256
277.15284727779056,0.6866852414342418
277.1567828222473,4.687881611070496
277.16071836670403,11.570505115997932
277.1646539111608,2.6050641341666085
277.1685894556176,2.2934798318401377
277.1725250000743,3.624725950374703
277.17646054453104,0.9387473403437531
277.18039608898783,2.5390339610201487
277.1843316334446,0.7507513673554568
277.1882671779013,0.9955956526784047
277.19220272235805,2.4236815366849966
277.19613826681484,0.5747062705104623
277.2000738112716,0.2813625582457643
277.2040093557283,1.8866373414341455
277.20794490018505,3.1826102117527375
277.21188044464185,1.1489452896639234
277.2158159890986,0.13058261776062102
277.2197515335553,1.6143439444769658
277.22368707801206,1.37428597048696
277.22762262246886,0.5931403804270102
277.2315581669256,1.8326764312490462
277.23549371138233,4.751679711520605
277.23942925583907,3.9303518503504753
277.2433648002958,0.6886212980499741
277.2473003447526,0.061506838232464
277.25123588920934,0.05160880582697713
277.2551714336661,0.044440437838303294
277.2591069781228,0.36275811112375467
277.2630425225796,3.2867006154949854
277.26697806703635,5.399646520444688
277.2709136114931,3.2564399028672684
277.2748491559498,0.5735862517382132
277.2787847004066,2.230038427396451
277.28272024486336,2.115265502058101
277.2866557893201,0.010653755347233862
277.29059133377683,1.3352378872364887
277.2945268782336,0.5162211381847368
277.2984624226904,0.5344757415238373
277.3023979671471,1.1960774789867188
277.30633351160384,0.2765144684506739
277.3102690560606,0.61426145641795
277.31420460051737,2.57093035578345
277.3181401449741,3.3276180399695554
277.32207568943085,1.4494528556840571
277.3260112338876,0.3427739526687057
277.3299467783444,0.3462575595480109
277.3338823228011,0.187731045758264
277.33781786725785,0.24219210106679456
277.3417534117146,0.042154449992957116
277.3456889561714,0.2376993534667405
277.3496245006281,0.48099574138785306
277.35356004508486,0.5224018328656428
277.3574955895416,1.4511504354367446
277.3614311339984,0.22810088677151338
277.36536667845513,0.8711892109327619
277.36930222291187,0.6937981275879085
277.3732377673686,0.4198080265386369
277.3771733118254,1.686162284898713
277.38110885628214,0.32604954141946757
277.3850444007389,0.04205233515962391
277.3889799451956,0.5374833428434788
277.39291548965235,1.9067825517721573
277.39685103410915,2.570417631499166
277.4007865785659,3.1869783708044603
277.4047221230226,3.74999077674511
277.40865766747936,1.5806880830913828
277.41259321193616,0.37284259663533814
277.4165287563929,0.9419072064012263
277.42046430084963,0.3032369721034036
277.4243998453064,0.8858723706307933
277.4283353897632,1.3475261535244067
277.4322709342199,1.2889058248314476
277.43620647867664,0.013996809092951302
277.4401420231334,1.694768680643492
277.44407756759017,1.181815298321904
277.4480131120469,0.27653050512337324
277.45194865650365,0.9170512577412462
277.4558842009604,3.3353693227728405
277.4598197454172,3.234110717606629
277.4637552898739,1.560927517931525
277.46769083433065,1.0220566322978852
277.4716263787874,0.48050254501998857
277.47556192324413,0.26694089220137346
277.4794974677009,2.3596376015189393
277.48343301215766,3.1675524862839737
277.4873685566144,1.082854517316577
277.49130410107114,0.12174991153460314
277.495239645528,2.2017391343734576
277.49917518998467,1.474674923674912
277.5031107344414,0.481329905209401
277.50704627889814,1.1988730589468626
277.51098182335494,0.7909498059167385
277.5149173678117,2.1752535669166733
277.5188529122684,2.2283305452845954
277.52278845672515,0.3379581976990647
277.52672400118195,2.5350987817809854
277.5306595456387,2.844063870899908
277.5345950900954,0.05267576261719603
277.53853063455216,0.4193344688758136
277.5424661790089,0.48928400966325164
277.5464017234657,7.514242332882726
277.55033726792243,6.062141008752731
277.5542728123792,0.18877193519680163
277.5582083568359,6.909196596953912
277.5621439012927,2.7988826870237458
277.56607944574944,2.7559206345103164
277.5700149902062,3.4349448863778584
277.5739505346629,3.016792256903562
277.5778860791197,7.695764809587757
277.58182162357645,1.6211878229629981
277.5857571680332,2.8249091041688468
277.5896927124899,1.556682252576036
277.5936282569467,1.8560017985957766
277.59756380140345,4.1547369094371565
277.6014993458602,0.2618006661104877
277.60543489031693,1.1170442086116217
277.6093704347737,0.9451034189265584
277.61330597923046,0.3292677591023175
277.6172415236872,0.33191075536822134
277.62117706814394,0.056810605691555355
277.6251126126007,0.8880684889919702
277.62904815705747,0.8808740371986262
277.6329837015142,0.6996860319361032
277.63691924597094,0.4106017629234486
277.6408547904277,0.2980163197918515
277.6447903348845,0.29886926660416946
277.6487258793412,0.746334020376558
277.65266142379795,1.6186235596152871
277.6565969682547,1.2548629293158384
277.6605325127115,0.6498640022618798
277.6644680571682,0.32510619553959075
277.66840360162496,0.3231039979023876
277.6723391460817,0.8367614089845101
277.6762746905385,0.6022990336750363
277.68021023499523,0.03033723180783024
277.684145779452,0.650286124479545
277.6880813239087,1.019618753820765
277.6920168683655,0.45853171667193215
277.69595241282224,0.10297107004937203
277.699887957279,0.9365468281695682
277.7038235017357,1.4679374926286772
277.70775904619245,1.530327164175954
277.71169459064924,0.04083379941218956
277.715630135106,0.9007019215930289
277.7195656795627,0.3300790076496518
277.72350122401946,0.7159026421951975
277.72743676847625,1.2833842285603618
277.731372312933,0.049872777886611076
277.7353078573897,0.4902794138257375
277.73924340184647,0.12973536339792968
277.74317894630326,1.0420940062728208
277.74711449076,1.1570997788793687
277.75105003521674,1.1414496863788743
277.7549855796735,0.451708628764772
277.75892112413027,0.3623012768270179
277.762856668587,1.3497894349604462
277.76679221304374,2.0365194028095743
277.7707277575005,0.3190488503938427
277.7746633019573,1.8079452098615816
277.778598846414,3.1576018354090842
277.78253439087075,0.4450452179751337
277.7864699353275,0.23184889049189197
277.7904054797842,0.16408074384826912
277.794341024241,0.11390420693347722
277.79827656869776,1.492044876380288
277.8022121131545,3.278021587167416
277.80614765761123,2.2644283383921104
277.81008320206803,2.638009491657603
277.8140187465248,4.9381057673203586
277.8179542909815,2.6137498020662187
277.82188983543824,1.479042618575401
277.82582537989504,5.203413130577356
277.8297609243518,4.734139791640844
277.8336964688085,0.9050560467157311
277.83763201326525,0.0376975253710394
277.84156755772204,0.45035494767029577
277.8455031021788,0.6681014423592222
277.8494386466355,0.42040018273723456
277.85337419109226,1.4840983903550262
277.857309735549,2.257093981304596
277.8612452800058,0.47345355484921053
277.8651808244625,0.7414571976065681
277.86911636891926,1.4689249736336225
277.873051913376,1.3413941559580422
277.8769874578328,0.9444200968561437
277.88092300228953,0.5448561103342398
277.8848585467463,2.2010232642010386
277.888794091203,2.6094898970429585
277.8927296356598,2.5389790575934845
277.89666518011654,2.758380361173361
277.9006007245733,3.242197248744795
277.90453626903,1.3081217371922318
277.9084718134868,0.012181385483774128
277.91240735794355,1.0404113884842783
277.9163429024003,1.5047208171636253
277.920278446857,0.30459049452350984
277.9242139913138,0.0913618454191011
277.92814953577056,1.1006357590448173
277.9320850802273,3.9020501398377943
277.93602062468403,3.0848681290438713
277.9399561691408,3.393047721281333
277.9438917135976,3.1548740638372013
277.9478272580543,1.4202440751169023
277.95176280251104,0.951868466438808
277.9556983469678,1.7414724374695008
277.9596338914246,0.3148087691241319
277.9635694358813,3.0062910750103375
277.96750498033805,3.131979107467989
277.9714405247948,0.15171470158424816
277.9753760692516,1.9202658955645286
277.9793116137083,3.7742364851982426
277.98324715816506,4.647579625021564
277.9871827026218,2.1963116817545245
277.9911182470786,5.1656898323895275
277.9950537915353,2.494827202271837
277.99898933599206,0.06101749560853535
278.0029248804488,0.49726178304205815
278.0068604249056,0.6468157146392023
278.01079596936233,3.186428051665532
278.0147315138191,1.7885283120849687
278.0186670582758,0.7999422936650971
278.02260260273255,3.0437443072260706
278.02653814718934,1.3511630547889433
278.0304736916461,0.4738283888578172
278.0344092361028,0.4580417871382335
278.0383447805596,0.6144459949952104
278.04228032501635,0.17607824011265383
278.0462158694731,3.060117345456398
278.0501514139298,3.511219643394785
278.05408695838656,1.7050878786207526
278.05802250284336,0.9033608093465283
278.0619580473001,0.2574487325980826
278.06589359175683,1.1454709048618388
278.0698291362136,4.699162789286478
278.0737646806704,2.6178732046365956
278.0777002251271,0.03983191519882608
278.08163576958384,1.0815716259020964
278.0855713140406,1.3632270779935227
278.0895068584973,0.8513473597031963
278.0934424029541,0.401207765956895
278.09737794741085,0.2006866631114735
278.1013134918676,0.06683929264846156
278.1052490363243,0.7852747237496156
278.1091845807811,1.4039858769910092
278.11312012523786,4.00227014281386
278.1170556696946,3.232382853946301
278.12099121415133,0.05920403206827058
278.1249267586081,5.536571336829267
278.12886230306486,8.267205466454254
278.1327978475216,2.452645748228638
278.13673339197834,0.9793210934568347
278.14066893643513,5.144510842089273
278.14460448089187,1.1784891618756717
278.1485400253486,0.9456106293032299
278.15247556980535,2.577349549934641
278.15641111426214,0.8021921231438004
278.1603466587189,0.24997791516085952
278.1642822031756,0.4967134777471199
278.16821774763235,1.7732820985853188
278.1721532920891,4.562357726444764
278.1760888365459,1.8545724041336047
278.1800243810026,0.7998576187048373
278.18395992545936,0.3212391493662095
278.1878954699161,0.4050240010488543
278.1918310143729,0.6096622483327856
278.19576655882963,0.31771194868797065
278.1997021032864,0.4805583195206766
278.2036376477431,2.809384684757179
278.2075731921999,1.2575929538936474
278.21150873665664,0.4565842953465998
278.2154442811134,2.0778581270165555
278.2193798255701,1.951800575665679
278.2233153700269,2.0295078474050947
278.22725091448365,0.43491136256837515
278.2311864589404,0.117814225990479
278.2351220033971,0.07082841074147675
278.2390575478539,0.7215772828711716
278.24299309231066,1.7981568192128778
278.2469286367674,0.3949941131103866
278.25086418122413,1.482228039375995
278.25479972568087,0.9488789626212869
278.25873527013766,0.5135305874505418
278.2626708145944,2.3560376188971035
278.26660635905114,1.3275956230852175
278.2705419035079,1.4998356205068823
278.27447744796467,0.1714250855745572
278.2784129924214,0.7721736499706898
278.28234853687815,1.7965520881814463
278.2862840813349,1.0740735469600524
278.2902196257917,2.8280670862374424
278.2941551702484,1.3636143777696947
278.29809071470515,0.29584939794522175
278.3020262591619,0.6759609155365597
278.3059618036187,2.164471878362827
278.3098973480754,6.853399604190653
278.31383289253216,4.473936963074619
278.3177684369889,3.8294992735439948
278.3217039814457,1.263696022531401
278.32563952590243,0.04677132587261507
278.3295750703592,0.06339444801143597
278.3335106148159,1.016992267395256
278.33744615927264,1.2582577169408602
278.34138170372944,1.4122327024342087
278.3453172481862,1.0758702197284546
278.3492527926429,0.49778311318972446
278.35318833709965,0.4517675997912235
278.35712388155645,0.6934410422685393
278.3610594260132,0.4524120111394092
278.3649949704699,0.14352592395275446
278.36893051492666,0.2290398989631341
278.37286605938345,1.0155214485861512
278.3768016038402,0.2445906877493542
278.38073714829693,0.9083145127145725
278.38467269275367,0.6881609014896034
278.38860823721046,1.0361306367533063
278.3925437816672,1.9713783277814891
278.39647932612394,1.7924282169002048
278.4004148705807,0.34603532661678815
278.4043504150374,2.012441936490306
278.4082859594942,2.1600972167894255
278.41222150395095,2.9577271473615636
278.4161570484077,3.236827346566555
278.4200925928644,1.0885511397479612
278.4240281373212,0.7917979350624824
278.42796368177795,0.7788488406124142
278.4318992262347,0.5407797504240325
278.43583477069143,0.15685177080181634
278.4397703151482,1.7573441051526277
278.44370585960496,1.6159088679438842
278.4476414040617,0.04906961301732041
278.45157694851844,0.9481310325354322
278.45551249297523,1.6106041338269412
278.459448037432,2.755920538536444
278.4633835818887,5.077796835938307
278.46731912634544,2.735730486908903
278.47125467080224,1.1914752948460294
278.475190215259,3.8624083846587993
278.4791257597157,4.056546692652564
278.48306130417245,1.1977307022496273
278.4869968486292,0.6953240681340627
278.490932393086,1.1832121187965652
278.4948679375427,0.5437531730479921
278.49880348199946,0.8293055412782411
278.5027390264562,1.4316522771245583
278.506674570913,3.393859169985738
278.51061011536973,1.325022880364343
278.51454565982647,0.06028388585876208
278.5184812042832,1.6595694623979587
278.52241674874,5.408904501795263
278.52635229319674,3.4455675080234838
278.5302878376535,0.026467331377445447
278.5342233821102,0.030832128392924853
278.538158926567,1.5408875578378483
278.54209447102374,2.973150341051512
278.5460300154805,0.007597385644773039
278.5499655599372,2.14241629741088
278.553901104394,1.2577843174620316
278.55783664885075,0.39054458997393804
278.5617721933075,0.38472780413139385
278.5657077377642,3.45558817377554
278.56964328222097,1.4774393706000968
278.57357882667776,1.0103116807358385
278.5775143711345,5.685683486620345
278.58144991559124,3.3799113126081006
278.585385460048,0.2638354919517429
278.5893210045048,1.4744015125644907
278.5932565489615,0.45333567354512216
278.59719209341824,0.33989891152389323
278.601127637875,0.20302834691905133
278.6050631823318,1.1905265395136666
278.6089987267885,1.1002646168559476
278.61293427124525,1.8711856351647727
278.616869815702,1.9869446138799651
278.6208053601588,0.15692106993702348
278.6247409046155,1.8414227784242216
278.62867644907226,0.0577762625690611
278.632611993529,2.6934495861926724
278.63654753798573,3.9801652865290205
278.64048308244253,5.462206269683671
278.64441862689927,3.9016374233998854
278.648354171356,0.3319069847622155
278.65228971581274,0.6870391966988483
278.65622526026954,3.959213681289077
278.6601608047263,4.9820082369504695
278.664096349183,1.5314750873989453
278.6680318936397,1.7301418545077705
278.67196743809654,4.623159337293699
278.6759029825533,4.229364305676653
278.67983852701,0.2499733905217509
278.6837740714668,0.6677834375518702
278.68770961592355,3.52265725912652
278.6916451603803,8.343969880237847
278.695580704837,1.8193243976487934
278.69951624929377,4.201942872144168
278.70345179375056,9.416547684674377
278.7073873382073,3.5046476446072354
278.71132288266404,1.4164831846417643
278.7152584271208,0.12709770721118857
278.7191939715775,4.232536950087742
278.7231295160343,3.759457889184657
278.72706506049104,0.33242727408905887
278.7310006049478,0.3052557582331748
278.7349361494045,0.3187143660271242
278.7388716938613,0.7637834642338831
278.74280723831805,1.027543328651005
278.7467427827748,2.3322353282626263
278.7506783272315,3.037702433421443
278.7546138716883,4.383257537669096
278.75854941614506,3.3811328697552354
278.7624849606018,0.44204177356991686
278.76642050505853,0.1746140978139861
278.7703560495153,0.24144999321684954
278.77429159397207,0.21106841985148886
278.7782271384288,0.16420638169239593
278.78216268288554,0.05763551547996725
278.78609822734234,0.08464250041898187
278.7900337717991,0.3279422814307568
278.7939693162558,0.7013315197017022
278.7979048607125,2.0849964216719665
278.8018404051693,1.0477797035398884
278.8057759496261,0.15327546204598078
278.8097114940828,0.2862511438424604
278.8136470385396,0.45662590087808413
278.8175825829963,0.5774702011095888
278.8215181274531,1.2994835707797279
278.8254536719098,1.228466316339786
278.82938921636656,2.5357417924422396
278.8333247608233,4.993079463034818
278.8372603052801,1.1753195282084101
278.84119584973683,0.20139826504809358
278.8451313941936,0.554120034311422
278.8490669386503,0.4460806307121181
278.8530024831071,0.3686101686655924
278.85693802756384,2.527050086216272
278.8608735720206,1.1850890376595453
278.8648091164773,1.2812200565822334
278.8687446609341,3.149273791009991
278.87268020539085,1.3281729660352741
278.8766157498476,0.20399946941710315
278.8805512943043,1.9143106859892782
278.88448683876106,2.3990040860108244
278.88842238321786,0.7384215688680094
278.8923579276746,6.30759425384183
278.89629347213133,4.49359183682585
278.90022901658807,0.36090934606934133
278.90416456104487,0.4817521337093193
278.9081001055016,0.13772644153010774
278.91203564995834,0.2089405689124192
278.9159711944151,1.1297659957013304
278.9199067388719,1.0592479940197783
278.9238422833286,0.1470237829984123
278.9277778277853,0.3066397459007497
278.9317133722421,0.1521806763298549
278.9356489166989,0.6037929538519858
278.9395844611556,2.216729484330117
278.9435200056124,0.3664650535797364
278.9474555500691,2.772526300485435
278.95139109452583,6.224249399679851
278.9553266389826,2.691295401244028
278.95926218343936,0.30440562656634107
278.9631977278961,0.28663803554481415
278.96713327235284,2.1086289621585568
278.97106881680963,1.6196808792685444
278.9750043612664,0.11474701258407684
278.9789399057231,1.5672826678001555
278.98287545017985,2.1585632629484097
278.98681099463664,1.80649902342182
278.9907465390934,1.701967776753855
278.9946820835501,2.41375428105924
278.99861762800685,0.9531707952422063
279.00255317246365,0.8792740008614658
279.0064887169204,0.6901640241778523
279.0104242613771,1.5091883540773277
279.01435980583386,1.9831537630409506
279.01829535029066,1.6890940112226258
279.0222308947474,1.4376784049507876
279.02616643920413,0.7615540069776908
279.03010198366087,1.1187282484024097
279.0340375281176,0.4842784896908186
279.0379730725744,0.6957106361758116
279.04190861703114,0.7670986300841289
279.0458441614879,0.8495779218790592
279.0497797059446,0.3569874313693941
279.0537152504014,0.6971695994128319
279.05765079485815,0.3249342020943991
279.0615863393149,0.5494938039270646
279.0655218837716,0.02293348607783068
279.0694574282284,1.131619194175168
279.0733929726852,0.5703214280950022
279.0773285171419,0.0032692461947775677
279.08126406159863,0.11830758967170256
279.0851996060554,1.657386417281299
279.08913515051216,1.3435595651987322
279.0930706949689,0.2649648733462237
279.09700623942564,0.7376979984469656
279.10094178388243,0.7609943018594124
279.1048773283392,1.4242309003540217
279.1088128727959,0.968910608108357
279.11274841725265,0.9847163867853788
279.1166839617094,2.2860869238650054
279.1206195061662,0.6807926515766086
279.1245550506229,0.15812906329298315
279.12849059507965,0.07141643433197212
279.1324261395364,1.395349606049111
279.1363616839932,2.6100842978150776
279.1402972284499,0.7453922042089064
279.14423277290666,1.889008944613501
279.1481683173634,0.24260445938874137
279.1521038618202,1.061140064851745
279.15603940627693,1.116975024156342
279.15997495073367,0.525359983901112
279.1639104951904,1.4252783693986504
279.1678460396472,0.8143434524754426
279.17178158410394,0.8073361031270908
279.1757171285607,1.153928392662321
279.1796526730174,0.7668115290096621
279.1835882174741,0.5775127081568597
279.18752376193095,3.262568555224828
279.1914593063877,4.182503448149631
279.1953948508444,1.0267938170226398
279.1993303953012,0.23142515485243492
279.203265939758,1.6598325212330867
279.2072014842147,0.8148924393260851
279.21113702867143,0.23579499671420334
279.21507257312817,3.2603205099106787
279.21900811758496,3.2748388895833354
279.2229436620417,0.16476973845608844
279.22687920649844,0.7819519796419214
279.2308147509552,0.8248837644742574
279.234750295412,0.1112655033855167
279.2386858398687,0.26320471730495104
279.24262138432545,1.0263493449490726
279.2465569287822,0.3501083040105213
279.250492473239,1.5560170295893565
279.2544280176957,0.9214684421534813
279.25836356215245,2.3613808731642885
279.2622991066092,3.351838833776321
279.266234651066,0.042768772789418104
279.2701701955227,1.8855243874425476
279.27410573997946,0.3893832128934129
279.2780412844362,0.9422057767223594
279.28197682889294,1.746286498582621
279.28591237334973,0.5247625660891314
279.28984791780647,0.7510166666565762
279.2937834622632,0.8314962958924127
279.29771900671994,0.36687878020301445
279.30165455117674,0.19141148846466813
279.3055900956335,0.37272177467403794
279.3095256400902,0.0625863287795541
279.3134611845469,2.6400221480470254
279.31739672900375,3.7137479871063857
279.3213322734605,0.13463941923312533
279.3252678179172,0.837410741270602
279.329203362374,0.034345642861273736
279.33313890683075,3.5536727667546057
279.3370744512875,5.734292131903145
279.34100999574423,4.564632349843603
279.34494554020097,3.7478072124275847
279.3488810846577,2.019803657801062
279.3528166291145,1.4496099720011038
279.35675217357124,0.28141970225985075
279.360687718028,3.45969801001222
279.3646232624847,4.775125702434067
279.3685588069415,2.21626881317004
279.37249435139825,4.717705286980706
279.376429895855,4.433785723605726
279.3803654403117,0.7697899454613635
279.3843009847685,0.3344978241953721
279.38823652922525,0.7591131814000345
279.392172073682,4.680248595157916
279.3961076181387,4.849641394367594
279.4000431625955,1.3801079265331573
279.40397870705226,0.709356351015
279.407914251509,0.40165135050844253
279.41184979596574,0.7598453055517738
279.41578534042253,0.23799783993836213
279.41972088487927,0.4947290636507814
279.423656429336,0.6341812102483139
279.42759197379274,2.313613991619222
279.4315275182495,0.5052818495279601
279.4354630627063,0.9157634762459348
279.439398607163,0.3297909570629413
279.4433341516197,0.41720527773019633
279.4472696960765,0.14583526337661912
279.4512052405333,0.932879170314589
279.45514078499,1.2697701801315993
279.4590763294468,0.030754113561611767
279.4630118739035,0.5604267925408968
279.4669474183603,0.22063511388743068
279.47088296281703,0.5170796442356003
279.47481850727377,0.300294935239108
279.4787540517305,0.5787388957443687
279.4826895961873,0.000588749820677851
279.48662514064404,0.7841441014169247
279.4905606851008,0.7999238132019271
279.4944962295575,0.2261191380065671
279.49843177401425,0.018570983953868313
279.50236731847104,0.2502469299550105
279.5063028629278,1.0215448791849346
279.5102384073845,1.1451246896940404
279.51417395184126,0.9650443386522436
279.51810949629805,1.9971173344682107
279.5220450407548,2.0469044024506933
279.5259805852115,0.682374953955616
279.52991612966827,0.24012209651793415
279.53385167412506,0.2033260185627444
279.5377872185818,0.14969085540281069
279.54172276303854,1.013205819292793
279.5456583074953,3.9402010864686092
279.54959385195207,3.415283637693802
279.5535293964088,1.3838225704417286
279.55746494086554,0.5337924447660468
279.5614004853223,1.7539281268788476
279.5653360297791,1.0049994651203165
279.5692715742358,0.42357343476644577
279.5732071186925,1.2282427709029944
279.5771426631493,1.0987588827452563
279.581078207606,0.33168017524570065
279.5850137520628,0.6399170600852815
279.5889492965196,0.23481600245760859
279.5928848409763,0.603202544382138
279.59682038543303,0.5968393463278422
279.60075592988983,0.6634261044174081
279.60469147434657,0.10233760977587644
279.6086270188033,0.5444594609147192
279.61256256326004,1.226867610108304
279.61649810771684,0.8946304702148205
279.6204336521736,0.1096091592096611
279.6243691966303,0.3625032565343002
279.62830474108705,1.1657484852198698
279.63224028554384,2.4948146979787986
279.6361758300006,1.4244891736387046
279.6401113744573,4.73839327466288
279.64404691891406,2.99620063034492
279.64798246337085,0.7971118871527273
279.6519180078276,1.40637581651194
279.6558535522843,0.19432989691946306
279.65978909674106,1.161402126890813
279.6637246411978,0.08870909732960149
279.6676601856546,2.3198717108191196
279.67159573011133,2.240653588831977
279.6755312745681,0.9084287777768142
279.6794668190248,0.026094908657801407
279.6834023634816,0.46719347710926
279.68733790793834,1.0706498287180695
279.6912734523951,3.456608135201257
279.6952089968518,1.6133631909982689
279.6991445413086,0.15266892225985618
279.7030800857653,1.0114528265401488
279.7070156302221,1.28419932722557
279.7109511746788,0.05058780549480783
279.7148867191356,1.2718375156900572
279.7188222635924,0.3099749241263203
279.7227578080491,0.45374287723105833
279.72669335250583,0.7415496691349003
279.73062889696257,0.12424902281784861
279.73456444141937,0.19131201457705146
279.7384999858761,0.9599792868588866
279.74243553033284,1.0819643605447655
279.7463710747896,0.18333153505778388
279.7503066192464,0.4825888057205837
279.7542421637031,1.9416161215442305
279.75817770815985,2.5666204561070667
279.7621132526166,2.540818109360626
279.7660487970734,0.8488033954831156
279.7699843415301,0.00041118408524649355
279.77391988598686,0.01813618885916746
279.7778554304436,0.2391241854683903
279.7817909749004,0.4543088592288362
279.7857265193571,0.5148523770481063
279.78966206381386,2.138351895003875
279.7935976082706,1.9579296313252441
279.7975331527274,0.8548505923207808
279.80146869718413,0.6816877599059057
279.8054042416409,0.6791945281402231
279.8093397860976,1.2160970379457163
279.81327533055435,1.2480535770875694
279.81721087501114,0.24116852549343992
279.8211464194679,0.40317020344044413
279.8250819639246,0.5527017778415
279.82901750838136,0.6584269554854522
279.8329530528381,2.425667197028602
279.8368885972949,0.6419540146054649
279.8408241417516,0.4647903391408424
279.8447596862084,1.8088289214052067
279.8486952306652,2.5185909993074795
279.8526307751219,2.925405186800524
279.85656631957863,3.0537507711309124
279.86050186403537,2.4112025622128432
279.86443740849217,1.0364470776352082
279.8683729529489,0.17045597230616769
279.87230849740564,0.15146001365217543
279.8762440418624,0.3123025449129652
279.8801795863192,0.8974351686739972
279.8841151307759,2.4873915896582623
279.88805067523265,3.4544758975151715
279.8919862196894,0.9248583768968902
279.8959217641461,0.6823922235945574
279.8998573086029,1.712293474762621
279.90379285305966,0.8752513802092418
279.9077283975164,0.2202170386500799
279.9116639419732,1.079543508371762
279.9155994864299,2.5974946181236236
279.91953503088666,2.4563658225839475
279.9234705753434,0.5870935682008921
279.92740611980014,0.2828627130455441
279.93134166425693,1.9567989039385956
279.93527720871367,1.0706442795903837
279.9392127531704,2.3838656941873015
279.94314829762715,6.659976583503412
279.94708384208394,4.638113175402181
279.9510193865407,0.8958258470458335
279.9549549309974,0.008304283160538162
279.9588904754541,1.2612251991881291
279.9628260199109,2.802499920511135
279.9667615643677,1.306681748055536
279.9706971088244,0.7460798554606365
279.9746326532812,2.5763314308044474
279.9785681977379,2.8440384560368606
279.9825037421947,1.1744393751806301
279.98643928665143,0.2575471095274741
279.99037483110817,1.0975097573773676
279.9943103755649,4.070619710055264
279.9982459200217,2.340080520951798
280.00218146447844,0.19998962336571374
280.0061170089352,0.032859801320593324
280.0100525533919,1.984489612329955
280.0139880978487,2.5333743932641184
280.01792364230545,2.1573967431544
280.0218591867622,2.7960399319922606
280.0257947312189,0.4867583326730014
280.0297302756757,4.13869294722224
280.03366582013246,2.5011231353310452
280.0376013645892,0.7852829760864172
280.041536909046,0.1349355472506141
280.04547245350267,2.036994134880542
280.04940799795946,1.7740435737688314
280.0533435424162,0.8141362509278985
280.05727908687294,5.163547213375359
280.0612146313297,1.823274822650706
280.06515017578647,0.32655688056324805
280.0690857202432,1.3473182211432215
280.07302126469995,1.0551702507807645
280.0769568091567,1.0112280103801308
280.0808923536135,0.6881847214816298
280.0848278980702,0.2784383384414579
280.0887634425269,1.2070840835527594
280.0926989869837,2.812935502976278
280.0966345314405,0.005737401261653739
280.1005700758972,3.877288421063074
280.104505620354,4.542931609846103
280.1084411648107,0.41868906845192705
280.1123767092675,0.5866103694885021
280.11631225372423,1.234280476114501
280.12024779818097,0.4713541970935392
280.1241833426377,0.08434812156398622
280.12811888709444,1.0856299462890704
280.13205443155124,0.488129364070347
280.135989976008,0.39282209340810803
280.1399255204647,0.750333946226023
280.14386106492145,0.07249274988085709
280.14779660937825,0.7129002272974911
280.151732153835,0.07265077982645457
280.1556676982917,0.130964314656481
280.15960324274846,0.09202057244796678
280.16353878720525,0.9044888723959454
280.167474331662,0.34042559976648584
280.1714098761188,0.7769597584588126
280.17534542057547,3.9465661856180203
280.17928096503226,2.663935596316677
280.183216509489,0.00399397925814667
280.18715205394574,1.5211837952661247
280.1910875984025,0.45021502132206437
280.19502314285927,0.3362617708092611
280.198958687316,1.1472577237491832
280.20289423177275,2.924596315009947
280.2068297762295,3.282596119667482
280.2107653206862,0.920764203899628
280.214700865143,1.6797098409602151
280.2186364095997,0.9375161903570615
280.2225719540565,0.6258264449938472
280.22650749851323,2.14001553941908
280.23044304297,0.11358748503175112
280.2343785874268,1.565573179151476
280.2383141318835,0.7767704786793088
280.24224967634024,0.4133688782174109
280.24618522079703,0.8457824267670123
280.25012076525377,0.1756460391789367
280.2540563097105,0.2553968213123425
280.25799185416724,1.8610107640814142
280.26192739862404,1.4761736500137226
280.2658629430808,0.08423136597053112
280.2697984875375,2.01269737039796
280.27373403199425,0.7232817454792633
280.277669576451,0.2192535503372745
280.2816051209078,0.25209845051661184
280.2855406653645,0.9763937663848948
280.28947620982126,1.351372028672864
280.293411754278,0.2835711508534183
280.2973472987348,2.9705200006131194
280.3012828431916,0.29551582888783556
280.30521838764827,1.9867121944930821
280.309153932105,3.17696851970355
280.3130894765618,4.609365616884653
280.31702502101854,3.411453980140607
280.3209605654753,0.22747882492842852
280.324896109932,4.590207743638092
280.3288316543888,2.478354279177553
280.33276719884554,0.2533224483888933
280.3367027433023,0.9308087579679084
280.340638287759,1.297349088496593
280.3445738322158,1.1579015875831968
280.3485093766725,0.06313567205955035
280.3524449211293,1.2275000327155563
280.356380465586,3.5932544553083643
280.3603160100428,2.5893813074179226
280.3642515544996,0.8382628985732848
280.3681870989563,1.5456418079595353
280.37212264341304,0.746666679265239
280.3760581878698,1.1450156710794581
280.37999373232657,1.895975179920206
280.3839292767833,3.295854609479932
280.38786482124004,4.100658127920363
280.3918003656968,1.609271104161886
280.3957359101536,1.0420631181787605
280.3996714546103,0.05075783953474413
280.40360699906705,2.64789850195388
280.4075425435238,2.1205796505893755
280.4114780879806,0.024819058724973666
280.4154136324373,0.01715701662730581
280.41934917689406,0.8461337943087934
280.4232847213508,1.9313046388953543
280.4272202658076,0.05697621778397222
280.4311558102644,2.0856099982526843
280.43509135472107,4.298430028389536
280.4390268991778,2.1472215732779323
280.44296244363454,0.16113508767155174
280.44689798809134,1.5922964912153155
280.4508335325481,1.9184995198559707
280.4547690770048,0.006044011411760113
280.45870462146155,1.8687074644139676
280.46264016591834,2.2206787753307995
280.4665757103751,1.393497932181116
280.4705112548318,0.257612223560359
280.47444679928856,1.039723905300902
280.4783823437453,2.906787744651677
280.4823178882021,1.5102771078305193
280.4862534326588,1.7247326110863688
280.4901889771156,0.7918686934923126
280.4941245215724,0.9661993203594987
280.4980600660291,1.8555564178438746
280.50199561048584,4.190918812510296
280.5059311549426,9.95797683267751
280.50986669939937,5.4227721527197135
280.5138022438561,1.1530460387338548
280.51773778831284,1.4323053818716183
280.5216733327696,0.1715303085175665
280.5256088772263,0.8056874703127329
280.5295444216831,13.113023112573217
280.53347996613985,32.8695626876772
280.5374155105966,28.72316685348431
280.5413510550533,19.45692748744281
280.5452865995101,14.435501830452464
280.54922214396686,7.589451551183937
280.5531576884236,2.83260096311729
280.55709323288033,0.014682507345441534
280.5610287773371,5.238321057585134
280.56496432179387,7.856417067156263
280.5688998662506,1.0225543949568359
280.57283541070734,0.7792889696515075
280.57677095516414,0.20393144137712615
280.5807064996209,3.2223605655941063
280.5846420440776,1.2302474532346759
280.58857758853435,0.7383133336492895
280.5925131329911,4.0675490891576285
280.5964486774479,14.550855862758802
280.6003842219046,6.103365269207363
280.60431976636136,0.15243712891611697
280.6082553108181,0.9548472737301404
280.6121908552749,2.636487467380473
280.6161263997316,3.0406404659302972
280.6200619441884,0.8100246386990063
280.6239974886451,0.0670123342821079
280.6279330331019,3.879667198370022
280.63186857755863,7.710191772806676
280.6358041220154,2.5688165402733727
280.6397396664721,3.224264588306213
280.6436752109289,2.461988949629832
280.64761075538564,1.2265420716190139
280.6515462998424,0.9096259817865237
280.6554818442991,0.007177639370500178
280.6594173887559,2.8551936590669675
280.66335293321265,3.0706696058317533
280.6672884776694,0.9733008658072387
280.6712240221261,1.5901038780125598
280.67515956658286,0.5896095306382688
280.67909511103966,1.2207451371253408
280.6830306554964,0.8287427876656035
280.68696619995313,2.5784130795869435
280.69090174440987,2.174814261965925
280.69483728886667,3.3324431400861814
280.6987728333234,0.4172467754356916
280.70270837778014,2.5725047954909765
280.7066439222369,2.3905846168922813
280.7105794666937,0.04543796301549707
280.7145150111504,0.6056340417161838
280.71845055560715,0.22273871456398578
280.7223861000639,0.6267011300297719
280.7263216445207,1.0932631619732467
280.7302571889774,0.021886962965372212
280.73419273343416,2.0352875214039567
280.7381282778909,2.451737712122734
280.7420638223477,1.6493868673038794
280.7459993668044,3.5311220685625275
280.7499349112612,0.7424012221387346
280.7538704557179,0.5505148172283898
280.75780600017464,0.7386953381832594
280.76174154463143,0.18980588850301527
280.7656770890882,0.20886755900538645
280.7696126335449,0.28424172243232426
280.77354817800165,0.7481176091113731
280.77748372245844,0.19373195653550315
280.7814192669152,0.5803882008674502
280.7853548113719,0.4865266706633473
280.78929035582865,0.05759237519038872
280.79322590028545,0.9272432103494281
280.7971614447422,1.245499679543309
280.8010969891989,0.6295916279682761
280.80503253365566,3.4622353999616
280.80896807811246,0.5819740077900654
280.8129036225692,0.9247593472845138
280.81683916702593,2.686976871423126
280.82077471148267,5.3147952903303475
280.8247102559394,0.6439433488818169
280.8286458003962,4.710074514751336
280.83258134485294,6.644885684605591
280.8365168893097,0.13583350146049697
280.8404524337664,1.3162883157941172
280.8443879782232,0.6280135406674497
280.84832352267995,1.7959708737462847
280.8522590671367,0.006407042398234873
280.8561946115934,3.34108003862627
280.8601301560502,2.968933480226915
280.86406570050696,1.9484650242341395
280.8680012449637,1.1291117088444083
280.87193678942043,2.355633210622098
280.8758723338772,2.299541032994515
280.879807878334,0.0009411905778483853
280.8837434227907,1.853860929205627
280.88767896724744,3.6148438302062442
280.89161451170423,3.6979166172349527
280.89555005616097,1.7902467936231
280.8994856006177,1.3443627751266862
280.90342114507445,1.8792049650801586
280.9073566895312,0.7971507312460979
280.911292233988,0.32293342035359246
280.9152277784447,2.392357941713563
280.91916332290145,1.004915369387405
280.9230988673582,0.18681795896284673
280.927034411815,0.5724488528996611
280.9309699562717,2.2485445229942456
280.93490550072846,1.1073343401185187
280.9388410451852,0.6975109549198949
280.942776589642,1.4143646682660875
280.94671213409873,0.6834209023436038
280.95064767855547,2.8434715574709992
280.9545832230122,3.064052378887102
280.958518767469,2.2701643131724456
280.96245431192574,0.5210238211384395
280.9663898563825,0.6110047807000486
280.9703254008392,1.808492645222813
280.974260945296,2.446216166058591
280.97819648975275,1.4111778486153113
280.9821320342095,1.7312482802698803
280.9860675786662,1.3015502105391628
280.99000312312296,1.5312926093625665
280.99393866757976,0.14136094165529553
280.9978742120365,1.4187141031838864
281.00180975649323,2.1860819265226032
281.00574530095,2.636809646317381
281.0096808454068,2.774667966738569
281.0136163898635,0.0511036399362118
281.01755193432024,3.4232394987028814
281.021487478777,1.586537861430946
281.02542302323377,0.4987998000809634
281.0293585676905,0.8090892845566596
281.03329411214725,2.6499490384339697
281.037229656604,3.115576449141912
281.0411652010608,0.17747137864402576
281.0451007455175,1.174203049578
281.04903628997425,0.0697919377195856
281.052971834431,2.331371776675449
281.0569073788878,3.677570539003521
281.0608429233445,1.617011170572664
281.06477846780126,0.8804678613105509
281.068714012258,0.6191381244903996
281.07264955671474,0.11624471277288233
281.0765851011716,1.2133375808516358
281.08052064562827,2.534860494824833
281.084456190085,1.8603276128049777
281.08839173454174,0.6424771922956422
281.09232727899854,0.3010465982179833
281.0962628234553,0.5750481227322487
281.100198367912,0.26588644573889303
281.10413391236875,1.6615011095476904
281.10806945682555,3.407098822493303
281.1120050012823,1.5914573377194388
281.115940545739,0.16371255899485132
281.11987609019576,0.19361196955006163
281.1238116346525,2.3385891655854945
281.1277471791093,3.024232901228026
281.13168272356603,0.5628567440538947
281.1356182680228,1.908577990729485
281.1395538124795,1.986555371195105
281.1434893569363,1.1558874425912526
281.14742490139304,0.3967491048783206
281.1513604458498,0.6180091996731772
281.1552959903065,1.5410117155849432
281.1592315347633,1.0896362473079666
281.16316707922005,8.784355392865768
281.1671026236768,6.946854658056026
281.1710381681335,0.14425346103924203
281.1749737125903,1.4273744150076892
281.17890925704705,0.5744668443663693
281.1828448015038,0.3989960095501669
281.1867803459605,1.812293886079519
281.1907158904173,1.010883711607767
281.19465143487406,0.054647407060113444
281.1985869793308,2.3667321557237178
281.20252252378754,5.168405353480608
281.2064580682444,2.933621396628886
281.21039361270107,0.3045995679196643
281.2143291571578,10.05025215110947
281.21826470161454,17.225003061796095
281.2222002460713,10.788785642668067
281.2261357905281,4.607668996862913
281.2300713349848,1.6186539994252735
281.23400687944155,0.20448025227421954
281.2379424238983,0.749625340501783
281.2418779683551,2.3033262040568303
281.2458135128118,2.176480714354458
281.24974905726856,2.1189840927440042
281.2536846017253,3.5372842829907203
281.2576201461821,5.069453196300774
281.26155569063883,2.343219427265899
281.2654912350956,0.9737539947742266
281.2694267795523,1.7783840030409623
281.2733623240091,1.1537116900671671
281.27729786846584,0.999317498541009
281.2812334129226,1.2504668063029918
281.2851689573793,0.5230801685576175
281.2891045018361,0.894644978056659
281.29304004629284,1.1215893270387816
281.2969755907496,0.025783973411081615
281.3009111352063,0.6100020544880806
281.30484667966306,0.5494495424328804
281.30878222411985,1.6562710393596511
281.3127177685766,7.615350508125977
281.3166533130333,10.595678840890246
281.32058885749007,9.180192082565714
281.32452440194686,11.667058308965666
281.3284599464036,16.246484156522236
281.33239549086034,9.96858746212928
281.3363310353171,1.9015573151233325
281.34026657977387,4.833112815125663
281.3442021242306,4.3209965161276145
281.34813766868734,2.3422064550161634
281.3520732131441,0.4916923732014998
281.3560087576009,4.674992495552252
281.3599443020576,16.587911195056552
281.36387984651435,5.708425598594196
281.3678153909711,4.183142601487077
281.3717509354278,12.868001425828492
281.3756864798846,2.4161912512846477
281.37962202434136,1.9096520269226056
281.3835575687981,0.6755796794213162
281.38749311325483,3.7058328336569115
281.39142865771163,4.958493264841216
281.3953642021684,0.11291389240731652
281.3992997466251,5.180489490037274
281.40323529108184,8.763313726334621
281.40717083553864,8.200077248365933
281.4111063799954,10.100405832389852
281.4150419244521,8.30422616253015
281.41897746890885,7.05133974071372
281.42291301336564,13.468481348028808
281.4268485578224,2.5729832310547742
281.4307841022791,2.9023674613333044
281.43471964673586,6.318711106511716
281.43865519119265,8.975504152540871
281.4425907356494,11.43259963557858
281.4465262801061,5.478487053612175
281.45046182456286,4.370006050328394
281.4543973690196,0.9118581134423321
281.4583329134764,1.646347913124223
281.46226845793313,2.764701520446334
281.4662040023899,0.1548262971010443
281.4701395468466,1.5583717696467685
281.4740750913034,0.3901952939565339
281.47801063576014,6.112072444089857
281.4819461802169,8.848403272327047
281.4858817246736,0.2431687677942549
281.4898172691304,3.1967206487518207
281.49375281358715,0.7489986504572345
281.4976883580439,2.2261205370287547
281.5016239025006,4.180520259779906
281.5055594469574,11.63956092681749
281.50949499141416,18.16193222648869
281.5134305358709,16.38435187813291
281.51736608032763,16.38648644727963
281.5213016247844,14.862138247050087
281.5252371692412,7.359657875166801
281.5291727136979,4.131226437099803
281.53310825815464,3.7833715299357147
281.5370438026114,15.497467777693581
281.5409793470682,16.636882203322283
281.5449148915249,0.555432674801587
281.54885043598165,21.951491161563467
281.5527859804384,27.888915116543107
281.5567215248952,15.503030959276751
281.5606570693519,11.276273844110383
281.56459261380866,5.152722964651923
281.5685281582654,1.7237066271040087
281.5724637027222,15.851481370780801
281.5763992471789,7.844689606485891
281.58033479163566,5.140493242279905
281.5842703360924,7.597977360691884
281.5882058805492,0.780866574723013
281.59214142500593,9.56948683415416
281.5960769694627,2.5688421262858245
281.6000125139194,0.8497762943117829
281.6039480583762,2.4185434174314797
281.60788360283294,1.3295226008710275
281.6118191472897,9.070757672703946
281.6157546917464,15.292299027514252
281.6196902362032,9.24591778420245
281.62362578065995,17.085154079732668
281.6275613251167,4.900338848763144
281.6314968695734,4.778602184465349
281.63543241403016,15.141051986601871
281.63936795848696,8.494555267133865
281.6433035029437,7.084869169124799
281.64723904740043,7.765848327483665
281.6511745918572,4.040672304954518
281.655110136314,2.333660067976194
281.6590456807707,9.921836367718708
281.66298122522744,10.218855776308889
281.6669167696842,6.266979880670209
281.670852314141,1.5481449464661396
281.6747878585977,0.029975305826811082
281.67872340305445,0.2706105208984557
281.6826589475112,0.0412157040217611
281.6865944919679,0.6770318839127663
281.6905300364247,4.014445892175834
281.69446558088146,5.332701169044
281.6984011253382,2.014671863171691
281.70233666979493,3.501000463125637
281.7062722142517,4.3305915501459
281.71020775870846,0.8089283847537322
281.7141433031652,7.507286114092881
281.71807884762194,7.636031945594216
281.72201439207873,1.144505073428288
281.72594993653547,4.504879703254458
281.7298854809922,7.1964403823545515
281.73382102544895,2.1664613736592866
281.73775656990574,0.9401169804532032
281.7416921143625,3.5479507567886195
281.7456276588192,0.3216977420354928
281.74956320327595,0.6246584393450108
281.75349874773275,1.5911761504694215
281.7574342921895,8.621650314814937
281.7613698366462,10.18739651370147
281.76530538110296,8.70281601492483
281.7692409255597,4.737474877412955
281.7731764700165,0.6928587532308934
281.77711201447323,4.978394066032765
281.78104755893,7.448799966140722
281.7849831033867,6.4342022994421635
281.7889186478435,0.9159525179303165
281.79285419230024,2.977991472078589
281.796789736757,5.952992895883466
281.8007252812137,4.867389652384448
281.8046608256705,2.902314265763195
281.80859637012725,2.587416885514094
281.812531914584,0.9944998291422468
281.8164674590407,0.13486833919318658
281.8204030034975,1.7780920561943423
281.82433854795426,6.489877974272265
281.828274092411,6.153756486908326
281.83220963686773,3.24866164189675
281.8361451813245,0.8579403474248884
281.84008072578126,0.3948636823762214
281.844016270238,1.5944042950677375
281.84795181469474,0.11721717751300811
281.8518873591515,0.8958294017901001
281.85582290360827,3.3441126326947344
281.859758448065,3.1946044502504067
281.86369399252175,0.405565525271843
281.8676295369785,1.6791320086185275
281.8715650814353,0.06380612038842003
281.875500625892,3.8606711414420243
281.87943617034875,4.477777414030402
281.8833717148055,0.23777100047689492
281.8873072592623,0.4657370533977017
281.891242803719,0.45418229557325396
281.89517834817576,1.684845083622069
281.8991138926325,0.5788501527635664
281.9030494370893,9.039315766835296
281.90698498154603,11.877984595825028
281.9109205260028,6.590834607365262
281.9148560704595,1.8167738086872072
281.91879161491624,6.609200733787064
281.92272715937304,7.729553482141441
281.9266627038298,5.188842599783224
281.9305982482865,1.691572090241036
281.93453379274325,0.7273396863431014
281.93846933720005,4.528716393473407
281.9424048816568,2.18329120550244
281.9463404261135,0.3402628341696232
281.95027597057026,4.629296883730665
281.95421151502705,3.2961127705182185
281.9581470594838,0.07332704997066634
281.96208260394053,0.3368449023256035
281.96601814839727,5.084711962482567
281.96995369285406,9.769950780953137
281.9738892373108,4.278799288146972
281.97782478176754,2.2305810612063675
281.9817603262243,0.9057269991330664
281.98569587068107,0.1263286114243135
281.9896314151378,0.27413280546910884
281.99356695959455,0.5592792437885915
281.9975025040513,3.9741012389753054
282.001438048508,2.3359075583022513
282.0053735929648,0.14387324492258144
282.00930913742155,2.307180107615765
282.0132446818783,1.5805762389938025
282.01718022633503,2.0508118428697735
282.0211157707918,0.4029650961540677
282.02505131524856,1.819742585177019
282.0289868597053,5.236848644215114
282.03292240416204,1.1746499949067628
282.03685794861883,2.021235634917597
282.0407934930756,5.038544469735516
282.0447290375323,3.0304892990089307
282.04866458198904,1.6218489595694652
282.05260012644584,0.7720809061425326
282.0565356709026,0.3662034504617704
282.0604712153593,0.35302689497355233
282.06440675981605,2.6707546635453068
282.06834230427285,1.4325112106458608
282.0722778487296,0.010692396488993536
282.0762133931863,0.02163982149514177
282.08014893764306,0.3756232703298901
282.0840844820998,0.809054359080589
282.0880200265566,0.5826519788321552
282.09195557101333,0.799069309232165
282.09589111547007,0.5774774919508544
282.0998266599268,1.017475467847466
282.1037622043836,2.5461476275645016
282.10769774884034,3.2626393099649915
282.1116332932971,0.995722727936153
282.1155688377538,0.3728644866231438
282.1195043822106,0.34257370731520637
282.12343992666734,1.1052673366552603
282.1273754711241,5.743162057758802
282.1313110155808,4.8147970857192215
282.1352465600376,0.7352612645754977
282.13918210449435,1.1837099932257993
282.1431176489511,7.183280695606351
282.1470531934078,6.326234005795551
282.1509887378646,0.9076973590182644
282.15492428232136,0.2139019433502029
282.1588598267781,1.411054635987628
282.16279537123484,1.6844685249539317
282.1667309156916,4.798202848249941
282.1706664601484,7.111276823122338
282.1746020046051,0.9926376438708656
282.17853754906184,2.4610974880392673
282.1824730935186,6.056566695745679
282.1864086379754,1.4501427447647097
282.1903441824321,0.8129248841301475
282.19427972688885,3.396690809188641
282.1982152713456,3.376104068762499
282.2021508158024,0.9957324404526898
282.2060863602591,0.977146316524097
282.21002190471586,2.1486605073990033
282.2139574491726,0.1776924631860441
282.2178929936294,3.4364275830419895
282.22182853808613,1.512050354897643
282.22576408254287,0.3363961871448249
282.2296996269996,1.5303977726469518
282.23363517145634,2.6410571110837044
282.23757071591314,1.6148197686210237
282.2415062603699,1.1767979604642598
282.2454418048266,3.957108595781762
282.2493773492833,2.7477613726927137
282.25331289374014,2.5891571103525686
282.2572484381969,4.960432130388032
282.2611839826536,7.007320947967348
282.2651195271104,0.921886288012364
282.26905507156715,5.480266771907117
282.2729906160239,7.648026818396993
282.2769261604806,0.4156941641328763
282.28086170493737,2.847046958623368
282.28479724939416,3.5386665596016194
282.2887327938509,0.3363714274612393
282.29266833830764,1.2191634789413581
282.2966038827644,2.5197823530510886
282.3005394272212,1.5242999440448615
282.3044749716779,1.1462555724119905
282.30841051613464,0.1792565280232722
282.3123460605914,3.2717338799044295
282.3162816050481,5.115048293567675
282.3202171495049,0.36509896993189805
282.32415269396165,2.543544610626615
282.3280882384184,1.8150836028194353
282.3320237828751,3.205390361754954
282.3359593273319,9.74190224647452
282.33989487178866,7.298476155919023
282.3438304162454,0.06860826190939412
282.34776596070213,3.2106469928806995
282.3517015051589,1.4643003008969873
282.35563704961567,2.9890686940352857
282.3595725940724,5.357289824242445
282.36350813852914,2.1090288108389363
282.36744368298594,1.9168210544187814
282.3713792274427,1.544351776765535
282.3753147718994,1.0226472255219607
282.3792503163561,0.5135350330882795
282.38318586081294,0.5406494418352323
282.3871214052697,0.7263425093141768
282.3910569497264,0.015020610743151514
282.3949924941832,0.3296337813374902
282.3989280386399,0.25684315617455217
282.4028635830967,2.621904178523415
282.4067991275534,1.0398570442622015
282.41073467201016,1.4612976421191723
282.4146702164669,5.393590098444922
282.4186057609237,1.1407965092586234
282.42254130538043,0.830838044372897
282.4264768498372,2.5221723059350722
282.4304123942939,0.640097186807174
282.4343479387507,0.0824986068035942
282.43828348320744,0.2894119544415787
282.4422190276642,0.7943894395618265
282.4461545721209,1.3345078372527053
282.4500901165777,0.7417873652619822
282.45402566103445,0.8171740882953324
282.4579612054912,6.085610284998227
282.4618967499479,5.704185573448362
282.46583229440466,0.5332995638352147
282.46976783886146,1.1124630858999114
282.4737033833182,1.1450409724379014
282.47763892777493,3.2439019434242713
282.48157447223167,1.888439954779757
282.48551001668847,1.0585842456590189
282.4894455611452,1.191687933702679
282.49338110560194,0.6514360597668276
282.4973166500587,0.24840956215534105
282.5012521945155,0.21858852803334672
282.5051877389722,2.8445320441600184
282.5091232834289,6.6871597815492825
282.5130588278857,1.8349230329565565
282.5169943723425,2.756046548734748
282.5209299167992,9.745176248487804
282.524865461256,6.956650719685997
282.5288010057127,3.239811492460954
282.5327365501695,2.380669730320052
282.5366720946262,1.9076305486689051
282.54060763908296,3.504624175181235
282.5445431835397,4.561901620280684
282.54847872799644,2.166259519390684
282.55241427245323,1.7112552972605246
282.55634981691,4.1979815760287496
282.5602853613667,3.25810064188588
282.56422090582345,1.2250117740524717
282.56815645028024,4.195112987608831
282.572091994737,0.2907284385006124
282.5760275391937,1.8870475664344888
282.57996308365045,0.7267179352416188
282.58389862810725,4.513374409487623
282.587834172564,4.47069377546512
282.5917697170207,4.57918586159459
282.59570526147746,5.779594129645129
282.59964080593426,0.4345599882843018
282.603576350391,7.157175619685446
282.60751189484773,6.005733001992106
282.61144743930447,14.83313773282747
282.61538298376126,9.900163605828713
282.619318528218,0.6270894532187602
282.62325407267474,2.3986154057854905
282.6271896171315,1.2716740255434602
282.6311251615882,1.8949335591531697
282.635060706045,2.334871078053525
282.63899625050175,8.355119241914057
282.6429317949585,4.023144239329356
282.6468673394152,2.1087334053548368
282.650802883872,2.6565068479200296
282.6547384283288,0.9263639628560851
282.6586739727855,1.861046744215569
282.66260951724223,8.063668324085493
282.666545061699,11.80153769907513
282.67048060615576,10.818380040913977
282.6744161506125,4.856851119875671
282.67835169506924,0.6316545191715675
282.68228723952603,5.000462300556312
282.6862227839828,1.5432342817701432
282.6901583284395,2.583253888184644
282.69409387289625,0.8767181372555013
282.69802941735304,4.362822710396618
282.7019649618098,5.482410970365862
282.7059005062665,0.3387939306262257
282.70983605072325,0.16756627142702096
282.71377159518,3.1652808998438315
282.7177071396368,9.122457920182972
282.7216426840935,5.41696335047097
282.72557822855026,2.228046908947119
282.729513773007,1.9621229694077111
282.7334493174638,1.2599362104326823
282.73738486192053,0.7468427595784204
282.74132040637727,2.99455362689166
282.745255950834,9.869186953620675
282.7491914952908,9.764927784119935
282.75312703974754,3.3303381706852306
282.7570625842043,1.8628597260487663
282.760998128661,0.6250888012215192
282.7649336731178,1.80623867353745
282.76886921757455,14.54285918334108
282.7728047620313,20.289580112413795
282.776740306488,3.893221054926763
282.7806758509448,1.5194804337813486
282.7846113954016,2.961302601361783
282.7885469398583,1.6984421737757194
282.79248248431503,9.556381860808335
282.79641802877177,9.383879349989181
282.80035357322856,1.3230024019796176
282.8042891176853,9.955168342063526
282.80822466214204,6.239443579847181
282.8121602065988,0.2164304613316841
282.8160957510556,1.3203734633371023
282.8200312955123,4.706775837625113
282.82396683996905,11.72656824009947
282.8279023844258,4.089780977635518
282.8318379288826,11.423568409636232
282.8357734733393,4.038358829513751
282.83970901779605,2.5751899503309326
282.8436445622528,6.482881646508654
282.8475801067096,1.6446435552504712
282.8515156511663,0.864182063104391
282.85545119562306,5.593065643744556
282.8593867400798,14.516546382479989
282.86332228453654,7.315036764541687
282.86725782899333,2.602181800677714
282.87119337345007,10.735983822751919
282.8751289179068,8.539249606860473
282.87906446236354,3.7382184772695997
282.88300000682034,2.4064053822005436
282.8869355512771,2.2070525170603883
282.8908710957338,1.3975195399818918
282.8948066401905,5.392126103250295
282.89874218464735,10.98657920464333
282.9026777291041,6.527249154803347
282.9066132735608,8.090006614155891
282.9105488180176,4.368262116763929
282.91448436247435,0.20873624546741934
282.9184199069311,3.520373080719605
282.92235545138783,4.753172592020431
282.92629099584457,1.0952525633734662
282.93022654030136,1.8919209921871232
282.9341620847581,3.052056060211625
282.93809762921484,0.1950949710028962
282.9420331736716,0.5087250771679463
282.9459687181283,0.5785671550374071
282.9499042625851,0.0031622562122561697
282.95383980704185,2.341879492374762
282.9577753514986,4.525848462234028
282.9617108959553,0.3277374706962596
282.9656464404121,2.451221631504596
282.96958198486885,2.0850509378689344
282.9735175293256,0.08451110631429691
282.9774530737823,1.309601498728459
282.9813886182391,0.1914276867495298
282.98532416269586,0.24771273721430218
282.9892597071526,0.25463065932023715
282.99319525160934,0.35083261961001594
282.99713079606613,0.8694186314483701
283.00106634052287,1.1481188460573324
283.0050018849796,1.2646021343754148
283.00893742943634,3.2757530735267073
283.0128729738931,7.197325406183502
283.0168085183499,4.84218016702857
283.0207440628066,1.0968376214144586
283.0246796072633,2.8670625296929675
283.0286151517201,1.1590636545121862
283.0325506961769,4.082304389277051
283.0364862406336,9.002556486838007
283.0404217850904,2.0083552264413873
283.0443573295471,1.1883431765620713
283.0482928740039,1.3570154679537765
283.05222841846063,4.806244759159012
283.05616396291737,12.32150718812271
283.0600995073741,1.8734550015133107
283.0640350518309,6.810476637868181
283.06797059628764,7.824846101212125
283.0719061407444,15.169476191589276
283.0758416852011,23.85853514529001
283.0797772296579,2.8458171352640984
283.08371277411464,3.0542482479437703
283.0876483185714,0.8789574129323533
283.0915838630281,5.060446946600667
283.09551940748486,9.430245747333583
283.09945495194165,4.391887740162319
283.1033904963984,2.454522681476525
283.1073260408551,1.3614462772465137
283.11126158531187,5.33481281182817
283.11519712976866,0.5201026805523017
283.1191326742254,2.125758134147413
283.12306821868214,0.681666126413027
283.1270037631389,1.7623931823715353
283.13093930759567,0.7412018807932232
283.1348748520524,3.1034921679172336
283.13881039650914,5.008801088854604
283.1427459409659,1.1916151743198808
283.1466814854227,1.8508754682573691
283.1506170298794,1.4238112029899737
283.1545525743361,0.6832240297612071
283.1584881187929,0.24384865183233367
283.1624236632497,1.1434413869186495
283.1663592077064,1.3398110158618115
283.1702947521632,7.121548539409071
283.1742302966199,11.081103392017937
283.17816584107663,3.311247255463832
283.18210138553343,0.3044584857337221
283.18603692999017,1.8653381276725667
283.1899724744469,2.2541368963978337
283.19390801890364,4.256212343043254
283.19784356336044,0.5477940082864364
283.2017791078172,4.089437902536682
283.2057146522739,6.283367834096762
283.20965019673065,0.6478932436942237
